1,9660481
1,9649514 B 2308,1199 9363,237 18451,762 7338,0283 16051,545 2306,3098 S 7883,847 15660,655 6143,547 11394,538 11945,558 8669,01
1,9639996 B 2308,1199 9363,237 18451,762 7338,0283 16051,545 2306,3098 S 7883,847 15660,655 6143,547 11394,538 11945,558 8669,01
1,9633561 B 2308,1199 9363,237 18451,762 7338,0283 16051,545 2306,3098 S 7883,847 15660,655 6143,547 11394,538 11945,558 8669,01
1,9630005 B 2308,1199 9363,237 18451,762 7338,0283 16051,545 2306,3098 S 7883,847 15660,655 6143,547 11394,538 11945,558 8669,01
1,9630002 B 2308,1199 9363,237 18451,762 7338,0283 16051,545 2306,3098 S 7883,847 15660,655 6143,547 11394,538 11945,558 8669,01
1,9629992 B 2308,1199 9363,237 18451,762 7338,0283 16051,545 2306,3098 S 7883,847 15660,655 6143,547 11394,538 11945,558 8669,01
1,9629998 B 2308,1199 9363,237 18451,762 7338,0283 16051,545 2306,3098 S 7883,847 15660,655 6143,547 11394,538 11945,558 8669,01
1,9629997 B 2308,1199 9363,237 18451,762 7338,0283 16051,545 2306,3098 S 7883,847 15660,655 6143,547 11394,538 11945,558 8669,01
1,9630004 B 2308,1199 9363,237 18451,762 7338,0283 16051,545 2306,3098 S 7883,847 15660,655 6143,547 11394,538 11945,558 8669,01
1,9630002 B 2308,1199 9363,237 18451,762 7338,0283 16051,545 2306,3098 S 7883,847 15660,655 6143,547 11394,538 11945,558 8669,01
1,9629997 B 2308,1199 9363,237 18451,762 7338,0283 16051,545 2306,3098 S 7883,847 15660,655 6143,547 11394,538 11945,558 8669,01
1,9636897 B 2308,1199 9363,237 18451,762 7338,0283 16051,545 2306,3098 S 7883,847 15660,655 6143,547 11394,538 11945,558 8669,01
1,9640002 B 2308,1199 9363,237 18451,762 7338,0283 16051,545 2306,3098 S 7883,847 15660,655 6143,547 11394,538 11945,558 8669,01
1,9640001 B 2308,1199 9363,237 18451,762 7338,0283 16051,545 2306,3098 S 7883,847 15660,655 6143,547 11394,538 11945,558 8669,01
1,9640002 B 2308,1199 9363,237 18451,762 7338,0283 16051,545 2306,3098 S 7883,847 15660,655 6143,547 11394,538 11945,558 8669,01
1,9639999 B 2308,1199 9363,237 18451,762 7338,0283 16051,545 2306,3098 S 7883,847 15660,655 6143,547 11394,538 11945,558 8669,01
1,964 B 2308,1199 9363,237 18451,762 7338,0283 16051,545 2306,3098 S 7883,847 15660,655 6143,547 11394,538 11945,558 8669,01
1,9640005 B 2308,1199 9363,237 18451,762 7338,0283 16051,545 2306,3098 S 7883,847 15660,655 6143,547 11394,538 11945,558 8669,01
1,964 B 2308,1199 9363,237 18451,762 7338,0283 16051,545 2306,3098 S 7883,847 15660,655 6143,547 11394,538 11945,558 8669,01
1,9640001 B 2308,1199 9363,237 18451,762 7338,0283 16051,545 2306,3098 S 7883,847 15660,655 6143,547 11394,538 11945,558 8669,01
1,9640005 B 2308,1199 9363,237 18451,762 7338,0283 16051,545 2306,3098 S 7883,847 15660,655 6143,547 11394,538 11945,558 8669,01
1,9639999 B 2308,1199 9363,237 18451,762 7338,0283 16051,545 2306,3098 S 7883,847 15660,655 6143,547 11394,538 11945,558 8669,01
1,9639996 B 2308,1199 9363,237 18451,762 7338,0283 16051,545 2306,3098 S 7883,847 15660,655 6143,547 11394,538 11945,558 8669,01
1,964 B 2308,1199 9363,237 18451,762 7338,0283 16051,545 2306,3098 S 7883,847 15660,655 6143,547 11394,538 11945,558 8669,01
1,9640001 B 2308,1199 9363,237 18451,762 7338,0283 16051,545 2306,3098 S 7883,847 15660,655 6143,547 11394,538 11945,558 8669,01
1,9640002 B 2308,1199 9363,237 18451,762 7338,0283 16051,545 2306,3098 S 7883,847 15660,655 6143,547 11394,538 11945,558 8669,01
1,9640005 B 2308,1199 9363,237 18451,762 7338,0283 16051,545 2306,3098 S 7883,847 15660,655 6143,547 11394,538 11945,558 8669,01
1,964 B 2308,1199 9363,237 18451,762 7338,0283 16051,545 2306,3098 S 7883,847 15660,655 6143,547 11394,538 11945,558 8669,01
1,9650439 B 2308,1199 9363,237 18451,762 7338,0283 16051,545 2306,3098 S 7883,847 15660,655 6143,547 11394,538 11945,558 8669,01
1,9660001 B 2308,1199 9363,237 18451,762 7338,0283 16051,545 2306,3098 S 7883,847 15660,655 6143,547 11394,538 11945,558 8669,01
1,9660001 B 2308,1199 9363,237 18451,762 7338,0283 16051,545 2306,3098 S 7883,847 15660,655 6143,547 11394,538 11945,558 8669,01
1,9660003 B 2308,1199 9363,237 18451,762 7338,0283 16051,545 2306,3098 S 7883,847 15660,655 6143,547 11394,538 11945,558 8669,01
1,9660001 B 2308,1199 9363,237 18451,762 7338,0283 16051,545 2306,3098 S 7883,847 15660,655 6143,547 11394,538 11945,558 8669,01
1,9659998 B 2308,1199 9363,237 18451,762 7338,0283 16051,545 2306,3098 S 7883,847 15660,655 6143,547 11394,538 11945,558 8669,01
1,9660013 B 2308,1199 9363,237 18451,762 7338,0283 16051,545 2306,3098 S 7883,847 15660,655 6143,547 11394,538 11945,558 8669,01
1,9660001 B 2308,1199 9363,237 18451,762 7338,0283 16051,545 2306,3098 S 7883,847 15660,655 6143,547 11394,538 11945,558 8669,01
1,9669554 B 2308,1199 9363,237 18451,762 7338,0283 16051,545 2306,3098 S 7883,847 15660,655 6143,547 11394,538 11945,558 8669,01
1,9669997 B 2308,1199 9363,237 18451,762 7338,0283 16051,545 2306,3098 S 7883,847 15660,655 6143,547 11394,538 11945,558 8669,01
1,9670004 B 2308,1199 9363,237 18451,762 7338,0283 16051,545 2306,3098 S 7883,847 15660,655 6143,547 11394,538 11945,558 8669,01
1,9670004 B 2308,1199 9363,237 18451,762 7338,0283 16051,545 2306,3098 S 7883,847 15660,655 6143,547 11394,538 11945,558 8669,01
1,9670002 B 2308,1199 9363,237 18451,762 7338,0283 16051,545 2306,3098 S 7883,847 15660,655 6143,547 11394,538 11945,558 8669,01
1,9670004 B 2308,1199 9363,237 18451,762 7338,0283 16051,545 2306,3098 S 7883,847 15660,655 6143,547 11394,538 11945,558 8669,01
1,9669999 B 2308,1199 9363,237 18451,762 7338,0283 16051,545 2306,3098 S 7883,847 15660,655 6143,547 11394,538 11945,558 8669,01
1,9669995 B 2308,1199 9363,237 18451,762 7338,0283 16051,545 2306,3098 S 7883,847 15660,655 6143,547 11394,538 11945,558 8669,01
1,9670004 B 2308,1199 9363,237 18451,762 7338,0283 16051,545 2306,3098 S 7883,847 15660,655 6143,547 11394,538 11945,558 8669,01
1,9670001 B 2308,1199 9363,237 18451,762 7338,0283 16051,545 2306,3098 S 7883,847 15660,655 6143,547 11394,538 11945,558 8669,01
1,9670005 B 2308,1199 9363,237 18451,762 7338,0283 16051,545 2306,3098 S 7883,847 15660,655 6143,547 11394,538 11945,558 8669,01
1,9670001 B 2308,1199 9363,237 18451,762 7338,0283 16051,545 2306,3098 S 7883,847 15660,655 6143,547 11394,538 11945,558 8669,01
1,9670004 B 2308,1199 9363,237 18451,762 7338,0283 16051,545 2306,3098 S 7883,847 15660,655 6143,547 11394,538 11945,558 8669,01
1,9669999 B 2308,1199 9363,237 18451,762 7338,0283 16051,545 2306,3098 S 7883,847 15660,655 6143,547 11394,538 11945,558 8669,01
1,9669999 B 2308,1199 9363,237 18451,762 7338,0283 16051,545 2306,3098 S 7883,847 15660,655 6143,547 11394,538 11945,558 8669,01
1,9670002 B 2308,1199 9363,237 18451,762 7338,0283 16051,545 2306,3098 S 7883,847 15660,655 6143,547 11394,538 11945,558 8669,01
1,9670001 B 2308,1199 9363,237 18451,762 7338,0283 16051,545 2306,3098 S 7883,847 15660,655 6143,547 11394,538 11945,558 8669,01
1,9651135 B 2308,1199 9363,237 18451,762 7338,0283 16051,545 2306,3098 S 7883,847 15660,655 6143,547 11394,538 11945,558 8669,01
1,965 B 2308,1199 9363,237 18451,762 7338,0283 16051,545 2306,3098 S 7883,847 15660,655 6143,547 11394,538 11945,558 8669,01
1,9650002 B 2308,1199 9363,237 18451,762 7338,0283 16051,545 2306,3098 S 7883,847 15660,655 6143,547 11394,538 11945,558 8669,01
1,9650002 B 2308,1199 9363,237 18451,762 7338,0283 16051,545 2306,3098 S 7883,847 15660,655 6143,547 11394,538 11945,558 8669,01
1,9650003 B 2308,1199 9363,237 18451,762 7338,0283 16051,545 2306,3098 S 7883,847 15660,655 6143,547 11394,538 11945,558 8669,01
1,9649997 B 2308,1199 9363,237 18451,762 7338,0283 16051,545 2306,3098 S 7883,847 15660,655 6143,547 11394,538 11945,558 8669,01
1,9650005 B 2308,1199 9363,237 18451,762 7338,0283 16051,545 2306,3098 S 7883,847 15660,655 6143,547 11394,538 11945,558 8669,01
1,9649999 B 2308,1199 9363,237 18451,762 7338,0283 16051,545 2306,3098 S 7883,847 15660,655 6143,547 11394,538 11945,558 8669,01
1,9649999 B 2308,1199 9363,237 18451,762 7338,0283 16051,545 2306,3098 S 7883,847 15660,655 6143,547 11394,538 11945,558 8669,01
1,9649998 B 2308,1199 9363,237 18451,762 7338,0283 16051,545 2306,3098 S 7883,847 15660,655 6143,547 11394,538 11945,558 8669,01
1,9649993 B 2308,1199 9363,237 18451,762 7338,0283 16051,545 2306,3098 S 7883,847 15660,655 6143,547 11394,538 11945,558 8669,01
1,965 B 2308,1199 9363,237 18451,762 7338,0283 16051,545 2306,3098 S 7883,847 15660,655 6143,547 11394,538 11945,558 8669,01
1,9649997 B 2308,1199 9363,237 18451,762 7338,0283 16051,545 2306,3098 S 7883,847 15660,655 6143,547 11394,538 11945,558 8669,01
1,9650004 B 2308,1199 9363,237 18451,762 7338,0283 16051,545 2306,3098 S 7883,847 15660,655 6143,547 11394,538 11945,558 8669,01
1,9650002 B 2308,1199 9363,237 18451,762 7338,0283 16051,545 2306,3098 S 7883,847 15660,655 6143,547 11394,538 11945,558 8669,01
1,9650002 B 2308,1199 9363,237 18451,762 7338,0283 16051,545 2306,3098 S 7883,847 15660,655 6143,547 11394,538 11945,558 8669,01
1,9650009 B 2308,1199 9363,237 18451,762 7338,0283 16051,545 2306,3098 S 7883,847 15660,655 6143,547 11394,538 11945,558 8669,01
1,9649997 B 2308,1199 9363,237 18451,762 7338,0283 16051,545 2306,3098 S 7883,847 15660,655 6143,547 11394,538 11945,558 8669,01
1,9649998 B 2308,1199 9363,237 18451,762 7338,0283 16051,545 2306,3098 S 7883,847 15660,655 6143,547 11394,538 11945,558 8669,01
1,9650003 B 2308,1199 9363,237 18451,762 7338,0283 16051,545 2306,3098 S 7883,847 15660,655 6143,547 11394,538 11945,558 8669,01
1,9673234 B 2308,1199 9363,237 18451,762 7338,0283 16051,545 2306,3098 S 7883,847 15660,655 6143,547 11394,538 11945,558 8669,01
1,9680004 B 2308,1199 9363,237 18451,762 7338,0283 16051,545 2306,3098 S 7883,847 15660,655 6143,547 11394,538 11945,558 8669,01
1,9680005 B 2308,1199 9363,237 18451,762 7338,0283 16051,545 2306,3098 S 7883,847 15660,655 6143,547 11394,538 11945,558 8669,01
1,9680003 B 2308,1199 9363,237 18451,762 7338,0283 16051,545 2306,3098 S 7883,847 15660,655 6143,547 11394,538 11945,558 8669,01
1,9679998 B 2308,1199 9363,237 18451,762 7338,0283 16051,545 2306,3098 S 7883,847 15660,655 6143,547 11394,538 11945,558 8669,01
1,9680002 B 2308,1199 9363,237 18451,762 7338,0283 16051,545 2306,3098 S 7883,847 15660,655 6143,547 11394,538 11945,558 8669,01
1,968 B 2308,1199 9363,237 18451,762 7338,0283 16051,545 2306,3098 S 7883,847 15660,655 6143,547 11394,538 11945,558 8669,01
1,9679993 B 2308,1199 9363,237 18451,762 7338,0283 16051,545 2306,3098 S 7883,847 15660,655 6143,547 11394,538 11945,558 8669,01
1,9680005 B 2308,1199 9363,237 18451,762 7338,0283 16051,545 2306,3098 S 7883,847 15660,655 6143,547 11394,538 11945,558 8669,01
1,9680002 B 2308,1199 9363,237 18451,762 7338,0283 16051,545 2306,3098 S 7883,847 15660,655 6143,547 11394,538 11945,558 8669,01
1,9679998 B 2308,1199 9363,237 18451,762 7338,0283 16051,545 2306,3098 S 7883,847 15660,655 6143,547 11394,538 11945,558 8669,01
1,9680003 B 2308,1199 9363,237 18451,762 7338,0283 16051,545 2306,3098 S 7883,847 15660,655 6143,547 11394,538 11945,558 8669,01
1,9680004 B 2308,1199 9363,237 18451,762 7338,0283 16051,545 2306,3098 S 7883,847 15660,655 6143,547 11394,538 11945,558 8669,01
1,9679993 B 2308,1199 9363,237 18451,762 7338,0283 16051,545 2306,3098 S 7883,847 15660,655 6143,547 11394,538 11945,558 8669,01
1,9670283 B 2308,1199 9363,237 18451,762 7338,0283 16051,545 2306,3098 S 7883,847 15660,655 6143,547 11394,538 11945,558 8669,01
1,9660001 B 2308,1199 9363,237 18451,762 7338,0283 16051,545 2306,3098 S 7883,847 15660,655 6143,547 11394,538 11945,558 8669,01
1,9660007 B 2308,1199 9363,237 18451,762 7338,0283 16051,545 2306,3098 S 7883,847 15660,655 6143,547 11394,538 11945,558 8669,01
1,9660002 B 2308,1199 9363,237 18451,762 7338,0283 16051,545 2306,3098 S 7883,847 15660,655 6143,547 11394,538 11945,558 8669,01
1,9678324 B 2308,1199 9363,237 18451,762 7338,0283 16051,545 2306,3098 S 7883,847 15660,655 6143,547 11394,538 11945,558 8669,01
1,969979 B 2308,1199 9363,237 18451,762 7338,0283 16051,545 2306,3098 S 7883,847 15660,655 6143,547 11394,538 11945,558 8669,01
1,9706328 B 2308,1199 9363,237 18451,762 7338,0283 16051,545 2306,3098 S 7883,847 15660,655 6143,547 11394,538 11945,558 8669,01
1,9708574 B 2308,1199 9363,237 18451,762 7338,0283 16051,545 2306,3098 S 7883,847 15660,655 6143,547 11394,538 11945,558 8669,01
1,9709915 B 2308,1199 9363,237 18451,762 7338,0283 16051,545 2306,3098 S 7883,847 15660,655 6143,547 11394,538 11945,558 8669,01
1,970416 B 2308,1199 9363,237 18451,762 7338,0283 16051,545 2306,3098 S 7883,847 15660,655 6143,547 11394,538 11945,558 8669,01
1,9695691 B 2308,1199 9363,237 18451,762 7338,0283 16051,545 2306,3098 S 7883,847 15660,655 6143,547 11394,538 11945,558 8669,01
1,9695246 B 2308,1199 9363,237 18451,762 7338,0283 16051,545 2306,3098 S 7883,847 15660,655 6143,547 11394,538 11945,558 8669,01
1,9703611 B 2308,1199 9363,237 18451,762 7338,0283 16051,545 2306,3098 S 7883,847 15660,655 6143,547 11394,538 11945,558 8669,01
1,9719999 B 2308,1199 9363,237 18451,762 7338,0283 16051,545 2306,3098 S 7883,847 15660,655 6143,547 11394,538 11945,558 8669,01
1,9731475 B 2308,1199 9363,237 18451,762 7338,0283 16051,545 2306,3098 S 7883,847 15660,655 6143,547 11394,538 11945,558 8669,01
1,973374 B 2308,1199 9363,237 18451,762 7338,0283 16051,545 2306,3098 S 7883,847 15660,655 6143,547 11394,538 11945,558 8669,01
1,9719998 B 2308,1199 9363,237 18451,762 7338,0283 16051,545 2306,3098 S 7883,847 15660,655 6143,547 11394,538 11945,558 8669,01
1,9719998 B 2308,1199 9363,237 18451,762 7338,0283 16051,545 2306,3098 S 7883,847 15660,655 6143,547 11394,538 11945,558 8669,01
1,9706992 B 2308,1199 9363,237 18451,762 7338,0283 16051,545 2306,3098 S 7883,847 15660,655 6143,547 11394,538 11945,558 8669,01
1,9679046 B 2308,1199 9363,237 18451,762 7338,0283 16051,545 2306,3098 S 7883,847 15660,655 6143,547 11394,538 11945,558 8669,01
1,9669801 B 2308,1199 9363,237 18451,762 7338,0283 16051,545 2306,3098 S 7883,847 15660,655 6143,547 11394,538 11945,558 8669,01
1,965866 B 2308,1199 9363,237 18451,762 7338,0283 16051,545 2306,3098 S 7883,847 15660,655 6143,547 11394,538 11945,558 8669,01
1,9669998 B 2308,1199 9363,237 18451,762 7338,0283 16051,545 2306,3098 S 7883,847 15660,655 6143,547 11394,538 11945,558 8669,01
1,9670002 B 2308,1199 9363,237 18451,762 7338,0283 16051,545 2306,3098 S 7883,847 15660,655 6143,547 11394,538 11945,558 8669,01
1,9670002 B 2308,1199 9363,237 18451,762 7338,0283 16051,545 2306,3098 S 7883,847 15660,655 6143,547 11394,538 11945,558 8669,01
1,9670005 B 2308,1199 9363,237 18451,762 7338,0283 16051,545 2306,3098 S 7883,847 15660,655 6143,547 11394,538 11945,558 8669,01
1,9669997 B 2308,1199 9363,237 18451,762 7338,0283 16051,545 2306,3098 S 7883,847 15660,655 6143,547 11394,538 11945,558 8669,01
1,9670001 B 2308,1199 9363,237 18451,762 7338,0283 16051,545 2306,3098 S 7883,847 15660,655 6143,547 11394,538 11945,558 8669,01
1,9670001 B 2308,1199 9363,237 18451,762 7338,0283 16051,545 2306,3098 S 7883,847 15660,655 6143,547 11394,538 11945,558 8669,01
1,9669998 B 2308,1199 9363,237 18451,762 7338,0283 16051,545 2306,3098 S 7883,847 15660,655 6143,547 11394,538 11945,558 8669,01
1,9669998 B 2308,1199 9363,237 18451,762 7338,0283 16051,545 2306,3098 S 7883,847 15660,655 6143,547 11394,538 11945,558 8669,01
1,9670006 B 2308,1199 9363,237 18451,762 7338,0283 16051,545 2306,3098 S 7883,847 15660,655 6143,547 11394,538 11945,558 8669,01
1,9670005 B 2308,1199 9363,237 18451,762 7338,0283 16051,545 2306,3098 S 7883,847 15660,655 6143,547 11394,538 11945,558 8669,01
1,9670001 B 2308,1199 9363,237 18451,762 7338,0283 16051,545 2306,3098 S 7883,847 15660,655 6143,547 11394,538 11945,558 8669,01
1,9653766 B 2308,1199 9363,237 18451,762 7338,0283 16051,545 2306,3098 S 7883,847 15660,655 6143,547 11394,538 11945,558 8669,01
1,9649999 B 2308,1199 9363,237 18451,762 7338,0283 16051,545 2306,3098 S 7883,847 15660,655 6143,547 11394,538 11945,558 8669,01
1,965 B 2308,1199 9363,237 18451,762 7338,0283 16051,545 2306,3098 S 7883,847 15660,655 6143,547 11394,538 11945,558 8669,01
1,965 B 2308,1199 9363,237 18451,762 7338,0283 16051,545 2306,3098 S 7883,847 15660,655 6143,547 11394,538 11945,558 8669,01
1,965 B 2308,1199 9363,237 18451,762 7338,0283 16051,545 2306,3098 S 7883,847 15660,655 6143,547 11394,538 11945,558 8669,01
1,965781 B 2308,1199 9363,237 18451,762 7338,0283 16051,545 2306,3098 S 7883,847 15660,655 6143,547 11394,538 11945,558 8669,01
1,9669995 B 2308,1199 9363,237 18451,762 7338,0283 16051,545 2306,3098 S 7883,847 15660,655 6143,547 11394,538 11945,558 8669,01
1,9672564 B 2308,1199 9363,237 18451,762 7338,0283 16051,545 2306,3098 S 7883,847 15660,655 6143,547 11394,538 11945,558 8669,01
1,9689996 B 2308,1199 9363,237 18451,762 7338,0283 16051,545 2306,3098 S 7883,847 15660,655 6143,547 11394,538 11945,558 8669,01
1,9690002 B 2308,1199 9363,237 18451,762 7338,0283 16051,545 2306,3098 S 7883,847 15660,655 6143,547 11394,538 11945,558 8669,01
1,9690002 B 2308,1199 9363,237 18451,762 7338,0283 16051,545 2306,3098 S 7883,847 15660,655 6143,547 11394,538 11945,558 8669,01
1,9690002 B 2308,1199 9363,237 18451,762 7338,0283 16051,545 2306,3098 S 7883,847 15660,655 6143,547 11394,538 11945,558 8669,01
1,9690005 B 2308,1199 9363,237 18451,762 7338,0283 16051,545 2306,3098 S 7883,847 15660,655 6143,547 11394,538 11945,558 8669,01
1,9689935 B 2308,1199 9363,237 18451,762 7338,0283 16051,545 2306,3098 S 7883,847 15660,655 6143,547 11394,538 11945,558 8669,01
1,9669999 B 2308,1199 9363,237 18451,762 7338,0283 16051,545 2306,3098 S 7883,847 15660,655 6143,547 11394,538 11945,558 8669,01
1,9670002 B 2308,1199 9363,237 18451,762 7338,0283 16051,545 2306,3098 S 7883,847 15660,655 6143,547 11394,538 11945,558 8669,01
1,9669999 B 2308,1199 9363,237 18451,762 7338,0283 16051,545 2306,3098 S 7883,847 15660,655 6143,547 11394,538 11945,558 8669,01
1,9669999 B 2308,1199 9363,237 18451,762 7338,0283 16051,545 2306,3098 S 7883,847 15660,655 6143,547 11394,538 11945,558 8669,01
1,9669998 B 2308,1199 9363,237 18451,762 7338,0283 16051,545 2306,3098 S 7883,847 15660,655 6143,547 11394,538 11945,558 8669,01
1,9669998 B 2308,1199 9363,237 18451,762 7338,0283 16051,545 2306,3098 S 7883,847 15660,655 6143,547 11394,538 11945,558 8669,01
1,9664026 B 2308,1199 9363,237 18451,762 7338,0283 16051,545 2306,3098 S 7883,847 15660,655 6143,547 11394,538 11945,558 8669,01
1,9660009 B 2308,1199 9363,237 18451,762 7338,0283 16051,545 2306,3098 S 7883,847 15660,655 6143,547 11394,538 11945,558 8669,01
1,9660003 B 2308,1199 9363,237 18451,762 7338,0283 16051,545 2306,3098 S 7883,847 15660,655 6143,547 11394,538 11945,558 8669,01
1,9660009 B 2308,1199 9363,237 18451,762 7338,0283 16051,545 2306,3098 S 7883,847 15660,655 6143,547 11394,538 11945,558 8669,01
1,9660007 B 2308,1199 9363,237 18451,762 7338,0283 16051,545 2306,3098 S 7883,847 15660,655 6143,547 11394,538 11945,558 8669,01
1,9660002 B 2308,1199 9363,237 18451,762 7338,0283 16051,545 2306,3098 S 7883,847 15660,655 6143,547 11394,538 11945,558 8669,01
1,9660009 B 2308,1199 9363,237 18451,762 7338,0283 16051,545 2306,3098 S 7883,847 15660,655 6143,547 11394,538 11945,558 8669,01
1,9659996 B 2308,1199 9363,237 18451,762 7338,0283 16051,545 2306,3098 S 7883,847 15660,655 6143,547 11394,538 11945,558 8669,01
1,9660007 B 2308,1199 9363,237 18451,762 7338,0283 16051,545 2306,3098 S 7883,847 15660,655 6143,547 11394,538 11945,558 8669,01
1,9660001 B 2308,1199 9363,237 18451,762 7338,0283 16051,545 2306,3098 S 7883,847 15660,655 6143,547 11394,538 11945,558 8669,01
1,9660004 B 2308,1199 9363,237 18451,762 7338,0283 16051,545 2306,3098 S 7883,847 15660,655 6143,547 11394,538 11945,558 8669,01
1,9660009 B 2308,1199 9363,237 18451,762 7338,0283 16051,545 2306,3098 S 7883,847 15660,655 6143,547 11394,538 11945,558 8669,01
1,9660003 B 2308,1199 9363,237 18451,762 7338,0283 16051,545 2306,3098 S 7883,847 15660,655 6143,547 11394,538 11945,558 8669,01
1,9660003 B 2308,1199 9363,237 18451,762 7338,0283 16051,545 2306,3098 S 7883,847 15660,655 6143,547 11394,538 11945,558 8669,01
1,9660001 B 2308,1199 9363,237 18451,762 7338,0283 16051,545 2306,3098 S 7883,847 15660,655 6143,547 11394,538 11945,558 8669,01
1,9660004 B 2308,1199 9363,237 18451,762 7338,0283 16051,545 2306,3098 S 7883,847 15660,655 6143,547 11394,538 11945,558 8669,01
1,9660001 B 2308,1199 9363,237 18451,762 7338,0283 16051,545 2306,3098 S 7883,847 15660,655 6143,547 11394,538 11945,558 8669,01
1,966955 B 2308,1199 9363,237 18451,762 7338,0283 16051,545 2306,3098 S 7883,847 15660,655 6143,547 11394,538 11945,558 8669,01
1,9674248 B 2308,1199 9363,237 18451,762 7338,0283 16051,545 2306,3098 S 7883,847 15660,655 6143,547 11394,538 11945,558 8669,01
1,9660003 B 2308,1199 9363,237 18451,762 7338,0283 16051,545 2306,3098 S 7883,847 15660,655 6143,547 11394,538 11945,558 8669,01
1,9660003 B 2308,1199 9363,237 18451,762 7338,0283 16051,545 2306,3098 S 7883,847 15660,655 6143,547 11394,538 11945,558 8669,01
1,9651312 B 2308,1199 9363,237 18451,762 7338,0283 16051,545 2306,3098 S 7883,847 15660,655 6143,547 11394,538 11945,558 8669,01
1,9650005 B 2308,1199 9363,237 18451,762 7338,0283 16051,545 2306,3098 S 7883,847 15660,655 6143,547 11394,538 11945,558 8669,01
1,9650007 B 2308,1199 9363,237 18451,762 7338,0283 16051,545 2306,3098 S 7883,847 15660,655 6143,547 11394,538 11945,558 8669,01
1,9650002 B 2308,1199 9363,237 18451,762 7338,0283 16051,545 2306,3098 S 7883,847 15660,655 6143,547 11394,538 11945,558 8669,01
1,9650002 B 2308,1199 9363,237 18451,762 7338,0283 16051,545 2306,3098 S 7883,847 15660,655 6143,547 11394,538 11945,558 8669,01
1,9649999 B 2308,1199 9363,237 18451,762 7338,0283 16051,545 2306,3098 S 7883,847 15660,655 6143,547 11394,538 11945,558 8669,01
1,9650004 B 2308,1199 9363,237 18451,762 7338,0283 16051,545 2306,3098 S 7883,847 15660,655 6143,547 11394,538 11945,558 8669,01
1,9650003 B 2308,1199 9363,237 18451,762 7338,0283 16051,545 2306,3098 S 7883,847 15660,655 6143,547 11394,538 11945,558 8669,01
1,9650005 B 2308,1199 9363,237 18451,762 7338,0283 16051,545 2306,3098 S 7883,847 15660,655 6143,547 11394,538 11945,558 8669,01
1,9650007 B 2308,1199 9363,237 18451,762 7338,0283 16051,545 2306,3098 S 7883,847 15660,655 6143,547 11394,538 11945,558 8669,01
1,9650003 B 2308,1199 9363,237 18451,762 7338,0283 16051,545 2306,3098 S 7883,847 15660,655 6143,547 11394,538 11945,558 8669,01
1,9649998 B 2308,1199 9363,237 18451,762 7338,0283 16051,545 2306,3098 S 7883,847 15660,655 6143,547 11394,538 11945,558 8669,01
1,9649998 B 2308,1199 9363,237 18451,762 7338,0283 16051,545 2306,3098 S 7883,847 15660,655 6143,547 11394,538 11945,558 8669,01
1,9649997 B 2308,1199 9363,237 18451,762 7338,0283 16051,545 2306,3098 S 7883,847 15660,655 6143,547 11394,538 11945,558 8669,01
1,9649997 B 2308,1199 9363,237 18451,762 7338,0283 16051,545 2306,3098 S 7883,847 15660,655 6143,547 11394,538 11945,558 8669,01
1,965 B 2308,1199 9363,237 18451,762 7338,0283 16051,545 2306,3098 S 7883,847 15660,655 6143,547 11394,538 11945,558 8669,01
1,965 B 2308,1199 9363,237 18451,762 7338,0283 16051,545 2306,3098 S 7883,847 15660,655 6143,547 11394,538 11945,558 8669,01
1,9649996 B 2308,1199 9363,237 18451,762 7338,0283 16051,545 2306,3098 S 7883,847 15660,655 6143,547 11394,538 11945,558 8669,01
1,965 B 2308,1199 9363,237 18451,762 7338,0283 16051,545 2306,3098 S 7883,847 15660,655 6143,547 11394,538 11945,558 8669,01
1,9650007 B 2308,1199 9363,237 18451,762 7338,0283 16051,545 2306,3098 S 7883,847 15660,655 6143,547 11394,538 11945,558 8669,01
1,9649998 B 2308,1199 9363,237 18451,762 7338,0283 16051,545 2306,3098 S 7883,847 15660,655 6143,547 11394,538 11945,558 8669,01
1,9649994 B 2308,1199 9363,237 18451,762 7338,0283 16051,545 2306,3098 S 7883,847 15660,655 6143,547 11394,538 11945,558 8669,01
1,965 B 2308,1199 9363,237 18451,762 7338,0283 16051,545 2306,3098 S 7883,847 15660,655 6143,547 11394,538 11945,558 8669,01
1,9650003 B 2308,1199 9363,237 18451,762 7338,0283 16051,545 2306,3098 S 7883,847 15660,655 6143,547 11394,538 11945,558 8669,01
1,9649999 B 2308,1199 9363,237 18451,762 7338,0283 16051,545 2306,3098 S 7883,847 15660,655 6143,547 11394,538 11945,558 8669,01
1,9650004 B 2308,1199 9363,237 18451,762 7338,0283 16051,545 2306,3098 S 7883,847 15660,655 6143,547 11394,538 11945,558 8669,01
1,9649996 B 2308,1199 9363,237 18451,762 7338,0283 16051,545 2306,3098 S 7883,847 15660,655 6143,547 11394,538 11945,558 8669,01
1,9649999 B 2308,1199 9363,237 18451,762 7338,0283 16051,545 2306,3098 S 7883,847 15660,655 6143,547 11394,538 11945,558 8669,01
1,9650004 B 2308,1199 9363,237 18451,762 7338,0283 16051,545 2306,3098 S 7883,847 15660,655 6143,547 11394,538 11945,558 8669,01
1,9649999 B 2308,1199 9363,237 18451,762 7338,0283 16051,545 2306,3098 S 7883,847 15660,655 6143,547 11394,538 11945,558 8669,01
1,9650003 B 2308,1199 9363,237 18451,762 7338,0283 16051,545 2306,3098 S 7883,847 15660,655 6143,547 11394,538 11945,558 8669,01
1,9649999 B 2308,1199 9363,237 18451,762 7338,0283 16051,545 2306,3098 S 7883,847 15660,655 6143,547 11394,538 11945,558 8669,01
1,9650005 B 2308,1199 9363,237 18451,762 7338,0283 16051,545 2306,3098 S 7883,847 15660,655 6143,547 11394,538 11945,558 8669,01
1,9650004 B 2308,1199 9363,237 18451,762 7338,0283 16051,545 2306,3098 S 7883,847 15660,655 6143,547 11394,538 11945,558 8669,01
1,9651492 B 2308,1199 9363,237 18451,762 7338,0283 16051,545 2306,3098 S 7883,847 15660,655 6143,547 11394,538 11945,558 8669,01
1,9650005 B 2308,1199 9363,237 18451,762 7338,0283 16051,545 2306,3098 S 7883,847 15660,655 6143,547 11394,538 11945,558 8669,01
1,9649999 B 2308,1199 9363,237 18451,762 7338,0283 16051,545 2306,3098 S 7883,847 15660,655 6143,547 11394,538 11945,558 8669,01
1,9650002 B 2308,1199 9363,237 18451,762 7338,0283 16051,545 2306,3098 S 7883,847 15660,655 6143,547 11394,538 11945,558 8669,01
1,9649999 B 2308,1199 9363,237 18451,762 7338,0283 16051,545 2306,3098 S 7883,847 15660,655 6143,547 11394,538 11945,558 8669,01
1,9649998 B 2308,1199 9363,237 18451,762 7338,0283 16051,545 2306,3098 S 7883,847 15660,655 6143,547 11394,538 11945,558 8669,01
1,9650003 B 2308,1199 9363,237 18451,762 7338,0283 16051,545 2306,3098 S 7883,847 15660,655 6143,547 11394,538 11945,558 8669,01
1,9649999 B 2308,1199 9363,237 18451,762 7338,0283 16051,545 2306,3098 S 7883,847 15660,655 6143,547 11394,538 11945,558 8669,01
1,9649996 B 2308,1199 9363,237 18451,762 7338,0283 16051,545 2306,3098 S 7883,847 15660,655 6143,547 11394,538 11945,558 8669,01
1,965 B 2308,1199 9363,237 18451,762 7338,0283 16051,545 2306,3098 S 7883,847 15660,655 6143,547 11394,538 11945,558 8669,01
1,9650005 B 2308,1199 9363,237 18451,762 7338,0283 16051,545 2306,3098 S 7883,847 15660,655 6143,547 11394,538 11945,558 8669,01
1,9650006 B 2308,1199 9363,237 18451,762 7338,0283 16051,545 2306,3098 S 7883,847 15660,655 6143,547 11394,538 11945,558 8669,01
1,9649997 B 2308,1199 9363,237 18451,762 7338,0283 16051,545 2306,3098 S 7883,847 15660,655 6143,547 11394,538 11945,558 8669,01
1,9649994 B 2308,1199 9363,237 18451,762 7338,0283 16051,545 2306,3098 S 7883,847 15660,655 6143,547 11394,538 11945,558 8669,01
1,9649996 B 2308,1199 9363,237 18451,762 7338,0283 16051,545 2306,3098 S 7883,847 15660,655 6143,547 11394,538 11945,558 8669,01
1,9649997 B 2308,1199 9363,237 18451,762 7338,0283 16051,545 2306,3098 S 7883,847 15660,655 6143,547 11394,538 11945,558 8669,01
1,9650004 B 2308,1199 9363,237 18451,762 7338,0283 16051,545 2306,3098 S 7883,847 15660,655 6143,547 11394,538 11945,558 8669,01
1,9649999 B 2308,1199 9363,237 18451,762 7338,0283 16051,545 2306,3098 S 7883,847 15660,655 6143,547 11394,538 11945,558 8669,01
1,9649999 B 2308,1199 9363,237 18451,762 7338,0283 16051,545 2306,3098 S 7883,847 15660,655 6143,547 11394,538 11945,558 8669,01
1,9650003 B 2308,1199 9363,237 18451,762 7338,0283 16051,545 2306,3098 S 7883,847 15660,655 6143,547 11394,538 11945,558 8669,01
1,9645698 B 2308,1199 9363,237 18451,762 7338,0283 16051,545 2306,3098 S 7883,847 15660,655 6143,547 11394,538 11945,558 8669,01
1,9640005 B 2308,1199 9363,237 18451,762 7338,0283 16051,545 2306,3098 S 7883,847 15660,655 6143,547 11394,538 11945,558 8669,01
1,9639999 B 2308,1199 9363,237 18451,762 7338,0283 16051,545 2306,3098 S 7883,847 15660,655 6143,547 11394,538 11945,558 8669,01
1,9640001 B 2308,1199 9363,237 18451,762 7338,0283 16051,545 2306,3098 S 7883,847 15660,655 6143,547 11394,538 11945,558 8669,01
1,9640001 B 2308,1199 9363,237 18451,762 7338,0283 16051,545 2306,3098 S 7883,847 15660,655 6143,547 11394,538 11945,558 8669,01
1,964 B 2308,1199 9363,237 18451,762 7338,0283 16051,545 2306,3098 S 7883,847 15660,655 6143,547 11394,538 11945,558 8669,01
1,964 B 2308,1199 9363,237 18451,762 7338,0283 16051,545 2306,3098 S 7883,847 15660,655 6143,547 11394,538 11945,558 8669,01
1,9640003 B 2308,1199 9363,237 18451,762 7338,0283 16051,545 2306,3098 S 7883,847 15660,655 6143,547 11394,538 11945,558 8669,01
1,9640002 B 2308,1199 9363,237 18451,762 7338,0283 16051,545 2306,3098 S 7883,847 15660,655 6143,547 11394,538 11945,558 8669,01
1,9648417 B 2308,1199 9363,237 18451,762 7338,0283 16051,545 2306,3098 S 7883,847 15660,655 6143,547 11394,538 11945,558 8669,01
1,9660008 B 2308,1199 9363,237 18451,762 7338,0283 16051,545 2306,3098 S 7883,847 15660,655 6143,547 11394,538 11945,558 8669,01
1,9660007 B 2308,1199 9363,237 18451,762 7338,0283 16051,545 2306,3098 S 7883,847 15660,655 6143,547 11394,538 11945,558 8669,01
1,9661505 B 2308,1199 9363,237 18451,762 7338,0283 16051,545 2306,3098 S 7883,847 15660,655 6143,547 11394,538 11945,558 8669,01
1,9670004 B 2308,1199 9363,237 18451,762 7338,0283 16051,545 2306,3098 S 7883,847 15660,655 6143,547 11394,538 11945,558 8669,01
1,9670001 B 2308,1199 9363,237 18451,762 7338,0283 16051,545 2306,3098 S 7883,847 15660,655 6143,547 11394,538 11945,558 8669,01
1,9670002 B 2308,1199 9363,237 18451,762 7338,0283 16051,545 2306,3098 S 7883,847 15660,655 6143,547 11394,538 11945,558 8669,01
1,9670004 B 2308,1199 9363,237 18451,762 7338,0283 16051,545 2306,3098 S 7883,847 15660,655 6143,547 11394,538 11945,558 8669,01
1,9669998 B 2308,1199 9363,237 18451,762 7338,0283 16051,545 2306,3098 S 7883,847 15660,655 6143,547 11394,538 11945,558 8669,01
1,9669999 B 2308,1199 9363,237 18451,762 7338,0283 16051,545 2306,3098 S 7883,847 15660,655 6143,547 11394,538 11945,558 8669,01
1,9670007 B 2308,1199 9363,237 18451,762 7338,0283 16051,545 2306,3098 S 7883,847 15660,655 6143,547 11394,538 11945,558 8669,01
1,9670005 B 2308,1199 9363,237 18451,762 7338,0283 16051,545 2306,3098 S 7883,847 15660,655 6143,547 11394,538 11945,558 8669,01
1,9670002 B 2308,1199 9363,237 18451,762 7338,0283 16051,545 2306,3098 S 7883,847 15660,655 6143,547 11394,538 11945,558 8669,01
1,9670007 B 2308,1199 9363,237 18451,762 7338,0283 16051,545 2306,3098 S 7883,847 15660,655 6143,547 11394,538 11945,558 8669,01
1,9669994 B 2308,1199 9363,237 18451,762 7338,0283 16051,545 2306,3098 S 7883,847 15660,655 6143,547 11394,538 11945,558 8669,01
