1,9686408
1,9700001 B 3661,9805 20644,914 13656,481 6495,7173 5955,8486 16442,588 S 1399,3898 8372,529 9300,004 11186,621 10083,37 8801,167
1,9699997 B 3661,9805 20644,914 13656,481 6495,7173 5955,8486 16442,588 S 1399,3898 8372,529 9300,004 11186,621 10083,37 8801,167
1,9700001 B 3661,9805 20644,914 13656,481 6495,7173 5955,8486 16442,588 S 1399,3898 8372,529 9300,004 11186,621 10083,37 8801,167
1,9700006 B 3661,9805 20644,914 13656,481 6495,7173 5955,8486 16442,588 S 1399,3898 8372,529 9300,004 11186,621 10083,37 8801,167
1,9700006 B 3661,9805 20644,914 13656,481 6495,7173 5955,8486 16442,588 S 1399,3898 8372,529 9300,004 11186,621 10083,37 8801,167
1,9699999 B 3661,9805 20644,914 13656,481 6495,7173 5955,8486 16442,588 S 1399,3898 8372,529 9300,004 11186,621 10083,37 8801,167
1,9700004 B 3661,9805 20644,914 13656,481 6495,7173 5955,8486 16442,588 S 1399,3898 8372,529 9300,004 11186,621 10083,37 8801,167
1,97 B 3661,9805 20644,914 13656,481 6495,7173 5955,8486 16442,588 S 1399,3898 8372,529 9300,004 11186,621 10083,37 8801,167
1,9699999 B 3661,9805 20644,914 13656,481 6495,7173 5955,8486 16442,588 S 1399,3898 8372,529 9300,004 11186,621 10083,37 8801,167
1,9699997 B 3661,9805 20644,914 13656,481 6495,7173 5955,8486 16442,588 S 1399,3898 8372,529 9300,004 11186,621 10083,37 8801,167
1,9699999 B 3661,9805 20644,914 13656,481 6495,7173 5955,8486 16442,588 S 1399,3898 8372,529 9300,004 11186,621 10083,37 8801,167
1,9696598 B 3661,9805 20644,914 13656,481 6495,7173 5955,8486 16442,588 S 1399,3898 8372,529 9300,004 11186,621 10083,37 8801,167
1,9689999 B 3661,9805 20644,914 13656,481 6495,7173 5955,8486 16442,588 S 1399,3898 8372,529 9300,004 11186,621 10083,37 8801,167
1,9690179 B 3661,9805 20644,914 13656,481 6495,7173 5955,8486 16442,588 S 1399,3898 8372,529 9300,004 11186,621 10083,37 8801,167
1,9700001 B 3661,9805 20644,914 13656,481 6495,7173 5955,8486 16442,588 S 1399,3898 8372,529 9300,004 11186,621 10083,37 8801,167
1,9699993 B 3661,9805 20644,914 13656,481 6495,7173 5955,8486 16442,588 S 1399,3898 8372,529 9300,004 11186,621 10083,37 8801,167
1,9699994 B 3661,9805 20644,914 13656,481 6495,7173 5955,8486 16442,588 S 1399,3898 8372,529 9300,004 11186,621 10083,37 8801,167
1,9699998 B 3661,9805 20644,914 13656,481 6495,7173 5955,8486 16442,588 S 1399,3898 8372,529 9300,004 11186,621 10083,37 8801,167
1,97 B 3661,9805 20644,914 13656,481 6495,7173 5955,8486 16442,588 S 1399,3898 8372,529 9300,004 11186,621 10083,37 8801,167
1,9700004 B 3661,9805 20644,914 13656,481 6495,7173 5955,8486 16442,588 S 1399,3898 8372,529 9300,004 11186,621 10083,37 8801,167
1,9699999 B 3661,9805 20644,914 13656,481 6495,7173 5955,8486 16442,588 S 1399,3898 8372,529 9300,004 11186,621 10083,37 8801,167
1,9700004 B 3661,9805 20644,914 13656,481 6495,7173 5955,8486 16442,588 S 1399,3898 8372,529 9300,004 11186,621 10083,37 8801,167
1,97 B 3661,9805 20644,914 13656,481 6495,7173 5955,8486 16442,588 S 1399,3898 8372,529 9300,004 11186,621 10083,37 8801,167
1,9699994 B 3661,9805 20644,914 13656,481 6495,7173 5955,8486 16442,588 S 1399,3898 8372,529 9300,004 11186,621 10083,37 8801,167
1,9699998 B 3661,9805 20644,914 13656,481 6495,7173 5955,8486 16442,588 S 1399,3898 8372,529 9300,004 11186,621 10083,37 8801,167
1,9700001 B 3661,9805 20644,914 13656,481 6495,7173 5955,8486 16442,588 S 1399,3898 8372,529 9300,004 11186,621 10083,37 8801,167
1,97 B 3661,9805 20644,914 13656,481 6495,7173 5955,8486 16442,588 S 1399,3898 8372,529 9300,004 11186,621 10083,37 8801,167
1,9699999 B 3661,9805 20644,914 13656,481 6495,7173 5955,8486 16442,588 S 1399,3898 8372,529 9300,004 11186,621 10083,37 8801,167
1,9700004 B 3661,9805 20644,914 13656,481 6495,7173 5955,8486 16442,588 S 1399,3898 8372,529 9300,004 11186,621 10083,37 8801,167
1,9700001 B 3661,9805 20644,914 13656,481 6495,7173 5955,8486 16442,588 S 1399,3898 8372,529 9300,004 11186,621 10083,37 8801,167
1,9700001 B 3661,9805 20644,914 13656,481 6495,7173 5955,8486 16442,588 S 1399,3898 8372,529 9300,004 11186,621 10083,37 8801,167
1,9699998 B 3661,9805 20644,914 13656,481 6495,7173 5955,8486 16442,588 S 1399,3898 8372,529 9300,004 11186,621 10083,37 8801,167
1,9700005 B 3661,9805 20644,914 13656,481 6495,7173 5955,8486 16442,588 S 1399,3898 8372,529 9300,004 11186,621 10083,37 8801,167
1,97 B 3661,9805 20644,914 13656,481 6495,7173 5955,8486 16442,588 S 1399,3898 8372,529 9300,004 11186,621 10083,37 8801,167
1,9700006 B 3661,9805 20644,914 13656,481 6495,7173 5955,8486 16442,588 S 1399,3898 8372,529 9300,004 11186,621 10083,37 8801,167
1,9699999 B 3661,9805 20644,914 13656,481 6495,7173 5955,8486 16442,588 S 1399,3898 8372,529 9300,004 11186,621 10083,37 8801,167
1,97 B 3661,9805 20644,914 13656,481 6495,7173 5955,8486 16442,588 S 1399,3898 8372,529 9300,004 11186,621 10083,37 8801,167
1,9700001 B 3661,9805 20644,914 13656,481 6495,7173 5955,8486 16442,588 S 1399,3898 8372,529 9300,004 11186,621 10083,37 8801,167
1,9699998 B 3661,9805 20644,914 13656,481 6495,7173 5955,8486 16442,588 S 1399,3898 8372,529 9300,004 11186,621 10083,37 8801,167
1,9699993 B 3661,9805 20644,914 13656,481 6495,7173 5955,8486 16442,588 S 1399,3898 8372,529 9300,004 11186,621 10083,37 8801,167
1,9699999 B 3661,9805 20644,914 13656,481 6495,7173 5955,8486 16442,588 S 1399,3898 8372,529 9300,004 11186,621 10083,37 8801,167
1,9699998 B 3661,9805 20644,914 13656,481 6495,7173 5955,8486 16442,588 S 1399,3898 8372,529 9300,004 11186,621 10083,37 8801,167
1,9699996 B 3661,9805 20644,914 13656,481 6495,7173 5955,8486 16442,588 S 1399,3898 8372,529 9300,004 11186,621 10083,37 8801,167
1,9699998 B 3661,9805 20644,914 13656,481 6495,7173 5955,8486 16442,588 S 1399,3898 8372,529 9300,004 11186,621 10083,37 8801,167
1,9700004 B 3661,9805 20644,914 13656,481 6495,7173 5955,8486 16442,588 S 1399,3898 8372,529 9300,004 11186,621 10083,37 8801,167
1,9699999 B 3661,9805 20644,914 13656,481 6495,7173 5955,8486 16442,588 S 1399,3898 8372,529 9300,004 11186,621 10083,37 8801,167
1,97 B 3661,9805 20644,914 13656,481 6495,7173 5955,8486 16442,588 S 1399,3898 8372,529 9300,004 11186,621 10083,37 8801,167
1,9699999 B 3661,9805 20644,914 13656,481 6495,7173 5955,8486 16442,588 S 1399,3898 8372,529 9300,004 11186,621 10083,37 8801,167
1,9699998 B 3661,9805 20644,914 13656,481 6495,7173 5955,8486 16442,588 S 1399,3898 8372,529 9300,004 11186,621 10083,37 8801,167
1,97 B 3661,9805 20644,914 13656,481 6495,7173 5955,8486 16442,588 S 1399,3898 8372,529 9300,004 11186,621 10083,37 8801,167
1,9699997 B 3661,9805 20644,914 13656,481 6495,7173 5955,8486 16442,588 S 1399,3898 8372,529 9300,004 11186,621 10083,37 8801,167
1,97 B 3661,9805 20644,914 13656,481 6495,7173 5955,8486 16442,588 S 1399,3898 8372,529 9300,004 11186,621 10083,37 8801,167
1,9699998 B 3661,9805 20644,914 13656,481 6495,7173 5955,8486 16442,588 S 1399,3898 8372,529 9300,004 11186,621 10083,37 8801,167
1,9700001 B 3661,9805 20644,914 13656,481 6495,7173 5955,8486 16442,588 S 1399,3898 8372,529 9300,004 11186,621 10083,37 8801,167
1,9700007 B 3661,9805 20644,914 13656,481 6495,7173 5955,8486 16442,588 S 1399,3898 8372,529 9300,004 11186,621 10083,37 8801,167
1,9699999 B 3661,9805 20644,914 13656,481 6495,7173 5955,8486 16442,588 S 1399,3898 8372,529 9300,004 11186,621 10083,37 8801,167
1,9700005 B 3661,9805 20644,914 13656,481 6495,7173 5955,8486 16442,588 S 1399,3898 8372,529 9300,004 11186,621 10083,37 8801,167
1,97 B 3661,9805 20644,914 13656,481 6495,7173 5955,8486 16442,588 S 1399,3898 8372,529 9300,004 11186,621 10083,37 8801,167
1,9699997 B 3661,9805 20644,914 13656,481 6495,7173 5955,8486 16442,588 S 1399,3898 8372,529 9300,004 11186,621 10083,37 8801,167
1,9699997 B 3661,9805 20644,914 13656,481 6495,7173 5955,8486 16442,588 S 1399,3898 8372,529 9300,004 11186,621 10083,37 8801,167
1,9699997 B 3661,9805 20644,914 13656,481 6495,7173 5955,8486 16442,588 S 1399,3898 8372,529 9300,004 11186,621 10083,37 8801,167
1,9699999 B 3661,9805 20644,914 13656,481 6495,7173 5955,8486 16442,588 S 1399,3898 8372,529 9300,004 11186,621 10083,37 8801,167
1,9699994 B 3661,9805 20644,914 13656,481 6495,7173 5955,8486 16442,588 S 1399,3898 8372,529 9300,004 11186,621 10083,37 8801,167
1,97 B 3661,9805 20644,914 13656,481 6495,7173 5955,8486 16442,588 S 1399,3898 8372,529 9300,004 11186,621 10083,37 8801,167
1,9700004 B 3661,9805 20644,914 13656,481 6495,7173 5955,8486 16442,588 S 1399,3898 8372,529 9300,004 11186,621 10083,37 8801,167
1,9699997 B 3661,9805 20644,914 13656,481 6495,7173 5955,8486 16442,588 S 1399,3898 8372,529 9300,004 11186,621 10083,37 8801,167
1,97 B 3661,9805 20644,914 13656,481 6495,7173 5955,8486 16442,588 S 1399,3898 8372,529 9300,004 11186,621 10083,37 8801,167
1,9700004 B 3661,9805 20644,914 13656,481 6495,7173 5955,8486 16442,588 S 1399,3898 8372,529 9300,004 11186,621 10083,37 8801,167
1,9700004 B 3661,9805 20644,914 13656,481 6495,7173 5955,8486 16442,588 S 1399,3898 8372,529 9300,004 11186,621 10083,37 8801,167
1,97 B 3661,9805 20644,914 13656,481 6495,7173 5955,8486 16442,588 S 1399,3898 8372,529 9300,004 11186,621 10083,37 8801,167
1,9699991 B 3661,9805 20644,914 13656,481 6495,7173 5955,8486 16442,588 S 1399,3898 8372,529 9300,004 11186,621 10083,37 8801,167
1,97 B 3661,9805 20644,914 13656,481 6495,7173 5955,8486 16442,588 S 1399,3898 8372,529 9300,004 11186,621 10083,37 8801,167
1,9700007 B 3661,9805 20644,914 13656,481 6495,7173 5955,8486 16442,588 S 1399,3898 8372,529 9300,004 11186,621 10083,37 8801,167
1,9700009 B 3661,9805 20644,914 13656,481 6495,7173 5955,8486 16442,588 S 1399,3898 8372,529 9300,004 11186,621 10083,37 8801,167
1,969056 B 3661,9805 20644,914 13656,481 6495,7173 5955,8486 16442,588 S 1399,3898 8372,529 9300,004 11186,621 10083,37 8801,167
1,9690002 B 3661,9805 20644,914 13656,481 6495,7173 5955,8486 16442,588 S 1399,3898 8372,529 9300,004 11186,621 10083,37 8801,167
1,9690002 B 3661,9805 20644,914 13656,481 6495,7173 5955,8486 16442,588 S 1399,3898 8372,529 9300,004 11186,621 10083,37 8801,167
1,9690002 B 3661,9805 20644,914 13656,481 6495,7173 5955,8486 16442,588 S 1399,3898 8372,529 9300,004 11186,621 10083,37 8801,167
1,9690003 B 3661,9805 20644,914 13656,481 6495,7173 5955,8486 16442,588 S 1399,3898 8372,529 9300,004 11186,621 10083,37 8801,167
1,9689996 B 3661,9805 20644,914 13656,481 6495,7173 5955,8486 16442,588 S 1399,3898 8372,529 9300,004 11186,621 10083,37 8801,167
1,9690001 B 3661,9805 20644,914 13656,481 6495,7173 5955,8486 16442,588 S 1399,3898 8372,529 9300,004 11186,621 10083,37 8801,167
1,9690003 B 3661,9805 20644,914 13656,481 6495,7173 5955,8486 16442,588 S 1399,3898 8372,529 9300,004 11186,621 10083,37 8801,167
1,968685 B 3661,9805 20644,914 13656,481 6495,7173 5955,8486 16442,588 S 1399,3898 8372,529 9300,004 11186,621 10083,37 8801,167
1,9670002 B 3661,9805 20644,914 13656,481 6495,7173 5955,8486 16442,588 S 1399,3898 8372,529 9300,004 11186,621 10083,37 8801,167
1,9669999 B 3661,9805 20644,914 13656,481 6495,7173 5955,8486 16442,588 S 1399,3898 8372,529 9300,004 11186,621 10083,37 8801,167
1,9670001 B 3661,9805 20644,914 13656,481 6495,7173 5955,8486 16442,588 S 1399,3898 8372,529 9300,004 11186,621 10083,37 8801,167
1,9669999 B 3661,9805 20644,914 13656,481 6495,7173 5955,8486 16442,588 S 1399,3898 8372,529 9300,004 11186,621 10083,37 8801,167
1,9670004 B 3661,9805 20644,914 13656,481 6495,7173 5955,8486 16442,588 S 1399,3898 8372,529 9300,004 11186,621 10083,37 8801,167
1,9677165 B 3661,9805 20644,914 13656,481 6495,7173 5955,8486 16442,588 S 1399,3898 8372,529 9300,004 11186,621 10083,37 8801,167
1,9690003 B 3661,9805 20644,914 13656,481 6495,7173 5955,8486 16442,588 S 1399,3898 8372,529 9300,004 11186,621 10083,37 8801,167
1,969 B 3661,9805 20644,914 13656,481 6495,7173 5955,8486 16442,588 S 1399,3898 8372,529 9300,004 11186,621 10083,37 8801,167
1,9689999 B 3661,9805 20644,914 13656,481 6495,7173 5955,8486 16442,588 S 1399,3898 8372,529 9300,004 11186,621 10083,37 8801,167
1,9690002 B 3661,9805 20644,914 13656,481 6495,7173 5955,8486 16442,588 S 1399,3898 8372,529 9300,004 11186,621 10083,37 8801,167
1,9690002 B 3661,9805 20644,914 13656,481 6495,7173 5955,8486 16442,588 S 1399,3898 8372,529 9300,004 11186,621 10083,37 8801,167
1,9690006 B 3661,9805 20644,914 13656,481 6495,7173 5955,8486 16442,588 S 1399,3898 8372,529 9300,004 11186,621 10083,37 8801,167
1,9690003 B 3661,9805 20644,914 13656,481 6495,7173 5955,8486 16442,588 S 1399,3898 8372,529 9300,004 11186,621 10083,37 8801,167
1,9690001 B 3661,9805 20644,914 13656,481 6495,7173 5955,8486 16442,588 S 1399,3898 8372,529 9300,004 11186,621 10083,37 8801,167
1,9690001 B 3661,9805 20644,914 13656,481 6495,7173 5955,8486 16442,588 S 1399,3898 8372,529 9300,004 11186,621 10083,37 8801,167
1,9690005 B 3661,9805 20644,914 13656,481 6495,7173 5955,8486 16442,588 S 1399,3898 8372,529 9300,004 11186,621 10083,37 8801,167
1,969 B 3661,9805 20644,914 13656,481 6495,7173 5955,8486 16442,588 S 1399,3898 8372,529 9300,004 11186,621 10083,37 8801,167
1,969976 B 3661,9805 20644,914 13656,481 6495,7173 5955,8486 16442,588 S 1399,3898 8372,529 9300,004 11186,621 10083,37 8801,167
1,9699998 B 3661,9805 20644,914 13656,481 6495,7173 5955,8486 16442,588 S 1399,3898 8372,529 9300,004 11186,621 10083,37 8801,167
1,97 B 3661,9805 20644,914 13656,481 6495,7173 5955,8486 16442,588 S 1399,3898 8372,529 9300,004 11186,621 10083,37 8801,167
1,9700001 B 3661,9805 20644,914 13656,481 6495,7173 5955,8486 16442,588 S 1399,3898 8372,529 9300,004 11186,621 10083,37 8801,167
1,9699997 B 3661,9805 20644,914 13656,481 6495,7173 5955,8486 16442,588 S 1399,3898 8372,529 9300,004 11186,621 10083,37 8801,167
1,9700001 B 3661,9805 20644,914 13656,481 6495,7173 5955,8486 16442,588 S 1399,3898 8372,529 9300,004 11186,621 10083,37 8801,167
1,9699998 B 3661,9805 20644,914 13656,481 6495,7173 5955,8486 16442,588 S 1399,3898 8372,529 9300,004 11186,621 10083,37 8801,167
1,9699997 B 3661,9805 20644,914 13656,481 6495,7173 5955,8486 16442,588 S 1399,3898 8372,529 9300,004 11186,621 10083,37 8801,167
1,9700001 B 3661,9805 20644,914 13656,481 6495,7173 5955,8486 16442,588 S 1399,3898 8372,529 9300,004 11186,621 10083,37 8801,167
1,9700006 B 3661,9805 20644,914 13656,481 6495,7173 5955,8486 16442,588 S 1399,3898 8372,529 9300,004 11186,621 10083,37 8801,167
1,9700001 B 3661,9805 20644,914 13656,481 6495,7173 5955,8486 16442,588 S 1399,3898 8372,529 9300,004 11186,621 10083,37 8801,167
1,9699999 B 3661,9805 20644,914 13656,481 6495,7173 5955,8486 16442,588 S 1399,3898 8372,529 9300,004 11186,621 10083,37 8801,167
1,9699998 B 3661,9805 20644,914 13656,481 6495,7173 5955,8486 16442,588 S 1399,3898 8372,529 9300,004 11186,621 10083,37 8801,167
1,97 B 3661,9805 20644,914 13656,481 6495,7173 5955,8486 16442,588 S 1399,3898 8372,529 9300,004 11186,621 10083,37 8801,167
1,97 B 3661,9805 20644,914 13656,481 6495,7173 5955,8486 16442,588 S 1399,3898 8372,529 9300,004 11186,621 10083,37 8801,167
1,9700001 B 3661,9805 20644,914 13656,481 6495,7173 5955,8486 16442,588 S 1399,3898 8372,529 9300,004 11186,621 10083,37 8801,167
1,9699999 B 3661,9805 20644,914 13656,481 6495,7173 5955,8486 16442,588 S 1399,3898 8372,529 9300,004 11186,621 10083,37 8801,167
1,9699999 B 3661,9805 20644,914 13656,481 6495,7173 5955,8486 16442,588 S 1399,3898 8372,529 9300,004 11186,621 10083,37 8801,167
1,9699997 B 3661,9805 20644,914 13656,481 6495,7173 5955,8486 16442,588 S 1399,3898 8372,529 9300,004 11186,621 10083,37 8801,167
1,9700005 B 3661,9805 20644,914 13656,481 6495,7173 5955,8486 16442,588 S 1399,3898 8372,529 9300,004 11186,621 10083,37 8801,167
1,9699999 B 3661,9805 20644,914 13656,481 6495,7173 5955,8486 16442,588 S 1399,3898 8372,529 9300,004 11186,621 10083,37 8801,167
1,9699999 B 3661,9805 20644,914 13656,481 6495,7173 5955,8486 16442,588 S 1399,3898 8372,529 9300,004 11186,621 10083,37 8801,167
1,9699999 B 3661,9805 20644,914 13656,481 6495,7173 5955,8486 16442,588 S 1399,3898 8372,529 9300,004 11186,621 10083,37 8801,167
1,9700004 B 3661,9805 20644,914 13656,481 6495,7173 5955,8486 16442,588 S 1399,3898 8372,529 9300,004 11186,621 10083,37 8801,167
1,9700006 B 3661,9805 20644,914 13656,481 6495,7173 5955,8486 16442,588 S 1399,3898 8372,529 9300,004 11186,621 10083,37 8801,167
1,9699998 B 3661,9805 20644,914 13656,481 6495,7173 5955,8486 16442,588 S 1399,3898 8372,529 9300,004 11186,621 10083,37 8801,167
1,9699998 B 3661,9805 20644,914 13656,481 6495,7173 5955,8486 16442,588 S 1399,3898 8372,529 9300,004 11186,621 10083,37 8801,167
1,9700005 B 3661,9805 20644,914 13656,481 6495,7173 5955,8486 16442,588 S 1399,3898 8372,529 9300,004 11186,621 10083,37 8801,167
1,9699998 B 3661,9805 20644,914 13656,481 6495,7173 5955,8486 16442,588 S 1399,3898 8372,529 9300,004 11186,621 10083,37 8801,167
1,9700001 B 3661,9805 20644,914 13656,481 6495,7173 5955,8486 16442,588 S 1399,3898 8372,529 9300,004 11186,621 10083,37 8801,167
1,9700006 B 3661,9805 20644,914 13656,481 6495,7173 5955,8486 16442,588 S 1399,3898 8372,529 9300,004 11186,621 10083,37 8801,167
1,9699998 B 3661,9805 20644,914 13656,481 6495,7173 5955,8486 16442,588 S 1399,3898 8372,529 9300,004 11186,621 10083,37 8801,167
1,97 B 3661,9805 20644,914 13656,481 6495,7173 5955,8486 16442,588 S 1399,3898 8372,529 9300,004 11186,621 10083,37 8801,167
1,9700004 B 3661,9805 20644,914 13656,481 6495,7173 5955,8486 16442,588 S 1399,3898 8372,529 9300,004 11186,621 10083,37 8801,167
1,9699998 B 3661,9805 20644,914 13656,481 6495,7173 5955,8486 16442,588 S 1399,3898 8372,529 9300,004 11186,621 10083,37 8801,167
1,9691126 B 3661,9805 20644,914 13656,481 6495,7173 5955,8486 16442,588 S 1399,3898 8372,529 9300,004 11186,621 10083,37 8801,167
1,9689999 B 3661,9805 20644,914 13656,481 6495,7173 5955,8486 16442,588 S 1399,3898 8372,529 9300,004 11186,621 10083,37 8801,167
1,969 B 3661,9805 20644,914 13656,481 6495,7173 5955,8486 16442,588 S 1399,3898 8372,529 9300,004 11186,621 10083,37 8801,167
1,969 B 3661,9805 20644,914 13656,481 6495,7173 5955,8486 16442,588 S 1399,3898 8372,529 9300,004 11186,621 10083,37 8801,167
1,9689997 B 3661,9805 20644,914 13656,481 6495,7173 5955,8486 16442,588 S 1399,3898 8372,529 9300,004 11186,621 10083,37 8801,167
1,969 B 3661,9805 20644,914 13656,481 6495,7173 5955,8486 16442,588 S 1399,3898 8372,529 9300,004 11186,621 10083,37 8801,167
1,9690002 B 3661,9805 20644,914 13656,481 6495,7173 5955,8486 16442,588 S 1399,3898 8372,529 9300,004 11186,621 10083,37 8801,167
1,9690005 B 3661,9805 20644,914 13656,481 6495,7173 5955,8486 16442,588 S 1399,3898 8372,529 9300,004 11186,621 10083,37 8801,167
1,9689997 B 3661,9805 20644,914 13656,481 6495,7173 5955,8486 16442,588 S 1399,3898 8372,529 9300,004 11186,621 10083,37 8801,167
1,9690005 B 3661,9805 20644,914 13656,481 6495,7173 5955,8486 16442,588 S 1399,3898 8372,529 9300,004 11186,621 10083,37 8801,167
1,9690003 B 3661,9805 20644,914 13656,481 6495,7173 5955,8486 16442,588 S 1399,3898 8372,529 9300,004 11186,621 10083,37 8801,167
1,9689999 B 3661,9805 20644,914 13656,481 6495,7173 5955,8486 16442,588 S 1399,3898 8372,529 9300,004 11186,621 10083,37 8801,167
1,9690002 B 3661,9805 20644,914 13656,481 6495,7173 5955,8486 16442,588 S 1399,3898 8372,529 9300,004 11186,621 10083,37 8801,167
1,9690001 B 3661,9805 20644,914 13656,481 6495,7173 5955,8486 16442,588 S 1399,3898 8372,529 9300,004 11186,621 10083,37 8801,167
1,9690001 B 3661,9805 20644,914 13656,481 6495,7173 5955,8486 16442,588 S 1399,3898 8372,529 9300,004 11186,621 10083,37 8801,167
1,9690001 B 3661,9805 20644,914 13656,481 6495,7173 5955,8486 16442,588 S 1399,3898 8372,529 9300,004 11186,621 10083,37 8801,167
1,969 B 3661,9805 20644,914 13656,481 6495,7173 5955,8486 16442,588 S 1399,3898 8372,529 9300,004 11186,621 10083,37 8801,167
1,9693806 B 3661,9805 20644,914 13656,481 6495,7173 5955,8486 16442,588 S 1399,3898 8372,529 9300,004 11186,621 10083,37 8801,167
1,9695517 B 3661,9805 20644,914 13656,481 6495,7173 5955,8486 16442,588 S 1399,3898 8372,529 9300,004 11186,621 10083,37 8801,167
1,9690001 B 3661,9805 20644,914 13656,481 6495,7173 5955,8486 16442,588 S 1399,3898 8372,529 9300,004 11186,621 10083,37 8801,167
1,9688168 B 3661,9805 20644,914 13656,481 6495,7173 5955,8486 16442,588 S 1399,3898 8372,529 9300,004 11186,621 10083,37 8801,167
1,9680003 B 3661,9805 20644,914 13656,481 6495,7173 5955,8486 16442,588 S 1399,3898 8372,529 9300,004 11186,621 10083,37 8801,167
1,9679998 B 3661,9805 20644,914 13656,481 6495,7173 5955,8486 16442,588 S 1399,3898 8372,529 9300,004 11186,621 10083,37 8801,167
1,9680003 B 3661,9805 20644,914 13656,481 6495,7173 5955,8486 16442,588 S 1399,3898 8372,529 9300,004 11186,621 10083,37 8801,167
1,968 B 3661,9805 20644,914 13656,481 6495,7173 5955,8486 16442,588 S 1399,3898 8372,529 9300,004 11186,621 10083,37 8801,167
1,9679997 B 3661,9805 20644,914 13656,481 6495,7173 5955,8486 16442,588 S 1399,3898 8372,529 9300,004 11186,621 10083,37 8801,167
1,9680004 B 3661,9805 20644,914 13656,481 6495,7173 5955,8486 16442,588 S 1399,3898 8372,529 9300,004 11186,621 10083,37 8801,167
1,968 B 3661,9805 20644,914 13656,481 6495,7173 5955,8486 16442,588 S 1399,3898 8372,529 9300,004 11186,621 10083,37 8801,167
1,968 B 3661,9805 20644,914 13656,481 6495,7173 5955,8486 16442,588 S 1399,3898 8372,529 9300,004 11186,621 10083,37 8801,167
1,9680008 B 3661,9805 20644,914 13656,481 6495,7173 5955,8486 16442,588 S 1399,3898 8372,529 9300,004 11186,621 10083,37 8801,167
1,9680002 B 3661,9805 20644,914 13656,481 6495,7173 5955,8486 16442,588 S 1399,3898 8372,529 9300,004 11186,621 10083,37 8801,167
1,9680003 B 3661,9805 20644,914 13656,481 6495,7173 5955,8486 16442,588 S 1399,3898 8372,529 9300,004 11186,621 10083,37 8801,167
1,9680002 B 3661,9805 20644,914 13656,481 6495,7173 5955,8486 16442,588 S 1399,3898 8372,529 9300,004 11186,621 10083,37 8801,167
1,968 B 3661,9805 20644,914 13656,481 6495,7173 5955,8486 16442,588 S 1399,3898 8372,529 9300,004 11186,621 10083,37 8801,167
1,9679998 B 3661,9805 20644,914 13656,481 6495,7173 5955,8486 16442,588 S 1399,3898 8372,529 9300,004 11186,621 10083,37 8801,167
1,9679999 B 3661,9805 20644,914 13656,481 6495,7173 5955,8486 16442,588 S 1399,3898 8372,529 9300,004 11186,621 10083,37 8801,167
1,968 B 3661,9805 20644,914 13656,481 6495,7173 5955,8486 16442,588 S 1399,3898 8372,529 9300,004 11186,621 10083,37 8801,167
1,9679999 B 3661,9805 20644,914 13656,481 6495,7173 5955,8486 16442,588 S 1399,3898 8372,529 9300,004 11186,621 10083,37 8801,167
1,9675024 B 3661,9805 20644,914 13656,481 6495,7173 5955,8486 16442,588 S 1399,3898 8372,529 9300,004 11186,621 10083,37 8801,167
1,9660007 B 3661,9805 20644,914 13656,481 6495,7173 5955,8486 16442,588 S 1399,3898 8372,529 9300,004 11186,621 10083,37 8801,167
1,9660003 B 3661,9805 20644,914 13656,481 6495,7173 5955,8486 16442,588 S 1399,3898 8372,529 9300,004 11186,621 10083,37 8801,167
1,9660002 B 3661,9805 20644,914 13656,481 6495,7173 5955,8486 16442,588 S 1399,3898 8372,529 9300,004 11186,621 10083,37 8801,167
1,966001 B 3661,9805 20644,914 13656,481 6495,7173 5955,8486 16442,588 S 1399,3898 8372,529 9300,004 11186,621 10083,37 8801,167
1,966001 B 3661,9805 20644,914 13656,481 6495,7173 5955,8486 16442,588 S 1399,3898 8372,529 9300,004 11186,621 10083,37 8801,167
1,9666958 B 3661,9805 20644,914 13656,481 6495,7173 5955,8486 16442,588 S 1399,3898 8372,529 9300,004 11186,621 10083,37 8801,167
1,9670006 B 3661,9805 20644,914 13656,481 6495,7173 5955,8486 16442,588 S 1399,3898 8372,529 9300,004 11186,621 10083,37 8801,167
1,9669997 B 3661,9805 20644,914 13656,481 6495,7173 5955,8486 16442,588 S 1399,3898 8372,529 9300,004 11186,621 10083,37 8801,167
1,9676515 B 3661,9805 20644,914 13656,481 6495,7173 5955,8486 16442,588 S 1399,3898 8372,529 9300,004 11186,621 10083,37 8801,167
1,9670453 B 3661,9805 20644,914 13656,481 6495,7173 5955,8486 16442,588 S 1399,3898 8372,529 9300,004 11186,621 10083,37 8801,167
1,9669997 B 3661,9805 20644,914 13656,481 6495,7173 5955,8486 16442,588 S 1399,3898 8372,529 9300,004 11186,621 10083,37 8801,167
1,9670007 B 3661,9805 20644,914 13656,481 6495,7173 5955,8486 16442,588 S 1399,3898 8372,529 9300,004 11186,621 10083,37 8801,167
1,9676495 B 3661,9805 20644,914 13656,481 6495,7173 5955,8486 16442,588 S 1399,3898 8372,529 9300,004 11186,621 10083,37 8801,167
1,9679999 B 3661,9805 20644,914 13656,481 6495,7173 5955,8486 16442,588 S 1399,3898 8372,529 9300,004 11186,621 10083,37 8801,167
1,9680004 B 3661,9805 20644,914 13656,481 6495,7173 5955,8486 16442,588 S 1399,3898 8372,529 9300,004 11186,621 10083,37 8801,167
1,9680004 B 3661,9805 20644,914 13656,481 6495,7173 5955,8486 16442,588 S 1399,3898 8372,529 9300,004 11186,621 10083,37 8801,167
1,9679999 B 3661,9805 20644,914 13656,481 6495,7173 5955,8486 16442,588 S 1399,3898 8372,529 9300,004 11186,621 10083,37 8801,167
1,9679996 B 3661,9805 20644,914 13656,481 6495,7173 5955,8486 16442,588 S 1399,3898 8372,529 9300,004 11186,621 10083,37 8801,167
1,9680003 B 3661,9805 20644,914 13656,481 6495,7173 5955,8486 16442,588 S 1399,3898 8372,529 9300,004 11186,621 10083,37 8801,167
1,9680004 B 3661,9805 20644,914 13656,481 6495,7173 5955,8486 16442,588 S 1399,3898 8372,529 9300,004 11186,621 10083,37 8801,167
1,9680003 B 3661,9805 20644,914 13656,481 6495,7173 5955,8486 16442,588 S 1399,3898 8372,529 9300,004 11186,621 10083,37 8801,167
1,9679993 B 3661,9805 20644,914 13656,481 6495,7173 5955,8486 16442,588 S 1399,3898 8372,529 9300,004 11186,621 10083,37 8801,167
1,968 B 3661,9805 20644,914 13656,481 6495,7173 5955,8486 16442,588 S 1399,3898 8372,529 9300,004 11186,621 10083,37 8801,167
1,9680002 B 3661,9805 20644,914 13656,481 6495,7173 5955,8486 16442,588 S 1399,3898 8372,529 9300,004 11186,621 10083,37 8801,167
1,9680008 B 3661,9805 20644,914 13656,481 6495,7173 5955,8486 16442,588 S 1399,3898 8372,529 9300,004 11186,621 10083,37 8801,167
1,9680004 B 3661,9805 20644,914 13656,481 6495,7173 5955,8486 16442,588 S 1399,3898 8372,529 9300,004 11186,621 10083,37 8801,167
1,9680011 B 3661,9805 20644,914 13656,481 6495,7173 5955,8486 16442,588 S 1399,3898 8372,529 9300,004 11186,621 10083,37 8801,167
1,9679997 B 3661,9805 20644,914 13656,481 6495,7173 5955,8486 16442,588 S 1399,3898 8372,529 9300,004 11186,621 10083,37 8801,167
1,9680003 B 3661,9805 20644,914 13656,481 6495,7173 5955,8486 16442,588 S 1399,3898 8372,529 9300,004 11186,621 10083,37 8801,167
1,9680004 B 3661,9805 20644,914 13656,481 6495,7173 5955,8486 16442,588 S 1399,3898 8372,529 9300,004 11186,621 10083,37 8801,167
1,9680009 B 3661,9805 20644,914 13656,481 6495,7173 5955,8486 16442,588 S 1399,3898 8372,529 9300,004 11186,621 10083,37 8801,167
1,9670116 B 3661,9805 20644,914 13656,481 6495,7173 5955,8486 16442,588 S 1399,3898 8372,529 9300,004 11186,621 10083,37 8801,167
1,966374 B 3661,9805 20644,914 13656,481 6495,7173 5955,8486 16442,588 S 1399,3898 8372,529 9300,004 11186,621 10083,37 8801,167
1,9654499 B 3661,9805 20644,914 13656,481 6495,7173 5955,8486 16442,588 S 1399,3898 8372,529 9300,004 11186,621 10083,37 8801,167
1,9649999 B 3661,9805 20644,914 13656,481 6495,7173 5955,8486 16442,588 S 1399,3898 8372,529 9300,004 11186,621 10083,37 8801,167
1,9650004 B 3661,9805 20644,914 13656,481 6495,7173 5955,8486 16442,588 S 1399,3898 8372,529 9300,004 11186,621 10083,37 8801,167
1,9649997 B 3661,9805 20644,914 13656,481 6495,7173 5955,8486 16442,588 S 1399,3898 8372,529 9300,004 11186,621 10083,37 8801,167
1,965 B 3661,9805 20644,914 13656,481 6495,7173 5955,8486 16442,588 S 1399,3898 8372,529 9300,004 11186,621 10083,37 8801,167
1,9649997 B 3661,9805 20644,914 13656,481 6495,7173 5955,8486 16442,588 S 1399,3898 8372,529 9300,004 11186,621 10083,37 8801,167
1,9650002 B 3661,9805 20644,914 13656,481 6495,7173 5955,8486 16442,588 S 1399,3898 8372,529 9300,004 11186,621 10083,37 8801,167
1,9653145 B 3661,9805 20644,914 13656,481 6495,7173 5955,8486 16442,588 S 1399,3898 8372,529 9300,004 11186,621 10083,37 8801,167
1,9660004 B 3661,9805 20644,914 13656,481 6495,7173 5955,8486 16442,588 S 1399,3898 8372,529 9300,004 11186,621 10083,37 8801,167
1,966 B 3661,9805 20644,914 13656,481 6495,7173 5955,8486 16442,588 S 1399,3898 8372,529 9300,004 11186,621 10083,37 8801,167
1,9660009 B 3661,9805 20644,914 13656,481 6495,7173 5955,8486 16442,588 S 1399,3898 8372,529 9300,004 11186,621 10083,37 8801,167
1,966 B 3661,9805 20644,914 13656,481 6495,7173 5955,8486 16442,588 S 1399,3898 8372,529 9300,004 11186,621 10083,37 8801,167
1,966 B 3661,9805 20644,914 13656,481 6495,7173 5955,8486 16442,588 S 1399,3898 8372,529 9300,004 11186,621 10083,37 8801,167
1,966 B 3661,9805 20644,914 13656,481 6495,7173 5955,8486 16442,588 S 1399,3898 8372,529 9300,004 11186,621 10083,37 8801,167
1,9660009 B 3661,9805 20644,914 13656,481 6495,7173 5955,8486 16442,588 S 1399,3898 8372,529 9300,004 11186,621 10083,37 8801,167
1,9660007 B 3661,9805 20644,914 13656,481 6495,7173 5955,8486 16442,588 S 1399,3898 8372,529 9300,004 11186,621 10083,37 8801,167
1,9660004 B 3661,9805 20644,914 13656,481 6495,7173 5955,8486 16442,588 S 1399,3898 8372,529 9300,004 11186,621 10083,37 8801,167
1,9660002 B 3661,9805 20644,914 13656,481 6495,7173 5955,8486 16442,588 S 1399,3898 8372,529 9300,004 11186,621 10083,37 8801,167
1,9660007 B 3661,9805 20644,914 13656,481 6495,7173 5955,8486 16442,588 S 1399,3898 8372,529 9300,004 11186,621 10083,37 8801,167
1,9660002 B 3661,9805 20644,914 13656,481 6495,7173 5955,8486 16442,588 S 1399,3898 8372,529 9300,004 11186,621 10083,37 8801,167
1,9660001 B 3661,9805 20644,914 13656,481 6495,7173 5955,8486 16442,588 S 1399,3898 8372,529 9300,004 11186,621 10083,37 8801,167
1,9660008 B 3661,9805 20644,914 13656,481 6495,7173 5955,8486 16442,588 S 1399,3898 8372,529 9300,004 11186,621 10083,37 8801,167
1,9660007 B 3661,9805 20644,914 13656,481 6495,7173 5955,8486 16442,588 S 1399,3898 8372,529 9300,004 11186,621 10083,37 8801,167
1,966001 B 3661,9805 20644,914 13656,481 6495,7173 5955,8486 16442,588 S 1399,3898 8372,529 9300,004 11186,621 10083,37 8801,167
1,9660002 B 3661,9805 20644,914 13656,481 6495,7173 5955,8486 16442,588 S 1399,3898 8372,529 9300,004 11186,621 10083,37 8801,167
1,9660007 B 3661,9805 20644,914 13656,481 6495,7173 5955,8486 16442,588 S 1399,3898 8372,529 9300,004 11186,621 10083,37 8801,167
1,966001 B 3661,9805 20644,914 13656,481 6495,7173 5955,8486 16442,588 S 1399,3898 8372,529 9300,004 11186,621 10083,37 8801,167
1,9660004 B 3661,9805 20644,914 13656,481 6495,7173 5955,8486 16442,588 S 1399,3898 8372,529 9300,004 11186,621 10083,37 8801,167
1,9656278 B 3661,9805 20644,914 13656,481 6495,7173 5955,8486 16442,588 S 1399,3898 8372,529 9300,004 11186,621 10083,37 8801,167
1,9649996 B 3661,9805 20644,914 13656,481 6495,7173 5955,8486 16442,588 S 1399,3898 8372,529 9300,004 11186,621 10083,37 8801,167
1,965 B 3661,9805 20644,914 13656,481 6495,7173 5955,8486 16442,588 S 1399,3898 8372,529 9300,004 11186,621 10083,37 8801,167
1,9649998 B 3661,9805 20644,914 13656,481 6495,7173 5955,8486 16442,588 S 1399,3898 8372,529 9300,004 11186,621 10083,37 8801,167
1,9649999 B 3661,9805 20644,914 13656,481 6495,7173 5955,8486 16442,588 S 1399,3898 8372,529 9300,004 11186,621 10083,37 8801,167
