1,9745733
1,9740005 B 2795,3674 8979,954 8818,891 15782,872 10358,006 9051,642 S 8656,71 13143,388 14868,947 11857,13 12831,427 737,00995
1,97368 B 2795,3674 8979,954 8818,891 15782,872 10358,006 9051,642 S 8656,71 13143,388 14868,947 11857,13 12831,427 737,00995
1,9729996 B 2795,3674 8979,954 8818,891 15782,872 10358,006 9051,642 S 8656,71 13143,388 14868,947 11857,13 12831,427 737,00995
1,9734873 B 2795,3674 8979,954 8818,891 15782,872 10358,006 9051,642 S 8656,71 13143,388 14868,947 11857,13 12831,427 737,00995
1,9740002 B 2795,3674 8979,954 8818,891 15782,872 10358,006 9051,642 S 8656,71 13143,388 14868,947 11857,13 12831,427 737,00995
1,9740406 B 2795,3674 8979,954 8818,891 15782,872 10358,006 9051,642 S 8656,71 13143,388 14868,947 11857,13 12831,427 737,00995
1,975 B 2795,3674 8979,954 8818,891 15782,872 10358,006 9051,642 S 8656,71 13143,388 14868,947 11857,13 12831,427 737,00995
1,975 B 2795,3674 8979,954 8818,891 15782,872 10358,006 9051,642 S 8656,71 13143,388 14868,947 11857,13 12831,427 737,00995
1,9750003 B 2795,3674 8979,954 8818,891 15782,872 10358,006 9051,642 S 8656,71 13143,388 14868,947 11857,13 12831,427 737,00995
1,9749998 B 2795,3674 8979,954 8818,891 15782,872 10358,006 9051,642 S 8656,71 13143,388 14868,947 11857,13 12831,427 737,00995
1,9749997 B 2795,3674 8979,954 8818,891 15782,872 10358,006 9051,642 S 8656,71 13143,388 14868,947 11857,13 12831,427 737,00995
1,975 B 2795,3674 8979,954 8818,891 15782,872 10358,006 9051,642 S 8656,71 13143,388 14868,947 11857,13 12831,427 737,00995
1,9750003 B 2795,3674 8979,954 8818,891 15782,872 10358,006 9051,642 S 8656,71 13143,388 14868,947 11857,13 12831,427 737,00995
1,9749999 B 2795,3674 8979,954 8818,891 15782,872 10358,006 9051,642 S 8656,71 13143,388 14868,947 11857,13 12831,427 737,00995
1,9749999 B 2795,3674 8979,954 8818,891 15782,872 10358,006 9051,642 S 8656,71 13143,388 14868,947 11857,13 12831,427 737,00995
1,9751812 B 2795,3674 8979,954 8818,891 15782,872 10358,006 9051,642 S 8656,71 13143,388 14868,947 11857,13 12831,427 737,00995
1,9760005 B 2795,3674 8979,954 8818,891 15782,872 10358,006 9051,642 S 8656,71 13143,388 14868,947 11857,13 12831,427 737,00995
1,9760005 B 2795,3674 8979,954 8818,891 15782,872 10358,006 9051,642 S 8656,71 13143,388 14868,947 11857,13 12831,427 737,00995
1,9760002 B 2795,3674 8979,954 8818,891 15782,872 10358,006 9051,642 S 8656,71 13143,388 14868,947 11857,13 12831,427 737,00995
1,9760007 B 2795,3674 8979,954 8818,891 15782,872 10358,006 9051,642 S 8656,71 13143,388 14868,947 11857,13 12831,427 737,00995
1,9760004 B 2795,3674 8979,954 8818,891 15782,872 10358,006 9051,642 S 8656,71 13143,388 14868,947 11857,13 12831,427 737,00995
1,9760004 B 2795,3674 8979,954 8818,891 15782,872 10358,006 9051,642 S 8656,71 13143,388 14868,947 11857,13 12831,427 737,00995
1,9760013 B 2795,3674 8979,954 8818,891 15782,872 10358,006 9051,642 S 8656,71 13143,388 14868,947 11857,13 12831,427 737,00995
1,9760004 B 2795,3674 8979,954 8818,891 15782,872 10358,006 9051,642 S 8656,71 13143,388 14868,947 11857,13 12831,427 737,00995
1,9759995 B 2795,3674 8979,954 8818,891 15782,872 10358,006 9051,642 S 8656,71 13143,388 14868,947 11857,13 12831,427 737,00995
1,9760001 B 2795,3674 8979,954 8818,891 15782,872 10358,006 9051,642 S 8656,71 13143,388 14868,947 11857,13 12831,427 737,00995
1,9763741 B 2795,3674 8979,954 8818,891 15782,872 10358,006 9051,642 S 8656,71 13143,388 14868,947 11857,13 12831,427 737,00995
1,9770005 B 2795,3674 8979,954 8818,891 15782,872 10358,006 9051,642 S 8656,71 13143,388 14868,947 11857,13 12831,427 737,00995
1,9770004 B 2795,3674 8979,954 8818,891 15782,872 10358,006 9051,642 S 8656,71 13143,388 14868,947 11857,13 12831,427 737,00995
1,9769993 B 2795,3674 8979,954 8818,891 15782,872 10358,006 9051,642 S 8656,71 13143,388 14868,947 11857,13 12831,427 737,00995
1,9778005 B 2795,3674 8979,954 8818,891 15782,872 10358,006 9051,642 S 8656,71 13143,388 14868,947 11857,13 12831,427 737,00995
1,9772382 B 2795,3674 8979,954 8818,891 15782,872 10358,006 9051,642 S 8656,71 13143,388 14868,947 11857,13 12831,427 737,00995
1,9758135 B 2795,3674 8979,954 8818,891 15782,872 10358,006 9051,642 S 8656,71 13143,388 14868,947 11857,13 12831,427 737,00995
1,9750003 B 2795,3674 8979,954 8818,891 15782,872 10358,006 9051,642 S 8656,71 13143,388 14868,947 11857,13 12831,427 737,00995
1,9750003 B 2795,3674 8979,954 8818,891 15782,872 10358,006 9051,642 S 8656,71 13143,388 14868,947 11857,13 12831,427 737,00995
1,9750005 B 2795,3674 8979,954 8818,891 15782,872 10358,006 9051,642 S 8656,71 13143,388 14868,947 11857,13 12831,427 737,00995
1,976581 B 2795,3674 8979,954 8818,891 15782,872 10358,006 9051,642 S 8656,71 13143,388 14868,947 11857,13 12831,427 737,00995
1,9769996 B 2795,3674 8979,954 8818,891 15782,872 10358,006 9051,642 S 8656,71 13143,388 14868,947 11857,13 12831,427 737,00995
1,977 B 2795,3674 8979,954 8818,891 15782,872 10358,006 9051,642 S 8656,71 13143,388 14868,947 11857,13 12831,427 737,00995
1,9770006 B 2795,3674 8979,954 8818,891 15782,872 10358,006 9051,642 S 8656,71 13143,388 14868,947 11857,13 12831,427 737,00995
1,9769999 B 2795,3674 8979,954 8818,891 15782,872 10358,006 9051,642 S 8656,71 13143,388 14868,947 11857,13 12831,427 737,00995
1,9770006 B 2795,3674 8979,954 8818,891 15782,872 10358,006 9051,642 S 8656,71 13143,388 14868,947 11857,13 12831,427 737,00995
1,9769998 B 2795,3674 8979,954 8818,891 15782,872 10358,006 9051,642 S 8656,71 13143,388 14868,947 11857,13 12831,427 737,00995
1,977 B 2795,3674 8979,954 8818,891 15782,872 10358,006 9051,642 S 8656,71 13143,388 14868,947 11857,13 12831,427 737,00995
1,9770004 B 2795,3674 8979,954 8818,891 15782,872 10358,006 9051,642 S 8656,71 13143,388 14868,947 11857,13 12831,427 737,00995
1,9769995 B 2795,3674 8979,954 8818,891 15782,872 10358,006 9051,642 S 8656,71 13143,388 14868,947 11857,13 12831,427 737,00995
1,9769996 B 2795,3674 8979,954 8818,891 15782,872 10358,006 9051,642 S 8656,71 13143,388 14868,947 11857,13 12831,427 737,00995
1,977 B 2795,3674 8979,954 8818,891 15782,872 10358,006 9051,642 S 8656,71 13143,388 14868,947 11857,13 12831,427 737,00995
1,9770007 B 2795,3674 8979,954 8818,891 15782,872 10358,006 9051,642 S 8656,71 13143,388 14868,947 11857,13 12831,427 737,00995
1,9770005 B 2795,3674 8979,954 8818,891 15782,872 10358,006 9051,642 S 8656,71 13143,388 14868,947 11857,13 12831,427 737,00995
1,977 B 2795,3674 8979,954 8818,891 15782,872 10358,006 9051,642 S 8656,71 13143,388 14868,947 11857,13 12831,427 737,00995
1,9762856 B 2795,3674 8979,954 8818,891 15782,872 10358,006 9051,642 S 8656,71 13143,388 14868,947 11857,13 12831,427 737,00995
1,9760002 B 2795,3674 8979,954 8818,891 15782,872 10358,006 9051,642 S 8656,71 13143,388 14868,947 11857,13 12831,427 737,00995
1,9760003 B 2795,3674 8979,954 8818,891 15782,872 10358,006 9051,642 S 8656,71 13143,388 14868,947 11857,13 12831,427 737,00995
1,976 B 2795,3674 8979,954 8818,891 15782,872 10358,006 9051,642 S 8656,71 13143,388 14868,947 11857,13 12831,427 737,00995
1,9759998 B 2795,3674 8979,954 8818,891 15782,872 10358,006 9051,642 S 8656,71 13143,388 14868,947 11857,13 12831,427 737,00995
1,9760002 B 2795,3674 8979,954 8818,891 15782,872 10358,006 9051,642 S 8656,71 13143,388 14868,947 11857,13 12831,427 737,00995
1,9759995 B 2795,3674 8979,954 8818,891 15782,872 10358,006 9051,642 S 8656,71 13143,388 14868,947 11857,13 12831,427 737,00995
1,9760003 B 2795,3674 8979,954 8818,891 15782,872 10358,006 9051,642 S 8656,71 13143,388 14868,947 11857,13 12831,427 737,00995
1,9760004 B 2795,3674 8979,954 8818,891 15782,872 10358,006 9051,642 S 8656,71 13143,388 14868,947 11857,13 12831,427 737,00995
1,9759997 B 2795,3674 8979,954 8818,891 15782,872 10358,006 9051,642 S 8656,71 13143,388 14868,947 11857,13 12831,427 737,00995
1,9760004 B 2795,3674 8979,954 8818,891 15782,872 10358,006 9051,642 S 8656,71 13143,388 14868,947 11857,13 12831,427 737,00995
1,9759998 B 2795,3674 8979,954 8818,891 15782,872 10358,006 9051,642 S 8656,71 13143,388 14868,947 11857,13 12831,427 737,00995
1,9759998 B 2795,3674 8979,954 8818,891 15782,872 10358,006 9051,642 S 8656,71 13143,388 14868,947 11857,13 12831,427 737,00995
1,9759998 B 2795,3674 8979,954 8818,891 15782,872 10358,006 9051,642 S 8656,71 13143,388 14868,947 11857,13 12831,427 737,00995
1,9759998 B 2795,3674 8979,954 8818,891 15782,872 10358,006 9051,642 S 8656,71 13143,388 14868,947 11857,13 12831,427 737,00995
1,9760002 B 2795,3674 8979,954 8818,891 15782,872 10358,006 9051,642 S 8656,71 13143,388 14868,947 11857,13 12831,427 737,00995
1,9760007 B 2795,3674 8979,954 8818,891 15782,872 10358,006 9051,642 S 8656,71 13143,388 14868,947 11857,13 12831,427 737,00995
1,9760002 B 2795,3674 8979,954 8818,891 15782,872 10358,006 9051,642 S 8656,71 13143,388 14868,947 11857,13 12831,427 737,00995
1,9760002 B 2795,3674 8979,954 8818,891 15782,872 10358,006 9051,642 S 8656,71 13143,388 14868,947 11857,13 12831,427 737,00995
1,9760002 B 2795,3674 8979,954 8818,891 15782,872 10358,006 9051,642 S 8656,71 13143,388 14868,947 11857,13 12831,427 737,00995
1,9760003 B 2795,3674 8979,954 8818,891 15782,872 10358,006 9051,642 S 8656,71 13143,388 14868,947 11857,13 12831,427 737,00995
1,976001 B 2795,3674 8979,954 8818,891 15782,872 10358,006 9051,642 S 8656,71 13143,388 14868,947 11857,13 12831,427 737,00995
1,9760004 B 2795,3674 8979,954 8818,891 15782,872 10358,006 9051,642 S 8656,71 13143,388 14868,947 11857,13 12831,427 737,00995
1,976 B 2795,3674 8979,954 8818,891 15782,872 10358,006 9051,642 S 8656,71 13143,388 14868,947 11857,13 12831,427 737,00995
1,9760002 B 2795,3674 8979,954 8818,891 15782,872 10358,006 9051,642 S 8656,71 13143,388 14868,947 11857,13 12831,427 737,00995
1,9759784 B 2795,3674 8979,954 8818,891 15782,872 10358,006 9051,642 S 8656,71 13143,388 14868,947 11857,13 12831,427 737,00995
1,975 B 2795,3674 8979,954 8818,891 15782,872 10358,006 9051,642 S 8656,71 13143,388 14868,947 11857,13 12831,427 737,00995
1,9750001 B 2795,3674 8979,954 8818,891 15782,872 10358,006 9051,642 S 8656,71 13143,388 14868,947 11857,13 12831,427 737,00995
1,9749998 B 2795,3674 8979,954 8818,891 15782,872 10358,006 9051,642 S 8656,71 13143,388 14868,947 11857,13 12831,427 737,00995
1,975 B 2795,3674 8979,954 8818,891 15782,872 10358,006 9051,642 S 8656,71 13143,388 14868,947 11857,13 12831,427 737,00995
1,9749998 B 2795,3674 8979,954 8818,891 15782,872 10358,006 9051,642 S 8656,71 13143,388 14868,947 11857,13 12831,427 737,00995
1,9749997 B 2795,3674 8979,954 8818,891 15782,872 10358,006 9051,642 S 8656,71 13143,388 14868,947 11857,13 12831,427 737,00995
1,9750001 B 2795,3674 8979,954 8818,891 15782,872 10358,006 9051,642 S 8656,71 13143,388 14868,947 11857,13 12831,427 737,00995
1,975 B 2795,3674 8979,954 8818,891 15782,872 10358,006 9051,642 S 8656,71 13143,388 14868,947 11857,13 12831,427 737,00995
1,9738921 B 2795,3674 8979,954 8818,891 15782,872 10358,006 9051,642 S 8656,71 13143,388 14868,947 11857,13 12831,427 737,00995
1,9729997 B 2795,3674 8979,954 8818,891 15782,872 10358,006 9051,642 S 8656,71 13143,388 14868,947 11857,13 12831,427 737,00995
1,9729996 B 2795,3674 8979,954 8818,891 15782,872 10358,006 9051,642 S 8656,71 13143,388 14868,947 11857,13 12831,427 737,00995
1,9730002 B 2795,3674 8979,954 8818,891 15782,872 10358,006 9051,642 S 8656,71 13143,388 14868,947 11857,13 12831,427 737,00995
1,9729999 B 2795,3674 8979,954 8818,891 15782,872 10358,006 9051,642 S 8656,71 13143,388 14868,947 11857,13 12831,427 737,00995
1,9721406 B 2795,3674 8979,954 8818,891 15782,872 10358,006 9051,642 S 8656,71 13143,388 14868,947 11857,13 12831,427 737,00995
1,9719999 B 2795,3674 8979,954 8818,891 15782,872 10358,006 9051,642 S 8656,71 13143,388 14868,947 11857,13 12831,427 737,00995
1,9720007 B 2795,3674 8979,954 8818,891 15782,872 10358,006 9051,642 S 8656,71 13143,388 14868,947 11857,13 12831,427 737,00995
1,9720002 B 2795,3674 8979,954 8818,891 15782,872 10358,006 9051,642 S 8656,71 13143,388 14868,947 11857,13 12831,427 737,00995
1,9719996 B 2795,3674 8979,954 8818,891 15782,872 10358,006 9051,642 S 8656,71 13143,388 14868,947 11857,13 12831,427 737,00995
1,972 B 2795,3674 8979,954 8818,891 15782,872 10358,006 9051,642 S 8656,71 13143,388 14868,947 11857,13 12831,427 737,00995
1,9719999 B 2795,3674 8979,954 8818,891 15782,872 10358,006 9051,642 S 8656,71 13143,388 14868,947 11857,13 12831,427 737,00995
1,9720001 B 2795,3674 8979,954 8818,891 15782,872 10358,006 9051,642 S 8656,71 13143,388 14868,947 11857,13 12831,427 737,00995
1,9720006 B 2795,3674 8979,954 8818,891 15782,872 10358,006 9051,642 S 8656,71 13143,388 14868,947 11857,13 12831,427 737,00995
1,9720001 B 2795,3674 8979,954 8818,891 15782,872 10358,006 9051,642 S 8656,71 13143,388 14868,947 11857,13 12831,427 737,00995
1,9719995 B 2795,3674 8979,954 8818,891 15782,872 10358,006 9051,642 S 8656,71 13143,388 14868,947 11857,13 12831,427 737,00995
1,9719999 B 2795,3674 8979,954 8818,891 15782,872 10358,006 9051,642 S 8656,71 13143,388 14868,947 11857,13 12831,427 737,00995
1,9720001 B 2795,3674 8979,954 8818,891 15782,872 10358,006 9051,642 S 8656,71 13143,388 14868,947 11857,13 12831,427 737,00995
1,9719999 B 2795,3674 8979,954 8818,891 15782,872 10358,006 9051,642 S 8656,71 13143,388 14868,947 11857,13 12831,427 737,00995
1,972 B 2795,3674 8979,954 8818,891 15782,872 10358,006 9051,642 S 8656,71 13143,388 14868,947 11857,13 12831,427 737,00995
1,9719999 B 2795,3674 8979,954 8818,891 15782,872 10358,006 9051,642 S 8656,71 13143,388 14868,947 11857,13 12831,427 737,00995
1,9719998 B 2795,3674 8979,954 8818,891 15782,872 10358,006 9051,642 S 8656,71 13143,388 14868,947 11857,13 12831,427 737,00995
1,9719995 B 2795,3674 8979,954 8818,891 15782,872 10358,006 9051,642 S 8656,71 13143,388 14868,947 11857,13 12831,427 737,00995
1,9719998 B 2795,3674 8979,954 8818,891 15782,872 10358,006 9051,642 S 8656,71 13143,388 14868,947 11857,13 12831,427 737,00995
1,9720005 B 2795,3674 8979,954 8818,891 15782,872 10358,006 9051,642 S 8656,71 13143,388 14868,947 11857,13 12831,427 737,00995
1,9720006 B 2795,3674 8979,954 8818,891 15782,872 10358,006 9051,642 S 8656,71 13143,388 14868,947 11857,13 12831,427 737,00995
1,9719996 B 2795,3674 8979,954 8818,891 15782,872 10358,006 9051,642 S 8656,71 13143,388 14868,947 11857,13 12831,427 737,00995
1,972 B 2795,3674 8979,954 8818,891 15782,872 10358,006 9051,642 S 8656,71 13143,388 14868,947 11857,13 12831,427 737,00995
1,9720001 B 2795,3674 8979,954 8818,891 15782,872 10358,006 9051,642 S 8656,71 13143,388 14868,947 11857,13 12831,427 737,00995
1,9719993 B 2795,3674 8979,954 8818,891 15782,872 10358,006 9051,642 S 8656,71 13143,388 14868,947 11857,13 12831,427 737,00995
1,9720002 B 2795,3674 8979,954 8818,891 15782,872 10358,006 9051,642 S 8656,71 13143,388 14868,947 11857,13 12831,427 737,00995
1,9720001 B 2795,3674 8979,954 8818,891 15782,872 10358,006 9051,642 S 8656,71 13143,388 14868,947 11857,13 12831,427 737,00995
1,9720004 B 2795,3674 8979,954 8818,891 15782,872 10358,006 9051,642 S 8656,71 13143,388 14868,947 11857,13 12831,427 737,00995
1,9720004 B 2795,3674 8979,954 8818,891 15782,872 10358,006 9051,642 S 8656,71 13143,388 14868,947 11857,13 12831,427 737,00995
1,9723815 B 2795,3674 8979,954 8818,891 15782,872 10358,006 9051,642 S 8656,71 13143,388 14868,947 11857,13 12831,427 737,00995
1,9730003 B 2795,3674 8979,954 8818,891 15782,872 10358,006 9051,642 S 8656,71 13143,388 14868,947 11857,13 12831,427 737,00995
1,9729999 B 2795,3674 8979,954 8818,891 15782,872 10358,006 9051,642 S 8656,71 13143,388 14868,947 11857,13 12831,427 737,00995
1,9731076 B 2795,3674 8979,954 8818,891 15782,872 10358,006 9051,642 S 8656,71 13143,388 14868,947 11857,13 12831,427 737,00995
1,9739999 B 2795,3674 8979,954 8818,891 15782,872 10358,006 9051,642 S 8656,71 13143,388 14868,947 11857,13 12831,427 737,00995
1,9739999 B 2795,3674 8979,954 8818,891 15782,872 10358,006 9051,642 S 8656,71 13143,388 14868,947 11857,13 12831,427 737,00995
1,9740003 B 2795,3674 8979,954 8818,891 15782,872 10358,006 9051,642 S 8656,71 13143,388 14868,947 11857,13 12831,427 737,00995
1,9740002 B 2795,3674 8979,954 8818,891 15782,872 10358,006 9051,642 S 8656,71 13143,388 14868,947 11857,13 12831,427 737,00995
1,9740001 B 2795,3674 8979,954 8818,891 15782,872 10358,006 9051,642 S 8656,71 13143,388 14868,947 11857,13 12831,427 737,00995
1,9740006 B 2795,3674 8979,954 8818,891 15782,872 10358,006 9051,642 S 8656,71 13143,388 14868,947 11857,13 12831,427 737,00995
1,9740002 B 2795,3674 8979,954 8818,891 15782,872 10358,006 9051,642 S 8656,71 13143,388 14868,947 11857,13 12831,427 737,00995
1,9740002 B 2795,3674 8979,954 8818,891 15782,872 10358,006 9051,642 S 8656,71 13143,388 14868,947 11857,13 12831,427 737,00995
1,9740007 B 2795,3674 8979,954 8818,891 15782,872 10358,006 9051,642 S 8656,71 13143,388 14868,947 11857,13 12831,427 737,00995
1,9739996 B 2795,3674 8979,954 8818,891 15782,872 10358,006 9051,642 S 8656,71 13143,388 14868,947 11857,13 12831,427 737,00995
1,9740005 B 2795,3674 8979,954 8818,891 15782,872 10358,006 9051,642 S 8656,71 13143,388 14868,947 11857,13 12831,427 737,00995
1,9740005 B 2795,3674 8979,954 8818,891 15782,872 10358,006 9051,642 S 8656,71 13143,388 14868,947 11857,13 12831,427 737,00995
1,9740003 B 2795,3674 8979,954 8818,891 15782,872 10358,006 9051,642 S 8656,71 13143,388 14868,947 11857,13 12831,427 737,00995
1,9739995 B 2795,3674 8979,954 8818,891 15782,872 10358,006 9051,642 S 8656,71 13143,388 14868,947 11857,13 12831,427 737,00995
1,9739999 B 2795,3674 8979,954 8818,891 15782,872 10358,006 9051,642 S 8656,71 13143,388 14868,947 11857,13 12831,427 737,00995
1,9740006 B 2795,3674 8979,954 8818,891 15782,872 10358,006 9051,642 S 8656,71 13143,388 14868,947 11857,13 12831,427 737,00995
1,9740003 B 2795,3674 8979,954 8818,891 15782,872 10358,006 9051,642 S 8656,71 13143,388 14868,947 11857,13 12831,427 737,00995
1,9735036 B 2795,3674 8979,954 8818,891 15782,872 10358,006 9051,642 S 8656,71 13143,388 14868,947 11857,13 12831,427 737,00995
1,9729997 B 2795,3674 8979,954 8818,891 15782,872 10358,006 9051,642 S 8656,71 13143,388 14868,947 11857,13 12831,427 737,00995
1,9730003 B 2795,3674 8979,954 8818,891 15782,872 10358,006 9051,642 S 8656,71 13143,388 14868,947 11857,13 12831,427 737,00995
1,9730003 B 2795,3674 8979,954 8818,891 15782,872 10358,006 9051,642 S 8656,71 13143,388 14868,947 11857,13 12831,427 737,00995
1,973 B 2795,3674 8979,954 8818,891 15782,872 10358,006 9051,642 S 8656,71 13143,388 14868,947 11857,13 12831,427 737,00995
1,973 B 2795,3674 8979,954 8818,891 15782,872 10358,006 9051,642 S 8656,71 13143,388 14868,947 11857,13 12831,427 737,00995
1,9730004 B 2795,3674 8979,954 8818,891 15782,872 10358,006 9051,642 S 8656,71 13143,388 14868,947 11857,13 12831,427 737,00995
1,9730002 B 2795,3674 8979,954 8818,891 15782,872 10358,006 9051,642 S 8656,71 13143,388 14868,947 11857,13 12831,427 737,00995
1,9729995 B 2795,3674 8979,954 8818,891 15782,872 10358,006 9051,642 S 8656,71 13143,388 14868,947 11857,13 12831,427 737,00995
1,9729998 B 2795,3674 8979,954 8818,891 15782,872 10358,006 9051,642 S 8656,71 13143,388 14868,947 11857,13 12831,427 737,00995
1,9724363 B 2795,3674 8979,954 8818,891 15782,872 10358,006 9051,642 S 8656,71 13143,388 14868,947 11857,13 12831,427 737,00995
1,9720001 B 2795,3674 8979,954 8818,891 15782,872 10358,006 9051,642 S 8656,71 13143,388 14868,947 11857,13 12831,427 737,00995
1,9719996 B 2795,3674 8979,954 8818,891 15782,872 10358,006 9051,642 S 8656,71 13143,388 14868,947 11857,13 12831,427 737,00995
1,9719998 B 2795,3674 8979,954 8818,891 15782,872 10358,006 9051,642 S 8656,71 13143,388 14868,947 11857,13 12831,427 737,00995
1,9720002 B 2795,3674 8979,954 8818,891 15782,872 10358,006 9051,642 S 8656,71 13143,388 14868,947 11857,13 12831,427 737,00995
1,9719998 B 2795,3674 8979,954 8818,891 15782,872 10358,006 9051,642 S 8656,71 13143,388 14868,947 11857,13 12831,427 737,00995
1,9726562 B 2795,3674 8979,954 8818,891 15782,872 10358,006 9051,642 S 8656,71 13143,388 14868,947 11857,13 12831,427 737,00995
1,9739999 B 2795,3674 8979,954 8818,891 15782,872 10358,006 9051,642 S 8656,71 13143,388 14868,947 11857,13 12831,427 737,00995
1,9740002 B 2795,3674 8979,954 8818,891 15782,872 10358,006 9051,642 S 8656,71 13143,388 14868,947 11857,13 12831,427 737,00995
1,9740002 B 2795,3674 8979,954 8818,891 15782,872 10358,006 9051,642 S 8656,71 13143,388 14868,947 11857,13 12831,427 737,00995
1,9739997 B 2795,3674 8979,954 8818,891 15782,872 10358,006 9051,642 S 8656,71 13143,388 14868,947 11857,13 12831,427 737,00995
1,9740005 B 2795,3674 8979,954 8818,891 15782,872 10358,006 9051,642 S 8656,71 13143,388 14868,947 11857,13 12831,427 737,00995
1,9740003 B 2795,3674 8979,954 8818,891 15782,872 10358,006 9051,642 S 8656,71 13143,388 14868,947 11857,13 12831,427 737,00995
1,9740003 B 2795,3674 8979,954 8818,891 15782,872 10358,006 9051,642 S 8656,71 13143,388 14868,947 11857,13 12831,427 737,00995
1,9740003 B 2795,3674 8979,954 8818,891 15782,872 10358,006 9051,642 S 8656,71 13143,388 14868,947 11857,13 12831,427 737,00995
1,9740002 B 2795,3674 8979,954 8818,891 15782,872 10358,006 9051,642 S 8656,71 13143,388 14868,947 11857,13 12831,427 737,00995
1,9739999 B 2795,3674 8979,954 8818,891 15782,872 10358,006 9051,642 S 8656,71 13143,388 14868,947 11857,13 12831,427 737,00995
1,9740006 B 2795,3674 8979,954 8818,891 15782,872 10358,006 9051,642 S 8656,71 13143,388 14868,947 11857,13 12831,427 737,00995
1,9740006 B 2795,3674 8979,954 8818,891 15782,872 10358,006 9051,642 S 8656,71 13143,388 14868,947 11857,13 12831,427 737,00995
1,9740002 B 2795,3674 8979,954 8818,891 15782,872 10358,006 9051,642 S 8656,71 13143,388 14868,947 11857,13 12831,427 737,00995
1,9740003 B 2795,3674 8979,954 8818,891 15782,872 10358,006 9051,642 S 8656,71 13143,388 14868,947 11857,13 12831,427 737,00995
1,9740001 B 2795,3674 8979,954 8818,891 15782,872 10358,006 9051,642 S 8656,71 13143,388 14868,947 11857,13 12831,427 737,00995
1,9740008 B 2795,3674 8979,954 8818,891 15782,872 10358,006 9051,642 S 8656,71 13143,388 14868,947 11857,13 12831,427 737,00995
1,9739999 B 2795,3674 8979,954 8818,891 15782,872 10358,006 9051,642 S 8656,71 13143,388 14868,947 11857,13 12831,427 737,00995
1,9740001 B 2795,3674 8979,954 8818,891 15782,872 10358,006 9051,642 S 8656,71 13143,388 14868,947 11857,13 12831,427 737,00995
1,9739997 B 2795,3674 8979,954 8818,891 15782,872 10358,006 9051,642 S 8656,71 13143,388 14868,947 11857,13 12831,427 737,00995
1,9739996 B 2795,3674 8979,954 8818,891 15782,872 10358,006 9051,642 S 8656,71 13143,388 14868,947 11857,13 12831,427 737,00995
1,9739997 B 2795,3674 8979,954 8818,891 15782,872 10358,006 9051,642 S 8656,71 13143,388 14868,947 11857,13 12831,427 737,00995
1,9739999 B 2795,3674 8979,954 8818,891 15782,872 10358,006 9051,642 S 8656,71 13143,388 14868,947 11857,13 12831,427 737,00995
1,9740002 B 2795,3674 8979,954 8818,891 15782,872 10358,006 9051,642 S 8656,71 13143,388 14868,947 11857,13 12831,427 737,00995
1,9740006 B 2795,3674 8979,954 8818,891 15782,872 10358,006 9051,642 S 8656,71 13143,388 14868,947 11857,13 12831,427 737,00995
1,9740001 B 2795,3674 8979,954 8818,891 15782,872 10358,006 9051,642 S 8656,71 13143,388 14868,947 11857,13 12831,427 737,00995
1,9739996 B 2795,3674 8979,954 8818,891 15782,872 10358,006 9051,642 S 8656,71 13143,388 14868,947 11857,13 12831,427 737,00995
1,9739999 B 2795,3674 8979,954 8818,891 15782,872 10358,006 9051,642 S 8656,71 13143,388 14868,947 11857,13 12831,427 737,00995
1,9740003 B 2795,3674 8979,954 8818,891 15782,872 10358,006 9051,642 S 8656,71 13143,388 14868,947 11857,13 12831,427 737,00995
1,9740001 B 2795,3674 8979,954 8818,891 15782,872 10358,006 9051,642 S 8656,71 13143,388 14868,947 11857,13 12831,427 737,00995
1,9739999 B 2795,3674 8979,954 8818,891 15782,872 10358,006 9051,642 S 8656,71 13143,388 14868,947 11857,13 12831,427 737,00995
1,9740006 B 2795,3674 8979,954 8818,891 15782,872 10358,006 9051,642 S 8656,71 13143,388 14868,947 11857,13 12831,427 737,00995
1,9739996 B 2795,3674 8979,954 8818,891 15782,872 10358,006 9051,642 S 8656,71 13143,388 14868,947 11857,13 12831,427 737,00995
1,9739999 B 2795,3674 8979,954 8818,891 15782,872 10358,006 9051,642 S 8656,71 13143,388 14868,947 11857,13 12831,427 737,00995
1,9740002 B 2795,3674 8979,954 8818,891 15782,872 10358,006 9051,642 S 8656,71 13143,388 14868,947 11857,13 12831,427 737,00995
1,9740001 B 2795,3674 8979,954 8818,891 15782,872 10358,006 9051,642 S 8656,71 13143,388 14868,947 11857,13 12831,427 737,00995
1,9740001 B 2795,3674 8979,954 8818,891 15782,872 10358,006 9051,642 S 8656,71 13143,388 14868,947 11857,13 12831,427 737,00995
1,9740007 B 2795,3674 8979,954 8818,891 15782,872 10358,006 9051,642 S 8656,71 13143,388 14868,947 11857,13 12831,427 737,00995
1,9739995 B 2795,3674 8979,954 8818,891 15782,872 10358,006 9051,642 S 8656,71 13143,388 14868,947 11857,13 12831,427 737,00995
1,9740001 B 2795,3674 8979,954 8818,891 15782,872 10358,006 9051,642 S 8656,71 13143,388 14868,947 11857,13 12831,427 737,00995
1,9740003 B 2795,3674 8979,954 8818,891 15782,872 10358,006 9051,642 S 8656,71 13143,388 14868,947 11857,13 12831,427 737,00995
1,9740003 B 2795,3674 8979,954 8818,891 15782,872 10358,006 9051,642 S 8656,71 13143,388 14868,947 11857,13 12831,427 737,00995
1,9740005 B 2795,3674 8979,954 8818,891 15782,872 10358,006 9051,642 S 8656,71 13143,388 14868,947 11857,13 12831,427 737,00995
1,9739999 B 2795,3674 8979,954 8818,891 15782,872 10358,006 9051,642 S 8656,71 13143,388 14868,947 11857,13 12831,427 737,00995
1,9740001 B 2795,3674 8979,954 8818,891 15782,872 10358,006 9051,642 S 8656,71 13143,388 14868,947 11857,13 12831,427 737,00995
1,9740001 B 2795,3674 8979,954 8818,891 15782,872 10358,006 9051,642 S 8656,71 13143,388 14868,947 11857,13 12831,427 737,00995
1,9739999 B 2795,3674 8979,954 8818,891 15782,872 10358,006 9051,642 S 8656,71 13143,388 14868,947 11857,13 12831,427 737,00995
1,9739996 B 2795,3674 8979,954 8818,891 15782,872 10358,006 9051,642 S 8656,71 13143,388 14868,947 11857,13 12831,427 737,00995
1,9740002 B 2795,3674 8979,954 8818,891 15782,872 10358,006 9051,642 S 8656,71 13143,388 14868,947 11857,13 12831,427 737,00995
1,9740003 B 2795,3674 8979,954 8818,891 15782,872 10358,006 9051,642 S 8656,71 13143,388 14868,947 11857,13 12831,427 737,00995
1,9740002 B 2795,3674 8979,954 8818,891 15782,872 10358,006 9051,642 S 8656,71 13143,388 14868,947 11857,13 12831,427 737,00995
1,9739994 B 2795,3674 8979,954 8818,891 15782,872 10358,006 9051,642 S 8656,71 13143,388 14868,947 11857,13 12831,427 737,00995
1,9740003 B 2795,3674 8979,954 8818,891 15782,872 10358,006 9051,642 S 8656,71 13143,388 14868,947 11857,13 12831,427 737,00995
1,9740003 B 2795,3674 8979,954 8818,891 15782,872 10358,006 9051,642 S 8656,71 13143,388 14868,947 11857,13 12831,427 737,00995
1,9753401 B 2795,3674 8979,954 8818,891 15782,872 10358,006 9051,642 S 8656,71 13143,388 14868,947 11857,13 12831,427 737,00995
1,9760002 B 2795,3674 8979,954 8818,891 15782,872 10358,006 9051,642 S 8656,71 13143,388 14868,947 11857,13 12831,427 737,00995
1,9760007 B 2795,3674 8979,954 8818,891 15782,872 10358,006 9051,642 S 8656,71 13143,388 14868,947 11857,13 12831,427 737,00995
1,9760007 B 2795,3674 8979,954 8818,891 15782,872 10358,006 9051,642 S 8656,71 13143,388 14868,947 11857,13 12831,427 737,00995
1,9760002 B 2795,3674 8979,954 8818,891 15782,872 10358,006 9051,642 S 8656,71 13143,388 14868,947 11857,13 12831,427 737,00995
1,9760003 B 2795,3674 8979,954 8818,891 15782,872 10358,006 9051,642 S 8656,71 13143,388 14868,947 11857,13 12831,427 737,00995
1,9759998 B 2795,3674 8979,954 8818,891 15782,872 10358,006 9051,642 S 8656,71 13143,388 14868,947 11857,13 12831,427 737,00995
1,9760002 B 2795,3674 8979,954 8818,891 15782,872 10358,006 9051,642 S 8656,71 13143,388 14868,947 11857,13 12831,427 737,00995
1,9760005 B 2795,3674 8979,954 8818,891 15782,872 10358,006 9051,642 S 8656,71 13143,388 14868,947 11857,13 12831,427 737,00995
1,9760004 B 2795,3674 8979,954 8818,891 15782,872 10358,006 9051,642 S 8656,71 13143,388 14868,947 11857,13 12831,427 737,00995
1,9767545 B 2795,3674 8979,954 8818,891 15782,872 10358,006 9051,642 S 8656,71 13143,388 14868,947 11857,13 12831,427 737,00995
1,9770004 B 2795,3674 8979,954 8818,891 15782,872 10358,006 9051,642 S 8656,71 13143,388 14868,947 11857,13 12831,427 737,00995
1,9769996 B 2795,3674 8979,954 8818,891 15782,872 10358,006 9051,642 S 8656,71 13143,388 14868,947 11857,13 12831,427 737,00995
1,977 B 2795,3674 8979,954 8818,891 15782,872 10358,006 9051,642 S 8656,71 13143,388 14868,947 11857,13 12831,427 737,00995
1,9769994 B 2795,3674 8979,954 8818,891 15782,872 10358,006 9051,642 S 8656,71 13143,388 14868,947 11857,13 12831,427 737,00995
1,9769996 B 2795,3674 8979,954 8818,891 15782,872 10358,006 9051,642 S 8656,71 13143,388 14868,947 11857,13 12831,427 737,00995
1,9769999 B 2795,3674 8979,954 8818,891 15782,872 10358,006 9051,642 S 8656,71 13143,388 14868,947 11857,13 12831,427 737,00995
1,9770001 B 2795,3674 8979,954 8818,891 15782,872 10358,006 9051,642 S 8656,71 13143,388 14868,947 11857,13 12831,427 737,00995
1,9770001 B 2795,3674 8979,954 8818,891 15782,872 10358,006 9051,642 S 8656,71 13143,388 14868,947 11857,13 12831,427 737,00995
1,9770006 B 2795,3674 8979,954 8818,891 15782,872 10358,006 9051,642 S 8656,71 13143,388 14868,947 11857,13 12831,427 737,00995
1,9768921 B 2795,3674 8979,954 8818,891 15782,872 10358,006 9051,642 S 8656,71 13143,388 14868,947 11857,13 12831,427 737,00995
1,9760003 B 2795,3674 8979,954 8818,891 15782,872 10358,006 9051,642 S 8656,71 13143,388 14868,947 11857,13 12831,427 737,00995
1,9760005 B 2795,3674 8979,954 8818,891 15782,872 10358,006 9051,642 S 8656,71 13143,388 14868,947 11857,13 12831,427 737,00995
1,9760007 B 2795,3674 8979,954 8818,891 15782,872 10358,006 9051,642 S 8656,71 13143,388 14868,947 11857,13 12831,427 737,00995
1,9760004 B 2795,3674 8979,954 8818,891 15782,872 10358,006 9051,642 S 8656,71 13143,388 14868,947 11857,13 12831,427 737,00995
1,9760005 B 2795,3674 8979,954 8818,891 15782,872 10358,006 9051,642 S 8656,71 13143,388 14868,947 11857,13 12831,427 737,00995
1,9760005 B 2795,3674 8979,954 8818,891 15782,872 10358,006 9051,642 S 8656,71 13143,388 14868,947 11857,13 12831,427 737,00995
1,9760002 B 2795,3674 8979,954 8818,891 15782,872 10358,006 9051,642 S 8656,71 13143,388 14868,947 11857,13 12831,427 737,00995
1,9760004 B 2795,3674 8979,954 8818,891 15782,872 10358,006 9051,642 S 8656,71 13143,388 14868,947 11857,13 12831,427 737,00995
1,9760005 B 2795,3674 8979,954 8818,891 15782,872 10358,006 9051,642 S 8656,71 13143,388 14868,947 11857,13 12831,427 737,00995
