1,9733149
1,9715332 B 1571,3186 11459,256 15553,999 10322,373 14546,77 271,01007 S 4912,8037 12151,991 15981,591 2650,198 10206,658 8323,079
1,9729997 B 1571,3186 11459,256 15553,999 10322,373 14546,77 271,01007 S 4912,8037 12151,991 15981,591 2650,198 10206,658 8323,079
1,9729997 B 1571,3186 11459,256 15553,999 10322,373 14546,77 271,01007 S 4912,8037 12151,991 15981,591 2650,198 10206,658 8323,079
1,9730004 B 1571,3186 11459,256 15553,999 10322,373 14546,77 271,01007 S 4912,8037 12151,991 15981,591 2650,198 10206,658 8323,079
1,9730004 B 1571,3186 11459,256 15553,999 10322,373 14546,77 271,01007 S 4912,8037 12151,991 15981,591 2650,198 10206,658 8323,079
1,9729999 B 1571,3186 11459,256 15553,999 10322,373 14546,77 271,01007 S 4912,8037 12151,991 15981,591 2650,198 10206,658 8323,079
1,9729999 B 1571,3186 11459,256 15553,999 10322,373 14546,77 271,01007 S 4912,8037 12151,991 15981,591 2650,198 10206,658 8323,079
1,9720006 B 1571,3186 11459,256 15553,999 10322,373 14546,77 271,01007 S 4912,8037 12151,991 15981,591 2650,198 10206,658 8323,079
1,9720004 B 1571,3186 11459,256 15553,999 10322,373 14546,77 271,01007 S 4912,8037 12151,991 15981,591 2650,198 10206,658 8323,079
1,9719999 B 1571,3186 11459,256 15553,999 10322,373 14546,77 271,01007 S 4912,8037 12151,991 15981,591 2650,198 10206,658 8323,079
1,9720004 B 1571,3186 11459,256 15553,999 10322,373 14546,77 271,01007 S 4912,8037 12151,991 15981,591 2650,198 10206,658 8323,079
1,9720002 B 1571,3186 11459,256 15553,999 10322,373 14546,77 271,01007 S 4912,8037 12151,991 15981,591 2650,198 10206,658 8323,079
1,9720002 B 1571,3186 11459,256 15553,999 10322,373 14546,77 271,01007 S 4912,8037 12151,991 15981,591 2650,198 10206,658 8323,079
1,9720005 B 1571,3186 11459,256 15553,999 10322,373 14546,77 271,01007 S 4912,8037 12151,991 15981,591 2650,198 10206,658 8323,079
1,9720001 B 1571,3186 11459,256 15553,999 10322,373 14546,77 271,01007 S 4912,8037 12151,991 15981,591 2650,198 10206,658 8323,079
1,9719999 B 1571,3186 11459,256 15553,999 10322,373 14546,77 271,01007 S 4912,8037 12151,991 15981,591 2650,198 10206,658 8323,079
1,9720002 B 1571,3186 11459,256 15553,999 10322,373 14546,77 271,01007 S 4912,8037 12151,991 15981,591 2650,198 10206,658 8323,079
1,9719999 B 1571,3186 11459,256 15553,999 10322,373 14546,77 271,01007 S 4912,8037 12151,991 15981,591 2650,198 10206,658 8323,079
1,9719996 B 1571,3186 11459,256 15553,999 10322,373 14546,77 271,01007 S 4912,8037 12151,991 15981,591 2650,198 10206,658 8323,079
1,972 B 1571,3186 11459,256 15553,999 10322,373 14546,77 271,01007 S 4912,8037 12151,991 15981,591 2650,198 10206,658 8323,079
1,9719999 B 1571,3186 11459,256 15553,999 10322,373 14546,77 271,01007 S 4912,8037 12151,991 15981,591 2650,198 10206,658 8323,079
1,9720004 B 1571,3186 11459,256 15553,999 10322,373 14546,77 271,01007 S 4912,8037 12151,991 15981,591 2650,198 10206,658 8323,079
1,9719999 B 1571,3186 11459,256 15553,999 10322,373 14546,77 271,01007 S 4912,8037 12151,991 15981,591 2650,198 10206,658 8323,079
1,9719995 B 1571,3186 11459,256 15553,999 10322,373 14546,77 271,01007 S 4912,8037 12151,991 15981,591 2650,198 10206,658 8323,079
1,9719996 B 1571,3186 11459,256 15553,999 10322,373 14546,77 271,01007 S 4912,8037 12151,991 15981,591 2650,198 10206,658 8323,079
1,9720005 B 1571,3186 11459,256 15553,999 10322,373 14546,77 271,01007 S 4912,8037 12151,991 15981,591 2650,198 10206,658 8323,079
1,9720001 B 1571,3186 11459,256 15553,999 10322,373 14546,77 271,01007 S 4912,8037 12151,991 15981,591 2650,198 10206,658 8323,079
1,9720001 B 1571,3186 11459,256 15553,999 10322,373 14546,77 271,01007 S 4912,8037 12151,991 15981,591 2650,198 10206,658 8323,079
1,972 B 1571,3186 11459,256 15553,999 10322,373 14546,77 271,01007 S 4912,8037 12151,991 15981,591 2650,198 10206,658 8323,079
1,9719998 B 1571,3186 11459,256 15553,999 10322,373 14546,77 271,01007 S 4912,8037 12151,991 15981,591 2650,198 10206,658 8323,079
1,9733425 B 1571,3186 11459,256 15553,999 10322,373 14546,77 271,01007 S 4912,8037 12151,991 15981,591 2650,198 10206,658 8323,079
1,9760005 B 1571,3186 11459,256 15553,999 10322,373 14546,77 271,01007 S 4912,8037 12151,991 15981,591 2650,198 10206,658 8323,079
1,9760003 B 1571,3186 11459,256 15553,999 10322,373 14546,77 271,01007 S 4912,8037 12151,991 15981,591 2650,198 10206,658 8323,079
1,9760007 B 1571,3186 11459,256 15553,999 10322,373 14546,77 271,01007 S 4912,8037 12151,991 15981,591 2650,198 10206,658 8323,079
1,9760009 B 1571,3186 11459,256 15553,999 10322,373 14546,77 271,01007 S 4912,8037 12151,991 15981,591 2650,198 10206,658 8323,079
1,9760007 B 1571,3186 11459,256 15553,999 10322,373 14546,77 271,01007 S 4912,8037 12151,991 15981,591 2650,198 10206,658 8323,079
1,9760002 B 1571,3186 11459,256 15553,999 10322,373 14546,77 271,01007 S 4912,8037 12151,991 15981,591 2650,198 10206,658 8323,079
1,9760004 B 1571,3186 11459,256 15553,999 10322,373 14546,77 271,01007 S 4912,8037 12151,991 15981,591 2650,198 10206,658 8323,079
1,9760007 B 1571,3186 11459,256 15553,999 10322,373 14546,77 271,01007 S 4912,8037 12151,991 15981,591 2650,198 10206,658 8323,079
1,9760011 B 1571,3186 11459,256 15553,999 10322,373 14546,77 271,01007 S 4912,8037 12151,991 15981,591 2650,198 10206,658 8323,079
1,9760004 B 1571,3186 11459,256 15553,999 10322,373 14546,77 271,01007 S 4912,8037 12151,991 15981,591 2650,198 10206,658 8323,079
1,9760004 B 1571,3186 11459,256 15553,999 10322,373 14546,77 271,01007 S 4912,8037 12151,991 15981,591 2650,198 10206,658 8323,079
1,9760004 B 1571,3186 11459,256 15553,999 10322,373 14546,77 271,01007 S 4912,8037 12151,991 15981,591 2650,198 10206,658 8323,079
1,9760009 B 1571,3186 11459,256 15553,999 10322,373 14546,77 271,01007 S 4912,8037 12151,991 15981,591 2650,198 10206,658 8323,079
1,9751483 B 1571,3186 11459,256 15553,999 10322,373 14546,77 271,01007 S 4912,8037 12151,991 15981,591 2650,198 10206,658 8323,079
1,9743484 B 1571,3186 11459,256 15553,999 10322,373 14546,77 271,01007 S 4912,8037 12151,991 15981,591 2650,198 10206,658 8323,079
1,9740008 B 1571,3186 11459,256 15553,999 10322,373 14546,77 271,01007 S 4912,8037 12151,991 15981,591 2650,198 10206,658 8323,079
1,9740008 B 1571,3186 11459,256 15553,999 10322,373 14546,77 271,01007 S 4912,8037 12151,991 15981,591 2650,198 10206,658 8323,079
1,9740003 B 1571,3186 11459,256 15553,999 10322,373 14546,77 271,01007 S 4912,8037 12151,991 15981,591 2650,198 10206,658 8323,079
1,9740005 B 1571,3186 11459,256 15553,999 10322,373 14546,77 271,01007 S 4912,8037 12151,991 15981,591 2650,198 10206,658 8323,079
1,9740003 B 1571,3186 11459,256 15553,999 10322,373 14546,77 271,01007 S 4912,8037 12151,991 15981,591 2650,198 10206,658 8323,079
1,9740003 B 1571,3186 11459,256 15553,999 10322,373 14546,77 271,01007 S 4912,8037 12151,991 15981,591 2650,198 10206,658 8323,079
1,9740003 B 1571,3186 11459,256 15553,999 10322,373 14546,77 271,01007 S 4912,8037 12151,991 15981,591 2650,198 10206,658 8323,079
1,9740003 B 1571,3186 11459,256 15553,999 10322,373 14546,77 271,01007 S 4912,8037 12151,991 15981,591 2650,198 10206,658 8323,079
1,9740005 B 1571,3186 11459,256 15553,999 10322,373 14546,77 271,01007 S 4912,8037 12151,991 15981,591 2650,198 10206,658 8323,079
1,9740006 B 1571,3186 11459,256 15553,999 10322,373 14546,77 271,01007 S 4912,8037 12151,991 15981,591 2650,198 10206,658 8323,079
1,9739997 B 1571,3186 11459,256 15553,999 10322,373 14546,77 271,01007 S 4912,8037 12151,991 15981,591 2650,198 10206,658 8323,079
1,9739997 B 1571,3186 11459,256 15553,999 10322,373 14546,77 271,01007 S 4912,8037 12151,991 15981,591 2650,198 10206,658 8323,079
1,9740006 B 1571,3186 11459,256 15553,999 10322,373 14546,77 271,01007 S 4912,8037 12151,991 15981,591 2650,198 10206,658 8323,079
1,9740002 B 1571,3186 11459,256 15553,999 10322,373 14546,77 271,01007 S 4912,8037 12151,991 15981,591 2650,198 10206,658 8323,079
1,9740001 B 1571,3186 11459,256 15553,999 10322,373 14546,77 271,01007 S 4912,8037 12151,991 15981,591 2650,198 10206,658 8323,079
1,9758238 B 1571,3186 11459,256 15553,999 10322,373 14546,77 271,01007 S 4912,8037 12151,991 15981,591 2650,198 10206,658 8323,079
1,9760004 B 1571,3186 11459,256 15553,999 10322,373 14546,77 271,01007 S 4912,8037 12151,991 15981,591 2650,198 10206,658 8323,079
1,9760003 B 1571,3186 11459,256 15553,999 10322,373 14546,77 271,01007 S 4912,8037 12151,991 15981,591 2650,198 10206,658 8323,079
1,9760002 B 1571,3186 11459,256 15553,999 10322,373 14546,77 271,01007 S 4912,8037 12151,991 15981,591 2650,198 10206,658 8323,079
1,9760003 B 1571,3186 11459,256 15553,999 10322,373 14546,77 271,01007 S 4912,8037 12151,991 15981,591 2650,198 10206,658 8323,079
1,9760009 B 1571,3186 11459,256 15553,999 10322,373 14546,77 271,01007 S 4912,8037 12151,991 15981,591 2650,198 10206,658 8323,079
1,9759998 B 1571,3186 11459,256 15553,999 10322,373 14546,77 271,01007 S 4912,8037 12151,991 15981,591 2650,198 10206,658 8323,079
1,9760002 B 1571,3186 11459,256 15553,999 10322,373 14546,77 271,01007 S 4912,8037 12151,991 15981,591 2650,198 10206,658 8323,079
1,976 B 1571,3186 11459,256 15553,999 10322,373 14546,77 271,01007 S 4912,8037 12151,991 15981,591 2650,198 10206,658 8323,079
1,9760004 B 1571,3186 11459,256 15553,999 10322,373 14546,77 271,01007 S 4912,8037 12151,991 15981,591 2650,198 10206,658 8323,079
1,976 B 1571,3186 11459,256 15553,999 10322,373 14546,77 271,01007 S 4912,8037 12151,991 15981,591 2650,198 10206,658 8323,079
1,976 B 1571,3186 11459,256 15553,999 10322,373 14546,77 271,01007 S 4912,8037 12151,991 15981,591 2650,198 10206,658 8323,079
1,9760002 B 1571,3186 11459,256 15553,999 10322,373 14546,77 271,01007 S 4912,8037 12151,991 15981,591 2650,198 10206,658 8323,079
1,976 B 1571,3186 11459,256 15553,999 10322,373 14546,77 271,01007 S 4912,8037 12151,991 15981,591 2650,198 10206,658 8323,079
1,9760005 B 1571,3186 11459,256 15553,999 10322,373 14546,77 271,01007 S 4912,8037 12151,991 15981,591 2650,198 10206,658 8323,079
1,9760009 B 1571,3186 11459,256 15553,999 10322,373 14546,77 271,01007 S 4912,8037 12151,991 15981,591 2650,198 10206,658 8323,079
1,9760005 B 1571,3186 11459,256 15553,999 10322,373 14546,77 271,01007 S 4912,8037 12151,991 15981,591 2650,198 10206,658 8323,079
1,9760002 B 1571,3186 11459,256 15553,999 10322,373 14546,77 271,01007 S 4912,8037 12151,991 15981,591 2650,198 10206,658 8323,079
1,976 B 1571,3186 11459,256 15553,999 10322,373 14546,77 271,01007 S 4912,8037 12151,991 15981,591 2650,198 10206,658 8323,079
1,9760003 B 1571,3186 11459,256 15553,999 10322,373 14546,77 271,01007 S 4912,8037 12151,991 15981,591 2650,198 10206,658 8323,079
1,9760009 B 1571,3186 11459,256 15553,999 10322,373 14546,77 271,01007 S 4912,8037 12151,991 15981,591 2650,198 10206,658 8323,079
1,976 B 1571,3186 11459,256 15553,999 10322,373 14546,77 271,01007 S 4912,8037 12151,991 15981,591 2650,198 10206,658 8323,079
1,9760004 B 1571,3186 11459,256 15553,999 10322,373 14546,77 271,01007 S 4912,8037 12151,991 15981,591 2650,198 10206,658 8323,079
1,9759998 B 1571,3186 11459,256 15553,999 10322,373 14546,77 271,01007 S 4912,8037 12151,991 15981,591 2650,198 10206,658 8323,079
1,9759998 B 1571,3186 11459,256 15553,999 10322,373 14546,77 271,01007 S 4912,8037 12151,991 15981,591 2650,198 10206,658 8323,079
1,9760005 B 1571,3186 11459,256 15553,999 10322,373 14546,77 271,01007 S 4912,8037 12151,991 15981,591 2650,198 10206,658 8323,079
1,9760011 B 1571,3186 11459,256 15553,999 10322,373 14546,77 271,01007 S 4912,8037 12151,991 15981,591 2650,198 10206,658 8323,079
1,9760004 B 1571,3186 11459,256 15553,999 10322,373 14546,77 271,01007 S 4912,8037 12151,991 15981,591 2650,198 10206,658 8323,079
1,9760001 B 1571,3186 11459,256 15553,999 10322,373 14546,77 271,01007 S 4912,8037 12151,991 15981,591 2650,198 10206,658 8323,079
1,9760003 B 1571,3186 11459,256 15553,999 10322,373 14546,77 271,01007 S 4912,8037 12151,991 15981,591 2650,198 10206,658 8323,079
1,9760004 B 1571,3186 11459,256 15553,999 10322,373 14546,77 271,01007 S 4912,8037 12151,991 15981,591 2650,198 10206,658 8323,079
1,9760002 B 1571,3186 11459,256 15553,999 10322,373 14546,77 271,01007 S 4912,8037 12151,991 15981,591 2650,198 10206,658 8323,079
1,9760003 B 1571,3186 11459,256 15553,999 10322,373 14546,77 271,01007 S 4912,8037 12151,991 15981,591 2650,198 10206,658 8323,079
1,9747005 B 1571,3186 11459,256 15553,999 10322,373 14546,77 271,01007 S 4912,8037 12151,991 15981,591 2650,198 10206,658 8323,079
1,9729995 B 1571,3186 11459,256 15553,999 10322,373 14546,77 271,01007 S 4912,8037 12151,991 15981,591 2650,198 10206,658 8323,079
1,9729997 B 1571,3186 11459,256 15553,999 10322,373 14546,77 271,01007 S 4912,8037 12151,991 15981,591 2650,198 10206,658 8323,079
1,9729997 B 1571,3186 11459,256 15553,999 10322,373 14546,77 271,01007 S 4912,8037 12151,991 15981,591 2650,198 10206,658 8323,079
1,973 B 1571,3186 11459,256 15553,999 10322,373 14546,77 271,01007 S 4912,8037 12151,991 15981,591 2650,198 10206,658 8323,079
1,9729998 B 1571,3186 11459,256 15553,999 10322,373 14546,77 271,01007 S 4912,8037 12151,991 15981,591 2650,198 10206,658 8323,079
1,9730002 B 1571,3186 11459,256 15553,999 10322,373 14546,77 271,01007 S 4912,8037 12151,991 15981,591 2650,198 10206,658 8323,079
1,973 B 1571,3186 11459,256 15553,999 10322,373 14546,77 271,01007 S 4912,8037 12151,991 15981,591 2650,198 10206,658 8323,079
1,973 B 1571,3186 11459,256 15553,999 10322,373 14546,77 271,01007 S 4912,8037 12151,991 15981,591 2650,198 10206,658 8323,079
1,9729997 B 1571,3186 11459,256 15553,999 10322,373 14546,77 271,01007 S 4912,8037 12151,991 15981,591 2650,198 10206,658 8323,079
1,9729999 B 1571,3186 11459,256 15553,999 10322,373 14546,77 271,01007 S 4912,8037 12151,991 15981,591 2650,198 10206,658 8323,079
1,9729999 B 1571,3186 11459,256 15553,999 10322,373 14546,77 271,01007 S 4912,8037 12151,991 15981,591 2650,198 10206,658 8323,079
1,9729995 B 1571,3186 11459,256 15553,999 10322,373 14546,77 271,01007 S 4912,8037 12151,991 15981,591 2650,198 10206,658 8323,079
1,973 B 1571,3186 11459,256 15553,999 10322,373 14546,77 271,01007 S 4912,8037 12151,991 15981,591 2650,198 10206,658 8323,079
1,9722393 B 1571,3186 11459,256 15553,999 10322,373 14546,77 271,01007 S 4912,8037 12151,991 15981,591 2650,198 10206,658 8323,079
1,9719999 B 1571,3186 11459,256 15553,999 10322,373 14546,77 271,01007 S 4912,8037 12151,991 15981,591 2650,198 10206,658 8323,079
1,9719999 B 1571,3186 11459,256 15553,999 10322,373 14546,77 271,01007 S 4912,8037 12151,991 15981,591 2650,198 10206,658 8323,079
1,9729345 B 1571,3186 11459,256 15553,999 10322,373 14546,77 271,01007 S 4912,8037 12151,991 15981,591 2650,198 10206,658 8323,079
1,9729997 B 1571,3186 11459,256 15553,999 10322,373 14546,77 271,01007 S 4912,8037 12151,991 15981,591 2650,198 10206,658 8323,079
1,9729995 B 1571,3186 11459,256 15553,999 10322,373 14546,77 271,01007 S 4912,8037 12151,991 15981,591 2650,198 10206,658 8323,079
1,973 B 1571,3186 11459,256 15553,999 10322,373 14546,77 271,01007 S 4912,8037 12151,991 15981,591 2650,198 10206,658 8323,079
1,9730002 B 1571,3186 11459,256 15553,999 10322,373 14546,77 271,01007 S 4912,8037 12151,991 15981,591 2650,198 10206,658 8323,079
1,9729998 B 1571,3186 11459,256 15553,999 10322,373 14546,77 271,01007 S 4912,8037 12151,991 15981,591 2650,198 10206,658 8323,079
1,973 B 1571,3186 11459,256 15553,999 10322,373 14546,77 271,01007 S 4912,8037 12151,991 15981,591 2650,198 10206,658 8323,079
1,9729995 B 1571,3186 11459,256 15553,999 10322,373 14546,77 271,01007 S 4912,8037 12151,991 15981,591 2650,198 10206,658 8323,079
1,9729998 B 1571,3186 11459,256 15553,999 10322,373 14546,77 271,01007 S 4912,8037 12151,991 15981,591 2650,198 10206,658 8323,079
1,9729999 B 1571,3186 11459,256 15553,999 10322,373 14546,77 271,01007 S 4912,8037 12151,991 15981,591 2650,198 10206,658 8323,079
1,973 B 1571,3186 11459,256 15553,999 10322,373 14546,77 271,01007 S 4912,8037 12151,991 15981,591 2650,198 10206,658 8323,079
1,9729998 B 1571,3186 11459,256 15553,999 10322,373 14546,77 271,01007 S 4912,8037 12151,991 15981,591 2650,198 10206,658 8323,079
1,9730004 B 1571,3186 11459,256 15553,999 10322,373 14546,77 271,01007 S 4912,8037 12151,991 15981,591 2650,198 10206,658 8323,079
1,973 B 1571,3186 11459,256 15553,999 10322,373 14546,77 271,01007 S 4912,8037 12151,991 15981,591 2650,198 10206,658 8323,079
1,9729995 B 1571,3186 11459,256 15553,999 10322,373 14546,77 271,01007 S 4912,8037 12151,991 15981,591 2650,198 10206,658 8323,079
1,9729999 B 1571,3186 11459,256 15553,999 10322,373 14546,77 271,01007 S 4912,8037 12151,991 15981,591 2650,198 10206,658 8323,079
1,9729998 B 1571,3186 11459,256 15553,999 10322,373 14546,77 271,01007 S 4912,8037 12151,991 15981,591 2650,198 10206,658 8323,079
1,973 B 1571,3186 11459,256 15553,999 10322,373 14546,77 271,01007 S 4912,8037 12151,991 15981,591 2650,198 10206,658 8323,079
1,9729999 B 1571,3186 11459,256 15553,999 10322,373 14546,77 271,01007 S 4912,8037 12151,991 15981,591 2650,198 10206,658 8323,079
1,9729999 B 1571,3186 11459,256 15553,999 10322,373 14546,77 271,01007 S 4912,8037 12151,991 15981,591 2650,198 10206,658 8323,079
1,9730002 B 1571,3186 11459,256 15553,999 10322,373 14546,77 271,01007 S 4912,8037 12151,991 15981,591 2650,198 10206,658 8323,079
1,9730002 B 1571,3186 11459,256 15553,999 10322,373 14546,77 271,01007 S 4912,8037 12151,991 15981,591 2650,198 10206,658 8323,079
1,9730006 B 1571,3186 11459,256 15553,999 10322,373 14546,77 271,01007 S 4912,8037 12151,991 15981,591 2650,198 10206,658 8323,079
1,9730006 B 1571,3186 11459,256 15553,999 10322,373 14546,77 271,01007 S 4912,8037 12151,991 15981,591 2650,198 10206,658 8323,079
1,9730006 B 1571,3186 11459,256 15553,999 10322,373 14546,77 271,01007 S 4912,8037 12151,991 15981,591 2650,198 10206,658 8323,079
1,9732162 B 1571,3186 11459,256 15553,999 10322,373 14546,77 271,01007 S 4912,8037 12151,991 15981,591 2650,198 10206,658 8323,079
1,9739997 B 1571,3186 11459,256 15553,999 10322,373 14546,77 271,01007 S 4912,8037 12151,991 15981,591 2650,198 10206,658 8323,079
1,9740003 B 1571,3186 11459,256 15553,999 10322,373 14546,77 271,01007 S 4912,8037 12151,991 15981,591 2650,198 10206,658 8323,079
1,9740002 B 1571,3186 11459,256 15553,999 10322,373 14546,77 271,01007 S 4912,8037 12151,991 15981,591 2650,198 10206,658 8323,079
1,9740002 B 1571,3186 11459,256 15553,999 10322,373 14546,77 271,01007 S 4912,8037 12151,991 15981,591 2650,198 10206,658 8323,079
1,9739997 B 1571,3186 11459,256 15553,999 10322,373 14546,77 271,01007 S 4912,8037 12151,991 15981,591 2650,198 10206,658 8323,079
1,9739999 B 1571,3186 11459,256 15553,999 10322,373 14546,77 271,01007 S 4912,8037 12151,991 15981,591 2650,198 10206,658 8323,079
1,9740001 B 1571,3186 11459,256 15553,999 10322,373 14546,77 271,01007 S 4912,8037 12151,991 15981,591 2650,198 10206,658 8323,079
1,9740001 B 1571,3186 11459,256 15553,999 10322,373 14546,77 271,01007 S 4912,8037 12151,991 15981,591 2650,198 10206,658 8323,079
1,9739997 B 1571,3186 11459,256 15553,999 10322,373 14546,77 271,01007 S 4912,8037 12151,991 15981,591 2650,198 10206,658 8323,079
1,9740006 B 1571,3186 11459,256 15553,999 10322,373 14546,77 271,01007 S 4912,8037 12151,991 15981,591 2650,198 10206,658 8323,079
1,9739995 B 1571,3186 11459,256 15553,999 10322,373 14546,77 271,01007 S 4912,8037 12151,991 15981,591 2650,198 10206,658 8323,079
1,9739995 B 1571,3186 11459,256 15553,999 10322,373 14546,77 271,01007 S 4912,8037 12151,991 15981,591 2650,198 10206,658 8323,079
1,9740001 B 1571,3186 11459,256 15553,999 10322,373 14546,77 271,01007 S 4912,8037 12151,991 15981,591 2650,198 10206,658 8323,079
1,9740002 B 1571,3186 11459,256 15553,999 10322,373 14546,77 271,01007 S 4912,8037 12151,991 15981,591 2650,198 10206,658 8323,079
1,9739999 B 1571,3186 11459,256 15553,999 10322,373 14546,77 271,01007 S 4912,8037 12151,991 15981,591 2650,198 10206,658 8323,079
1,9740003 B 1571,3186 11459,256 15553,999 10322,373 14546,77 271,01007 S 4912,8037 12151,991 15981,591 2650,198 10206,658 8323,079
1,9740002 B 1571,3186 11459,256 15553,999 10322,373 14546,77 271,01007 S 4912,8037 12151,991 15981,591 2650,198 10206,658 8323,079
1,9739996 B 1571,3186 11459,256 15553,999 10322,373 14546,77 271,01007 S 4912,8037 12151,991 15981,591 2650,198 10206,658 8323,079
1,9739997 B 1571,3186 11459,256 15553,999 10322,373 14546,77 271,01007 S 4912,8037 12151,991 15981,591 2650,198 10206,658 8323,079
1,9740002 B 1571,3186 11459,256 15553,999 10322,373 14546,77 271,01007 S 4912,8037 12151,991 15981,591 2650,198 10206,658 8323,079
1,9739999 B 1571,3186 11459,256 15553,999 10322,373 14546,77 271,01007 S 4912,8037 12151,991 15981,591 2650,198 10206,658 8323,079
1,9740003 B 1571,3186 11459,256 15553,999 10322,373 14546,77 271,01007 S 4912,8037 12151,991 15981,591 2650,198 10206,658 8323,079
1,9740006 B 1571,3186 11459,256 15553,999 10322,373 14546,77 271,01007 S 4912,8037 12151,991 15981,591 2650,198 10206,658 8323,079
1,9740008 B 1571,3186 11459,256 15553,999 10322,373 14546,77 271,01007 S 4912,8037 12151,991 15981,591 2650,198 10206,658 8323,079
1,9740005 B 1571,3186 11459,256 15553,999 10322,373 14546,77 271,01007 S 4912,8037 12151,991 15981,591 2650,198 10206,658 8323,079
1,9739999 B 1571,3186 11459,256 15553,999 10322,373 14546,77 271,01007 S 4912,8037 12151,991 15981,591 2650,198 10206,658 8323,079
1,9729484 B 1571,3186 11459,256 15553,999 10322,373 14546,77 271,01007 S 4912,8037 12151,991 15981,591 2650,198 10206,658 8323,079
1,972 B 1571,3186 11459,256 15553,999 10322,373 14546,77 271,01007 S 4912,8037 12151,991 15981,591 2650,198 10206,658 8323,079
1,9719996 B 1571,3186 11459,256 15553,999 10322,373 14546,77 271,01007 S 4912,8037 12151,991 15981,591 2650,198 10206,658 8323,079
1,972 B 1571,3186 11459,256 15553,999 10322,373 14546,77 271,01007 S 4912,8037 12151,991 15981,591 2650,198 10206,658 8323,079
1,9719998 B 1571,3186 11459,256 15553,999 10322,373 14546,77 271,01007 S 4912,8037 12151,991 15981,591 2650,198 10206,658 8323,079
1,972 B 1571,3186 11459,256 15553,999 10322,373 14546,77 271,01007 S 4912,8037 12151,991 15981,591 2650,198 10206,658 8323,079
1,9719996 B 1571,3186 11459,256 15553,999 10322,373 14546,77 271,01007 S 4912,8037 12151,991 15981,591 2650,198 10206,658 8323,079
1,9719996 B 1571,3186 11459,256 15553,999 10322,373 14546,77 271,01007 S 4912,8037 12151,991 15981,591 2650,198 10206,658 8323,079
1,9719996 B 1571,3186 11459,256 15553,999 10322,373 14546,77 271,01007 S 4912,8037 12151,991 15981,591 2650,198 10206,658 8323,079
1,972 B 1571,3186 11459,256 15553,999 10322,373 14546,77 271,01007 S 4912,8037 12151,991 15981,591 2650,198 10206,658 8323,079
1,9720004 B 1571,3186 11459,256 15553,999 10322,373 14546,77 271,01007 S 4912,8037 12151,991 15981,591 2650,198 10206,658 8323,079
1,9719255 B 1571,3186 11459,256 15553,999 10322,373 14546,77 271,01007 S 4912,8037 12151,991 15981,591 2650,198 10206,658 8323,079
1,9709998 B 1571,3186 11459,256 15553,999 10322,373 14546,77 271,01007 S 4912,8037 12151,991 15981,591 2650,198 10206,658 8323,079
1,9710002 B 1571,3186 11459,256 15553,999 10322,373 14546,77 271,01007 S 4912,8037 12151,991 15981,591 2650,198 10206,658 8323,079
1,9710007 B 1571,3186 11459,256 15553,999 10322,373 14546,77 271,01007 S 4912,8037 12151,991 15981,591 2650,198 10206,658 8323,079
1,9710003 B 1571,3186 11459,256 15553,999 10322,373 14546,77 271,01007 S 4912,8037 12151,991 15981,591 2650,198 10206,658 8323,079
1,9709991 B 1571,3186 11459,256 15553,999 10322,373 14546,77 271,01007 S 4912,8037 12151,991 15981,591 2650,198 10206,658 8323,079
1,9710001 B 1571,3186 11459,256 15553,999 10322,373 14546,77 271,01007 S 4912,8037 12151,991 15981,591 2650,198 10206,658 8323,079
1,9709995 B 1571,3186 11459,256 15553,999 10322,373 14546,77 271,01007 S 4912,8037 12151,991 15981,591 2650,198 10206,658 8323,079
1,971 B 1571,3186 11459,256 15553,999 10322,373 14546,77 271,01007 S 4912,8037 12151,991 15981,591 2650,198 10206,658 8323,079
1,9709994 B 1571,3186 11459,256 15553,999 10322,373 14546,77 271,01007 S 4912,8037 12151,991 15981,591 2650,198 10206,658 8323,079
1,9710001 B 1571,3186 11459,256 15553,999 10322,373 14546,77 271,01007 S 4912,8037 12151,991 15981,591 2650,198 10206,658 8323,079
1,9709992 B 1571,3186 11459,256 15553,999 10322,373 14546,77 271,01007 S 4912,8037 12151,991 15981,591 2650,198 10206,658 8323,079
1,9710006 B 1571,3186 11459,256 15553,999 10322,373 14546,77 271,01007 S 4912,8037 12151,991 15981,591 2650,198 10206,658 8323,079
1,9709995 B 1571,3186 11459,256 15553,999 10322,373 14546,77 271,01007 S 4912,8037 12151,991 15981,591 2650,198 10206,658 8323,079
1,9710003 B 1571,3186 11459,256 15553,999 10322,373 14546,77 271,01007 S 4912,8037 12151,991 15981,591 2650,198 10206,658 8323,079
1,971 B 1571,3186 11459,256 15553,999 10322,373 14546,77 271,01007 S 4912,8037 12151,991 15981,591 2650,198 10206,658 8323,079
1,9709998 B 1571,3186 11459,256 15553,999 10322,373 14546,77 271,01007 S 4912,8037 12151,991 15981,591 2650,198 10206,658 8323,079
1,971 B 1571,3186 11459,256 15553,999 10322,373 14546,77 271,01007 S 4912,8037 12151,991 15981,591 2650,198 10206,658 8323,079
1,9709996 B 1571,3186 11459,256 15553,999 10322,373 14546,77 271,01007 S 4912,8037 12151,991 15981,591 2650,198 10206,658 8323,079
1,9709996 B 1571,3186 11459,256 15553,999 10322,373 14546,77 271,01007 S 4912,8037 12151,991 15981,591 2650,198 10206,658 8323,079
1,9709996 B 1571,3186 11459,256 15553,999 10322,373 14546,77 271,01007 S 4912,8037 12151,991 15981,591 2650,198 10206,658 8323,079
1,970505 B 1571,3186 11459,256 15553,999 10322,373 14546,77 271,01007 S 4912,8037 12151,991 15981,591 2650,198 10206,658 8323,079
1,9699998 B 1571,3186 11459,256 15553,999 10322,373 14546,77 271,01007 S 4912,8037 12151,991 15981,591 2650,198 10206,658 8323,079
1,9700001 B 1571,3186 11459,256 15553,999 10322,373 14546,77 271,01007 S 4912,8037 12151,991 15981,591 2650,198 10206,658 8323,079
1,9700004 B 1571,3186 11459,256 15553,999 10322,373 14546,77 271,01007 S 4912,8037 12151,991 15981,591 2650,198 10206,658 8323,079
1,9700001 B 1571,3186 11459,256 15553,999 10322,373 14546,77 271,01007 S 4912,8037 12151,991 15981,591 2650,198 10206,658 8323,079
1,9699999 B 1571,3186 11459,256 15553,999 10322,373 14546,77 271,01007 S 4912,8037 12151,991 15981,591 2650,198 10206,658 8323,079
1,9700006 B 1571,3186 11459,256 15553,999 10322,373 14546,77 271,01007 S 4912,8037 12151,991 15981,591 2650,198 10206,658 8323,079
1,9700007 B 1571,3186 11459,256 15553,999 10322,373 14546,77 271,01007 S 4912,8037 12151,991 15981,591 2650,198 10206,658 8323,079
1,9708407 B 1571,3186 11459,256 15553,999 10322,373 14546,77 271,01007 S 4912,8037 12151,991 15981,591 2650,198 10206,658 8323,079
1,9709998 B 1571,3186 11459,256 15553,999 10322,373 14546,77 271,01007 S 4912,8037 12151,991 15981,591 2650,198 10206,658 8323,079
1,9710001 B 1571,3186 11459,256 15553,999 10322,373 14546,77 271,01007 S 4912,8037 12151,991 15981,591 2650,198 10206,658 8323,079
1,9722537 B 1571,3186 11459,256 15553,999 10322,373 14546,77 271,01007 S 4912,8037 12151,991 15981,591 2650,198 10206,658 8323,079
1,973 B 1571,3186 11459,256 15553,999 10322,373 14546,77 271,01007 S 4912,8037 12151,991 15981,591 2650,198 10206,658 8323,079
1,9729999 B 1571,3186 11459,256 15553,999 10322,373 14546,77 271,01007 S 4912,8037 12151,991 15981,591 2650,198 10206,658 8323,079
1,9729995 B 1571,3186 11459,256 15553,999 10322,373 14546,77 271,01007 S 4912,8037 12151,991 15981,591 2650,198 10206,658 8323,079
1,9730003 B 1571,3186 11459,256 15553,999 10322,373 14546,77 271,01007 S 4912,8037 12151,991 15981,591 2650,198 10206,658 8323,079
1,973 B 1571,3186 11459,256 15553,999 10322,373 14546,77 271,01007 S 4912,8037 12151,991 15981,591 2650,198 10206,658 8323,079
1,973 B 1571,3186 11459,256 15553,999 10322,373 14546,77 271,01007 S 4912,8037 12151,991 15981,591 2650,198 10206,658 8323,079
1,9730003 B 1571,3186 11459,256 15553,999 10322,373 14546,77 271,01007 S 4912,8037 12151,991 15981,591 2650,198 10206,658 8323,079
1,973 B 1571,3186 11459,256 15553,999 10322,373 14546,77 271,01007 S 4912,8037 12151,991 15981,591 2650,198 10206,658 8323,079
1,9729998 B 1571,3186 11459,256 15553,999 10322,373 14546,77 271,01007 S 4912,8037 12151,991 15981,591 2650,198 10206,658 8323,079
1,9729998 B 1571,3186 11459,256 15553,999 10322,373 14546,77 271,01007 S 4912,8037 12151,991 15981,591 2650,198 10206,658 8323,079
1,9730008 B 1571,3186 11459,256 15553,999 10322,373 14546,77 271,01007 S 4912,8037 12151,991 15981,591 2650,198 10206,658 8323,079
1,9729997 B 1571,3186 11459,256 15553,999 10322,373 14546,77 271,01007 S 4912,8037 12151,991 15981,591 2650,198 10206,658 8323,079
1,9730006 B 1571,3186 11459,256 15553,999 10322,373 14546,77 271,01007 S 4912,8037 12151,991 15981,591 2650,198 10206,658 8323,079
1,9730008 B 1571,3186 11459,256 15553,999 10322,373 14546,77 271,01007 S 4912,8037 12151,991 15981,591 2650,198 10206,658 8323,079
1,9729997 B 1571,3186 11459,256 15553,999 10322,373 14546,77 271,01007 S 4912,8037 12151,991 15981,591 2650,198 10206,658 8323,079
1,9729999 B 1571,3186 11459,256 15553,999 10322,373 14546,77 271,01007 S 4912,8037 12151,991 15981,591 2650,198 10206,658 8323,079
1,9729997 B 1571,3186 11459,256 15553,999 10322,373 14546,77 271,01007 S 4912,8037 12151,991 15981,591 2650,198 10206,658 8323,079
1,9729998 B 1571,3186 11459,256 15553,999 10322,373 14546,77 271,01007 S 4912,8037 12151,991 15981,591 2650,198 10206,658 8323,079
1,9730002 B 1571,3186 11459,256 15553,999 10322,373 14546,77 271,01007 S 4912,8037 12151,991 15981,591 2650,198 10206,658 8323,079
1,9729999 B 1571,3186 11459,256 15553,999 10322,373 14546,77 271,01007 S 4912,8037 12151,991 15981,591 2650,198 10206,658 8323,079
1,9730003 B 1571,3186 11459,256 15553,999 10322,373 14546,77 271,01007 S 4912,8037 12151,991 15981,591 2650,198 10206,658 8323,079
1,9729999 B 1571,3186 11459,256 15553,999 10322,373 14546,77 271,01007 S 4912,8037 12151,991 15981,591 2650,198 10206,658 8323,079
1,973 B 1571,3186 11459,256 15553,999 10322,373 14546,77 271,01007 S 4912,8037 12151,991 15981,591 2650,198 10206,658 8323,079
1,9730002 B 1571,3186 11459,256 15553,999 10322,373 14546,77 271,01007 S 4912,8037 12151,991 15981,591 2650,198 10206,658 8323,079
1,973 B 1571,3186 11459,256 15553,999 10322,373 14546,77 271,01007 S 4912,8037 12151,991 15981,591 2650,198 10206,658 8323,079
1,9730003 B 1571,3186 11459,256 15553,999 10322,373 14546,77 271,01007 S 4912,8037 12151,991 15981,591 2650,198 10206,658 8323,079
1,9730003 B 1571,3186 11459,256 15553,999 10322,373 14546,77 271,01007 S 4912,8037 12151,991 15981,591 2650,198 10206,658 8323,079
1,9729998 B 1571,3186 11459,256 15553,999 10322,373 14546,77 271,01007 S 4912,8037 12151,991 15981,591 2650,198 10206,658 8323,079
1,973 B 1571,3186 11459,256 15553,999 10322,373 14546,77 271,01007 S 4912,8037 12151,991 15981,591 2650,198 10206,658 8323,079
1,9729996 B 1571,3186 11459,256 15553,999 10322,373 14546,77 271,01007 S 4912,8037 12151,991 15981,591 2650,198 10206,658 8323,079
1,9730003 B 1571,3186 11459,256 15553,999 10322,373 14546,77 271,01007 S 4912,8037 12151,991 15981,591 2650,198 10206,658 8323,079
1,9729996 B 1571,3186 11459,256 15553,999 10322,373 14546,77 271,01007 S 4912,8037 12151,991 15981,591 2650,198 10206,658 8323,079
1,9730003 B 1571,3186 11459,256 15553,999 10322,373 14546,77 271,01007 S 4912,8037 12151,991 15981,591 2650,198 10206,658 8323,079
