1,9694839
1,9659997 B 799,72003 4833,836 13112,297 7359,2886 8426,122 14092,349 S 4571,39 15032,236 4879,038 3483,5725 7774,272 1599,9497
1,9660007 B 799,72003 4833,836 13112,297 7359,2886 8426,122 14092,349 S 4571,39 15032,236 4879,038 3483,5725 7774,272 1599,9497
1,9660007 B 799,72003 4833,836 13112,297 7359,2886 8426,122 14092,349 S 4571,39 15032,236 4879,038 3483,5725 7774,272 1599,9497
1,9660001 B 799,72003 4833,836 13112,297 7359,2886 8426,122 14092,349 S 4571,39 15032,236 4879,038 3483,5725 7774,272 1599,9497
1,966 B 799,72003 4833,836 13112,297 7359,2886 8426,122 14092,349 S 4571,39 15032,236 4879,038 3483,5725 7774,272 1599,9497
1,966264 B 799,72003 4833,836 13112,297 7359,2886 8426,122 14092,349 S 4571,39 15032,236 4879,038 3483,5725 7774,272 1599,9497
1,9680002 B 799,72003 4833,836 13112,297 7359,2886 8426,122 14092,349 S 4571,39 15032,236 4879,038 3483,5725 7774,272 1599,9497
1,9680005 B 799,72003 4833,836 13112,297 7359,2886 8426,122 14092,349 S 4571,39 15032,236 4879,038 3483,5725 7774,272 1599,9497
1,9687772 B 799,72003 4833,836 13112,297 7359,2886 8426,122 14092,349 S 4571,39 15032,236 4879,038 3483,5725 7774,272 1599,9497
1,9689995 B 799,72003 4833,836 13112,297 7359,2886 8426,122 14092,349 S 4571,39 15032,236 4879,038 3483,5725 7774,272 1599,9497
1,9689995 B 799,72003 4833,836 13112,297 7359,2886 8426,122 14092,349 S 4571,39 15032,236 4879,038 3483,5725 7774,272 1599,9497
1,969 B 799,72003 4833,836 13112,297 7359,2886 8426,122 14092,349 S 4571,39 15032,236 4879,038 3483,5725 7774,272 1599,9497
1,969 B 799,72003 4833,836 13112,297 7359,2886 8426,122 14092,349 S 4571,39 15032,236 4879,038 3483,5725 7774,272 1599,9497
1,9701301 B 799,72003 4833,836 13112,297 7359,2886 8426,122 14092,349 S 4571,39 15032,236 4879,038 3483,5725 7774,272 1599,9497
1,9709995 B 799,72003 4833,836 13112,297 7359,2886 8426,122 14092,349 S 4571,39 15032,236 4879,038 3483,5725 7774,272 1599,9497
1,9704038 B 799,72003 4833,836 13112,297 7359,2886 8426,122 14092,349 S 4571,39 15032,236 4879,038 3483,5725 7774,272 1599,9497
1,969 B 799,72003 4833,836 13112,297 7359,2886 8426,122 14092,349 S 4571,39 15032,236 4879,038 3483,5725 7774,272 1599,9497
1,9690005 B 799,72003 4833,836 13112,297 7359,2886 8426,122 14092,349 S 4571,39 15032,236 4879,038 3483,5725 7774,272 1599,9497
1,9690005 B 799,72003 4833,836 13112,297 7359,2886 8426,122 14092,349 S 4571,39 15032,236 4879,038 3483,5725 7774,272 1599,9497
1,9689999 B 799,72003 4833,836 13112,297 7359,2886 8426,122 14092,349 S 4571,39 15032,236 4879,038 3483,5725 7774,272 1599,9497
1,9690002 B 799,72003 4833,836 13112,297 7359,2886 8426,122 14092,349 S 4571,39 15032,236 4879,038 3483,5725 7774,272 1599,9497
1,9690003 B 799,72003 4833,836 13112,297 7359,2886 8426,122 14092,349 S 4571,39 15032,236 4879,038 3483,5725 7774,272 1599,9497
1,9690002 B 799,72003 4833,836 13112,297 7359,2886 8426,122 14092,349 S 4571,39 15032,236 4879,038 3483,5725 7774,272 1599,9497
1,9690001 B 799,72003 4833,836 13112,297 7359,2886 8426,122 14092,349 S 4571,39 15032,236 4879,038 3483,5725 7774,272 1599,9497
1,9690001 B 799,72003 4833,836 13112,297 7359,2886 8426,122 14092,349 S 4571,39 15032,236 4879,038 3483,5725 7774,272 1599,9497
1,9689995 B 799,72003 4833,836 13112,297 7359,2886 8426,122 14092,349 S 4571,39 15032,236 4879,038 3483,5725 7774,272 1599,9497
1,9690002 B 799,72003 4833,836 13112,297 7359,2886 8426,122 14092,349 S 4571,39 15032,236 4879,038 3483,5725 7774,272 1599,9497
1,9690001 B 799,72003 4833,836 13112,297 7359,2886 8426,122 14092,349 S 4571,39 15032,236 4879,038 3483,5725 7774,272 1599,9497
1,9690002 B 799,72003 4833,836 13112,297 7359,2886 8426,122 14092,349 S 4571,39 15032,236 4879,038 3483,5725 7774,272 1599,9497
1,9690002 B 799,72003 4833,836 13112,297 7359,2886 8426,122 14092,349 S 4571,39 15032,236 4879,038 3483,5725 7774,272 1599,9497
1,969 B 799,72003 4833,836 13112,297 7359,2886 8426,122 14092,349 S 4571,39 15032,236 4879,038 3483,5725 7774,272 1599,9497
1,9699458 B 799,72003 4833,836 13112,297 7359,2886 8426,122 14092,349 S 4571,39 15032,236 4879,038 3483,5725 7774,272 1599,9497
1,97 B 799,72003 4833,836 13112,297 7359,2886 8426,122 14092,349 S 4571,39 15032,236 4879,038 3483,5725 7774,272 1599,9497
1,9699999 B 799,72003 4833,836 13112,297 7359,2886 8426,122 14092,349 S 4571,39 15032,236 4879,038 3483,5725 7774,272 1599,9497
1,9700005 B 799,72003 4833,836 13112,297 7359,2886 8426,122 14092,349 S 4571,39 15032,236 4879,038 3483,5725 7774,272 1599,9497
1,9699998 B 799,72003 4833,836 13112,297 7359,2886 8426,122 14092,349 S 4571,39 15032,236 4879,038 3483,5725 7774,272 1599,9497
1,9700001 B 799,72003 4833,836 13112,297 7359,2886 8426,122 14092,349 S 4571,39 15032,236 4879,038 3483,5725 7774,272 1599,9497
1,9699993 B 799,72003 4833,836 13112,297 7359,2886 8426,122 14092,349 S 4571,39 15032,236 4879,038 3483,5725 7774,272 1599,9497
1,9700001 B 799,72003 4833,836 13112,297 7359,2886 8426,122 14092,349 S 4571,39 15032,236 4879,038 3483,5725 7774,272 1599,9497
1,9700001 B 799,72003 4833,836 13112,297 7359,2886 8426,122 14092,349 S 4571,39 15032,236 4879,038 3483,5725 7774,272 1599,9497
1,9699999 B 799,72003 4833,836 13112,297 7359,2886 8426,122 14092,349 S 4571,39 15032,236 4879,038 3483,5725 7774,272 1599,9497
1,97 B 799,72003 4833,836 13112,297 7359,2886 8426,122 14092,349 S 4571,39 15032,236 4879,038 3483,5725 7774,272 1599,9497
1,9700005 B 799,72003 4833,836 13112,297 7359,2886 8426,122 14092,349 S 4571,39 15032,236 4879,038 3483,5725 7774,272 1599,9497
1,9699999 B 799,72003 4833,836 13112,297 7359,2886 8426,122 14092,349 S 4571,39 15032,236 4879,038 3483,5725 7774,272 1599,9497
1,9699997 B 799,72003 4833,836 13112,297 7359,2886 8426,122 14092,349 S 4571,39 15032,236 4879,038 3483,5725 7774,272 1599,9497
1,9699999 B 799,72003 4833,836 13112,297 7359,2886 8426,122 14092,349 S 4571,39 15032,236 4879,038 3483,5725 7774,272 1599,9497
1,9700004 B 799,72003 4833,836 13112,297 7359,2886 8426,122 14092,349 S 4571,39 15032,236 4879,038 3483,5725 7774,272 1599,9497
1,9699998 B 799,72003 4833,836 13112,297 7359,2886 8426,122 14092,349 S 4571,39 15032,236 4879,038 3483,5725 7774,272 1599,9497
1,9700004 B 799,72003 4833,836 13112,297 7359,2886 8426,122 14092,349 S 4571,39 15032,236 4879,038 3483,5725 7774,272 1599,9497
1,9700001 B 799,72003 4833,836 13112,297 7359,2886 8426,122 14092,349 S 4571,39 15032,236 4879,038 3483,5725 7774,272 1599,9497
1,9699997 B 799,72003 4833,836 13112,297 7359,2886 8426,122 14092,349 S 4571,39 15032,236 4879,038 3483,5725 7774,272 1599,9497
1,9700001 B 799,72003 4833,836 13112,297 7359,2886 8426,122 14092,349 S 4571,39 15032,236 4879,038 3483,5725 7774,272 1599,9497
1,9699997 B 799,72003 4833,836 13112,297 7359,2886 8426,122 14092,349 S 4571,39 15032,236 4879,038 3483,5725 7774,272 1599,9497
1,9700004 B 799,72003 4833,836 13112,297 7359,2886 8426,122 14092,349 S 4571,39 15032,236 4879,038 3483,5725 7774,272 1599,9497
1,9700001 B 799,72003 4833,836 13112,297 7359,2886 8426,122 14092,349 S 4571,39 15032,236 4879,038 3483,5725 7774,272 1599,9497
1,9699997 B 799,72003 4833,836 13112,297 7359,2886 8426,122 14092,349 S 4571,39 15032,236 4879,038 3483,5725 7774,272 1599,9497
1,97 B 799,72003 4833,836 13112,297 7359,2886 8426,122 14092,349 S 4571,39 15032,236 4879,038 3483,5725 7774,272 1599,9497
1,9700004 B 799,72003 4833,836 13112,297 7359,2886 8426,122 14092,349 S 4571,39 15032,236 4879,038 3483,5725 7774,272 1599,9497
1,9700001 B 799,72003 4833,836 13112,297 7359,2886 8426,122 14092,349 S 4571,39 15032,236 4879,038 3483,5725 7774,272 1599,9497
1,9700004 B 799,72003 4833,836 13112,297 7359,2886 8426,122 14092,349 S 4571,39 15032,236 4879,038 3483,5725 7774,272 1599,9497
1,9700001 B 799,72003 4833,836 13112,297 7359,2886 8426,122 14092,349 S 4571,39 15032,236 4879,038 3483,5725 7774,272 1599,9497
1,9699999 B 799,72003 4833,836 13112,297 7359,2886 8426,122 14092,349 S 4571,39 15032,236 4879,038 3483,5725 7774,272 1599,9497
1,9699999 B 799,72003 4833,836 13112,297 7359,2886 8426,122 14092,349 S 4571,39 15032,236 4879,038 3483,5725 7774,272 1599,9497
1,9699999 B 799,72003 4833,836 13112,297 7359,2886 8426,122 14092,349 S 4571,39 15032,236 4879,038 3483,5725 7774,272 1599,9497
1,9700007 B 799,72003 4833,836 13112,297 7359,2886 8426,122 14092,349 S 4571,39 15032,236 4879,038 3483,5725 7774,272 1599,9497
1,9699999 B 799,72003 4833,836 13112,297 7359,2886 8426,122 14092,349 S 4571,39 15032,236 4879,038 3483,5725 7774,272 1599,9497
1,9700004 B 799,72003 4833,836 13112,297 7359,2886 8426,122 14092,349 S 4571,39 15032,236 4879,038 3483,5725 7774,272 1599,9497
1,97 B 799,72003 4833,836 13112,297 7359,2886 8426,122 14092,349 S 4571,39 15032,236 4879,038 3483,5725 7774,272 1599,9497
1,9699997 B 799,72003 4833,836 13112,297 7359,2886 8426,122 14092,349 S 4571,39 15032,236 4879,038 3483,5725 7774,272 1599,9497
1,9699999 B 799,72003 4833,836 13112,297 7359,2886 8426,122 14092,349 S 4571,39 15032,236 4879,038 3483,5725 7774,272 1599,9497
1,97 B 799,72003 4833,836 13112,297 7359,2886 8426,122 14092,349 S 4571,39 15032,236 4879,038 3483,5725 7774,272 1599,9497
1,97 B 799,72003 4833,836 13112,297 7359,2886 8426,122 14092,349 S 4571,39 15032,236 4879,038 3483,5725 7774,272 1599,9497
1,9700004 B 799,72003 4833,836 13112,297 7359,2886 8426,122 14092,349 S 4571,39 15032,236 4879,038 3483,5725 7774,272 1599,9497
1,9699999 B 799,72003 4833,836 13112,297 7359,2886 8426,122 14092,349 S 4571,39 15032,236 4879,038 3483,5725 7774,272 1599,9497
1,97 B 799,72003 4833,836 13112,297 7359,2886 8426,122 14092,349 S 4571,39 15032,236 4879,038 3483,5725 7774,272 1599,9497
1,9699996 B 799,72003 4833,836 13112,297 7359,2886 8426,122 14092,349 S 4571,39 15032,236 4879,038 3483,5725 7774,272 1599,9497
1,9699999 B 799,72003 4833,836 13112,297 7359,2886 8426,122 14092,349 S 4571,39 15032,236 4879,038 3483,5725 7774,272 1599,9497
1,9700001 B 799,72003 4833,836 13112,297 7359,2886 8426,122 14092,349 S 4571,39 15032,236 4879,038 3483,5725 7774,272 1599,9497
1,9700001 B 799,72003 4833,836 13112,297 7359,2886 8426,122 14092,349 S 4571,39 15032,236 4879,038 3483,5725 7774,272 1599,9497
1,9693141 B 799,72003 4833,836 13112,297 7359,2886 8426,122 14092,349 S 4571,39 15032,236 4879,038 3483,5725 7774,272 1599,9497
1,9689999 B 799,72003 4833,836 13112,297 7359,2886 8426,122 14092,349 S 4571,39 15032,236 4879,038 3483,5725 7774,272 1599,9497
1,9690007 B 799,72003 4833,836 13112,297 7359,2886 8426,122 14092,349 S 4571,39 15032,236 4879,038 3483,5725 7774,272 1599,9497
1,9689997 B 799,72003 4833,836 13112,297 7359,2886 8426,122 14092,349 S 4571,39 15032,236 4879,038 3483,5725 7774,272 1599,9497
1,9690003 B 799,72003 4833,836 13112,297 7359,2886 8426,122 14092,349 S 4571,39 15032,236 4879,038 3483,5725 7774,272 1599,9497
1,9693044 B 799,72003 4833,836 13112,297 7359,2886 8426,122 14092,349 S 4571,39 15032,236 4879,038 3483,5725 7774,272 1599,9497
1,9700001 B 799,72003 4833,836 13112,297 7359,2886 8426,122 14092,349 S 4571,39 15032,236 4879,038 3483,5725 7774,272 1599,9497
1,97 B 799,72003 4833,836 13112,297 7359,2886 8426,122 14092,349 S 4571,39 15032,236 4879,038 3483,5725 7774,272 1599,9497
1,9699998 B 799,72003 4833,836 13112,297 7359,2886 8426,122 14092,349 S 4571,39 15032,236 4879,038 3483,5725 7774,272 1599,9497
1,97 B 799,72003 4833,836 13112,297 7359,2886 8426,122 14092,349 S 4571,39 15032,236 4879,038 3483,5725 7774,272 1599,9497
1,9700001 B 799,72003 4833,836 13112,297 7359,2886 8426,122 14092,349 S 4571,39 15032,236 4879,038 3483,5725 7774,272 1599,9497
1,9699997 B 799,72003 4833,836 13112,297 7359,2886 8426,122 14092,349 S 4571,39 15032,236 4879,038 3483,5725 7774,272 1599,9497
1,9700005 B 799,72003 4833,836 13112,297 7359,2886 8426,122 14092,349 S 4571,39 15032,236 4879,038 3483,5725 7774,272 1599,9497
1,9699999 B 799,72003 4833,836 13112,297 7359,2886 8426,122 14092,349 S 4571,39 15032,236 4879,038 3483,5725 7774,272 1599,9497
1,9699996 B 799,72003 4833,836 13112,297 7359,2886 8426,122 14092,349 S 4571,39 15032,236 4879,038 3483,5725 7774,272 1599,9497
1,9700004 B 799,72003 4833,836 13112,297 7359,2886 8426,122 14092,349 S 4571,39 15032,236 4879,038 3483,5725 7774,272 1599,9497
1,9699997 B 799,72003 4833,836 13112,297 7359,2886 8426,122 14092,349 S 4571,39 15032,236 4879,038 3483,5725 7774,272 1599,9497
1,9700005 B 799,72003 4833,836 13112,297 7359,2886 8426,122 14092,349 S 4571,39 15032,236 4879,038 3483,5725 7774,272 1599,9497
1,9700001 B 799,72003 4833,836 13112,297 7359,2886 8426,122 14092,349 S 4571,39 15032,236 4879,038 3483,5725 7774,272 1599,9497
1,9700001 B 799,72003 4833,836 13112,297 7359,2886 8426,122 14092,349 S 4571,39 15032,236 4879,038 3483,5725 7774,272 1599,9497
1,97 B 799,72003 4833,836 13112,297 7359,2886 8426,122 14092,349 S 4571,39 15032,236 4879,038 3483,5725 7774,272 1599,9497
1,9700004 B 799,72003 4833,836 13112,297 7359,2886 8426,122 14092,349 S 4571,39 15032,236 4879,038 3483,5725 7774,272 1599,9497
1,9700004 B 799,72003 4833,836 13112,297 7359,2886 8426,122 14092,349 S 4571,39 15032,236 4879,038 3483,5725 7774,272 1599,9497
1,9699994 B 799,72003 4833,836 13112,297 7359,2886 8426,122 14092,349 S 4571,39 15032,236 4879,038 3483,5725 7774,272 1599,9497
1,9708797 B 799,72003 4833,836 13112,297 7359,2886 8426,122 14092,349 S 4571,39 15032,236 4879,038 3483,5725 7774,272 1599,9497
1,9706091 B 799,72003 4833,836 13112,297 7359,2886 8426,122 14092,349 S 4571,39 15032,236 4879,038 3483,5725 7774,272 1599,9497
1,97 B 799,72003 4833,836 13112,297 7359,2886 8426,122 14092,349 S 4571,39 15032,236 4879,038 3483,5725 7774,272 1599,9497
1,97 B 799,72003 4833,836 13112,297 7359,2886 8426,122 14092,349 S 4571,39 15032,236 4879,038 3483,5725 7774,272 1599,9497
1,9699998 B 799,72003 4833,836 13112,297 7359,2886 8426,122 14092,349 S 4571,39 15032,236 4879,038 3483,5725 7774,272 1599,9497
1,9699997 B 799,72003 4833,836 13112,297 7359,2886 8426,122 14092,349 S 4571,39 15032,236 4879,038 3483,5725 7774,272 1599,9497
1,9699999 B 799,72003 4833,836 13112,297 7359,2886 8426,122 14092,349 S 4571,39 15032,236 4879,038 3483,5725 7774,272 1599,9497
1,9699999 B 799,72003 4833,836 13112,297 7359,2886 8426,122 14092,349 S 4571,39 15032,236 4879,038 3483,5725 7774,272 1599,9497
1,9699998 B 799,72003 4833,836 13112,297 7359,2886 8426,122 14092,349 S 4571,39 15032,236 4879,038 3483,5725 7774,272 1599,9497
1,9699998 B 799,72003 4833,836 13112,297 7359,2886 8426,122 14092,349 S 4571,39 15032,236 4879,038 3483,5725 7774,272 1599,9497
1,9700004 B 799,72003 4833,836 13112,297 7359,2886 8426,122 14092,349 S 4571,39 15032,236 4879,038 3483,5725 7774,272 1599,9497
1,9700001 B 799,72003 4833,836 13112,297 7359,2886 8426,122 14092,349 S 4571,39 15032,236 4879,038 3483,5725 7774,272 1599,9497
1,9700005 B 799,72003 4833,836 13112,297 7359,2886 8426,122 14092,349 S 4571,39 15032,236 4879,038 3483,5725 7774,272 1599,9497
1,9699994 B 799,72003 4833,836 13112,297 7359,2886 8426,122 14092,349 S 4571,39 15032,236 4879,038 3483,5725 7774,272 1599,9497
1,97 B 799,72003 4833,836 13112,297 7359,2886 8426,122 14092,349 S 4571,39 15032,236 4879,038 3483,5725 7774,272 1599,9497
1,97 B 799,72003 4833,836 13112,297 7359,2886 8426,122 14092,349 S 4571,39 15032,236 4879,038 3483,5725 7774,272 1599,9497
1,9699999 B 799,72003 4833,836 13112,297 7359,2886 8426,122 14092,349 S 4571,39 15032,236 4879,038 3483,5725 7774,272 1599,9497
1,97 B 799,72003 4833,836 13112,297 7359,2886 8426,122 14092,349 S 4571,39 15032,236 4879,038 3483,5725 7774,272 1599,9497
1,9700005 B 799,72003 4833,836 13112,297 7359,2886 8426,122 14092,349 S 4571,39 15032,236 4879,038 3483,5725 7774,272 1599,9497
1,97 B 799,72003 4833,836 13112,297 7359,2886 8426,122 14092,349 S 4571,39 15032,236 4879,038 3483,5725 7774,272 1599,9497
1,9700001 B 799,72003 4833,836 13112,297 7359,2886 8426,122 14092,349 S 4571,39 15032,236 4879,038 3483,5725 7774,272 1599,9497
1,9699999 B 799,72003 4833,836 13112,297 7359,2886 8426,122 14092,349 S 4571,39 15032,236 4879,038 3483,5725 7774,272 1599,9497
1,97 B 799,72003 4833,836 13112,297 7359,2886 8426,122 14092,349 S 4571,39 15032,236 4879,038 3483,5725 7774,272 1599,9497
1,9700001 B 799,72003 4833,836 13112,297 7359,2886 8426,122 14092,349 S 4571,39 15032,236 4879,038 3483,5725 7774,272 1599,9497
1,9700001 B 799,72003 4833,836 13112,297 7359,2886 8426,122 14092,349 S 4571,39 15032,236 4879,038 3483,5725 7774,272 1599,9497
1,9699998 B 799,72003 4833,836 13112,297 7359,2886 8426,122 14092,349 S 4571,39 15032,236 4879,038 3483,5725 7774,272 1599,9497
1,9699999 B 799,72003 4833,836 13112,297 7359,2886 8426,122 14092,349 S 4571,39 15032,236 4879,038 3483,5725 7774,272 1599,9497
1,9699998 B 799,72003 4833,836 13112,297 7359,2886 8426,122 14092,349 S 4571,39 15032,236 4879,038 3483,5725 7774,272 1599,9497
1,9700001 B 799,72003 4833,836 13112,297 7359,2886 8426,122 14092,349 S 4571,39 15032,236 4879,038 3483,5725 7774,272 1599,9497
1,9691125 B 799,72003 4833,836 13112,297 7359,2886 8426,122 14092,349 S 4571,39 15032,236 4879,038 3483,5725 7774,272 1599,9497
1,9691863 B 799,72003 4833,836 13112,297 7359,2886 8426,122 14092,349 S 4571,39 15032,236 4879,038 3483,5725 7774,272 1599,9497
1,9699998 B 799,72003 4833,836 13112,297 7359,2886 8426,122 14092,349 S 4571,39 15032,236 4879,038 3483,5725 7774,272 1599,9497
1,9699999 B 799,72003 4833,836 13112,297 7359,2886 8426,122 14092,349 S 4571,39 15032,236 4879,038 3483,5725 7774,272 1599,9497
1,97 B 799,72003 4833,836 13112,297 7359,2886 8426,122 14092,349 S 4571,39 15032,236 4879,038 3483,5725 7774,272 1599,9497
1,97 B 799,72003 4833,836 13112,297 7359,2886 8426,122 14092,349 S 4571,39 15032,236 4879,038 3483,5725 7774,272 1599,9497
1,97 B 799,72003 4833,836 13112,297 7359,2886 8426,122 14092,349 S 4571,39 15032,236 4879,038 3483,5725 7774,272 1599,9497
1,9699999 B 799,72003 4833,836 13112,297 7359,2886 8426,122 14092,349 S 4571,39 15032,236 4879,038 3483,5725 7774,272 1599,9497
1,9700004 B 799,72003 4833,836 13112,297 7359,2886 8426,122 14092,349 S 4571,39 15032,236 4879,038 3483,5725 7774,272 1599,9497
1,9699998 B 799,72003 4833,836 13112,297 7359,2886 8426,122 14092,349 S 4571,39 15032,236 4879,038 3483,5725 7774,272 1599,9497
1,9700001 B 799,72003 4833,836 13112,297 7359,2886 8426,122 14092,349 S 4571,39 15032,236 4879,038 3483,5725 7774,272 1599,9497
1,9699999 B 799,72003 4833,836 13112,297 7359,2886 8426,122 14092,349 S 4571,39 15032,236 4879,038 3483,5725 7774,272 1599,9497
1,9700001 B 799,72003 4833,836 13112,297 7359,2886 8426,122 14092,349 S 4571,39 15032,236 4879,038 3483,5725 7774,272 1599,9497
1,9700001 B 799,72003 4833,836 13112,297 7359,2886 8426,122 14092,349 S 4571,39 15032,236 4879,038 3483,5725 7774,272 1599,9497
1,9699999 B 799,72003 4833,836 13112,297 7359,2886 8426,122 14092,349 S 4571,39 15032,236 4879,038 3483,5725 7774,272 1599,9497
1,9700001 B 799,72003 4833,836 13112,297 7359,2886 8426,122 14092,349 S 4571,39 15032,236 4879,038 3483,5725 7774,272 1599,9497
1,9700001 B 799,72003 4833,836 13112,297 7359,2886 8426,122 14092,349 S 4571,39 15032,236 4879,038 3483,5725 7774,272 1599,9497
1,9700001 B 799,72003 4833,836 13112,297 7359,2886 8426,122 14092,349 S 4571,39 15032,236 4879,038 3483,5725 7774,272 1599,9497
1,9700005 B 799,72003 4833,836 13112,297 7359,2886 8426,122 14092,349 S 4571,39 15032,236 4879,038 3483,5725 7774,272 1599,9497
1,9699998 B 799,72003 4833,836 13112,297 7359,2886 8426,122 14092,349 S 4571,39 15032,236 4879,038 3483,5725 7774,272 1599,9497
1,97 B 799,72003 4833,836 13112,297 7359,2886 8426,122 14092,349 S 4571,39 15032,236 4879,038 3483,5725 7774,272 1599,9497
1,9699998 B 799,72003 4833,836 13112,297 7359,2886 8426,122 14092,349 S 4571,39 15032,236 4879,038 3483,5725 7774,272 1599,9497
1,9699996 B 799,72003 4833,836 13112,297 7359,2886 8426,122 14092,349 S 4571,39 15032,236 4879,038 3483,5725 7774,272 1599,9497
1,9699999 B 799,72003 4833,836 13112,297 7359,2886 8426,122 14092,349 S 4571,39 15032,236 4879,038 3483,5725 7774,272 1599,9497
1,9699998 B 799,72003 4833,836 13112,297 7359,2886 8426,122 14092,349 S 4571,39 15032,236 4879,038 3483,5725 7774,272 1599,9497
1,97 B 799,72003 4833,836 13112,297 7359,2886 8426,122 14092,349 S 4571,39 15032,236 4879,038 3483,5725 7774,272 1599,9497
1,9700006 B 799,72003 4833,836 13112,297 7359,2886 8426,122 14092,349 S 4571,39 15032,236 4879,038 3483,5725 7774,272 1599,9497
1,9699999 B 799,72003 4833,836 13112,297 7359,2886 8426,122 14092,349 S 4571,39 15032,236 4879,038 3483,5725 7774,272 1599,9497
1,9699997 B 799,72003 4833,836 13112,297 7359,2886 8426,122 14092,349 S 4571,39 15032,236 4879,038 3483,5725 7774,272 1599,9497
1,9699999 B 799,72003 4833,836 13112,297 7359,2886 8426,122 14092,349 S 4571,39 15032,236 4879,038 3483,5725 7774,272 1599,9497
1,9700004 B 799,72003 4833,836 13112,297 7359,2886 8426,122 14092,349 S 4571,39 15032,236 4879,038 3483,5725 7774,272 1599,9497
1,9700001 B 799,72003 4833,836 13112,297 7359,2886 8426,122 14092,349 S 4571,39 15032,236 4879,038 3483,5725 7774,272 1599,9497
1,9699996 B 799,72003 4833,836 13112,297 7359,2886 8426,122 14092,349 S 4571,39 15032,236 4879,038 3483,5725 7774,272 1599,9497
1,97 B 799,72003 4833,836 13112,297 7359,2886 8426,122 14092,349 S 4571,39 15032,236 4879,038 3483,5725 7774,272 1599,9497
1,97 B 799,72003 4833,836 13112,297 7359,2886 8426,122 14092,349 S 4571,39 15032,236 4879,038 3483,5725 7774,272 1599,9497
1,9699997 B 799,72003 4833,836 13112,297 7359,2886 8426,122 14092,349 S 4571,39 15032,236 4879,038 3483,5725 7774,272 1599,9497
1,9699997 B 799,72003 4833,836 13112,297 7359,2886 8426,122 14092,349 S 4571,39 15032,236 4879,038 3483,5725 7774,272 1599,9497
1,97 B 799,72003 4833,836 13112,297 7359,2886 8426,122 14092,349 S 4571,39 15032,236 4879,038 3483,5725 7774,272 1599,9497
1,97 B 799,72003 4833,836 13112,297 7359,2886 8426,122 14092,349 S 4571,39 15032,236 4879,038 3483,5725 7774,272 1599,9497
1,9699994 B 799,72003 4833,836 13112,297 7359,2886 8426,122 14092,349 S 4571,39 15032,236 4879,038 3483,5725 7774,272 1599,9497
1,9699997 B 799,72003 4833,836 13112,297 7359,2886 8426,122 14092,349 S 4571,39 15032,236 4879,038 3483,5725 7774,272 1599,9497
1,97 B 799,72003 4833,836 13112,297 7359,2886 8426,122 14092,349 S 4571,39 15032,236 4879,038 3483,5725 7774,272 1599,9497
1,97 B 799,72003 4833,836 13112,297 7359,2886 8426,122 14092,349 S 4571,39 15032,236 4879,038 3483,5725 7774,272 1599,9497
1,9699998 B 799,72003 4833,836 13112,297 7359,2886 8426,122 14092,349 S 4571,39 15032,236 4879,038 3483,5725 7774,272 1599,9497
1,9699999 B 799,72003 4833,836 13112,297 7359,2886 8426,122 14092,349 S 4571,39 15032,236 4879,038 3483,5725 7774,272 1599,9497
1,9699996 B 799,72003 4833,836 13112,297 7359,2886 8426,122 14092,349 S 4571,39 15032,236 4879,038 3483,5725 7774,272 1599,9497
1,9700006 B 799,72003 4833,836 13112,297 7359,2886 8426,122 14092,349 S 4571,39 15032,236 4879,038 3483,5725 7774,272 1599,9497
1,9700001 B 799,72003 4833,836 13112,297 7359,2886 8426,122 14092,349 S 4571,39 15032,236 4879,038 3483,5725 7774,272 1599,9497
1,9699993 B 799,72003 4833,836 13112,297 7359,2886 8426,122 14092,349 S 4571,39 15032,236 4879,038 3483,5725 7774,272 1599,9497
1,9700001 B 799,72003 4833,836 13112,297 7359,2886 8426,122 14092,349 S 4571,39 15032,236 4879,038 3483,5725 7774,272 1599,9497
1,9699997 B 799,72003 4833,836 13112,297 7359,2886 8426,122 14092,349 S 4571,39 15032,236 4879,038 3483,5725 7774,272 1599,9497
1,9699999 B 799,72003 4833,836 13112,297 7359,2886 8426,122 14092,349 S 4571,39 15032,236 4879,038 3483,5725 7774,272 1599,9497
1,9699993 B 799,72003 4833,836 13112,297 7359,2886 8426,122 14092,349 S 4571,39 15032,236 4879,038 3483,5725 7774,272 1599,9497
1,9700004 B 799,72003 4833,836 13112,297 7359,2886 8426,122 14092,349 S 4571,39 15032,236 4879,038 3483,5725 7774,272 1599,9497
1,9697667 B 799,72003 4833,836 13112,297 7359,2886 8426,122 14092,349 S 4571,39 15032,236 4879,038 3483,5725 7774,272 1599,9497
1,9689999 B 799,72003 4833,836 13112,297 7359,2886 8426,122 14092,349 S 4571,39 15032,236 4879,038 3483,5725 7774,272 1599,9497
1,9690001 B 799,72003 4833,836 13112,297 7359,2886 8426,122 14092,349 S 4571,39 15032,236 4879,038 3483,5725 7774,272 1599,9497
1,9690005 B 799,72003 4833,836 13112,297 7359,2886 8426,122 14092,349 S 4571,39 15032,236 4879,038 3483,5725 7774,272 1599,9497
1,969 B 799,72003 4833,836 13112,297 7359,2886 8426,122 14092,349 S 4571,39 15032,236 4879,038 3483,5725 7774,272 1599,9497
1,969 B 799,72003 4833,836 13112,297 7359,2886 8426,122 14092,349 S 4571,39 15032,236 4879,038 3483,5725 7774,272 1599,9497
1,9690007 B 799,72003 4833,836 13112,297 7359,2886 8426,122 14092,349 S 4571,39 15032,236 4879,038 3483,5725 7774,272 1599,9497
1,969 B 799,72003 4833,836 13112,297 7359,2886 8426,122 14092,349 S 4571,39 15032,236 4879,038 3483,5725 7774,272 1599,9497
1,9690001 B 799,72003 4833,836 13112,297 7359,2886 8426,122 14092,349 S 4571,39 15032,236 4879,038 3483,5725 7774,272 1599,9497
1,9690003 B 799,72003 4833,836 13112,297 7359,2886 8426,122 14092,349 S 4571,39 15032,236 4879,038 3483,5725 7774,272 1599,9497
1,9684474 B 799,72003 4833,836 13112,297 7359,2886 8426,122 14092,349 S 4571,39 15032,236 4879,038 3483,5725 7774,272 1599,9497
1,9680004 B 799,72003 4833,836 13112,297 7359,2886 8426,122 14092,349 S 4571,39 15032,236 4879,038 3483,5725 7774,272 1599,9497
1,968 B 799,72003 4833,836 13112,297 7359,2886 8426,122 14092,349 S 4571,39 15032,236 4879,038 3483,5725 7774,272 1599,9497
1,9680005 B 799,72003 4833,836 13112,297 7359,2886 8426,122 14092,349 S 4571,39 15032,236 4879,038 3483,5725 7774,272 1599,9497
1,9680002 B 799,72003 4833,836 13112,297 7359,2886 8426,122 14092,349 S 4571,39 15032,236 4879,038 3483,5725 7774,272 1599,9497
1,9680003 B 799,72003 4833,836 13112,297 7359,2886 8426,122 14092,349 S 4571,39 15032,236 4879,038 3483,5725 7774,272 1599,9497
1,9679998 B 799,72003 4833,836 13112,297 7359,2886 8426,122 14092,349 S 4571,39 15032,236 4879,038 3483,5725 7774,272 1599,9497
1,9680002 B 799,72003 4833,836 13112,297 7359,2886 8426,122 14092,349 S 4571,39 15032,236 4879,038 3483,5725 7774,272 1599,9497
1,9680002 B 799,72003 4833,836 13112,297 7359,2886 8426,122 14092,349 S 4571,39 15032,236 4879,038 3483,5725 7774,272 1599,9497
1,9680003 B 799,72003 4833,836 13112,297 7359,2886 8426,122 14092,349 S 4571,39 15032,236 4879,038 3483,5725 7774,272 1599,9497
1,9679997 B 799,72003 4833,836 13112,297 7359,2886 8426,122 14092,349 S 4571,39 15032,236 4879,038 3483,5725 7774,272 1599,9497
1,968 B 799,72003 4833,836 13112,297 7359,2886 8426,122 14092,349 S 4571,39 15032,236 4879,038 3483,5725 7774,272 1599,9497
1,9680003 B 799,72003 4833,836 13112,297 7359,2886 8426,122 14092,349 S 4571,39 15032,236 4879,038 3483,5725 7774,272 1599,9497
1,9680007 B 799,72003 4833,836 13112,297 7359,2886 8426,122 14092,349 S 4571,39 15032,236 4879,038 3483,5725 7774,272 1599,9497
1,968 B 799,72003 4833,836 13112,297 7359,2886 8426,122 14092,349 S 4571,39 15032,236 4879,038 3483,5725 7774,272 1599,9497
1,9679998 B 799,72003 4833,836 13112,297 7359,2886 8426,122 14092,349 S 4571,39 15032,236 4879,038 3483,5725 7774,272 1599,9497
1,968 B 799,72003 4833,836 13112,297 7359,2886 8426,122 14092,349 S 4571,39 15032,236 4879,038 3483,5725 7774,272 1599,9497
1,9679999 B 799,72003 4833,836 13112,297 7359,2886 8426,122 14092,349 S 4571,39 15032,236 4879,038 3483,5725 7774,272 1599,9497
1,9680003 B 799,72003 4833,836 13112,297 7359,2886 8426,122 14092,349 S 4571,39 15032,236 4879,038 3483,5725 7774,272 1599,9497
1,9680002 B 799,72003 4833,836 13112,297 7359,2886 8426,122 14092,349 S 4571,39 15032,236 4879,038 3483,5725 7774,272 1599,9497
1,9680008 B 799,72003 4833,836 13112,297 7359,2886 8426,122 14092,349 S 4571,39 15032,236 4879,038 3483,5725 7774,272 1599,9497
1,9680002 B 799,72003 4833,836 13112,297 7359,2886 8426,122 14092,349 S 4571,39 15032,236 4879,038 3483,5725 7774,272 1599,9497
1,9684488 B 799,72003 4833,836 13112,297 7359,2886 8426,122 14092,349 S 4571,39 15032,236 4879,038 3483,5725 7774,272 1599,9497
1,9689999 B 799,72003 4833,836 13112,297 7359,2886 8426,122 14092,349 S 4571,39 15032,236 4879,038 3483,5725 7774,272 1599,9497
1,9690001 B 799,72003 4833,836 13112,297 7359,2886 8426,122 14092,349 S 4571,39 15032,236 4879,038 3483,5725 7774,272 1599,9497
1,9690001 B 799,72003 4833,836 13112,297 7359,2886 8426,122 14092,349 S 4571,39 15032,236 4879,038 3483,5725 7774,272 1599,9497
1,9690007 B 799,72003 4833,836 13112,297 7359,2886 8426,122 14092,349 S 4571,39 15032,236 4879,038 3483,5725 7774,272 1599,9497
1,9690001 B 799,72003 4833,836 13112,297 7359,2886 8426,122 14092,349 S 4571,39 15032,236 4879,038 3483,5725 7774,272 1599,9497
1,9689999 B 799,72003 4833,836 13112,297 7359,2886 8426,122 14092,349 S 4571,39 15032,236 4879,038 3483,5725 7774,272 1599,9497
1,9689999 B 799,72003 4833,836 13112,297 7359,2886 8426,122 14092,349 S 4571,39 15032,236 4879,038 3483,5725 7774,272 1599,9497
1,969 B 799,72003 4833,836 13112,297 7359,2886 8426,122 14092,349 S 4571,39 15032,236 4879,038 3483,5725 7774,272 1599,9497
1,9690002 B 799,72003 4833,836 13112,297 7359,2886 8426,122 14092,349 S 4571,39 15032,236 4879,038 3483,5725 7774,272 1599,9497
1,9690002 B 799,72003 4833,836 13112,297 7359,2886 8426,122 14092,349 S 4571,39 15032,236 4879,038 3483,5725 7774,272 1599,9497
1,9690009 B 799,72003 4833,836 13112,297 7359,2886 8426,122 14092,349 S 4571,39 15032,236 4879,038 3483,5725 7774,272 1599,9497
1,9689999 B 799,72003 4833,836 13112,297 7359,2886 8426,122 14092,349 S 4571,39 15032,236 4879,038 3483,5725 7774,272 1599,9497
1,9690003 B 799,72003 4833,836 13112,297 7359,2886 8426,122 14092,349 S 4571,39 15032,236 4879,038 3483,5725 7774,272 1599,9497
1,9690001 B 799,72003 4833,836 13112,297 7359,2886 8426,122 14092,349 S 4571,39 15032,236 4879,038 3483,5725 7774,272 1599,9497
1,9690007 B 799,72003 4833,836 13112,297 7359,2886 8426,122 14092,349 S 4571,39 15032,236 4879,038 3483,5725 7774,272 1599,9497
1,9690001 B 799,72003 4833,836 13112,297 7359,2886 8426,122 14092,349 S 4571,39 15032,236 4879,038 3483,5725 7774,272 1599,9497
1,9690001 B 799,72003 4833,836 13112,297 7359,2886 8426,122 14092,349 S 4571,39 15032,236 4879,038 3483,5725 7774,272 1599,9497
1,9698275 B 799,72003 4833,836 13112,297 7359,2886 8426,122 14092,349 S 4571,39 15032,236 4879,038 3483,5725 7774,272 1599,9497
1,9699997 B 799,72003 4833,836 13112,297 7359,2886 8426,122 14092,349 S 4571,39 15032,236 4879,038 3483,5725 7774,272 1599,9497
1,97 B 799,72003 4833,836 13112,297 7359,2886 8426,122 14092,349 S 4571,39 15032,236 4879,038 3483,5725 7774,272 1599,9497
1,9699999 B 799,72003 4833,836 13112,297 7359,2886 8426,122 14092,349 S 4571,39 15032,236 4879,038 3483,5725 7774,272 1599,9497
