1,9717213
1,9689997 B 1229,2599 8453,058 16625,861 14847,291 10653,349 14822,341 S 2899,6199 22986,562 3988,3013 19483,139 1041,2 569,53986
1,9689997 B 1229,2599 8453,058 16625,861 14847,291 10653,349 14822,341 S 2899,6199 22986,562 3988,3013 19483,139 1041,2 569,53986
1,9689997 B 1229,2599 8453,058 16625,861 14847,291 10653,349 14822,341 S 2899,6199 22986,562 3988,3013 19483,139 1041,2 569,53986
1,9689997 B 1229,2599 8453,058 16625,861 14847,291 10653,349 14822,341 S 2899,6199 22986,562 3988,3013 19483,139 1041,2 569,53986
1,969 B 1229,2599 8453,058 16625,861 14847,291 10653,349 14822,341 S 2899,6199 22986,562 3988,3013 19483,139 1041,2 569,53986
1,9689999 B 1229,2599 8453,058 16625,861 14847,291 10653,349 14822,341 S 2899,6199 22986,562 3988,3013 19483,139 1041,2 569,53986
1,9690006 B 1229,2599 8453,058 16625,861 14847,291 10653,349 14822,341 S 2899,6199 22986,562 3988,3013 19483,139 1041,2 569,53986
1,9690002 B 1229,2599 8453,058 16625,861 14847,291 10653,349 14822,341 S 2899,6199 22986,562 3988,3013 19483,139 1041,2 569,53986
1,9689997 B 1229,2599 8453,058 16625,861 14847,291 10653,349 14822,341 S 2899,6199 22986,562 3988,3013 19483,139 1041,2 569,53986
1,9690003 B 1229,2599 8453,058 16625,861 14847,291 10653,349 14822,341 S 2899,6199 22986,562 3988,3013 19483,139 1041,2 569,53986
1,9690002 B 1229,2599 8453,058 16625,861 14847,291 10653,349 14822,341 S 2899,6199 22986,562 3988,3013 19483,139 1041,2 569,53986
1,9690002 B 1229,2599 8453,058 16625,861 14847,291 10653,349 14822,341 S 2899,6199 22986,562 3988,3013 19483,139 1041,2 569,53986
1,9690007 B 1229,2599 8453,058 16625,861 14847,291 10653,349 14822,341 S 2899,6199 22986,562 3988,3013 19483,139 1041,2 569,53986
1,9689996 B 1229,2599 8453,058 16625,861 14847,291 10653,349 14822,341 S 2899,6199 22986,562 3988,3013 19483,139 1041,2 569,53986
1,9690001 B 1229,2599 8453,058 16625,861 14847,291 10653,349 14822,341 S 2899,6199 22986,562 3988,3013 19483,139 1041,2 569,53986
1,9689994 B 1229,2599 8453,058 16625,861 14847,291 10653,349 14822,341 S 2899,6199 22986,562 3988,3013 19483,139 1041,2 569,53986
1,9689999 B 1229,2599 8453,058 16625,861 14847,291 10653,349 14822,341 S 2899,6199 22986,562 3988,3013 19483,139 1041,2 569,53986
1,9690005 B 1229,2599 8453,058 16625,861 14847,291 10653,349 14822,341 S 2899,6199 22986,562 3988,3013 19483,139 1041,2 569,53986
1,9690003 B 1229,2599 8453,058 16625,861 14847,291 10653,349 14822,341 S 2899,6199 22986,562 3988,3013 19483,139 1041,2 569,53986
1,9690005 B 1229,2599 8453,058 16625,861 14847,291 10653,349 14822,341 S 2899,6199 22986,562 3988,3013 19483,139 1041,2 569,53986
1,969 B 1229,2599 8453,058 16625,861 14847,291 10653,349 14822,341 S 2899,6199 22986,562 3988,3013 19483,139 1041,2 569,53986
1,9690003 B 1229,2599 8453,058 16625,861 14847,291 10653,349 14822,341 S 2899,6199 22986,562 3988,3013 19483,139 1041,2 569,53986
1,969 B 1229,2599 8453,058 16625,861 14847,291 10653,349 14822,341 S 2899,6199 22986,562 3988,3013 19483,139 1041,2 569,53986
1,9690002 B 1229,2599 8453,058 16625,861 14847,291 10653,349 14822,341 S 2899,6199 22986,562 3988,3013 19483,139 1041,2 569,53986
1,9690012 B 1229,2599 8453,058 16625,861 14847,291 10653,349 14822,341 S 2899,6199 22986,562 3988,3013 19483,139 1041,2 569,53986
1,969 B 1229,2599 8453,058 16625,861 14847,291 10653,349 14822,341 S 2899,6199 22986,562 3988,3013 19483,139 1041,2 569,53986
1,969 B 1229,2599 8453,058 16625,861 14847,291 10653,349 14822,341 S 2899,6199 22986,562 3988,3013 19483,139 1041,2 569,53986
1,9690007 B 1229,2599 8453,058 16625,861 14847,291 10653,349 14822,341 S 2899,6199 22986,562 3988,3013 19483,139 1041,2 569,53986
1,9689997 B 1229,2599 8453,058 16625,861 14847,291 10653,349 14822,341 S 2899,6199 22986,562 3988,3013 19483,139 1041,2 569,53986
1,9689997 B 1229,2599 8453,058 16625,861 14847,291 10653,349 14822,341 S 2899,6199 22986,562 3988,3013 19483,139 1041,2 569,53986
1,9690005 B 1229,2599 8453,058 16625,861 14847,291 10653,349 14822,341 S 2899,6199 22986,562 3988,3013 19483,139 1041,2 569,53986
1,9689999 B 1229,2599 8453,058 16625,861 14847,291 10653,349 14822,341 S 2899,6199 22986,562 3988,3013 19483,139 1041,2 569,53986
1,9690002 B 1229,2599 8453,058 16625,861 14847,291 10653,349 14822,341 S 2899,6199 22986,562 3988,3013 19483,139 1041,2 569,53986
1,9689995 B 1229,2599 8453,058 16625,861 14847,291 10653,349 14822,341 S 2899,6199 22986,562 3988,3013 19483,139 1041,2 569,53986
1,9689999 B 1229,2599 8453,058 16625,861 14847,291 10653,349 14822,341 S 2899,6199 22986,562 3988,3013 19483,139 1041,2 569,53986
1,9689997 B 1229,2599 8453,058 16625,861 14847,291 10653,349 14822,341 S 2899,6199 22986,562 3988,3013 19483,139 1041,2 569,53986
1,969 B 1229,2599 8453,058 16625,861 14847,291 10653,349 14822,341 S 2899,6199 22986,562 3988,3013 19483,139 1041,2 569,53986
1,9689997 B 1229,2599 8453,058 16625,861 14847,291 10653,349 14822,341 S 2899,6199 22986,562 3988,3013 19483,139 1041,2 569,53986
1,969 B 1229,2599 8453,058 16625,861 14847,291 10653,349 14822,341 S 2899,6199 22986,562 3988,3013 19483,139 1041,2 569,53986
1,9690002 B 1229,2599 8453,058 16625,861 14847,291 10653,349 14822,341 S 2899,6199 22986,562 3988,3013 19483,139 1041,2 569,53986
1,969 B 1229,2599 8453,058 16625,861 14847,291 10653,349 14822,341 S 2899,6199 22986,562 3988,3013 19483,139 1041,2 569,53986
1,9690007 B 1229,2599 8453,058 16625,861 14847,291 10653,349 14822,341 S 2899,6199 22986,562 3988,3013 19483,139 1041,2 569,53986
1,969 B 1229,2599 8453,058 16625,861 14847,291 10653,349 14822,341 S 2899,6199 22986,562 3988,3013 19483,139 1041,2 569,53986
1,9690002 B 1229,2599 8453,058 16625,861 14847,291 10653,349 14822,341 S 2899,6199 22986,562 3988,3013 19483,139 1041,2 569,53986
1,969 B 1229,2599 8453,058 16625,861 14847,291 10653,349 14822,341 S 2899,6199 22986,562 3988,3013 19483,139 1041,2 569,53986
1,969 B 1229,2599 8453,058 16625,861 14847,291 10653,349 14822,341 S 2899,6199 22986,562 3988,3013 19483,139 1041,2 569,53986
1,9690002 B 1229,2599 8453,058 16625,861 14847,291 10653,349 14822,341 S 2899,6199 22986,562 3988,3013 19483,139 1041,2 569,53986
1,9689996 B 1229,2599 8453,058 16625,861 14847,291 10653,349 14822,341 S 2899,6199 22986,562 3988,3013 19483,139 1041,2 569,53986
1,9689999 B 1229,2599 8453,058 16625,861 14847,291 10653,349 14822,341 S 2899,6199 22986,562 3988,3013 19483,139 1041,2 569,53986
1,969 B 1229,2599 8453,058 16625,861 14847,291 10653,349 14822,341 S 2899,6199 22986,562 3988,3013 19483,139 1041,2 569,53986
1,9690001 B 1229,2599 8453,058 16625,861 14847,291 10653,349 14822,341 S 2899,6199 22986,562 3988,3013 19483,139 1041,2 569,53986
1,9690002 B 1229,2599 8453,058 16625,861 14847,291 10653,349 14822,341 S 2899,6199 22986,562 3988,3013 19483,139 1041,2 569,53986
1,9689997 B 1229,2599 8453,058 16625,861 14847,291 10653,349 14822,341 S 2899,6199 22986,562 3988,3013 19483,139 1041,2 569,53986
1,9690002 B 1229,2599 8453,058 16625,861 14847,291 10653,349 14822,341 S 2899,6199 22986,562 3988,3013 19483,139 1041,2 569,53986
1,9690002 B 1229,2599 8453,058 16625,861 14847,291 10653,349 14822,341 S 2899,6199 22986,562 3988,3013 19483,139 1041,2 569,53986
1,9690002 B 1229,2599 8453,058 16625,861 14847,291 10653,349 14822,341 S 2899,6199 22986,562 3988,3013 19483,139 1041,2 569,53986
1,9689994 B 1229,2599 8453,058 16625,861 14847,291 10653,349 14822,341 S 2899,6199 22986,562 3988,3013 19483,139 1041,2 569,53986
1,9689997 B 1229,2599 8453,058 16625,861 14847,291 10653,349 14822,341 S 2899,6199 22986,562 3988,3013 19483,139 1041,2 569,53986
1,9689999 B 1229,2599 8453,058 16625,861 14847,291 10653,349 14822,341 S 2899,6199 22986,562 3988,3013 19483,139 1041,2 569,53986
1,9689997 B 1229,2599 8453,058 16625,861 14847,291 10653,349 14822,341 S 2899,6199 22986,562 3988,3013 19483,139 1041,2 569,53986
1,9690001 B 1229,2599 8453,058 16625,861 14847,291 10653,349 14822,341 S 2899,6199 22986,562 3988,3013 19483,139 1041,2 569,53986
1,9689997 B 1229,2599 8453,058 16625,861 14847,291 10653,349 14822,341 S 2899,6199 22986,562 3988,3013 19483,139 1041,2 569,53986
1,9690002 B 1229,2599 8453,058 16625,861 14847,291 10653,349 14822,341 S 2899,6199 22986,562 3988,3013 19483,139 1041,2 569,53986
1,9690009 B 1229,2599 8453,058 16625,861 14847,291 10653,349 14822,341 S 2899,6199 22986,562 3988,3013 19483,139 1041,2 569,53986
1,9689995 B 1229,2599 8453,058 16625,861 14847,291 10653,349 14822,341 S 2899,6199 22986,562 3988,3013 19483,139 1041,2 569,53986
1,9689999 B 1229,2599 8453,058 16625,861 14847,291 10653,349 14822,341 S 2899,6199 22986,562 3988,3013 19483,139 1041,2 569,53986
1,9690003 B 1229,2599 8453,058 16625,861 14847,291 10653,349 14822,341 S 2899,6199 22986,562 3988,3013 19483,139 1041,2 569,53986
1,9692473 B 1229,2599 8453,058 16625,861 14847,291 10653,349 14822,341 S 2899,6199 22986,562 3988,3013 19483,139 1041,2 569,53986
1,97 B 1229,2599 8453,058 16625,861 14847,291 10653,349 14822,341 S 2899,6199 22986,562 3988,3013 19483,139 1041,2 569,53986
1,97 B 1229,2599 8453,058 16625,861 14847,291 10653,349 14822,341 S 2899,6199 22986,562 3988,3013 19483,139 1041,2 569,53986
1,9699997 B 1229,2599 8453,058 16625,861 14847,291 10653,349 14822,341 S 2899,6199 22986,562 3988,3013 19483,139 1041,2 569,53986
1,9699998 B 1229,2599 8453,058 16625,861 14847,291 10653,349 14822,341 S 2899,6199 22986,562 3988,3013 19483,139 1041,2 569,53986
1,9699994 B 1229,2599 8453,058 16625,861 14847,291 10653,349 14822,341 S 2899,6199 22986,562 3988,3013 19483,139 1041,2 569,53986
1,9699997 B 1229,2599 8453,058 16625,861 14847,291 10653,349 14822,341 S 2899,6199 22986,562 3988,3013 19483,139 1041,2 569,53986
1,9699997 B 1229,2599 8453,058 16625,861 14847,291 10653,349 14822,341 S 2899,6199 22986,562 3988,3013 19483,139 1041,2 569,53986
1,9700004 B 1229,2599 8453,058 16625,861 14847,291 10653,349 14822,341 S 2899,6199 22986,562 3988,3013 19483,139 1041,2 569,53986
1,9699997 B 1229,2599 8453,058 16625,861 14847,291 10653,349 14822,341 S 2899,6199 22986,562 3988,3013 19483,139 1041,2 569,53986
1,9699998 B 1229,2599 8453,058 16625,861 14847,291 10653,349 14822,341 S 2899,6199 22986,562 3988,3013 19483,139 1041,2 569,53986
1,9699998 B 1229,2599 8453,058 16625,861 14847,291 10653,349 14822,341 S 2899,6199 22986,562 3988,3013 19483,139 1041,2 569,53986
1,9700001 B 1229,2599 8453,058 16625,861 14847,291 10653,349 14822,341 S 2899,6199 22986,562 3988,3013 19483,139 1041,2 569,53986
1,9700001 B 1229,2599 8453,058 16625,861 14847,291 10653,349 14822,341 S 2899,6199 22986,562 3988,3013 19483,139 1041,2 569,53986
1,9699999 B 1229,2599 8453,058 16625,861 14847,291 10653,349 14822,341 S 2899,6199 22986,562 3988,3013 19483,139 1041,2 569,53986
1,97 B 1229,2599 8453,058 16625,861 14847,291 10653,349 14822,341 S 2899,6199 22986,562 3988,3013 19483,139 1041,2 569,53986
1,9699994 B 1229,2599 8453,058 16625,861 14847,291 10653,349 14822,341 S 2899,6199 22986,562 3988,3013 19483,139 1041,2 569,53986
1,9700001 B 1229,2599 8453,058 16625,861 14847,291 10653,349 14822,341 S 2899,6199 22986,562 3988,3013 19483,139 1041,2 569,53986
1,9699999 B 1229,2599 8453,058 16625,861 14847,291 10653,349 14822,341 S 2899,6199 22986,562 3988,3013 19483,139 1041,2 569,53986
1,9699994 B 1229,2599 8453,058 16625,861 14847,291 10653,349 14822,341 S 2899,6199 22986,562 3988,3013 19483,139 1041,2 569,53986
1,9700006 B 1229,2599 8453,058 16625,861 14847,291 10653,349 14822,341 S 2899,6199 22986,562 3988,3013 19483,139 1041,2 569,53986
1,9700001 B 1229,2599 8453,058 16625,861 14847,291 10653,349 14822,341 S 2899,6199 22986,562 3988,3013 19483,139 1041,2 569,53986
1,9699999 B 1229,2599 8453,058 16625,861 14847,291 10653,349 14822,341 S 2899,6199 22986,562 3988,3013 19483,139 1041,2 569,53986
1,9699999 B 1229,2599 8453,058 16625,861 14847,291 10653,349 14822,341 S 2899,6199 22986,562 3988,3013 19483,139 1041,2 569,53986
1,9699999 B 1229,2599 8453,058 16625,861 14847,291 10653,349 14822,341 S 2899,6199 22986,562 3988,3013 19483,139 1041,2 569,53986
1,9700005 B 1229,2599 8453,058 16625,861 14847,291 10653,349 14822,341 S 2899,6199 22986,562 3988,3013 19483,139 1041,2 569,53986
1,9699997 B 1229,2599 8453,058 16625,861 14847,291 10653,349 14822,341 S 2899,6199 22986,562 3988,3013 19483,139 1041,2 569,53986
1,9699999 B 1229,2599 8453,058 16625,861 14847,291 10653,349 14822,341 S 2899,6199 22986,562 3988,3013 19483,139 1041,2 569,53986
1,9699998 B 1229,2599 8453,058 16625,861 14847,291 10653,349 14822,341 S 2899,6199 22986,562 3988,3013 19483,139 1041,2 569,53986
1,9699996 B 1229,2599 8453,058 16625,861 14847,291 10653,349 14822,341 S 2899,6199 22986,562 3988,3013 19483,139 1041,2 569,53986
1,9700001 B 1229,2599 8453,058 16625,861 14847,291 10653,349 14822,341 S 2899,6199 22986,562 3988,3013 19483,139 1041,2 569,53986
1,97 B 1229,2599 8453,058 16625,861 14847,291 10653,349 14822,341 S 2899,6199 22986,562 3988,3013 19483,139 1041,2 569,53986
1,97 B 1229,2599 8453,058 16625,861 14847,291 10653,349 14822,341 S 2899,6199 22986,562 3988,3013 19483,139 1041,2 569,53986
1,9700005 B 1229,2599 8453,058 16625,861 14847,291 10653,349 14822,341 S 2899,6199 22986,562 3988,3013 19483,139 1041,2 569,53986
1,9699998 B 1229,2599 8453,058 16625,861 14847,291 10653,349 14822,341 S 2899,6199 22986,562 3988,3013 19483,139 1041,2 569,53986
1,9700004 B 1229,2599 8453,058 16625,861 14847,291 10653,349 14822,341 S 2899,6199 22986,562 3988,3013 19483,139 1041,2 569,53986
1,9699997 B 1229,2599 8453,058 16625,861 14847,291 10653,349 14822,341 S 2899,6199 22986,562 3988,3013 19483,139 1041,2 569,53986
1,97 B 1229,2599 8453,058 16625,861 14847,291 10653,349 14822,341 S 2899,6199 22986,562 3988,3013 19483,139 1041,2 569,53986
1,9699996 B 1229,2599 8453,058 16625,861 14847,291 10653,349 14822,341 S 2899,6199 22986,562 3988,3013 19483,139 1041,2 569,53986
1,9699999 B 1229,2599 8453,058 16625,861 14847,291 10653,349 14822,341 S 2899,6199 22986,562 3988,3013 19483,139 1041,2 569,53986
1,9700006 B 1229,2599 8453,058 16625,861 14847,291 10653,349 14822,341 S 2899,6199 22986,562 3988,3013 19483,139 1041,2 569,53986
1,97 B 1229,2599 8453,058 16625,861 14847,291 10653,349 14822,341 S 2899,6199 22986,562 3988,3013 19483,139 1041,2 569,53986
1,9699996 B 1229,2599 8453,058 16625,861 14847,291 10653,349 14822,341 S 2899,6199 22986,562 3988,3013 19483,139 1041,2 569,53986
1,9700001 B 1229,2599 8453,058 16625,861 14847,291 10653,349 14822,341 S 2899,6199 22986,562 3988,3013 19483,139 1041,2 569,53986
1,9700001 B 1229,2599 8453,058 16625,861 14847,291 10653,349 14822,341 S 2899,6199 22986,562 3988,3013 19483,139 1041,2 569,53986
1,9700004 B 1229,2599 8453,058 16625,861 14847,291 10653,349 14822,341 S 2899,6199 22986,562 3988,3013 19483,139 1041,2 569,53986
1,9699998 B 1229,2599 8453,058 16625,861 14847,291 10653,349 14822,341 S 2899,6199 22986,562 3988,3013 19483,139 1041,2 569,53986
1,9700005 B 1229,2599 8453,058 16625,861 14847,291 10653,349 14822,341 S 2899,6199 22986,562 3988,3013 19483,139 1041,2 569,53986
1,9699998 B 1229,2599 8453,058 16625,861 14847,291 10653,349 14822,341 S 2899,6199 22986,562 3988,3013 19483,139 1041,2 569,53986
1,9699998 B 1229,2599 8453,058 16625,861 14847,291 10653,349 14822,341 S 2899,6199 22986,562 3988,3013 19483,139 1041,2 569,53986
1,9699998 B 1229,2599 8453,058 16625,861 14847,291 10653,349 14822,341 S 2899,6199 22986,562 3988,3013 19483,139 1041,2 569,53986
1,9700004 B 1229,2599 8453,058 16625,861 14847,291 10653,349 14822,341 S 2899,6199 22986,562 3988,3013 19483,139 1041,2 569,53986
1,9699999 B 1229,2599 8453,058 16625,861 14847,291 10653,349 14822,341 S 2899,6199 22986,562 3988,3013 19483,139 1041,2 569,53986
1,9699999 B 1229,2599 8453,058 16625,861 14847,291 10653,349 14822,341 S 2899,6199 22986,562 3988,3013 19483,139 1041,2 569,53986
1,9700004 B 1229,2599 8453,058 16625,861 14847,291 10653,349 14822,341 S 2899,6199 22986,562 3988,3013 19483,139 1041,2 569,53986
1,9700004 B 1229,2599 8453,058 16625,861 14847,291 10653,349 14822,341 S 2899,6199 22986,562 3988,3013 19483,139 1041,2 569,53986
1,9700005 B 1229,2599 8453,058 16625,861 14847,291 10653,349 14822,341 S 2899,6199 22986,562 3988,3013 19483,139 1041,2 569,53986
1,9700001 B 1229,2599 8453,058 16625,861 14847,291 10653,349 14822,341 S 2899,6199 22986,562 3988,3013 19483,139 1041,2 569,53986
1,9700004 B 1229,2599 8453,058 16625,861 14847,291 10653,349 14822,341 S 2899,6199 22986,562 3988,3013 19483,139 1041,2 569,53986
1,9699997 B 1229,2599 8453,058 16625,861 14847,291 10653,349 14822,341 S 2899,6199 22986,562 3988,3013 19483,139 1041,2 569,53986
1,9700005 B 1229,2599 8453,058 16625,861 14847,291 10653,349 14822,341 S 2899,6199 22986,562 3988,3013 19483,139 1041,2 569,53986
1,97 B 1229,2599 8453,058 16625,861 14847,291 10653,349 14822,341 S 2899,6199 22986,562 3988,3013 19483,139 1041,2 569,53986
1,9700007 B 1229,2599 8453,058 16625,861 14847,291 10653,349 14822,341 S 2899,6199 22986,562 3988,3013 19483,139 1041,2 569,53986
1,9700006 B 1229,2599 8453,058 16625,861 14847,291 10653,349 14822,341 S 2899,6199 22986,562 3988,3013 19483,139 1041,2 569,53986
1,9699998 B 1229,2599 8453,058 16625,861 14847,291 10653,349 14822,341 S 2899,6199 22986,562 3988,3013 19483,139 1041,2 569,53986
1,9700005 B 1229,2599 8453,058 16625,861 14847,291 10653,349 14822,341 S 2899,6199 22986,562 3988,3013 19483,139 1041,2 569,53986
1,9699998 B 1229,2599 8453,058 16625,861 14847,291 10653,349 14822,341 S 2899,6199 22986,562 3988,3013 19483,139 1041,2 569,53986
1,9700001 B 1229,2599 8453,058 16625,861 14847,291 10653,349 14822,341 S 2899,6199 22986,562 3988,3013 19483,139 1041,2 569,53986
1,9699996 B 1229,2599 8453,058 16625,861 14847,291 10653,349 14822,341 S 2899,6199 22986,562 3988,3013 19483,139 1041,2 569,53986
1,9712473 B 1229,2599 8453,058 16625,861 14847,291 10653,349 14822,341 S 2899,6199 22986,562 3988,3013 19483,139 1041,2 569,53986
1,973 B 1229,2599 8453,058 16625,861 14847,291 10653,349 14822,341 S 2899,6199 22986,562 3988,3013 19483,139 1041,2 569,53986
1,9722804 B 1229,2599 8453,058 16625,861 14847,291 10653,349 14822,341 S 2899,6199 22986,562 3988,3013 19483,139 1041,2 569,53986
1,9719996 B 1229,2599 8453,058 16625,861 14847,291 10653,349 14822,341 S 2899,6199 22986,562 3988,3013 19483,139 1041,2 569,53986
1,9719996 B 1229,2599 8453,058 16625,861 14847,291 10653,349 14822,341 S 2899,6199 22986,562 3988,3013 19483,139 1041,2 569,53986
1,9719999 B 1229,2599 8453,058 16625,861 14847,291 10653,349 14822,341 S 2899,6199 22986,562 3988,3013 19483,139 1041,2 569,53986
1,9716957 B 1229,2599 8453,058 16625,861 14847,291 10653,349 14822,341 S 2899,6199 22986,562 3988,3013 19483,139 1041,2 569,53986
1,9717833 B 1229,2599 8453,058 16625,861 14847,291 10653,349 14822,341 S 2899,6199 22986,562 3988,3013 19483,139 1041,2 569,53986
1,9723822 B 1229,2599 8453,058 16625,861 14847,291 10653,349 14822,341 S 2899,6199 22986,562 3988,3013 19483,139 1041,2 569,53986
1,973 B 1229,2599 8453,058 16625,861 14847,291 10653,349 14822,341 S 2899,6199 22986,562 3988,3013 19483,139 1041,2 569,53986
1,973669 B 1229,2599 8453,058 16625,861 14847,291 10653,349 14822,341 S 2899,6199 22986,562 3988,3013 19483,139 1041,2 569,53986
1,9739999 B 1229,2599 8453,058 16625,861 14847,291 10653,349 14822,341 S 2899,6199 22986,562 3988,3013 19483,139 1041,2 569,53986
1,9740006 B 1229,2599 8453,058 16625,861 14847,291 10653,349 14822,341 S 2899,6199 22986,562 3988,3013 19483,139 1041,2 569,53986
1,9740002 B 1229,2599 8453,058 16625,861 14847,291 10653,349 14822,341 S 2899,6199 22986,562 3988,3013 19483,139 1041,2 569,53986
1,9740001 B 1229,2599 8453,058 16625,861 14847,291 10653,349 14822,341 S 2899,6199 22986,562 3988,3013 19483,139 1041,2 569,53986
1,9740002 B 1229,2599 8453,058 16625,861 14847,291 10653,349 14822,341 S 2899,6199 22986,562 3988,3013 19483,139 1041,2 569,53986
1,9739997 B 1229,2599 8453,058 16625,861 14847,291 10653,349 14822,341 S 2899,6199 22986,562 3988,3013 19483,139 1041,2 569,53986
1,9740005 B 1229,2599 8453,058 16625,861 14847,291 10653,349 14822,341 S 2899,6199 22986,562 3988,3013 19483,139 1041,2 569,53986
1,9740002 B 1229,2599 8453,058 16625,861 14847,291 10653,349 14822,341 S 2899,6199 22986,562 3988,3013 19483,139 1041,2 569,53986
1,9740006 B 1229,2599 8453,058 16625,861 14847,291 10653,349 14822,341 S 2899,6199 22986,562 3988,3013 19483,139 1041,2 569,53986
1,9739997 B 1229,2599 8453,058 16625,861 14847,291 10653,349 14822,341 S 2899,6199 22986,562 3988,3013 19483,139 1041,2 569,53986
1,9739999 B 1229,2599 8453,058 16625,861 14847,291 10653,349 14822,341 S 2899,6199 22986,562 3988,3013 19483,139 1041,2 569,53986
1,9740002 B 1229,2599 8453,058 16625,861 14847,291 10653,349 14822,341 S 2899,6199 22986,562 3988,3013 19483,139 1041,2 569,53986
1,9740005 B 1229,2599 8453,058 16625,861 14847,291 10653,349 14822,341 S 2899,6199 22986,562 3988,3013 19483,139 1041,2 569,53986
1,9740001 B 1229,2599 8453,058 16625,861 14847,291 10653,349 14822,341 S 2899,6199 22986,562 3988,3013 19483,139 1041,2 569,53986
1,9745767 B 1229,2599 8453,058 16625,861 14847,291 10653,349 14822,341 S 2899,6199 22986,562 3988,3013 19483,139 1041,2 569,53986
1,974379 B 1229,2599 8453,058 16625,861 14847,291 10653,349 14822,341 S 2899,6199 22986,562 3988,3013 19483,139 1041,2 569,53986
1,9740001 B 1229,2599 8453,058 16625,861 14847,291 10653,349 14822,341 S 2899,6199 22986,562 3988,3013 19483,139 1041,2 569,53986
1,9740005 B 1229,2599 8453,058 16625,861 14847,291 10653,349 14822,341 S 2899,6199 22986,562 3988,3013 19483,139 1041,2 569,53986
1,9740003 B 1229,2599 8453,058 16625,861 14847,291 10653,349 14822,341 S 2899,6199 22986,562 3988,3013 19483,139 1041,2 569,53986
1,9740002 B 1229,2599 8453,058 16625,861 14847,291 10653,349 14822,341 S 2899,6199 22986,562 3988,3013 19483,139 1041,2 569,53986
1,9739999 B 1229,2599 8453,058 16625,861 14847,291 10653,349 14822,341 S 2899,6199 22986,562 3988,3013 19483,139 1041,2 569,53986
1,9740001 B 1229,2599 8453,058 16625,861 14847,291 10653,349 14822,341 S 2899,6199 22986,562 3988,3013 19483,139 1041,2 569,53986
1,9740009 B 1229,2599 8453,058 16625,861 14847,291 10653,349 14822,341 S 2899,6199 22986,562 3988,3013 19483,139 1041,2 569,53986
1,9740005 B 1229,2599 8453,058 16625,861 14847,291 10653,349 14822,341 S 2899,6199 22986,562 3988,3013 19483,139 1041,2 569,53986
1,9740006 B 1229,2599 8453,058 16625,861 14847,291 10653,349 14822,341 S 2899,6199 22986,562 3988,3013 19483,139 1041,2 569,53986
1,9739997 B 1229,2599 8453,058 16625,861 14847,291 10653,349 14822,341 S 2899,6199 22986,562 3988,3013 19483,139 1041,2 569,53986
1,9740005 B 1229,2599 8453,058 16625,861 14847,291 10653,349 14822,341 S 2899,6199 22986,562 3988,3013 19483,139 1041,2 569,53986
1,9740003 B 1229,2599 8453,058 16625,861 14847,291 10653,349 14822,341 S 2899,6199 22986,562 3988,3013 19483,139 1041,2 569,53986
1,9740002 B 1229,2599 8453,058 16625,861 14847,291 10653,349 14822,341 S 2899,6199 22986,562 3988,3013 19483,139 1041,2 569,53986
1,9739996 B 1229,2599 8453,058 16625,861 14847,291 10653,349 14822,341 S 2899,6199 22986,562 3988,3013 19483,139 1041,2 569,53986
1,9740001 B 1229,2599 8453,058 16625,861 14847,291 10653,349 14822,341 S 2899,6199 22986,562 3988,3013 19483,139 1041,2 569,53986
1,9740005 B 1229,2599 8453,058 16625,861 14847,291 10653,349 14822,341 S 2899,6199 22986,562 3988,3013 19483,139 1041,2 569,53986
1,9740001 B 1229,2599 8453,058 16625,861 14847,291 10653,349 14822,341 S 2899,6199 22986,562 3988,3013 19483,139 1041,2 569,53986
1,9740002 B 1229,2599 8453,058 16625,861 14847,291 10653,349 14822,341 S 2899,6199 22986,562 3988,3013 19483,139 1041,2 569,53986
1,9740003 B 1229,2599 8453,058 16625,861 14847,291 10653,349 14822,341 S 2899,6199 22986,562 3988,3013 19483,139 1041,2 569,53986
1,9747778 B 1229,2599 8453,058 16625,861 14847,291 10653,349 14822,341 S 2899,6199 22986,562 3988,3013 19483,139 1041,2 569,53986
1,975 B 1229,2599 8453,058 16625,861 14847,291 10653,349 14822,341 S 2899,6199 22986,562 3988,3013 19483,139 1041,2 569,53986
1,975 B 1229,2599 8453,058 16625,861 14847,291 10653,349 14822,341 S 2899,6199 22986,562 3988,3013 19483,139 1041,2 569,53986
1,975 B 1229,2599 8453,058 16625,861 14847,291 10653,349 14822,341 S 2899,6199 22986,562 3988,3013 19483,139 1041,2 569,53986
1,9750004 B 1229,2599 8453,058 16625,861 14847,291 10653,349 14822,341 S 2899,6199 22986,562 3988,3013 19483,139 1041,2 569,53986
1,9750003 B 1229,2599 8453,058 16625,861 14847,291 10653,349 14822,341 S 2899,6199 22986,562 3988,3013 19483,139 1041,2 569,53986
1,9749999 B 1229,2599 8453,058 16625,861 14847,291 10653,349 14822,341 S 2899,6199 22986,562 3988,3013 19483,139 1041,2 569,53986
1,9750003 B 1229,2599 8453,058 16625,861 14847,291 10653,349 14822,341 S 2899,6199 22986,562 3988,3013 19483,139 1041,2 569,53986
1,9750003 B 1229,2599 8453,058 16625,861 14847,291 10653,349 14822,341 S 2899,6199 22986,562 3988,3013 19483,139 1041,2 569,53986
1,975 B 1229,2599 8453,058 16625,861 14847,291 10653,349 14822,341 S 2899,6199 22986,562 3988,3013 19483,139 1041,2 569,53986
1,9757236 B 1229,2599 8453,058 16625,861 14847,291 10653,349 14822,341 S 2899,6199 22986,562 3988,3013 19483,139 1041,2 569,53986
1,9760002 B 1229,2599 8453,058 16625,861 14847,291 10653,349 14822,341 S 2899,6199 22986,562 3988,3013 19483,139 1041,2 569,53986
1,9760005 B 1229,2599 8453,058 16625,861 14847,291 10653,349 14822,341 S 2899,6199 22986,562 3988,3013 19483,139 1041,2 569,53986
1,976 B 1229,2599 8453,058 16625,861 14847,291 10653,349 14822,341 S 2899,6199 22986,562 3988,3013 19483,139 1041,2 569,53986
1,9760003 B 1229,2599 8453,058 16625,861 14847,291 10653,349 14822,341 S 2899,6199 22986,562 3988,3013 19483,139 1041,2 569,53986
1,9760005 B 1229,2599 8453,058 16625,861 14847,291 10653,349 14822,341 S 2899,6199 22986,562 3988,3013 19483,139 1041,2 569,53986
1,9751105 B 1229,2599 8453,058 16625,861 14847,291 10653,349 14822,341 S 2899,6199 22986,562 3988,3013 19483,139 1041,2 569,53986
1,9749995 B 1229,2599 8453,058 16625,861 14847,291 10653,349 14822,341 S 2899,6199 22986,562 3988,3013 19483,139 1041,2 569,53986
1,9750003 B 1229,2599 8453,058 16625,861 14847,291 10653,349 14822,341 S 2899,6199 22986,562 3988,3013 19483,139 1041,2 569,53986
1,9750001 B 1229,2599 8453,058 16625,861 14847,291 10653,349 14822,341 S 2899,6199 22986,562 3988,3013 19483,139 1041,2 569,53986
1,9750003 B 1229,2599 8453,058 16625,861 14847,291 10653,349 14822,341 S 2899,6199 22986,562 3988,3013 19483,139 1041,2 569,53986
1,9750003 B 1229,2599 8453,058 16625,861 14847,291 10653,349 14822,341 S 2899,6199 22986,562 3988,3013 19483,139 1041,2 569,53986
1,9750003 B 1229,2599 8453,058 16625,861 14847,291 10653,349 14822,341 S 2899,6199 22986,562 3988,3013 19483,139 1041,2 569,53986
1,9755323 B 1229,2599 8453,058 16625,861 14847,291 10653,349 14822,341 S 2899,6199 22986,562 3988,3013 19483,139 1041,2 569,53986
1,9760002 B 1229,2599 8453,058 16625,861 14847,291 10653,349 14822,341 S 2899,6199 22986,562 3988,3013 19483,139 1041,2 569,53986
1,9764498 B 1229,2599 8453,058 16625,861 14847,291 10653,349 14822,341 S 2899,6199 22986,562 3988,3013 19483,139 1041,2 569,53986
1,9770001 B 1229,2599 8453,058 16625,861 14847,291 10653,349 14822,341 S 2899,6199 22986,562 3988,3013 19483,139 1041,2 569,53986
1,9769996 B 1229,2599 8453,058 16625,861 14847,291 10653,349 14822,341 S 2899,6199 22986,562 3988,3013 19483,139 1041,2 569,53986
1,9769999 B 1229,2599 8453,058 16625,861 14847,291 10653,349 14822,341 S 2899,6199 22986,562 3988,3013 19483,139 1041,2 569,53986
1,977001 B 1229,2599 8453,058 16625,861 14847,291 10653,349 14822,341 S 2899,6199 22986,562 3988,3013 19483,139 1041,2 569,53986
1,9770007 B 1229,2599 8453,058 16625,861 14847,291 10653,349 14822,341 S 2899,6199 22986,562 3988,3013 19483,139 1041,2 569,53986
1,977 B 1229,2599 8453,058 16625,861 14847,291 10653,349 14822,341 S 2899,6199 22986,562 3988,3013 19483,139 1041,2 569,53986
1,9769998 B 1229,2599 8453,058 16625,861 14847,291 10653,349 14822,341 S 2899,6199 22986,562 3988,3013 19483,139 1041,2 569,53986
1,9769998 B 1229,2599 8453,058 16625,861 14847,291 10653,349 14822,341 S 2899,6199 22986,562 3988,3013 19483,139 1041,2 569,53986
1,9762855 B 1229,2599 8453,058 16625,861 14847,291 10653,349 14822,341 S 2899,6199 22986,562 3988,3013 19483,139 1041,2 569,53986
1,9760001 B 1229,2599 8453,058 16625,861 14847,291 10653,349 14822,341 S 2899,6199 22986,562 3988,3013 19483,139 1041,2 569,53986
1,9760007 B 1229,2599 8453,058 16625,861 14847,291 10653,349 14822,341 S 2899,6199 22986,562 3988,3013 19483,139 1041,2 569,53986
1,9760004 B 1229,2599 8453,058 16625,861 14847,291 10653,349 14822,341 S 2899,6199 22986,562 3988,3013 19483,139 1041,2 569,53986
1,9751798 B 1229,2599 8453,058 16625,861 14847,291 10653,349 14822,341 S 2899,6199 22986,562 3988,3013 19483,139 1041,2 569,53986
1,9758656 B 1229,2599 8453,058 16625,861 14847,291 10653,349 14822,341 S 2899,6199 22986,562 3988,3013 19483,139 1041,2 569,53986
1,9760005 B 1229,2599 8453,058 16625,861 14847,291 10653,349 14822,341 S 2899,6199 22986,562 3988,3013 19483,139 1041,2 569,53986
1,9760001 B 1229,2599 8453,058 16625,861 14847,291 10653,349 14822,341 S 2899,6199 22986,562 3988,3013 19483,139 1041,2 569,53986
1,9760001 B 1229,2599 8453,058 16625,861 14847,291 10653,349 14822,341 S 2899,6199 22986,562 3988,3013 19483,139 1041,2 569,53986
1,9758496 B 1229,2599 8453,058 16625,861 14847,291 10653,349 14822,341 S 2899,6199 22986,562 3988,3013 19483,139 1041,2 569,53986
1,9750003 B 1229,2599 8453,058 16625,861 14847,291 10653,349 14822,341 S 2899,6199 22986,562 3988,3013 19483,139 1041,2 569,53986
1,974855 B 1229,2599 8453,058 16625,861 14847,291 10653,349 14822,341 S 2899,6199 22986,562 3988,3013 19483,139 1041,2 569,53986
1,9739997 B 1229,2599 8453,058 16625,861 14847,291 10653,349 14822,341 S 2899,6199 22986,562 3988,3013 19483,139 1041,2 569,53986
1,9740006 B 1229,2599 8453,058 16625,861 14847,291 10653,349 14822,341 S 2899,6199 22986,562 3988,3013 19483,139 1041,2 569,53986
1,9739996 B 1229,2599 8453,058 16625,861 14847,291 10653,349 14822,341 S 2899,6199 22986,562 3988,3013 19483,139 1041,2 569,53986
1,9740001 B 1229,2599 8453,058 16625,861 14847,291 10653,349 14822,341 S 2899,6199 22986,562 3988,3013 19483,139 1041,2 569,53986
1,9739999 B 1229,2599 8453,058 16625,861 14847,291 10653,349 14822,341 S 2899,6199 22986,562 3988,3013 19483,139 1041,2 569,53986
1,9739996 B 1229,2599 8453,058 16625,861 14847,291 10653,349 14822,341 S 2899,6199 22986,562 3988,3013 19483,139 1041,2 569,53986
1,9740006 B 1229,2599 8453,058 16625,861 14847,291 10653,349 14822,341 S 2899,6199 22986,562 3988,3013 19483,139 1041,2 569,53986
1,9739994 B 1229,2599 8453,058 16625,861 14847,291 10653,349 14822,341 S 2899,6199 22986,562 3988,3013 19483,139 1041,2 569,53986
1,9740002 B 1229,2599 8453,058 16625,861 14847,291 10653,349 14822,341 S 2899,6199 22986,562 3988,3013 19483,139 1041,2 569,53986
1,9749734 B 1229,2599 8453,058 16625,861 14847,291 10653,349 14822,341 S 2899,6199 22986,562 3988,3013 19483,139 1041,2 569,53986
1,9750005 B 1229,2599 8453,058 16625,861 14847,291 10653,349 14822,341 S 2899,6199 22986,562 3988,3013 19483,139 1041,2 569,53986
1,9750003 B 1229,2599 8453,058 16625,861 14847,291 10653,349 14822,341 S 2899,6199 22986,562 3988,3013 19483,139 1041,2 569,53986
