1,9750009
1,979 B 1975,9132 9847,9375 8326,569 16752,52 20742,807 6881,178 S 5668,459 16922,52 8097,4644 15274,811 5999,454 940,30493
1,9783839 B 1975,9132 9847,9375 8326,569 16752,52 20742,807 6881,178 S 5668,459 16922,52 8097,4644 15274,811 5999,454 940,30493
1,978 B 1975,9132 9847,9375 8326,569 16752,52 20742,807 6881,178 S 5668,459 16922,52 8097,4644 15274,811 5999,454 940,30493
1,9779994 B 1975,9132 9847,9375 8326,569 16752,52 20742,807 6881,178 S 5668,459 16922,52 8097,4644 15274,811 5999,454 940,30493
1,9784331 B 1975,9132 9847,9375 8326,569 16752,52 20742,807 6881,178 S 5668,459 16922,52 8097,4644 15274,811 5999,454 940,30493
1,9790003 B 1975,9132 9847,9375 8326,569 16752,52 20742,807 6881,178 S 5668,459 16922,52 8097,4644 15274,811 5999,454 940,30493
1,9790006 B 1975,9132 9847,9375 8326,569 16752,52 20742,807 6881,178 S 5668,459 16922,52 8097,4644 15274,811 5999,454 940,30493
1,9790003 B 1975,9132 9847,9375 8326,569 16752,52 20742,807 6881,178 S 5668,459 16922,52 8097,4644 15274,811 5999,454 940,30493
1,9789996 B 1975,9132 9847,9375 8326,569 16752,52 20742,807 6881,178 S 5668,459 16922,52 8097,4644 15274,811 5999,454 940,30493
1,9789999 B 1975,9132 9847,9375 8326,569 16752,52 20742,807 6881,178 S 5668,459 16922,52 8097,4644 15274,811 5999,454 940,30493
1,9789999 B 1975,9132 9847,9375 8326,569 16752,52 20742,807 6881,178 S 5668,459 16922,52 8097,4644 15274,811 5999,454 940,30493
1,9789994 B 1975,9132 9847,9375 8326,569 16752,52 20742,807 6881,178 S 5668,459 16922,52 8097,4644 15274,811 5999,454 940,30493
1,9789996 B 1975,9132 9847,9375 8326,569 16752,52 20742,807 6881,178 S 5668,459 16922,52 8097,4644 15274,811 5999,454 940,30493
1,9789997 B 1975,9132 9847,9375 8326,569 16752,52 20742,807 6881,178 S 5668,459 16922,52 8097,4644 15274,811 5999,454 940,30493
1,9789999 B 1975,9132 9847,9375 8326,569 16752,52 20742,807 6881,178 S 5668,459 16922,52 8097,4644 15274,811 5999,454 940,30493
1,9789997 B 1975,9132 9847,9375 8326,569 16752,52 20742,807 6881,178 S 5668,459 16922,52 8097,4644 15274,811 5999,454 940,30493
1,9781909 B 1975,9132 9847,9375 8326,569 16752,52 20742,807 6881,178 S 5668,459 16922,52 8097,4644 15274,811 5999,454 940,30493
1,9780003 B 1975,9132 9847,9375 8326,569 16752,52 20742,807 6881,178 S 5668,459 16922,52 8097,4644 15274,811 5999,454 940,30493
1,978 B 1975,9132 9847,9375 8326,569 16752,52 20742,807 6881,178 S 5668,459 16922,52 8097,4644 15274,811 5999,454 940,30493
1,9779993 B 1975,9132 9847,9375 8326,569 16752,52 20742,807 6881,178 S 5668,459 16922,52 8097,4644 15274,811 5999,454 940,30493
1,9780003 B 1975,9132 9847,9375 8326,569 16752,52 20742,807 6881,178 S 5668,459 16922,52 8097,4644 15274,811 5999,454 940,30493
1,9779999 B 1975,9132 9847,9375 8326,569 16752,52 20742,807 6881,178 S 5668,459 16922,52 8097,4644 15274,811 5999,454 940,30493
1,9779999 B 1975,9132 9847,9375 8326,569 16752,52 20742,807 6881,178 S 5668,459 16922,52 8097,4644 15274,811 5999,454 940,30493
1,9779999 B 1975,9132 9847,9375 8326,569 16752,52 20742,807 6881,178 S 5668,459 16922,52 8097,4644 15274,811 5999,454 940,30493
1,9780002 B 1975,9132 9847,9375 8326,569 16752,52 20742,807 6881,178 S 5668,459 16922,52 8097,4644 15274,811 5999,454 940,30493
1,9780005 B 1975,9132 9847,9375 8326,569 16752,52 20742,807 6881,178 S 5668,459 16922,52 8097,4644 15274,811 5999,454 940,30493
1,9779994 B 1975,9132 9847,9375 8326,569 16752,52 20742,807 6881,178 S 5668,459 16922,52 8097,4644 15274,811 5999,454 940,30493
1,9780002 B 1975,9132 9847,9375 8326,569 16752,52 20742,807 6881,178 S 5668,459 16922,52 8097,4644 15274,811 5999,454 940,30493
1,978 B 1975,9132 9847,9375 8326,569 16752,52 20742,807 6881,178 S 5668,459 16922,52 8097,4644 15274,811 5999,454 940,30493
1,9780755 B 1975,9132 9847,9375 8326,569 16752,52 20742,807 6881,178 S 5668,459 16922,52 8097,4644 15274,811 5999,454 940,30493
1,9789999 B 1975,9132 9847,9375 8326,569 16752,52 20742,807 6881,178 S 5668,459 16922,52 8097,4644 15274,811 5999,454 940,30493
1,9790001 B 1975,9132 9847,9375 8326,569 16752,52 20742,807 6881,178 S 5668,459 16922,52 8097,4644 15274,811 5999,454 940,30493
1,9790422 B 1975,9132 9847,9375 8326,569 16752,52 20742,807 6881,178 S 5668,459 16922,52 8097,4644 15274,811 5999,454 940,30493
1,9800001 B 1975,9132 9847,9375 8326,569 16752,52 20742,807 6881,178 S 5668,459 16922,52 8097,4644 15274,811 5999,454 940,30493
1,9799997 B 1975,9132 9847,9375 8326,569 16752,52 20742,807 6881,178 S 5668,459 16922,52 8097,4644 15274,811 5999,454 940,30493
1,9800007 B 1975,9132 9847,9375 8326,569 16752,52 20742,807 6881,178 S 5668,459 16922,52 8097,4644 15274,811 5999,454 940,30493
1,9800009 B 1975,9132 9847,9375 8326,569 16752,52 20742,807 6881,178 S 5668,459 16922,52 8097,4644 15274,811 5999,454 940,30493
1,9799999 B 1975,9132 9847,9375 8326,569 16752,52 20742,807 6881,178 S 5668,459 16922,52 8097,4644 15274,811 5999,454 940,30493
1,9800004 B 1975,9132 9847,9375 8326,569 16752,52 20742,807 6881,178 S 5668,459 16922,52 8097,4644 15274,811 5999,454 940,30493
1,9800001 B 1975,9132 9847,9375 8326,569 16752,52 20742,807 6881,178 S 5668,459 16922,52 8097,4644 15274,811 5999,454 940,30493
1,98 B 1975,9132 9847,9375 8326,569 16752,52 20742,807 6881,178 S 5668,459 16922,52 8097,4644 15274,811 5999,454 940,30493
1,9795767 B 1975,9132 9847,9375 8326,569 16752,52 20742,807 6881,178 S 5668,459 16922,52 8097,4644 15274,811 5999,454 940,30493
1,9790001 B 1975,9132 9847,9375 8326,569 16752,52 20742,807 6881,178 S 5668,459 16922,52 8097,4644 15274,811 5999,454 940,30493
1,9784373 B 1975,9132 9847,9375 8326,569 16752,52 20742,807 6881,178 S 5668,459 16922,52 8097,4644 15274,811 5999,454 940,30493
1,9779999 B 1975,9132 9847,9375 8326,569 16752,52 20742,807 6881,178 S 5668,459 16922,52 8097,4644 15274,811 5999,454 940,30493
1,9779999 B 1975,9132 9847,9375 8326,569 16752,52 20742,807 6881,178 S 5668,459 16922,52 8097,4644 15274,811 5999,454 940,30493
1,9779996 B 1975,9132 9847,9375 8326,569 16752,52 20742,807 6881,178 S 5668,459 16922,52 8097,4644 15274,811 5999,454 940,30493
1,9780008 B 1975,9132 9847,9375 8326,569 16752,52 20742,807 6881,178 S 5668,459 16922,52 8097,4644 15274,811 5999,454 940,30493
1,9780003 B 1975,9132 9847,9375 8326,569 16752,52 20742,807 6881,178 S 5668,459 16922,52 8097,4644 15274,811 5999,454 940,30493
1,978 B 1975,9132 9847,9375 8326,569 16752,52 20742,807 6881,178 S 5668,459 16922,52 8097,4644 15274,811 5999,454 940,30493
1,978 B 1975,9132 9847,9375 8326,569 16752,52 20742,807 6881,178 S 5668,459 16922,52 8097,4644 15274,811 5999,454 940,30493
1,9779993 B 1975,9132 9847,9375 8326,569 16752,52 20742,807 6881,178 S 5668,459 16922,52 8097,4644 15274,811 5999,454 940,30493
1,9773746 B 1975,9132 9847,9375 8326,569 16752,52 20742,807 6881,178 S 5668,459 16922,52 8097,4644 15274,811 5999,454 940,30493
1,9770001 B 1975,9132 9847,9375 8326,569 16752,52 20742,807 6881,178 S 5668,459 16922,52 8097,4644 15274,811 5999,454 940,30493
1,977 B 1975,9132 9847,9375 8326,569 16752,52 20742,807 6881,178 S 5668,459 16922,52 8097,4644 15274,811 5999,454 940,30493
1,9769998 B 1975,9132 9847,9375 8326,569 16752,52 20742,807 6881,178 S 5668,459 16922,52 8097,4644 15274,811 5999,454 940,30493
1,9770005 B 1975,9132 9847,9375 8326,569 16752,52 20742,807 6881,178 S 5668,459 16922,52 8097,4644 15274,811 5999,454 940,30493
1,9769996 B 1975,9132 9847,9375 8326,569 16752,52 20742,807 6881,178 S 5668,459 16922,52 8097,4644 15274,811 5999,454 940,30493
1,9770004 B 1975,9132 9847,9375 8326,569 16752,52 20742,807 6881,178 S 5668,459 16922,52 8097,4644 15274,811 5999,454 940,30493
1,977 B 1975,9132 9847,9375 8326,569 16752,52 20742,807 6881,178 S 5668,459 16922,52 8097,4644 15274,811 5999,454 940,30493
1,977 B 1975,9132 9847,9375 8326,569 16752,52 20742,807 6881,178 S 5668,459 16922,52 8097,4644 15274,811 5999,454 940,30493
1,9770001 B 1975,9132 9847,9375 8326,569 16752,52 20742,807 6881,178 S 5668,459 16922,52 8097,4644 15274,811 5999,454 940,30493
1,9769999 B 1975,9132 9847,9375 8326,569 16752,52 20742,807 6881,178 S 5668,459 16922,52 8097,4644 15274,811 5999,454 940,30493
1,9769998 B 1975,9132 9847,9375 8326,569 16752,52 20742,807 6881,178 S 5668,459 16922,52 8097,4644 15274,811 5999,454 940,30493
1,9769998 B 1975,9132 9847,9375 8326,569 16752,52 20742,807 6881,178 S 5668,459 16922,52 8097,4644 15274,811 5999,454 940,30493
1,9770001 B 1975,9132 9847,9375 8326,569 16752,52 20742,807 6881,178 S 5668,459 16922,52 8097,4644 15274,811 5999,454 940,30493
1,9770001 B 1975,9132 9847,9375 8326,569 16752,52 20742,807 6881,178 S 5668,459 16922,52 8097,4644 15274,811 5999,454 940,30493
1,9770006 B 1975,9132 9847,9375 8326,569 16752,52 20742,807 6881,178 S 5668,459 16922,52 8097,4644 15274,811 5999,454 940,30493
1,977 B 1975,9132 9847,9375 8326,569 16752,52 20742,807 6881,178 S 5668,459 16922,52 8097,4644 15274,811 5999,454 940,30493
1,9770005 B 1975,9132 9847,9375 8326,569 16752,52 20742,807 6881,178 S 5668,459 16922,52 8097,4644 15274,811 5999,454 940,30493
1,977 B 1975,9132 9847,9375 8326,569 16752,52 20742,807 6881,178 S 5668,459 16922,52 8097,4644 15274,811 5999,454 940,30493
1,9765462 B 1975,9132 9847,9375 8326,569 16752,52 20742,807 6881,178 S 5668,459 16922,52 8097,4644 15274,811 5999,454 940,30493
1,9760005 B 1975,9132 9847,9375 8326,569 16752,52 20742,807 6881,178 S 5668,459 16922,52 8097,4644 15274,811 5999,454 940,30493
1,9760003 B 1975,9132 9847,9375 8326,569 16752,52 20742,807 6881,178 S 5668,459 16922,52 8097,4644 15274,811 5999,454 940,30493
1,9760003 B 1975,9132 9847,9375 8326,569 16752,52 20742,807 6881,178 S 5668,459 16922,52 8097,4644 15274,811 5999,454 940,30493
1,976 B 1975,9132 9847,9375 8326,569 16752,52 20742,807 6881,178 S 5668,459 16922,52 8097,4644 15274,811 5999,454 940,30493
1,9760003 B 1975,9132 9847,9375 8326,569 16752,52 20742,807 6881,178 S 5668,459 16922,52 8097,4644 15274,811 5999,454 940,30493
1,9760002 B 1975,9132 9847,9375 8326,569 16752,52 20742,807 6881,178 S 5668,459 16922,52 8097,4644 15274,811 5999,454 940,30493
1,9760002 B 1975,9132 9847,9375 8326,569 16752,52 20742,807 6881,178 S 5668,459 16922,52 8097,4644 15274,811 5999,454 940,30493
1,9760003 B 1975,9132 9847,9375 8326,569 16752,52 20742,807 6881,178 S 5668,459 16922,52 8097,4644 15274,811 5999,454 940,30493
1,9750661 B 1975,9132 9847,9375 8326,569 16752,52 20742,807 6881,178 S 5668,459 16922,52 8097,4644 15274,811 5999,454 940,30493
1,9736191 B 1975,9132 9847,9375 8326,569 16752,52 20742,807 6881,178 S 5668,459 16922,52 8097,4644 15274,811 5999,454 940,30493
1,9730002 B 1975,9132 9847,9375 8326,569 16752,52 20742,807 6881,178 S 5668,459 16922,52 8097,4644 15274,811 5999,454 940,30493
1,9730002 B 1975,9132 9847,9375 8326,569 16752,52 20742,807 6881,178 S 5668,459 16922,52 8097,4644 15274,811 5999,454 940,30493
1,973 B 1975,9132 9847,9375 8326,569 16752,52 20742,807 6881,178 S 5668,459 16922,52 8097,4644 15274,811 5999,454 940,30493
1,9730003 B 1975,9132 9847,9375 8326,569 16752,52 20742,807 6881,178 S 5668,459 16922,52 8097,4644 15274,811 5999,454 940,30493
1,9730003 B 1975,9132 9847,9375 8326,569 16752,52 20742,807 6881,178 S 5668,459 16922,52 8097,4644 15274,811 5999,454 940,30493
1,9730003 B 1975,9132 9847,9375 8326,569 16752,52 20742,807 6881,178 S 5668,459 16922,52 8097,4644 15274,811 5999,454 940,30493
1,9729996 B 1975,9132 9847,9375 8326,569 16752,52 20742,807 6881,178 S 5668,459 16922,52 8097,4644 15274,811 5999,454 940,30493
1,973 B 1975,9132 9847,9375 8326,569 16752,52 20742,807 6881,178 S 5668,459 16922,52 8097,4644 15274,811 5999,454 940,30493
1,973 B 1975,9132 9847,9375 8326,569 16752,52 20742,807 6881,178 S 5668,459 16922,52 8097,4644 15274,811 5999,454 940,30493
1,9730004 B 1975,9132 9847,9375 8326,569 16752,52 20742,807 6881,178 S 5668,459 16922,52 8097,4644 15274,811 5999,454 940,30493
1,9729993 B 1975,9132 9847,9375 8326,569 16752,52 20742,807 6881,178 S 5668,459 16922,52 8097,4644 15274,811 5999,454 940,30493
1,973 B 1975,9132 9847,9375 8326,569 16752,52 20742,807 6881,178 S 5668,459 16922,52 8097,4644 15274,811 5999,454 940,30493
1,9730002 B 1975,9132 9847,9375 8326,569 16752,52 20742,807 6881,178 S 5668,459 16922,52 8097,4644 15274,811 5999,454 940,30493
1,9729999 B 1975,9132 9847,9375 8326,569 16752,52 20742,807 6881,178 S 5668,459 16922,52 8097,4644 15274,811 5999,454 940,30493
1,9729998 B 1975,9132 9847,9375 8326,569 16752,52 20742,807 6881,178 S 5668,459 16922,52 8097,4644 15274,811 5999,454 940,30493
1,9729999 B 1975,9132 9847,9375 8326,569 16752,52 20742,807 6881,178 S 5668,459 16922,52 8097,4644 15274,811 5999,454 940,30493
1,9730002 B 1975,9132 9847,9375 8326,569 16752,52 20742,807 6881,178 S 5668,459 16922,52 8097,4644 15274,811 5999,454 940,30493
1,9729999 B 1975,9132 9847,9375 8326,569 16752,52 20742,807 6881,178 S 5668,459 16922,52 8097,4644 15274,811 5999,454 940,30493
1,9730002 B 1975,9132 9847,9375 8326,569 16752,52 20742,807 6881,178 S 5668,459 16922,52 8097,4644 15274,811 5999,454 940,30493
1,9730002 B 1975,9132 9847,9375 8326,569 16752,52 20742,807 6881,178 S 5668,459 16922,52 8097,4644 15274,811 5999,454 940,30493
1,9729999 B 1975,9132 9847,9375 8326,569 16752,52 20742,807 6881,178 S 5668,459 16922,52 8097,4644 15274,811 5999,454 940,30493
1,9730006 B 1975,9132 9847,9375 8326,569 16752,52 20742,807 6881,178 S 5668,459 16922,52 8097,4644 15274,811 5999,454 940,30493
1,973 B 1975,9132 9847,9375 8326,569 16752,52 20742,807 6881,178 S 5668,459 16922,52 8097,4644 15274,811 5999,454 940,30493
1,9730002 B 1975,9132 9847,9375 8326,569 16752,52 20742,807 6881,178 S 5668,459 16922,52 8097,4644 15274,811 5999,454 940,30493
1,973 B 1975,9132 9847,9375 8326,569 16752,52 20742,807 6881,178 S 5668,459 16922,52 8097,4644 15274,811 5999,454 940,30493
1,9730002 B 1975,9132 9847,9375 8326,569 16752,52 20742,807 6881,178 S 5668,459 16922,52 8097,4644 15274,811 5999,454 940,30493
1,9730008 B 1975,9132 9847,9375 8326,569 16752,52 20742,807 6881,178 S 5668,459 16922,52 8097,4644 15274,811 5999,454 940,30493
1,9729999 B 1975,9132 9847,9375 8326,569 16752,52 20742,807 6881,178 S 5668,459 16922,52 8097,4644 15274,811 5999,454 940,30493
1,9729998 B 1975,9132 9847,9375 8326,569 16752,52 20742,807 6881,178 S 5668,459 16922,52 8097,4644 15274,811 5999,454 940,30493
1,9729998 B 1975,9132 9847,9375 8326,569 16752,52 20742,807 6881,178 S 5668,459 16922,52 8097,4644 15274,811 5999,454 940,30493
1,9729995 B 1975,9132 9847,9375 8326,569 16752,52 20742,807 6881,178 S 5668,459 16922,52 8097,4644 15274,811 5999,454 940,30493
1,9729997 B 1975,9132 9847,9375 8326,569 16752,52 20742,807 6881,178 S 5668,459 16922,52 8097,4644 15274,811 5999,454 940,30493
1,9730002 B 1975,9132 9847,9375 8326,569 16752,52 20742,807 6881,178 S 5668,459 16922,52 8097,4644 15274,811 5999,454 940,30493
1,9730004 B 1975,9132 9847,9375 8326,569 16752,52 20742,807 6881,178 S 5668,459 16922,52 8097,4644 15274,811 5999,454 940,30493
1,9736955 B 1975,9132 9847,9375 8326,569 16752,52 20742,807 6881,178 S 5668,459 16922,52 8097,4644 15274,811 5999,454 940,30493
1,9740005 B 1975,9132 9847,9375 8326,569 16752,52 20742,807 6881,178 S 5668,459 16922,52 8097,4644 15274,811 5999,454 940,30493
1,9739999 B 1975,9132 9847,9375 8326,569 16752,52 20742,807 6881,178 S 5668,459 16922,52 8097,4644 15274,811 5999,454 940,30493
1,9739997 B 1975,9132 9847,9375 8326,569 16752,52 20742,807 6881,178 S 5668,459 16922,52 8097,4644 15274,811 5999,454 940,30493
1,9740002 B 1975,9132 9847,9375 8326,569 16752,52 20742,807 6881,178 S 5668,459 16922,52 8097,4644 15274,811 5999,454 940,30493
1,9740006 B 1975,9132 9847,9375 8326,569 16752,52 20742,807 6881,178 S 5668,459 16922,52 8097,4644 15274,811 5999,454 940,30493
1,9740003 B 1975,9132 9847,9375 8326,569 16752,52 20742,807 6881,178 S 5668,459 16922,52 8097,4644 15274,811 5999,454 940,30493
1,9739996 B 1975,9132 9847,9375 8326,569 16752,52 20742,807 6881,178 S 5668,459 16922,52 8097,4644 15274,811 5999,454 940,30493
1,9740005 B 1975,9132 9847,9375 8326,569 16752,52 20742,807 6881,178 S 5668,459 16922,52 8097,4644 15274,811 5999,454 940,30493
1,9740002 B 1975,9132 9847,9375 8326,569 16752,52 20742,807 6881,178 S 5668,459 16922,52 8097,4644 15274,811 5999,454 940,30493
1,974001 B 1975,9132 9847,9375 8326,569 16752,52 20742,807 6881,178 S 5668,459 16922,52 8097,4644 15274,811 5999,454 940,30493
1,9740003 B 1975,9132 9847,9375 8326,569 16752,52 20742,807 6881,178 S 5668,459 16922,52 8097,4644 15274,811 5999,454 940,30493
1,9740005 B 1975,9132 9847,9375 8326,569 16752,52 20742,807 6881,178 S 5668,459 16922,52 8097,4644 15274,811 5999,454 940,30493
1,9740003 B 1975,9132 9847,9375 8326,569 16752,52 20742,807 6881,178 S 5668,459 16922,52 8097,4644 15274,811 5999,454 940,30493
1,9739996 B 1975,9132 9847,9375 8326,569 16752,52 20742,807 6881,178 S 5668,459 16922,52 8097,4644 15274,811 5999,454 940,30493
1,9739997 B 1975,9132 9847,9375 8326,569 16752,52 20742,807 6881,178 S 5668,459 16922,52 8097,4644 15274,811 5999,454 940,30493
1,9740002 B 1975,9132 9847,9375 8326,569 16752,52 20742,807 6881,178 S 5668,459 16922,52 8097,4644 15274,811 5999,454 940,30493
1,9740003 B 1975,9132 9847,9375 8326,569 16752,52 20742,807 6881,178 S 5668,459 16922,52 8097,4644 15274,811 5999,454 940,30493
1,9739996 B 1975,9132 9847,9375 8326,569 16752,52 20742,807 6881,178 S 5668,459 16922,52 8097,4644 15274,811 5999,454 940,30493
1,9739996 B 1975,9132 9847,9375 8326,569 16752,52 20742,807 6881,178 S 5668,459 16922,52 8097,4644 15274,811 5999,454 940,30493
1,9740003 B 1975,9132 9847,9375 8326,569 16752,52 20742,807 6881,178 S 5668,459 16922,52 8097,4644 15274,811 5999,454 940,30493
1,9740003 B 1975,9132 9847,9375 8326,569 16752,52 20742,807 6881,178 S 5668,459 16922,52 8097,4644 15274,811 5999,454 940,30493
1,9740003 B 1975,9132 9847,9375 8326,569 16752,52 20742,807 6881,178 S 5668,459 16922,52 8097,4644 15274,811 5999,454 940,30493
1,9740001 B 1975,9132 9847,9375 8326,569 16752,52 20742,807 6881,178 S 5668,459 16922,52 8097,4644 15274,811 5999,454 940,30493
1,9740003 B 1975,9132 9847,9375 8326,569 16752,52 20742,807 6881,178 S 5668,459 16922,52 8097,4644 15274,811 5999,454 940,30493
1,9739996 B 1975,9132 9847,9375 8326,569 16752,52 20742,807 6881,178 S 5668,459 16922,52 8097,4644 15274,811 5999,454 940,30493
1,9740003 B 1975,9132 9847,9375 8326,569 16752,52 20742,807 6881,178 S 5668,459 16922,52 8097,4644 15274,811 5999,454 940,30493
1,9739991 B 1975,9132 9847,9375 8326,569 16752,52 20742,807 6881,178 S 5668,459 16922,52 8097,4644 15274,811 5999,454 940,30493
1,9739999 B 1975,9132 9847,9375 8326,569 16752,52 20742,807 6881,178 S 5668,459 16922,52 8097,4644 15274,811 5999,454 940,30493
1,9740001 B 1975,9132 9847,9375 8326,569 16752,52 20742,807 6881,178 S 5668,459 16922,52 8097,4644 15274,811 5999,454 940,30493
1,9739999 B 1975,9132 9847,9375 8326,569 16752,52 20742,807 6881,178 S 5668,459 16922,52 8097,4644 15274,811 5999,454 940,30493
1,9740001 B 1975,9132 9847,9375 8326,569 16752,52 20742,807 6881,178 S 5668,459 16922,52 8097,4644 15274,811 5999,454 940,30493
1,9740007 B 1975,9132 9847,9375 8326,569 16752,52 20742,807 6881,178 S 5668,459 16922,52 8097,4644 15274,811 5999,454 940,30493
1,9740003 B 1975,9132 9847,9375 8326,569 16752,52 20742,807 6881,178 S 5668,459 16922,52 8097,4644 15274,811 5999,454 940,30493
1,9734203 B 1975,9132 9847,9375 8326,569 16752,52 20742,807 6881,178 S 5668,459 16922,52 8097,4644 15274,811 5999,454 940,30493
1,9730002 B 1975,9132 9847,9375 8326,569 16752,52 20742,807 6881,178 S 5668,459 16922,52 8097,4644 15274,811 5999,454 940,30493
1,9730004 B 1975,9132 9847,9375 8326,569 16752,52 20742,807 6881,178 S 5668,459 16922,52 8097,4644 15274,811 5999,454 940,30493
1,9729996 B 1975,9132 9847,9375 8326,569 16752,52 20742,807 6881,178 S 5668,459 16922,52 8097,4644 15274,811 5999,454 940,30493
1,9730002 B 1975,9132 9847,9375 8326,569 16752,52 20742,807 6881,178 S 5668,459 16922,52 8097,4644 15274,811 5999,454 940,30493
1,9729998 B 1975,9132 9847,9375 8326,569 16752,52 20742,807 6881,178 S 5668,459 16922,52 8097,4644 15274,811 5999,454 940,30493
1,9729996 B 1975,9132 9847,9375 8326,569 16752,52 20742,807 6881,178 S 5668,459 16922,52 8097,4644 15274,811 5999,454 940,30493
1,9729999 B 1975,9132 9847,9375 8326,569 16752,52 20742,807 6881,178 S 5668,459 16922,52 8097,4644 15274,811 5999,454 940,30493
1,9730003 B 1975,9132 9847,9375 8326,569 16752,52 20742,807 6881,178 S 5668,459 16922,52 8097,4644 15274,811 5999,454 940,30493
1,9730002 B 1975,9132 9847,9375 8326,569 16752,52 20742,807 6881,178 S 5668,459 16922,52 8097,4644 15274,811 5999,454 940,30493
1,9729998 B 1975,9132 9847,9375 8326,569 16752,52 20742,807 6881,178 S 5668,459 16922,52 8097,4644 15274,811 5999,454 940,30493
1,9729999 B 1975,9132 9847,9375 8326,569 16752,52 20742,807 6881,178 S 5668,459 16922,52 8097,4644 15274,811 5999,454 940,30493
1,9730002 B 1975,9132 9847,9375 8326,569 16752,52 20742,807 6881,178 S 5668,459 16922,52 8097,4644 15274,811 5999,454 940,30493
1,9729998 B 1975,9132 9847,9375 8326,569 16752,52 20742,807 6881,178 S 5668,459 16922,52 8097,4644 15274,811 5999,454 940,30493
1,9729998 B 1975,9132 9847,9375 8326,569 16752,52 20742,807 6881,178 S 5668,459 16922,52 8097,4644 15274,811 5999,454 940,30493
1,9730004 B 1975,9132 9847,9375 8326,569 16752,52 20742,807 6881,178 S 5668,459 16922,52 8097,4644 15274,811 5999,454 940,30493
1,9729997 B 1975,9132 9847,9375 8326,569 16752,52 20742,807 6881,178 S 5668,459 16922,52 8097,4644 15274,811 5999,454 940,30493
1,9729998 B 1975,9132 9847,9375 8326,569 16752,52 20742,807 6881,178 S 5668,459 16922,52 8097,4644 15274,811 5999,454 940,30493
1,973 B 1975,9132 9847,9375 8326,569 16752,52 20742,807 6881,178 S 5668,459 16922,52 8097,4644 15274,811 5999,454 940,30493
1,9730002 B 1975,9132 9847,9375 8326,569 16752,52 20742,807 6881,178 S 5668,459 16922,52 8097,4644 15274,811 5999,454 940,30493
1,9729998 B 1975,9132 9847,9375 8326,569 16752,52 20742,807 6881,178 S 5668,459 16922,52 8097,4644 15274,811 5999,454 940,30493
1,9729997 B 1975,9132 9847,9375 8326,569 16752,52 20742,807 6881,178 S 5668,459 16922,52 8097,4644 15274,811 5999,454 940,30493
1,9730004 B 1975,9132 9847,9375 8326,569 16752,52 20742,807 6881,178 S 5668,459 16922,52 8097,4644 15274,811 5999,454 940,30493
1,9729998 B 1975,9132 9847,9375 8326,569 16752,52 20742,807 6881,178 S 5668,459 16922,52 8097,4644 15274,811 5999,454 940,30493
1,9729999 B 1975,9132 9847,9375 8326,569 16752,52 20742,807 6881,178 S 5668,459 16922,52 8097,4644 15274,811 5999,454 940,30493
1,9730002 B 1975,9132 9847,9375 8326,569 16752,52 20742,807 6881,178 S 5668,459 16922,52 8097,4644 15274,811 5999,454 940,30493
1,9729999 B 1975,9132 9847,9375 8326,569 16752,52 20742,807 6881,178 S 5668,459 16922,52 8097,4644 15274,811 5999,454 940,30493
1,9737633 B 1975,9132 9847,9375 8326,569 16752,52 20742,807 6881,178 S 5668,459 16922,52 8097,4644 15274,811 5999,454 940,30493
1,9739996 B 1975,9132 9847,9375 8326,569 16752,52 20742,807 6881,178 S 5668,459 16922,52 8097,4644 15274,811 5999,454 940,30493
1,9740006 B 1975,9132 9847,9375 8326,569 16752,52 20742,807 6881,178 S 5668,459 16922,52 8097,4644 15274,811 5999,454 940,30493
1,9740002 B 1975,9132 9847,9375 8326,569 16752,52 20742,807 6881,178 S 5668,459 16922,52 8097,4644 15274,811 5999,454 940,30493
1,9740002 B 1975,9132 9847,9375 8326,569 16752,52 20742,807 6881,178 S 5668,459 16922,52 8097,4644 15274,811 5999,454 940,30493
1,9740001 B 1975,9132 9847,9375 8326,569 16752,52 20742,807 6881,178 S 5668,459 16922,52 8097,4644 15274,811 5999,454 940,30493
1,9747736 B 1975,9132 9847,9375 8326,569 16752,52 20742,807 6881,178 S 5668,459 16922,52 8097,4644 15274,811 5999,454 940,30493
1,9750001 B 1975,9132 9847,9375 8326,569 16752,52 20742,807 6881,178 S 5668,459 16922,52 8097,4644 15274,811 5999,454 940,30493
1,975 B 1975,9132 9847,9375 8326,569 16752,52 20742,807 6881,178 S 5668,459 16922,52 8097,4644 15274,811 5999,454 940,30493
1,975 B 1975,9132 9847,9375 8326,569 16752,52 20742,807 6881,178 S 5668,459 16922,52 8097,4644 15274,811 5999,454 940,30493
1,9749998 B 1975,9132 9847,9375 8326,569 16752,52 20742,807 6881,178 S 5668,459 16922,52 8097,4644 15274,811 5999,454 940,30493
1,9750005 B 1975,9132 9847,9375 8326,569 16752,52 20742,807 6881,178 S 5668,459 16922,52 8097,4644 15274,811 5999,454 940,30493
1,9750004 B 1975,9132 9847,9375 8326,569 16752,52 20742,807 6881,178 S 5668,459 16922,52 8097,4644 15274,811 5999,454 940,30493
1,9750006 B 1975,9132 9847,9375 8326,569 16752,52 20742,807 6881,178 S 5668,459 16922,52 8097,4644 15274,811 5999,454 940,30493
1,9749999 B 1975,9132 9847,9375 8326,569 16752,52 20742,807 6881,178 S 5668,459 16922,52 8097,4644 15274,811 5999,454 940,30493
1,9749997 B 1975,9132 9847,9375 8326,569 16752,52 20742,807 6881,178 S 5668,459 16922,52 8097,4644 15274,811 5999,454 940,30493
1,9750004 B 1975,9132 9847,9375 8326,569 16752,52 20742,807 6881,178 S 5668,459 16922,52 8097,4644 15274,811 5999,454 940,30493
1,975 B 1975,9132 9847,9375 8326,569 16752,52 20742,807 6881,178 S 5668,459 16922,52 8097,4644 15274,811 5999,454 940,30493
1,975 B 1975,9132 9847,9375 8326,569 16752,52 20742,807 6881,178 S 5668,459 16922,52 8097,4644 15274,811 5999,454 940,30493
1,9750004 B 1975,9132 9847,9375 8326,569 16752,52 20742,807 6881,178 S 5668,459 16922,52 8097,4644 15274,811 5999,454 940,30493
1,975 B 1975,9132 9847,9375 8326,569 16752,52 20742,807 6881,178 S 5668,459 16922,52 8097,4644 15274,811 5999,454 940,30493
1,975 B 1975,9132 9847,9375 8326,569 16752,52 20742,807 6881,178 S 5668,459 16922,52 8097,4644 15274,811 5999,454 940,30493
1,9750003 B 1975,9132 9847,9375 8326,569 16752,52 20742,807 6881,178 S 5668,459 16922,52 8097,4644 15274,811 5999,454 940,30493
1,975 B 1975,9132 9847,9375 8326,569 16752,52 20742,807 6881,178 S 5668,459 16922,52 8097,4644 15274,811 5999,454 940,30493
1,9750004 B 1975,9132 9847,9375 8326,569 16752,52 20742,807 6881,178 S 5668,459 16922,52 8097,4644 15274,811 5999,454 940,30493
1,9749997 B 1975,9132 9847,9375 8326,569 16752,52 20742,807 6881,178 S 5668,459 16922,52 8097,4644 15274,811 5999,454 940,30493
1,9750001 B 1975,9132 9847,9375 8326,569 16752,52 20742,807 6881,178 S 5668,459 16922,52 8097,4644 15274,811 5999,454 940,30493
1,9749998 B 1975,9132 9847,9375 8326,569 16752,52 20742,807 6881,178 S 5668,459 16922,52 8097,4644 15274,811 5999,454 940,30493
1,975 B 1975,9132 9847,9375 8326,569 16752,52 20742,807 6881,178 S 5668,459 16922,52 8097,4644 15274,811 5999,454 940,30493
1,9750003 B 1975,9132 9847,9375 8326,569 16752,52 20742,807 6881,178 S 5668,459 16922,52 8097,4644 15274,811 5999,454 940,30493
1,9750004 B 1975,9132 9847,9375 8326,569 16752,52 20742,807 6881,178 S 5668,459 16922,52 8097,4644 15274,811 5999,454 940,30493
1,9750001 B 1975,9132 9847,9375 8326,569 16752,52 20742,807 6881,178 S 5668,459 16922,52 8097,4644 15274,811 5999,454 940,30493
1,9731683 B 1975,9132 9847,9375 8326,569 16752,52 20742,807 6881,178 S 5668,459 16922,52 8097,4644 15274,811 5999,454 940,30493
1,973 B 1975,9132 9847,9375 8326,569 16752,52 20742,807 6881,178 S 5668,459 16922,52 8097,4644 15274,811 5999,454 940,30493
1,973 B 1975,9132 9847,9375 8326,569 16752,52 20742,807 6881,178 S 5668,459 16922,52 8097,4644 15274,811 5999,454 940,30493
1,9729999 B 1975,9132 9847,9375 8326,569 16752,52 20742,807 6881,178 S 5668,459 16922,52 8097,4644 15274,811 5999,454 940,30493
1,9730003 B 1975,9132 9847,9375 8326,569 16752,52 20742,807 6881,178 S 5668,459 16922,52 8097,4644 15274,811 5999,454 940,30493
1,9729997 B 1975,9132 9847,9375 8326,569 16752,52 20742,807 6881,178 S 5668,459 16922,52 8097,4644 15274,811 5999,454 940,30493
1,9722358 B 1975,9132 9847,9375 8326,569 16752,52 20742,807 6881,178 S 5668,459 16922,52 8097,4644 15274,811 5999,454 940,30493
1,972 B 1975,9132 9847,9375 8326,569 16752,52 20742,807 6881,178 S 5668,459 16922,52 8097,4644 15274,811 5999,454 940,30493
1,9719999 B 1975,9132 9847,9375 8326,569 16752,52 20742,807 6881,178 S 5668,459 16922,52 8097,4644 15274,811 5999,454 940,30493
1,9719994 B 1975,9132 9847,9375 8326,569 16752,52 20742,807 6881,178 S 5668,459 16922,52 8097,4644 15274,811 5999,454 940,30493
1,972 B 1975,9132 9847,9375 8326,569 16752,52 20742,807 6881,178 S 5668,459 16922,52 8097,4644 15274,811 5999,454 940,30493
1,9719995 B 1975,9132 9847,9375 8326,569 16752,52 20742,807 6881,178 S 5668,459 16922,52 8097,4644 15274,811 5999,454 940,30493
1,9720001 B 1975,9132 9847,9375 8326,569 16752,52 20742,807 6881,178 S 5668,459 16922,52 8097,4644 15274,811 5999,454 940,30493
1,9719998 B 1975,9132 9847,9375 8326,569 16752,52 20742,807 6881,178 S 5668,459 16922,52 8097,4644 15274,811 5999,454 940,30493
1,9719994 B 1975,9132 9847,9375 8326,569 16752,52 20742,807 6881,178 S 5668,459 16922,52 8097,4644 15274,811 5999,454 940,30493
1,9719996 B 1975,9132 9847,9375 8326,569 16752,52 20742,807 6881,178 S 5668,459 16922,52 8097,4644 15274,811 5999,454 940,30493
1,9720001 B 1975,9132 9847,9375 8326,569 16752,52 20742,807 6881,178 S 5668,459 16922,52 8097,4644 15274,811 5999,454 940,30493
1,9720001 B 1975,9132 9847,9375 8326,569 16752,52 20742,807 6881,178 S 5668,459 16922,52 8097,4644 15274,811 5999,454 940,30493
1,9720004 B 1975,9132 9847,9375 8326,569 16752,52 20742,807 6881,178 S 5668,459 16922,52 8097,4644 15274,811 5999,454 940,30493
1,9725671 B 1975,9132 9847,9375 8326,569 16752,52 20742,807 6881,178 S 5668,459 16922,52 8097,4644 15274,811 5999,454 940,30493
1,9730004 B 1975,9132 9847,9375 8326,569 16752,52 20742,807 6881,178 S 5668,459 16922,52 8097,4644 15274,811 5999,454 940,30493
1,9730008 B 1975,9132 9847,9375 8326,569 16752,52 20742,807 6881,178 S 5668,459 16922,52 8097,4644 15274,811 5999,454 940,30493
1,973 B 1975,9132 9847,9375 8326,569 16752,52 20742,807 6881,178 S 5668,459 16922,52 8097,4644 15274,811 5999,454 940,30493
1,9730008 B 1975,9132 9847,9375 8326,569 16752,52 20742,807 6881,178 S 5668,459 16922,52 8097,4644 15274,811 5999,454 940,30493
1,9729998 B 1975,9132 9847,9375 8326,569 16752,52 20742,807 6881,178 S 5668,459 16922,52 8097,4644 15274,811 5999,454 940,30493
1,9729999 B 1975,9132 9847,9375 8326,569 16752,52 20742,807 6881,178 S 5668,459 16922,52 8097,4644 15274,811 5999,454 940,30493
1,9729999 B 1975,9132 9847,9375 8326,569 16752,52 20742,807 6881,178 S 5668,459 16922,52 8097,4644 15274,811 5999,454 940,30493
1,973 B 1975,9132 9847,9375 8326,569 16752,52 20742,807 6881,178 S 5668,459 16922,52 8097,4644 15274,811 5999,454 940,30493
1,9729997 B 1975,9132 9847,9375 8326,569 16752,52 20742,807 6881,178 S 5668,459 16922,52 8097,4644 15274,811 5999,454 940,30493
1,9729997 B 1975,9132 9847,9375 8326,569 16752,52 20742,807 6881,178 S 5668,459 16922,52 8097,4644 15274,811 5999,454 940,30493
1,9729998 B 1975,9132 9847,9375 8326,569 16752,52 20742,807 6881,178 S 5668,459 16922,52 8097,4644 15274,811 5999,454 940,30493
