1,9756615
1,9859996 B 785,62006 10975,265 15950,822 8805,47 31852,47 1588,7804 S 4418,856 10662,522 17409,9 3190,6748 23916,893 829,54315
1,9860002 B 785,62006 10975,265 15950,822 8805,47 31852,47 1588,7804 S 4418,856 10662,522 17409,9 3190,6748 23916,893 829,54315
1,9860001 B 785,62006 10975,265 15950,822 8805,47 31852,47 1588,7804 S 4418,856 10662,522 17409,9 3190,6748 23916,893 829,54315
1,986 B 785,62006 10975,265 15950,822 8805,47 31852,47 1588,7804 S 4418,856 10662,522 17409,9 3190,6748 23916,893 829,54315
1,9859995 B 785,62006 10975,265 15950,822 8805,47 31852,47 1588,7804 S 4418,856 10662,522 17409,9 3190,6748 23916,893 829,54315
1,9859995 B 785,62006 10975,265 15950,822 8805,47 31852,47 1588,7804 S 4418,856 10662,522 17409,9 3190,6748 23916,893 829,54315
1,9860003 B 785,62006 10975,265 15950,822 8805,47 31852,47 1588,7804 S 4418,856 10662,522 17409,9 3190,6748 23916,893 829,54315
1,984625 B 785,62006 10975,265 15950,822 8805,47 31852,47 1588,7804 S 4418,856 10662,522 17409,9 3190,6748 23916,893 829,54315
1,9831938 B 785,62006 10975,265 15950,822 8805,47 31852,47 1588,7804 S 4418,856 10662,522 17409,9 3190,6748 23916,893 829,54315
1,983 B 785,62006 10975,265 15950,822 8805,47 31852,47 1588,7804 S 4418,856 10662,522 17409,9 3190,6748 23916,893 829,54315
1,9829998 B 785,62006 10975,265 15950,822 8805,47 31852,47 1588,7804 S 4418,856 10662,522 17409,9 3190,6748 23916,893 829,54315
1,9830004 B 785,62006 10975,265 15950,822 8805,47 31852,47 1588,7804 S 4418,856 10662,522 17409,9 3190,6748 23916,893 829,54315
1,983001 B 785,62006 10975,265 15950,822 8805,47 31852,47 1588,7804 S 4418,856 10662,522 17409,9 3190,6748 23916,893 829,54315
1,983 B 785,62006 10975,265 15950,822 8805,47 31852,47 1588,7804 S 4418,856 10662,522 17409,9 3190,6748 23916,893 829,54315
1,9830003 B 785,62006 10975,265 15950,822 8805,47 31852,47 1588,7804 S 4418,856 10662,522 17409,9 3190,6748 23916,893 829,54315
1,9829997 B 785,62006 10975,265 15950,822 8805,47 31852,47 1588,7804 S 4418,856 10662,522 17409,9 3190,6748 23916,893 829,54315
1,9830006 B 785,62006 10975,265 15950,822 8805,47 31852,47 1588,7804 S 4418,856 10662,522 17409,9 3190,6748 23916,893 829,54315
1,9830006 B 785,62006 10975,265 15950,822 8805,47 31852,47 1588,7804 S 4418,856 10662,522 17409,9 3190,6748 23916,893 829,54315
1,9830003 B 785,62006 10975,265 15950,822 8805,47 31852,47 1588,7804 S 4418,856 10662,522 17409,9 3190,6748 23916,893 829,54315
1,9830004 B 785,62006 10975,265 15950,822 8805,47 31852,47 1588,7804 S 4418,856 10662,522 17409,9 3190,6748 23916,893 829,54315
1,983 B 785,62006 10975,265 15950,822 8805,47 31852,47 1588,7804 S 4418,856 10662,522 17409,9 3190,6748 23916,893 829,54315
1,9830002 B 785,62006 10975,265 15950,822 8805,47 31852,47 1588,7804 S 4418,856 10662,522 17409,9 3190,6748 23916,893 829,54315
1,9830002 B 785,62006 10975,265 15950,822 8805,47 31852,47 1588,7804 S 4418,856 10662,522 17409,9 3190,6748 23916,893 829,54315
1,9829998 B 785,62006 10975,265 15950,822 8805,47 31852,47 1588,7804 S 4418,856 10662,522 17409,9 3190,6748 23916,893 829,54315
1,9830003 B 785,62006 10975,265 15950,822 8805,47 31852,47 1588,7804 S 4418,856 10662,522 17409,9 3190,6748 23916,893 829,54315
1,9829997 B 785,62006 10975,265 15950,822 8805,47 31852,47 1588,7804 S 4418,856 10662,522 17409,9 3190,6748 23916,893 829,54315
1,9818375 B 785,62006 10975,265 15950,822 8805,47 31852,47 1588,7804 S 4418,856 10662,522 17409,9 3190,6748 23916,893 829,54315
1,9809994 B 785,62006 10975,265 15950,822 8805,47 31852,47 1588,7804 S 4418,856 10662,522 17409,9 3190,6748 23916,893 829,54315
1,9817616 B 785,62006 10975,265 15950,822 8805,47 31852,47 1588,7804 S 4418,856 10662,522 17409,9 3190,6748 23916,893 829,54315
1,9820001 B 785,62006 10975,265 15950,822 8805,47 31852,47 1588,7804 S 4418,856 10662,522 17409,9 3190,6748 23916,893 829,54315
1,9819998 B 785,62006 10975,265 15950,822 8805,47 31852,47 1588,7804 S 4418,856 10662,522 17409,9 3190,6748 23916,893 829,54315
1,9819998 B 785,62006 10975,265 15950,822 8805,47 31852,47 1588,7804 S 4418,856 10662,522 17409,9 3190,6748 23916,893 829,54315
1,9820001 B 785,62006 10975,265 15950,822 8805,47 31852,47 1588,7804 S 4418,856 10662,522 17409,9 3190,6748 23916,893 829,54315
1,982 B 785,62006 10975,265 15950,822 8805,47 31852,47 1588,7804 S 4418,856 10662,522 17409,9 3190,6748 23916,893 829,54315
1,9819999 B 785,62006 10975,265 15950,822 8805,47 31852,47 1588,7804 S 4418,856 10662,522 17409,9 3190,6748 23916,893 829,54315
1,9819998 B 785,62006 10975,265 15950,822 8805,47 31852,47 1588,7804 S 4418,856 10662,522 17409,9 3190,6748 23916,893 829,54315
1,9819998 B 785,62006 10975,265 15950,822 8805,47 31852,47 1588,7804 S 4418,856 10662,522 17409,9 3190,6748 23916,893 829,54315
1,9820005 B 785,62006 10975,265 15950,822 8805,47 31852,47 1588,7804 S 4418,856 10662,522 17409,9 3190,6748 23916,893 829,54315
1,9813683 B 785,62006 10975,265 15950,822 8805,47 31852,47 1588,7804 S 4418,856 10662,522 17409,9 3190,6748 23916,893 829,54315
1,9809998 B 785,62006 10975,265 15950,822 8805,47 31852,47 1588,7804 S 4418,856 10662,522 17409,9 3190,6748 23916,893 829,54315
1,9807479 B 785,62006 10975,265 15950,822 8805,47 31852,47 1588,7804 S 4418,856 10662,522 17409,9 3190,6748 23916,893 829,54315
1,9800007 B 785,62006 10975,265 15950,822 8805,47 31852,47 1588,7804 S 4418,856 10662,522 17409,9 3190,6748 23916,893 829,54315
1,9799998 B 785,62006 10975,265 15950,822 8805,47 31852,47 1588,7804 S 4418,856 10662,522 17409,9 3190,6748 23916,893 829,54315
1,9800003 B 785,62006 10975,265 15950,822 8805,47 31852,47 1588,7804 S 4418,856 10662,522 17409,9 3190,6748 23916,893 829,54315
1,98 B 785,62006 10975,265 15950,822 8805,47 31852,47 1588,7804 S 4418,856 10662,522 17409,9 3190,6748 23916,893 829,54315
1,9799997 B 785,62006 10975,265 15950,822 8805,47 31852,47 1588,7804 S 4418,856 10662,522 17409,9 3190,6748 23916,893 829,54315
1,9800004 B 785,62006 10975,265 15950,822 8805,47 31852,47 1588,7804 S 4418,856 10662,522 17409,9 3190,6748 23916,893 829,54315
1,98 B 785,62006 10975,265 15950,822 8805,47 31852,47 1588,7804 S 4418,856 10662,522 17409,9 3190,6748 23916,893 829,54315
1,98 B 785,62006 10975,265 15950,822 8805,47 31852,47 1588,7804 S 4418,856 10662,522 17409,9 3190,6748 23916,893 829,54315
1,9800006 B 785,62006 10975,265 15950,822 8805,47 31852,47 1588,7804 S 4418,856 10662,522 17409,9 3190,6748 23916,893 829,54315
1,9799995 B 785,62006 10975,265 15950,822 8805,47 31852,47 1588,7804 S 4418,856 10662,522 17409,9 3190,6748 23916,893 829,54315
1,98 B 785,62006 10975,265 15950,822 8805,47 31852,47 1588,7804 S 4418,856 10662,522 17409,9 3190,6748 23916,893 829,54315
1,9791608 B 785,62006 10975,265 15950,822 8805,47 31852,47 1588,7804 S 4418,856 10662,522 17409,9 3190,6748 23916,893 829,54315
1,9789997 B 785,62006 10975,265 15950,822 8805,47 31852,47 1588,7804 S 4418,856 10662,522 17409,9 3190,6748 23916,893 829,54315
1,9790001 B 785,62006 10975,265 15950,822 8805,47 31852,47 1588,7804 S 4418,856 10662,522 17409,9 3190,6748 23916,893 829,54315
1,9786413 B 785,62006 10975,265 15950,822 8805,47 31852,47 1588,7804 S 4418,856 10662,522 17409,9 3190,6748 23916,893 829,54315
1,978 B 785,62006 10975,265 15950,822 8805,47 31852,47 1588,7804 S 4418,856 10662,522 17409,9 3190,6748 23916,893 829,54315
1,9779999 B 785,62006 10975,265 15950,822 8805,47 31852,47 1588,7804 S 4418,856 10662,522 17409,9 3190,6748 23916,893 829,54315
1,9779999 B 785,62006 10975,265 15950,822 8805,47 31852,47 1588,7804 S 4418,856 10662,522 17409,9 3190,6748 23916,893 829,54315
1,9780155 B 785,62006 10975,265 15950,822 8805,47 31852,47 1588,7804 S 4418,856 10662,522 17409,9 3190,6748 23916,893 829,54315
1,979 B 785,62006 10975,265 15950,822 8805,47 31852,47 1588,7804 S 4418,856 10662,522 17409,9 3190,6748 23916,893 829,54315
1,979 B 785,62006 10975,265 15950,822 8805,47 31852,47 1588,7804 S 4418,856 10662,522 17409,9 3190,6748 23916,893 829,54315
1,9792262 B 785,62006 10975,265 15950,822 8805,47 31852,47 1588,7804 S 4418,856 10662,522 17409,9 3190,6748 23916,893 829,54315
1,9799999 B 785,62006 10975,265 15950,822 8805,47 31852,47 1588,7804 S 4418,856 10662,522 17409,9 3190,6748 23916,893 829,54315
1,9799999 B 785,62006 10975,265 15950,822 8805,47 31852,47 1588,7804 S 4418,856 10662,522 17409,9 3190,6748 23916,893 829,54315
1,9800003 B 785,62006 10975,265 15950,822 8805,47 31852,47 1588,7804 S 4418,856 10662,522 17409,9 3190,6748 23916,893 829,54315
1,9809343 B 785,62006 10975,265 15950,822 8805,47 31852,47 1588,7804 S 4418,856 10662,522 17409,9 3190,6748 23916,893 829,54315
1,982238 B 785,62006 10975,265 15950,822 8805,47 31852,47 1588,7804 S 4418,856 10662,522 17409,9 3190,6748 23916,893 829,54315
1,983 B 785,62006 10975,265 15950,822 8805,47 31852,47 1588,7804 S 4418,856 10662,522 17409,9 3190,6748 23916,893 829,54315
1,983 B 785,62006 10975,265 15950,822 8805,47 31852,47 1588,7804 S 4418,856 10662,522 17409,9 3190,6748 23916,893 829,54315
1,9830003 B 785,62006 10975,265 15950,822 8805,47 31852,47 1588,7804 S 4418,856 10662,522 17409,9 3190,6748 23916,893 829,54315
1,983001 B 785,62006 10975,265 15950,822 8805,47 31852,47 1588,7804 S 4418,856 10662,522 17409,9 3190,6748 23916,893 829,54315
1,9829998 B 785,62006 10975,265 15950,822 8805,47 31852,47 1588,7804 S 4418,856 10662,522 17409,9 3190,6748 23916,893 829,54315
1,9830003 B 785,62006 10975,265 15950,822 8805,47 31852,47 1588,7804 S 4418,856 10662,522 17409,9 3190,6748 23916,893 829,54315
1,9830003 B 785,62006 10975,265 15950,822 8805,47 31852,47 1588,7804 S 4418,856 10662,522 17409,9 3190,6748 23916,893 829,54315
1,9830003 B 785,62006 10975,265 15950,822 8805,47 31852,47 1588,7804 S 4418,856 10662,522 17409,9 3190,6748 23916,893 829,54315
1,983 B 785,62006 10975,265 15950,822 8805,47 31852,47 1588,7804 S 4418,856 10662,522 17409,9 3190,6748 23916,893 829,54315
1,9830004 B 785,62006 10975,265 15950,822 8805,47 31852,47 1588,7804 S 4418,856 10662,522 17409,9 3190,6748 23916,893 829,54315
1,9830003 B 785,62006 10975,265 15950,822 8805,47 31852,47 1588,7804 S 4418,856 10662,522 17409,9 3190,6748 23916,893 829,54315
1,9830006 B 785,62006 10975,265 15950,822 8805,47 31852,47 1588,7804 S 4418,856 10662,522 17409,9 3190,6748 23916,893 829,54315
1,9823802 B 785,62006 10975,265 15950,822 8805,47 31852,47 1588,7804 S 4418,856 10662,522 17409,9 3190,6748 23916,893 829,54315
1,9809995 B 785,62006 10975,265 15950,822 8805,47 31852,47 1588,7804 S 4418,856 10662,522 17409,9 3190,6748 23916,893 829,54315
1,9810001 B 785,62006 10975,265 15950,822 8805,47 31852,47 1588,7804 S 4418,856 10662,522 17409,9 3190,6748 23916,893 829,54315
1,9809998 B 785,62006 10975,265 15950,822 8805,47 31852,47 1588,7804 S 4418,856 10662,522 17409,9 3190,6748 23916,893 829,54315
1,9809996 B 785,62006 10975,265 15950,822 8805,47 31852,47 1588,7804 S 4418,856 10662,522 17409,9 3190,6748 23916,893 829,54315
1,9809995 B 785,62006 10975,265 15950,822 8805,47 31852,47 1588,7804 S 4418,856 10662,522 17409,9 3190,6748 23916,893 829,54315
1,9810005 B 785,62006 10975,265 15950,822 8805,47 31852,47 1588,7804 S 4418,856 10662,522 17409,9 3190,6748 23916,893 829,54315
1,9809991 B 785,62006 10975,265 15950,822 8805,47 31852,47 1588,7804 S 4418,856 10662,522 17409,9 3190,6748 23916,893 829,54315
1,9810002 B 785,62006 10975,265 15950,822 8805,47 31852,47 1588,7804 S 4418,856 10662,522 17409,9 3190,6748 23916,893 829,54315
1,9810005 B 785,62006 10975,265 15950,822 8805,47 31852,47 1588,7804 S 4418,856 10662,522 17409,9 3190,6748 23916,893 829,54315
1,9793528 B 785,62006 10975,265 15950,822 8805,47 31852,47 1588,7804 S 4418,856 10662,522 17409,9 3190,6748 23916,893 829,54315
1,9776357 B 785,62006 10975,265 15950,822 8805,47 31852,47 1588,7804 S 4418,856 10662,522 17409,9 3190,6748 23916,893 829,54315
1,9769998 B 785,62006 10975,265 15950,822 8805,47 31852,47 1588,7804 S 4418,856 10662,522 17409,9 3190,6748 23916,893 829,54315
1,9764954 B 785,62006 10975,265 15950,822 8805,47 31852,47 1588,7804 S 4418,856 10662,522 17409,9 3190,6748 23916,893 829,54315
1,9760001 B 785,62006 10975,265 15950,822 8805,47 31852,47 1588,7804 S 4418,856 10662,522 17409,9 3190,6748 23916,893 829,54315
1,9760003 B 785,62006 10975,265 15950,822 8805,47 31852,47 1588,7804 S 4418,856 10662,522 17409,9 3190,6748 23916,893 829,54315
1,9760004 B 785,62006 10975,265 15950,822 8805,47 31852,47 1588,7804 S 4418,856 10662,522 17409,9 3190,6748 23916,893 829,54315
1,9760003 B 785,62006 10975,265 15950,822 8805,47 31852,47 1588,7804 S 4418,856 10662,522 17409,9 3190,6748 23916,893 829,54315
1,9760007 B 785,62006 10975,265 15950,822 8805,47 31852,47 1588,7804 S 4418,856 10662,522 17409,9 3190,6748 23916,893 829,54315
1,9760004 B 785,62006 10975,265 15950,822 8805,47 31852,47 1588,7804 S 4418,856 10662,522 17409,9 3190,6748 23916,893 829,54315
1,9760002 B 785,62006 10975,265 15950,822 8805,47 31852,47 1588,7804 S 4418,856 10662,522 17409,9 3190,6748 23916,893 829,54315
1,9760005 B 785,62006 10975,265 15950,822 8805,47 31852,47 1588,7804 S 4418,856 10662,522 17409,9 3190,6748 23916,893 829,54315
1,9760004 B 785,62006 10975,265 15950,822 8805,47 31852,47 1588,7804 S 4418,856 10662,522 17409,9 3190,6748 23916,893 829,54315
1,9760005 B 785,62006 10975,265 15950,822 8805,47 31852,47 1588,7804 S 4418,856 10662,522 17409,9 3190,6748 23916,893 829,54315
1,9760005 B 785,62006 10975,265 15950,822 8805,47 31852,47 1588,7804 S 4418,856 10662,522 17409,9 3190,6748 23916,893 829,54315
1,9760002 B 785,62006 10975,265 15950,822 8805,47 31852,47 1588,7804 S 4418,856 10662,522 17409,9 3190,6748 23916,893 829,54315
1,9760003 B 785,62006 10975,265 15950,822 8805,47 31852,47 1588,7804 S 4418,856 10662,522 17409,9 3190,6748 23916,893 829,54315
1,9760007 B 785,62006 10975,265 15950,822 8805,47 31852,47 1588,7804 S 4418,856 10662,522 17409,9 3190,6748 23916,893 829,54315
1,9760002 B 785,62006 10975,265 15950,822 8805,47 31852,47 1588,7804 S 4418,856 10662,522 17409,9 3190,6748 23916,893 829,54315
1,9760004 B 785,62006 10975,265 15950,822 8805,47 31852,47 1588,7804 S 4418,856 10662,522 17409,9 3190,6748 23916,893 829,54315
1,9760001 B 785,62006 10975,265 15950,822 8805,47 31852,47 1588,7804 S 4418,856 10662,522 17409,9 3190,6748 23916,893 829,54315
1,9760004 B 785,62006 10975,265 15950,822 8805,47 31852,47 1588,7804 S 4418,856 10662,522 17409,9 3190,6748 23916,893 829,54315
1,9760009 B 785,62006 10975,265 15950,822 8805,47 31852,47 1588,7804 S 4418,856 10662,522 17409,9 3190,6748 23916,893 829,54315
1,976001 B 785,62006 10975,265 15950,822 8805,47 31852,47 1588,7804 S 4418,856 10662,522 17409,9 3190,6748 23916,893 829,54315
1,9760004 B 785,62006 10975,265 15950,822 8805,47 31852,47 1588,7804 S 4418,856 10662,522 17409,9 3190,6748 23916,893 829,54315
1,9760004 B 785,62006 10975,265 15950,822 8805,47 31852,47 1588,7804 S 4418,856 10662,522 17409,9 3190,6748 23916,893 829,54315
1,9760002 B 785,62006 10975,265 15950,822 8805,47 31852,47 1588,7804 S 4418,856 10662,522 17409,9 3190,6748 23916,893 829,54315
1,9760009 B 785,62006 10975,265 15950,822 8805,47 31852,47 1588,7804 S 4418,856 10662,522 17409,9 3190,6748 23916,893 829,54315
1,9760003 B 785,62006 10975,265 15950,822 8805,47 31852,47 1588,7804 S 4418,856 10662,522 17409,9 3190,6748 23916,893 829,54315
1,9760001 B 785,62006 10975,265 15950,822 8805,47 31852,47 1588,7804 S 4418,856 10662,522 17409,9 3190,6748 23916,893 829,54315
1,9760005 B 785,62006 10975,265 15950,822 8805,47 31852,47 1588,7804 S 4418,856 10662,522 17409,9 3190,6748 23916,893 829,54315
1,9760003 B 785,62006 10975,265 15950,822 8805,47 31852,47 1588,7804 S 4418,856 10662,522 17409,9 3190,6748 23916,893 829,54315
1,9759997 B 785,62006 10975,265 15950,822 8805,47 31852,47 1588,7804 S 4418,856 10662,522 17409,9 3190,6748 23916,893 829,54315
1,9760007 B 785,62006 10975,265 15950,822 8805,47 31852,47 1588,7804 S 4418,856 10662,522 17409,9 3190,6748 23916,893 829,54315
1,9760001 B 785,62006 10975,265 15950,822 8805,47 31852,47 1588,7804 S 4418,856 10662,522 17409,9 3190,6748 23916,893 829,54315
1,9760002 B 785,62006 10975,265 15950,822 8805,47 31852,47 1588,7804 S 4418,856 10662,522 17409,9 3190,6748 23916,893 829,54315
1,9760003 B 785,62006 10975,265 15950,822 8805,47 31852,47 1588,7804 S 4418,856 10662,522 17409,9 3190,6748 23916,893 829,54315
1,9760003 B 785,62006 10975,265 15950,822 8805,47 31852,47 1588,7804 S 4418,856 10662,522 17409,9 3190,6748 23916,893 829,54315
1,9768771 B 785,62006 10975,265 15950,822 8805,47 31852,47 1588,7804 S 4418,856 10662,522 17409,9 3190,6748 23916,893 829,54315
1,9747511 B 785,62006 10975,265 15950,822 8805,47 31852,47 1588,7804 S 4418,856 10662,522 17409,9 3190,6748 23916,893 829,54315
1,9730002 B 785,62006 10975,265 15950,822 8805,47 31852,47 1588,7804 S 4418,856 10662,522 17409,9 3190,6748 23916,893 829,54315
1,973 B 785,62006 10975,265 15950,822 8805,47 31852,47 1588,7804 S 4418,856 10662,522 17409,9 3190,6748 23916,893 829,54315
1,9729998 B 785,62006 10975,265 15950,822 8805,47 31852,47 1588,7804 S 4418,856 10662,522 17409,9 3190,6748 23916,893 829,54315
1,9725475 B 785,62006 10975,265 15950,822 8805,47 31852,47 1588,7804 S 4418,856 10662,522 17409,9 3190,6748 23916,893 829,54315
1,9719999 B 785,62006 10975,265 15950,822 8805,47 31852,47 1588,7804 S 4418,856 10662,522 17409,9 3190,6748 23916,893 829,54315
1,9720002 B 785,62006 10975,265 15950,822 8805,47 31852,47 1588,7804 S 4418,856 10662,522 17409,9 3190,6748 23916,893 829,54315
1,972 B 785,62006 10975,265 15950,822 8805,47 31852,47 1588,7804 S 4418,856 10662,522 17409,9 3190,6748 23916,893 829,54315
1,9719995 B 785,62006 10975,265 15950,822 8805,47 31852,47 1588,7804 S 4418,856 10662,522 17409,9 3190,6748 23916,893 829,54315
1,972 B 785,62006 10975,265 15950,822 8805,47 31852,47 1588,7804 S 4418,856 10662,522 17409,9 3190,6748 23916,893 829,54315
1,9729923 B 785,62006 10975,265 15950,822 8805,47 31852,47 1588,7804 S 4418,856 10662,522 17409,9 3190,6748 23916,893 829,54315
1,9730004 B 785,62006 10975,265 15950,822 8805,47 31852,47 1588,7804 S 4418,856 10662,522 17409,9 3190,6748 23916,893 829,54315
1,973 B 785,62006 10975,265 15950,822 8805,47 31852,47 1588,7804 S 4418,856 10662,522 17409,9 3190,6748 23916,893 829,54315
1,9729998 B 785,62006 10975,265 15950,822 8805,47 31852,47 1588,7804 S 4418,856 10662,522 17409,9 3190,6748 23916,893 829,54315
1,9729999 B 785,62006 10975,265 15950,822 8805,47 31852,47 1588,7804 S 4418,856 10662,522 17409,9 3190,6748 23916,893 829,54315
1,9730002 B 785,62006 10975,265 15950,822 8805,47 31852,47 1588,7804 S 4418,856 10662,522 17409,9 3190,6748 23916,893 829,54315
1,9729999 B 785,62006 10975,265 15950,822 8805,47 31852,47 1588,7804 S 4418,856 10662,522 17409,9 3190,6748 23916,893 829,54315
1,9729999 B 785,62006 10975,265 15950,822 8805,47 31852,47 1588,7804 S 4418,856 10662,522 17409,9 3190,6748 23916,893 829,54315
1,9729701 B 785,62006 10975,265 15950,822 8805,47 31852,47 1588,7804 S 4418,856 10662,522 17409,9 3190,6748 23916,893 829,54315
1,9720005 B 785,62006 10975,265 15950,822 8805,47 31852,47 1588,7804 S 4418,856 10662,522 17409,9 3190,6748 23916,893 829,54315
1,9720004 B 785,62006 10975,265 15950,822 8805,47 31852,47 1588,7804 S 4418,856 10662,522 17409,9 3190,6748 23916,893 829,54315
1,9719995 B 785,62006 10975,265 15950,822 8805,47 31852,47 1588,7804 S 4418,856 10662,522 17409,9 3190,6748 23916,893 829,54315
1,9711896 B 785,62006 10975,265 15950,822 8805,47 31852,47 1588,7804 S 4418,856 10662,522 17409,9 3190,6748 23916,893 829,54315
1,9710004 B 785,62006 10975,265 15950,822 8805,47 31852,47 1588,7804 S 4418,856 10662,522 17409,9 3190,6748 23916,893 829,54315
1,9725807 B 785,62006 10975,265 15950,822 8805,47 31852,47 1588,7804 S 4418,856 10662,522 17409,9 3190,6748 23916,893 829,54315
1,9729999 B 785,62006 10975,265 15950,822 8805,47 31852,47 1588,7804 S 4418,856 10662,522 17409,9 3190,6748 23916,893 829,54315
1,9730006 B 785,62006 10975,265 15950,822 8805,47 31852,47 1588,7804 S 4418,856 10662,522 17409,9 3190,6748 23916,893 829,54315
1,9730002 B 785,62006 10975,265 15950,822 8805,47 31852,47 1588,7804 S 4418,856 10662,522 17409,9 3190,6748 23916,893 829,54315
1,9730003 B 785,62006 10975,265 15950,822 8805,47 31852,47 1588,7804 S 4418,856 10662,522 17409,9 3190,6748 23916,893 829,54315
1,9729997 B 785,62006 10975,265 15950,822 8805,47 31852,47 1588,7804 S 4418,856 10662,522 17409,9 3190,6748 23916,893 829,54315
1,9729996 B 785,62006 10975,265 15950,822 8805,47 31852,47 1588,7804 S 4418,856 10662,522 17409,9 3190,6748 23916,893 829,54315
1,9730003 B 785,62006 10975,265 15950,822 8805,47 31852,47 1588,7804 S 4418,856 10662,522 17409,9 3190,6748 23916,893 829,54315
1,973 B 785,62006 10975,265 15950,822 8805,47 31852,47 1588,7804 S 4418,856 10662,522 17409,9 3190,6748 23916,893 829,54315
1,9729998 B 785,62006 10975,265 15950,822 8805,47 31852,47 1588,7804 S 4418,856 10662,522 17409,9 3190,6748 23916,893 829,54315
1,9729998 B 785,62006 10975,265 15950,822 8805,47 31852,47 1588,7804 S 4418,856 10662,522 17409,9 3190,6748 23916,893 829,54315
1,9709653 B 785,62006 10975,265 15950,822 8805,47 31852,47 1588,7804 S 4418,856 10662,522 17409,9 3190,6748 23916,893 829,54315
1,9700005 B 785,62006 10975,265 15950,822 8805,47 31852,47 1588,7804 S 4418,856 10662,522 17409,9 3190,6748 23916,893 829,54315
1,9700006 B 785,62006 10975,265 15950,822 8805,47 31852,47 1588,7804 S 4418,856 10662,522 17409,9 3190,6748 23916,893 829,54315
1,9699998 B 785,62006 10975,265 15950,822 8805,47 31852,47 1588,7804 S 4418,856 10662,522 17409,9 3190,6748 23916,893 829,54315
1,9700005 B 785,62006 10975,265 15950,822 8805,47 31852,47 1588,7804 S 4418,856 10662,522 17409,9 3190,6748 23916,893 829,54315
1,9700001 B 785,62006 10975,265 15950,822 8805,47 31852,47 1588,7804 S 4418,856 10662,522 17409,9 3190,6748 23916,893 829,54315
1,9700006 B 785,62006 10975,265 15950,822 8805,47 31852,47 1588,7804 S 4418,856 10662,522 17409,9 3190,6748 23916,893 829,54315
1,9699992 B 785,62006 10975,265 15950,822 8805,47 31852,47 1588,7804 S 4418,856 10662,522 17409,9 3190,6748 23916,893 829,54315
1,9699997 B 785,62006 10975,265 15950,822 8805,47 31852,47 1588,7804 S 4418,856 10662,522 17409,9 3190,6748 23916,893 829,54315
1,97 B 785,62006 10975,265 15950,822 8805,47 31852,47 1588,7804 S 4418,856 10662,522 17409,9 3190,6748 23916,893 829,54315
1,9700004 B 785,62006 10975,265 15950,822 8805,47 31852,47 1588,7804 S 4418,856 10662,522 17409,9 3190,6748 23916,893 829,54315
1,9700001 B 785,62006 10975,265 15950,822 8805,47 31852,47 1588,7804 S 4418,856 10662,522 17409,9 3190,6748 23916,893 829,54315
1,9699998 B 785,62006 10975,265 15950,822 8805,47 31852,47 1588,7804 S 4418,856 10662,522 17409,9 3190,6748 23916,893 829,54315
1,9700004 B 785,62006 10975,265 15950,822 8805,47 31852,47 1588,7804 S 4418,856 10662,522 17409,9 3190,6748 23916,893 829,54315
1,9699999 B 785,62006 10975,265 15950,822 8805,47 31852,47 1588,7804 S 4418,856 10662,522 17409,9 3190,6748 23916,893 829,54315
1,9697748 B 785,62006 10975,265 15950,822 8805,47 31852,47 1588,7804 S 4418,856 10662,522 17409,9 3190,6748 23916,893 829,54315
1,9690002 B 785,62006 10975,265 15950,822 8805,47 31852,47 1588,7804 S 4418,856 10662,522 17409,9 3190,6748 23916,893 829,54315
1,9690006 B 785,62006 10975,265 15950,822 8805,47 31852,47 1588,7804 S 4418,856 10662,522 17409,9 3190,6748 23916,893 829,54315
1,9689996 B 785,62006 10975,265 15950,822 8805,47 31852,47 1588,7804 S 4418,856 10662,522 17409,9 3190,6748 23916,893 829,54315
1,9690001 B 785,62006 10975,265 15950,822 8805,47 31852,47 1588,7804 S 4418,856 10662,522 17409,9 3190,6748 23916,893 829,54315
1,9690002 B 785,62006 10975,265 15950,822 8805,47 31852,47 1588,7804 S 4418,856 10662,522 17409,9 3190,6748 23916,893 829,54315
1,9689995 B 785,62006 10975,265 15950,822 8805,47 31852,47 1588,7804 S 4418,856 10662,522 17409,9 3190,6748 23916,893 829,54315
1,9689999 B 785,62006 10975,265 15950,822 8805,47 31852,47 1588,7804 S 4418,856 10662,522 17409,9 3190,6748 23916,893 829,54315
1,9690002 B 785,62006 10975,265 15950,822 8805,47 31852,47 1588,7804 S 4418,856 10662,522 17409,9 3190,6748 23916,893 829,54315
1,9689999 B 785,62006 10975,265 15950,822 8805,47 31852,47 1588,7804 S 4418,856 10662,522 17409,9 3190,6748 23916,893 829,54315
1,9693239 B 785,62006 10975,265 15950,822 8805,47 31852,47 1588,7804 S 4418,856 10662,522 17409,9 3190,6748 23916,893 829,54315
1,9699999 B 785,62006 10975,265 15950,822 8805,47 31852,47 1588,7804 S 4418,856 10662,522 17409,9 3190,6748 23916,893 829,54315
1,9699999 B 785,62006 10975,265 15950,822 8805,47 31852,47 1588,7804 S 4418,856 10662,522 17409,9 3190,6748 23916,893 829,54315
1,9700006 B 785,62006 10975,265 15950,822 8805,47 31852,47 1588,7804 S 4418,856 10662,522 17409,9 3190,6748 23916,893 829,54315
1,9700001 B 785,62006 10975,265 15950,822 8805,47 31852,47 1588,7804 S 4418,856 10662,522 17409,9 3190,6748 23916,893 829,54315
1,9699999 B 785,62006 10975,265 15950,822 8805,47 31852,47 1588,7804 S 4418,856 10662,522 17409,9 3190,6748 23916,893 829,54315
1,9699998 B 785,62006 10975,265 15950,822 8805,47 31852,47 1588,7804 S 4418,856 10662,522 17409,9 3190,6748 23916,893 829,54315
1,9699996 B 785,62006 10975,265 15950,822 8805,47 31852,47 1588,7804 S 4418,856 10662,522 17409,9 3190,6748 23916,893 829,54315
1,9700005 B 785,62006 10975,265 15950,822 8805,47 31852,47 1588,7804 S 4418,856 10662,522 17409,9 3190,6748 23916,893 829,54315
1,9700001 B 785,62006 10975,265 15950,822 8805,47 31852,47 1588,7804 S 4418,856 10662,522 17409,9 3190,6748 23916,893 829,54315
1,9700001 B 785,62006 10975,265 15950,822 8805,47 31852,47 1588,7804 S 4418,856 10662,522 17409,9 3190,6748 23916,893 829,54315
1,9699998 B 785,62006 10975,265 15950,822 8805,47 31852,47 1588,7804 S 4418,856 10662,522 17409,9 3190,6748 23916,893 829,54315
1,9699998 B 785,62006 10975,265 15950,822 8805,47 31852,47 1588,7804 S 4418,856 10662,522 17409,9 3190,6748 23916,893 829,54315
1,9699998 B 785,62006 10975,265 15950,822 8805,47 31852,47 1588,7804 S 4418,856 10662,522 17409,9 3190,6748 23916,893 829,54315
1,9699999 B 785,62006 10975,265 15950,822 8805,47 31852,47 1588,7804 S 4418,856 10662,522 17409,9 3190,6748 23916,893 829,54315
1,9700006 B 785,62006 10975,265 15950,822 8805,47 31852,47 1588,7804 S 4418,856 10662,522 17409,9 3190,6748 23916,893 829,54315
1,9699999 B 785,62006 10975,265 15950,822 8805,47 31852,47 1588,7804 S 4418,856 10662,522 17409,9 3190,6748 23916,893 829,54315
1,9700005 B 785,62006 10975,265 15950,822 8805,47 31852,47 1588,7804 S 4418,856 10662,522 17409,9 3190,6748 23916,893 829,54315
1,9699998 B 785,62006 10975,265 15950,822 8805,47 31852,47 1588,7804 S 4418,856 10662,522 17409,9 3190,6748 23916,893 829,54315
1,97 B 785,62006 10975,265 15950,822 8805,47 31852,47 1588,7804 S 4418,856 10662,522 17409,9 3190,6748 23916,893 829,54315
1,9699998 B 785,62006 10975,265 15950,822 8805,47 31852,47 1588,7804 S 4418,856 10662,522 17409,9 3190,6748 23916,893 829,54315
1,9694694 B 785,62006 10975,265 15950,822 8805,47 31852,47 1588,7804 S 4418,856 10662,522 17409,9 3190,6748 23916,893 829,54315
1,9690005 B 785,62006 10975,265 15950,822 8805,47 31852,47 1588,7804 S 4418,856 10662,522 17409,9 3190,6748 23916,893 829,54315
1,969 B 785,62006 10975,265 15950,822 8805,47 31852,47 1588,7804 S 4418,856 10662,522 17409,9 3190,6748 23916,893 829,54315
1,9689999 B 785,62006 10975,265 15950,822 8805,47 31852,47 1588,7804 S 4418,856 10662,522 17409,9 3190,6748 23916,893 829,54315
1,9690007 B 785,62006 10975,265 15950,822 8805,47 31852,47 1588,7804 S 4418,856 10662,522 17409,9 3190,6748 23916,893 829,54315
1,9690001 B 785,62006 10975,265 15950,822 8805,47 31852,47 1588,7804 S 4418,856 10662,522 17409,9 3190,6748 23916,893 829,54315
1,9690006 B 785,62006 10975,265 15950,822 8805,47 31852,47 1588,7804 S 4418,856 10662,522 17409,9 3190,6748 23916,893 829,54315
1,9689997 B 785,62006 10975,265 15950,822 8805,47 31852,47 1588,7804 S 4418,856 10662,522 17409,9 3190,6748 23916,893 829,54315
1,9689999 B 785,62006 10975,265 15950,822 8805,47 31852,47 1588,7804 S 4418,856 10662,522 17409,9 3190,6748 23916,893 829,54315
1,9690007 B 785,62006 10975,265 15950,822 8805,47 31852,47 1588,7804 S 4418,856 10662,522 17409,9 3190,6748 23916,893 829,54315
1,9689999 B 785,62006 10975,265 15950,822 8805,47 31852,47 1588,7804 S 4418,856 10662,522 17409,9 3190,6748 23916,893 829,54315
1,9690006 B 785,62006 10975,265 15950,822 8805,47 31852,47 1588,7804 S 4418,856 10662,522 17409,9 3190,6748 23916,893 829,54315
1,9689995 B 785,62006 10975,265 15950,822 8805,47 31852,47 1588,7804 S 4418,856 10662,522 17409,9 3190,6748 23916,893 829,54315
1,9689995 B 785,62006 10975,265 15950,822 8805,47 31852,47 1588,7804 S 4418,856 10662,522 17409,9 3190,6748 23916,893 829,54315
1,9689999 B 785,62006 10975,265 15950,822 8805,47 31852,47 1588,7804 S 4418,856 10662,522 17409,9 3190,6748 23916,893 829,54315
1,9690003 B 785,62006 10975,265 15950,822 8805,47 31852,47 1588,7804 S 4418,856 10662,522 17409,9 3190,6748 23916,893 829,54315
1,9689996 B 785,62006 10975,265 15950,822 8805,47 31852,47 1588,7804 S 4418,856 10662,522 17409,9 3190,6748 23916,893 829,54315
1,9690002 B 785,62006 10975,265 15950,822 8805,47 31852,47 1588,7804 S 4418,856 10662,522 17409,9 3190,6748 23916,893 829,54315
1,9689999 B 785,62006 10975,265 15950,822 8805,47 31852,47 1588,7804 S 4418,856 10662,522 17409,9 3190,6748 23916,893 829,54315
1,969 B 785,62006 10975,265 15950,822 8805,47 31852,47 1588,7804 S 4418,856 10662,522 17409,9 3190,6748 23916,893 829,54315
1,9689996 B 785,62006 10975,265 15950,822 8805,47 31852,47 1588,7804 S 4418,856 10662,522 17409,9 3190,6748 23916,893 829,54315
1,9689997 B 785,62006 10975,265 15950,822 8805,47 31852,47 1588,7804 S 4418,856 10662,522 17409,9 3190,6748 23916,893 829,54315
1,9690003 B 785,62006 10975,265 15950,822 8805,47 31852,47 1588,7804 S 4418,856 10662,522 17409,9 3190,6748 23916,893 829,54315
1,9689997 B 785,62006 10975,265 15950,822 8805,47 31852,47 1588,7804 S 4418,856 10662,522 17409,9 3190,6748 23916,893 829,54315
1,969 B 785,62006 10975,265 15950,822 8805,47 31852,47 1588,7804 S 4418,856 10662,522 17409,9 3190,6748 23916,893 829,54315
1,969 B 785,62006 10975,265 15950,822 8805,47 31852,47 1588,7804 S 4418,856 10662,522 17409,9 3190,6748 23916,893 829,54315
1,9690001 B 785,62006 10975,265 15950,822 8805,47 31852,47 1588,7804 S 4418,856 10662,522 17409,9 3190,6748 23916,893 829,54315
1,9690003 B 785,62006 10975,265 15950,822 8805,47 31852,47 1588,7804 S 4418,856 10662,522 17409,9 3190,6748 23916,893 829,54315
1,969 B 785,62006 10975,265 15950,822 8805,47 31852,47 1588,7804 S 4418,856 10662,522 17409,9 3190,6748 23916,893 829,54315
1,9690002 B 785,62006 10975,265 15950,822 8805,47 31852,47 1588,7804 S 4418,856 10662,522 17409,9 3190,6748 23916,893 829,54315
