1,9703383
1,9700124 B 3479,3293 12144,688 8292,027 11722,295 12257,864 11103,864 S 1535,3295 7559,9673 13769,713 9887,198 12450,995 617,745
1,9710002 B 3479,3293 12144,688 8292,027 11722,295 12257,864 11103,864 S 1535,3295 7559,9673 13769,713 9887,198 12450,995 617,745
1,9710006 B 3479,3293 12144,688 8292,027 11722,295 12257,864 11103,864 S 1535,3295 7559,9673 13769,713 9887,198 12450,995 617,745
1,9710004 B 3479,3293 12144,688 8292,027 11722,295 12257,864 11103,864 S 1535,3295 7559,9673 13769,713 9887,198 12450,995 617,745
1,9709994 B 3479,3293 12144,688 8292,027 11722,295 12257,864 11103,864 S 1535,3295 7559,9673 13769,713 9887,198 12450,995 617,745
1,9709998 B 3479,3293 12144,688 8292,027 11722,295 12257,864 11103,864 S 1535,3295 7559,9673 13769,713 9887,198 12450,995 617,745
1,9710002 B 3479,3293 12144,688 8292,027 11722,295 12257,864 11103,864 S 1535,3295 7559,9673 13769,713 9887,198 12450,995 617,745
1,971 B 3479,3293 12144,688 8292,027 11722,295 12257,864 11103,864 S 1535,3295 7559,9673 13769,713 9887,198 12450,995 617,745
1,9710002 B 3479,3293 12144,688 8292,027 11722,295 12257,864 11103,864 S 1535,3295 7559,9673 13769,713 9887,198 12450,995 617,745
1,9710002 B 3479,3293 12144,688 8292,027 11722,295 12257,864 11103,864 S 1535,3295 7559,9673 13769,713 9887,198 12450,995 617,745
1,9709992 B 3479,3293 12144,688 8292,027 11722,295 12257,864 11103,864 S 1535,3295 7559,9673 13769,713 9887,198 12450,995 617,745
1,9709995 B 3479,3293 12144,688 8292,027 11722,295 12257,864 11103,864 S 1535,3295 7559,9673 13769,713 9887,198 12450,995 617,745
1,971 B 3479,3293 12144,688 8292,027 11722,295 12257,864 11103,864 S 1535,3295 7559,9673 13769,713 9887,198 12450,995 617,745
1,9706192 B 3479,3293 12144,688 8292,027 11722,295 12257,864 11103,864 S 1535,3295 7559,9673 13769,713 9887,198 12450,995 617,745
1,9699999 B 3479,3293 12144,688 8292,027 11722,295 12257,864 11103,864 S 1535,3295 7559,9673 13769,713 9887,198 12450,995 617,745
1,9700007 B 3479,3293 12144,688 8292,027 11722,295 12257,864 11103,864 S 1535,3295 7559,9673 13769,713 9887,198 12450,995 617,745
1,9700001 B 3479,3293 12144,688 8292,027 11722,295 12257,864 11103,864 S 1535,3295 7559,9673 13769,713 9887,198 12450,995 617,745
1,9699998 B 3479,3293 12144,688 8292,027 11722,295 12257,864 11103,864 S 1535,3295 7559,9673 13769,713 9887,198 12450,995 617,745
1,97 B 3479,3293 12144,688 8292,027 11722,295 12257,864 11103,864 S 1535,3295 7559,9673 13769,713 9887,198 12450,995 617,745
1,9701378 B 3479,3293 12144,688 8292,027 11722,295 12257,864 11103,864 S 1535,3295 7559,9673 13769,713 9887,198 12450,995 617,745
1,9710006 B 3479,3293 12144,688 8292,027 11722,295 12257,864 11103,864 S 1535,3295 7559,9673 13769,713 9887,198 12450,995 617,745
1,971 B 3479,3293 12144,688 8292,027 11722,295 12257,864 11103,864 S 1535,3295 7559,9673 13769,713 9887,198 12450,995 617,745
1,9709995 B 3479,3293 12144,688 8292,027 11722,295 12257,864 11103,864 S 1535,3295 7559,9673 13769,713 9887,198 12450,995 617,745
1,9710003 B 3479,3293 12144,688 8292,027 11722,295 12257,864 11103,864 S 1535,3295 7559,9673 13769,713 9887,198 12450,995 617,745
1,9709995 B 3479,3293 12144,688 8292,027 11722,295 12257,864 11103,864 S 1535,3295 7559,9673 13769,713 9887,198 12450,995 617,745
1,9710004 B 3479,3293 12144,688 8292,027 11722,295 12257,864 11103,864 S 1535,3295 7559,9673 13769,713 9887,198 12450,995 617,745
1,971 B 3479,3293 12144,688 8292,027 11722,295 12257,864 11103,864 S 1535,3295 7559,9673 13769,713 9887,198 12450,995 617,745
1,9709998 B 3479,3293 12144,688 8292,027 11722,295 12257,864 11103,864 S 1535,3295 7559,9673 13769,713 9887,198 12450,995 617,745
1,9709998 B 3479,3293 12144,688 8292,027 11722,295 12257,864 11103,864 S 1535,3295 7559,9673 13769,713 9887,198 12450,995 617,745
1,9710007 B 3479,3293 12144,688 8292,027 11722,295 12257,864 11103,864 S 1535,3295 7559,9673 13769,713 9887,198 12450,995 617,745
1,9710003 B 3479,3293 12144,688 8292,027 11722,295 12257,864 11103,864 S 1535,3295 7559,9673 13769,713 9887,198 12450,995 617,745
1,9709998 B 3479,3293 12144,688 8292,027 11722,295 12257,864 11103,864 S 1535,3295 7559,9673 13769,713 9887,198 12450,995 617,745
1,9709992 B 3479,3293 12144,688 8292,027 11722,295 12257,864 11103,864 S 1535,3295 7559,9673 13769,713 9887,198 12450,995 617,745
1,9709996 B 3479,3293 12144,688 8292,027 11722,295 12257,864 11103,864 S 1535,3295 7559,9673 13769,713 9887,198 12450,995 617,745
1,9710002 B 3479,3293 12144,688 8292,027 11722,295 12257,864 11103,864 S 1535,3295 7559,9673 13769,713 9887,198 12450,995 617,745
1,9709996 B 3479,3293 12144,688 8292,027 11722,295 12257,864 11103,864 S 1535,3295 7559,9673 13769,713 9887,198 12450,995 617,745
1,9710001 B 3479,3293 12144,688 8292,027 11722,295 12257,864 11103,864 S 1535,3295 7559,9673 13769,713 9887,198 12450,995 617,745
1,9710002 B 3479,3293 12144,688 8292,027 11722,295 12257,864 11103,864 S 1535,3295 7559,9673 13769,713 9887,198 12450,995 617,745
1,9709995 B 3479,3293 12144,688 8292,027 11722,295 12257,864 11103,864 S 1535,3295 7559,9673 13769,713 9887,198 12450,995 617,745
1,9709996 B 3479,3293 12144,688 8292,027 11722,295 12257,864 11103,864 S 1535,3295 7559,9673 13769,713 9887,198 12450,995 617,745
1,9710006 B 3479,3293 12144,688 8292,027 11722,295 12257,864 11103,864 S 1535,3295 7559,9673 13769,713 9887,198 12450,995 617,745
1,9710002 B 3479,3293 12144,688 8292,027 11722,295 12257,864 11103,864 S 1535,3295 7559,9673 13769,713 9887,198 12450,995 617,745
1,9710002 B 3479,3293 12144,688 8292,027 11722,295 12257,864 11103,864 S 1535,3295 7559,9673 13769,713 9887,198 12450,995 617,745
1,9709995 B 3479,3293 12144,688 8292,027 11722,295 12257,864 11103,864 S 1535,3295 7559,9673 13769,713 9887,198 12450,995 617,745
1,9709996 B 3479,3293 12144,688 8292,027 11722,295 12257,864 11103,864 S 1535,3295 7559,9673 13769,713 9887,198 12450,995 617,745
1,9699388 B 3479,3293 12144,688 8292,027 11722,295 12257,864 11103,864 S 1535,3295 7559,9673 13769,713 9887,198 12450,995 617,745
1,9690003 B 3479,3293 12144,688 8292,027 11722,295 12257,864 11103,864 S 1535,3295 7559,9673 13769,713 9887,198 12450,995 617,745
1,9689997 B 3479,3293 12144,688 8292,027 11722,295 12257,864 11103,864 S 1535,3295 7559,9673 13769,713 9887,198 12450,995 617,745
1,9690002 B 3479,3293 12144,688 8292,027 11722,295 12257,864 11103,864 S 1535,3295 7559,9673 13769,713 9887,198 12450,995 617,745
1,969001 B 3479,3293 12144,688 8292,027 11722,295 12257,864 11103,864 S 1535,3295 7559,9673 13769,713 9887,198 12450,995 617,745
1,9690002 B 3479,3293 12144,688 8292,027 11722,295 12257,864 11103,864 S 1535,3295 7559,9673 13769,713 9887,198 12450,995 617,745
1,9690003 B 3479,3293 12144,688 8292,027 11722,295 12257,864 11103,864 S 1535,3295 7559,9673 13769,713 9887,198 12450,995 617,745
1,9690003 B 3479,3293 12144,688 8292,027 11722,295 12257,864 11103,864 S 1535,3295 7559,9673 13769,713 9887,198 12450,995 617,745
1,9690009 B 3479,3293 12144,688 8292,027 11722,295 12257,864 11103,864 S 1535,3295 7559,9673 13769,713 9887,198 12450,995 617,745
1,9689995 B 3479,3293 12144,688 8292,027 11722,295 12257,864 11103,864 S 1535,3295 7559,9673 13769,713 9887,198 12450,995 617,745
1,9689999 B 3479,3293 12144,688 8292,027 11722,295 12257,864 11103,864 S 1535,3295 7559,9673 13769,713 9887,198 12450,995 617,745
1,9690005 B 3479,3293 12144,688 8292,027 11722,295 12257,864 11103,864 S 1535,3295 7559,9673 13769,713 9887,198 12450,995 617,745
1,969 B 3479,3293 12144,688 8292,027 11722,295 12257,864 11103,864 S 1535,3295 7559,9673 13769,713 9887,198 12450,995 617,745
1,9689999 B 3479,3293 12144,688 8292,027 11722,295 12257,864 11103,864 S 1535,3295 7559,9673 13769,713 9887,198 12450,995 617,745
1,969 B 3479,3293 12144,688 8292,027 11722,295 12257,864 11103,864 S 1535,3295 7559,9673 13769,713 9887,198 12450,995 617,745
1,9690006 B 3479,3293 12144,688 8292,027 11722,295 12257,864 11103,864 S 1535,3295 7559,9673 13769,713 9887,198 12450,995 617,745
1,9690002 B 3479,3293 12144,688 8292,027 11722,295 12257,864 11103,864 S 1535,3295 7559,9673 13769,713 9887,198 12450,995 617,745
1,9690003 B 3479,3293 12144,688 8292,027 11722,295 12257,864 11103,864 S 1535,3295 7559,9673 13769,713 9887,198 12450,995 617,745
1,9690001 B 3479,3293 12144,688 8292,027 11722,295 12257,864 11103,864 S 1535,3295 7559,9673 13769,713 9887,198 12450,995 617,745
1,9690003 B 3479,3293 12144,688 8292,027 11722,295 12257,864 11103,864 S 1535,3295 7559,9673 13769,713 9887,198 12450,995 617,745
1,9689997 B 3479,3293 12144,688 8292,027 11722,295 12257,864 11103,864 S 1535,3295 7559,9673 13769,713 9887,198 12450,995 617,745
1,969001 B 3479,3293 12144,688 8292,027 11722,295 12257,864 11103,864 S 1535,3295 7559,9673 13769,713 9887,198 12450,995 617,745
1,9689999 B 3479,3293 12144,688 8292,027 11722,295 12257,864 11103,864 S 1535,3295 7559,9673 13769,713 9887,198 12450,995 617,745
1,969 B 3479,3293 12144,688 8292,027 11722,295 12257,864 11103,864 S 1535,3295 7559,9673 13769,713 9887,198 12450,995 617,745
1,9689997 B 3479,3293 12144,688 8292,027 11722,295 12257,864 11103,864 S 1535,3295 7559,9673 13769,713 9887,198 12450,995 617,745
1,9689999 B 3479,3293 12144,688 8292,027 11722,295 12257,864 11103,864 S 1535,3295 7559,9673 13769,713 9887,198 12450,995 617,745
1,969 B 3479,3293 12144,688 8292,027 11722,295 12257,864 11103,864 S 1535,3295 7559,9673 13769,713 9887,198 12450,995 617,745
1,9689996 B 3479,3293 12144,688 8292,027 11722,295 12257,864 11103,864 S 1535,3295 7559,9673 13769,713 9887,198 12450,995 617,745
1,9689996 B 3479,3293 12144,688 8292,027 11722,295 12257,864 11103,864 S 1535,3295 7559,9673 13769,713 9887,198 12450,995 617,745
1,9686153 B 3479,3293 12144,688 8292,027 11722,295 12257,864 11103,864 S 1535,3295 7559,9673 13769,713 9887,198 12450,995 617,745
1,9680007 B 3479,3293 12144,688 8292,027 11722,295 12257,864 11103,864 S 1535,3295 7559,9673 13769,713 9887,198 12450,995 617,745
1,9679997 B 3479,3293 12144,688 8292,027 11722,295 12257,864 11103,864 S 1535,3295 7559,9673 13769,713 9887,198 12450,995 617,745
1,9679998 B 3479,3293 12144,688 8292,027 11722,295 12257,864 11103,864 S 1535,3295 7559,9673 13769,713 9887,198 12450,995 617,745
1,9679999 B 3479,3293 12144,688 8292,027 11722,295 12257,864 11103,864 S 1535,3295 7559,9673 13769,713 9887,198 12450,995 617,745
1,9679999 B 3479,3293 12144,688 8292,027 11722,295 12257,864 11103,864 S 1535,3295 7559,9673 13769,713 9887,198 12450,995 617,745
1,9679998 B 3479,3293 12144,688 8292,027 11722,295 12257,864 11103,864 S 1535,3295 7559,9673 13769,713 9887,198 12450,995 617,745
1,9680002 B 3479,3293 12144,688 8292,027 11722,295 12257,864 11103,864 S 1535,3295 7559,9673 13769,713 9887,198 12450,995 617,745
1,9680007 B 3479,3293 12144,688 8292,027 11722,295 12257,864 11103,864 S 1535,3295 7559,9673 13769,713 9887,198 12450,995 617,745
1,968 B 3479,3293 12144,688 8292,027 11722,295 12257,864 11103,864 S 1535,3295 7559,9673 13769,713 9887,198 12450,995 617,745
1,9679999 B 3479,3293 12144,688 8292,027 11722,295 12257,864 11103,864 S 1535,3295 7559,9673 13769,713 9887,198 12450,995 617,745
1,9679999 B 3479,3293 12144,688 8292,027 11722,295 12257,864 11103,864 S 1535,3295 7559,9673 13769,713 9887,198 12450,995 617,745
1,9686818 B 3479,3293 12144,688 8292,027 11722,295 12257,864 11103,864 S 1535,3295 7559,9673 13769,713 9887,198 12450,995 617,745
1,9700004 B 3479,3293 12144,688 8292,027 11722,295 12257,864 11103,864 S 1535,3295 7559,9673 13769,713 9887,198 12450,995 617,745
1,9700001 B 3479,3293 12144,688 8292,027 11722,295 12257,864 11103,864 S 1535,3295 7559,9673 13769,713 9887,198 12450,995 617,745
1,9699999 B 3479,3293 12144,688 8292,027 11722,295 12257,864 11103,864 S 1535,3295 7559,9673 13769,713 9887,198 12450,995 617,745
1,9699994 B 3479,3293 12144,688 8292,027 11722,295 12257,864 11103,864 S 1535,3295 7559,9673 13769,713 9887,198 12450,995 617,745
1,9699998 B 3479,3293 12144,688 8292,027 11722,295 12257,864 11103,864 S 1535,3295 7559,9673 13769,713 9887,198 12450,995 617,745
1,9699994 B 3479,3293 12144,688 8292,027 11722,295 12257,864 11103,864 S 1535,3295 7559,9673 13769,713 9887,198 12450,995 617,745
1,9699998 B 3479,3293 12144,688 8292,027 11722,295 12257,864 11103,864 S 1535,3295 7559,9673 13769,713 9887,198 12450,995 617,745
1,9699997 B 3479,3293 12144,688 8292,027 11722,295 12257,864 11103,864 S 1535,3295 7559,9673 13769,713 9887,198 12450,995 617,745
1,9699996 B 3479,3293 12144,688 8292,027 11722,295 12257,864 11103,864 S 1535,3295 7559,9673 13769,713 9887,198 12450,995 617,745
1,9700004 B 3479,3293 12144,688 8292,027 11722,295 12257,864 11103,864 S 1535,3295 7559,9673 13769,713 9887,198 12450,995 617,745
1,9700004 B 3479,3293 12144,688 8292,027 11722,295 12257,864 11103,864 S 1535,3295 7559,9673 13769,713 9887,198 12450,995 617,745
1,9700004 B 3479,3293 12144,688 8292,027 11722,295 12257,864 11103,864 S 1535,3295 7559,9673 13769,713 9887,198 12450,995 617,745
1,97 B 3479,3293 12144,688 8292,027 11722,295 12257,864 11103,864 S 1535,3295 7559,9673 13769,713 9887,198 12450,995 617,745
1,9700004 B 3479,3293 12144,688 8292,027 11722,295 12257,864 11103,864 S 1535,3295 7559,9673 13769,713 9887,198 12450,995 617,745
1,9699998 B 3479,3293 12144,688 8292,027 11722,295 12257,864 11103,864 S 1535,3295 7559,9673 13769,713 9887,198 12450,995 617,745
1,97 B 3479,3293 12144,688 8292,027 11722,295 12257,864 11103,864 S 1535,3295 7559,9673 13769,713 9887,198 12450,995 617,745
1,9699996 B 3479,3293 12144,688 8292,027 11722,295 12257,864 11103,864 S 1535,3295 7559,9673 13769,713 9887,198 12450,995 617,745
1,97 B 3479,3293 12144,688 8292,027 11722,295 12257,864 11103,864 S 1535,3295 7559,9673 13769,713 9887,198 12450,995 617,745
1,9699994 B 3479,3293 12144,688 8292,027 11722,295 12257,864 11103,864 S 1535,3295 7559,9673 13769,713 9887,198 12450,995 617,745
1,9700001 B 3479,3293 12144,688 8292,027 11722,295 12257,864 11103,864 S 1535,3295 7559,9673 13769,713 9887,198 12450,995 617,745
1,9697546 B 3479,3293 12144,688 8292,027 11722,295 12257,864 11103,864 S 1535,3295 7559,9673 13769,713 9887,198 12450,995 617,745
1,9689997 B 3479,3293 12144,688 8292,027 11722,295 12257,864 11103,864 S 1535,3295 7559,9673 13769,713 9887,198 12450,995 617,745
1,9690002 B 3479,3293 12144,688 8292,027 11722,295 12257,864 11103,864 S 1535,3295 7559,9673 13769,713 9887,198 12450,995 617,745
1,9690001 B 3479,3293 12144,688 8292,027 11722,295 12257,864 11103,864 S 1535,3295 7559,9673 13769,713 9887,198 12450,995 617,745
1,9689996 B 3479,3293 12144,688 8292,027 11722,295 12257,864 11103,864 S 1535,3295 7559,9673 13769,713 9887,198 12450,995 617,745
1,9690002 B 3479,3293 12144,688 8292,027 11722,295 12257,864 11103,864 S 1535,3295 7559,9673 13769,713 9887,198 12450,995 617,745
1,9689994 B 3479,3293 12144,688 8292,027 11722,295 12257,864 11103,864 S 1535,3295 7559,9673 13769,713 9887,198 12450,995 617,745
1,9695146 B 3479,3293 12144,688 8292,027 11722,295 12257,864 11103,864 S 1535,3295 7559,9673 13769,713 9887,198 12450,995 617,745
1,9699999 B 3479,3293 12144,688 8292,027 11722,295 12257,864 11103,864 S 1535,3295 7559,9673 13769,713 9887,198 12450,995 617,745
1,9699998 B 3479,3293 12144,688 8292,027 11722,295 12257,864 11103,864 S 1535,3295 7559,9673 13769,713 9887,198 12450,995 617,745
1,9700001 B 3479,3293 12144,688 8292,027 11722,295 12257,864 11103,864 S 1535,3295 7559,9673 13769,713 9887,198 12450,995 617,745
1,9705956 B 3479,3293 12144,688 8292,027 11722,295 12257,864 11103,864 S 1535,3295 7559,9673 13769,713 9887,198 12450,995 617,745
1,9701844 B 3479,3293 12144,688 8292,027 11722,295 12257,864 11103,864 S 1535,3295 7559,9673 13769,713 9887,198 12450,995 617,745
1,9699999 B 3479,3293 12144,688 8292,027 11722,295 12257,864 11103,864 S 1535,3295 7559,9673 13769,713 9887,198 12450,995 617,745
1,9699994 B 3479,3293 12144,688 8292,027 11722,295 12257,864 11103,864 S 1535,3295 7559,9673 13769,713 9887,198 12450,995 617,745
1,97 B 3479,3293 12144,688 8292,027 11722,295 12257,864 11103,864 S 1535,3295 7559,9673 13769,713 9887,198 12450,995 617,745
1,9699999 B 3479,3293 12144,688 8292,027 11722,295 12257,864 11103,864 S 1535,3295 7559,9673 13769,713 9887,198 12450,995 617,745
1,9703257 B 3479,3293 12144,688 8292,027 11722,295 12257,864 11103,864 S 1535,3295 7559,9673 13769,713 9887,198 12450,995 617,745
1,9709998 B 3479,3293 12144,688 8292,027 11722,295 12257,864 11103,864 S 1535,3295 7559,9673 13769,713 9887,198 12450,995 617,745
1,9710002 B 3479,3293 12144,688 8292,027 11722,295 12257,864 11103,864 S 1535,3295 7559,9673 13769,713 9887,198 12450,995 617,745
1,9709996 B 3479,3293 12144,688 8292,027 11722,295 12257,864 11103,864 S 1535,3295 7559,9673 13769,713 9887,198 12450,995 617,745
1,9709996 B 3479,3293 12144,688 8292,027 11722,295 12257,864 11103,864 S 1535,3295 7559,9673 13769,713 9887,198 12450,995 617,745
1,9709995 B 3479,3293 12144,688 8292,027 11722,295 12257,864 11103,864 S 1535,3295 7559,9673 13769,713 9887,198 12450,995 617,745
1,971 B 3479,3293 12144,688 8292,027 11722,295 12257,864 11103,864 S 1535,3295 7559,9673 13769,713 9887,198 12450,995 617,745
1,9710007 B 3479,3293 12144,688 8292,027 11722,295 12257,864 11103,864 S 1535,3295 7559,9673 13769,713 9887,198 12450,995 617,745
1,9709994 B 3479,3293 12144,688 8292,027 11722,295 12257,864 11103,864 S 1535,3295 7559,9673 13769,713 9887,198 12450,995 617,745
1,9709992 B 3479,3293 12144,688 8292,027 11722,295 12257,864 11103,864 S 1535,3295 7559,9673 13769,713 9887,198 12450,995 617,745
1,9710003 B 3479,3293 12144,688 8292,027 11722,295 12257,864 11103,864 S 1535,3295 7559,9673 13769,713 9887,198 12450,995 617,745
1,9710002 B 3479,3293 12144,688 8292,027 11722,295 12257,864 11103,864 S 1535,3295 7559,9673 13769,713 9887,198 12450,995 617,745
1,9710004 B 3479,3293 12144,688 8292,027 11722,295 12257,864 11103,864 S 1535,3295 7559,9673 13769,713 9887,198 12450,995 617,745
1,9710004 B 3479,3293 12144,688 8292,027 11722,295 12257,864 11103,864 S 1535,3295 7559,9673 13769,713 9887,198 12450,995 617,745
1,9710001 B 3479,3293 12144,688 8292,027 11722,295 12257,864 11103,864 S 1535,3295 7559,9673 13769,713 9887,198 12450,995 617,745
1,9710002 B 3479,3293 12144,688 8292,027 11722,295 12257,864 11103,864 S 1535,3295 7559,9673 13769,713 9887,198 12450,995 617,745
1,9709998 B 3479,3293 12144,688 8292,027 11722,295 12257,864 11103,864 S 1535,3295 7559,9673 13769,713 9887,198 12450,995 617,745
1,9709994 B 3479,3293 12144,688 8292,027 11722,295 12257,864 11103,864 S 1535,3295 7559,9673 13769,713 9887,198 12450,995 617,745
1,9710002 B 3479,3293 12144,688 8292,027 11722,295 12257,864 11103,864 S 1535,3295 7559,9673 13769,713 9887,198 12450,995 617,745
1,9709996 B 3479,3293 12144,688 8292,027 11722,295 12257,864 11103,864 S 1535,3295 7559,9673 13769,713 9887,198 12450,995 617,745
1,9709998 B 3479,3293 12144,688 8292,027 11722,295 12257,864 11103,864 S 1535,3295 7559,9673 13769,713 9887,198 12450,995 617,745
1,9710001 B 3479,3293 12144,688 8292,027 11722,295 12257,864 11103,864 S 1535,3295 7559,9673 13769,713 9887,198 12450,995 617,745
1,971 B 3479,3293 12144,688 8292,027 11722,295 12257,864 11103,864 S 1535,3295 7559,9673 13769,713 9887,198 12450,995 617,745
1,9710002 B 3479,3293 12144,688 8292,027 11722,295 12257,864 11103,864 S 1535,3295 7559,9673 13769,713 9887,198 12450,995 617,745
1,9710001 B 3479,3293 12144,688 8292,027 11722,295 12257,864 11103,864 S 1535,3295 7559,9673 13769,713 9887,198 12450,995 617,745
1,9710002 B 3479,3293 12144,688 8292,027 11722,295 12257,864 11103,864 S 1535,3295 7559,9673 13769,713 9887,198 12450,995 617,745
1,9710001 B 3479,3293 12144,688 8292,027 11722,295 12257,864 11103,864 S 1535,3295 7559,9673 13769,713 9887,198 12450,995 617,745
1,9709996 B 3479,3293 12144,688 8292,027 11722,295 12257,864 11103,864 S 1535,3295 7559,9673 13769,713 9887,198 12450,995 617,745
1,9709998 B 3479,3293 12144,688 8292,027 11722,295 12257,864 11103,864 S 1535,3295 7559,9673 13769,713 9887,198 12450,995 617,745
1,9710001 B 3479,3293 12144,688 8292,027 11722,295 12257,864 11103,864 S 1535,3295 7559,9673 13769,713 9887,198 12450,995 617,745
1,9709996 B 3479,3293 12144,688 8292,027 11722,295 12257,864 11103,864 S 1535,3295 7559,9673 13769,713 9887,198 12450,995 617,745
1,9710001 B 3479,3293 12144,688 8292,027 11722,295 12257,864 11103,864 S 1535,3295 7559,9673 13769,713 9887,198 12450,995 617,745
1,9709992 B 3479,3293 12144,688 8292,027 11722,295 12257,864 11103,864 S 1535,3295 7559,9673 13769,713 9887,198 12450,995 617,745
1,9710006 B 3479,3293 12144,688 8292,027 11722,295 12257,864 11103,864 S 1535,3295 7559,9673 13769,713 9887,198 12450,995 617,745
1,9709996 B 3479,3293 12144,688 8292,027 11722,295 12257,864 11103,864 S 1535,3295 7559,9673 13769,713 9887,198 12450,995 617,745
1,9710001 B 3479,3293 12144,688 8292,027 11722,295 12257,864 11103,864 S 1535,3295 7559,9673 13769,713 9887,198 12450,995 617,745
1,971 B 3479,3293 12144,688 8292,027 11722,295 12257,864 11103,864 S 1535,3295 7559,9673 13769,713 9887,198 12450,995 617,745
1,9709996 B 3479,3293 12144,688 8292,027 11722,295 12257,864 11103,864 S 1535,3295 7559,9673 13769,713 9887,198 12450,995 617,745
1,9710001 B 3479,3293 12144,688 8292,027 11722,295 12257,864 11103,864 S 1535,3295 7559,9673 13769,713 9887,198 12450,995 617,745
1,970343 B 3479,3293 12144,688 8292,027 11722,295 12257,864 11103,864 S 1535,3295 7559,9673 13769,713 9887,198 12450,995 617,745
1,9699997 B 3479,3293 12144,688 8292,027 11722,295 12257,864 11103,864 S 1535,3295 7559,9673 13769,713 9887,198 12450,995 617,745
1,9700004 B 3479,3293 12144,688 8292,027 11722,295 12257,864 11103,864 S 1535,3295 7559,9673 13769,713 9887,198 12450,995 617,745
1,9699999 B 3479,3293 12144,688 8292,027 11722,295 12257,864 11103,864 S 1535,3295 7559,9673 13769,713 9887,198 12450,995 617,745
1,9700004 B 3479,3293 12144,688 8292,027 11722,295 12257,864 11103,864 S 1535,3295 7559,9673 13769,713 9887,198 12450,995 617,745
1,97 B 3479,3293 12144,688 8292,027 11722,295 12257,864 11103,864 S 1535,3295 7559,9673 13769,713 9887,198 12450,995 617,745
1,9699999 B 3479,3293 12144,688 8292,027 11722,295 12257,864 11103,864 S 1535,3295 7559,9673 13769,713 9887,198 12450,995 617,745
1,9699998 B 3479,3293 12144,688 8292,027 11722,295 12257,864 11103,864 S 1535,3295 7559,9673 13769,713 9887,198 12450,995 617,745
1,9699998 B 3479,3293 12144,688 8292,027 11722,295 12257,864 11103,864 S 1535,3295 7559,9673 13769,713 9887,198 12450,995 617,745
1,9699997 B 3479,3293 12144,688 8292,027 11722,295 12257,864 11103,864 S 1535,3295 7559,9673 13769,713 9887,198 12450,995 617,745
1,9699998 B 3479,3293 12144,688 8292,027 11722,295 12257,864 11103,864 S 1535,3295 7559,9673 13769,713 9887,198 12450,995 617,745
1,9700001 B 3479,3293 12144,688 8292,027 11722,295 12257,864 11103,864 S 1535,3295 7559,9673 13769,713 9887,198 12450,995 617,745
1,9699998 B 3479,3293 12144,688 8292,027 11722,295 12257,864 11103,864 S 1535,3295 7559,9673 13769,713 9887,198 12450,995 617,745
1,97 B 3479,3293 12144,688 8292,027 11722,295 12257,864 11103,864 S 1535,3295 7559,9673 13769,713 9887,198 12450,995 617,745
1,9699998 B 3479,3293 12144,688 8292,027 11722,295 12257,864 11103,864 S 1535,3295 7559,9673 13769,713 9887,198 12450,995 617,745
1,9700001 B 3479,3293 12144,688 8292,027 11722,295 12257,864 11103,864 S 1535,3295 7559,9673 13769,713 9887,198 12450,995 617,745
1,9700004 B 3479,3293 12144,688 8292,027 11722,295 12257,864 11103,864 S 1535,3295 7559,9673 13769,713 9887,198 12450,995 617,745
1,97 B 3479,3293 12144,688 8292,027 11722,295 12257,864 11103,864 S 1535,3295 7559,9673 13769,713 9887,198 12450,995 617,745
1,9699998 B 3479,3293 12144,688 8292,027 11722,295 12257,864 11103,864 S 1535,3295 7559,9673 13769,713 9887,198 12450,995 617,745
1,9699999 B 3479,3293 12144,688 8292,027 11722,295 12257,864 11103,864 S 1535,3295 7559,9673 13769,713 9887,198 12450,995 617,745
1,9699996 B 3479,3293 12144,688 8292,027 11722,295 12257,864 11103,864 S 1535,3295 7559,9673 13769,713 9887,198 12450,995 617,745
1,9700001 B 3479,3293 12144,688 8292,027 11722,295 12257,864 11103,864 S 1535,3295 7559,9673 13769,713 9887,198 12450,995 617,745
1,97 B 3479,3293 12144,688 8292,027 11722,295 12257,864 11103,864 S 1535,3295 7559,9673 13769,713 9887,198 12450,995 617,745
1,9700004 B 3479,3293 12144,688 8292,027 11722,295 12257,864 11103,864 S 1535,3295 7559,9673 13769,713 9887,198 12450,995 617,745
1,9700004 B 3479,3293 12144,688 8292,027 11722,295 12257,864 11103,864 S 1535,3295 7559,9673 13769,713 9887,198 12450,995 617,745
1,9699999 B 3479,3293 12144,688 8292,027 11722,295 12257,864 11103,864 S 1535,3295 7559,9673 13769,713 9887,198 12450,995 617,745
1,9700001 B 3479,3293 12144,688 8292,027 11722,295 12257,864 11103,864 S 1535,3295 7559,9673 13769,713 9887,198 12450,995 617,745
1,9700004 B 3479,3293 12144,688 8292,027 11722,295 12257,864 11103,864 S 1535,3295 7559,9673 13769,713 9887,198 12450,995 617,745
1,9699997 B 3479,3293 12144,688 8292,027 11722,295 12257,864 11103,864 S 1535,3295 7559,9673 13769,713 9887,198 12450,995 617,745
1,9699998 B 3479,3293 12144,688 8292,027 11722,295 12257,864 11103,864 S 1535,3295 7559,9673 13769,713 9887,198 12450,995 617,745
1,97 B 3479,3293 12144,688 8292,027 11722,295 12257,864 11103,864 S 1535,3295 7559,9673 13769,713 9887,198 12450,995 617,745
1,9700006 B 3479,3293 12144,688 8292,027 11722,295 12257,864 11103,864 S 1535,3295 7559,9673 13769,713 9887,198 12450,995 617,745
1,97 B 3479,3293 12144,688 8292,027 11722,295 12257,864 11103,864 S 1535,3295 7559,9673 13769,713 9887,198 12450,995 617,745
1,9699993 B 3479,3293 12144,688 8292,027 11722,295 12257,864 11103,864 S 1535,3295 7559,9673 13769,713 9887,198 12450,995 617,745
1,9700001 B 3479,3293 12144,688 8292,027 11722,295 12257,864 11103,864 S 1535,3295 7559,9673 13769,713 9887,198 12450,995 617,745
1,9699999 B 3479,3293 12144,688 8292,027 11722,295 12257,864 11103,864 S 1535,3295 7559,9673 13769,713 9887,198 12450,995 617,745
1,9700001 B 3479,3293 12144,688 8292,027 11722,295 12257,864 11103,864 S 1535,3295 7559,9673 13769,713 9887,198 12450,995 617,745
1,9699998 B 3479,3293 12144,688 8292,027 11722,295 12257,864 11103,864 S 1535,3295 7559,9673 13769,713 9887,198 12450,995 617,745
1,9700001 B 3479,3293 12144,688 8292,027 11722,295 12257,864 11103,864 S 1535,3295 7559,9673 13769,713 9887,198 12450,995 617,745
1,9700005 B 3479,3293 12144,688 8292,027 11722,295 12257,864 11103,864 S 1535,3295 7559,9673 13769,713 9887,198 12450,995 617,745
1,9700001 B 3479,3293 12144,688 8292,027 11722,295 12257,864 11103,864 S 1535,3295 7559,9673 13769,713 9887,198 12450,995 617,745
1,9699998 B 3479,3293 12144,688 8292,027 11722,295 12257,864 11103,864 S 1535,3295 7559,9673 13769,713 9887,198 12450,995 617,745
1,9699997 B 3479,3293 12144,688 8292,027 11722,295 12257,864 11103,864 S 1535,3295 7559,9673 13769,713 9887,198 12450,995 617,745
1,9699997 B 3479,3293 12144,688 8292,027 11722,295 12257,864 11103,864 S 1535,3295 7559,9673 13769,713 9887,198 12450,995 617,745
1,9699999 B 3479,3293 12144,688 8292,027 11722,295 12257,864 11103,864 S 1535,3295 7559,9673 13769,713 9887,198 12450,995 617,745
1,9712489 B 3479,3293 12144,688 8292,027 11722,295 12257,864 11103,864 S 1535,3295 7559,9673 13769,713 9887,198 12450,995 617,745
1,9719995 B 3479,3293 12144,688 8292,027 11722,295 12257,864 11103,864 S 1535,3295 7559,9673 13769,713 9887,198 12450,995 617,745
1,9720001 B 3479,3293 12144,688 8292,027 11722,295 12257,864 11103,864 S 1535,3295 7559,9673 13769,713 9887,198 12450,995 617,745
1,9719999 B 3479,3293 12144,688 8292,027 11722,295 12257,864 11103,864 S 1535,3295 7559,9673 13769,713 9887,198 12450,995 617,745
1,9719995 B 3479,3293 12144,688 8292,027 11722,295 12257,864 11103,864 S 1535,3295 7559,9673 13769,713 9887,198 12450,995 617,745
1,972001 B 3479,3293 12144,688 8292,027 11722,295 12257,864 11103,864 S 1535,3295 7559,9673 13769,713 9887,198 12450,995 617,745
1,9720002 B 3479,3293 12144,688 8292,027 11722,295 12257,864 11103,864 S 1535,3295 7559,9673 13769,713 9887,198 12450,995 617,745
1,9719996 B 3479,3293 12144,688 8292,027 11722,295 12257,864 11103,864 S 1535,3295 7559,9673 13769,713 9887,198 12450,995 617,745
1,972 B 3479,3293 12144,688 8292,027 11722,295 12257,864 11103,864 S 1535,3295 7559,9673 13769,713 9887,198 12450,995 617,745
1,9719999 B 3479,3293 12144,688 8292,027 11722,295 12257,864 11103,864 S 1535,3295 7559,9673 13769,713 9887,198 12450,995 617,745
1,9720004 B 3479,3293 12144,688 8292,027 11722,295 12257,864 11103,864 S 1535,3295 7559,9673 13769,713 9887,198 12450,995 617,745
1,9720001 B 3479,3293 12144,688 8292,027 11722,295 12257,864 11103,864 S 1535,3295 7559,9673 13769,713 9887,198 12450,995 617,745
1,9720001 B 3479,3293 12144,688 8292,027 11722,295 12257,864 11103,864 S 1535,3295 7559,9673 13769,713 9887,198 12450,995 617,745
1,9719996 B 3479,3293 12144,688 8292,027 11722,295 12257,864 11103,864 S 1535,3295 7559,9673 13769,713 9887,198 12450,995 617,745
1,9720004 B 3479,3293 12144,688 8292,027 11722,295 12257,864 11103,864 S 1535,3295 7559,9673 13769,713 9887,198 12450,995 617,745
1,972 B 3479,3293 12144,688 8292,027 11722,295 12257,864 11103,864 S 1535,3295 7559,9673 13769,713 9887,198 12450,995 617,745
1,9720001 B 3479,3293 12144,688 8292,027 11722,295 12257,864 11103,864 S 1535,3295 7559,9673 13769,713 9887,198 12450,995 617,745
1,9719998 B 3479,3293 12144,688 8292,027 11722,295 12257,864 11103,864 S 1535,3295 7559,9673 13769,713 9887,198 12450,995 617,745
1,9720002 B 3479,3293 12144,688 8292,027 11722,295 12257,864 11103,864 S 1535,3295 7559,9673 13769,713 9887,198 12450,995 617,745
1,9720001 B 3479,3293 12144,688 8292,027 11722,295 12257,864 11103,864 S 1535,3295 7559,9673 13769,713 9887,198 12450,995 617,745
1,9719996 B 3479,3293 12144,688 8292,027 11722,295 12257,864 11103,864 S 1535,3295 7559,9673 13769,713 9887,198 12450,995 617,745
1,9720002 B 3479,3293 12144,688 8292,027 11722,295 12257,864 11103,864 S 1535,3295 7559,9673 13769,713 9887,198 12450,995 617,745
1,9719994 B 3479,3293 12144,688 8292,027 11722,295 12257,864 11103,864 S 1535,3295 7559,9673 13769,713 9887,198 12450,995 617,745
1,9719995 B 3479,3293 12144,688 8292,027 11722,295 12257,864 11103,864 S 1535,3295 7559,9673 13769,713 9887,198 12450,995 617,745
1,9719996 B 3479,3293 12144,688 8292,027 11722,295 12257,864 11103,864 S 1535,3295 7559,9673 13769,713 9887,198 12450,995 617,745
1,9720007 B 3479,3293 12144,688 8292,027 11722,295 12257,864 11103,864 S 1535,3295 7559,9673 13769,713 9887,198 12450,995 617,745
1,9720001 B 3479,3293 12144,688 8292,027 11722,295 12257,864 11103,864 S 1535,3295 7559,9673 13769,713 9887,198 12450,995 617,745
1,9720004 B 3479,3293 12144,688 8292,027 11722,295 12257,864 11103,864 S 1535,3295 7559,9673 13769,713 9887,198 12450,995 617,745
1,9719999 B 3479,3293 12144,688 8292,027 11722,295 12257,864 11103,864 S 1535,3295 7559,9673 13769,713 9887,198 12450,995 617,745
1,9719998 B 3479,3293 12144,688 8292,027 11722,295 12257,864 11103,864 S 1535,3295 7559,9673 13769,713 9887,198 12450,995 617,745
1,972 B 3479,3293 12144,688 8292,027 11722,295 12257,864 11103,864 S 1535,3295 7559,9673 13769,713 9887,198 12450,995 617,745
1,9719994 B 3479,3293 12144,688 8292,027 11722,295 12257,864 11103,864 S 1535,3295 7559,9673 13769,713 9887,198 12450,995 617,745
