1,9754554
1,9734229 B 11801,54 9741,464 18190,65 5984,698 4508,03 9461,849 S 7896,1797 23337,406 7119,9697 17167,928 6129,5605 420,90994
1,975 B 11801,54 9741,464 18190,65 5984,698 4508,03 9461,849 S 7896,1797 23337,406 7119,9697 17167,928 6129,5605 420,90994
1,9750004 B 11801,54 9741,464 18190,65 5984,698 4508,03 9461,849 S 7896,1797 23337,406 7119,9697 17167,928 6129,5605 420,90994
1,9749999 B 11801,54 9741,464 18190,65 5984,698 4508,03 9461,849 S 7896,1797 23337,406 7119,9697 17167,928 6129,5605 420,90994
1,9750001 B 11801,54 9741,464 18190,65 5984,698 4508,03 9461,849 S 7896,1797 23337,406 7119,9697 17167,928 6129,5605 420,90994
1,9750004 B 11801,54 9741,464 18190,65 5984,698 4508,03 9461,849 S 7896,1797 23337,406 7119,9697 17167,928 6129,5605 420,90994
1,9750004 B 11801,54 9741,464 18190,65 5984,698 4508,03 9461,849 S 7896,1797 23337,406 7119,9697 17167,928 6129,5605 420,90994
1,9749998 B 11801,54 9741,464 18190,65 5984,698 4508,03 9461,849 S 7896,1797 23337,406 7119,9697 17167,928 6129,5605 420,90994
1,975 B 11801,54 9741,464 18190,65 5984,698 4508,03 9461,849 S 7896,1797 23337,406 7119,9697 17167,928 6129,5605 420,90994
1,9749997 B 11801,54 9741,464 18190,65 5984,698 4508,03 9461,849 S 7896,1797 23337,406 7119,9697 17167,928 6129,5605 420,90994
1,9749999 B 11801,54 9741,464 18190,65 5984,698 4508,03 9461,849 S 7896,1797 23337,406 7119,9697 17167,928 6129,5605 420,90994
1,9750001 B 11801,54 9741,464 18190,65 5984,698 4508,03 9461,849 S 7896,1797 23337,406 7119,9697 17167,928 6129,5605 420,90994
1,9750005 B 11801,54 9741,464 18190,65 5984,698 4508,03 9461,849 S 7896,1797 23337,406 7119,9697 17167,928 6129,5605 420,90994
1,9749998 B 11801,54 9741,464 18190,65 5984,698 4508,03 9461,849 S 7896,1797 23337,406 7119,9697 17167,928 6129,5605 420,90994
1,9749998 B 11801,54 9741,464 18190,65 5984,698 4508,03 9461,849 S 7896,1797 23337,406 7119,9697 17167,928 6129,5605 420,90994
1,9749999 B 11801,54 9741,464 18190,65 5984,698 4508,03 9461,849 S 7896,1797 23337,406 7119,9697 17167,928 6129,5605 420,90994
1,9750005 B 11801,54 9741,464 18190,65 5984,698 4508,03 9461,849 S 7896,1797 23337,406 7119,9697 17167,928 6129,5605 420,90994
1,9750001 B 11801,54 9741,464 18190,65 5984,698 4508,03 9461,849 S 7896,1797 23337,406 7119,9697 17167,928 6129,5605 420,90994
1,9750004 B 11801,54 9741,464 18190,65 5984,698 4508,03 9461,849 S 7896,1797 23337,406 7119,9697 17167,928 6129,5605 420,90994
1,9750001 B 11801,54 9741,464 18190,65 5984,698 4508,03 9461,849 S 7896,1797 23337,406 7119,9697 17167,928 6129,5605 420,90994
1,975 B 11801,54 9741,464 18190,65 5984,698 4508,03 9461,849 S 7896,1797 23337,406 7119,9697 17167,928 6129,5605 420,90994
1,9749999 B 11801,54 9741,464 18190,65 5984,698 4508,03 9461,849 S 7896,1797 23337,406 7119,9697 17167,928 6129,5605 420,90994
1,9749998 B 11801,54 9741,464 18190,65 5984,698 4508,03 9461,849 S 7896,1797 23337,406 7119,9697 17167,928 6129,5605 420,90994
1,9750003 B 11801,54 9741,464 18190,65 5984,698 4508,03 9461,849 S 7896,1797 23337,406 7119,9697 17167,928 6129,5605 420,90994
1,9749999 B 11801,54 9741,464 18190,65 5984,698 4508,03 9461,849 S 7896,1797 23337,406 7119,9697 17167,928 6129,5605 420,90994
1,9749999 B 11801,54 9741,464 18190,65 5984,698 4508,03 9461,849 S 7896,1797 23337,406 7119,9697 17167,928 6129,5605 420,90994
1,9749995 B 11801,54 9741,464 18190,65 5984,698 4508,03 9461,849 S 7896,1797 23337,406 7119,9697 17167,928 6129,5605 420,90994
1,9755123 B 11801,54 9741,464 18190,65 5984,698 4508,03 9461,849 S 7896,1797 23337,406 7119,9697 17167,928 6129,5605 420,90994
1,9760004 B 11801,54 9741,464 18190,65 5984,698 4508,03 9461,849 S 7896,1797 23337,406 7119,9697 17167,928 6129,5605 420,90994
1,9760005 B 11801,54 9741,464 18190,65 5984,698 4508,03 9461,849 S 7896,1797 23337,406 7119,9697 17167,928 6129,5605 420,90994
1,9760003 B 11801,54 9741,464 18190,65 5984,698 4508,03 9461,849 S 7896,1797 23337,406 7119,9697 17167,928 6129,5605 420,90994
1,9760007 B 11801,54 9741,464 18190,65 5984,698 4508,03 9461,849 S 7896,1797 23337,406 7119,9697 17167,928 6129,5605 420,90994
1,9760001 B 11801,54 9741,464 18190,65 5984,698 4508,03 9461,849 S 7896,1797 23337,406 7119,9697 17167,928 6129,5605 420,90994
1,9760007 B 11801,54 9741,464 18190,65 5984,698 4508,03 9461,849 S 7896,1797 23337,406 7119,9697 17167,928 6129,5605 420,90994
1,9760004 B 11801,54 9741,464 18190,65 5984,698 4508,03 9461,849 S 7896,1797 23337,406 7119,9697 17167,928 6129,5605 420,90994
1,9760004 B 11801,54 9741,464 18190,65 5984,698 4508,03 9461,849 S 7896,1797 23337,406 7119,9697 17167,928 6129,5605 420,90994
1,9760001 B 11801,54 9741,464 18190,65 5984,698 4508,03 9461,849 S 7896,1797 23337,406 7119,9697 17167,928 6129,5605 420,90994
1,9760001 B 11801,54 9741,464 18190,65 5984,698 4508,03 9461,849 S 7896,1797 23337,406 7119,9697 17167,928 6129,5605 420,90994
1,976 B 11801,54 9741,464 18190,65 5984,698 4508,03 9461,849 S 7896,1797 23337,406 7119,9697 17167,928 6129,5605 420,90994
1,9759998 B 11801,54 9741,464 18190,65 5984,698 4508,03 9461,849 S 7896,1797 23337,406 7119,9697 17167,928 6129,5605 420,90994
1,9760004 B 11801,54 9741,464 18190,65 5984,698 4508,03 9461,849 S 7896,1797 23337,406 7119,9697 17167,928 6129,5605 420,90994
1,9760007 B 11801,54 9741,464 18190,65 5984,698 4508,03 9461,849 S 7896,1797 23337,406 7119,9697 17167,928 6129,5605 420,90994
1,9760005 B 11801,54 9741,464 18190,65 5984,698 4508,03 9461,849 S 7896,1797 23337,406 7119,9697 17167,928 6129,5605 420,90994
1,9760003 B 11801,54 9741,464 18190,65 5984,698 4508,03 9461,849 S 7896,1797 23337,406 7119,9697 17167,928 6129,5605 420,90994
1,9754863 B 11801,54 9741,464 18190,65 5984,698 4508,03 9461,849 S 7896,1797 23337,406 7119,9697 17167,928 6129,5605 420,90994
1,975 B 11801,54 9741,464 18190,65 5984,698 4508,03 9461,849 S 7896,1797 23337,406 7119,9697 17167,928 6129,5605 420,90994
1,9755285 B 11801,54 9741,464 18190,65 5984,698 4508,03 9461,849 S 7896,1797 23337,406 7119,9697 17167,928 6129,5605 420,90994
1,9760002 B 11801,54 9741,464 18190,65 5984,698 4508,03 9461,849 S 7896,1797 23337,406 7119,9697 17167,928 6129,5605 420,90994
1,9760001 B 11801,54 9741,464 18190,65 5984,698 4508,03 9461,849 S 7896,1797 23337,406 7119,9697 17167,928 6129,5605 420,90994
1,9760003 B 11801,54 9741,464 18190,65 5984,698 4508,03 9461,849 S 7896,1797 23337,406 7119,9697 17167,928 6129,5605 420,90994
1,9760001 B 11801,54 9741,464 18190,65 5984,698 4508,03 9461,849 S 7896,1797 23337,406 7119,9697 17167,928 6129,5605 420,90994
1,9759998 B 11801,54 9741,464 18190,65 5984,698 4508,03 9461,849 S 7896,1797 23337,406 7119,9697 17167,928 6129,5605 420,90994
1,9760002 B 11801,54 9741,464 18190,65 5984,698 4508,03 9461,849 S 7896,1797 23337,406 7119,9697 17167,928 6129,5605 420,90994
1,9760001 B 11801,54 9741,464 18190,65 5984,698 4508,03 9461,849 S 7896,1797 23337,406 7119,9697 17167,928 6129,5605 420,90994
1,9760004 B 11801,54 9741,464 18190,65 5984,698 4508,03 9461,849 S 7896,1797 23337,406 7119,9697 17167,928 6129,5605 420,90994
1,976 B 11801,54 9741,464 18190,65 5984,698 4508,03 9461,849 S 7896,1797 23337,406 7119,9697 17167,928 6129,5605 420,90994
1,976 B 11801,54 9741,464 18190,65 5984,698 4508,03 9461,849 S 7896,1797 23337,406 7119,9697 17167,928 6129,5605 420,90994
1,9760002 B 11801,54 9741,464 18190,65 5984,698 4508,03 9461,849 S 7896,1797 23337,406 7119,9697 17167,928 6129,5605 420,90994
1,9760002 B 11801,54 9741,464 18190,65 5984,698 4508,03 9461,849 S 7896,1797 23337,406 7119,9697 17167,928 6129,5605 420,90994
1,9755108 B 11801,54 9741,464 18190,65 5984,698 4508,03 9461,849 S 7896,1797 23337,406 7119,9697 17167,928 6129,5605 420,90994
1,9750001 B 11801,54 9741,464 18190,65 5984,698 4508,03 9461,849 S 7896,1797 23337,406 7119,9697 17167,928 6129,5605 420,90994
1,9749998 B 11801,54 9741,464 18190,65 5984,698 4508,03 9461,849 S 7896,1797 23337,406 7119,9697 17167,928 6129,5605 420,90994
1,9749995 B 11801,54 9741,464 18190,65 5984,698 4508,03 9461,849 S 7896,1797 23337,406 7119,9697 17167,928 6129,5605 420,90994
1,9749998 B 11801,54 9741,464 18190,65 5984,698 4508,03 9461,849 S 7896,1797 23337,406 7119,9697 17167,928 6129,5605 420,90994
1,9750004 B 11801,54 9741,464 18190,65 5984,698 4508,03 9461,849 S 7896,1797 23337,406 7119,9697 17167,928 6129,5605 420,90994
1,975 B 11801,54 9741,464 18190,65 5984,698 4508,03 9461,849 S 7896,1797 23337,406 7119,9697 17167,928 6129,5605 420,90994
1,975 B 11801,54 9741,464 18190,65 5984,698 4508,03 9461,849 S 7896,1797 23337,406 7119,9697 17167,928 6129,5605 420,90994
1,9749999 B 11801,54 9741,464 18190,65 5984,698 4508,03 9461,849 S 7896,1797 23337,406 7119,9697 17167,928 6129,5605 420,90994
1,9749998 B 11801,54 9741,464 18190,65 5984,698 4508,03 9461,849 S 7896,1797 23337,406 7119,9697 17167,928 6129,5605 420,90994
1,9749997 B 11801,54 9741,464 18190,65 5984,698 4508,03 9461,849 S 7896,1797 23337,406 7119,9697 17167,928 6129,5605 420,90994
1,9750003 B 11801,54 9741,464 18190,65 5984,698 4508,03 9461,849 S 7896,1797 23337,406 7119,9697 17167,928 6129,5605 420,90994
1,9750004 B 11801,54 9741,464 18190,65 5984,698 4508,03 9461,849 S 7896,1797 23337,406 7119,9697 17167,928 6129,5605 420,90994
1,9750001 B 11801,54 9741,464 18190,65 5984,698 4508,03 9461,849 S 7896,1797 23337,406 7119,9697 17167,928 6129,5605 420,90994
1,9750006 B 11801,54 9741,464 18190,65 5984,698 4508,03 9461,849 S 7896,1797 23337,406 7119,9697 17167,928 6129,5605 420,90994
1,9750001 B 11801,54 9741,464 18190,65 5984,698 4508,03 9461,849 S 7896,1797 23337,406 7119,9697 17167,928 6129,5605 420,90994
1,9750006 B 11801,54 9741,464 18190,65 5984,698 4508,03 9461,849 S 7896,1797 23337,406 7119,9697 17167,928 6129,5605 420,90994
1,975 B 11801,54 9741,464 18190,65 5984,698 4508,03 9461,849 S 7896,1797 23337,406 7119,9697 17167,928 6129,5605 420,90994
1,9749999 B 11801,54 9741,464 18190,65 5984,698 4508,03 9461,849 S 7896,1797 23337,406 7119,9697 17167,928 6129,5605 420,90994
1,9750001 B 11801,54 9741,464 18190,65 5984,698 4508,03 9461,849 S 7896,1797 23337,406 7119,9697 17167,928 6129,5605 420,90994
1,9755762 B 11801,54 9741,464 18190,65 5984,698 4508,03 9461,849 S 7896,1797 23337,406 7119,9697 17167,928 6129,5605 420,90994
1,9760007 B 11801,54 9741,464 18190,65 5984,698 4508,03 9461,849 S 7896,1797 23337,406 7119,9697 17167,928 6129,5605 420,90994
1,9760009 B 11801,54 9741,464 18190,65 5984,698 4508,03 9461,849 S 7896,1797 23337,406 7119,9697 17167,928 6129,5605 420,90994
1,976 B 11801,54 9741,464 18190,65 5984,698 4508,03 9461,849 S 7896,1797 23337,406 7119,9697 17167,928 6129,5605 420,90994
1,9760007 B 11801,54 9741,464 18190,65 5984,698 4508,03 9461,849 S 7896,1797 23337,406 7119,9697 17167,928 6129,5605 420,90994
1,9760004 B 11801,54 9741,464 18190,65 5984,698 4508,03 9461,849 S 7896,1797 23337,406 7119,9697 17167,928 6129,5605 420,90994
1,9760009 B 11801,54 9741,464 18190,65 5984,698 4508,03 9461,849 S 7896,1797 23337,406 7119,9697 17167,928 6129,5605 420,90994
1,976001 B 11801,54 9741,464 18190,65 5984,698 4508,03 9461,849 S 7896,1797 23337,406 7119,9697 17167,928 6129,5605 420,90994
1,9760007 B 11801,54 9741,464 18190,65 5984,698 4508,03 9461,849 S 7896,1797 23337,406 7119,9697 17167,928 6129,5605 420,90994
1,9760004 B 11801,54 9741,464 18190,65 5984,698 4508,03 9461,849 S 7896,1797 23337,406 7119,9697 17167,928 6129,5605 420,90994
1,9760009 B 11801,54 9741,464 18190,65 5984,698 4508,03 9461,849 S 7896,1797 23337,406 7119,9697 17167,928 6129,5605 420,90994
1,9760003 B 11801,54 9741,464 18190,65 5984,698 4508,03 9461,849 S 7896,1797 23337,406 7119,9697 17167,928 6129,5605 420,90994
1,9760007 B 11801,54 9741,464 18190,65 5984,698 4508,03 9461,849 S 7896,1797 23337,406 7119,9697 17167,928 6129,5605 420,90994
1,9760009 B 11801,54 9741,464 18190,65 5984,698 4508,03 9461,849 S 7896,1797 23337,406 7119,9697 17167,928 6129,5605 420,90994
1,9760005 B 11801,54 9741,464 18190,65 5984,698 4508,03 9461,849 S 7896,1797 23337,406 7119,9697 17167,928 6129,5605 420,90994
1,9760001 B 11801,54 9741,464 18190,65 5984,698 4508,03 9461,849 S 7896,1797 23337,406 7119,9697 17167,928 6129,5605 420,90994
1,9760002 B 11801,54 9741,464 18190,65 5984,698 4508,03 9461,849 S 7896,1797 23337,406 7119,9697 17167,928 6129,5605 420,90994
1,9760009 B 11801,54 9741,464 18190,65 5984,698 4508,03 9461,849 S 7896,1797 23337,406 7119,9697 17167,928 6129,5605 420,90994
1,9760004 B 11801,54 9741,464 18190,65 5984,698 4508,03 9461,849 S 7896,1797 23337,406 7119,9697 17167,928 6129,5605 420,90994
1,9760009 B 11801,54 9741,464 18190,65 5984,698 4508,03 9461,849 S 7896,1797 23337,406 7119,9697 17167,928 6129,5605 420,90994
1,9760005 B 11801,54 9741,464 18190,65 5984,698 4508,03 9461,849 S 7896,1797 23337,406 7119,9697 17167,928 6129,5605 420,90994
1,9760003 B 11801,54 9741,464 18190,65 5984,698 4508,03 9461,849 S 7896,1797 23337,406 7119,9697 17167,928 6129,5605 420,90994
1,9760007 B 11801,54 9741,464 18190,65 5984,698 4508,03 9461,849 S 7896,1797 23337,406 7119,9697 17167,928 6129,5605 420,90994
1,976 B 11801,54 9741,464 18190,65 5984,698 4508,03 9461,849 S 7896,1797 23337,406 7119,9697 17167,928 6129,5605 420,90994
1,9760003 B 11801,54 9741,464 18190,65 5984,698 4508,03 9461,849 S 7896,1797 23337,406 7119,9697 17167,928 6129,5605 420,90994
1,9760002 B 11801,54 9741,464 18190,65 5984,698 4508,03 9461,849 S 7896,1797 23337,406 7119,9697 17167,928 6129,5605 420,90994
1,9760004 B 11801,54 9741,464 18190,65 5984,698 4508,03 9461,849 S 7896,1797 23337,406 7119,9697 17167,928 6129,5605 420,90994
1,9759996 B 11801,54 9741,464 18190,65 5984,698 4508,03 9461,849 S 7896,1797 23337,406 7119,9697 17167,928 6129,5605 420,90994
1,9760004 B 11801,54 9741,464 18190,65 5984,698 4508,03 9461,849 S 7896,1797 23337,406 7119,9697 17167,928 6129,5605 420,90994
1,9760004 B 11801,54 9741,464 18190,65 5984,698 4508,03 9461,849 S 7896,1797 23337,406 7119,9697 17167,928 6129,5605 420,90994
1,9760007 B 11801,54 9741,464 18190,65 5984,698 4508,03 9461,849 S 7896,1797 23337,406 7119,9697 17167,928 6129,5605 420,90994
1,9760003 B 11801,54 9741,464 18190,65 5984,698 4508,03 9461,849 S 7896,1797 23337,406 7119,9697 17167,928 6129,5605 420,90994
1,9760004 B 11801,54 9741,464 18190,65 5984,698 4508,03 9461,849 S 7896,1797 23337,406 7119,9697 17167,928 6129,5605 420,90994
1,9760005 B 11801,54 9741,464 18190,65 5984,698 4508,03 9461,849 S 7896,1797 23337,406 7119,9697 17167,928 6129,5605 420,90994
1,9760002 B 11801,54 9741,464 18190,65 5984,698 4508,03 9461,849 S 7896,1797 23337,406 7119,9697 17167,928 6129,5605 420,90994
1,976 B 11801,54 9741,464 18190,65 5984,698 4508,03 9461,849 S 7896,1797 23337,406 7119,9697 17167,928 6129,5605 420,90994
1,9760003 B 11801,54 9741,464 18190,65 5984,698 4508,03 9461,849 S 7896,1797 23337,406 7119,9697 17167,928 6129,5605 420,90994
1,9760004 B 11801,54 9741,464 18190,65 5984,698 4508,03 9461,849 S 7896,1797 23337,406 7119,9697 17167,928 6129,5605 420,90994
1,9759998 B 11801,54 9741,464 18190,65 5984,698 4508,03 9461,849 S 7896,1797 23337,406 7119,9697 17167,928 6129,5605 420,90994
1,9760002 B 11801,54 9741,464 18190,65 5984,698 4508,03 9461,849 S 7896,1797 23337,406 7119,9697 17167,928 6129,5605 420,90994
1,9760005 B 11801,54 9741,464 18190,65 5984,698 4508,03 9461,849 S 7896,1797 23337,406 7119,9697 17167,928 6129,5605 420,90994
1,976 B 11801,54 9741,464 18190,65 5984,698 4508,03 9461,849 S 7896,1797 23337,406 7119,9697 17167,928 6129,5605 420,90994
1,9760003 B 11801,54 9741,464 18190,65 5984,698 4508,03 9461,849 S 7896,1797 23337,406 7119,9697 17167,928 6129,5605 420,90994
1,9760005 B 11801,54 9741,464 18190,65 5984,698 4508,03 9461,849 S 7896,1797 23337,406 7119,9697 17167,928 6129,5605 420,90994
1,9760004 B 11801,54 9741,464 18190,65 5984,698 4508,03 9461,849 S 7896,1797 23337,406 7119,9697 17167,928 6129,5605 420,90994
1,9760007 B 11801,54 9741,464 18190,65 5984,698 4508,03 9461,849 S 7896,1797 23337,406 7119,9697 17167,928 6129,5605 420,90994
1,9759997 B 11801,54 9741,464 18190,65 5984,698 4508,03 9461,849 S 7896,1797 23337,406 7119,9697 17167,928 6129,5605 420,90994
1,976 B 11801,54 9741,464 18190,65 5984,698 4508,03 9461,849 S 7896,1797 23337,406 7119,9697 17167,928 6129,5605 420,90994
1,9754139 B 11801,54 9741,464 18190,65 5984,698 4508,03 9461,849 S 7896,1797 23337,406 7119,9697 17167,928 6129,5605 420,90994
1,9749999 B 11801,54 9741,464 18190,65 5984,698 4508,03 9461,849 S 7896,1797 23337,406 7119,9697 17167,928 6129,5605 420,90994
1,9756055 B 11801,54 9741,464 18190,65 5984,698 4508,03 9461,849 S 7896,1797 23337,406 7119,9697 17167,928 6129,5605 420,90994
1,9760007 B 11801,54 9741,464 18190,65 5984,698 4508,03 9461,849 S 7896,1797 23337,406 7119,9697 17167,928 6129,5605 420,90994
1,9760003 B 11801,54 9741,464 18190,65 5984,698 4508,03 9461,849 S 7896,1797 23337,406 7119,9697 17167,928 6129,5605 420,90994
1,9760007 B 11801,54 9741,464 18190,65 5984,698 4508,03 9461,849 S 7896,1797 23337,406 7119,9697 17167,928 6129,5605 420,90994
1,976 B 11801,54 9741,464 18190,65 5984,698 4508,03 9461,849 S 7896,1797 23337,406 7119,9697 17167,928 6129,5605 420,90994
1,976001 B 11801,54 9741,464 18190,65 5984,698 4508,03 9461,849 S 7896,1797 23337,406 7119,9697 17167,928 6129,5605 420,90994
1,9760002 B 11801,54 9741,464 18190,65 5984,698 4508,03 9461,849 S 7896,1797 23337,406 7119,9697 17167,928 6129,5605 420,90994
1,9760004 B 11801,54 9741,464 18190,65 5984,698 4508,03 9461,849 S 7896,1797 23337,406 7119,9697 17167,928 6129,5605 420,90994
1,9759995 B 11801,54 9741,464 18190,65 5984,698 4508,03 9461,849 S 7896,1797 23337,406 7119,9697 17167,928 6129,5605 420,90994
1,9760004 B 11801,54 9741,464 18190,65 5984,698 4508,03 9461,849 S 7896,1797 23337,406 7119,9697 17167,928 6129,5605 420,90994
1,9760005 B 11801,54 9741,464 18190,65 5984,698 4508,03 9461,849 S 7896,1797 23337,406 7119,9697 17167,928 6129,5605 420,90994
1,9760003 B 11801,54 9741,464 18190,65 5984,698 4508,03 9461,849 S 7896,1797 23337,406 7119,9697 17167,928 6129,5605 420,90994
1,9751183 B 11801,54 9741,464 18190,65 5984,698 4508,03 9461,849 S 7896,1797 23337,406 7119,9697 17167,928 6129,5605 420,90994
1,9750003 B 11801,54 9741,464 18190,65 5984,698 4508,03 9461,849 S 7896,1797 23337,406 7119,9697 17167,928 6129,5605 420,90994
1,9750003 B 11801,54 9741,464 18190,65 5984,698 4508,03 9461,849 S 7896,1797 23337,406 7119,9697 17167,928 6129,5605 420,90994
1,9750005 B 11801,54 9741,464 18190,65 5984,698 4508,03 9461,849 S 7896,1797 23337,406 7119,9697 17167,928 6129,5605 420,90994
1,9749999 B 11801,54 9741,464 18190,65 5984,698 4508,03 9461,849 S 7896,1797 23337,406 7119,9697 17167,928 6129,5605 420,90994
1,9750003 B 11801,54 9741,464 18190,65 5984,698 4508,03 9461,849 S 7896,1797 23337,406 7119,9697 17167,928 6129,5605 420,90994
1,9750004 B 11801,54 9741,464 18190,65 5984,698 4508,03 9461,849 S 7896,1797 23337,406 7119,9697 17167,928 6129,5605 420,90994
1,9750001 B 11801,54 9741,464 18190,65 5984,698 4508,03 9461,849 S 7896,1797 23337,406 7119,9697 17167,928 6129,5605 420,90994
1,9750001 B 11801,54 9741,464 18190,65 5984,698 4508,03 9461,849 S 7896,1797 23337,406 7119,9697 17167,928 6129,5605 420,90994
1,9749998 B 11801,54 9741,464 18190,65 5984,698 4508,03 9461,849 S 7896,1797 23337,406 7119,9697 17167,928 6129,5605 420,90994
1,9750001 B 11801,54 9741,464 18190,65 5984,698 4508,03 9461,849 S 7896,1797 23337,406 7119,9697 17167,928 6129,5605 420,90994
1,9750003 B 11801,54 9741,464 18190,65 5984,698 4508,03 9461,849 S 7896,1797 23337,406 7119,9697 17167,928 6129,5605 420,90994
1,975 B 11801,54 9741,464 18190,65 5984,698 4508,03 9461,849 S 7896,1797 23337,406 7119,9697 17167,928 6129,5605 420,90994
1,975 B 11801,54 9741,464 18190,65 5984,698 4508,03 9461,849 S 7896,1797 23337,406 7119,9697 17167,928 6129,5605 420,90994
1,9750003 B 11801,54 9741,464 18190,65 5984,698 4508,03 9461,849 S 7896,1797 23337,406 7119,9697 17167,928 6129,5605 420,90994
1,9750004 B 11801,54 9741,464 18190,65 5984,698 4508,03 9461,849 S 7896,1797 23337,406 7119,9697 17167,928 6129,5605 420,90994
1,9749997 B 11801,54 9741,464 18190,65 5984,698 4508,03 9461,849 S 7896,1797 23337,406 7119,9697 17167,928 6129,5605 420,90994
1,9749998 B 11801,54 9741,464 18190,65 5984,698 4508,03 9461,849 S 7896,1797 23337,406 7119,9697 17167,928 6129,5605 420,90994
1,975 B 11801,54 9741,464 18190,65 5984,698 4508,03 9461,849 S 7896,1797 23337,406 7119,9697 17167,928 6129,5605 420,90994
1,9749995 B 11801,54 9741,464 18190,65 5984,698 4508,03 9461,849 S 7896,1797 23337,406 7119,9697 17167,928 6129,5605 420,90994
1,9750003 B 11801,54 9741,464 18190,65 5984,698 4508,03 9461,849 S 7896,1797 23337,406 7119,9697 17167,928 6129,5605 420,90994
1,9749999 B 11801,54 9741,464 18190,65 5984,698 4508,03 9461,849 S 7896,1797 23337,406 7119,9697 17167,928 6129,5605 420,90994
1,9749998 B 11801,54 9741,464 18190,65 5984,698 4508,03 9461,849 S 7896,1797 23337,406 7119,9697 17167,928 6129,5605 420,90994
1,9750004 B 11801,54 9741,464 18190,65 5984,698 4508,03 9461,849 S 7896,1797 23337,406 7119,9697 17167,928 6129,5605 420,90994
1,9750004 B 11801,54 9741,464 18190,65 5984,698 4508,03 9461,849 S 7896,1797 23337,406 7119,9697 17167,928 6129,5605 420,90994
1,975 B 11801,54 9741,464 18190,65 5984,698 4508,03 9461,849 S 7896,1797 23337,406 7119,9697 17167,928 6129,5605 420,90994
1,9749998 B 11801,54 9741,464 18190,65 5984,698 4508,03 9461,849 S 7896,1797 23337,406 7119,9697 17167,928 6129,5605 420,90994
1,9750006 B 11801,54 9741,464 18190,65 5984,698 4508,03 9461,849 S 7896,1797 23337,406 7119,9697 17167,928 6129,5605 420,90994
1,9750001 B 11801,54 9741,464 18190,65 5984,698 4508,03 9461,849 S 7896,1797 23337,406 7119,9697 17167,928 6129,5605 420,90994
1,9750001 B 11801,54 9741,464 18190,65 5984,698 4508,03 9461,849 S 7896,1797 23337,406 7119,9697 17167,928 6129,5605 420,90994
1,9749992 B 11801,54 9741,464 18190,65 5984,698 4508,03 9461,849 S 7896,1797 23337,406 7119,9697 17167,928 6129,5605 420,90994
1,9749997 B 11801,54 9741,464 18190,65 5984,698 4508,03 9461,849 S 7896,1797 23337,406 7119,9697 17167,928 6129,5605 420,90994
1,975 B 11801,54 9741,464 18190,65 5984,698 4508,03 9461,849 S 7896,1797 23337,406 7119,9697 17167,928 6129,5605 420,90994
1,9749999 B 11801,54 9741,464 18190,65 5984,698 4508,03 9461,849 S 7896,1797 23337,406 7119,9697 17167,928 6129,5605 420,90994
1,9749998 B 11801,54 9741,464 18190,65 5984,698 4508,03 9461,849 S 7896,1797 23337,406 7119,9697 17167,928 6129,5605 420,90994
1,9740283 B 11801,54 9741,464 18190,65 5984,698 4508,03 9461,849 S 7896,1797 23337,406 7119,9697 17167,928 6129,5605 420,90994
1,9740001 B 11801,54 9741,464 18190,65 5984,698 4508,03 9461,849 S 7896,1797 23337,406 7119,9697 17167,928 6129,5605 420,90994
1,9739999 B 11801,54 9741,464 18190,65 5984,698 4508,03 9461,849 S 7896,1797 23337,406 7119,9697 17167,928 6129,5605 420,90994
1,9740002 B 11801,54 9741,464 18190,65 5984,698 4508,03 9461,849 S 7896,1797 23337,406 7119,9697 17167,928 6129,5605 420,90994
1,9740006 B 11801,54 9741,464 18190,65 5984,698 4508,03 9461,849 S 7896,1797 23337,406 7119,9697 17167,928 6129,5605 420,90994
1,9740005 B 11801,54 9741,464 18190,65 5984,698 4508,03 9461,849 S 7896,1797 23337,406 7119,9697 17167,928 6129,5605 420,90994
1,9740002 B 11801,54 9741,464 18190,65 5984,698 4508,03 9461,849 S 7896,1797 23337,406 7119,9697 17167,928 6129,5605 420,90994
1,9740003 B 11801,54 9741,464 18190,65 5984,698 4508,03 9461,849 S 7896,1797 23337,406 7119,9697 17167,928 6129,5605 420,90994
1,9739997 B 11801,54 9741,464 18190,65 5984,698 4508,03 9461,849 S 7896,1797 23337,406 7119,9697 17167,928 6129,5605 420,90994
1,9739994 B 11801,54 9741,464 18190,65 5984,698 4508,03 9461,849 S 7896,1797 23337,406 7119,9697 17167,928 6129,5605 420,90994
1,9740003 B 11801,54 9741,464 18190,65 5984,698 4508,03 9461,849 S 7896,1797 23337,406 7119,9697 17167,928 6129,5605 420,90994
1,9740006 B 11801,54 9741,464 18190,65 5984,698 4508,03 9461,849 S 7896,1797 23337,406 7119,9697 17167,928 6129,5605 420,90994
1,9739996 B 11801,54 9741,464 18190,65 5984,698 4508,03 9461,849 S 7896,1797 23337,406 7119,9697 17167,928 6129,5605 420,90994
1,9739997 B 11801,54 9741,464 18190,65 5984,698 4508,03 9461,849 S 7896,1797 23337,406 7119,9697 17167,928 6129,5605 420,90994
1,9740003 B 11801,54 9741,464 18190,65 5984,698 4508,03 9461,849 S 7896,1797 23337,406 7119,9697 17167,928 6129,5605 420,90994
1,9739997 B 11801,54 9741,464 18190,65 5984,698 4508,03 9461,849 S 7896,1797 23337,406 7119,9697 17167,928 6129,5605 420,90994
1,974706 B 11801,54 9741,464 18190,65 5984,698 4508,03 9461,849 S 7896,1797 23337,406 7119,9697 17167,928 6129,5605 420,90994
1,9750006 B 11801,54 9741,464 18190,65 5984,698 4508,03 9461,849 S 7896,1797 23337,406 7119,9697 17167,928 6129,5605 420,90994
1,9749998 B 11801,54 9741,464 18190,65 5984,698 4508,03 9461,849 S 7896,1797 23337,406 7119,9697 17167,928 6129,5605 420,90994
1,975 B 11801,54 9741,464 18190,65 5984,698 4508,03 9461,849 S 7896,1797 23337,406 7119,9697 17167,928 6129,5605 420,90994
1,9749998 B 11801,54 9741,464 18190,65 5984,698 4508,03 9461,849 S 7896,1797 23337,406 7119,9697 17167,928 6129,5605 420,90994
1,9749993 B 11801,54 9741,464 18190,65 5984,698 4508,03 9461,849 S 7896,1797 23337,406 7119,9697 17167,928 6129,5605 420,90994
1,9750005 B 11801,54 9741,464 18190,65 5984,698 4508,03 9461,849 S 7896,1797 23337,406 7119,9697 17167,928 6129,5605 420,90994
1,975083 B 11801,54 9741,464 18190,65 5984,698 4508,03 9461,849 S 7896,1797 23337,406 7119,9697 17167,928 6129,5605 420,90994
1,9762502 B 11801,54 9741,464 18190,65 5984,698 4508,03 9461,849 S 7896,1797 23337,406 7119,9697 17167,928 6129,5605 420,90994
1,9769996 B 11801,54 9741,464 18190,65 5984,698 4508,03 9461,849 S 7896,1797 23337,406 7119,9697 17167,928 6129,5605 420,90994
1,977 B 11801,54 9741,464 18190,65 5984,698 4508,03 9461,849 S 7896,1797 23337,406 7119,9697 17167,928 6129,5605 420,90994
1,9769993 B 11801,54 9741,464 18190,65 5984,698 4508,03 9461,849 S 7896,1797 23337,406 7119,9697 17167,928 6129,5605 420,90994
1,9769999 B 11801,54 9741,464 18190,65 5984,698 4508,03 9461,849 S 7896,1797 23337,406 7119,9697 17167,928 6129,5605 420,90994
1,977 B 11801,54 9741,464 18190,65 5984,698 4508,03 9461,849 S 7896,1797 23337,406 7119,9697 17167,928 6129,5605 420,90994
1,9770004 B 11801,54 9741,464 18190,65 5984,698 4508,03 9461,849 S 7896,1797 23337,406 7119,9697 17167,928 6129,5605 420,90994
1,9770006 B 11801,54 9741,464 18190,65 5984,698 4508,03 9461,849 S 7896,1797 23337,406 7119,9697 17167,928 6129,5605 420,90994
1,9755328 B 11801,54 9741,464 18190,65 5984,698 4508,03 9461,849 S 7896,1797 23337,406 7119,9697 17167,928 6129,5605 420,90994
1,9750001 B 11801,54 9741,464 18190,65 5984,698 4508,03 9461,849 S 7896,1797 23337,406 7119,9697 17167,928 6129,5605 420,90994
1,9749999 B 11801,54 9741,464 18190,65 5984,698 4508,03 9461,849 S 7896,1797 23337,406 7119,9697 17167,928 6129,5605 420,90994
1,9750007 B 11801,54 9741,464 18190,65 5984,698 4508,03 9461,849 S 7896,1797 23337,406 7119,9697 17167,928 6129,5605 420,90994
1,9749999 B 11801,54 9741,464 18190,65 5984,698 4508,03 9461,849 S 7896,1797 23337,406 7119,9697 17167,928 6129,5605 420,90994
1,9750004 B 11801,54 9741,464 18190,65 5984,698 4508,03 9461,849 S 7896,1797 23337,406 7119,9697 17167,928 6129,5605 420,90994
1,9749999 B 11801,54 9741,464 18190,65 5984,698 4508,03 9461,849 S 7896,1797 23337,406 7119,9697 17167,928 6129,5605 420,90994
1,9749997 B 11801,54 9741,464 18190,65 5984,698 4508,03 9461,849 S 7896,1797 23337,406 7119,9697 17167,928 6129,5605 420,90994
1,9750007 B 11801,54 9741,464 18190,65 5984,698 4508,03 9461,849 S 7896,1797 23337,406 7119,9697 17167,928 6129,5605 420,90994
1,9749997 B 11801,54 9741,464 18190,65 5984,698 4508,03 9461,849 S 7896,1797 23337,406 7119,9697 17167,928 6129,5605 420,90994
1,9750005 B 11801,54 9741,464 18190,65 5984,698 4508,03 9461,849 S 7896,1797 23337,406 7119,9697 17167,928 6129,5605 420,90994
1,9759196 B 11801,54 9741,464 18190,65 5984,698 4508,03 9461,849 S 7896,1797 23337,406 7119,9697 17167,928 6129,5605 420,90994
1,9760004 B 11801,54 9741,464 18190,65 5984,698 4508,03 9461,849 S 7896,1797 23337,406 7119,9697 17167,928 6129,5605 420,90994
1,9760003 B 11801,54 9741,464 18190,65 5984,698 4508,03 9461,849 S 7896,1797 23337,406 7119,9697 17167,928 6129,5605 420,90994
1,9760003 B 11801,54 9741,464 18190,65 5984,698 4508,03 9461,849 S 7896,1797 23337,406 7119,9697 17167,928 6129,5605 420,90994
1,9760004 B 11801,54 9741,464 18190,65 5984,698 4508,03 9461,849 S 7896,1797 23337,406 7119,9697 17167,928 6129,5605 420,90994
1,976001 B 11801,54 9741,464 18190,65 5984,698 4508,03 9461,849 S 7896,1797 23337,406 7119,9697 17167,928 6129,5605 420,90994
1,9759998 B 11801,54 9741,464 18190,65 5984,698 4508,03 9461,849 S 7896,1797 23337,406 7119,9697 17167,928 6129,5605 420,90994
1,9759998 B 11801,54 9741,464 18190,65 5984,698 4508,03 9461,849 S 7896,1797 23337,406 7119,9697 17167,928 6129,5605 420,90994
1,9760002 B 11801,54 9741,464 18190,65 5984,698 4508,03 9461,849 S 7896,1797 23337,406 7119,9697 17167,928 6129,5605 420,90994
1,9759996 B 11801,54 9741,464 18190,65 5984,698 4508,03 9461,849 S 7896,1797 23337,406 7119,9697 17167,928 6129,5605 420,90994
1,9760003 B 11801,54 9741,464 18190,65 5984,698 4508,03 9461,849 S 7896,1797 23337,406 7119,9697 17167,928 6129,5605 420,90994
1,9760003 B 11801,54 9741,464 18190,65 5984,698 4508,03 9461,849 S 7896,1797 23337,406 7119,9697 17167,928 6129,5605 420,90994
1,9759997 B 11801,54 9741,464 18190,65 5984,698 4508,03 9461,849 S 7896,1797 23337,406 7119,9697 17167,928 6129,5605 420,90994
1,9760005 B 11801,54 9741,464 18190,65 5984,698 4508,03 9461,849 S 7896,1797 23337,406 7119,9697 17167,928 6129,5605 420,90994
1,9760002 B 11801,54 9741,464 18190,65 5984,698 4508,03 9461,849 S 7896,1797 23337,406 7119,9697 17167,928 6129,5605 420,90994
1,9760004 B 11801,54 9741,464 18190,65 5984,698 4508,03 9461,849 S 7896,1797 23337,406 7119,9697 17167,928 6129,5605 420,90994
1,9760007 B 11801,54 9741,464 18190,65 5984,698 4508,03 9461,849 S 7896,1797 23337,406 7119,9697 17167,928 6129,5605 420,90994
1,9760001 B 11801,54 9741,464 18190,65 5984,698 4508,03 9461,849 S 7896,1797 23337,406 7119,9697 17167,928 6129,5605 420,90994
1,9759998 B 11801,54 9741,464 18190,65 5984,698 4508,03 9461,849 S 7896,1797 23337,406 7119,9697 17167,928 6129,5605 420,90994
1,9760002 B 11801,54 9741,464 18190,65 5984,698 4508,03 9461,849 S 7896,1797 23337,406 7119,9697 17167,928 6129,5605 420,90994
1,9759998 B 11801,54 9741,464 18190,65 5984,698 4508,03 9461,849 S 7896,1797 23337,406 7119,9697 17167,928 6129,5605 420,90994
