1,9747766
1,9710001 B 6003,0293 13779,119 14311,218 7758,395 7614,8174 8506,58 S 581,25366 7648,2856 18924,088 6281,2837 19045,162 2532,8547
1,9710002 B 6003,0293 13779,119 14311,218 7758,395 7614,8174 8506,58 S 581,25366 7648,2856 18924,088 6281,2837 19045,162 2532,8547
1,9710001 B 6003,0293 13779,119 14311,218 7758,395 7614,8174 8506,58 S 581,25366 7648,2856 18924,088 6281,2837 19045,162 2532,8547
1,9709998 B 6003,0293 13779,119 14311,218 7758,395 7614,8174 8506,58 S 581,25366 7648,2856 18924,088 6281,2837 19045,162 2532,8547
1,9710164 B 6003,0293 13779,119 14311,218 7758,395 7614,8174 8506,58 S 581,25366 7648,2856 18924,088 6281,2837 19045,162 2532,8547
1,9720005 B 6003,0293 13779,119 14311,218 7758,395 7614,8174 8506,58 S 581,25366 7648,2856 18924,088 6281,2837 19045,162 2532,8547
1,9719998 B 6003,0293 13779,119 14311,218 7758,395 7614,8174 8506,58 S 581,25366 7648,2856 18924,088 6281,2837 19045,162 2532,8547
1,9720002 B 6003,0293 13779,119 14311,218 7758,395 7614,8174 8506,58 S 581,25366 7648,2856 18924,088 6281,2837 19045,162 2532,8547
1,9720001 B 6003,0293 13779,119 14311,218 7758,395 7614,8174 8506,58 S 581,25366 7648,2856 18924,088 6281,2837 19045,162 2532,8547
1,972 B 6003,0293 13779,119 14311,218 7758,395 7614,8174 8506,58 S 581,25366 7648,2856 18924,088 6281,2837 19045,162 2532,8547
1,9720004 B 6003,0293 13779,119 14311,218 7758,395 7614,8174 8506,58 S 581,25366 7648,2856 18924,088 6281,2837 19045,162 2532,8547
1,9724704 B 6003,0293 13779,119 14311,218 7758,395 7614,8174 8506,58 S 581,25366 7648,2856 18924,088 6281,2837 19045,162 2532,8547
1,9730004 B 6003,0293 13779,119 14311,218 7758,395 7614,8174 8506,58 S 581,25366 7648,2856 18924,088 6281,2837 19045,162 2532,8547
1,9729997 B 6003,0293 13779,119 14311,218 7758,395 7614,8174 8506,58 S 581,25366 7648,2856 18924,088 6281,2837 19045,162 2532,8547
1,9730002 B 6003,0293 13779,119 14311,218 7758,395 7614,8174 8506,58 S 581,25366 7648,2856 18924,088 6281,2837 19045,162 2532,8547
1,9730002 B 6003,0293 13779,119 14311,218 7758,395 7614,8174 8506,58 S 581,25366 7648,2856 18924,088 6281,2837 19045,162 2532,8547
1,9730002 B 6003,0293 13779,119 14311,218 7758,395 7614,8174 8506,58 S 581,25366 7648,2856 18924,088 6281,2837 19045,162 2532,8547
1,9730003 B 6003,0293 13779,119 14311,218 7758,395 7614,8174 8506,58 S 581,25366 7648,2856 18924,088 6281,2837 19045,162 2532,8547
1,9729997 B 6003,0293 13779,119 14311,218 7758,395 7614,8174 8506,58 S 581,25366 7648,2856 18924,088 6281,2837 19045,162 2532,8547
1,9730003 B 6003,0293 13779,119 14311,218 7758,395 7614,8174 8506,58 S 581,25366 7648,2856 18924,088 6281,2837 19045,162 2532,8547
1,9730006 B 6003,0293 13779,119 14311,218 7758,395 7614,8174 8506,58 S 581,25366 7648,2856 18924,088 6281,2837 19045,162 2532,8547
1,973 B 6003,0293 13779,119 14311,218 7758,395 7614,8174 8506,58 S 581,25366 7648,2856 18924,088 6281,2837 19045,162 2532,8547
1,9729999 B 6003,0293 13779,119 14311,218 7758,395 7614,8174 8506,58 S 581,25366 7648,2856 18924,088 6281,2837 19045,162 2532,8547
1,9730006 B 6003,0293 13779,119 14311,218 7758,395 7614,8174 8506,58 S 581,25366 7648,2856 18924,088 6281,2837 19045,162 2532,8547
1,9730002 B 6003,0293 13779,119 14311,218 7758,395 7614,8174 8506,58 S 581,25366 7648,2856 18924,088 6281,2837 19045,162 2532,8547
1,9729997 B 6003,0293 13779,119 14311,218 7758,395 7614,8174 8506,58 S 581,25366 7648,2856 18924,088 6281,2837 19045,162 2532,8547
1,9730002 B 6003,0293 13779,119 14311,218 7758,395 7614,8174 8506,58 S 581,25366 7648,2856 18924,088 6281,2837 19045,162 2532,8547
1,973 B 6003,0293 13779,119 14311,218 7758,395 7614,8174 8506,58 S 581,25366 7648,2856 18924,088 6281,2837 19045,162 2532,8547
1,9730002 B 6003,0293 13779,119 14311,218 7758,395 7614,8174 8506,58 S 581,25366 7648,2856 18924,088 6281,2837 19045,162 2532,8547
1,973 B 6003,0293 13779,119 14311,218 7758,395 7614,8174 8506,58 S 581,25366 7648,2856 18924,088 6281,2837 19045,162 2532,8547
1,9729993 B 6003,0293 13779,119 14311,218 7758,395 7614,8174 8506,58 S 581,25366 7648,2856 18924,088 6281,2837 19045,162 2532,8547
1,973307 B 6003,0293 13779,119 14311,218 7758,395 7614,8174 8506,58 S 581,25366 7648,2856 18924,088 6281,2837 19045,162 2532,8547
1,9740005 B 6003,0293 13779,119 14311,218 7758,395 7614,8174 8506,58 S 581,25366 7648,2856 18924,088 6281,2837 19045,162 2532,8547
1,9740007 B 6003,0293 13779,119 14311,218 7758,395 7614,8174 8506,58 S 581,25366 7648,2856 18924,088 6281,2837 19045,162 2532,8547
1,9746095 B 6003,0293 13779,119 14311,218 7758,395 7614,8174 8506,58 S 581,25366 7648,2856 18924,088 6281,2837 19045,162 2532,8547
1,975 B 6003,0293 13779,119 14311,218 7758,395 7614,8174 8506,58 S 581,25366 7648,2856 18924,088 6281,2837 19045,162 2532,8547
1,9750001 B 6003,0293 13779,119 14311,218 7758,395 7614,8174 8506,58 S 581,25366 7648,2856 18924,088 6281,2837 19045,162 2532,8547
1,9750003 B 6003,0293 13779,119 14311,218 7758,395 7614,8174 8506,58 S 581,25366 7648,2856 18924,088 6281,2837 19045,162 2532,8547
1,9749999 B 6003,0293 13779,119 14311,218 7758,395 7614,8174 8506,58 S 581,25366 7648,2856 18924,088 6281,2837 19045,162 2532,8547
1,9749998 B 6003,0293 13779,119 14311,218 7758,395 7614,8174 8506,58 S 581,25366 7648,2856 18924,088 6281,2837 19045,162 2532,8547
1,9750004 B 6003,0293 13779,119 14311,218 7758,395 7614,8174 8506,58 S 581,25366 7648,2856 18924,088 6281,2837 19045,162 2532,8547
1,975 B 6003,0293 13779,119 14311,218 7758,395 7614,8174 8506,58 S 581,25366 7648,2856 18924,088 6281,2837 19045,162 2532,8547
1,9750001 B 6003,0293 13779,119 14311,218 7758,395 7614,8174 8506,58 S 581,25366 7648,2856 18924,088 6281,2837 19045,162 2532,8547
1,975 B 6003,0293 13779,119 14311,218 7758,395 7614,8174 8506,58 S 581,25366 7648,2856 18924,088 6281,2837 19045,162 2532,8547
1,9749999 B 6003,0293 13779,119 14311,218 7758,395 7614,8174 8506,58 S 581,25366 7648,2856 18924,088 6281,2837 19045,162 2532,8547
1,9750003 B 6003,0293 13779,119 14311,218 7758,395 7614,8174 8506,58 S 581,25366 7648,2856 18924,088 6281,2837 19045,162 2532,8547
1,9749998 B 6003,0293 13779,119 14311,218 7758,395 7614,8174 8506,58 S 581,25366 7648,2856 18924,088 6281,2837 19045,162 2532,8547
1,9750005 B 6003,0293 13779,119 14311,218 7758,395 7614,8174 8506,58 S 581,25366 7648,2856 18924,088 6281,2837 19045,162 2532,8547
1,9750007 B 6003,0293 13779,119 14311,218 7758,395 7614,8174 8506,58 S 581,25366 7648,2856 18924,088 6281,2837 19045,162 2532,8547
1,9750003 B 6003,0293 13779,119 14311,218 7758,395 7614,8174 8506,58 S 581,25366 7648,2856 18924,088 6281,2837 19045,162 2532,8547
1,9750001 B 6003,0293 13779,119 14311,218 7758,395 7614,8174 8506,58 S 581,25366 7648,2856 18924,088 6281,2837 19045,162 2532,8547
1,9749999 B 6003,0293 13779,119 14311,218 7758,395 7614,8174 8506,58 S 581,25366 7648,2856 18924,088 6281,2837 19045,162 2532,8547
1,9749998 B 6003,0293 13779,119 14311,218 7758,395 7614,8174 8506,58 S 581,25366 7648,2856 18924,088 6281,2837 19045,162 2532,8547
1,9749999 B 6003,0293 13779,119 14311,218 7758,395 7614,8174 8506,58 S 581,25366 7648,2856 18924,088 6281,2837 19045,162 2532,8547
1,9749995 B 6003,0293 13779,119 14311,218 7758,395 7614,8174 8506,58 S 581,25366 7648,2856 18924,088 6281,2837 19045,162 2532,8547
1,9749999 B 6003,0293 13779,119 14311,218 7758,395 7614,8174 8506,58 S 581,25366 7648,2856 18924,088 6281,2837 19045,162 2532,8547
1,9750003 B 6003,0293 13779,119 14311,218 7758,395 7614,8174 8506,58 S 581,25366 7648,2856 18924,088 6281,2837 19045,162 2532,8547
1,9749998 B 6003,0293 13779,119 14311,218 7758,395 7614,8174 8506,58 S 581,25366 7648,2856 18924,088 6281,2837 19045,162 2532,8547
1,9749999 B 6003,0293 13779,119 14311,218 7758,395 7614,8174 8506,58 S 581,25366 7648,2856 18924,088 6281,2837 19045,162 2532,8547
1,9750004 B 6003,0293 13779,119 14311,218 7758,395 7614,8174 8506,58 S 581,25366 7648,2856 18924,088 6281,2837 19045,162 2532,8547
1,9749999 B 6003,0293 13779,119 14311,218 7758,395 7614,8174 8506,58 S 581,25366 7648,2856 18924,088 6281,2837 19045,162 2532,8547
1,9750003 B 6003,0293 13779,119 14311,218 7758,395 7614,8174 8506,58 S 581,25366 7648,2856 18924,088 6281,2837 19045,162 2532,8547
1,9750001 B 6003,0293 13779,119 14311,218 7758,395 7614,8174 8506,58 S 581,25366 7648,2856 18924,088 6281,2837 19045,162 2532,8547
1,975 B 6003,0293 13779,119 14311,218 7758,395 7614,8174 8506,58 S 581,25366 7648,2856 18924,088 6281,2837 19045,162 2532,8547
1,9750004 B 6003,0293 13779,119 14311,218 7758,395 7614,8174 8506,58 S 581,25366 7648,2856 18924,088 6281,2837 19045,162 2532,8547
1,9749999 B 6003,0293 13779,119 14311,218 7758,395 7614,8174 8506,58 S 581,25366 7648,2856 18924,088 6281,2837 19045,162 2532,8547
1,9750001 B 6003,0293 13779,119 14311,218 7758,395 7614,8174 8506,58 S 581,25366 7648,2856 18924,088 6281,2837 19045,162 2532,8547
1,975 B 6003,0293 13779,119 14311,218 7758,395 7614,8174 8506,58 S 581,25366 7648,2856 18924,088 6281,2837 19045,162 2532,8547
1,9750005 B 6003,0293 13779,119 14311,218 7758,395 7614,8174 8506,58 S 581,25366 7648,2856 18924,088 6281,2837 19045,162 2532,8547
1,9750003 B 6003,0293 13779,119 14311,218 7758,395 7614,8174 8506,58 S 581,25366 7648,2856 18924,088 6281,2837 19045,162 2532,8547
1,9749999 B 6003,0293 13779,119 14311,218 7758,395 7614,8174 8506,58 S 581,25366 7648,2856 18924,088 6281,2837 19045,162 2532,8547
1,9750003 B 6003,0293 13779,119 14311,218 7758,395 7614,8174 8506,58 S 581,25366 7648,2856 18924,088 6281,2837 19045,162 2532,8547
1,9749997 B 6003,0293 13779,119 14311,218 7758,395 7614,8174 8506,58 S 581,25366 7648,2856 18924,088 6281,2837 19045,162 2532,8547
1,9750003 B 6003,0293 13779,119 14311,218 7758,395 7614,8174 8506,58 S 581,25366 7648,2856 18924,088 6281,2837 19045,162 2532,8547
1,9750004 B 6003,0293 13779,119 14311,218 7758,395 7614,8174 8506,58 S 581,25366 7648,2856 18924,088 6281,2837 19045,162 2532,8547
1,9749999 B 6003,0293 13779,119 14311,218 7758,395 7614,8174 8506,58 S 581,25366 7648,2856 18924,088 6281,2837 19045,162 2532,8547
1,9749998 B 6003,0293 13779,119 14311,218 7758,395 7614,8174 8506,58 S 581,25366 7648,2856 18924,088 6281,2837 19045,162 2532,8547
1,975 B 6003,0293 13779,119 14311,218 7758,395 7614,8174 8506,58 S 581,25366 7648,2856 18924,088 6281,2837 19045,162 2532,8547
1,9749999 B 6003,0293 13779,119 14311,218 7758,395 7614,8174 8506,58 S 581,25366 7648,2856 18924,088 6281,2837 19045,162 2532,8547
1,9749995 B 6003,0293 13779,119 14311,218 7758,395 7614,8174 8506,58 S 581,25366 7648,2856 18924,088 6281,2837 19045,162 2532,8547
1,975 B 6003,0293 13779,119 14311,218 7758,395 7614,8174 8506,58 S 581,25366 7648,2856 18924,088 6281,2837 19045,162 2532,8547
1,9749993 B 6003,0293 13779,119 14311,218 7758,395 7614,8174 8506,58 S 581,25366 7648,2856 18924,088 6281,2837 19045,162 2532,8547
1,9750005 B 6003,0293 13779,119 14311,218 7758,395 7614,8174 8506,58 S 581,25366 7648,2856 18924,088 6281,2837 19045,162 2532,8547
1,9749997 B 6003,0293 13779,119 14311,218 7758,395 7614,8174 8506,58 S 581,25366 7648,2856 18924,088 6281,2837 19045,162 2532,8547
1,9747448 B 6003,0293 13779,119 14311,218 7758,395 7614,8174 8506,58 S 581,25366 7648,2856 18924,088 6281,2837 19045,162 2532,8547
1,9739997 B 6003,0293 13779,119 14311,218 7758,395 7614,8174 8506,58 S 581,25366 7648,2856 18924,088 6281,2837 19045,162 2532,8547
1,9740007 B 6003,0293 13779,119 14311,218 7758,395 7614,8174 8506,58 S 581,25366 7648,2856 18924,088 6281,2837 19045,162 2532,8547
1,9740005 B 6003,0293 13779,119 14311,218 7758,395 7614,8174 8506,58 S 581,25366 7648,2856 18924,088 6281,2837 19045,162 2532,8547
1,9740001 B 6003,0293 13779,119 14311,218 7758,395 7614,8174 8506,58 S 581,25366 7648,2856 18924,088 6281,2837 19045,162 2532,8547
1,9740001 B 6003,0293 13779,119 14311,218 7758,395 7614,8174 8506,58 S 581,25366 7648,2856 18924,088 6281,2837 19045,162 2532,8547
1,9739999 B 6003,0293 13779,119 14311,218 7758,395 7614,8174 8506,58 S 581,25366 7648,2856 18924,088 6281,2837 19045,162 2532,8547
1,9740001 B 6003,0293 13779,119 14311,218 7758,395 7614,8174 8506,58 S 581,25366 7648,2856 18924,088 6281,2837 19045,162 2532,8547
1,9739999 B 6003,0293 13779,119 14311,218 7758,395 7614,8174 8506,58 S 581,25366 7648,2856 18924,088 6281,2837 19045,162 2532,8547
1,9739996 B 6003,0293 13779,119 14311,218 7758,395 7614,8174 8506,58 S 581,25366 7648,2856 18924,088 6281,2837 19045,162 2532,8547
1,9740006 B 6003,0293 13779,119 14311,218 7758,395 7614,8174 8506,58 S 581,25366 7648,2856 18924,088 6281,2837 19045,162 2532,8547
1,9739999 B 6003,0293 13779,119 14311,218 7758,395 7614,8174 8506,58 S 581,25366 7648,2856 18924,088 6281,2837 19045,162 2532,8547
1,9740007 B 6003,0293 13779,119 14311,218 7758,395 7614,8174 8506,58 S 581,25366 7648,2856 18924,088 6281,2837 19045,162 2532,8547
1,9740001 B 6003,0293 13779,119 14311,218 7758,395 7614,8174 8506,58 S 581,25366 7648,2856 18924,088 6281,2837 19045,162 2532,8547
1,9740005 B 6003,0293 13779,119 14311,218 7758,395 7614,8174 8506,58 S 581,25366 7648,2856 18924,088 6281,2837 19045,162 2532,8547
1,9740005 B 6003,0293 13779,119 14311,218 7758,395 7614,8174 8506,58 S 581,25366 7648,2856 18924,088 6281,2837 19045,162 2532,8547
1,9739996 B 6003,0293 13779,119 14311,218 7758,395 7614,8174 8506,58 S 581,25366 7648,2856 18924,088 6281,2837 19045,162 2532,8547
1,9740001 B 6003,0293 13779,119 14311,218 7758,395 7614,8174 8506,58 S 581,25366 7648,2856 18924,088 6281,2837 19045,162 2532,8547
1,9739999 B 6003,0293 13779,119 14311,218 7758,395 7614,8174 8506,58 S 581,25366 7648,2856 18924,088 6281,2837 19045,162 2532,8547
1,9740008 B 6003,0293 13779,119 14311,218 7758,395 7614,8174 8506,58 S 581,25366 7648,2856 18924,088 6281,2837 19045,162 2532,8547
1,9740006 B 6003,0293 13779,119 14311,218 7758,395 7614,8174 8506,58 S 581,25366 7648,2856 18924,088 6281,2837 19045,162 2532,8547
1,9740005 B 6003,0293 13779,119 14311,218 7758,395 7614,8174 8506,58 S 581,25366 7648,2856 18924,088 6281,2837 19045,162 2532,8547
1,9740001 B 6003,0293 13779,119 14311,218 7758,395 7614,8174 8506,58 S 581,25366 7648,2856 18924,088 6281,2837 19045,162 2532,8547
1,9740007 B 6003,0293 13779,119 14311,218 7758,395 7614,8174 8506,58 S 581,25366 7648,2856 18924,088 6281,2837 19045,162 2532,8547
1,9740001 B 6003,0293 13779,119 14311,218 7758,395 7614,8174 8506,58 S 581,25366 7648,2856 18924,088 6281,2837 19045,162 2532,8547
1,9739996 B 6003,0293 13779,119 14311,218 7758,395 7614,8174 8506,58 S 581,25366 7648,2856 18924,088 6281,2837 19045,162 2532,8547
1,9740002 B 6003,0293 13779,119 14311,218 7758,395 7614,8174 8506,58 S 581,25366 7648,2856 18924,088 6281,2837 19045,162 2532,8547
1,9740005 B 6003,0293 13779,119 14311,218 7758,395 7614,8174 8506,58 S 581,25366 7648,2856 18924,088 6281,2837 19045,162 2532,8547
1,9740001 B 6003,0293 13779,119 14311,218 7758,395 7614,8174 8506,58 S 581,25366 7648,2856 18924,088 6281,2837 19045,162 2532,8547
1,9740001 B 6003,0293 13779,119 14311,218 7758,395 7614,8174 8506,58 S 581,25366 7648,2856 18924,088 6281,2837 19045,162 2532,8547
1,9740003 B 6003,0293 13779,119 14311,218 7758,395 7614,8174 8506,58 S 581,25366 7648,2856 18924,088 6281,2837 19045,162 2532,8547
1,9739999 B 6003,0293 13779,119 14311,218 7758,395 7614,8174 8506,58 S 581,25366 7648,2856 18924,088 6281,2837 19045,162 2532,8547
1,9740002 B 6003,0293 13779,119 14311,218 7758,395 7614,8174 8506,58 S 581,25366 7648,2856 18924,088 6281,2837 19045,162 2532,8547
1,9740003 B 6003,0293 13779,119 14311,218 7758,395 7614,8174 8506,58 S 581,25366 7648,2856 18924,088 6281,2837 19045,162 2532,8547
1,9739997 B 6003,0293 13779,119 14311,218 7758,395 7614,8174 8506,58 S 581,25366 7648,2856 18924,088 6281,2837 19045,162 2532,8547
1,9739997 B 6003,0293 13779,119 14311,218 7758,395 7614,8174 8506,58 S 581,25366 7648,2856 18924,088 6281,2837 19045,162 2532,8547
1,9740001 B 6003,0293 13779,119 14311,218 7758,395 7614,8174 8506,58 S 581,25366 7648,2856 18924,088 6281,2837 19045,162 2532,8547
1,9739999 B 6003,0293 13779,119 14311,218 7758,395 7614,8174 8506,58 S 581,25366 7648,2856 18924,088 6281,2837 19045,162 2532,8547
1,9739995 B 6003,0293 13779,119 14311,218 7758,395 7614,8174 8506,58 S 581,25366 7648,2856 18924,088 6281,2837 19045,162 2532,8547
1,9740002 B 6003,0293 13779,119 14311,218 7758,395 7614,8174 8506,58 S 581,25366 7648,2856 18924,088 6281,2837 19045,162 2532,8547
1,9739997 B 6003,0293 13779,119 14311,218 7758,395 7614,8174 8506,58 S 581,25366 7648,2856 18924,088 6281,2837 19045,162 2532,8547
1,9740001 B 6003,0293 13779,119 14311,218 7758,395 7614,8174 8506,58 S 581,25366 7648,2856 18924,088 6281,2837 19045,162 2532,8547
1,9740007 B 6003,0293 13779,119 14311,218 7758,395 7614,8174 8506,58 S 581,25366 7648,2856 18924,088 6281,2837 19045,162 2532,8547
1,9740001 B 6003,0293 13779,119 14311,218 7758,395 7614,8174 8506,58 S 581,25366 7648,2856 18924,088 6281,2837 19045,162 2532,8547
1,9740002 B 6003,0293 13779,119 14311,218 7758,395 7614,8174 8506,58 S 581,25366 7648,2856 18924,088 6281,2837 19045,162 2532,8547
1,9739999 B 6003,0293 13779,119 14311,218 7758,395 7614,8174 8506,58 S 581,25366 7648,2856 18924,088 6281,2837 19045,162 2532,8547
1,9740003 B 6003,0293 13779,119 14311,218 7758,395 7614,8174 8506,58 S 581,25366 7648,2856 18924,088 6281,2837 19045,162 2532,8547
1,9739999 B 6003,0293 13779,119 14311,218 7758,395 7614,8174 8506,58 S 581,25366 7648,2856 18924,088 6281,2837 19045,162 2532,8547
1,9740001 B 6003,0293 13779,119 14311,218 7758,395 7614,8174 8506,58 S 581,25366 7648,2856 18924,088 6281,2837 19045,162 2532,8547
1,9740005 B 6003,0293 13779,119 14311,218 7758,395 7614,8174 8506,58 S 581,25366 7648,2856 18924,088 6281,2837 19045,162 2532,8547
1,9740003 B 6003,0293 13779,119 14311,218 7758,395 7614,8174 8506,58 S 581,25366 7648,2856 18924,088 6281,2837 19045,162 2532,8547
1,9739995 B 6003,0293 13779,119 14311,218 7758,395 7614,8174 8506,58 S 581,25366 7648,2856 18924,088 6281,2837 19045,162 2532,8547
1,9740006 B 6003,0293 13779,119 14311,218 7758,395 7614,8174 8506,58 S 581,25366 7648,2856 18924,088 6281,2837 19045,162 2532,8547
1,9740001 B 6003,0293 13779,119 14311,218 7758,395 7614,8174 8506,58 S 581,25366 7648,2856 18924,088 6281,2837 19045,162 2532,8547
1,9740005 B 6003,0293 13779,119 14311,218 7758,395 7614,8174 8506,58 S 581,25366 7648,2856 18924,088 6281,2837 19045,162 2532,8547
1,9740001 B 6003,0293 13779,119 14311,218 7758,395 7614,8174 8506,58 S 581,25366 7648,2856 18924,088 6281,2837 19045,162 2532,8547
1,9740003 B 6003,0293 13779,119 14311,218 7758,395 7614,8174 8506,58 S 581,25366 7648,2856 18924,088 6281,2837 19045,162 2532,8547
1,9740006 B 6003,0293 13779,119 14311,218 7758,395 7614,8174 8506,58 S 581,25366 7648,2856 18924,088 6281,2837 19045,162 2532,8547
1,9739995 B 6003,0293 13779,119 14311,218 7758,395 7614,8174 8506,58 S 581,25366 7648,2856 18924,088 6281,2837 19045,162 2532,8547
1,9739994 B 6003,0293 13779,119 14311,218 7758,395 7614,8174 8506,58 S 581,25366 7648,2856 18924,088 6281,2837 19045,162 2532,8547
1,9740002 B 6003,0293 13779,119 14311,218 7758,395 7614,8174 8506,58 S 581,25366 7648,2856 18924,088 6281,2837 19045,162 2532,8547
1,9747734 B 6003,0293 13779,119 14311,218 7758,395 7614,8174 8506,58 S 581,25366 7648,2856 18924,088 6281,2837 19045,162 2532,8547
1,9750003 B 6003,0293 13779,119 14311,218 7758,395 7614,8174 8506,58 S 581,25366 7648,2856 18924,088 6281,2837 19045,162 2532,8547
1,9749995 B 6003,0293 13779,119 14311,218 7758,395 7614,8174 8506,58 S 581,25366 7648,2856 18924,088 6281,2837 19045,162 2532,8547
1,9750001 B 6003,0293 13779,119 14311,218 7758,395 7614,8174 8506,58 S 581,25366 7648,2856 18924,088 6281,2837 19045,162 2532,8547
1,9749997 B 6003,0293 13779,119 14311,218 7758,395 7614,8174 8506,58 S 581,25366 7648,2856 18924,088 6281,2837 19045,162 2532,8547
1,9750005 B 6003,0293 13779,119 14311,218 7758,395 7614,8174 8506,58 S 581,25366 7648,2856 18924,088 6281,2837 19045,162 2532,8547
1,9752464 B 6003,0293 13779,119 14311,218 7758,395 7614,8174 8506,58 S 581,25366 7648,2856 18924,088 6281,2837 19045,162 2532,8547
1,9760007 B 6003,0293 13779,119 14311,218 7758,395 7614,8174 8506,58 S 581,25366 7648,2856 18924,088 6281,2837 19045,162 2532,8547
1,9760004 B 6003,0293 13779,119 14311,218 7758,395 7614,8174 8506,58 S 581,25366 7648,2856 18924,088 6281,2837 19045,162 2532,8547
1,9760003 B 6003,0293 13779,119 14311,218 7758,395 7614,8174 8506,58 S 581,25366 7648,2856 18924,088 6281,2837 19045,162 2532,8547
1,9760007 B 6003,0293 13779,119 14311,218 7758,395 7614,8174 8506,58 S 581,25366 7648,2856 18924,088 6281,2837 19045,162 2532,8547
1,9760003 B 6003,0293 13779,119 14311,218 7758,395 7614,8174 8506,58 S 581,25366 7648,2856 18924,088 6281,2837 19045,162 2532,8547
1,9760007 B 6003,0293 13779,119 14311,218 7758,395 7614,8174 8506,58 S 581,25366 7648,2856 18924,088 6281,2837 19045,162 2532,8547
1,9760002 B 6003,0293 13779,119 14311,218 7758,395 7614,8174 8506,58 S 581,25366 7648,2856 18924,088 6281,2837 19045,162 2532,8547
1,9760003 B 6003,0293 13779,119 14311,218 7758,395 7614,8174 8506,58 S 581,25366 7648,2856 18924,088 6281,2837 19045,162 2532,8547
1,9760003 B 6003,0293 13779,119 14311,218 7758,395 7614,8174 8506,58 S 581,25366 7648,2856 18924,088 6281,2837 19045,162 2532,8547
1,9760003 B 6003,0293 13779,119 14311,218 7758,395 7614,8174 8506,58 S 581,25366 7648,2856 18924,088 6281,2837 19045,162 2532,8547
1,9760002 B 6003,0293 13779,119 14311,218 7758,395 7614,8174 8506,58 S 581,25366 7648,2856 18924,088 6281,2837 19045,162 2532,8547
1,9760002 B 6003,0293 13779,119 14311,218 7758,395 7614,8174 8506,58 S 581,25366 7648,2856 18924,088 6281,2837 19045,162 2532,8547
1,9760004 B 6003,0293 13779,119 14311,218 7758,395 7614,8174 8506,58 S 581,25366 7648,2856 18924,088 6281,2837 19045,162 2532,8547
1,9760007 B 6003,0293 13779,119 14311,218 7758,395 7614,8174 8506,58 S 581,25366 7648,2856 18924,088 6281,2837 19045,162 2532,8547
1,9760003 B 6003,0293 13779,119 14311,218 7758,395 7614,8174 8506,58 S 581,25366 7648,2856 18924,088 6281,2837 19045,162 2532,8547
1,9760002 B 6003,0293 13779,119 14311,218 7758,395 7614,8174 8506,58 S 581,25366 7648,2856 18924,088 6281,2837 19045,162 2532,8547
1,9760009 B 6003,0293 13779,119 14311,218 7758,395 7614,8174 8506,58 S 581,25366 7648,2856 18924,088 6281,2837 19045,162 2532,8547
1,9760001 B 6003,0293 13779,119 14311,218 7758,395 7614,8174 8506,58 S 581,25366 7648,2856 18924,088 6281,2837 19045,162 2532,8547
1,9760001 B 6003,0293 13779,119 14311,218 7758,395 7614,8174 8506,58 S 581,25366 7648,2856 18924,088 6281,2837 19045,162 2532,8547
1,9760009 B 6003,0293 13779,119 14311,218 7758,395 7614,8174 8506,58 S 581,25366 7648,2856 18924,088 6281,2837 19045,162 2532,8547
1,9760005 B 6003,0293 13779,119 14311,218 7758,395 7614,8174 8506,58 S 581,25366 7648,2856 18924,088 6281,2837 19045,162 2532,8547
1,9760005 B 6003,0293 13779,119 14311,218 7758,395 7614,8174 8506,58 S 581,25366 7648,2856 18924,088 6281,2837 19045,162 2532,8547
1,9760009 B 6003,0293 13779,119 14311,218 7758,395 7614,8174 8506,58 S 581,25366 7648,2856 18924,088 6281,2837 19045,162 2532,8547
1,9760004 B 6003,0293 13779,119 14311,218 7758,395 7614,8174 8506,58 S 581,25366 7648,2856 18924,088 6281,2837 19045,162 2532,8547
1,9760003 B 6003,0293 13779,119 14311,218 7758,395 7614,8174 8506,58 S 581,25366 7648,2856 18924,088 6281,2837 19045,162 2532,8547
1,9760001 B 6003,0293 13779,119 14311,218 7758,395 7614,8174 8506,58 S 581,25366 7648,2856 18924,088 6281,2837 19045,162 2532,8547
1,9760007 B 6003,0293 13779,119 14311,218 7758,395 7614,8174 8506,58 S 581,25366 7648,2856 18924,088 6281,2837 19045,162 2532,8547
1,9760003 B 6003,0293 13779,119 14311,218 7758,395 7614,8174 8506,58 S 581,25366 7648,2856 18924,088 6281,2837 19045,162 2532,8547
1,9760003 B 6003,0293 13779,119 14311,218 7758,395 7614,8174 8506,58 S 581,25366 7648,2856 18924,088 6281,2837 19045,162 2532,8547
1,976001 B 6003,0293 13779,119 14311,218 7758,395 7614,8174 8506,58 S 581,25366 7648,2856 18924,088 6281,2837 19045,162 2532,8547
1,9760002 B 6003,0293 13779,119 14311,218 7758,395 7614,8174 8506,58 S 581,25366 7648,2856 18924,088 6281,2837 19045,162 2532,8547
1,9760007 B 6003,0293 13779,119 14311,218 7758,395 7614,8174 8506,58 S 581,25366 7648,2856 18924,088 6281,2837 19045,162 2532,8547
1,9760002 B 6003,0293 13779,119 14311,218 7758,395 7614,8174 8506,58 S 581,25366 7648,2856 18924,088 6281,2837 19045,162 2532,8547
1,9760004 B 6003,0293 13779,119 14311,218 7758,395 7614,8174 8506,58 S 581,25366 7648,2856 18924,088 6281,2837 19045,162 2532,8547
1,9760007 B 6003,0293 13779,119 14311,218 7758,395 7614,8174 8506,58 S 581,25366 7648,2856 18924,088 6281,2837 19045,162 2532,8547
1,9759998 B 6003,0293 13779,119 14311,218 7758,395 7614,8174 8506,58 S 581,25366 7648,2856 18924,088 6281,2837 19045,162 2532,8547
1,9760004 B 6003,0293 13779,119 14311,218 7758,395 7614,8174 8506,58 S 581,25366 7648,2856 18924,088 6281,2837 19045,162 2532,8547
1,9760003 B 6003,0293 13779,119 14311,218 7758,395 7614,8174 8506,58 S 581,25366 7648,2856 18924,088 6281,2837 19045,162 2532,8547
1,9760002 B 6003,0293 13779,119 14311,218 7758,395 7614,8174 8506,58 S 581,25366 7648,2856 18924,088 6281,2837 19045,162 2532,8547
1,976 B 6003,0293 13779,119 14311,218 7758,395 7614,8174 8506,58 S 581,25366 7648,2856 18924,088 6281,2837 19045,162 2532,8547
1,976001 B 6003,0293 13779,119 14311,218 7758,395 7614,8174 8506,58 S 581,25366 7648,2856 18924,088 6281,2837 19045,162 2532,8547
1,9760007 B 6003,0293 13779,119 14311,218 7758,395 7614,8174 8506,58 S 581,25366 7648,2856 18924,088 6281,2837 19045,162 2532,8547
1,9760007 B 6003,0293 13779,119 14311,218 7758,395 7614,8174 8506,58 S 581,25366 7648,2856 18924,088 6281,2837 19045,162 2532,8547
1,9760002 B 6003,0293 13779,119 14311,218 7758,395 7614,8174 8506,58 S 581,25366 7648,2856 18924,088 6281,2837 19045,162 2532,8547
1,9760002 B 6003,0293 13779,119 14311,218 7758,395 7614,8174 8506,58 S 581,25366 7648,2856 18924,088 6281,2837 19045,162 2532,8547
1,9760002 B 6003,0293 13779,119 14311,218 7758,395 7614,8174 8506,58 S 581,25366 7648,2856 18924,088 6281,2837 19045,162 2532,8547
1,9760002 B 6003,0293 13779,119 14311,218 7758,395 7614,8174 8506,58 S 581,25366 7648,2856 18924,088 6281,2837 19045,162 2532,8547
1,9760003 B 6003,0293 13779,119 14311,218 7758,395 7614,8174 8506,58 S 581,25366 7648,2856 18924,088 6281,2837 19045,162 2532,8547
1,9760001 B 6003,0293 13779,119 14311,218 7758,395 7614,8174 8506,58 S 581,25366 7648,2856 18924,088 6281,2837 19045,162 2532,8547
1,976 B 6003,0293 13779,119 14311,218 7758,395 7614,8174 8506,58 S 581,25366 7648,2856 18924,088 6281,2837 19045,162 2532,8547
1,9760004 B 6003,0293 13779,119 14311,218 7758,395 7614,8174 8506,58 S 581,25366 7648,2856 18924,088 6281,2837 19045,162 2532,8547
1,9760002 B 6003,0293 13779,119 14311,218 7758,395 7614,8174 8506,58 S 581,25366 7648,2856 18924,088 6281,2837 19045,162 2532,8547
1,9760002 B 6003,0293 13779,119 14311,218 7758,395 7614,8174 8506,58 S 581,25366 7648,2856 18924,088 6281,2837 19045,162 2532,8547
1,9760002 B 6003,0293 13779,119 14311,218 7758,395 7614,8174 8506,58 S 581,25366 7648,2856 18924,088 6281,2837 19045,162 2532,8547
1,9760005 B 6003,0293 13779,119 14311,218 7758,395 7614,8174 8506,58 S 581,25366 7648,2856 18924,088 6281,2837 19045,162 2532,8547
1,9760004 B 6003,0293 13779,119 14311,218 7758,395 7614,8174 8506,58 S 581,25366 7648,2856 18924,088 6281,2837 19045,162 2532,8547
1,976 B 6003,0293 13779,119 14311,218 7758,395 7614,8174 8506,58 S 581,25366 7648,2856 18924,088 6281,2837 19045,162 2532,8547
1,9760001 B 6003,0293 13779,119 14311,218 7758,395 7614,8174 8506,58 S 581,25366 7648,2856 18924,088 6281,2837 19045,162 2532,8547
1,9760003 B 6003,0293 13779,119 14311,218 7758,395 7614,8174 8506,58 S 581,25366 7648,2856 18924,088 6281,2837 19045,162 2532,8547
1,9760001 B 6003,0293 13779,119 14311,218 7758,395 7614,8174 8506,58 S 581,25366 7648,2856 18924,088 6281,2837 19045,162 2532,8547
1,9760009 B 6003,0293 13779,119 14311,218 7758,395 7614,8174 8506,58 S 581,25366 7648,2856 18924,088 6281,2837 19045,162 2532,8547
1,9760005 B 6003,0293 13779,119 14311,218 7758,395 7614,8174 8506,58 S 581,25366 7648,2856 18924,088 6281,2837 19045,162 2532,8547
1,9760003 B 6003,0293 13779,119 14311,218 7758,395 7614,8174 8506,58 S 581,25366 7648,2856 18924,088 6281,2837 19045,162 2532,8547
1,9760001 B 6003,0293 13779,119 14311,218 7758,395 7614,8174 8506,58 S 581,25366 7648,2856 18924,088 6281,2837 19045,162 2532,8547
1,9760002 B 6003,0293 13779,119 14311,218 7758,395 7614,8174 8506,58 S 581,25366 7648,2856 18924,088 6281,2837 19045,162 2532,8547
1,9760009 B 6003,0293 13779,119 14311,218 7758,395 7614,8174 8506,58 S 581,25366 7648,2856 18924,088 6281,2837 19045,162 2532,8547
1,976 B 6003,0293 13779,119 14311,218 7758,395 7614,8174 8506,58 S 581,25366 7648,2856 18924,088 6281,2837 19045,162 2532,8547
1,9759998 B 6003,0293 13779,119 14311,218 7758,395 7614,8174 8506,58 S 581,25366 7648,2856 18924,088 6281,2837 19045,162 2532,8547
1,9760001 B 6003,0293 13779,119 14311,218 7758,395 7614,8174 8506,58 S 581,25366 7648,2856 18924,088 6281,2837 19045,162 2532,8547
1,9760001 B 6003,0293 13779,119 14311,218 7758,395 7614,8174 8506,58 S 581,25366 7648,2856 18924,088 6281,2837 19045,162 2532,8547
1,9760001 B 6003,0293 13779,119 14311,218 7758,395 7614,8174 8506,58 S 581,25366 7648,2856 18924,088 6281,2837 19045,162 2532,8547
1,9759998 B 6003,0293 13779,119 14311,218 7758,395 7614,8174 8506,58 S 581,25366 7648,2856 18924,088 6281,2837 19045,162 2532,8547
1,9760003 B 6003,0293 13779,119 14311,218 7758,395 7614,8174 8506,58 S 581,25366 7648,2856 18924,088 6281,2837 19045,162 2532,8547
1,9760007 B 6003,0293 13779,119 14311,218 7758,395 7614,8174 8506,58 S 581,25366 7648,2856 18924,088 6281,2837 19045,162 2532,8547
1,9760005 B 6003,0293 13779,119 14311,218 7758,395 7614,8174 8506,58 S 581,25366 7648,2856 18924,088 6281,2837 19045,162 2532,8547
1,9760001 B 6003,0293 13779,119 14311,218 7758,395 7614,8174 8506,58 S 581,25366 7648,2856 18924,088 6281,2837 19045,162 2532,8547
1,9760007 B 6003,0293 13779,119 14311,218 7758,395 7614,8174 8506,58 S 581,25366 7648,2856 18924,088 6281,2837 19045,162 2532,8547
1,976 B 6003,0293 13779,119 14311,218 7758,395 7614,8174 8506,58 S 581,25366 7648,2856 18924,088 6281,2837 19045,162 2532,8547
1,9760002 B 6003,0293 13779,119 14311,218 7758,395 7614,8174 8506,58 S 581,25366 7648,2856 18924,088 6281,2837 19045,162 2532,8547
1,9760002 B 6003,0293 13779,119 14311,218 7758,395 7614,8174 8506,58 S 581,25366 7648,2856 18924,088 6281,2837 19045,162 2532,8547
1,9760003 B 6003,0293 13779,119 14311,218 7758,395 7614,8174 8506,58 S 581,25366 7648,2856 18924,088 6281,2837 19045,162 2532,8547
1,9759998 B 6003,0293 13779,119 14311,218 7758,395 7614,8174 8506,58 S 581,25366 7648,2856 18924,088 6281,2837 19045,162 2532,8547
1,9760005 B 6003,0293 13779,119 14311,218 7758,395 7614,8174 8506,58 S 581,25366 7648,2856 18924,088 6281,2837 19045,162 2532,8547
1,9760005 B 6003,0293 13779,119 14311,218 7758,395 7614,8174 8506,58 S 581,25366 7648,2856 18924,088 6281,2837 19045,162 2532,8547
1,9760005 B 6003,0293 13779,119 14311,218 7758,395 7614,8174 8506,58 S 581,25366 7648,2856 18924,088 6281,2837 19045,162 2532,8547
1,9760001 B 6003,0293 13779,119 14311,218 7758,395 7614,8174 8506,58 S 581,25366 7648,2856 18924,088 6281,2837 19045,162 2532,8547
1,9760001 B 6003,0293 13779,119 14311,218 7758,395 7614,8174 8506,58 S 581,25366 7648,2856 18924,088 6281,2837 19045,162 2532,8547
1,9760002 B 6003,0293 13779,119 14311,218 7758,395 7614,8174 8506,58 S 581,25366 7648,2856 18924,088 6281,2837 19045,162 2532,8547
