1,9755332
1,9760003 B 827,5004 6420,357 13379,458 17841,135 15134,592 2248,0798 S 4721,8076 7822,599 13394,113 14708,453 10901,081 8137,5303
1,9759997 B 827,5004 6420,357 13379,458 17841,135 15134,592 2248,0798 S 4721,8076 7822,599 13394,113 14708,453 10901,081 8137,5303
1,9757763 B 827,5004 6420,357 13379,458 17841,135 15134,592 2248,0798 S 4721,8076 7822,599 13394,113 14708,453 10901,081 8137,5303
1,9739995 B 827,5004 6420,357 13379,458 17841,135 15134,592 2248,0798 S 4721,8076 7822,599 13394,113 14708,453 10901,081 8137,5303
1,9739996 B 827,5004 6420,357 13379,458 17841,135 15134,592 2248,0798 S 4721,8076 7822,599 13394,113 14708,453 10901,081 8137,5303
1,9740003 B 827,5004 6420,357 13379,458 17841,135 15134,592 2248,0798 S 4721,8076 7822,599 13394,113 14708,453 10901,081 8137,5303
1,9739999 B 827,5004 6420,357 13379,458 17841,135 15134,592 2248,0798 S 4721,8076 7822,599 13394,113 14708,453 10901,081 8137,5303
1,9740002 B 827,5004 6420,357 13379,458 17841,135 15134,592 2248,0798 S 4721,8076 7822,599 13394,113 14708,453 10901,081 8137,5303
1,9740005 B 827,5004 6420,357 13379,458 17841,135 15134,592 2248,0798 S 4721,8076 7822,599 13394,113 14708,453 10901,081 8137,5303
1,9740001 B 827,5004 6420,357 13379,458 17841,135 15134,592 2248,0798 S 4721,8076 7822,599 13394,113 14708,453 10901,081 8137,5303
1,9740002 B 827,5004 6420,357 13379,458 17841,135 15134,592 2248,0798 S 4721,8076 7822,599 13394,113 14708,453 10901,081 8137,5303
1,9740003 B 827,5004 6420,357 13379,458 17841,135 15134,592 2248,0798 S 4721,8076 7822,599 13394,113 14708,453 10901,081 8137,5303
1,9742873 B 827,5004 6420,357 13379,458 17841,135 15134,592 2248,0798 S 4721,8076 7822,599 13394,113 14708,453 10901,081 8137,5303
1,9750001 B 827,5004 6420,357 13379,458 17841,135 15134,592 2248,0798 S 4721,8076 7822,599 13394,113 14708,453 10901,081 8137,5303
1,9749999 B 827,5004 6420,357 13379,458 17841,135 15134,592 2248,0798 S 4721,8076 7822,599 13394,113 14708,453 10901,081 8137,5303
1,9750001 B 827,5004 6420,357 13379,458 17841,135 15134,592 2248,0798 S 4721,8076 7822,599 13394,113 14708,453 10901,081 8137,5303
1,9749995 B 827,5004 6420,357 13379,458 17841,135 15134,592 2248,0798 S 4721,8076 7822,599 13394,113 14708,453 10901,081 8137,5303
1,9749999 B 827,5004 6420,357 13379,458 17841,135 15134,592 2248,0798 S 4721,8076 7822,599 13394,113 14708,453 10901,081 8137,5303
1,9750003 B 827,5004 6420,357 13379,458 17841,135 15134,592 2248,0798 S 4721,8076 7822,599 13394,113 14708,453 10901,081 8137,5303
1,9749999 B 827,5004 6420,357 13379,458 17841,135 15134,592 2248,0798 S 4721,8076 7822,599 13394,113 14708,453 10901,081 8137,5303
1,9749998 B 827,5004 6420,357 13379,458 17841,135 15134,592 2248,0798 S 4721,8076 7822,599 13394,113 14708,453 10901,081 8137,5303
1,9750003 B 827,5004 6420,357 13379,458 17841,135 15134,592 2248,0798 S 4721,8076 7822,599 13394,113 14708,453 10901,081 8137,5303
1,9750009 B 827,5004 6420,357 13379,458 17841,135 15134,592 2248,0798 S 4721,8076 7822,599 13394,113 14708,453 10901,081 8137,5303
1,974644 B 827,5004 6420,357 13379,458 17841,135 15134,592 2248,0798 S 4721,8076 7822,599 13394,113 14708,453 10901,081 8137,5303
1,9740003 B 827,5004 6420,357 13379,458 17841,135 15134,592 2248,0798 S 4721,8076 7822,599 13394,113 14708,453 10901,081 8137,5303
1,9739997 B 827,5004 6420,357 13379,458 17841,135 15134,592 2248,0798 S 4721,8076 7822,599 13394,113 14708,453 10901,081 8137,5303
1,9740006 B 827,5004 6420,357 13379,458 17841,135 15134,592 2248,0798 S 4721,8076 7822,599 13394,113 14708,453 10901,081 8137,5303
1,9740008 B 827,5004 6420,357 13379,458 17841,135 15134,592 2248,0798 S 4721,8076 7822,599 13394,113 14708,453 10901,081 8137,5303
1,9740003 B 827,5004 6420,357 13379,458 17841,135 15134,592 2248,0798 S 4721,8076 7822,599 13394,113 14708,453 10901,081 8137,5303
1,9740006 B 827,5004 6420,357 13379,458 17841,135 15134,592 2248,0798 S 4721,8076 7822,599 13394,113 14708,453 10901,081 8137,5303
1,9739999 B 827,5004 6420,357 13379,458 17841,135 15134,592 2248,0798 S 4721,8076 7822,599 13394,113 14708,453 10901,081 8137,5303
1,9740003 B 827,5004 6420,357 13379,458 17841,135 15134,592 2248,0798 S 4721,8076 7822,599 13394,113 14708,453 10901,081 8137,5303
1,9740002 B 827,5004 6420,357 13379,458 17841,135 15134,592 2248,0798 S 4721,8076 7822,599 13394,113 14708,453 10901,081 8137,5303
1,9740007 B 827,5004 6420,357 13379,458 17841,135 15134,592 2248,0798 S 4721,8076 7822,599 13394,113 14708,453 10901,081 8137,5303
1,9740001 B 827,5004 6420,357 13379,458 17841,135 15134,592 2248,0798 S 4721,8076 7822,599 13394,113 14708,453 10901,081 8137,5303
1,9740001 B 827,5004 6420,357 13379,458 17841,135 15134,592 2248,0798 S 4721,8076 7822,599 13394,113 14708,453 10901,081 8137,5303
1,9739999 B 827,5004 6420,357 13379,458 17841,135 15134,592 2248,0798 S 4721,8076 7822,599 13394,113 14708,453 10901,081 8137,5303
1,9739997 B 827,5004 6420,357 13379,458 17841,135 15134,592 2248,0798 S 4721,8076 7822,599 13394,113 14708,453 10901,081 8137,5303
1,9740007 B 827,5004 6420,357 13379,458 17841,135 15134,592 2248,0798 S 4721,8076 7822,599 13394,113 14708,453 10901,081 8137,5303
1,9740002 B 827,5004 6420,357 13379,458 17841,135 15134,592 2248,0798 S 4721,8076 7822,599 13394,113 14708,453 10901,081 8137,5303
1,9740002 B 827,5004 6420,357 13379,458 17841,135 15134,592 2248,0798 S 4721,8076 7822,599 13394,113 14708,453 10901,081 8137,5303
1,9740001 B 827,5004 6420,357 13379,458 17841,135 15134,592 2248,0798 S 4721,8076 7822,599 13394,113 14708,453 10901,081 8137,5303
1,9740005 B 827,5004 6420,357 13379,458 17841,135 15134,592 2248,0798 S 4721,8076 7822,599 13394,113 14708,453 10901,081 8137,5303
1,9740001 B 827,5004 6420,357 13379,458 17841,135 15134,592 2248,0798 S 4721,8076 7822,599 13394,113 14708,453 10901,081 8137,5303
1,9743335 B 827,5004 6420,357 13379,458 17841,135 15134,592 2248,0798 S 4721,8076 7822,599 13394,113 14708,453 10901,081 8137,5303
1,975 B 827,5004 6420,357 13379,458 17841,135 15134,592 2248,0798 S 4721,8076 7822,599 13394,113 14708,453 10901,081 8137,5303
1,9750001 B 827,5004 6420,357 13379,458 17841,135 15134,592 2248,0798 S 4721,8076 7822,599 13394,113 14708,453 10901,081 8137,5303
1,975 B 827,5004 6420,357 13379,458 17841,135 15134,592 2248,0798 S 4721,8076 7822,599 13394,113 14708,453 10901,081 8137,5303
1,9745803 B 827,5004 6420,357 13379,458 17841,135 15134,592 2248,0798 S 4721,8076 7822,599 13394,113 14708,453 10901,081 8137,5303
1,9739997 B 827,5004 6420,357 13379,458 17841,135 15134,592 2248,0798 S 4721,8076 7822,599 13394,113 14708,453 10901,081 8137,5303
1,9739997 B 827,5004 6420,357 13379,458 17841,135 15134,592 2248,0798 S 4721,8076 7822,599 13394,113 14708,453 10901,081 8137,5303
1,9739996 B 827,5004 6420,357 13379,458 17841,135 15134,592 2248,0798 S 4721,8076 7822,599 13394,113 14708,453 10901,081 8137,5303
1,9740005 B 827,5004 6420,357 13379,458 17841,135 15134,592 2248,0798 S 4721,8076 7822,599 13394,113 14708,453 10901,081 8137,5303
1,9740003 B 827,5004 6420,357 13379,458 17841,135 15134,592 2248,0798 S 4721,8076 7822,599 13394,113 14708,453 10901,081 8137,5303
1,9740003 B 827,5004 6420,357 13379,458 17841,135 15134,592 2248,0798 S 4721,8076 7822,599 13394,113 14708,453 10901,081 8137,5303
1,9740005 B 827,5004 6420,357 13379,458 17841,135 15134,592 2248,0798 S 4721,8076 7822,599 13394,113 14708,453 10901,081 8137,5303
1,9740006 B 827,5004 6420,357 13379,458 17841,135 15134,592 2248,0798 S 4721,8076 7822,599 13394,113 14708,453 10901,081 8137,5303
1,9739999 B 827,5004 6420,357 13379,458 17841,135 15134,592 2248,0798 S 4721,8076 7822,599 13394,113 14708,453 10901,081 8137,5303
1,9740001 B 827,5004 6420,357 13379,458 17841,135 15134,592 2248,0798 S 4721,8076 7822,599 13394,113 14708,453 10901,081 8137,5303
1,9740002 B 827,5004 6420,357 13379,458 17841,135 15134,592 2248,0798 S 4721,8076 7822,599 13394,113 14708,453 10901,081 8137,5303
1,9740006 B 827,5004 6420,357 13379,458 17841,135 15134,592 2248,0798 S 4721,8076 7822,599 13394,113 14708,453 10901,081 8137,5303
1,9740001 B 827,5004 6420,357 13379,458 17841,135 15134,592 2248,0798 S 4721,8076 7822,599 13394,113 14708,453 10901,081 8137,5303
1,9739995 B 827,5004 6420,357 13379,458 17841,135 15134,592 2248,0798 S 4721,8076 7822,599 13394,113 14708,453 10901,081 8137,5303
1,9739999 B 827,5004 6420,357 13379,458 17841,135 15134,592 2248,0798 S 4721,8076 7822,599 13394,113 14708,453 10901,081 8137,5303
1,9739999 B 827,5004 6420,357 13379,458 17841,135 15134,592 2248,0798 S 4721,8076 7822,599 13394,113 14708,453 10901,081 8137,5303
1,9740002 B 827,5004 6420,357 13379,458 17841,135 15134,592 2248,0798 S 4721,8076 7822,599 13394,113 14708,453 10901,081 8137,5303
1,9740001 B 827,5004 6420,357 13379,458 17841,135 15134,592 2248,0798 S 4721,8076 7822,599 13394,113 14708,453 10901,081 8137,5303
1,9740005 B 827,5004 6420,357 13379,458 17841,135 15134,592 2248,0798 S 4721,8076 7822,599 13394,113 14708,453 10901,081 8137,5303
1,9740001 B 827,5004 6420,357 13379,458 17841,135 15134,592 2248,0798 S 4721,8076 7822,599 13394,113 14708,453 10901,081 8137,5303
1,9740005 B 827,5004 6420,357 13379,458 17841,135 15134,592 2248,0798 S 4721,8076 7822,599 13394,113 14708,453 10901,081 8137,5303
1,9740006 B 827,5004 6420,357 13379,458 17841,135 15134,592 2248,0798 S 4721,8076 7822,599 13394,113 14708,453 10901,081 8137,5303
1,9739995 B 827,5004 6420,357 13379,458 17841,135 15134,592 2248,0798 S 4721,8076 7822,599 13394,113 14708,453 10901,081 8137,5303
1,9739997 B 827,5004 6420,357 13379,458 17841,135 15134,592 2248,0798 S 4721,8076 7822,599 13394,113 14708,453 10901,081 8137,5303
1,9740005 B 827,5004 6420,357 13379,458 17841,135 15134,592 2248,0798 S 4721,8076 7822,599 13394,113 14708,453 10901,081 8137,5303
1,9740006 B 827,5004 6420,357 13379,458 17841,135 15134,592 2248,0798 S 4721,8076 7822,599 13394,113 14708,453 10901,081 8137,5303
1,9739999 B 827,5004 6420,357 13379,458 17841,135 15134,592 2248,0798 S 4721,8076 7822,599 13394,113 14708,453 10901,081 8137,5303
1,9743612 B 827,5004 6420,357 13379,458 17841,135 15134,592 2248,0798 S 4721,8076 7822,599 13394,113 14708,453 10901,081 8137,5303
1,9770007 B 827,5004 6420,357 13379,458 17841,135 15134,592 2248,0798 S 4721,8076 7822,599 13394,113 14708,453 10901,081 8137,5303
1,9769996 B 827,5004 6420,357 13379,458 17841,135 15134,592 2248,0798 S 4721,8076 7822,599 13394,113 14708,453 10901,081 8137,5303
1,9769996 B 827,5004 6420,357 13379,458 17841,135 15134,592 2248,0798 S 4721,8076 7822,599 13394,113 14708,453 10901,081 8137,5303
1,9770001 B 827,5004 6420,357 13379,458 17841,135 15134,592 2248,0798 S 4721,8076 7822,599 13394,113 14708,453 10901,081 8137,5303
1,9769999 B 827,5004 6420,357 13379,458 17841,135 15134,592 2248,0798 S 4721,8076 7822,599 13394,113 14708,453 10901,081 8137,5303
1,977 B 827,5004 6420,357 13379,458 17841,135 15134,592 2248,0798 S 4721,8076 7822,599 13394,113 14708,453 10901,081 8137,5303
1,9769996 B 827,5004 6420,357 13379,458 17841,135 15134,592 2248,0798 S 4721,8076 7822,599 13394,113 14708,453 10901,081 8137,5303
1,9769999 B 827,5004 6420,357 13379,458 17841,135 15134,592 2248,0798 S 4721,8076 7822,599 13394,113 14708,453 10901,081 8137,5303
1,9770006 B 827,5004 6420,357 13379,458 17841,135 15134,592 2248,0798 S 4721,8076 7822,599 13394,113 14708,453 10901,081 8137,5303
1,9770004 B 827,5004 6420,357 13379,458 17841,135 15134,592 2248,0798 S 4721,8076 7822,599 13394,113 14708,453 10901,081 8137,5303
1,9770342 B 827,5004 6420,357 13379,458 17841,135 15134,592 2248,0798 S 4721,8076 7822,599 13394,113 14708,453 10901,081 8137,5303
1,9779999 B 827,5004 6420,357 13379,458 17841,135 15134,592 2248,0798 S 4721,8076 7822,599 13394,113 14708,453 10901,081 8137,5303
1,978 B 827,5004 6420,357 13379,458 17841,135 15134,592 2248,0798 S 4721,8076 7822,599 13394,113 14708,453 10901,081 8137,5303
1,978 B 827,5004 6420,357 13379,458 17841,135 15134,592 2248,0798 S 4721,8076 7822,599 13394,113 14708,453 10901,081 8137,5303
1,9779993 B 827,5004 6420,357 13379,458 17841,135 15134,592 2248,0798 S 4721,8076 7822,599 13394,113 14708,453 10901,081 8137,5303
1,9780002 B 827,5004 6420,357 13379,458 17841,135 15134,592 2248,0798 S 4721,8076 7822,599 13394,113 14708,453 10901,081 8137,5303
1,978 B 827,5004 6420,357 13379,458 17841,135 15134,592 2248,0798 S 4721,8076 7822,599 13394,113 14708,453 10901,081 8137,5303
1,9779994 B 827,5004 6420,357 13379,458 17841,135 15134,592 2248,0798 S 4721,8076 7822,599 13394,113 14708,453 10901,081 8137,5303
1,9779999 B 827,5004 6420,357 13379,458 17841,135 15134,592 2248,0798 S 4721,8076 7822,599 13394,113 14708,453 10901,081 8137,5303
1,9780002 B 827,5004 6420,357 13379,458 17841,135 15134,592 2248,0798 S 4721,8076 7822,599 13394,113 14708,453 10901,081 8137,5303
1,9779998 B 827,5004 6420,357 13379,458 17841,135 15134,592 2248,0798 S 4721,8076 7822,599 13394,113 14708,453 10901,081 8137,5303
1,9780003 B 827,5004 6420,357 13379,458 17841,135 15134,592 2248,0798 S 4721,8076 7822,599 13394,113 14708,453 10901,081 8137,5303
1,9780005 B 827,5004 6420,357 13379,458 17841,135 15134,592 2248,0798 S 4721,8076 7822,599 13394,113 14708,453 10901,081 8137,5303
1,978 B 827,5004 6420,357 13379,458 17841,135 15134,592 2248,0798 S 4721,8076 7822,599 13394,113 14708,453 10901,081 8137,5303
1,9780002 B 827,5004 6420,357 13379,458 17841,135 15134,592 2248,0798 S 4721,8076 7822,599 13394,113 14708,453 10901,081 8137,5303
1,9779999 B 827,5004 6420,357 13379,458 17841,135 15134,592 2248,0798 S 4721,8076 7822,599 13394,113 14708,453 10901,081 8137,5303
1,978 B 827,5004 6420,357 13379,458 17841,135 15134,592 2248,0798 S 4721,8076 7822,599 13394,113 14708,453 10901,081 8137,5303
1,9779991 B 827,5004 6420,357 13379,458 17841,135 15134,592 2248,0798 S 4721,8076 7822,599 13394,113 14708,453 10901,081 8137,5303
1,9780003 B 827,5004 6420,357 13379,458 17841,135 15134,592 2248,0798 S 4721,8076 7822,599 13394,113 14708,453 10901,081 8137,5303
1,9780004 B 827,5004 6420,357 13379,458 17841,135 15134,592 2248,0798 S 4721,8076 7822,599 13394,113 14708,453 10901,081 8137,5303
1,9780005 B 827,5004 6420,357 13379,458 17841,135 15134,592 2248,0798 S 4721,8076 7822,599 13394,113 14708,453 10901,081 8137,5303
1,9779999 B 827,5004 6420,357 13379,458 17841,135 15134,592 2248,0798 S 4721,8076 7822,599 13394,113 14708,453 10901,081 8137,5303
1,9780006 B 827,5004 6420,357 13379,458 17841,135 15134,592 2248,0798 S 4721,8076 7822,599 13394,113 14708,453 10901,081 8137,5303
1,978 B 827,5004 6420,357 13379,458 17841,135 15134,592 2248,0798 S 4721,8076 7822,599 13394,113 14708,453 10901,081 8137,5303
1,9780006 B 827,5004 6420,357 13379,458 17841,135 15134,592 2248,0798 S 4721,8076 7822,599 13394,113 14708,453 10901,081 8137,5303
1,9779994 B 827,5004 6420,357 13379,458 17841,135 15134,592 2248,0798 S 4721,8076 7822,599 13394,113 14708,453 10901,081 8137,5303
1,9780005 B 827,5004 6420,357 13379,458 17841,135 15134,592 2248,0798 S 4721,8076 7822,599 13394,113 14708,453 10901,081 8137,5303
1,9779999 B 827,5004 6420,357 13379,458 17841,135 15134,592 2248,0798 S 4721,8076 7822,599 13394,113 14708,453 10901,081 8137,5303
1,9780003 B 827,5004 6420,357 13379,458 17841,135 15134,592 2248,0798 S 4721,8076 7822,599 13394,113 14708,453 10901,081 8137,5303
1,9779994 B 827,5004 6420,357 13379,458 17841,135 15134,592 2248,0798 S 4721,8076 7822,599 13394,113 14708,453 10901,081 8137,5303
1,9780002 B 827,5004 6420,357 13379,458 17841,135 15134,592 2248,0798 S 4721,8076 7822,599 13394,113 14708,453 10901,081 8137,5303
1,9779999 B 827,5004 6420,357 13379,458 17841,135 15134,592 2248,0798 S 4721,8076 7822,599 13394,113 14708,453 10901,081 8137,5303
1,978 B 827,5004 6420,357 13379,458 17841,135 15134,592 2248,0798 S 4721,8076 7822,599 13394,113 14708,453 10901,081 8137,5303
1,9779996 B 827,5004 6420,357 13379,458 17841,135 15134,592 2248,0798 S 4721,8076 7822,599 13394,113 14708,453 10901,081 8137,5303
1,9780002 B 827,5004 6420,357 13379,458 17841,135 15134,592 2248,0798 S 4721,8076 7822,599 13394,113 14708,453 10901,081 8137,5303
1,9779999 B 827,5004 6420,357 13379,458 17841,135 15134,592 2248,0798 S 4721,8076 7822,599 13394,113 14708,453 10901,081 8137,5303
1,9780004 B 827,5004 6420,357 13379,458 17841,135 15134,592 2248,0798 S 4721,8076 7822,599 13394,113 14708,453 10901,081 8137,5303
1,978 B 827,5004 6420,357 13379,458 17841,135 15134,592 2248,0798 S 4721,8076 7822,599 13394,113 14708,453 10901,081 8137,5303
1,9780008 B 827,5004 6420,357 13379,458 17841,135 15134,592 2248,0798 S 4721,8076 7822,599 13394,113 14708,453 10901,081 8137,5303
1,9779991 B 827,5004 6420,357 13379,458 17841,135 15134,592 2248,0798 S 4721,8076 7822,599 13394,113 14708,453 10901,081 8137,5303
1,9780006 B 827,5004 6420,357 13379,458 17841,135 15134,592 2248,0798 S 4721,8076 7822,599 13394,113 14708,453 10901,081 8137,5303
1,9780002 B 827,5004 6420,357 13379,458 17841,135 15134,592 2248,0798 S 4721,8076 7822,599 13394,113 14708,453 10901,081 8137,5303
1,978 B 827,5004 6420,357 13379,458 17841,135 15134,592 2248,0798 S 4721,8076 7822,599 13394,113 14708,453 10901,081 8137,5303
1,9780006 B 827,5004 6420,357 13379,458 17841,135 15134,592 2248,0798 S 4721,8076 7822,599 13394,113 14708,453 10901,081 8137,5303
1,9780006 B 827,5004 6420,357 13379,458 17841,135 15134,592 2248,0798 S 4721,8076 7822,599 13394,113 14708,453 10901,081 8137,5303
1,9761517 B 827,5004 6420,357 13379,458 17841,135 15134,592 2248,0798 S 4721,8076 7822,599 13394,113 14708,453 10901,081 8137,5303
1,975 B 827,5004 6420,357 13379,458 17841,135 15134,592 2248,0798 S 4721,8076 7822,599 13394,113 14708,453 10901,081 8137,5303
1,9750003 B 827,5004 6420,357 13379,458 17841,135 15134,592 2248,0798 S 4721,8076 7822,599 13394,113 14708,453 10901,081 8137,5303
1,9750003 B 827,5004 6420,357 13379,458 17841,135 15134,592 2248,0798 S 4721,8076 7822,599 13394,113 14708,453 10901,081 8137,5303
1,9750007 B 827,5004 6420,357 13379,458 17841,135 15134,592 2248,0798 S 4721,8076 7822,599 13394,113 14708,453 10901,081 8137,5303
1,9750001 B 827,5004 6420,357 13379,458 17841,135 15134,592 2248,0798 S 4721,8076 7822,599 13394,113 14708,453 10901,081 8137,5303
1,9750003 B 827,5004 6420,357 13379,458 17841,135 15134,592 2248,0798 S 4721,8076 7822,599 13394,113 14708,453 10901,081 8137,5303
1,9750005 B 827,5004 6420,357 13379,458 17841,135 15134,592 2248,0798 S 4721,8076 7822,599 13394,113 14708,453 10901,081 8137,5303
1,9750001 B 827,5004 6420,357 13379,458 17841,135 15134,592 2248,0798 S 4721,8076 7822,599 13394,113 14708,453 10901,081 8137,5303
1,9750004 B 827,5004 6420,357 13379,458 17841,135 15134,592 2248,0798 S 4721,8076 7822,599 13394,113 14708,453 10901,081 8137,5303
1,9750001 B 827,5004 6420,357 13379,458 17841,135 15134,592 2248,0798 S 4721,8076 7822,599 13394,113 14708,453 10901,081 8137,5303
1,9749995 B 827,5004 6420,357 13379,458 17841,135 15134,592 2248,0798 S 4721,8076 7822,599 13394,113 14708,453 10901,081 8137,5303
1,975 B 827,5004 6420,357 13379,458 17841,135 15134,592 2248,0798 S 4721,8076 7822,599 13394,113 14708,453 10901,081 8137,5303
1,975 B 827,5004 6420,357 13379,458 17841,135 15134,592 2248,0798 S 4721,8076 7822,599 13394,113 14708,453 10901,081 8137,5303
1,9750001 B 827,5004 6420,357 13379,458 17841,135 15134,592 2248,0798 S 4721,8076 7822,599 13394,113 14708,453 10901,081 8137,5303
1,975 B 827,5004 6420,357 13379,458 17841,135 15134,592 2248,0798 S 4721,8076 7822,599 13394,113 14708,453 10901,081 8137,5303
1,9750005 B 827,5004 6420,357 13379,458 17841,135 15134,592 2248,0798 S 4721,8076 7822,599 13394,113 14708,453 10901,081 8137,5303
1,9750005 B 827,5004 6420,357 13379,458 17841,135 15134,592 2248,0798 S 4721,8076 7822,599 13394,113 14708,453 10901,081 8137,5303
1,9750007 B 827,5004 6420,357 13379,458 17841,135 15134,592 2248,0798 S 4721,8076 7822,599 13394,113 14708,453 10901,081 8137,5303
1,9750004 B 827,5004 6420,357 13379,458 17841,135 15134,592 2248,0798 S 4721,8076 7822,599 13394,113 14708,453 10901,081 8137,5303
1,9749999 B 827,5004 6420,357 13379,458 17841,135 15134,592 2248,0798 S 4721,8076 7822,599 13394,113 14708,453 10901,081 8137,5303
1,9750007 B 827,5004 6420,357 13379,458 17841,135 15134,592 2248,0798 S 4721,8076 7822,599 13394,113 14708,453 10901,081 8137,5303
1,975 B 827,5004 6420,357 13379,458 17841,135 15134,592 2248,0798 S 4721,8076 7822,599 13394,113 14708,453 10901,081 8137,5303
1,975 B 827,5004 6420,357 13379,458 17841,135 15134,592 2248,0798 S 4721,8076 7822,599 13394,113 14708,453 10901,081 8137,5303
1,975 B 827,5004 6420,357 13379,458 17841,135 15134,592 2248,0798 S 4721,8076 7822,599 13394,113 14708,453 10901,081 8137,5303
1,9750001 B 827,5004 6420,357 13379,458 17841,135 15134,592 2248,0798 S 4721,8076 7822,599 13394,113 14708,453 10901,081 8137,5303
1,9764342 B 827,5004 6420,357 13379,458 17841,135 15134,592 2248,0798 S 4721,8076 7822,599 13394,113 14708,453 10901,081 8137,5303
1,9779994 B 827,5004 6420,357 13379,458 17841,135 15134,592 2248,0798 S 4721,8076 7822,599 13394,113 14708,453 10901,081 8137,5303
1,9779996 B 827,5004 6420,357 13379,458 17841,135 15134,592 2248,0798 S 4721,8076 7822,599 13394,113 14708,453 10901,081 8137,5303
1,9780005 B 827,5004 6420,357 13379,458 17841,135 15134,592 2248,0798 S 4721,8076 7822,599 13394,113 14708,453 10901,081 8137,5303
1,9786359 B 827,5004 6420,357 13379,458 17841,135 15134,592 2248,0798 S 4721,8076 7822,599 13394,113 14708,453 10901,081 8137,5303
1,9790001 B 827,5004 6420,357 13379,458 17841,135 15134,592 2248,0798 S 4721,8076 7822,599 13394,113 14708,453 10901,081 8137,5303
1,979 B 827,5004 6420,357 13379,458 17841,135 15134,592 2248,0798 S 4721,8076 7822,599 13394,113 14708,453 10901,081 8137,5303
1,9790003 B 827,5004 6420,357 13379,458 17841,135 15134,592 2248,0798 S 4721,8076 7822,599 13394,113 14708,453 10901,081 8137,5303
1,9790004 B 827,5004 6420,357 13379,458 17841,135 15134,592 2248,0798 S 4721,8076 7822,599 13394,113 14708,453 10901,081 8137,5303
1,9764456 B 827,5004 6420,357 13379,458 17841,135 15134,592 2248,0798 S 4721,8076 7822,599 13394,113 14708,453 10901,081 8137,5303
1,9750001 B 827,5004 6420,357 13379,458 17841,135 15134,592 2248,0798 S 4721,8076 7822,599 13394,113 14708,453 10901,081 8137,5303
1,9755161 B 827,5004 6420,357 13379,458 17841,135 15134,592 2248,0798 S 4721,8076 7822,599 13394,113 14708,453 10901,081 8137,5303
1,9760002 B 827,5004 6420,357 13379,458 17841,135 15134,592 2248,0798 S 4721,8076 7822,599 13394,113 14708,453 10901,081 8137,5303
1,9760001 B 827,5004 6420,357 13379,458 17841,135 15134,592 2248,0798 S 4721,8076 7822,599 13394,113 14708,453 10901,081 8137,5303
1,9760004 B 827,5004 6420,357 13379,458 17841,135 15134,592 2248,0798 S 4721,8076 7822,599 13394,113 14708,453 10901,081 8137,5303
1,9760004 B 827,5004 6420,357 13379,458 17841,135 15134,592 2248,0798 S 4721,8076 7822,599 13394,113 14708,453 10901,081 8137,5303
1,9754546 B 827,5004 6420,357 13379,458 17841,135 15134,592 2248,0798 S 4721,8076 7822,599 13394,113 14708,453 10901,081 8137,5303
1,9743629 B 827,5004 6420,357 13379,458 17841,135 15134,592 2248,0798 S 4721,8076 7822,599 13394,113 14708,453 10901,081 8137,5303
1,9748942 B 827,5004 6420,357 13379,458 17841,135 15134,592 2248,0798 S 4721,8076 7822,599 13394,113 14708,453 10901,081 8137,5303
1,9750001 B 827,5004 6420,357 13379,458 17841,135 15134,592 2248,0798 S 4721,8076 7822,599 13394,113 14708,453 10901,081 8137,5303
1,9749998 B 827,5004 6420,357 13379,458 17841,135 15134,592 2248,0798 S 4721,8076 7822,599 13394,113 14708,453 10901,081 8137,5303
1,9749999 B 827,5004 6420,357 13379,458 17841,135 15134,592 2248,0798 S 4721,8076 7822,599 13394,113 14708,453 10901,081 8137,5303
1,9750004 B 827,5004 6420,357 13379,458 17841,135 15134,592 2248,0798 S 4721,8076 7822,599 13394,113 14708,453 10901,081 8137,5303
1,9749998 B 827,5004 6420,357 13379,458 17841,135 15134,592 2248,0798 S 4721,8076 7822,599 13394,113 14708,453 10901,081 8137,5303
1,9750001 B 827,5004 6420,357 13379,458 17841,135 15134,592 2248,0798 S 4721,8076 7822,599 13394,113 14708,453 10901,081 8137,5303
1,9750004 B 827,5004 6420,357 13379,458 17841,135 15134,592 2248,0798 S 4721,8076 7822,599 13394,113 14708,453 10901,081 8137,5303
1,9749997 B 827,5004 6420,357 13379,458 17841,135 15134,592 2248,0798 S 4721,8076 7822,599 13394,113 14708,453 10901,081 8137,5303
1,9749995 B 827,5004 6420,357 13379,458 17841,135 15134,592 2248,0798 S 4721,8076 7822,599 13394,113 14708,453 10901,081 8137,5303
1,9749999 B 827,5004 6420,357 13379,458 17841,135 15134,592 2248,0798 S 4721,8076 7822,599 13394,113 14708,453 10901,081 8137,5303
1,9749999 B 827,5004 6420,357 13379,458 17841,135 15134,592 2248,0798 S 4721,8076 7822,599 13394,113 14708,453 10901,081 8137,5303
1,9749999 B 827,5004 6420,357 13379,458 17841,135 15134,592 2248,0798 S 4721,8076 7822,599 13394,113 14708,453 10901,081 8137,5303
1,9749997 B 827,5004 6420,357 13379,458 17841,135 15134,592 2248,0798 S 4721,8076 7822,599 13394,113 14708,453 10901,081 8137,5303
1,9749999 B 827,5004 6420,357 13379,458 17841,135 15134,592 2248,0798 S 4721,8076 7822,599 13394,113 14708,453 10901,081 8137,5303
1,9749999 B 827,5004 6420,357 13379,458 17841,135 15134,592 2248,0798 S 4721,8076 7822,599 13394,113 14708,453 10901,081 8137,5303
1,9750001 B 827,5004 6420,357 13379,458 17841,135 15134,592 2248,0798 S 4721,8076 7822,599 13394,113 14708,453 10901,081 8137,5303
1,9749999 B 827,5004 6420,357 13379,458 17841,135 15134,592 2248,0798 S 4721,8076 7822,599 13394,113 14708,453 10901,081 8137,5303
1,9749995 B 827,5004 6420,357 13379,458 17841,135 15134,592 2248,0798 S 4721,8076 7822,599 13394,113 14708,453 10901,081 8137,5303
1,9750003 B 827,5004 6420,357 13379,458 17841,135 15134,592 2248,0798 S 4721,8076 7822,599 13394,113 14708,453 10901,081 8137,5303
1,9750003 B 827,5004 6420,357 13379,458 17841,135 15134,592 2248,0798 S 4721,8076 7822,599 13394,113 14708,453 10901,081 8137,5303
1,9749998 B 827,5004 6420,357 13379,458 17841,135 15134,592 2248,0798 S 4721,8076 7822,599 13394,113 14708,453 10901,081 8137,5303
1,9757565 B 827,5004 6420,357 13379,458 17841,135 15134,592 2248,0798 S 4721,8076 7822,599 13394,113 14708,453 10901,081 8137,5303
1,9760005 B 827,5004 6420,357 13379,458 17841,135 15134,592 2248,0798 S 4721,8076 7822,599 13394,113 14708,453 10901,081 8137,5303
1,9759995 B 827,5004 6420,357 13379,458 17841,135 15134,592 2248,0798 S 4721,8076 7822,599 13394,113 14708,453 10901,081 8137,5303
1,9760002 B 827,5004 6420,357 13379,458 17841,135 15134,592 2248,0798 S 4721,8076 7822,599 13394,113 14708,453 10901,081 8137,5303
1,9759998 B 827,5004 6420,357 13379,458 17841,135 15134,592 2248,0798 S 4721,8076 7822,599 13394,113 14708,453 10901,081 8137,5303
1,9760009 B 827,5004 6420,357 13379,458 17841,135 15134,592 2248,0798 S 4721,8076 7822,599 13394,113 14708,453 10901,081 8137,5303
1,9760001 B 827,5004 6420,357 13379,458 17841,135 15134,592 2248,0798 S 4721,8076 7822,599 13394,113 14708,453 10901,081 8137,5303
1,976 B 827,5004 6420,357 13379,458 17841,135 15134,592 2248,0798 S 4721,8076 7822,599 13394,113 14708,453 10901,081 8137,5303
1,9759998 B 827,5004 6420,357 13379,458 17841,135 15134,592 2248,0798 S 4721,8076 7822,599 13394,113 14708,453 10901,081 8137,5303
1,9760005 B 827,5004 6420,357 13379,458 17841,135 15134,592 2248,0798 S 4721,8076 7822,599 13394,113 14708,453 10901,081 8137,5303
1,9760001 B 827,5004 6420,357 13379,458 17841,135 15134,592 2248,0798 S 4721,8076 7822,599 13394,113 14708,453 10901,081 8137,5303
1,9760007 B 827,5004 6420,357 13379,458 17841,135 15134,592 2248,0798 S 4721,8076 7822,599 13394,113 14708,453 10901,081 8137,5303
1,9760002 B 827,5004 6420,357 13379,458 17841,135 15134,592 2248,0798 S 4721,8076 7822,599 13394,113 14708,453 10901,081 8137,5303
1,9760009 B 827,5004 6420,357 13379,458 17841,135 15134,592 2248,0798 S 4721,8076 7822,599 13394,113 14708,453 10901,081 8137,5303
1,9760004 B 827,5004 6420,357 13379,458 17841,135 15134,592 2248,0798 S 4721,8076 7822,599 13394,113 14708,453 10901,081 8137,5303
1,9760005 B 827,5004 6420,357 13379,458 17841,135 15134,592 2248,0798 S 4721,8076 7822,599 13394,113 14708,453 10901,081 8137,5303
1,9760004 B 827,5004 6420,357 13379,458 17841,135 15134,592 2248,0798 S 4721,8076 7822,599 13394,113 14708,453 10901,081 8137,5303
1,9760002 B 827,5004 6420,357 13379,458 17841,135 15134,592 2248,0798 S 4721,8076 7822,599 13394,113 14708,453 10901,081 8137,5303
1,9760003 B 827,5004 6420,357 13379,458 17841,135 15134,592 2248,0798 S 4721,8076 7822,599 13394,113 14708,453 10901,081 8137,5303
1,9759998 B 827,5004 6420,357 13379,458 17841,135 15134,592 2248,0798 S 4721,8076 7822,599 13394,113 14708,453 10901,081 8137,5303
1,9760005 B 827,5004 6420,357 13379,458 17841,135 15134,592 2248,0798 S 4721,8076 7822,599 13394,113 14708,453 10901,081 8137,5303
1,9760001 B 827,5004 6420,357 13379,458 17841,135 15134,592 2248,0798 S 4721,8076 7822,599 13394,113 14708,453 10901,081 8137,5303
1,976 B 827,5004 6420,357 13379,458 17841,135 15134,592 2248,0798 S 4721,8076 7822,599 13394,113 14708,453 10901,081 8137,5303
1,9753594 B 827,5004 6420,357 13379,458 17841,135 15134,592 2248,0798 S 4721,8076 7822,599 13394,113 14708,453 10901,081 8137,5303
1,975 B 827,5004 6420,357 13379,458 17841,135 15134,592 2248,0798 S 4721,8076 7822,599 13394,113 14708,453 10901,081 8137,5303
1,9749997 B 827,5004 6420,357 13379,458 17841,135 15134,592 2248,0798 S 4721,8076 7822,599 13394,113 14708,453 10901,081 8137,5303
1,9749995 B 827,5004 6420,357 13379,458 17841,135 15134,592 2248,0798 S 4721,8076 7822,599 13394,113 14708,453 10901,081 8137,5303
1,9750001 B 827,5004 6420,357 13379,458 17841,135 15134,592 2248,0798 S 4721,8076 7822,599 13394,113 14708,453 10901,081 8137,5303
1,9750006 B 827,5004 6420,357 13379,458 17841,135 15134,592 2248,0798 S 4721,8076 7822,599 13394,113 14708,453 10901,081 8137,5303
1,9750004 B 827,5004 6420,357 13379,458 17841,135 15134,592 2248,0798 S 4721,8076 7822,599 13394,113 14708,453 10901,081 8137,5303
1,9749998 B 827,5004 6420,357 13379,458 17841,135 15134,592 2248,0798 S 4721,8076 7822,599 13394,113 14708,453 10901,081 8137,5303
1,9744121 B 827,5004 6420,357 13379,458 17841,135 15134,592 2248,0798 S 4721,8076 7822,599 13394,113 14708,453 10901,081 8137,5303
1,9720004 B 827,5004 6420,357 13379,458 17841,135 15134,592 2248,0798 S 4721,8076 7822,599 13394,113 14708,453 10901,081 8137,5303
1,972 B 827,5004 6420,357 13379,458 17841,135 15134,592 2248,0798 S 4721,8076 7822,599 13394,113 14708,453 10901,081 8137,5303
1,9719999 B 827,5004 6420,357 13379,458 17841,135 15134,592 2248,0798 S 4721,8076 7822,599 13394,113 14708,453 10901,081 8137,5303
1,9719999 B 827,5004 6420,357 13379,458 17841,135 15134,592 2248,0798 S 4721,8076 7822,599 13394,113 14708,453 10901,081 8137,5303
1,9719999 B 827,5004 6420,357 13379,458 17841,135 15134,592 2248,0798 S 4721,8076 7822,599 13394,113 14708,453 10901,081 8137,5303
1,9719999 B 827,5004 6420,357 13379,458 17841,135 15134,592 2248,0798 S 4721,8076 7822,599 13394,113 14708,453 10901,081 8137,5303
1,9720006 B 827,5004 6420,357 13379,458 17841,135 15134,592 2248,0798 S 4721,8076 7822,599 13394,113 14708,453 10901,081 8137,5303
1,9719999 B 827,5004 6420,357 13379,458 17841,135 15134,592 2248,0798 S 4721,8076 7822,599 13394,113 14708,453 10901,081 8137,5303
1,972 B 827,5004 6420,357 13379,458 17841,135 15134,592 2248,0798 S 4721,8076 7822,599 13394,113 14708,453 10901,081 8137,5303
1,9720006 B 827,5004 6420,357 13379,458 17841,135 15134,592 2248,0798 S 4721,8076 7822,599 13394,113 14708,453 10901,081 8137,5303
