1,9743367
1,9740001 B 1013,70404 14570,92 9960,21 13312,429 12193,719 12490,152 S 10915,769 21864,668 10496,768 12366,202 8736,26 1318,8901
1,9739822 B 1013,70404 14570,92 9960,21 13312,429 12193,719 12490,152 S 10915,769 21864,668 10496,768 12366,202 8736,26 1318,8901
1,9729999 B 1013,70404 14570,92 9960,21 13312,429 12193,719 12490,152 S 10915,769 21864,668 10496,768 12366,202 8736,26 1318,8901
1,9730003 B 1013,70404 14570,92 9960,21 13312,429 12193,719 12490,152 S 10915,769 21864,668 10496,768 12366,202 8736,26 1318,8901
1,973 B 1013,70404 14570,92 9960,21 13312,429 12193,719 12490,152 S 10915,769 21864,668 10496,768 12366,202 8736,26 1318,8901
1,9730002 B 1013,70404 14570,92 9960,21 13312,429 12193,719 12490,152 S 10915,769 21864,668 10496,768 12366,202 8736,26 1318,8901
1,973 B 1013,70404 14570,92 9960,21 13312,429 12193,719 12490,152 S 10915,769 21864,668 10496,768 12366,202 8736,26 1318,8901
1,9725829 B 1013,70404 14570,92 9960,21 13312,429 12193,719 12490,152 S 10915,769 21864,668 10496,768 12366,202 8736,26 1318,8901
1,9720002 B 1013,70404 14570,92 9960,21 13312,429 12193,719 12490,152 S 10915,769 21864,668 10496,768 12366,202 8736,26 1318,8901
1,9719999 B 1013,70404 14570,92 9960,21 13312,429 12193,719 12490,152 S 10915,769 21864,668 10496,768 12366,202 8736,26 1318,8901
1,9720004 B 1013,70404 14570,92 9960,21 13312,429 12193,719 12490,152 S 10915,769 21864,668 10496,768 12366,202 8736,26 1318,8901
1,9722478 B 1013,70404 14570,92 9960,21 13312,429 12193,719 12490,152 S 10915,769 21864,668 10496,768 12366,202 8736,26 1318,8901
1,973 B 1013,70404 14570,92 9960,21 13312,429 12193,719 12490,152 S 10915,769 21864,668 10496,768 12366,202 8736,26 1318,8901
1,9730003 B 1013,70404 14570,92 9960,21 13312,429 12193,719 12490,152 S 10915,769 21864,668 10496,768 12366,202 8736,26 1318,8901
1,9729999 B 1013,70404 14570,92 9960,21 13312,429 12193,719 12490,152 S 10915,769 21864,668 10496,768 12366,202 8736,26 1318,8901
1,9730002 B 1013,70404 14570,92 9960,21 13312,429 12193,719 12490,152 S 10915,769 21864,668 10496,768 12366,202 8736,26 1318,8901
1,9729999 B 1013,70404 14570,92 9960,21 13312,429 12193,719 12490,152 S 10915,769 21864,668 10496,768 12366,202 8736,26 1318,8901
1,973 B 1013,70404 14570,92 9960,21 13312,429 12193,719 12490,152 S 10915,769 21864,668 10496,768 12366,202 8736,26 1318,8901
1,9729997 B 1013,70404 14570,92 9960,21 13312,429 12193,719 12490,152 S 10915,769 21864,668 10496,768 12366,202 8736,26 1318,8901
1,9730002 B 1013,70404 14570,92 9960,21 13312,429 12193,719 12490,152 S 10915,769 21864,668 10496,768 12366,202 8736,26 1318,8901
1,973 B 1013,70404 14570,92 9960,21 13312,429 12193,719 12490,152 S 10915,769 21864,668 10496,768 12366,202 8736,26 1318,8901
1,9729997 B 1013,70404 14570,92 9960,21 13312,429 12193,719 12490,152 S 10915,769 21864,668 10496,768 12366,202 8736,26 1318,8901
1,9730002 B 1013,70404 14570,92 9960,21 13312,429 12193,719 12490,152 S 10915,769 21864,668 10496,768 12366,202 8736,26 1318,8901
1,9729999 B 1013,70404 14570,92 9960,21 13312,429 12193,719 12490,152 S 10915,769 21864,668 10496,768 12366,202 8736,26 1318,8901
1,9729999 B 1013,70404 14570,92 9960,21 13312,429 12193,719 12490,152 S 10915,769 21864,668 10496,768 12366,202 8736,26 1318,8901
1,9729995 B 1013,70404 14570,92 9960,21 13312,429 12193,719 12490,152 S 10915,769 21864,668 10496,768 12366,202 8736,26 1318,8901
1,9738549 B 1013,70404 14570,92 9960,21 13312,429 12193,719 12490,152 S 10915,769 21864,668 10496,768 12366,202 8736,26 1318,8901
1,9750003 B 1013,70404 14570,92 9960,21 13312,429 12193,719 12490,152 S 10915,769 21864,668 10496,768 12366,202 8736,26 1318,8901
1,9750005 B 1013,70404 14570,92 9960,21 13312,429 12193,719 12490,152 S 10915,769 21864,668 10496,768 12366,202 8736,26 1318,8901
1,9750001 B 1013,70404 14570,92 9960,21 13312,429 12193,719 12490,152 S 10915,769 21864,668 10496,768 12366,202 8736,26 1318,8901
1,9750005 B 1013,70404 14570,92 9960,21 13312,429 12193,719 12490,152 S 10915,769 21864,668 10496,768 12366,202 8736,26 1318,8901
1,9749995 B 1013,70404 14570,92 9960,21 13312,429 12193,719 12490,152 S 10915,769 21864,668 10496,768 12366,202 8736,26 1318,8901
1,9750001 B 1013,70404 14570,92 9960,21 13312,429 12193,719 12490,152 S 10915,769 21864,668 10496,768 12366,202 8736,26 1318,8901
1,9750003 B 1013,70404 14570,92 9960,21 13312,429 12193,719 12490,152 S 10915,769 21864,668 10496,768 12366,202 8736,26 1318,8901
1,975 B 1013,70404 14570,92 9960,21 13312,429 12193,719 12490,152 S 10915,769 21864,668 10496,768 12366,202 8736,26 1318,8901
1,9750004 B 1013,70404 14570,92 9960,21 13312,429 12193,719 12490,152 S 10915,769 21864,668 10496,768 12366,202 8736,26 1318,8901
1,9749998 B 1013,70404 14570,92 9960,21 13312,429 12193,719 12490,152 S 10915,769 21864,668 10496,768 12366,202 8736,26 1318,8901
1,9749998 B 1013,70404 14570,92 9960,21 13312,429 12193,719 12490,152 S 10915,769 21864,668 10496,768 12366,202 8736,26 1318,8901
1,9749999 B 1013,70404 14570,92 9960,21 13312,429 12193,719 12490,152 S 10915,769 21864,668 10496,768 12366,202 8736,26 1318,8901
1,9749997 B 1013,70404 14570,92 9960,21 13312,429 12193,719 12490,152 S 10915,769 21864,668 10496,768 12366,202 8736,26 1318,8901
1,9750004 B 1013,70404 14570,92 9960,21 13312,429 12193,719 12490,152 S 10915,769 21864,668 10496,768 12366,202 8736,26 1318,8901
1,9749998 B 1013,70404 14570,92 9960,21 13312,429 12193,719 12490,152 S 10915,769 21864,668 10496,768 12366,202 8736,26 1318,8901
1,9750003 B 1013,70404 14570,92 9960,21 13312,429 12193,719 12490,152 S 10915,769 21864,668 10496,768 12366,202 8736,26 1318,8901
1,975 B 1013,70404 14570,92 9960,21 13312,429 12193,719 12490,152 S 10915,769 21864,668 10496,768 12366,202 8736,26 1318,8901
1,9750004 B 1013,70404 14570,92 9960,21 13312,429 12193,719 12490,152 S 10915,769 21864,668 10496,768 12366,202 8736,26 1318,8901
1,975 B 1013,70404 14570,92 9960,21 13312,429 12193,719 12490,152 S 10915,769 21864,668 10496,768 12366,202 8736,26 1318,8901
1,9750001 B 1013,70404 14570,92 9960,21 13312,429 12193,719 12490,152 S 10915,769 21864,668 10496,768 12366,202 8736,26 1318,8901
1,9749992 B 1013,70404 14570,92 9960,21 13312,429 12193,719 12490,152 S 10915,769 21864,668 10496,768 12366,202 8736,26 1318,8901
1,9750005 B 1013,70404 14570,92 9960,21 13312,429 12193,719 12490,152 S 10915,769 21864,668 10496,768 12366,202 8736,26 1318,8901
1,9750006 B 1013,70404 14570,92 9960,21 13312,429 12193,719 12490,152 S 10915,769 21864,668 10496,768 12366,202 8736,26 1318,8901
1,9750004 B 1013,70404 14570,92 9960,21 13312,429 12193,719 12490,152 S 10915,769 21864,668 10496,768 12366,202 8736,26 1318,8901
1,9749999 B 1013,70404 14570,92 9960,21 13312,429 12193,719 12490,152 S 10915,769 21864,668 10496,768 12366,202 8736,26 1318,8901
1,9750004 B 1013,70404 14570,92 9960,21 13312,429 12193,719 12490,152 S 10915,769 21864,668 10496,768 12366,202 8736,26 1318,8901
1,975 B 1013,70404 14570,92 9960,21 13312,429 12193,719 12490,152 S 10915,769 21864,668 10496,768 12366,202 8736,26 1318,8901
1,9750001 B 1013,70404 14570,92 9960,21 13312,429 12193,719 12490,152 S 10915,769 21864,668 10496,768 12366,202 8736,26 1318,8901
1,9749999 B 1013,70404 14570,92 9960,21 13312,429 12193,719 12490,152 S 10915,769 21864,668 10496,768 12366,202 8736,26 1318,8901
1,9750006 B 1013,70404 14570,92 9960,21 13312,429 12193,719 12490,152 S 10915,769 21864,668 10496,768 12366,202 8736,26 1318,8901
1,9750003 B 1013,70404 14570,92 9960,21 13312,429 12193,719 12490,152 S 10915,769 21864,668 10496,768 12366,202 8736,26 1318,8901
1,974999 B 1013,70404 14570,92 9960,21 13312,429 12193,719 12490,152 S 10915,769 21864,668 10496,768 12366,202 8736,26 1318,8901
1,9749995 B 1013,70404 14570,92 9960,21 13312,429 12193,719 12490,152 S 10915,769 21864,668 10496,768 12366,202 8736,26 1318,8901
1,9750005 B 1013,70404 14570,92 9960,21 13312,429 12193,719 12490,152 S 10915,769 21864,668 10496,768 12366,202 8736,26 1318,8901
1,9749993 B 1013,70404 14570,92 9960,21 13312,429 12193,719 12490,152 S 10915,769 21864,668 10496,768 12366,202 8736,26 1318,8901
1,9749999 B 1013,70404 14570,92 9960,21 13312,429 12193,719 12490,152 S 10915,769 21864,668 10496,768 12366,202 8736,26 1318,8901
1,9750004 B 1013,70404 14570,92 9960,21 13312,429 12193,719 12490,152 S 10915,769 21864,668 10496,768 12366,202 8736,26 1318,8901
1,9750001 B 1013,70404 14570,92 9960,21 13312,429 12193,719 12490,152 S 10915,769 21864,668 10496,768 12366,202 8736,26 1318,8901
1,975 B 1013,70404 14570,92 9960,21 13312,429 12193,719 12490,152 S 10915,769 21864,668 10496,768 12366,202 8736,26 1318,8901
1,9750001 B 1013,70404 14570,92 9960,21 13312,429 12193,719 12490,152 S 10915,769 21864,668 10496,768 12366,202 8736,26 1318,8901
1,9750004 B 1013,70404 14570,92 9960,21 13312,429 12193,719 12490,152 S 10915,769 21864,668 10496,768 12366,202 8736,26 1318,8901
1,9749998 B 1013,70404 14570,92 9960,21 13312,429 12193,719 12490,152 S 10915,769 21864,668 10496,768 12366,202 8736,26 1318,8901
1,9750003 B 1013,70404 14570,92 9960,21 13312,429 12193,719 12490,152 S 10915,769 21864,668 10496,768 12366,202 8736,26 1318,8901
1,9749995 B 1013,70404 14570,92 9960,21 13312,429 12193,719 12490,152 S 10915,769 21864,668 10496,768 12366,202 8736,26 1318,8901
1,9749999 B 1013,70404 14570,92 9960,21 13312,429 12193,719 12490,152 S 10915,769 21864,668 10496,768 12366,202 8736,26 1318,8901
1,9750003 B 1013,70404 14570,92 9960,21 13312,429 12193,719 12490,152 S 10915,769 21864,668 10496,768 12366,202 8736,26 1318,8901
1,9749997 B 1013,70404 14570,92 9960,21 13312,429 12193,719 12490,152 S 10915,769 21864,668 10496,768 12366,202 8736,26 1318,8901
1,9749999 B 1013,70404 14570,92 9960,21 13312,429 12193,719 12490,152 S 10915,769 21864,668 10496,768 12366,202 8736,26 1318,8901
1,9750004 B 1013,70404 14570,92 9960,21 13312,429 12193,719 12490,152 S 10915,769 21864,668 10496,768 12366,202 8736,26 1318,8901
1,9749999 B 1013,70404 14570,92 9960,21 13312,429 12193,719 12490,152 S 10915,769 21864,668 10496,768 12366,202 8736,26 1318,8901
1,9750007 B 1013,70404 14570,92 9960,21 13312,429 12193,719 12490,152 S 10915,769 21864,668 10496,768 12366,202 8736,26 1318,8901
1,9750004 B 1013,70404 14570,92 9960,21 13312,429 12193,719 12490,152 S 10915,769 21864,668 10496,768 12366,202 8736,26 1318,8901
1,9750003 B 1013,70404 14570,92 9960,21 13312,429 12193,719 12490,152 S 10915,769 21864,668 10496,768 12366,202 8736,26 1318,8901
1,9749998 B 1013,70404 14570,92 9960,21 13312,429 12193,719 12490,152 S 10915,769 21864,668 10496,768 12366,202 8736,26 1318,8901
1,9750001 B 1013,70404 14570,92 9960,21 13312,429 12193,719 12490,152 S 10915,769 21864,668 10496,768 12366,202 8736,26 1318,8901
1,975 B 1013,70404 14570,92 9960,21 13312,429 12193,719 12490,152 S 10915,769 21864,668 10496,768 12366,202 8736,26 1318,8901
1,9749997 B 1013,70404 14570,92 9960,21 13312,429 12193,719 12490,152 S 10915,769 21864,668 10496,768 12366,202 8736,26 1318,8901
1,9750005 B 1013,70404 14570,92 9960,21 13312,429 12193,719 12490,152 S 10915,769 21864,668 10496,768 12366,202 8736,26 1318,8901
1,975 B 1013,70404 14570,92 9960,21 13312,429 12193,719 12490,152 S 10915,769 21864,668 10496,768 12366,202 8736,26 1318,8901
1,9750003 B 1013,70404 14570,92 9960,21 13312,429 12193,719 12490,152 S 10915,769 21864,668 10496,768 12366,202 8736,26 1318,8901
1,9750003 B 1013,70404 14570,92 9960,21 13312,429 12193,719 12490,152 S 10915,769 21864,668 10496,768 12366,202 8736,26 1318,8901
1,9750003 B 1013,70404 14570,92 9960,21 13312,429 12193,719 12490,152 S 10915,769 21864,668 10496,768 12366,202 8736,26 1318,8901
1,9750004 B 1013,70404 14570,92 9960,21 13312,429 12193,719 12490,152 S 10915,769 21864,668 10496,768 12366,202 8736,26 1318,8901
1,9749998 B 1013,70404 14570,92 9960,21 13312,429 12193,719 12490,152 S 10915,769 21864,668 10496,768 12366,202 8736,26 1318,8901
1,9749993 B 1013,70404 14570,92 9960,21 13312,429 12193,719 12490,152 S 10915,769 21864,668 10496,768 12366,202 8736,26 1318,8901
1,9749999 B 1013,70404 14570,92 9960,21 13312,429 12193,719 12490,152 S 10915,769 21864,668 10496,768 12366,202 8736,26 1318,8901
1,975 B 1013,70404 14570,92 9960,21 13312,429 12193,719 12490,152 S 10915,769 21864,668 10496,768 12366,202 8736,26 1318,8901
1,9750003 B 1013,70404 14570,92 9960,21 13312,429 12193,719 12490,152 S 10915,769 21864,668 10496,768 12366,202 8736,26 1318,8901
1,9750001 B 1013,70404 14570,92 9960,21 13312,429 12193,719 12490,152 S 10915,769 21864,668 10496,768 12366,202 8736,26 1318,8901
1,9750005 B 1013,70404 14570,92 9960,21 13312,429 12193,719 12490,152 S 10915,769 21864,668 10496,768 12366,202 8736,26 1318,8901
1,9749999 B 1013,70404 14570,92 9960,21 13312,429 12193,719 12490,152 S 10915,769 21864,668 10496,768 12366,202 8736,26 1318,8901
1,9750005 B 1013,70404 14570,92 9960,21 13312,429 12193,719 12490,152 S 10915,769 21864,668 10496,768 12366,202 8736,26 1318,8901
1,9749992 B 1013,70404 14570,92 9960,21 13312,429 12193,719 12490,152 S 10915,769 21864,668 10496,768 12366,202 8736,26 1318,8901
1,9750001 B 1013,70404 14570,92 9960,21 13312,429 12193,719 12490,152 S 10915,769 21864,668 10496,768 12366,202 8736,26 1318,8901
1,9750001 B 1013,70404 14570,92 9960,21 13312,429 12193,719 12490,152 S 10915,769 21864,668 10496,768 12366,202 8736,26 1318,8901
1,9750001 B 1013,70404 14570,92 9960,21 13312,429 12193,719 12490,152 S 10915,769 21864,668 10496,768 12366,202 8736,26 1318,8901
1,975 B 1013,70404 14570,92 9960,21 13312,429 12193,719 12490,152 S 10915,769 21864,668 10496,768 12366,202 8736,26 1318,8901
1,9750001 B 1013,70404 14570,92 9960,21 13312,429 12193,719 12490,152 S 10915,769 21864,668 10496,768 12366,202 8736,26 1318,8901
1,974348 B 1013,70404 14570,92 9960,21 13312,429 12193,719 12490,152 S 10915,769 21864,668 10496,768 12366,202 8736,26 1318,8901
1,9739999 B 1013,70404 14570,92 9960,21 13312,429 12193,719 12490,152 S 10915,769 21864,668 10496,768 12366,202 8736,26 1318,8901
1,9739999 B 1013,70404 14570,92 9960,21 13312,429 12193,719 12490,152 S 10915,769 21864,668 10496,768 12366,202 8736,26 1318,8901
1,9740005 B 1013,70404 14570,92 9960,21 13312,429 12193,719 12490,152 S 10915,769 21864,668 10496,768 12366,202 8736,26 1318,8901
1,9740006 B 1013,70404 14570,92 9960,21 13312,429 12193,719 12490,152 S 10915,769 21864,668 10496,768 12366,202 8736,26 1318,8901
1,9740002 B 1013,70404 14570,92 9960,21 13312,429 12193,719 12490,152 S 10915,769 21864,668 10496,768 12366,202 8736,26 1318,8901
1,9740006 B 1013,70404 14570,92 9960,21 13312,429 12193,719 12490,152 S 10915,769 21864,668 10496,768 12366,202 8736,26 1318,8901
1,9737041 B 1013,70404 14570,92 9960,21 13312,429 12193,719 12490,152 S 10915,769 21864,668 10496,768 12366,202 8736,26 1318,8901
1,9730002 B 1013,70404 14570,92 9960,21 13312,429 12193,719 12490,152 S 10915,769 21864,668 10496,768 12366,202 8736,26 1318,8901
1,973 B 1013,70404 14570,92 9960,21 13312,429 12193,719 12490,152 S 10915,769 21864,668 10496,768 12366,202 8736,26 1318,8901
1,9729998 B 1013,70404 14570,92 9960,21 13312,429 12193,719 12490,152 S 10915,769 21864,668 10496,768 12366,202 8736,26 1318,8901
1,9729998 B 1013,70404 14570,92 9960,21 13312,429 12193,719 12490,152 S 10915,769 21864,668 10496,768 12366,202 8736,26 1318,8901
1,9730002 B 1013,70404 14570,92 9960,21 13312,429 12193,719 12490,152 S 10915,769 21864,668 10496,768 12366,202 8736,26 1318,8901
1,9729997 B 1013,70404 14570,92 9960,21 13312,429 12193,719 12490,152 S 10915,769 21864,668 10496,768 12366,202 8736,26 1318,8901
1,973 B 1013,70404 14570,92 9960,21 13312,429 12193,719 12490,152 S 10915,769 21864,668 10496,768 12366,202 8736,26 1318,8901
1,9729998 B 1013,70404 14570,92 9960,21 13312,429 12193,719 12490,152 S 10915,769 21864,668 10496,768 12366,202 8736,26 1318,8901
1,9723129 B 1013,70404 14570,92 9960,21 13312,429 12193,719 12490,152 S 10915,769 21864,668 10496,768 12366,202 8736,26 1318,8901
1,9719999 B 1013,70404 14570,92 9960,21 13312,429 12193,719 12490,152 S 10915,769 21864,668 10496,768 12366,202 8736,26 1318,8901
1,9720002 B 1013,70404 14570,92 9960,21 13312,429 12193,719 12490,152 S 10915,769 21864,668 10496,768 12366,202 8736,26 1318,8901
1,9719995 B 1013,70404 14570,92 9960,21 13312,429 12193,719 12490,152 S 10915,769 21864,668 10496,768 12366,202 8736,26 1318,8901
1,9720004 B 1013,70404 14570,92 9960,21 13312,429 12193,719 12490,152 S 10915,769 21864,668 10496,768 12366,202 8736,26 1318,8901
1,9720002 B 1013,70404 14570,92 9960,21 13312,429 12193,719 12490,152 S 10915,769 21864,668 10496,768 12366,202 8736,26 1318,8901
1,9720004 B 1013,70404 14570,92 9960,21 13312,429 12193,719 12490,152 S 10915,769 21864,668 10496,768 12366,202 8736,26 1318,8901
1,972 B 1013,70404 14570,92 9960,21 13312,429 12193,719 12490,152 S 10915,769 21864,668 10496,768 12366,202 8736,26 1318,8901
1,9720004 B 1013,70404 14570,92 9960,21 13312,429 12193,719 12490,152 S 10915,769 21864,668 10496,768 12366,202 8736,26 1318,8901
1,9719996 B 1013,70404 14570,92 9960,21 13312,429 12193,719 12490,152 S 10915,769 21864,668 10496,768 12366,202 8736,26 1318,8901
1,972 B 1013,70404 14570,92 9960,21 13312,429 12193,719 12490,152 S 10915,769 21864,668 10496,768 12366,202 8736,26 1318,8901
1,972 B 1013,70404 14570,92 9960,21 13312,429 12193,719 12490,152 S 10915,769 21864,668 10496,768 12366,202 8736,26 1318,8901
1,9719998 B 1013,70404 14570,92 9960,21 13312,429 12193,719 12490,152 S 10915,769 21864,668 10496,768 12366,202 8736,26 1318,8901
1,9720004 B 1013,70404 14570,92 9960,21 13312,429 12193,719 12490,152 S 10915,769 21864,668 10496,768 12366,202 8736,26 1318,8901
1,972 B 1013,70404 14570,92 9960,21 13312,429 12193,719 12490,152 S 10915,769 21864,668 10496,768 12366,202 8736,26 1318,8901
1,9719999 B 1013,70404 14570,92 9960,21 13312,429 12193,719 12490,152 S 10915,769 21864,668 10496,768 12366,202 8736,26 1318,8901
1,9719999 B 1013,70404 14570,92 9960,21 13312,429 12193,719 12490,152 S 10915,769 21864,668 10496,768 12366,202 8736,26 1318,8901
1,9720004 B 1013,70404 14570,92 9960,21 13312,429 12193,719 12490,152 S 10915,769 21864,668 10496,768 12366,202 8736,26 1318,8901
1,9719998 B 1013,70404 14570,92 9960,21 13312,429 12193,719 12490,152 S 10915,769 21864,668 10496,768 12366,202 8736,26 1318,8901
1,9720001 B 1013,70404 14570,92 9960,21 13312,429 12193,719 12490,152 S 10915,769 21864,668 10496,768 12366,202 8736,26 1318,8901
1,9719996 B 1013,70404 14570,92 9960,21 13312,429 12193,719 12490,152 S 10915,769 21864,668 10496,768 12366,202 8736,26 1318,8901
1,9719999 B 1013,70404 14570,92 9960,21 13312,429 12193,719 12490,152 S 10915,769 21864,668 10496,768 12366,202 8736,26 1318,8901
1,9719999 B 1013,70404 14570,92 9960,21 13312,429 12193,719 12490,152 S 10915,769 21864,668 10496,768 12366,202 8736,26 1318,8901
1,9720001 B 1013,70404 14570,92 9960,21 13312,429 12193,719 12490,152 S 10915,769 21864,668 10496,768 12366,202 8736,26 1318,8901
1,9720002 B 1013,70404 14570,92 9960,21 13312,429 12193,719 12490,152 S 10915,769 21864,668 10496,768 12366,202 8736,26 1318,8901
1,9720002 B 1013,70404 14570,92 9960,21 13312,429 12193,719 12490,152 S 10915,769 21864,668 10496,768 12366,202 8736,26 1318,8901
1,972 B 1013,70404 14570,92 9960,21 13312,429 12193,719 12490,152 S 10915,769 21864,668 10496,768 12366,202 8736,26 1318,8901
1,972 B 1013,70404 14570,92 9960,21 13312,429 12193,719 12490,152 S 10915,769 21864,668 10496,768 12366,202 8736,26 1318,8901
1,9720001 B 1013,70404 14570,92 9960,21 13312,429 12193,719 12490,152 S 10915,769 21864,668 10496,768 12366,202 8736,26 1318,8901
1,9719999 B 1013,70404 14570,92 9960,21 13312,429 12193,719 12490,152 S 10915,769 21864,668 10496,768 12366,202 8736,26 1318,8901
1,9719999 B 1013,70404 14570,92 9960,21 13312,429 12193,719 12490,152 S 10915,769 21864,668 10496,768 12366,202 8736,26 1318,8901
1,9720004 B 1013,70404 14570,92 9960,21 13312,429 12193,719 12490,152 S 10915,769 21864,668 10496,768 12366,202 8736,26 1318,8901
1,9719999 B 1013,70404 14570,92 9960,21 13312,429 12193,719 12490,152 S 10915,769 21864,668 10496,768 12366,202 8736,26 1318,8901
1,9720001 B 1013,70404 14570,92 9960,21 13312,429 12193,719 12490,152 S 10915,769 21864,668 10496,768 12366,202 8736,26 1318,8901
1,9719999 B 1013,70404 14570,92 9960,21 13312,429 12193,719 12490,152 S 10915,769 21864,668 10496,768 12366,202 8736,26 1318,8901
1,9728055 B 1013,70404 14570,92 9960,21 13312,429 12193,719 12490,152 S 10915,769 21864,668 10496,768 12366,202 8736,26 1318,8901
1,9750001 B 1013,70404 14570,92 9960,21 13312,429 12193,719 12490,152 S 10915,769 21864,668 10496,768 12366,202 8736,26 1318,8901
1,9750004 B 1013,70404 14570,92 9960,21 13312,429 12193,719 12490,152 S 10915,769 21864,668 10496,768 12366,202 8736,26 1318,8901
1,9750005 B 1013,70404 14570,92 9960,21 13312,429 12193,719 12490,152 S 10915,769 21864,668 10496,768 12366,202 8736,26 1318,8901
1,9750001 B 1013,70404 14570,92 9960,21 13312,429 12193,719 12490,152 S 10915,769 21864,668 10496,768 12366,202 8736,26 1318,8901
1,975 B 1013,70404 14570,92 9960,21 13312,429 12193,719 12490,152 S 10915,769 21864,668 10496,768 12366,202 8736,26 1318,8901
1,9750003 B 1013,70404 14570,92 9960,21 13312,429 12193,719 12490,152 S 10915,769 21864,668 10496,768 12366,202 8736,26 1318,8901
1,9750003 B 1013,70404 14570,92 9960,21 13312,429 12193,719 12490,152 S 10915,769 21864,668 10496,768 12366,202 8736,26 1318,8901
1,975001 B 1013,70404 14570,92 9960,21 13312,429 12193,719 12490,152 S 10915,769 21864,668 10496,768 12366,202 8736,26 1318,8901
1,9750005 B 1013,70404 14570,92 9960,21 13312,429 12193,719 12490,152 S 10915,769 21864,668 10496,768 12366,202 8736,26 1318,8901
1,9749999 B 1013,70404 14570,92 9960,21 13312,429 12193,719 12490,152 S 10915,769 21864,668 10496,768 12366,202 8736,26 1318,8901
1,9750007 B 1013,70404 14570,92 9960,21 13312,429 12193,719 12490,152 S 10915,769 21864,668 10496,768 12366,202 8736,26 1318,8901
1,975 B 1013,70404 14570,92 9960,21 13312,429 12193,719 12490,152 S 10915,769 21864,668 10496,768 12366,202 8736,26 1318,8901
1,9749998 B 1013,70404 14570,92 9960,21 13312,429 12193,719 12490,152 S 10915,769 21864,668 10496,768 12366,202 8736,26 1318,8901
1,9749998 B 1013,70404 14570,92 9960,21 13312,429 12193,719 12490,152 S 10915,769 21864,668 10496,768 12366,202 8736,26 1318,8901
1,975 B 1013,70404 14570,92 9960,21 13312,429 12193,719 12490,152 S 10915,769 21864,668 10496,768 12366,202 8736,26 1318,8901
1,9750001 B 1013,70404 14570,92 9960,21 13312,429 12193,719 12490,152 S 10915,769 21864,668 10496,768 12366,202 8736,26 1318,8901
1,9750005 B 1013,70404 14570,92 9960,21 13312,429 12193,719 12490,152 S 10915,769 21864,668 10496,768 12366,202 8736,26 1318,8901
1,9750006 B 1013,70404 14570,92 9960,21 13312,429 12193,719 12490,152 S 10915,769 21864,668 10496,768 12366,202 8736,26 1318,8901
1,9749995 B 1013,70404 14570,92 9960,21 13312,429 12193,719 12490,152 S 10915,769 21864,668 10496,768 12366,202 8736,26 1318,8901
1,9750004 B 1013,70404 14570,92 9960,21 13312,429 12193,719 12490,152 S 10915,769 21864,668 10496,768 12366,202 8736,26 1318,8901
1,9749998 B 1013,70404 14570,92 9960,21 13312,429 12193,719 12490,152 S 10915,769 21864,668 10496,768 12366,202 8736,26 1318,8901
1,9750001 B 1013,70404 14570,92 9960,21 13312,429 12193,719 12490,152 S 10915,769 21864,668 10496,768 12366,202 8736,26 1318,8901
1,9750001 B 1013,70404 14570,92 9960,21 13312,429 12193,719 12490,152 S 10915,769 21864,668 10496,768 12366,202 8736,26 1318,8901
1,9750003 B 1013,70404 14570,92 9960,21 13312,429 12193,719 12490,152 S 10915,769 21864,668 10496,768 12366,202 8736,26 1318,8901
1,9750005 B 1013,70404 14570,92 9960,21 13312,429 12193,719 12490,152 S 10915,769 21864,668 10496,768 12366,202 8736,26 1318,8901
1,975 B 1013,70404 14570,92 9960,21 13312,429 12193,719 12490,152 S 10915,769 21864,668 10496,768 12366,202 8736,26 1318,8901
1,9750001 B 1013,70404 14570,92 9960,21 13312,429 12193,719 12490,152 S 10915,769 21864,668 10496,768 12366,202 8736,26 1318,8901
1,9750003 B 1013,70404 14570,92 9960,21 13312,429 12193,719 12490,152 S 10915,769 21864,668 10496,768 12366,202 8736,26 1318,8901
1,9750003 B 1013,70404 14570,92 9960,21 13312,429 12193,719 12490,152 S 10915,769 21864,668 10496,768 12366,202 8736,26 1318,8901
1,9750005 B 1013,70404 14570,92 9960,21 13312,429 12193,719 12490,152 S 10915,769 21864,668 10496,768 12366,202 8736,26 1318,8901
1,9750003 B 1013,70404 14570,92 9960,21 13312,429 12193,719 12490,152 S 10915,769 21864,668 10496,768 12366,202 8736,26 1318,8901
1,9750001 B 1013,70404 14570,92 9960,21 13312,429 12193,719 12490,152 S 10915,769 21864,668 10496,768 12366,202 8736,26 1318,8901
1,9750007 B 1013,70404 14570,92 9960,21 13312,429 12193,719 12490,152 S 10915,769 21864,668 10496,768 12366,202 8736,26 1318,8901
1,9750003 B 1013,70404 14570,92 9960,21 13312,429 12193,719 12490,152 S 10915,769 21864,668 10496,768 12366,202 8736,26 1318,8901
1,9749999 B 1013,70404 14570,92 9960,21 13312,429 12193,719 12490,152 S 10915,769 21864,668 10496,768 12366,202 8736,26 1318,8901
1,975 B 1013,70404 14570,92 9960,21 13312,429 12193,719 12490,152 S 10915,769 21864,668 10496,768 12366,202 8736,26 1318,8901
1,9755615 B 1013,70404 14570,92 9960,21 13312,429 12193,719 12490,152 S 10915,769 21864,668 10496,768 12366,202 8736,26 1318,8901
1,9760009 B 1013,70404 14570,92 9960,21 13312,429 12193,719 12490,152 S 10915,769 21864,668 10496,768 12366,202 8736,26 1318,8901
1,9760005 B 1013,70404 14570,92 9960,21 13312,429 12193,719 12490,152 S 10915,769 21864,668 10496,768 12366,202 8736,26 1318,8901
1,9760002 B 1013,70404 14570,92 9960,21 13312,429 12193,719 12490,152 S 10915,769 21864,668 10496,768 12366,202 8736,26 1318,8901
1,9760009 B 1013,70404 14570,92 9960,21 13312,429 12193,719 12490,152 S 10915,769 21864,668 10496,768 12366,202 8736,26 1318,8901
1,9760002 B 1013,70404 14570,92 9960,21 13312,429 12193,719 12490,152 S 10915,769 21864,668 10496,768 12366,202 8736,26 1318,8901
1,9760005 B 1013,70404 14570,92 9960,21 13312,429 12193,719 12490,152 S 10915,769 21864,668 10496,768 12366,202 8736,26 1318,8901
1,9760003 B 1013,70404 14570,92 9960,21 13312,429 12193,719 12490,152 S 10915,769 21864,668 10496,768 12366,202 8736,26 1318,8901
1,9760003 B 1013,70404 14570,92 9960,21 13312,429 12193,719 12490,152 S 10915,769 21864,668 10496,768 12366,202 8736,26 1318,8901
1,9760003 B 1013,70404 14570,92 9960,21 13312,429 12193,719 12490,152 S 10915,769 21864,668 10496,768 12366,202 8736,26 1318,8901
1,9760007 B 1013,70404 14570,92 9960,21 13312,429 12193,719 12490,152 S 10915,769 21864,668 10496,768 12366,202 8736,26 1318,8901
1,9760002 B 1013,70404 14570,92 9960,21 13312,429 12193,719 12490,152 S 10915,769 21864,668 10496,768 12366,202 8736,26 1318,8901
1,9760004 B 1013,70404 14570,92 9960,21 13312,429 12193,719 12490,152 S 10915,769 21864,668 10496,768 12366,202 8736,26 1318,8901
1,9760002 B 1013,70404 14570,92 9960,21 13312,429 12193,719 12490,152 S 10915,769 21864,668 10496,768 12366,202 8736,26 1318,8901
1,9760011 B 1013,70404 14570,92 9960,21 13312,429 12193,719 12490,152 S 10915,769 21864,668 10496,768 12366,202 8736,26 1318,8901
1,9760005 B 1013,70404 14570,92 9960,21 13312,429 12193,719 12490,152 S 10915,769 21864,668 10496,768 12366,202 8736,26 1318,8901
1,9760004 B 1013,70404 14570,92 9960,21 13312,429 12193,719 12490,152 S 10915,769 21864,668 10496,768 12366,202 8736,26 1318,8901
1,9760004 B 1013,70404 14570,92 9960,21 13312,429 12193,719 12490,152 S 10915,769 21864,668 10496,768 12366,202 8736,26 1318,8901
1,9760002 B 1013,70404 14570,92 9960,21 13312,429 12193,719 12490,152 S 10915,769 21864,668 10496,768 12366,202 8736,26 1318,8901
1,9760001 B 1013,70404 14570,92 9960,21 13312,429 12193,719 12490,152 S 10915,769 21864,668 10496,768 12366,202 8736,26 1318,8901
1,9760002 B 1013,70404 14570,92 9960,21 13312,429 12193,719 12490,152 S 10915,769 21864,668 10496,768 12366,202 8736,26 1318,8901
1,9760005 B 1013,70404 14570,92 9960,21 13312,429 12193,719 12490,152 S 10915,769 21864,668 10496,768 12366,202 8736,26 1318,8901
1,9760009 B 1013,70404 14570,92 9960,21 13312,429 12193,719 12490,152 S 10915,769 21864,668 10496,768 12366,202 8736,26 1318,8901
1,9760001 B 1013,70404 14570,92 9960,21 13312,429 12193,719 12490,152 S 10915,769 21864,668 10496,768 12366,202 8736,26 1318,8901
1,9760007 B 1013,70404 14570,92 9960,21 13312,429 12193,719 12490,152 S 10915,769 21864,668 10496,768 12366,202 8736,26 1318,8901
1,9760005 B 1013,70404 14570,92 9960,21 13312,429 12193,719 12490,152 S 10915,769 21864,668 10496,768 12366,202 8736,26 1318,8901
1,9757098 B 1013,70404 14570,92 9960,21 13312,429 12193,719 12490,152 S 10915,769 21864,668 10496,768 12366,202 8736,26 1318,8901
1,9750003 B 1013,70404 14570,92 9960,21 13312,429 12193,719 12490,152 S 10915,769 21864,668 10496,768 12366,202 8736,26 1318,8901
1,975 B 1013,70404 14570,92 9960,21 13312,429 12193,719 12490,152 S 10915,769 21864,668 10496,768 12366,202 8736,26 1318,8901
1,9749999 B 1013,70404 14570,92 9960,21 13312,429 12193,719 12490,152 S 10915,769 21864,668 10496,768 12366,202 8736,26 1318,8901
1,975 B 1013,70404 14570,92 9960,21 13312,429 12193,719 12490,152 S 10915,769 21864,668 10496,768 12366,202 8736,26 1318,8901
1,9749999 B 1013,70404 14570,92 9960,21 13312,429 12193,719 12490,152 S 10915,769 21864,668 10496,768 12366,202 8736,26 1318,8901
1,9750004 B 1013,70404 14570,92 9960,21 13312,429 12193,719 12490,152 S 10915,769 21864,668 10496,768 12366,202 8736,26 1318,8901
1,9749998 B 1013,70404 14570,92 9960,21 13312,429 12193,719 12490,152 S 10915,769 21864,668 10496,768 12366,202 8736,26 1318,8901
1,9750003 B 1013,70404 14570,92 9960,21 13312,429 12193,719 12490,152 S 10915,769 21864,668 10496,768 12366,202 8736,26 1318,8901
1,975 B 1013,70404 14570,92 9960,21 13312,429 12193,719 12490,152 S 10915,769 21864,668 10496,768 12366,202 8736,26 1318,8901
1,9750005 B 1013,70404 14570,92 9960,21 13312,429 12193,719 12490,152 S 10915,769 21864,668 10496,768 12366,202 8736,26 1318,8901
1,9749997 B 1013,70404 14570,92 9960,21 13312,429 12193,719 12490,152 S 10915,769 21864,668 10496,768 12366,202 8736,26 1318,8901
1,9749999 B 1013,70404 14570,92 9960,21 13312,429 12193,719 12490,152 S 10915,769 21864,668 10496,768 12366,202 8736,26 1318,8901
1,9749999 B 1013,70404 14570,92 9960,21 13312,429 12193,719 12490,152 S 10915,769 21864,668 10496,768 12366,202 8736,26 1318,8901
1,9750001 B 1013,70404 14570,92 9960,21 13312,429 12193,719 12490,152 S 10915,769 21864,668 10496,768 12366,202 8736,26 1318,8901
1,975 B 1013,70404 14570,92 9960,21 13312,429 12193,719 12490,152 S 10915,769 21864,668 10496,768 12366,202 8736,26 1318,8901
1,9749999 B 1013,70404 14570,92 9960,21 13312,429 12193,719 12490,152 S 10915,769 21864,668 10496,768 12366,202 8736,26 1318,8901
1,9750005 B 1013,70404 14570,92 9960,21 13312,429 12193,719 12490,152 S 10915,769 21864,668 10496,768 12366,202 8736,26 1318,8901
1,9749999 B 1013,70404 14570,92 9960,21 13312,429 12193,719 12490,152 S 10915,769 21864,668 10496,768 12366,202 8736,26 1318,8901
1,975 B 1013,70404 14570,92 9960,21 13312,429 12193,719 12490,152 S 10915,769 21864,668 10496,768 12366,202 8736,26 1318,8901
1,9750003 B 1013,70404 14570,92 9960,21 13312,429 12193,719 12490,152 S 10915,769 21864,668 10496,768 12366,202 8736,26 1318,8901
