1,9788039
1,9779998 B 9855,351 17923,137 10306,628 18235,637 4225,1997 1208,97 S 1761,9158 7518,225 15646,306 2532,566 13212,685 8124,8896
1,9780004 B 9855,351 17923,137 10306,628 18235,637 4225,1997 1208,97 S 1761,9158 7518,225 15646,306 2532,566 13212,685 8124,8896
1,9780002 B 9855,351 17923,137 10306,628 18235,637 4225,1997 1208,97 S 1761,9158 7518,225 15646,306 2532,566 13212,685 8124,8896
1,9781142 B 9855,351 17923,137 10306,628 18235,637 4225,1997 1208,97 S 1761,9158 7518,225 15646,306 2532,566 13212,685 8124,8896
1,9789999 B 9855,351 17923,137 10306,628 18235,637 4225,1997 1208,97 S 1761,9158 7518,225 15646,306 2532,566 13212,685 8124,8896
1,979 B 9855,351 17923,137 10306,628 18235,637 4225,1997 1208,97 S 1761,9158 7518,225 15646,306 2532,566 13212,685 8124,8896
1,979 B 9855,351 17923,137 10306,628 18235,637 4225,1997 1208,97 S 1761,9158 7518,225 15646,306 2532,566 13212,685 8124,8896
1,979 B 9855,351 17923,137 10306,628 18235,637 4225,1997 1208,97 S 1761,9158 7518,225 15646,306 2532,566 13212,685 8124,8896
1,9789999 B 9855,351 17923,137 10306,628 18235,637 4225,1997 1208,97 S 1761,9158 7518,225 15646,306 2532,566 13212,685 8124,8896
1,9789995 B 9855,351 17923,137 10306,628 18235,637 4225,1997 1208,97 S 1761,9158 7518,225 15646,306 2532,566 13212,685 8124,8896
1,9789997 B 9855,351 17923,137 10306,628 18235,637 4225,1997 1208,97 S 1761,9158 7518,225 15646,306 2532,566 13212,685 8124,8896
1,9789999 B 9855,351 17923,137 10306,628 18235,637 4225,1997 1208,97 S 1761,9158 7518,225 15646,306 2532,566 13212,685 8124,8896
1,9784936 B 9855,351 17923,137 10306,628 18235,637 4225,1997 1208,97 S 1761,9158 7518,225 15646,306 2532,566 13212,685 8124,8896
1,9779999 B 9855,351 17923,137 10306,628 18235,637 4225,1997 1208,97 S 1761,9158 7518,225 15646,306 2532,566 13212,685 8124,8896
1,978 B 9855,351 17923,137 10306,628 18235,637 4225,1997 1208,97 S 1761,9158 7518,225 15646,306 2532,566 13212,685 8124,8896
1,9780002 B 9855,351 17923,137 10306,628 18235,637 4225,1997 1208,97 S 1761,9158 7518,225 15646,306 2532,566 13212,685 8124,8896
1,9780002 B 9855,351 17923,137 10306,628 18235,637 4225,1997 1208,97 S 1761,9158 7518,225 15646,306 2532,566 13212,685 8124,8896
1,978 B 9855,351 17923,137 10306,628 18235,637 4225,1997 1208,97 S 1761,9158 7518,225 15646,306 2532,566 13212,685 8124,8896
1,9779998 B 9855,351 17923,137 10306,628 18235,637 4225,1997 1208,97 S 1761,9158 7518,225 15646,306 2532,566 13212,685 8124,8896
1,9779998 B 9855,351 17923,137 10306,628 18235,637 4225,1997 1208,97 S 1761,9158 7518,225 15646,306 2532,566 13212,685 8124,8896
1,9779998 B 9855,351 17923,137 10306,628 18235,637 4225,1997 1208,97 S 1761,9158 7518,225 15646,306 2532,566 13212,685 8124,8896
1,9780002 B 9855,351 17923,137 10306,628 18235,637 4225,1997 1208,97 S 1761,9158 7518,225 15646,306 2532,566 13212,685 8124,8896
1,9780002 B 9855,351 17923,137 10306,628 18235,637 4225,1997 1208,97 S 1761,9158 7518,225 15646,306 2532,566 13212,685 8124,8896
1,9779998 B 9855,351 17923,137 10306,628 18235,637 4225,1997 1208,97 S 1761,9158 7518,225 15646,306 2532,566 13212,685 8124,8896
1,9777333 B 9855,351 17923,137 10306,628 18235,637 4225,1997 1208,97 S 1761,9158 7518,225 15646,306 2532,566 13212,685 8124,8896
1,9762185 B 9855,351 17923,137 10306,628 18235,637 4225,1997 1208,97 S 1761,9158 7518,225 15646,306 2532,566 13212,685 8124,8896
1,976001 B 9855,351 17923,137 10306,628 18235,637 4225,1997 1208,97 S 1761,9158 7518,225 15646,306 2532,566 13212,685 8124,8896
1,9760002 B 9855,351 17923,137 10306,628 18235,637 4225,1997 1208,97 S 1761,9158 7518,225 15646,306 2532,566 13212,685 8124,8896
1,9760007 B 9855,351 17923,137 10306,628 18235,637 4225,1997 1208,97 S 1761,9158 7518,225 15646,306 2532,566 13212,685 8124,8896
1,9760001 B 9855,351 17923,137 10306,628 18235,637 4225,1997 1208,97 S 1761,9158 7518,225 15646,306 2532,566 13212,685 8124,8896
1,9760003 B 9855,351 17923,137 10306,628 18235,637 4225,1997 1208,97 S 1761,9158 7518,225 15646,306 2532,566 13212,685 8124,8896
1,9760003 B 9855,351 17923,137 10306,628 18235,637 4225,1997 1208,97 S 1761,9158 7518,225 15646,306 2532,566 13212,685 8124,8896
1,9760003 B 9855,351 17923,137 10306,628 18235,637 4225,1997 1208,97 S 1761,9158 7518,225 15646,306 2532,566 13212,685 8124,8896
1,9760001 B 9855,351 17923,137 10306,628 18235,637 4225,1997 1208,97 S 1761,9158 7518,225 15646,306 2532,566 13212,685 8124,8896
1,976 B 9855,351 17923,137 10306,628 18235,637 4225,1997 1208,97 S 1761,9158 7518,225 15646,306 2532,566 13212,685 8124,8896
1,9760003 B 9855,351 17923,137 10306,628 18235,637 4225,1997 1208,97 S 1761,9158 7518,225 15646,306 2532,566 13212,685 8124,8896
1,9760005 B 9855,351 17923,137 10306,628 18235,637 4225,1997 1208,97 S 1761,9158 7518,225 15646,306 2532,566 13212,685 8124,8896
1,9760003 B 9855,351 17923,137 10306,628 18235,637 4225,1997 1208,97 S 1761,9158 7518,225 15646,306 2532,566 13212,685 8124,8896
1,976 B 9855,351 17923,137 10306,628 18235,637 4225,1997 1208,97 S 1761,9158 7518,225 15646,306 2532,566 13212,685 8124,8896
1,9760009 B 9855,351 17923,137 10306,628 18235,637 4225,1997 1208,97 S 1761,9158 7518,225 15646,306 2532,566 13212,685 8124,8896
1,9760007 B 9855,351 17923,137 10306,628 18235,637 4225,1997 1208,97 S 1761,9158 7518,225 15646,306 2532,566 13212,685 8124,8896
1,9760002 B 9855,351 17923,137 10306,628 18235,637 4225,1997 1208,97 S 1761,9158 7518,225 15646,306 2532,566 13212,685 8124,8896
1,9760005 B 9855,351 17923,137 10306,628 18235,637 4225,1997 1208,97 S 1761,9158 7518,225 15646,306 2532,566 13212,685 8124,8896
1,9760004 B 9855,351 17923,137 10306,628 18235,637 4225,1997 1208,97 S 1761,9158 7518,225 15646,306 2532,566 13212,685 8124,8896
1,9760001 B 9855,351 17923,137 10306,628 18235,637 4225,1997 1208,97 S 1761,9158 7518,225 15646,306 2532,566 13212,685 8124,8896
1,9760002 B 9855,351 17923,137 10306,628 18235,637 4225,1997 1208,97 S 1761,9158 7518,225 15646,306 2532,566 13212,685 8124,8896
1,9760004 B 9855,351 17923,137 10306,628 18235,637 4225,1997 1208,97 S 1761,9158 7518,225 15646,306 2532,566 13212,685 8124,8896
1,9760793 B 9855,351 17923,137 10306,628 18235,637 4225,1997 1208,97 S 1761,9158 7518,225 15646,306 2532,566 13212,685 8124,8896
1,9770004 B 9855,351 17923,137 10306,628 18235,637 4225,1997 1208,97 S 1761,9158 7518,225 15646,306 2532,566 13212,685 8124,8896
1,9769999 B 9855,351 17923,137 10306,628 18235,637 4225,1997 1208,97 S 1761,9158 7518,225 15646,306 2532,566 13212,685 8124,8896
1,9770004 B 9855,351 17923,137 10306,628 18235,637 4225,1997 1208,97 S 1761,9158 7518,225 15646,306 2532,566 13212,685 8124,8896
1,9769996 B 9855,351 17923,137 10306,628 18235,637 4225,1997 1208,97 S 1761,9158 7518,225 15646,306 2532,566 13212,685 8124,8896
1,9770001 B 9855,351 17923,137 10306,628 18235,637 4225,1997 1208,97 S 1761,9158 7518,225 15646,306 2532,566 13212,685 8124,8896
1,9770005 B 9855,351 17923,137 10306,628 18235,637 4225,1997 1208,97 S 1761,9158 7518,225 15646,306 2532,566 13212,685 8124,8896
1,9770008 B 9855,351 17923,137 10306,628 18235,637 4225,1997 1208,97 S 1761,9158 7518,225 15646,306 2532,566 13212,685 8124,8896
1,9769998 B 9855,351 17923,137 10306,628 18235,637 4225,1997 1208,97 S 1761,9158 7518,225 15646,306 2532,566 13212,685 8124,8896
1,9770001 B 9855,351 17923,137 10306,628 18235,637 4225,1997 1208,97 S 1761,9158 7518,225 15646,306 2532,566 13212,685 8124,8896
1,9769995 B 9855,351 17923,137 10306,628 18235,637 4225,1997 1208,97 S 1761,9158 7518,225 15646,306 2532,566 13212,685 8124,8896
1,9770004 B 9855,351 17923,137 10306,628 18235,637 4225,1997 1208,97 S 1761,9158 7518,225 15646,306 2532,566 13212,685 8124,8896
1,9770006 B 9855,351 17923,137 10306,628 18235,637 4225,1997 1208,97 S 1761,9158 7518,225 15646,306 2532,566 13212,685 8124,8896
1,9770001 B 9855,351 17923,137 10306,628 18235,637 4225,1997 1208,97 S 1761,9158 7518,225 15646,306 2532,566 13212,685 8124,8896
1,977 B 9855,351 17923,137 10306,628 18235,637 4225,1997 1208,97 S 1761,9158 7518,225 15646,306 2532,566 13212,685 8124,8896
1,9770007 B 9855,351 17923,137 10306,628 18235,637 4225,1997 1208,97 S 1761,9158 7518,225 15646,306 2532,566 13212,685 8124,8896
1,9769996 B 9855,351 17923,137 10306,628 18235,637 4225,1997 1208,97 S 1761,9158 7518,225 15646,306 2532,566 13212,685 8124,8896
1,9769996 B 9855,351 17923,137 10306,628 18235,637 4225,1997 1208,97 S 1761,9158 7518,225 15646,306 2532,566 13212,685 8124,8896
1,9769999 B 9855,351 17923,137 10306,628 18235,637 4225,1997 1208,97 S 1761,9158 7518,225 15646,306 2532,566 13212,685 8124,8896
1,9770005 B 9855,351 17923,137 10306,628 18235,637 4225,1997 1208,97 S 1761,9158 7518,225 15646,306 2532,566 13212,685 8124,8896
1,9770005 B 9855,351 17923,137 10306,628 18235,637 4225,1997 1208,97 S 1761,9158 7518,225 15646,306 2532,566 13212,685 8124,8896
1,9770006 B 9855,351 17923,137 10306,628 18235,637 4225,1997 1208,97 S 1761,9158 7518,225 15646,306 2532,566 13212,685 8124,8896
1,977 B 9855,351 17923,137 10306,628 18235,637 4225,1997 1208,97 S 1761,9158 7518,225 15646,306 2532,566 13212,685 8124,8896
1,9769999 B 9855,351 17923,137 10306,628 18235,637 4225,1997 1208,97 S 1761,9158 7518,225 15646,306 2532,566 13212,685 8124,8896
1,977 B 9855,351 17923,137 10306,628 18235,637 4225,1997 1208,97 S 1761,9158 7518,225 15646,306 2532,566 13212,685 8124,8896
1,9770001 B 9855,351 17923,137 10306,628 18235,637 4225,1997 1208,97 S 1761,9158 7518,225 15646,306 2532,566 13212,685 8124,8896
1,9769998 B 9855,351 17923,137 10306,628 18235,637 4225,1997 1208,97 S 1761,9158 7518,225 15646,306 2532,566 13212,685 8124,8896
1,9770006 B 9855,351 17923,137 10306,628 18235,637 4225,1997 1208,97 S 1761,9158 7518,225 15646,306 2532,566 13212,685 8124,8896
1,9769998 B 9855,351 17923,137 10306,628 18235,637 4225,1997 1208,97 S 1761,9158 7518,225 15646,306 2532,566 13212,685 8124,8896
1,9769999 B 9855,351 17923,137 10306,628 18235,637 4225,1997 1208,97 S 1761,9158 7518,225 15646,306 2532,566 13212,685 8124,8896
1,9769998 B 9855,351 17923,137 10306,628 18235,637 4225,1997 1208,97 S 1761,9158 7518,225 15646,306 2532,566 13212,685 8124,8896
1,9769999 B 9855,351 17923,137 10306,628 18235,637 4225,1997 1208,97 S 1761,9158 7518,225 15646,306 2532,566 13212,685 8124,8896
1,9769999 B 9855,351 17923,137 10306,628 18235,637 4225,1997 1208,97 S 1761,9158 7518,225 15646,306 2532,566 13212,685 8124,8896
1,9770008 B 9855,351 17923,137 10306,628 18235,637 4225,1997 1208,97 S 1761,9158 7518,225 15646,306 2532,566 13212,685 8124,8896
1,977 B 9855,351 17923,137 10306,628 18235,637 4225,1997 1208,97 S 1761,9158 7518,225 15646,306 2532,566 13212,685 8124,8896
1,9770005 B 9855,351 17923,137 10306,628 18235,637 4225,1997 1208,97 S 1761,9158 7518,225 15646,306 2532,566 13212,685 8124,8896
1,9770004 B 9855,351 17923,137 10306,628 18235,637 4225,1997 1208,97 S 1761,9158 7518,225 15646,306 2532,566 13212,685 8124,8896
1,977 B 9855,351 17923,137 10306,628 18235,637 4225,1997 1208,97 S 1761,9158 7518,225 15646,306 2532,566 13212,685 8124,8896
1,9769993 B 9855,351 17923,137 10306,628 18235,637 4225,1997 1208,97 S 1761,9158 7518,225 15646,306 2532,566 13212,685 8124,8896
1,9770001 B 9855,351 17923,137 10306,628 18235,637 4225,1997 1208,97 S 1761,9158 7518,225 15646,306 2532,566 13212,685 8124,8896
1,9769995 B 9855,351 17923,137 10306,628 18235,637 4225,1997 1208,97 S 1761,9158 7518,225 15646,306 2532,566 13212,685 8124,8896
1,9769999 B 9855,351 17923,137 10306,628 18235,637 4225,1997 1208,97 S 1761,9158 7518,225 15646,306 2532,566 13212,685 8124,8896
1,9770001 B 9855,351 17923,137 10306,628 18235,637 4225,1997 1208,97 S 1761,9158 7518,225 15646,306 2532,566 13212,685 8124,8896
1,9770005 B 9855,351 17923,137 10306,628 18235,637 4225,1997 1208,97 S 1761,9158 7518,225 15646,306 2532,566 13212,685 8124,8896
1,9770005 B 9855,351 17923,137 10306,628 18235,637 4225,1997 1208,97 S 1761,9158 7518,225 15646,306 2532,566 13212,685 8124,8896
1,9770006 B 9855,351 17923,137 10306,628 18235,637 4225,1997 1208,97 S 1761,9158 7518,225 15646,306 2532,566 13212,685 8124,8896
1,9767262 B 9855,351 17923,137 10306,628 18235,637 4225,1997 1208,97 S 1761,9158 7518,225 15646,306 2532,566 13212,685 8124,8896
1,9750001 B 9855,351 17923,137 10306,628 18235,637 4225,1997 1208,97 S 1761,9158 7518,225 15646,306 2532,566 13212,685 8124,8896
1,9741322 B 9855,351 17923,137 10306,628 18235,637 4225,1997 1208,97 S 1761,9158 7518,225 15646,306 2532,566 13212,685 8124,8896
1,9740006 B 9855,351 17923,137 10306,628 18235,637 4225,1997 1208,97 S 1761,9158 7518,225 15646,306 2532,566 13212,685 8124,8896
1,9740003 B 9855,351 17923,137 10306,628 18235,637 4225,1997 1208,97 S 1761,9158 7518,225 15646,306 2532,566 13212,685 8124,8896
1,9740003 B 9855,351 17923,137 10306,628 18235,637 4225,1997 1208,97 S 1761,9158 7518,225 15646,306 2532,566 13212,685 8124,8896
1,9740006 B 9855,351 17923,137 10306,628 18235,637 4225,1997 1208,97 S 1761,9158 7518,225 15646,306 2532,566 13212,685 8124,8896
1,9739999 B 9855,351 17923,137 10306,628 18235,637 4225,1997 1208,97 S 1761,9158 7518,225 15646,306 2532,566 13212,685 8124,8896
1,9740005 B 9855,351 17923,137 10306,628 18235,637 4225,1997 1208,97 S 1761,9158 7518,225 15646,306 2532,566 13212,685 8124,8896
1,9740002 B 9855,351 17923,137 10306,628 18235,637 4225,1997 1208,97 S 1761,9158 7518,225 15646,306 2532,566 13212,685 8124,8896
1,973636 B 9855,351 17923,137 10306,628 18235,637 4225,1997 1208,97 S 1761,9158 7518,225 15646,306 2532,566 13212,685 8124,8896
1,9729997 B 9855,351 17923,137 10306,628 18235,637 4225,1997 1208,97 S 1761,9158 7518,225 15646,306 2532,566 13212,685 8124,8896
1,9730003 B 9855,351 17923,137 10306,628 18235,637 4225,1997 1208,97 S 1761,9158 7518,225 15646,306 2532,566 13212,685 8124,8896
1,9729998 B 9855,351 17923,137 10306,628 18235,637 4225,1997 1208,97 S 1761,9158 7518,225 15646,306 2532,566 13212,685 8124,8896
1,9729995 B 9855,351 17923,137 10306,628 18235,637 4225,1997 1208,97 S 1761,9158 7518,225 15646,306 2532,566 13212,685 8124,8896
1,9729996 B 9855,351 17923,137 10306,628 18235,637 4225,1997 1208,97 S 1761,9158 7518,225 15646,306 2532,566 13212,685 8124,8896
1,9729998 B 9855,351 17923,137 10306,628 18235,637 4225,1997 1208,97 S 1761,9158 7518,225 15646,306 2532,566 13212,685 8124,8896
1,9729999 B 9855,351 17923,137 10306,628 18235,637 4225,1997 1208,97 S 1761,9158 7518,225 15646,306 2532,566 13212,685 8124,8896
1,973 B 9855,351 17923,137 10306,628 18235,637 4225,1997 1208,97 S 1761,9158 7518,225 15646,306 2532,566 13212,685 8124,8896
1,9729999 B 9855,351 17923,137 10306,628 18235,637 4225,1997 1208,97 S 1761,9158 7518,225 15646,306 2532,566 13212,685 8124,8896
1,9729998 B 9855,351 17923,137 10306,628 18235,637 4225,1997 1208,97 S 1761,9158 7518,225 15646,306 2532,566 13212,685 8124,8896
1,9729999 B 9855,351 17923,137 10306,628 18235,637 4225,1997 1208,97 S 1761,9158 7518,225 15646,306 2532,566 13212,685 8124,8896
1,973 B 9855,351 17923,137 10306,628 18235,637 4225,1997 1208,97 S 1761,9158 7518,225 15646,306 2532,566 13212,685 8124,8896
1,9730004 B 9855,351 17923,137 10306,628 18235,637 4225,1997 1208,97 S 1761,9158 7518,225 15646,306 2532,566 13212,685 8124,8896
1,9729998 B 9855,351 17923,137 10306,628 18235,637 4225,1997 1208,97 S 1761,9158 7518,225 15646,306 2532,566 13212,685 8124,8896
1,9729999 B 9855,351 17923,137 10306,628 18235,637 4225,1997 1208,97 S 1761,9158 7518,225 15646,306 2532,566 13212,685 8124,8896
1,973 B 9855,351 17923,137 10306,628 18235,637 4225,1997 1208,97 S 1761,9158 7518,225 15646,306 2532,566 13212,685 8124,8896
1,9730003 B 9855,351 17923,137 10306,628 18235,637 4225,1997 1208,97 S 1761,9158 7518,225 15646,306 2532,566 13212,685 8124,8896
1,974855 B 9855,351 17923,137 10306,628 18235,637 4225,1997 1208,97 S 1761,9158 7518,225 15646,306 2532,566 13212,685 8124,8896
1,9749999 B 9855,351 17923,137 10306,628 18235,637 4225,1997 1208,97 S 1761,9158 7518,225 15646,306 2532,566 13212,685 8124,8896
1,9749999 B 9855,351 17923,137 10306,628 18235,637 4225,1997 1208,97 S 1761,9158 7518,225 15646,306 2532,566 13212,685 8124,8896
1,9749995 B 9855,351 17923,137 10306,628 18235,637 4225,1997 1208,97 S 1761,9158 7518,225 15646,306 2532,566 13212,685 8124,8896
1,9749997 B 9855,351 17923,137 10306,628 18235,637 4225,1997 1208,97 S 1761,9158 7518,225 15646,306 2532,566 13212,685 8124,8896
1,9750003 B 9855,351 17923,137 10306,628 18235,637 4225,1997 1208,97 S 1761,9158 7518,225 15646,306 2532,566 13212,685 8124,8896
1,9750003 B 9855,351 17923,137 10306,628 18235,637 4225,1997 1208,97 S 1761,9158 7518,225 15646,306 2532,566 13212,685 8124,8896
1,9749998 B 9855,351 17923,137 10306,628 18235,637 4225,1997 1208,97 S 1761,9158 7518,225 15646,306 2532,566 13212,685 8124,8896
1,9750006 B 9855,351 17923,137 10306,628 18235,637 4225,1997 1208,97 S 1761,9158 7518,225 15646,306 2532,566 13212,685 8124,8896
1,9750005 B 9855,351 17923,137 10306,628 18235,637 4225,1997 1208,97 S 1761,9158 7518,225 15646,306 2532,566 13212,685 8124,8896
1,9749999 B 9855,351 17923,137 10306,628 18235,637 4225,1997 1208,97 S 1761,9158 7518,225 15646,306 2532,566 13212,685 8124,8896
1,9750004 B 9855,351 17923,137 10306,628 18235,637 4225,1997 1208,97 S 1761,9158 7518,225 15646,306 2532,566 13212,685 8124,8896
1,9750003 B 9855,351 17923,137 10306,628 18235,637 4225,1997 1208,97 S 1761,9158 7518,225 15646,306 2532,566 13212,685 8124,8896
1,9750006 B 9855,351 17923,137 10306,628 18235,637 4225,1997 1208,97 S 1761,9158 7518,225 15646,306 2532,566 13212,685 8124,8896
1,9750004 B 9855,351 17923,137 10306,628 18235,637 4225,1997 1208,97 S 1761,9158 7518,225 15646,306 2532,566 13212,685 8124,8896
1,9750005 B 9855,351 17923,137 10306,628 18235,637 4225,1997 1208,97 S 1761,9158 7518,225 15646,306 2532,566 13212,685 8124,8896
1,9752654 B 9855,351 17923,137 10306,628 18235,637 4225,1997 1208,97 S 1761,9158 7518,225 15646,306 2532,566 13212,685 8124,8896
1,9779994 B 9855,351 17923,137 10306,628 18235,637 4225,1997 1208,97 S 1761,9158 7518,225 15646,306 2532,566 13212,685 8124,8896
1,9779998 B 9855,351 17923,137 10306,628 18235,637 4225,1997 1208,97 S 1761,9158 7518,225 15646,306 2532,566 13212,685 8124,8896
1,9779994 B 9855,351 17923,137 10306,628 18235,637 4225,1997 1208,97 S 1761,9158 7518,225 15646,306 2532,566 13212,685 8124,8896
1,9780005 B 9855,351 17923,137 10306,628 18235,637 4225,1997 1208,97 S 1761,9158 7518,225 15646,306 2532,566 13212,685 8124,8896
1,9779999 B 9855,351 17923,137 10306,628 18235,637 4225,1997 1208,97 S 1761,9158 7518,225 15646,306 2532,566 13212,685 8124,8896
1,9780003 B 9855,351 17923,137 10306,628 18235,637 4225,1997 1208,97 S 1761,9158 7518,225 15646,306 2532,566 13212,685 8124,8896
1,9788288 B 9855,351 17923,137 10306,628 18235,637 4225,1997 1208,97 S 1761,9158 7518,225 15646,306 2532,566 13212,685 8124,8896
1,9789997 B 9855,351 17923,137 10306,628 18235,637 4225,1997 1208,97 S 1761,9158 7518,225 15646,306 2532,566 13212,685 8124,8896
1,9790003 B 9855,351 17923,137 10306,628 18235,637 4225,1997 1208,97 S 1761,9158 7518,225 15646,306 2532,566 13212,685 8124,8896
1,9790002 B 9855,351 17923,137 10306,628 18235,637 4225,1997 1208,97 S 1761,9158 7518,225 15646,306 2532,566 13212,685 8124,8896
1,9789997 B 9855,351 17923,137 10306,628 18235,637 4225,1997 1208,97 S 1761,9158 7518,225 15646,306 2532,566 13212,685 8124,8896
1,9789997 B 9855,351 17923,137 10306,628 18235,637 4225,1997 1208,97 S 1761,9158 7518,225 15646,306 2532,566 13212,685 8124,8896
1,9790001 B 9855,351 17923,137 10306,628 18235,637 4225,1997 1208,97 S 1761,9158 7518,225 15646,306 2532,566 13212,685 8124,8896
1,9795845 B 9855,351 17923,137 10306,628 18235,637 4225,1997 1208,97 S 1761,9158 7518,225 15646,306 2532,566 13212,685 8124,8896
1,9800003 B 9855,351 17923,137 10306,628 18235,637 4225,1997 1208,97 S 1761,9158 7518,225 15646,306 2532,566 13212,685 8124,8896
1,9800006 B 9855,351 17923,137 10306,628 18235,637 4225,1997 1208,97 S 1761,9158 7518,225 15646,306 2532,566 13212,685 8124,8896
1,9800004 B 9855,351 17923,137 10306,628 18235,637 4225,1997 1208,97 S 1761,9158 7518,225 15646,306 2532,566 13212,685 8124,8896
1,9799998 B 9855,351 17923,137 10306,628 18235,637 4225,1997 1208,97 S 1761,9158 7518,225 15646,306 2532,566 13212,685 8124,8896
1,9799994 B 9855,351 17923,137 10306,628 18235,637 4225,1997 1208,97 S 1761,9158 7518,225 15646,306 2532,566 13212,685 8124,8896
1,9809022 B 9855,351 17923,137 10306,628 18235,637 4225,1997 1208,97 S 1761,9158 7518,225 15646,306 2532,566 13212,685 8124,8896
1,9810004 B 9855,351 17923,137 10306,628 18235,637 4225,1997 1208,97 S 1761,9158 7518,225 15646,306 2532,566 13212,685 8124,8896
1,9809997 B 9855,351 17923,137 10306,628 18235,637 4225,1997 1208,97 S 1761,9158 7518,225 15646,306 2532,566 13212,685 8124,8896
1,9812979 B 9855,351 17923,137 10306,628 18235,637 4225,1997 1208,97 S 1761,9158 7518,225 15646,306 2532,566 13212,685 8124,8896
1,9820001 B 9855,351 17923,137 10306,628 18235,637 4225,1997 1208,97 S 1761,9158 7518,225 15646,306 2532,566 13212,685 8124,8896
1,982 B 9855,351 17923,137 10306,628 18235,637 4225,1997 1208,97 S 1761,9158 7518,225 15646,306 2532,566 13212,685 8124,8896
1,982987 B 9855,351 17923,137 10306,628 18235,637 4225,1997 1208,97 S 1761,9158 7518,225 15646,306 2532,566 13212,685 8124,8896
1,983 B 9855,351 17923,137 10306,628 18235,637 4225,1997 1208,97 S 1761,9158 7518,225 15646,306 2532,566 13212,685 8124,8896
1,9830003 B 9855,351 17923,137 10306,628 18235,637 4225,1997 1208,97 S 1761,9158 7518,225 15646,306 2532,566 13212,685 8124,8896
1,9830004 B 9855,351 17923,137 10306,628 18235,637 4225,1997 1208,97 S 1761,9158 7518,225 15646,306 2532,566 13212,685 8124,8896
1,983 B 9855,351 17923,137 10306,628 18235,637 4225,1997 1208,97 S 1761,9158 7518,225 15646,306 2532,566 13212,685 8124,8896
1,9830004 B 9855,351 17923,137 10306,628 18235,637 4225,1997 1208,97 S 1761,9158 7518,225 15646,306 2532,566 13212,685 8124,8896
1,9829999 B 9855,351 17923,137 10306,628 18235,637 4225,1997 1208,97 S 1761,9158 7518,225 15646,306 2532,566 13212,685 8124,8896
1,9829999 B 9855,351 17923,137 10306,628 18235,637 4225,1997 1208,97 S 1761,9158 7518,225 15646,306 2532,566 13212,685 8124,8896
1,9830006 B 9855,351 17923,137 10306,628 18235,637 4225,1997 1208,97 S 1761,9158 7518,225 15646,306 2532,566 13212,685 8124,8896
1,983 B 9855,351 17923,137 10306,628 18235,637 4225,1997 1208,97 S 1761,9158 7518,225 15646,306 2532,566 13212,685 8124,8896
1,9830002 B 9855,351 17923,137 10306,628 18235,637 4225,1997 1208,97 S 1761,9158 7518,225 15646,306 2532,566 13212,685 8124,8896
1,9830002 B 9855,351 17923,137 10306,628 18235,637 4225,1997 1208,97 S 1761,9158 7518,225 15646,306 2532,566 13212,685 8124,8896
1,9830004 B 9855,351 17923,137 10306,628 18235,637 4225,1997 1208,97 S 1761,9158 7518,225 15646,306 2532,566 13212,685 8124,8896
1,9830004 B 9855,351 17923,137 10306,628 18235,637 4225,1997 1208,97 S 1761,9158 7518,225 15646,306 2532,566 13212,685 8124,8896
1,9830006 B 9855,351 17923,137 10306,628 18235,637 4225,1997 1208,97 S 1761,9158 7518,225 15646,306 2532,566 13212,685 8124,8896
1,983 B 9855,351 17923,137 10306,628 18235,637 4225,1997 1208,97 S 1761,9158 7518,225 15646,306 2532,566 13212,685 8124,8896
1,983 B 9855,351 17923,137 10306,628 18235,637 4225,1997 1208,97 S 1761,9158 7518,225 15646,306 2532,566 13212,685 8124,8896
1,9830006 B 9855,351 17923,137 10306,628 18235,637 4225,1997 1208,97 S 1761,9158 7518,225 15646,306 2532,566 13212,685 8124,8896
1,9830004 B 9855,351 17923,137 10306,628 18235,637 4225,1997 1208,97 S 1761,9158 7518,225 15646,306 2532,566 13212,685 8124,8896
1,9830003 B 9855,351 17923,137 10306,628 18235,637 4225,1997 1208,97 S 1761,9158 7518,225 15646,306 2532,566 13212,685 8124,8896
1,9838657 B 9855,351 17923,137 10306,628 18235,637 4225,1997 1208,97 S 1761,9158 7518,225 15646,306 2532,566 13212,685 8124,8896
1,985 B 9855,351 17923,137 10306,628 18235,637 4225,1997 1208,97 S 1761,9158 7518,225 15646,306 2532,566 13212,685 8124,8896
1,9850001 B 9855,351 17923,137 10306,628 18235,637 4225,1997 1208,97 S 1761,9158 7518,225 15646,306 2532,566 13212,685 8124,8896
1,9849998 B 9855,351 17923,137 10306,628 18235,637 4225,1997 1208,97 S 1761,9158 7518,225 15646,306 2532,566 13212,685 8124,8896
1,9850004 B 9855,351 17923,137 10306,628 18235,637 4225,1997 1208,97 S 1761,9158 7518,225 15646,306 2532,566 13212,685 8124,8896
1,9850483 B 9855,351 17923,137 10306,628 18235,637 4225,1997 1208,97 S 1761,9158 7518,225 15646,306 2532,566 13212,685 8124,8896
1,986 B 9855,351 17923,137 10306,628 18235,637 4225,1997 1208,97 S 1761,9158 7518,225 15646,306 2532,566 13212,685 8124,8896
1,9853866 B 9855,351 17923,137 10306,628 18235,637 4225,1997 1208,97 S 1761,9158 7518,225 15646,306 2532,566 13212,685 8124,8896
1,9850001 B 9855,351 17923,137 10306,628 18235,637 4225,1997 1208,97 S 1761,9158 7518,225 15646,306 2532,566 13212,685 8124,8896
1,9850006 B 9855,351 17923,137 10306,628 18235,637 4225,1997 1208,97 S 1761,9158 7518,225 15646,306 2532,566 13212,685 8124,8896
1,9850001 B 9855,351 17923,137 10306,628 18235,637 4225,1997 1208,97 S 1761,9158 7518,225 15646,306 2532,566 13212,685 8124,8896
1,9850001 B 9855,351 17923,137 10306,628 18235,637 4225,1997 1208,97 S 1761,9158 7518,225 15646,306 2532,566 13212,685 8124,8896
1,9850001 B 9855,351 17923,137 10306,628 18235,637 4225,1997 1208,97 S 1761,9158 7518,225 15646,306 2532,566 13212,685 8124,8896
1,9850005 B 9855,351 17923,137 10306,628 18235,637 4225,1997 1208,97 S 1761,9158 7518,225 15646,306 2532,566 13212,685 8124,8896
1,9849994 B 9855,351 17923,137 10306,628 18235,637 4225,1997 1208,97 S 1761,9158 7518,225 15646,306 2532,566 13212,685 8124,8896
1,983631 B 9855,351 17923,137 10306,628 18235,637 4225,1997 1208,97 S 1761,9158 7518,225 15646,306 2532,566 13212,685 8124,8896
1,983 B 9855,351 17923,137 10306,628 18235,637 4225,1997 1208,97 S 1761,9158 7518,225 15646,306 2532,566 13212,685 8124,8896
1,983 B 9855,351 17923,137 10306,628 18235,637 4225,1997 1208,97 S 1761,9158 7518,225 15646,306 2532,566 13212,685 8124,8896
1,9830003 B 9855,351 17923,137 10306,628 18235,637 4225,1997 1208,97 S 1761,9158 7518,225 15646,306 2532,566 13212,685 8124,8896
1,983 B 9855,351 17923,137 10306,628 18235,637 4225,1997 1208,97 S 1761,9158 7518,225 15646,306 2532,566 13212,685 8124,8896
1,9830011 B 9855,351 17923,137 10306,628 18235,637 4225,1997 1208,97 S 1761,9158 7518,225 15646,306 2532,566 13212,685 8124,8896
1,9829999 B 9855,351 17923,137 10306,628 18235,637 4225,1997 1208,97 S 1761,9158 7518,225 15646,306 2532,566 13212,685 8124,8896
1,983 B 9855,351 17923,137 10306,628 18235,637 4225,1997 1208,97 S 1761,9158 7518,225 15646,306 2532,566 13212,685 8124,8896
1,9829999 B 9855,351 17923,137 10306,628 18235,637 4225,1997 1208,97 S 1761,9158 7518,225 15646,306 2532,566 13212,685 8124,8896
1,9830002 B 9855,351 17923,137 10306,628 18235,637 4225,1997 1208,97 S 1761,9158 7518,225 15646,306 2532,566 13212,685 8124,8896
1,983 B 9855,351 17923,137 10306,628 18235,637 4225,1997 1208,97 S 1761,9158 7518,225 15646,306 2532,566 13212,685 8124,8896
1,9830004 B 9855,351 17923,137 10306,628 18235,637 4225,1997 1208,97 S 1761,9158 7518,225 15646,306 2532,566 13212,685 8124,8896
1,9829999 B 9855,351 17923,137 10306,628 18235,637 4225,1997 1208,97 S 1761,9158 7518,225 15646,306 2532,566 13212,685 8124,8896
1,9829999 B 9855,351 17923,137 10306,628 18235,637 4225,1997 1208,97 S 1761,9158 7518,225 15646,306 2532,566 13212,685 8124,8896
1,9823406 B 9855,351 17923,137 10306,628 18235,637 4225,1997 1208,97 S 1761,9158 7518,225 15646,306 2532,566 13212,685 8124,8896
1,9819995 B 9855,351 17923,137 10306,628 18235,637 4225,1997 1208,97 S 1761,9158 7518,225 15646,306 2532,566 13212,685 8124,8896
1,9820002 B 9855,351 17923,137 10306,628 18235,637 4225,1997 1208,97 S 1761,9158 7518,225 15646,306 2532,566 13212,685 8124,8896
1,9825633 B 9855,351 17923,137 10306,628 18235,637 4225,1997 1208,97 S 1761,9158 7518,225 15646,306 2532,566 13212,685 8124,8896
1,9829999 B 9855,351 17923,137 10306,628 18235,637 4225,1997 1208,97 S 1761,9158 7518,225 15646,306 2532,566 13212,685 8124,8896
1,9829999 B 9855,351 17923,137 10306,628 18235,637 4225,1997 1208,97 S 1761,9158 7518,225 15646,306 2532,566 13212,685 8124,8896
1,9829998 B 9855,351 17923,137 10306,628 18235,637 4225,1997 1208,97 S 1761,9158 7518,225 15646,306 2532,566 13212,685 8124,8896
1,9830002 B 9855,351 17923,137 10306,628 18235,637 4225,1997 1208,97 S 1761,9158 7518,225 15646,306 2532,566 13212,685 8124,8896
1,9829998 B 9855,351 17923,137 10306,628 18235,637 4225,1997 1208,97 S 1761,9158 7518,225 15646,306 2532,566 13212,685 8124,8896
1,9830002 B 9855,351 17923,137 10306,628 18235,637 4225,1997 1208,97 S 1761,9158 7518,225 15646,306 2532,566 13212,685 8124,8896
1,9830003 B 9855,351 17923,137 10306,628 18235,637 4225,1997 1208,97 S 1761,9158 7518,225 15646,306 2532,566 13212,685 8124,8896
1,9830002 B 9855,351 17923,137 10306,628 18235,637 4225,1997 1208,97 S 1761,9158 7518,225 15646,306 2532,566 13212,685 8124,8896
1,9829997 B 9855,351 17923,137 10306,628 18235,637 4225,1997 1208,97 S 1761,9158 7518,225 15646,306 2532,566 13212,685 8124,8896
1,9830005 B 9855,351 17923,137 10306,628 18235,637 4225,1997 1208,97 S 1761,9158 7518,225 15646,306 2532,566 13212,685 8124,8896
1,9829993 B 9855,351 17923,137 10306,628 18235,637 4225,1997 1208,97 S 1761,9158 7518,225 15646,306 2532,566 13212,685 8124,8896
1,9830004 B 9855,351 17923,137 10306,628 18235,637 4225,1997 1208,97 S 1761,9158 7518,225 15646,306 2532,566 13212,685 8124,8896
1,9830002 B 9855,351 17923,137 10306,628 18235,637 4225,1997 1208,97 S 1761,9158 7518,225 15646,306 2532,566 13212,685 8124,8896
1,9830003 B 9855,351 17923,137 10306,628 18235,637 4225,1997 1208,97 S 1761,9158 7518,225 15646,306 2532,566 13212,685 8124,8896
1,9830002 B 9855,351 17923,137 10306,628 18235,637 4225,1997 1208,97 S 1761,9158 7518,225 15646,306 2532,566 13212,685 8124,8896
1,983001 B 9855,351 17923,137 10306,628 18235,637 4225,1997 1208,97 S 1761,9158 7518,225 15646,306 2532,566 13212,685 8124,8896
1,9830006 B 9855,351 17923,137 10306,628 18235,637 4225,1997 1208,97 S 1761,9158 7518,225 15646,306 2532,566 13212,685 8124,8896
1,9830004 B 9855,351 17923,137 10306,628 18235,637 4225,1997 1208,97 S 1761,9158 7518,225 15646,306 2532,566 13212,685 8124,8896
1,9830003 B 9855,351 17923,137 10306,628 18235,637 4225,1997 1208,97 S 1761,9158 7518,225 15646,306 2532,566 13212,685 8124,8896
1,9830009 B 9855,351 17923,137 10306,628 18235,637 4225,1997 1208,97 S 1761,9158 7518,225 15646,306 2532,566 13212,685 8124,8896
1,9830006 B 9855,351 17923,137 10306,628 18235,637 4225,1997 1208,97 S 1761,9158 7518,225 15646,306 2532,566 13212,685 8124,8896
1,9829994 B 9855,351 17923,137 10306,628 18235,637 4225,1997 1208,97 S 1761,9158 7518,225 15646,306 2532,566 13212,685 8124,8896
1,9830002 B 9855,351 17923,137 10306,628 18235,637 4225,1997 1208,97 S 1761,9158 7518,225 15646,306 2532,566 13212,685 8124,8896
1,9830004 B 9855,351 17923,137 10306,628 18235,637 4225,1997 1208,97 S 1761,9158 7518,225 15646,306 2532,566 13212,685 8124,8896
