1,9724613
1,9750004 B 2306,4502 12194,06 16196,082 7167,2217 8579,443 11995,091 S 992,12006 16334,84 8226,521 12278,988 14374,143 15971,153
1,9750003 B 2306,4502 12194,06 16196,082 7167,2217 8579,443 11995,091 S 992,12006 16334,84 8226,521 12278,988 14374,143 15971,153
1,9750004 B 2306,4502 12194,06 16196,082 7167,2217 8579,443 11995,091 S 992,12006 16334,84 8226,521 12278,988 14374,143 15971,153
1,9750003 B 2306,4502 12194,06 16196,082 7167,2217 8579,443 11995,091 S 992,12006 16334,84 8226,521 12278,988 14374,143 15971,153
1,9750001 B 2306,4502 12194,06 16196,082 7167,2217 8579,443 11995,091 S 992,12006 16334,84 8226,521 12278,988 14374,143 15971,153
1,9749999 B 2306,4502 12194,06 16196,082 7167,2217 8579,443 11995,091 S 992,12006 16334,84 8226,521 12278,988 14374,143 15971,153
1,9736984 B 2306,4502 12194,06 16196,082 7167,2217 8579,443 11995,091 S 992,12006 16334,84 8226,521 12278,988 14374,143 15971,153
1,9727947 B 2306,4502 12194,06 16196,082 7167,2217 8579,443 11995,091 S 992,12006 16334,84 8226,521 12278,988 14374,143 15971,153
1,9719996 B 2306,4502 12194,06 16196,082 7167,2217 8579,443 11995,091 S 992,12006 16334,84 8226,521 12278,988 14374,143 15971,153
1,9719998 B 2306,4502 12194,06 16196,082 7167,2217 8579,443 11995,091 S 992,12006 16334,84 8226,521 12278,988 14374,143 15971,153
1,9720002 B 2306,4502 12194,06 16196,082 7167,2217 8579,443 11995,091 S 992,12006 16334,84 8226,521 12278,988 14374,143 15971,153
1,971594 B 2306,4502 12194,06 16196,082 7167,2217 8579,443 11995,091 S 992,12006 16334,84 8226,521 12278,988 14374,143 15971,153
1,971 B 2306,4502 12194,06 16196,082 7167,2217 8579,443 11995,091 S 992,12006 16334,84 8226,521 12278,988 14374,143 15971,153
1,9709995 B 2306,4502 12194,06 16196,082 7167,2217 8579,443 11995,091 S 992,12006 16334,84 8226,521 12278,988 14374,143 15971,153
1,9710003 B 2306,4502 12194,06 16196,082 7167,2217 8579,443 11995,091 S 992,12006 16334,84 8226,521 12278,988 14374,143 15971,153
1,9710003 B 2306,4502 12194,06 16196,082 7167,2217 8579,443 11995,091 S 992,12006 16334,84 8226,521 12278,988 14374,143 15971,153
1,9710002 B 2306,4502 12194,06 16196,082 7167,2217 8579,443 11995,091 S 992,12006 16334,84 8226,521 12278,988 14374,143 15971,153
1,9709996 B 2306,4502 12194,06 16196,082 7167,2217 8579,443 11995,091 S 992,12006 16334,84 8226,521 12278,988 14374,143 15971,153
1,9710003 B 2306,4502 12194,06 16196,082 7167,2217 8579,443 11995,091 S 992,12006 16334,84 8226,521 12278,988 14374,143 15971,153
1,9710002 B 2306,4502 12194,06 16196,082 7167,2217 8579,443 11995,091 S 992,12006 16334,84 8226,521 12278,988 14374,143 15971,153
1,9710003 B 2306,4502 12194,06 16196,082 7167,2217 8579,443 11995,091 S 992,12006 16334,84 8226,521 12278,988 14374,143 15971,153
1,971 B 2306,4502 12194,06 16196,082 7167,2217 8579,443 11995,091 S 992,12006 16334,84 8226,521 12278,988 14374,143 15971,153
1,971 B 2306,4502 12194,06 16196,082 7167,2217 8579,443 11995,091 S 992,12006 16334,84 8226,521 12278,988 14374,143 15971,153
1,9710006 B 2306,4502 12194,06 16196,082 7167,2217 8579,443 11995,091 S 992,12006 16334,84 8226,521 12278,988 14374,143 15971,153
1,9710002 B 2306,4502 12194,06 16196,082 7167,2217 8579,443 11995,091 S 992,12006 16334,84 8226,521 12278,988 14374,143 15971,153
1,9709995 B 2306,4502 12194,06 16196,082 7167,2217 8579,443 11995,091 S 992,12006 16334,84 8226,521 12278,988 14374,143 15971,153
1,971 B 2306,4502 12194,06 16196,082 7167,2217 8579,443 11995,091 S 992,12006 16334,84 8226,521 12278,988 14374,143 15971,153
1,9710004 B 2306,4502 12194,06 16196,082 7167,2217 8579,443 11995,091 S 992,12006 16334,84 8226,521 12278,988 14374,143 15971,153
1,970935 B 2306,4502 12194,06 16196,082 7167,2217 8579,443 11995,091 S 992,12006 16334,84 8226,521 12278,988 14374,143 15971,153
1,9700001 B 2306,4502 12194,06 16196,082 7167,2217 8579,443 11995,091 S 992,12006 16334,84 8226,521 12278,988 14374,143 15971,153
1,9700004 B 2306,4502 12194,06 16196,082 7167,2217 8579,443 11995,091 S 992,12006 16334,84 8226,521 12278,988 14374,143 15971,153
1,9699997 B 2306,4502 12194,06 16196,082 7167,2217 8579,443 11995,091 S 992,12006 16334,84 8226,521 12278,988 14374,143 15971,153
1,9699997 B 2306,4502 12194,06 16196,082 7167,2217 8579,443 11995,091 S 992,12006 16334,84 8226,521 12278,988 14374,143 15971,153
1,9700005 B 2306,4502 12194,06 16196,082 7167,2217 8579,443 11995,091 S 992,12006 16334,84 8226,521 12278,988 14374,143 15971,153
1,97 B 2306,4502 12194,06 16196,082 7167,2217 8579,443 11995,091 S 992,12006 16334,84 8226,521 12278,988 14374,143 15971,153
1,9699996 B 2306,4502 12194,06 16196,082 7167,2217 8579,443 11995,091 S 992,12006 16334,84 8226,521 12278,988 14374,143 15971,153
1,9699999 B 2306,4502 12194,06 16196,082 7167,2217 8579,443 11995,091 S 992,12006 16334,84 8226,521 12278,988 14374,143 15971,153
1,9700004 B 2306,4502 12194,06 16196,082 7167,2217 8579,443 11995,091 S 992,12006 16334,84 8226,521 12278,988 14374,143 15971,153
1,9699997 B 2306,4502 12194,06 16196,082 7167,2217 8579,443 11995,091 S 992,12006 16334,84 8226,521 12278,988 14374,143 15971,153
1,9699998 B 2306,4502 12194,06 16196,082 7167,2217 8579,443 11995,091 S 992,12006 16334,84 8226,521 12278,988 14374,143 15971,153
1,9700005 B 2306,4502 12194,06 16196,082 7167,2217 8579,443 11995,091 S 992,12006 16334,84 8226,521 12278,988 14374,143 15971,153
1,9699997 B 2306,4502 12194,06 16196,082 7167,2217 8579,443 11995,091 S 992,12006 16334,84 8226,521 12278,988 14374,143 15971,153
1,9690547 B 2306,4502 12194,06 16196,082 7167,2217 8579,443 11995,091 S 992,12006 16334,84 8226,521 12278,988 14374,143 15971,153
1,968 B 2306,4502 12194,06 16196,082 7167,2217 8579,443 11995,091 S 992,12006 16334,84 8226,521 12278,988 14374,143 15971,153
1,9679999 B 2306,4502 12194,06 16196,082 7167,2217 8579,443 11995,091 S 992,12006 16334,84 8226,521 12278,988 14374,143 15971,153
1,967835 B 2306,4502 12194,06 16196,082 7167,2217 8579,443 11995,091 S 992,12006 16334,84 8226,521 12278,988 14374,143 15971,153
1,9670004 B 2306,4502 12194,06 16196,082 7167,2217 8579,443 11995,091 S 992,12006 16334,84 8226,521 12278,988 14374,143 15971,153
1,9673642 B 2306,4502 12194,06 16196,082 7167,2217 8579,443 11995,091 S 992,12006 16334,84 8226,521 12278,988 14374,143 15971,153
1,9679996 B 2306,4502 12194,06 16196,082 7167,2217 8579,443 11995,091 S 992,12006 16334,84 8226,521 12278,988 14374,143 15971,153
1,9679998 B 2306,4502 12194,06 16196,082 7167,2217 8579,443 11995,091 S 992,12006 16334,84 8226,521 12278,988 14374,143 15971,153
1,9680002 B 2306,4502 12194,06 16196,082 7167,2217 8579,443 11995,091 S 992,12006 16334,84 8226,521 12278,988 14374,143 15971,153
1,9680004 B 2306,4502 12194,06 16196,082 7167,2217 8579,443 11995,091 S 992,12006 16334,84 8226,521 12278,988 14374,143 15971,153
1,968 B 2306,4502 12194,06 16196,082 7167,2217 8579,443 11995,091 S 992,12006 16334,84 8226,521 12278,988 14374,143 15971,153
1,9680004 B 2306,4502 12194,06 16196,082 7167,2217 8579,443 11995,091 S 992,12006 16334,84 8226,521 12278,988 14374,143 15971,153
1,9680002 B 2306,4502 12194,06 16196,082 7167,2217 8579,443 11995,091 S 992,12006 16334,84 8226,521 12278,988 14374,143 15971,153
1,9680003 B 2306,4502 12194,06 16196,082 7167,2217 8579,443 11995,091 S 992,12006 16334,84 8226,521 12278,988 14374,143 15971,153
1,9680003 B 2306,4502 12194,06 16196,082 7167,2217 8579,443 11995,091 S 992,12006 16334,84 8226,521 12278,988 14374,143 15971,153
1,9680005 B 2306,4502 12194,06 16196,082 7167,2217 8579,443 11995,091 S 992,12006 16334,84 8226,521 12278,988 14374,143 15971,153
1,9680003 B 2306,4502 12194,06 16196,082 7167,2217 8579,443 11995,091 S 992,12006 16334,84 8226,521 12278,988 14374,143 15971,153
1,968 B 2306,4502 12194,06 16196,082 7167,2217 8579,443 11995,091 S 992,12006 16334,84 8226,521 12278,988 14374,143 15971,153
1,9680007 B 2306,4502 12194,06 16196,082 7167,2217 8579,443 11995,091 S 992,12006 16334,84 8226,521 12278,988 14374,143 15971,153
1,9679999 B 2306,4502 12194,06 16196,082 7167,2217 8579,443 11995,091 S 992,12006 16334,84 8226,521 12278,988 14374,143 15971,153
1,9679998 B 2306,4502 12194,06 16196,082 7167,2217 8579,443 11995,091 S 992,12006 16334,84 8226,521 12278,988 14374,143 15971,153
1,9680004 B 2306,4502 12194,06 16196,082 7167,2217 8579,443 11995,091 S 992,12006 16334,84 8226,521 12278,988 14374,143 15971,153
1,9680003 B 2306,4502 12194,06 16196,082 7167,2217 8579,443 11995,091 S 992,12006 16334,84 8226,521 12278,988 14374,143 15971,153
1,9679998 B 2306,4502 12194,06 16196,082 7167,2217 8579,443 11995,091 S 992,12006 16334,84 8226,521 12278,988 14374,143 15971,153
1,9680008 B 2306,4502 12194,06 16196,082 7167,2217 8579,443 11995,091 S 992,12006 16334,84 8226,521 12278,988 14374,143 15971,153
1,9680003 B 2306,4502 12194,06 16196,082 7167,2217 8579,443 11995,091 S 992,12006 16334,84 8226,521 12278,988 14374,143 15971,153
1,9681212 B 2306,4502 12194,06 16196,082 7167,2217 8579,443 11995,091 S 992,12006 16334,84 8226,521 12278,988 14374,143 15971,153
1,9689999 B 2306,4502 12194,06 16196,082 7167,2217 8579,443 11995,091 S 992,12006 16334,84 8226,521 12278,988 14374,143 15971,153
1,969 B 2306,4502 12194,06 16196,082 7167,2217 8579,443 11995,091 S 992,12006 16334,84 8226,521 12278,988 14374,143 15971,153
1,9690001 B 2306,4502 12194,06 16196,082 7167,2217 8579,443 11995,091 S 992,12006 16334,84 8226,521 12278,988 14374,143 15971,153
1,9690003 B 2306,4502 12194,06 16196,082 7167,2217 8579,443 11995,091 S 992,12006 16334,84 8226,521 12278,988 14374,143 15971,153
1,9690002 B 2306,4502 12194,06 16196,082 7167,2217 8579,443 11995,091 S 992,12006 16334,84 8226,521 12278,988 14374,143 15971,153
1,9690003 B 2306,4502 12194,06 16196,082 7167,2217 8579,443 11995,091 S 992,12006 16334,84 8226,521 12278,988 14374,143 15971,153
1,9690001 B 2306,4502 12194,06 16196,082 7167,2217 8579,443 11995,091 S 992,12006 16334,84 8226,521 12278,988 14374,143 15971,153
1,9689996 B 2306,4502 12194,06 16196,082 7167,2217 8579,443 11995,091 S 992,12006 16334,84 8226,521 12278,988 14374,143 15971,153
1,9690001 B 2306,4502 12194,06 16196,082 7167,2217 8579,443 11995,091 S 992,12006 16334,84 8226,521 12278,988 14374,143 15971,153
1,9690001 B 2306,4502 12194,06 16196,082 7167,2217 8579,443 11995,091 S 992,12006 16334,84 8226,521 12278,988 14374,143 15971,153
1,969 B 2306,4502 12194,06 16196,082 7167,2217 8579,443 11995,091 S 992,12006 16334,84 8226,521 12278,988 14374,143 15971,153
1,9690002 B 2306,4502 12194,06 16196,082 7167,2217 8579,443 11995,091 S 992,12006 16334,84 8226,521 12278,988 14374,143 15971,153
1,9690003 B 2306,4502 12194,06 16196,082 7167,2217 8579,443 11995,091 S 992,12006 16334,84 8226,521 12278,988 14374,143 15971,153
1,9689997 B 2306,4502 12194,06 16196,082 7167,2217 8579,443 11995,091 S 992,12006 16334,84 8226,521 12278,988 14374,143 15971,153
1,9690005 B 2306,4502 12194,06 16196,082 7167,2217 8579,443 11995,091 S 992,12006 16334,84 8226,521 12278,988 14374,143 15971,153
1,9689997 B 2306,4502 12194,06 16196,082 7167,2217 8579,443 11995,091 S 992,12006 16334,84 8226,521 12278,988 14374,143 15971,153
1,9689997 B 2306,4502 12194,06 16196,082 7167,2217 8579,443 11995,091 S 992,12006 16334,84 8226,521 12278,988 14374,143 15971,153
1,9689999 B 2306,4502 12194,06 16196,082 7167,2217 8579,443 11995,091 S 992,12006 16334,84 8226,521 12278,988 14374,143 15971,153
1,969 B 2306,4502 12194,06 16196,082 7167,2217 8579,443 11995,091 S 992,12006 16334,84 8226,521 12278,988 14374,143 15971,153
1,9689996 B 2306,4502 12194,06 16196,082 7167,2217 8579,443 11995,091 S 992,12006 16334,84 8226,521 12278,988 14374,143 15971,153
1,9689994 B 2306,4502 12194,06 16196,082 7167,2217 8579,443 11995,091 S 992,12006 16334,84 8226,521 12278,988 14374,143 15971,153
1,9690005 B 2306,4502 12194,06 16196,082 7167,2217 8579,443 11995,091 S 992,12006 16334,84 8226,521 12278,988 14374,143 15971,153
1,9690006 B 2306,4502 12194,06 16196,082 7167,2217 8579,443 11995,091 S 992,12006 16334,84 8226,521 12278,988 14374,143 15971,153
1,9689999 B 2306,4502 12194,06 16196,082 7167,2217 8579,443 11995,091 S 992,12006 16334,84 8226,521 12278,988 14374,143 15971,153
1,9690002 B 2306,4502 12194,06 16196,082 7167,2217 8579,443 11995,091 S 992,12006 16334,84 8226,521 12278,988 14374,143 15971,153
1,9690009 B 2306,4502 12194,06 16196,082 7167,2217 8579,443 11995,091 S 992,12006 16334,84 8226,521 12278,988 14374,143 15971,153
1,9701453 B 2306,4502 12194,06 16196,082 7167,2217 8579,443 11995,091 S 992,12006 16334,84 8226,521 12278,988 14374,143 15971,153
1,9719999 B 2306,4502 12194,06 16196,082 7167,2217 8579,443 11995,091 S 992,12006 16334,84 8226,521 12278,988 14374,143 15971,153
1,9720001 B 2306,4502 12194,06 16196,082 7167,2217 8579,443 11995,091 S 992,12006 16334,84 8226,521 12278,988 14374,143 15971,153
1,9720004 B 2306,4502 12194,06 16196,082 7167,2217 8579,443 11995,091 S 992,12006 16334,84 8226,521 12278,988 14374,143 15971,153
1,9720001 B 2306,4502 12194,06 16196,082 7167,2217 8579,443 11995,091 S 992,12006 16334,84 8226,521 12278,988 14374,143 15971,153
1,9720005 B 2306,4502 12194,06 16196,082 7167,2217 8579,443 11995,091 S 992,12006 16334,84 8226,521 12278,988 14374,143 15971,153
1,9719999 B 2306,4502 12194,06 16196,082 7167,2217 8579,443 11995,091 S 992,12006 16334,84 8226,521 12278,988 14374,143 15971,153
1,9719994 B 2306,4502 12194,06 16196,082 7167,2217 8579,443 11995,091 S 992,12006 16334,84 8226,521 12278,988 14374,143 15971,153
1,9720002 B 2306,4502 12194,06 16196,082 7167,2217 8579,443 11995,091 S 992,12006 16334,84 8226,521 12278,988 14374,143 15971,153
1,9719999 B 2306,4502 12194,06 16196,082 7167,2217 8579,443 11995,091 S 992,12006 16334,84 8226,521 12278,988 14374,143 15971,153
1,9720001 B 2306,4502 12194,06 16196,082 7167,2217 8579,443 11995,091 S 992,12006 16334,84 8226,521 12278,988 14374,143 15971,153
1,972 B 2306,4502 12194,06 16196,082 7167,2217 8579,443 11995,091 S 992,12006 16334,84 8226,521 12278,988 14374,143 15971,153
1,9720004 B 2306,4502 12194,06 16196,082 7167,2217 8579,443 11995,091 S 992,12006 16334,84 8226,521 12278,988 14374,143 15971,153
1,972 B 2306,4502 12194,06 16196,082 7167,2217 8579,443 11995,091 S 992,12006 16334,84 8226,521 12278,988 14374,143 15971,153
1,9719996 B 2306,4502 12194,06 16196,082 7167,2217 8579,443 11995,091 S 992,12006 16334,84 8226,521 12278,988 14374,143 15971,153
1,9720006 B 2306,4502 12194,06 16196,082 7167,2217 8579,443 11995,091 S 992,12006 16334,84 8226,521 12278,988 14374,143 15971,153
1,9719999 B 2306,4502 12194,06 16196,082 7167,2217 8579,443 11995,091 S 992,12006 16334,84 8226,521 12278,988 14374,143 15971,153
1,9719996 B 2306,4502 12194,06 16196,082 7167,2217 8579,443 11995,091 S 992,12006 16334,84 8226,521 12278,988 14374,143 15971,153
1,9719999 B 2306,4502 12194,06 16196,082 7167,2217 8579,443 11995,091 S 992,12006 16334,84 8226,521 12278,988 14374,143 15971,153
1,9719999 B 2306,4502 12194,06 16196,082 7167,2217 8579,443 11995,091 S 992,12006 16334,84 8226,521 12278,988 14374,143 15971,153
1,9719996 B 2306,4502 12194,06 16196,082 7167,2217 8579,443 11995,091 S 992,12006 16334,84 8226,521 12278,988 14374,143 15971,153
1,9719998 B 2306,4502 12194,06 16196,082 7167,2217 8579,443 11995,091 S 992,12006 16334,84 8226,521 12278,988 14374,143 15971,153
1,9724113 B 2306,4502 12194,06 16196,082 7167,2217 8579,443 11995,091 S 992,12006 16334,84 8226,521 12278,988 14374,143 15971,153
1,9730003 B 2306,4502 12194,06 16196,082 7167,2217 8579,443 11995,091 S 992,12006 16334,84 8226,521 12278,988 14374,143 15971,153
1,9729999 B 2306,4502 12194,06 16196,082 7167,2217 8579,443 11995,091 S 992,12006 16334,84 8226,521 12278,988 14374,143 15971,153
1,9729996 B 2306,4502 12194,06 16196,082 7167,2217 8579,443 11995,091 S 992,12006 16334,84 8226,521 12278,988 14374,143 15971,153
1,9729998 B 2306,4502 12194,06 16196,082 7167,2217 8579,443 11995,091 S 992,12006 16334,84 8226,521 12278,988 14374,143 15971,153
1,9730002 B 2306,4502 12194,06 16196,082 7167,2217 8579,443 11995,091 S 992,12006 16334,84 8226,521 12278,988 14374,143 15971,153
1,9730003 B 2306,4502 12194,06 16196,082 7167,2217 8579,443 11995,091 S 992,12006 16334,84 8226,521 12278,988 14374,143 15971,153
1,9729999 B 2306,4502 12194,06 16196,082 7167,2217 8579,443 11995,091 S 992,12006 16334,84 8226,521 12278,988 14374,143 15971,153
1,973 B 2306,4502 12194,06 16196,082 7167,2217 8579,443 11995,091 S 992,12006 16334,84 8226,521 12278,988 14374,143 15971,153
1,9729999 B 2306,4502 12194,06 16196,082 7167,2217 8579,443 11995,091 S 992,12006 16334,84 8226,521 12278,988 14374,143 15971,153
1,973 B 2306,4502 12194,06 16196,082 7167,2217 8579,443 11995,091 S 992,12006 16334,84 8226,521 12278,988 14374,143 15971,153
1,9729999 B 2306,4502 12194,06 16196,082 7167,2217 8579,443 11995,091 S 992,12006 16334,84 8226,521 12278,988 14374,143 15971,153
1,9738423 B 2306,4502 12194,06 16196,082 7167,2217 8579,443 11995,091 S 992,12006 16334,84 8226,521 12278,988 14374,143 15971,153
1,9740587 B 2306,4502 12194,06 16196,082 7167,2217 8579,443 11995,091 S 992,12006 16334,84 8226,521 12278,988 14374,143 15971,153
1,9750004 B 2306,4502 12194,06 16196,082 7167,2217 8579,443 11995,091 S 992,12006 16334,84 8226,521 12278,988 14374,143 15971,153
1,9750003 B 2306,4502 12194,06 16196,082 7167,2217 8579,443 11995,091 S 992,12006 16334,84 8226,521 12278,988 14374,143 15971,153
1,9749999 B 2306,4502 12194,06 16196,082 7167,2217 8579,443 11995,091 S 992,12006 16334,84 8226,521 12278,988 14374,143 15971,153
1,9750003 B 2306,4502 12194,06 16196,082 7167,2217 8579,443 11995,091 S 992,12006 16334,84 8226,521 12278,988 14374,143 15971,153
1,9750001 B 2306,4502 12194,06 16196,082 7167,2217 8579,443 11995,091 S 992,12006 16334,84 8226,521 12278,988 14374,143 15971,153
1,9750003 B 2306,4502 12194,06 16196,082 7167,2217 8579,443 11995,091 S 992,12006 16334,84 8226,521 12278,988 14374,143 15971,153
1,9750004 B 2306,4502 12194,06 16196,082 7167,2217 8579,443 11995,091 S 992,12006 16334,84 8226,521 12278,988 14374,143 15971,153
1,975 B 2306,4502 12194,06 16196,082 7167,2217 8579,443 11995,091 S 992,12006 16334,84 8226,521 12278,988 14374,143 15971,153
1,9750004 B 2306,4502 12194,06 16196,082 7167,2217 8579,443 11995,091 S 992,12006 16334,84 8226,521 12278,988 14374,143 15971,153
1,9750003 B 2306,4502 12194,06 16196,082 7167,2217 8579,443 11995,091 S 992,12006 16334,84 8226,521 12278,988 14374,143 15971,153
1,9750003 B 2306,4502 12194,06 16196,082 7167,2217 8579,443 11995,091 S 992,12006 16334,84 8226,521 12278,988 14374,143 15971,153
1,975 B 2306,4502 12194,06 16196,082 7167,2217 8579,443 11995,091 S 992,12006 16334,84 8226,521 12278,988 14374,143 15971,153
1,9750003 B 2306,4502 12194,06 16196,082 7167,2217 8579,443 11995,091 S 992,12006 16334,84 8226,521 12278,988 14374,143 15971,153
1,9750003 B 2306,4502 12194,06 16196,082 7167,2217 8579,443 11995,091 S 992,12006 16334,84 8226,521 12278,988 14374,143 15971,153
1,9749997 B 2306,4502 12194,06 16196,082 7167,2217 8579,443 11995,091 S 992,12006 16334,84 8226,521 12278,988 14374,143 15971,153
1,9749995 B 2306,4502 12194,06 16196,082 7167,2217 8579,443 11995,091 S 992,12006 16334,84 8226,521 12278,988 14374,143 15971,153
1,975 B 2306,4502 12194,06 16196,082 7167,2217 8579,443 11995,091 S 992,12006 16334,84 8226,521 12278,988 14374,143 15971,153
1,9749999 B 2306,4502 12194,06 16196,082 7167,2217 8579,443 11995,091 S 992,12006 16334,84 8226,521 12278,988 14374,143 15971,153
1,9750001 B 2306,4502 12194,06 16196,082 7167,2217 8579,443 11995,091 S 992,12006 16334,84 8226,521 12278,988 14374,143 15971,153
1,9749998 B 2306,4502 12194,06 16196,082 7167,2217 8579,443 11995,091 S 992,12006 16334,84 8226,521 12278,988 14374,143 15971,153
1,9750001 B 2306,4502 12194,06 16196,082 7167,2217 8579,443 11995,091 S 992,12006 16334,84 8226,521 12278,988 14374,143 15971,153
1,9749997 B 2306,4502 12194,06 16196,082 7167,2217 8579,443 11995,091 S 992,12006 16334,84 8226,521 12278,988 14374,143 15971,153
1,9749999 B 2306,4502 12194,06 16196,082 7167,2217 8579,443 11995,091 S 992,12006 16334,84 8226,521 12278,988 14374,143 15971,153
1,9749999 B 2306,4502 12194,06 16196,082 7167,2217 8579,443 11995,091 S 992,12006 16334,84 8226,521 12278,988 14374,143 15971,153
1,9750004 B 2306,4502 12194,06 16196,082 7167,2217 8579,443 11995,091 S 992,12006 16334,84 8226,521 12278,988 14374,143 15971,153
1,9750001 B 2306,4502 12194,06 16196,082 7167,2217 8579,443 11995,091 S 992,12006 16334,84 8226,521 12278,988 14374,143 15971,153
1,9750004 B 2306,4502 12194,06 16196,082 7167,2217 8579,443 11995,091 S 992,12006 16334,84 8226,521 12278,988 14374,143 15971,153
1,975 B 2306,4502 12194,06 16196,082 7167,2217 8579,443 11995,091 S 992,12006 16334,84 8226,521 12278,988 14374,143 15971,153
1,975 B 2306,4502 12194,06 16196,082 7167,2217 8579,443 11995,091 S 992,12006 16334,84 8226,521 12278,988 14374,143 15971,153
1,975 B 2306,4502 12194,06 16196,082 7167,2217 8579,443 11995,091 S 992,12006 16334,84 8226,521 12278,988 14374,143 15971,153
1,9750001 B 2306,4502 12194,06 16196,082 7167,2217 8579,443 11995,091 S 992,12006 16334,84 8226,521 12278,988 14374,143 15971,153
1,9750001 B 2306,4502 12194,06 16196,082 7167,2217 8579,443 11995,091 S 992,12006 16334,84 8226,521 12278,988 14374,143 15971,153
1,9759717 B 2306,4502 12194,06 16196,082 7167,2217 8579,443 11995,091 S 992,12006 16334,84 8226,521 12278,988 14374,143 15971,153
1,976 B 2306,4502 12194,06 16196,082 7167,2217 8579,443 11995,091 S 992,12006 16334,84 8226,521 12278,988 14374,143 15971,153
1,9760002 B 2306,4502 12194,06 16196,082 7167,2217 8579,443 11995,091 S 992,12006 16334,84 8226,521 12278,988 14374,143 15971,153
1,9760004 B 2306,4502 12194,06 16196,082 7167,2217 8579,443 11995,091 S 992,12006 16334,84 8226,521 12278,988 14374,143 15971,153
1,9760003 B 2306,4502 12194,06 16196,082 7167,2217 8579,443 11995,091 S 992,12006 16334,84 8226,521 12278,988 14374,143 15971,153
1,9760009 B 2306,4502 12194,06 16196,082 7167,2217 8579,443 11995,091 S 992,12006 16334,84 8226,521 12278,988 14374,143 15971,153
1,9760005 B 2306,4502 12194,06 16196,082 7167,2217 8579,443 11995,091 S 992,12006 16334,84 8226,521 12278,988 14374,143 15971,153
1,9760007 B 2306,4502 12194,06 16196,082 7167,2217 8579,443 11995,091 S 992,12006 16334,84 8226,521 12278,988 14374,143 15971,153
1,9760007 B 2306,4502 12194,06 16196,082 7167,2217 8579,443 11995,091 S 992,12006 16334,84 8226,521 12278,988 14374,143 15971,153
1,9760002 B 2306,4502 12194,06 16196,082 7167,2217 8579,443 11995,091 S 992,12006 16334,84 8226,521 12278,988 14374,143 15971,153
1,9759998 B 2306,4502 12194,06 16196,082 7167,2217 8579,443 11995,091 S 992,12006 16334,84 8226,521 12278,988 14374,143 15971,153
1,9760004 B 2306,4502 12194,06 16196,082 7167,2217 8579,443 11995,091 S 992,12006 16334,84 8226,521 12278,988 14374,143 15971,153
1,9760005 B 2306,4502 12194,06 16196,082 7167,2217 8579,443 11995,091 S 992,12006 16334,84 8226,521 12278,988 14374,143 15971,153
1,9760009 B 2306,4502 12194,06 16196,082 7167,2217 8579,443 11995,091 S 992,12006 16334,84 8226,521 12278,988 14374,143 15971,153
1,9760009 B 2306,4502 12194,06 16196,082 7167,2217 8579,443 11995,091 S 992,12006 16334,84 8226,521 12278,988 14374,143 15971,153
1,9760001 B 2306,4502 12194,06 16196,082 7167,2217 8579,443 11995,091 S 992,12006 16334,84 8226,521 12278,988 14374,143 15971,153
1,9760004 B 2306,4502 12194,06 16196,082 7167,2217 8579,443 11995,091 S 992,12006 16334,84 8226,521 12278,988 14374,143 15971,153
1,9760007 B 2306,4502 12194,06 16196,082 7167,2217 8579,443 11995,091 S 992,12006 16334,84 8226,521 12278,988 14374,143 15971,153
1,9751285 B 2306,4502 12194,06 16196,082 7167,2217 8579,443 11995,091 S 992,12006 16334,84 8226,521 12278,988 14374,143 15971,153
1,9750004 B 2306,4502 12194,06 16196,082 7167,2217 8579,443 11995,091 S 992,12006 16334,84 8226,521 12278,988 14374,143 15971,153
1,9750001 B 2306,4502 12194,06 16196,082 7167,2217 8579,443 11995,091 S 992,12006 16334,84 8226,521 12278,988 14374,143 15971,153
1,9750001 B 2306,4502 12194,06 16196,082 7167,2217 8579,443 11995,091 S 992,12006 16334,84 8226,521 12278,988 14374,143 15971,153
1,9749999 B 2306,4502 12194,06 16196,082 7167,2217 8579,443 11995,091 S 992,12006 16334,84 8226,521 12278,988 14374,143 15971,153
1,9750001 B 2306,4502 12194,06 16196,082 7167,2217 8579,443 11995,091 S 992,12006 16334,84 8226,521 12278,988 14374,143 15971,153
1,9750003 B 2306,4502 12194,06 16196,082 7167,2217 8579,443 11995,091 S 992,12006 16334,84 8226,521 12278,988 14374,143 15971,153
1,9750007 B 2306,4502 12194,06 16196,082 7167,2217 8579,443 11995,091 S 992,12006 16334,84 8226,521 12278,988 14374,143 15971,153
1,9744 B 2306,4502 12194,06 16196,082 7167,2217 8579,443 11995,091 S 992,12006 16334,84 8226,521 12278,988 14374,143 15971,153
1,9739994 B 2306,4502 12194,06 16196,082 7167,2217 8579,443 11995,091 S 992,12006 16334,84 8226,521 12278,988 14374,143 15971,153
1,9739996 B 2306,4502 12194,06 16196,082 7167,2217 8579,443 11995,091 S 992,12006 16334,84 8226,521 12278,988 14374,143 15971,153
1,9739999 B 2306,4502 12194,06 16196,082 7167,2217 8579,443 11995,091 S 992,12006 16334,84 8226,521 12278,988 14374,143 15971,153
1,9740001 B 2306,4502 12194,06 16196,082 7167,2217 8579,443 11995,091 S 992,12006 16334,84 8226,521 12278,988 14374,143 15971,153
1,9740003 B 2306,4502 12194,06 16196,082 7167,2217 8579,443 11995,091 S 992,12006 16334,84 8226,521 12278,988 14374,143 15971,153
1,9740002 B 2306,4502 12194,06 16196,082 7167,2217 8579,443 11995,091 S 992,12006 16334,84 8226,521 12278,988 14374,143 15971,153
1,9740001 B 2306,4502 12194,06 16196,082 7167,2217 8579,443 11995,091 S 992,12006 16334,84 8226,521 12278,988 14374,143 15971,153
1,9740003 B 2306,4502 12194,06 16196,082 7167,2217 8579,443 11995,091 S 992,12006 16334,84 8226,521 12278,988 14374,143 15971,153
1,9740003 B 2306,4502 12194,06 16196,082 7167,2217 8579,443 11995,091 S 992,12006 16334,84 8226,521 12278,988 14374,143 15971,153
1,9740002 B 2306,4502 12194,06 16196,082 7167,2217 8579,443 11995,091 S 992,12006 16334,84 8226,521 12278,988 14374,143 15971,153
1,9740006 B 2306,4502 12194,06 16196,082 7167,2217 8579,443 11995,091 S 992,12006 16334,84 8226,521 12278,988 14374,143 15971,153
1,9739997 B 2306,4502 12194,06 16196,082 7167,2217 8579,443 11995,091 S 992,12006 16334,84 8226,521 12278,988 14374,143 15971,153
1,9739999 B 2306,4502 12194,06 16196,082 7167,2217 8579,443 11995,091 S 992,12006 16334,84 8226,521 12278,988 14374,143 15971,153
1,9739997 B 2306,4502 12194,06 16196,082 7167,2217 8579,443 11995,091 S 992,12006 16334,84 8226,521 12278,988 14374,143 15971,153
1,9740007 B 2306,4502 12194,06 16196,082 7167,2217 8579,443 11995,091 S 992,12006 16334,84 8226,521 12278,988 14374,143 15971,153
1,9739996 B 2306,4502 12194,06 16196,082 7167,2217 8579,443 11995,091 S 992,12006 16334,84 8226,521 12278,988 14374,143 15971,153
1,9732921 B 2306,4502 12194,06 16196,082 7167,2217 8579,443 11995,091 S 992,12006 16334,84 8226,521 12278,988 14374,143 15971,153
1,973 B 2306,4502 12194,06 16196,082 7167,2217 8579,443 11995,091 S 992,12006 16334,84 8226,521 12278,988 14374,143 15971,153
1,9729996 B 2306,4502 12194,06 16196,082 7167,2217 8579,443 11995,091 S 992,12006 16334,84 8226,521 12278,988 14374,143 15971,153
1,973 B 2306,4502 12194,06 16196,082 7167,2217 8579,443 11995,091 S 992,12006 16334,84 8226,521 12278,988 14374,143 15971,153
1,9730002 B 2306,4502 12194,06 16196,082 7167,2217 8579,443 11995,091 S 992,12006 16334,84 8226,521 12278,988 14374,143 15971,153
1,9730003 B 2306,4502 12194,06 16196,082 7167,2217 8579,443 11995,091 S 992,12006 16334,84 8226,521 12278,988 14374,143 15971,153
1,9730002 B 2306,4502 12194,06 16196,082 7167,2217 8579,443 11995,091 S 992,12006 16334,84 8226,521 12278,988 14374,143 15971,153
1,9730006 B 2306,4502 12194,06 16196,082 7167,2217 8579,443 11995,091 S 992,12006 16334,84 8226,521 12278,988 14374,143 15971,153
1,9730003 B 2306,4502 12194,06 16196,082 7167,2217 8579,443 11995,091 S 992,12006 16334,84 8226,521 12278,988 14374,143 15971,153
1,9729999 B 2306,4502 12194,06 16196,082 7167,2217 8579,443 11995,091 S 992,12006 16334,84 8226,521 12278,988 14374,143 15971,153
1,973 B 2306,4502 12194,06 16196,082 7167,2217 8579,443 11995,091 S 992,12006 16334,84 8226,521 12278,988 14374,143 15971,153
1,9730002 B 2306,4502 12194,06 16196,082 7167,2217 8579,443 11995,091 S 992,12006 16334,84 8226,521 12278,988 14374,143 15971,153
1,9730004 B 2306,4502 12194,06 16196,082 7167,2217 8579,443 11995,091 S 992,12006 16334,84 8226,521 12278,988 14374,143 15971,153
1,9729999 B 2306,4502 12194,06 16196,082 7167,2217 8579,443 11995,091 S 992,12006 16334,84 8226,521 12278,988 14374,143 15971,153
1,9729999 B 2306,4502 12194,06 16196,082 7167,2217 8579,443 11995,091 S 992,12006 16334,84 8226,521 12278,988 14374,143 15971,153
1,9729995 B 2306,4502 12194,06 16196,082 7167,2217 8579,443 11995,091 S 992,12006 16334,84 8226,521 12278,988 14374,143 15971,153
1,9730002 B 2306,4502 12194,06 16196,082 7167,2217 8579,443 11995,091 S 992,12006 16334,84 8226,521 12278,988 14374,143 15971,153
1,9730003 B 2306,4502 12194,06 16196,082 7167,2217 8579,443 11995,091 S 992,12006 16334,84 8226,521 12278,988 14374,143 15971,153
1,9729995 B 2306,4502 12194,06 16196,082 7167,2217 8579,443 11995,091 S 992,12006 16334,84 8226,521 12278,988 14374,143 15971,153
1,973 B 2306,4502 12194,06 16196,082 7167,2217 8579,443 11995,091 S 992,12006 16334,84 8226,521 12278,988 14374,143 15971,153
1,973 B 2306,4502 12194,06 16196,082 7167,2217 8579,443 11995,091 S 992,12006 16334,84 8226,521 12278,988 14374,143 15971,153
1,974605 B 2306,4502 12194,06 16196,082 7167,2217 8579,443 11995,091 S 992,12006 16334,84 8226,521 12278,988 14374,143 15971,153
1,9760005 B 2306,4502 12194,06 16196,082 7167,2217 8579,443 11995,091 S 992,12006 16334,84 8226,521 12278,988 14374,143 15971,153
1,9760003 B 2306,4502 12194,06 16196,082 7167,2217 8579,443 11995,091 S 992,12006 16334,84 8226,521 12278,988 14374,143 15971,153
1,9760005 B 2306,4502 12194,06 16196,082 7167,2217 8579,443 11995,091 S 992,12006 16334,84 8226,521 12278,988 14374,143 15971,153
1,9762002 B 2306,4502 12194,06 16196,082 7167,2217 8579,443 11995,091 S 992,12006 16334,84 8226,521 12278,988 14374,143 15971,153
1,9769998 B 2306,4502 12194,06 16196,082 7167,2217 8579,443 11995,091 S 992,12006 16334,84 8226,521 12278,988 14374,143 15971,153
1,9770008 B 2306,4502 12194,06 16196,082 7167,2217 8579,443 11995,091 S 992,12006 16334,84 8226,521 12278,988 14374,143 15971,153
1,9769999 B 2306,4502 12194,06 16196,082 7167,2217 8579,443 11995,091 S 992,12006 16334,84 8226,521 12278,988 14374,143 15971,153
1,9769999 B 2306,4502 12194,06 16196,082 7167,2217 8579,443 11995,091 S 992,12006 16334,84 8226,521 12278,988 14374,143 15971,153
1,9770001 B 2306,4502 12194,06 16196,082 7167,2217 8579,443 11995,091 S 992,12006 16334,84 8226,521 12278,988 14374,143 15971,153
1,9769996 B 2306,4502 12194,06 16196,082 7167,2217 8579,443 11995,091 S 992,12006 16334,84 8226,521 12278,988 14374,143 15971,153
1,9770006 B 2306,4502 12194,06 16196,082 7167,2217 8579,443 11995,091 S 992,12006 16334,84 8226,521 12278,988 14374,143 15971,153
1,9770004 B 2306,4502 12194,06 16196,082 7167,2217 8579,443 11995,091 S 992,12006 16334,84 8226,521 12278,988 14374,143 15971,153
