1,9719825
1,9699997 B 7430,9067 15809,9795 8061,2607 21379,781 535,74994 2248,24 S 772,7599 10125,501 10574,261 7908,1455 17906,787 16638,441
1,9700004 B 7430,9067 15809,9795 8061,2607 21379,781 535,74994 2248,24 S 772,7599 10125,501 10574,261 7908,1455 17906,787 16638,441
1,9699998 B 7430,9067 15809,9795 8061,2607 21379,781 535,74994 2248,24 S 772,7599 10125,501 10574,261 7908,1455 17906,787 16638,441
1,9699999 B 7430,9067 15809,9795 8061,2607 21379,781 535,74994 2248,24 S 772,7599 10125,501 10574,261 7908,1455 17906,787 16638,441
1,970522 B 7430,9067 15809,9795 8061,2607 21379,781 535,74994 2248,24 S 772,7599 10125,501 10574,261 7908,1455 17906,787 16638,441
1,9710004 B 7430,9067 15809,9795 8061,2607 21379,781 535,74994 2248,24 S 772,7599 10125,501 10574,261 7908,1455 17906,787 16638,441
1,9717764 B 7430,9067 15809,9795 8061,2607 21379,781 535,74994 2248,24 S 772,7599 10125,501 10574,261 7908,1455 17906,787 16638,441
1,9720008 B 7430,9067 15809,9795 8061,2607 21379,781 535,74994 2248,24 S 772,7599 10125,501 10574,261 7908,1455 17906,787 16638,441
1,9720001 B 7430,9067 15809,9795 8061,2607 21379,781 535,74994 2248,24 S 772,7599 10125,501 10574,261 7908,1455 17906,787 16638,441
1,9720005 B 7430,9067 15809,9795 8061,2607 21379,781 535,74994 2248,24 S 772,7599 10125,501 10574,261 7908,1455 17906,787 16638,441
1,9719999 B 7430,9067 15809,9795 8061,2607 21379,781 535,74994 2248,24 S 772,7599 10125,501 10574,261 7908,1455 17906,787 16638,441
1,9726102 B 7430,9067 15809,9795 8061,2607 21379,781 535,74994 2248,24 S 772,7599 10125,501 10574,261 7908,1455 17906,787 16638,441
1,9729999 B 7430,9067 15809,9795 8061,2607 21379,781 535,74994 2248,24 S 772,7599 10125,501 10574,261 7908,1455 17906,787 16638,441
1,9729999 B 7430,9067 15809,9795 8061,2607 21379,781 535,74994 2248,24 S 772,7599 10125,501 10574,261 7908,1455 17906,787 16638,441
1,973 B 7430,9067 15809,9795 8061,2607 21379,781 535,74994 2248,24 S 772,7599 10125,501 10574,261 7908,1455 17906,787 16638,441
1,9729998 B 7430,9067 15809,9795 8061,2607 21379,781 535,74994 2248,24 S 772,7599 10125,501 10574,261 7908,1455 17906,787 16638,441
1,9729997 B 7430,9067 15809,9795 8061,2607 21379,781 535,74994 2248,24 S 772,7599 10125,501 10574,261 7908,1455 17906,787 16638,441
1,9729995 B 7430,9067 15809,9795 8061,2607 21379,781 535,74994 2248,24 S 772,7599 10125,501 10574,261 7908,1455 17906,787 16638,441
1,9730002 B 7430,9067 15809,9795 8061,2607 21379,781 535,74994 2248,24 S 772,7599 10125,501 10574,261 7908,1455 17906,787 16638,441
1,9729999 B 7430,9067 15809,9795 8061,2607 21379,781 535,74994 2248,24 S 772,7599 10125,501 10574,261 7908,1455 17906,787 16638,441
1,9730002 B 7430,9067 15809,9795 8061,2607 21379,781 535,74994 2248,24 S 772,7599 10125,501 10574,261 7908,1455 17906,787 16638,441
1,9729998 B 7430,9067 15809,9795 8061,2607 21379,781 535,74994 2248,24 S 772,7599 10125,501 10574,261 7908,1455 17906,787 16638,441
1,9730004 B 7430,9067 15809,9795 8061,2607 21379,781 535,74994 2248,24 S 772,7599 10125,501 10574,261 7908,1455 17906,787 16638,441
1,9730002 B 7430,9067 15809,9795 8061,2607 21379,781 535,74994 2248,24 S 772,7599 10125,501 10574,261 7908,1455 17906,787 16638,441
1,9730004 B 7430,9067 15809,9795 8061,2607 21379,781 535,74994 2248,24 S 772,7599 10125,501 10574,261 7908,1455 17906,787 16638,441
1,9729999 B 7430,9067 15809,9795 8061,2607 21379,781 535,74994 2248,24 S 772,7599 10125,501 10574,261 7908,1455 17906,787 16638,441
1,9729996 B 7430,9067 15809,9795 8061,2607 21379,781 535,74994 2248,24 S 772,7599 10125,501 10574,261 7908,1455 17906,787 16638,441
1,9735112 B 7430,9067 15809,9795 8061,2607 21379,781 535,74994 2248,24 S 772,7599 10125,501 10574,261 7908,1455 17906,787 16638,441
1,9739999 B 7430,9067 15809,9795 8061,2607 21379,781 535,74994 2248,24 S 772,7599 10125,501 10574,261 7908,1455 17906,787 16638,441
1,9740003 B 7430,9067 15809,9795 8061,2607 21379,781 535,74994 2248,24 S 772,7599 10125,501 10574,261 7908,1455 17906,787 16638,441
1,9748492 B 7430,9067 15809,9795 8061,2607 21379,781 535,74994 2248,24 S 772,7599 10125,501 10574,261 7908,1455 17906,787 16638,441
1,9750003 B 7430,9067 15809,9795 8061,2607 21379,781 535,74994 2248,24 S 772,7599 10125,501 10574,261 7908,1455 17906,787 16638,441
1,975 B 7430,9067 15809,9795 8061,2607 21379,781 535,74994 2248,24 S 772,7599 10125,501 10574,261 7908,1455 17906,787 16638,441
1,9750001 B 7430,9067 15809,9795 8061,2607 21379,781 535,74994 2248,24 S 772,7599 10125,501 10574,261 7908,1455 17906,787 16638,441
1,9738426 B 7430,9067 15809,9795 8061,2607 21379,781 535,74994 2248,24 S 772,7599 10125,501 10574,261 7908,1455 17906,787 16638,441
1,9720004 B 7430,9067 15809,9795 8061,2607 21379,781 535,74994 2248,24 S 772,7599 10125,501 10574,261 7908,1455 17906,787 16638,441
1,9711721 B 7430,9067 15809,9795 8061,2607 21379,781 535,74994 2248,24 S 772,7599 10125,501 10574,261 7908,1455 17906,787 16638,441
1,9700001 B 7430,9067 15809,9795 8061,2607 21379,781 535,74994 2248,24 S 772,7599 10125,501 10574,261 7908,1455 17906,787 16638,441
1,9700004 B 7430,9067 15809,9795 8061,2607 21379,781 535,74994 2248,24 S 772,7599 10125,501 10574,261 7908,1455 17906,787 16638,441
1,97 B 7430,9067 15809,9795 8061,2607 21379,781 535,74994 2248,24 S 772,7599 10125,501 10574,261 7908,1455 17906,787 16638,441
1,9699998 B 7430,9067 15809,9795 8061,2607 21379,781 535,74994 2248,24 S 772,7599 10125,501 10574,261 7908,1455 17906,787 16638,441
1,9699998 B 7430,9067 15809,9795 8061,2607 21379,781 535,74994 2248,24 S 772,7599 10125,501 10574,261 7908,1455 17906,787 16638,441
1,9699998 B 7430,9067 15809,9795 8061,2607 21379,781 535,74994 2248,24 S 772,7599 10125,501 10574,261 7908,1455 17906,787 16638,441
1,9699996 B 7430,9067 15809,9795 8061,2607 21379,781 535,74994 2248,24 S 772,7599 10125,501 10574,261 7908,1455 17906,787 16638,441
1,9699998 B 7430,9067 15809,9795 8061,2607 21379,781 535,74994 2248,24 S 772,7599 10125,501 10574,261 7908,1455 17906,787 16638,441
1,9700007 B 7430,9067 15809,9795 8061,2607 21379,781 535,74994 2248,24 S 772,7599 10125,501 10574,261 7908,1455 17906,787 16638,441
1,9699997 B 7430,9067 15809,9795 8061,2607 21379,781 535,74994 2248,24 S 772,7599 10125,501 10574,261 7908,1455 17906,787 16638,441
1,9700001 B 7430,9067 15809,9795 8061,2607 21379,781 535,74994 2248,24 S 772,7599 10125,501 10574,261 7908,1455 17906,787 16638,441
1,9700001 B 7430,9067 15809,9795 8061,2607 21379,781 535,74994 2248,24 S 772,7599 10125,501 10574,261 7908,1455 17906,787 16638,441
1,971437 B 7430,9067 15809,9795 8061,2607 21379,781 535,74994 2248,24 S 772,7599 10125,501 10574,261 7908,1455 17906,787 16638,441
1,9719999 B 7430,9067 15809,9795 8061,2607 21379,781 535,74994 2248,24 S 772,7599 10125,501 10574,261 7908,1455 17906,787 16638,441
1,9720001 B 7430,9067 15809,9795 8061,2607 21379,781 535,74994 2248,24 S 772,7599 10125,501 10574,261 7908,1455 17906,787 16638,441
1,9720006 B 7430,9067 15809,9795 8061,2607 21379,781 535,74994 2248,24 S 772,7599 10125,501 10574,261 7908,1455 17906,787 16638,441
1,972 B 7430,9067 15809,9795 8061,2607 21379,781 535,74994 2248,24 S 772,7599 10125,501 10574,261 7908,1455 17906,787 16638,441
1,972 B 7430,9067 15809,9795 8061,2607 21379,781 535,74994 2248,24 S 772,7599 10125,501 10574,261 7908,1455 17906,787 16638,441
1,9720001 B 7430,9067 15809,9795 8061,2607 21379,781 535,74994 2248,24 S 772,7599 10125,501 10574,261 7908,1455 17906,787 16638,441
1,9720005 B 7430,9067 15809,9795 8061,2607 21379,781 535,74994 2248,24 S 772,7599 10125,501 10574,261 7908,1455 17906,787 16638,441
1,9727008 B 7430,9067 15809,9795 8061,2607 21379,781 535,74994 2248,24 S 772,7599 10125,501 10574,261 7908,1455 17906,787 16638,441
1,9739995 B 7430,9067 15809,9795 8061,2607 21379,781 535,74994 2248,24 S 772,7599 10125,501 10574,261 7908,1455 17906,787 16638,441
1,9740001 B 7430,9067 15809,9795 8061,2607 21379,781 535,74994 2248,24 S 772,7599 10125,501 10574,261 7908,1455 17906,787 16638,441
1,9740003 B 7430,9067 15809,9795 8061,2607 21379,781 535,74994 2248,24 S 772,7599 10125,501 10574,261 7908,1455 17906,787 16638,441
1,9740006 B 7430,9067 15809,9795 8061,2607 21379,781 535,74994 2248,24 S 772,7599 10125,501 10574,261 7908,1455 17906,787 16638,441
1,9739999 B 7430,9067 15809,9795 8061,2607 21379,781 535,74994 2248,24 S 772,7599 10125,501 10574,261 7908,1455 17906,787 16638,441
1,9740003 B 7430,9067 15809,9795 8061,2607 21379,781 535,74994 2248,24 S 772,7599 10125,501 10574,261 7908,1455 17906,787 16638,441
1,9739997 B 7430,9067 15809,9795 8061,2607 21379,781 535,74994 2248,24 S 772,7599 10125,501 10574,261 7908,1455 17906,787 16638,441
1,973277 B 7430,9067 15809,9795 8061,2607 21379,781 535,74994 2248,24 S 772,7599 10125,501 10574,261 7908,1455 17906,787 16638,441
1,9720004 B 7430,9067 15809,9795 8061,2607 21379,781 535,74994 2248,24 S 772,7599 10125,501 10574,261 7908,1455 17906,787 16638,441
1,9720001 B 7430,9067 15809,9795 8061,2607 21379,781 535,74994 2248,24 S 772,7599 10125,501 10574,261 7908,1455 17906,787 16638,441
1,972 B 7430,9067 15809,9795 8061,2607 21379,781 535,74994 2248,24 S 772,7599 10125,501 10574,261 7908,1455 17906,787 16638,441
1,9720005 B 7430,9067 15809,9795 8061,2607 21379,781 535,74994 2248,24 S 772,7599 10125,501 10574,261 7908,1455 17906,787 16638,441
1,972 B 7430,9067 15809,9795 8061,2607 21379,781 535,74994 2248,24 S 772,7599 10125,501 10574,261 7908,1455 17906,787 16638,441
1,9720004 B 7430,9067 15809,9795 8061,2607 21379,781 535,74994 2248,24 S 772,7599 10125,501 10574,261 7908,1455 17906,787 16638,441
1,9720001 B 7430,9067 15809,9795 8061,2607 21379,781 535,74994 2248,24 S 772,7599 10125,501 10574,261 7908,1455 17906,787 16638,441
1,9719999 B 7430,9067 15809,9795 8061,2607 21379,781 535,74994 2248,24 S 772,7599 10125,501 10574,261 7908,1455 17906,787 16638,441
1,9719999 B 7430,9067 15809,9795 8061,2607 21379,781 535,74994 2248,24 S 772,7599 10125,501 10574,261 7908,1455 17906,787 16638,441
1,9719993 B 7430,9067 15809,9795 8061,2607 21379,781 535,74994 2248,24 S 772,7599 10125,501 10574,261 7908,1455 17906,787 16638,441
1,9720004 B 7430,9067 15809,9795 8061,2607 21379,781 535,74994 2248,24 S 772,7599 10125,501 10574,261 7908,1455 17906,787 16638,441
1,9719994 B 7430,9067 15809,9795 8061,2607 21379,781 535,74994 2248,24 S 772,7599 10125,501 10574,261 7908,1455 17906,787 16638,441
1,9719998 B 7430,9067 15809,9795 8061,2607 21379,781 535,74994 2248,24 S 772,7599 10125,501 10574,261 7908,1455 17906,787 16638,441
1,9720004 B 7430,9067 15809,9795 8061,2607 21379,781 535,74994 2248,24 S 772,7599 10125,501 10574,261 7908,1455 17906,787 16638,441
1,9720004 B 7430,9067 15809,9795 8061,2607 21379,781 535,74994 2248,24 S 772,7599 10125,501 10574,261 7908,1455 17906,787 16638,441
1,9713558 B 7430,9067 15809,9795 8061,2607 21379,781 535,74994 2248,24 S 772,7599 10125,501 10574,261 7908,1455 17906,787 16638,441
1,9710002 B 7430,9067 15809,9795 8061,2607 21379,781 535,74994 2248,24 S 772,7599 10125,501 10574,261 7908,1455 17906,787 16638,441
1,9714364 B 7430,9067 15809,9795 8061,2607 21379,781 535,74994 2248,24 S 772,7599 10125,501 10574,261 7908,1455 17906,787 16638,441
1,972 B 7430,9067 15809,9795 8061,2607 21379,781 535,74994 2248,24 S 772,7599 10125,501 10574,261 7908,1455 17906,787 16638,441
1,9719998 B 7430,9067 15809,9795 8061,2607 21379,781 535,74994 2248,24 S 772,7599 10125,501 10574,261 7908,1455 17906,787 16638,441
1,972 B 7430,9067 15809,9795 8061,2607 21379,781 535,74994 2248,24 S 772,7599 10125,501 10574,261 7908,1455 17906,787 16638,441
1,9719998 B 7430,9067 15809,9795 8061,2607 21379,781 535,74994 2248,24 S 772,7599 10125,501 10574,261 7908,1455 17906,787 16638,441
1,9719996 B 7430,9067 15809,9795 8061,2607 21379,781 535,74994 2248,24 S 772,7599 10125,501 10574,261 7908,1455 17906,787 16638,441
1,9720007 B 7430,9067 15809,9795 8061,2607 21379,781 535,74994 2248,24 S 772,7599 10125,501 10574,261 7908,1455 17906,787 16638,441
1,972 B 7430,9067 15809,9795 8061,2607 21379,781 535,74994 2248,24 S 772,7599 10125,501 10574,261 7908,1455 17906,787 16638,441
1,972 B 7430,9067 15809,9795 8061,2607 21379,781 535,74994 2248,24 S 772,7599 10125,501 10574,261 7908,1455 17906,787 16638,441
1,9720002 B 7430,9067 15809,9795 8061,2607 21379,781 535,74994 2248,24 S 772,7599 10125,501 10574,261 7908,1455 17906,787 16638,441
1,9719999 B 7430,9067 15809,9795 8061,2607 21379,781 535,74994 2248,24 S 772,7599 10125,501 10574,261 7908,1455 17906,787 16638,441
1,9720005 B 7430,9067 15809,9795 8061,2607 21379,781 535,74994 2248,24 S 772,7599 10125,501 10574,261 7908,1455 17906,787 16638,441
1,9719998 B 7430,9067 15809,9795 8061,2607 21379,781 535,74994 2248,24 S 772,7599 10125,501 10574,261 7908,1455 17906,787 16638,441
1,9719995 B 7430,9067 15809,9795 8061,2607 21379,781 535,74994 2248,24 S 772,7599 10125,501 10574,261 7908,1455 17906,787 16638,441
1,9719999 B 7430,9067 15809,9795 8061,2607 21379,781 535,74994 2248,24 S 772,7599 10125,501 10574,261 7908,1455 17906,787 16638,441
1,9720004 B 7430,9067 15809,9795 8061,2607 21379,781 535,74994 2248,24 S 772,7599 10125,501 10574,261 7908,1455 17906,787 16638,441
1,9720002 B 7430,9067 15809,9795 8061,2607 21379,781 535,74994 2248,24 S 772,7599 10125,501 10574,261 7908,1455 17906,787 16638,441
1,9719998 B 7430,9067 15809,9795 8061,2607 21379,781 535,74994 2248,24 S 772,7599 10125,501 10574,261 7908,1455 17906,787 16638,441
1,972 B 7430,9067 15809,9795 8061,2607 21379,781 535,74994 2248,24 S 772,7599 10125,501 10574,261 7908,1455 17906,787 16638,441
1,972 B 7430,9067 15809,9795 8061,2607 21379,781 535,74994 2248,24 S 772,7599 10125,501 10574,261 7908,1455 17906,787 16638,441
1,9720005 B 7430,9067 15809,9795 8061,2607 21379,781 535,74994 2248,24 S 772,7599 10125,501 10574,261 7908,1455 17906,787 16638,441
1,972 B 7430,9067 15809,9795 8061,2607 21379,781 535,74994 2248,24 S 772,7599 10125,501 10574,261 7908,1455 17906,787 16638,441
1,9720002 B 7430,9067 15809,9795 8061,2607 21379,781 535,74994 2248,24 S 772,7599 10125,501 10574,261 7908,1455 17906,787 16638,441
1,9711274 B 7430,9067 15809,9795 8061,2607 21379,781 535,74994 2248,24 S 772,7599 10125,501 10574,261 7908,1455 17906,787 16638,441
1,9709996 B 7430,9067 15809,9795 8061,2607 21379,781 535,74994 2248,24 S 772,7599 10125,501 10574,261 7908,1455 17906,787 16638,441
1,9725097 B 7430,9067 15809,9795 8061,2607 21379,781 535,74994 2248,24 S 772,7599 10125,501 10574,261 7908,1455 17906,787 16638,441
1,973 B 7430,9067 15809,9795 8061,2607 21379,781 535,74994 2248,24 S 772,7599 10125,501 10574,261 7908,1455 17906,787 16638,441
1,9729999 B 7430,9067 15809,9795 8061,2607 21379,781 535,74994 2248,24 S 772,7599 10125,501 10574,261 7908,1455 17906,787 16638,441
1,973 B 7430,9067 15809,9795 8061,2607 21379,781 535,74994 2248,24 S 772,7599 10125,501 10574,261 7908,1455 17906,787 16638,441
1,9729998 B 7430,9067 15809,9795 8061,2607 21379,781 535,74994 2248,24 S 772,7599 10125,501 10574,261 7908,1455 17906,787 16638,441
1,973 B 7430,9067 15809,9795 8061,2607 21379,781 535,74994 2248,24 S 772,7599 10125,501 10574,261 7908,1455 17906,787 16638,441
1,973 B 7430,9067 15809,9795 8061,2607 21379,781 535,74994 2248,24 S 772,7599 10125,501 10574,261 7908,1455 17906,787 16638,441
1,9729998 B 7430,9067 15809,9795 8061,2607 21379,781 535,74994 2248,24 S 772,7599 10125,501 10574,261 7908,1455 17906,787 16638,441
1,9729992 B 7430,9067 15809,9795 8061,2607 21379,781 535,74994 2248,24 S 772,7599 10125,501 10574,261 7908,1455 17906,787 16638,441
1,9730002 B 7430,9067 15809,9795 8061,2607 21379,781 535,74994 2248,24 S 772,7599 10125,501 10574,261 7908,1455 17906,787 16638,441
1,9730002 B 7430,9067 15809,9795 8061,2607 21379,781 535,74994 2248,24 S 772,7599 10125,501 10574,261 7908,1455 17906,787 16638,441
1,9729997 B 7430,9067 15809,9795 8061,2607 21379,781 535,74994 2248,24 S 772,7599 10125,501 10574,261 7908,1455 17906,787 16638,441
1,9729998 B 7430,9067 15809,9795 8061,2607 21379,781 535,74994 2248,24 S 772,7599 10125,501 10574,261 7908,1455 17906,787 16638,441
1,9730002 B 7430,9067 15809,9795 8061,2607 21379,781 535,74994 2248,24 S 772,7599 10125,501 10574,261 7908,1455 17906,787 16638,441
1,9737592 B 7430,9067 15809,9795 8061,2607 21379,781 535,74994 2248,24 S 772,7599 10125,501 10574,261 7908,1455 17906,787 16638,441
1,9740005 B 7430,9067 15809,9795 8061,2607 21379,781 535,74994 2248,24 S 772,7599 10125,501 10574,261 7908,1455 17906,787 16638,441
1,9740002 B 7430,9067 15809,9795 8061,2607 21379,781 535,74994 2248,24 S 772,7599 10125,501 10574,261 7908,1455 17906,787 16638,441
1,9740006 B 7430,9067 15809,9795 8061,2607 21379,781 535,74994 2248,24 S 772,7599 10125,501 10574,261 7908,1455 17906,787 16638,441
1,9740002 B 7430,9067 15809,9795 8061,2607 21379,781 535,74994 2248,24 S 772,7599 10125,501 10574,261 7908,1455 17906,787 16638,441
1,9740007 B 7430,9067 15809,9795 8061,2607 21379,781 535,74994 2248,24 S 772,7599 10125,501 10574,261 7908,1455 17906,787 16638,441
1,9740001 B 7430,9067 15809,9795 8061,2607 21379,781 535,74994 2248,24 S 772,7599 10125,501 10574,261 7908,1455 17906,787 16638,441
1,9740003 B 7430,9067 15809,9795 8061,2607 21379,781 535,74994 2248,24 S 772,7599 10125,501 10574,261 7908,1455 17906,787 16638,441
1,9740001 B 7430,9067 15809,9795 8061,2607 21379,781 535,74994 2248,24 S 772,7599 10125,501 10574,261 7908,1455 17906,787 16638,441
1,9739996 B 7430,9067 15809,9795 8061,2607 21379,781 535,74994 2248,24 S 772,7599 10125,501 10574,261 7908,1455 17906,787 16638,441
1,9740006 B 7430,9067 15809,9795 8061,2607 21379,781 535,74994 2248,24 S 772,7599 10125,501 10574,261 7908,1455 17906,787 16638,441
1,9740003 B 7430,9067 15809,9795 8061,2607 21379,781 535,74994 2248,24 S 772,7599 10125,501 10574,261 7908,1455 17906,787 16638,441
1,9739996 B 7430,9067 15809,9795 8061,2607 21379,781 535,74994 2248,24 S 772,7599 10125,501 10574,261 7908,1455 17906,787 16638,441
1,9740003 B 7430,9067 15809,9795 8061,2607 21379,781 535,74994 2248,24 S 772,7599 10125,501 10574,261 7908,1455 17906,787 16638,441
1,9740005 B 7430,9067 15809,9795 8061,2607 21379,781 535,74994 2248,24 S 772,7599 10125,501 10574,261 7908,1455 17906,787 16638,441
1,9740001 B 7430,9067 15809,9795 8061,2607 21379,781 535,74994 2248,24 S 772,7599 10125,501 10574,261 7908,1455 17906,787 16638,441
1,9740006 B 7430,9067 15809,9795 8061,2607 21379,781 535,74994 2248,24 S 772,7599 10125,501 10574,261 7908,1455 17906,787 16638,441
1,9739999 B 7430,9067 15809,9795 8061,2607 21379,781 535,74994 2248,24 S 772,7599 10125,501 10574,261 7908,1455 17906,787 16638,441
1,9740003 B 7430,9067 15809,9795 8061,2607 21379,781 535,74994 2248,24 S 772,7599 10125,501 10574,261 7908,1455 17906,787 16638,441
1,9740001 B 7430,9067 15809,9795 8061,2607 21379,781 535,74994 2248,24 S 772,7599 10125,501 10574,261 7908,1455 17906,787 16638,441
1,9739997 B 7430,9067 15809,9795 8061,2607 21379,781 535,74994 2248,24 S 772,7599 10125,501 10574,261 7908,1455 17906,787 16638,441
1,9739994 B 7430,9067 15809,9795 8061,2607 21379,781 535,74994 2248,24 S 772,7599 10125,501 10574,261 7908,1455 17906,787 16638,441
1,9739999 B 7430,9067 15809,9795 8061,2607 21379,781 535,74994 2248,24 S 772,7599 10125,501 10574,261 7908,1455 17906,787 16638,441
1,9740001 B 7430,9067 15809,9795 8061,2607 21379,781 535,74994 2248,24 S 772,7599 10125,501 10574,261 7908,1455 17906,787 16638,441
1,9740002 B 7430,9067 15809,9795 8061,2607 21379,781 535,74994 2248,24 S 772,7599 10125,501 10574,261 7908,1455 17906,787 16638,441
1,9740003 B 7430,9067 15809,9795 8061,2607 21379,781 535,74994 2248,24 S 772,7599 10125,501 10574,261 7908,1455 17906,787 16638,441
1,9739999 B 7430,9067 15809,9795 8061,2607 21379,781 535,74994 2248,24 S 772,7599 10125,501 10574,261 7908,1455 17906,787 16638,441
1,9740006 B 7430,9067 15809,9795 8061,2607 21379,781 535,74994 2248,24 S 772,7599 10125,501 10574,261 7908,1455 17906,787 16638,441
1,9739999 B 7430,9067 15809,9795 8061,2607 21379,781 535,74994 2248,24 S 772,7599 10125,501 10574,261 7908,1455 17906,787 16638,441
1,9740003 B 7430,9067 15809,9795 8061,2607 21379,781 535,74994 2248,24 S 772,7599 10125,501 10574,261 7908,1455 17906,787 16638,441
1,9739996 B 7430,9067 15809,9795 8061,2607 21379,781 535,74994 2248,24 S 772,7599 10125,501 10574,261 7908,1455 17906,787 16638,441
1,9734243 B 7430,9067 15809,9795 8061,2607 21379,781 535,74994 2248,24 S 772,7599 10125,501 10574,261 7908,1455 17906,787 16638,441
1,9720002 B 7430,9067 15809,9795 8061,2607 21379,781 535,74994 2248,24 S 772,7599 10125,501 10574,261 7908,1455 17906,787 16638,441
1,972001 B 7430,9067 15809,9795 8061,2607 21379,781 535,74994 2248,24 S 772,7599 10125,501 10574,261 7908,1455 17906,787 16638,441
1,9719999 B 7430,9067 15809,9795 8061,2607 21379,781 535,74994 2248,24 S 772,7599 10125,501 10574,261 7908,1455 17906,787 16638,441
1,9720004 B 7430,9067 15809,9795 8061,2607 21379,781 535,74994 2248,24 S 772,7599 10125,501 10574,261 7908,1455 17906,787 16638,441
1,9720004 B 7430,9067 15809,9795 8061,2607 21379,781 535,74994 2248,24 S 772,7599 10125,501 10574,261 7908,1455 17906,787 16638,441
1,9720005 B 7430,9067 15809,9795 8061,2607 21379,781 535,74994 2248,24 S 772,7599 10125,501 10574,261 7908,1455 17906,787 16638,441
1,9720002 B 7430,9067 15809,9795 8061,2607 21379,781 535,74994 2248,24 S 772,7599 10125,501 10574,261 7908,1455 17906,787 16638,441
1,9720004 B 7430,9067 15809,9795 8061,2607 21379,781 535,74994 2248,24 S 772,7599 10125,501 10574,261 7908,1455 17906,787 16638,441
1,9719998 B 7430,9067 15809,9795 8061,2607 21379,781 535,74994 2248,24 S 772,7599 10125,501 10574,261 7908,1455 17906,787 16638,441
1,9719994 B 7430,9067 15809,9795 8061,2607 21379,781 535,74994 2248,24 S 772,7599 10125,501 10574,261 7908,1455 17906,787 16638,441
1,9720002 B 7430,9067 15809,9795 8061,2607 21379,781 535,74994 2248,24 S 772,7599 10125,501 10574,261 7908,1455 17906,787 16638,441
1,9720001 B 7430,9067 15809,9795 8061,2607 21379,781 535,74994 2248,24 S 772,7599 10125,501 10574,261 7908,1455 17906,787 16638,441
1,972 B 7430,9067 15809,9795 8061,2607 21379,781 535,74994 2248,24 S 772,7599 10125,501 10574,261 7908,1455 17906,787 16638,441
1,9719998 B 7430,9067 15809,9795 8061,2607 21379,781 535,74994 2248,24 S 772,7599 10125,501 10574,261 7908,1455 17906,787 16638,441
1,9719999 B 7430,9067 15809,9795 8061,2607 21379,781 535,74994 2248,24 S 772,7599 10125,501 10574,261 7908,1455 17906,787 16638,441
1,9719998 B 7430,9067 15809,9795 8061,2607 21379,781 535,74994 2248,24 S 772,7599 10125,501 10574,261 7908,1455 17906,787 16638,441
1,9720001 B 7430,9067 15809,9795 8061,2607 21379,781 535,74994 2248,24 S 772,7599 10125,501 10574,261 7908,1455 17906,787 16638,441
1,9720004 B 7430,9067 15809,9795 8061,2607 21379,781 535,74994 2248,24 S 772,7599 10125,501 10574,261 7908,1455 17906,787 16638,441
1,9719999 B 7430,9067 15809,9795 8061,2607 21379,781 535,74994 2248,24 S 772,7599 10125,501 10574,261 7908,1455 17906,787 16638,441
1,9719995 B 7430,9067 15809,9795 8061,2607 21379,781 535,74994 2248,24 S 772,7599 10125,501 10574,261 7908,1455 17906,787 16638,441
1,9720004 B 7430,9067 15809,9795 8061,2607 21379,781 535,74994 2248,24 S 772,7599 10125,501 10574,261 7908,1455 17906,787 16638,441
1,9720005 B 7430,9067 15809,9795 8061,2607 21379,781 535,74994 2248,24 S 772,7599 10125,501 10574,261 7908,1455 17906,787 16638,441
1,9714878 B 7430,9067 15809,9795 8061,2607 21379,781 535,74994 2248,24 S 772,7599 10125,501 10574,261 7908,1455 17906,787 16638,441
1,9710001 B 7430,9067 15809,9795 8061,2607 21379,781 535,74994 2248,24 S 772,7599 10125,501 10574,261 7908,1455 17906,787 16638,441
1,9710003 B 7430,9067 15809,9795 8061,2607 21379,781 535,74994 2248,24 S 772,7599 10125,501 10574,261 7908,1455 17906,787 16638,441
1,9709995 B 7430,9067 15809,9795 8061,2607 21379,781 535,74994 2248,24 S 772,7599 10125,501 10574,261 7908,1455 17906,787 16638,441
1,9709998 B 7430,9067 15809,9795 8061,2607 21379,781 535,74994 2248,24 S 772,7599 10125,501 10574,261 7908,1455 17906,787 16638,441
1,9709996 B 7430,9067 15809,9795 8061,2607 21379,781 535,74994 2248,24 S 772,7599 10125,501 10574,261 7908,1455 17906,787 16638,441
1,9710001 B 7430,9067 15809,9795 8061,2607 21379,781 535,74994 2248,24 S 772,7599 10125,501 10574,261 7908,1455 17906,787 16638,441
1,9710001 B 7430,9067 15809,9795 8061,2607 21379,781 535,74994 2248,24 S 772,7599 10125,501 10574,261 7908,1455 17906,787 16638,441
1,9710001 B 7430,9067 15809,9795 8061,2607 21379,781 535,74994 2248,24 S 772,7599 10125,501 10574,261 7908,1455 17906,787 16638,441
1,9709995 B 7430,9067 15809,9795 8061,2607 21379,781 535,74994 2248,24 S 772,7599 10125,501 10574,261 7908,1455 17906,787 16638,441
1,9706502 B 7430,9067 15809,9795 8061,2607 21379,781 535,74994 2248,24 S 772,7599 10125,501 10574,261 7908,1455 17906,787 16638,441
1,9699998 B 7430,9067 15809,9795 8061,2607 21379,781 535,74994 2248,24 S 772,7599 10125,501 10574,261 7908,1455 17906,787 16638,441
1,9700005 B 7430,9067 15809,9795 8061,2607 21379,781 535,74994 2248,24 S 772,7599 10125,501 10574,261 7908,1455 17906,787 16638,441
1,9700005 B 7430,9067 15809,9795 8061,2607 21379,781 535,74994 2248,24 S 772,7599 10125,501 10574,261 7908,1455 17906,787 16638,441
1,9700005 B 7430,9067 15809,9795 8061,2607 21379,781 535,74994 2248,24 S 772,7599 10125,501 10574,261 7908,1455 17906,787 16638,441
1,9700005 B 7430,9067 15809,9795 8061,2607 21379,781 535,74994 2248,24 S 772,7599 10125,501 10574,261 7908,1455 17906,787 16638,441
1,9699998 B 7430,9067 15809,9795 8061,2607 21379,781 535,74994 2248,24 S 772,7599 10125,501 10574,261 7908,1455 17906,787 16638,441
1,9699861 B 7430,9067 15809,9795 8061,2607 21379,781 535,74994 2248,24 S 772,7599 10125,501 10574,261 7908,1455 17906,787 16638,441
1,9690003 B 7430,9067 15809,9795 8061,2607 21379,781 535,74994 2248,24 S 772,7599 10125,501 10574,261 7908,1455 17906,787 16638,441
1,9690001 B 7430,9067 15809,9795 8061,2607 21379,781 535,74994 2248,24 S 772,7599 10125,501 10574,261 7908,1455 17906,787 16638,441
1,9689997 B 7430,9067 15809,9795 8061,2607 21379,781 535,74994 2248,24 S 772,7599 10125,501 10574,261 7908,1455 17906,787 16638,441
1,9697375 B 7430,9067 15809,9795 8061,2607 21379,781 535,74994 2248,24 S 772,7599 10125,501 10574,261 7908,1455 17906,787 16638,441
1,969887 B 7430,9067 15809,9795 8061,2607 21379,781 535,74994 2248,24 S 772,7599 10125,501 10574,261 7908,1455 17906,787 16638,441
1,9690002 B 7430,9067 15809,9795 8061,2607 21379,781 535,74994 2248,24 S 772,7599 10125,501 10574,261 7908,1455 17906,787 16638,441
1,9689999 B 7430,9067 15809,9795 8061,2607 21379,781 535,74994 2248,24 S 772,7599 10125,501 10574,261 7908,1455 17906,787 16638,441
1,9690001 B 7430,9067 15809,9795 8061,2607 21379,781 535,74994 2248,24 S 772,7599 10125,501 10574,261 7908,1455 17906,787 16638,441
1,9690003 B 7430,9067 15809,9795 8061,2607 21379,781 535,74994 2248,24 S 772,7599 10125,501 10574,261 7908,1455 17906,787 16638,441
1,9689996 B 7430,9067 15809,9795 8061,2607 21379,781 535,74994 2248,24 S 772,7599 10125,501 10574,261 7908,1455 17906,787 16638,441
1,9690003 B 7430,9067 15809,9795 8061,2607 21379,781 535,74994 2248,24 S 772,7599 10125,501 10574,261 7908,1455 17906,787 16638,441
1,9689999 B 7430,9067 15809,9795 8061,2607 21379,781 535,74994 2248,24 S 772,7599 10125,501 10574,261 7908,1455 17906,787 16638,441
1,9690005 B 7430,9067 15809,9795 8061,2607 21379,781 535,74994 2248,24 S 772,7599 10125,501 10574,261 7908,1455 17906,787 16638,441
1,9689997 B 7430,9067 15809,9795 8061,2607 21379,781 535,74994 2248,24 S 772,7599 10125,501 10574,261 7908,1455 17906,787 16638,441
1,9690002 B 7430,9067 15809,9795 8061,2607 21379,781 535,74994 2248,24 S 772,7599 10125,501 10574,261 7908,1455 17906,787 16638,441
1,969 B 7430,9067 15809,9795 8061,2607 21379,781 535,74994 2248,24 S 772,7599 10125,501 10574,261 7908,1455 17906,787 16638,441
1,9689999 B 7430,9067 15809,9795 8061,2607 21379,781 535,74994 2248,24 S 772,7599 10125,501 10574,261 7908,1455 17906,787 16638,441
1,9692827 B 7430,9067 15809,9795 8061,2607 21379,781 535,74994 2248,24 S 772,7599 10125,501 10574,261 7908,1455 17906,787 16638,441
1,9699996 B 7430,9067 15809,9795 8061,2607 21379,781 535,74994 2248,24 S 772,7599 10125,501 10574,261 7908,1455 17906,787 16638,441
1,9700006 B 7430,9067 15809,9795 8061,2607 21379,781 535,74994 2248,24 S 772,7599 10125,501 10574,261 7908,1455 17906,787 16638,441
1,97 B 7430,9067 15809,9795 8061,2607 21379,781 535,74994 2248,24 S 772,7599 10125,501 10574,261 7908,1455 17906,787 16638,441
1,9699999 B 7430,9067 15809,9795 8061,2607 21379,781 535,74994 2248,24 S 772,7599 10125,501 10574,261 7908,1455 17906,787 16638,441
1,9699999 B 7430,9067 15809,9795 8061,2607 21379,781 535,74994 2248,24 S 772,7599 10125,501 10574,261 7908,1455 17906,787 16638,441
1,9699996 B 7430,9067 15809,9795 8061,2607 21379,781 535,74994 2248,24 S 772,7599 10125,501 10574,261 7908,1455 17906,787 16638,441
1,9700006 B 7430,9067 15809,9795 8061,2607 21379,781 535,74994 2248,24 S 772,7599 10125,501 10574,261 7908,1455 17906,787 16638,441
1,9714073 B 7430,9067 15809,9795 8061,2607 21379,781 535,74994 2248,24 S 772,7599 10125,501 10574,261 7908,1455 17906,787 16638,441
1,9720004 B 7430,9067 15809,9795 8061,2607 21379,781 535,74994 2248,24 S 772,7599 10125,501 10574,261 7908,1455 17906,787 16638,441
1,9720004 B 7430,9067 15809,9795 8061,2607 21379,781 535,74994 2248,24 S 772,7599 10125,501 10574,261 7908,1455 17906,787 16638,441
1,9720004 B 7430,9067 15809,9795 8061,2607 21379,781 535,74994 2248,24 S 772,7599 10125,501 10574,261 7908,1455 17906,787 16638,441
1,9719994 B 7430,9067 15809,9795 8061,2607 21379,781 535,74994 2248,24 S 772,7599 10125,501 10574,261 7908,1455 17906,787 16638,441
1,9720005 B 7430,9067 15809,9795 8061,2607 21379,781 535,74994 2248,24 S 772,7599 10125,501 10574,261 7908,1455 17906,787 16638,441
1,9719998 B 7430,9067 15809,9795 8061,2607 21379,781 535,74994 2248,24 S 772,7599 10125,501 10574,261 7908,1455 17906,787 16638,441
1,9720001 B 7430,9067 15809,9795 8061,2607 21379,781 535,74994 2248,24 S 772,7599 10125,501 10574,261 7908,1455 17906,787 16638,441
1,972 B 7430,9067 15809,9795 8061,2607 21379,781 535,74994 2248,24 S 772,7599 10125,501 10574,261 7908,1455 17906,787 16638,441
1,9719995 B 7430,9067 15809,9795 8061,2607 21379,781 535,74994 2248,24 S 772,7599 10125,501 10574,261 7908,1455 17906,787 16638,441
1,972 B 7430,9067 15809,9795 8061,2607 21379,781 535,74994 2248,24 S 772,7599 10125,501 10574,261 7908,1455 17906,787 16638,441
1,9720002 B 7430,9067 15809,9795 8061,2607 21379,781 535,74994 2248,24 S 772,7599 10125,501 10574,261 7908,1455 17906,787 16638,441
1,9720001 B 7430,9067 15809,9795 8061,2607 21379,781 535,74994 2248,24 S 772,7599 10125,501 10574,261 7908,1455 17906,787 16638,441
1,972 B 7430,9067 15809,9795 8061,2607 21379,781 535,74994 2248,24 S 772,7599 10125,501 10574,261 7908,1455 17906,787 16638,441
1,9720002 B 7430,9067 15809,9795 8061,2607 21379,781 535,74994 2248,24 S 772,7599 10125,501 10574,261 7908,1455 17906,787 16638,441
1,972 B 7430,9067 15809,9795 8061,2607 21379,781 535,74994 2248,24 S 772,7599 10125,501 10574,261 7908,1455 17906,787 16638,441
1,9720005 B 7430,9067 15809,9795 8061,2607 21379,781 535,74994 2248,24 S 772,7599 10125,501 10574,261 7908,1455 17906,787 16638,441
1,972 B 7430,9067 15809,9795 8061,2607 21379,781 535,74994 2248,24 S 772,7599 10125,501 10574,261 7908,1455 17906,787 16638,441
1,9720004 B 7430,9067 15809,9795 8061,2607 21379,781 535,74994 2248,24 S 772,7599 10125,501 10574,261 7908,1455 17906,787 16638,441
1,9719996 B 7430,9067 15809,9795 8061,2607 21379,781 535,74994 2248,24 S 772,7599 10125,501 10574,261 7908,1455 17906,787 16638,441
1,972 B 7430,9067 15809,9795 8061,2607 21379,781 535,74994 2248,24 S 772,7599 10125,501 10574,261 7908,1455 17906,787 16638,441
