1,9738761
1,971 B 1942,403 21121,938 19320,44 8366,94 11972,097 365,4699 S 1054,0319 6099,941 20079,553 11317,529 12818,5625 9323,288
1,9710002 B 1942,403 21121,938 19320,44 8366,94 11972,097 365,4699 S 1054,0319 6099,941 20079,553 11317,529 12818,5625 9323,288
1,9709995 B 1942,403 21121,938 19320,44 8366,94 11972,097 365,4699 S 1054,0319 6099,941 20079,553 11317,529 12818,5625 9323,288
1,9690439 B 1942,403 21121,938 19320,44 8366,94 11972,097 365,4699 S 1054,0319 6099,941 20079,553 11317,529 12818,5625 9323,288
1,9690005 B 1942,403 21121,938 19320,44 8366,94 11972,097 365,4699 S 1054,0319 6099,941 20079,553 11317,529 12818,5625 9323,288
1,9686794 B 1942,403 21121,938 19320,44 8366,94 11972,097 365,4699 S 1054,0319 6099,941 20079,553 11317,529 12818,5625 9323,288
1,9680007 B 1942,403 21121,938 19320,44 8366,94 11972,097 365,4699 S 1054,0319 6099,941 20079,553 11317,529 12818,5625 9323,288
1,9682107 B 1942,403 21121,938 19320,44 8366,94 11972,097 365,4699 S 1054,0319 6099,941 20079,553 11317,529 12818,5625 9323,288
1,9690006 B 1942,403 21121,938 19320,44 8366,94 11972,097 365,4699 S 1054,0319 6099,941 20079,553 11317,529 12818,5625 9323,288
1,9690002 B 1942,403 21121,938 19320,44 8366,94 11972,097 365,4699 S 1054,0319 6099,941 20079,553 11317,529 12818,5625 9323,288
1,9689997 B 1942,403 21121,938 19320,44 8366,94 11972,097 365,4699 S 1054,0319 6099,941 20079,553 11317,529 12818,5625 9323,288
1,9690003 B 1942,403 21121,938 19320,44 8366,94 11972,097 365,4699 S 1054,0319 6099,941 20079,553 11317,529 12818,5625 9323,288
1,9689995 B 1942,403 21121,938 19320,44 8366,94 11972,097 365,4699 S 1054,0319 6099,941 20079,553 11317,529 12818,5625 9323,288
1,969 B 1942,403 21121,938 19320,44 8366,94 11972,097 365,4699 S 1054,0319 6099,941 20079,553 11317,529 12818,5625 9323,288
1,969 B 1942,403 21121,938 19320,44 8366,94 11972,097 365,4699 S 1054,0319 6099,941 20079,553 11317,529 12818,5625 9323,288
1,9689995 B 1942,403 21121,938 19320,44 8366,94 11972,097 365,4699 S 1054,0319 6099,941 20079,553 11317,529 12818,5625 9323,288
1,9689993 B 1942,403 21121,938 19320,44 8366,94 11972,097 365,4699 S 1054,0319 6099,941 20079,553 11317,529 12818,5625 9323,288
1,9689995 B 1942,403 21121,938 19320,44 8366,94 11972,097 365,4699 S 1054,0319 6099,941 20079,553 11317,529 12818,5625 9323,288
1,9689999 B 1942,403 21121,938 19320,44 8366,94 11972,097 365,4699 S 1054,0319 6099,941 20079,553 11317,529 12818,5625 9323,288
1,9689997 B 1942,403 21121,938 19320,44 8366,94 11972,097 365,4699 S 1054,0319 6099,941 20079,553 11317,529 12818,5625 9323,288
1,969 B 1942,403 21121,938 19320,44 8366,94 11972,097 365,4699 S 1054,0319 6099,941 20079,553 11317,529 12818,5625 9323,288
1,9690003 B 1942,403 21121,938 19320,44 8366,94 11972,097 365,4699 S 1054,0319 6099,941 20079,553 11317,529 12818,5625 9323,288
1,9690002 B 1942,403 21121,938 19320,44 8366,94 11972,097 365,4699 S 1054,0319 6099,941 20079,553 11317,529 12818,5625 9323,288
1,9689999 B 1942,403 21121,938 19320,44 8366,94 11972,097 365,4699 S 1054,0319 6099,941 20079,553 11317,529 12818,5625 9323,288
1,9683671 B 1942,403 21121,938 19320,44 8366,94 11972,097 365,4699 S 1054,0319 6099,941 20079,553 11317,529 12818,5625 9323,288
1,9670001 B 1942,403 21121,938 19320,44 8366,94 11972,097 365,4699 S 1054,0319 6099,941 20079,553 11317,529 12818,5625 9323,288
1,9670005 B 1942,403 21121,938 19320,44 8366,94 11972,097 365,4699 S 1054,0319 6099,941 20079,553 11317,529 12818,5625 9323,288
1,9669997 B 1942,403 21121,938 19320,44 8366,94 11972,097 365,4699 S 1054,0319 6099,941 20079,553 11317,529 12818,5625 9323,288
1,9669998 B 1942,403 21121,938 19320,44 8366,94 11972,097 365,4699 S 1054,0319 6099,941 20079,553 11317,529 12818,5625 9323,288
1,9679762 B 1942,403 21121,938 19320,44 8366,94 11972,097 365,4699 S 1054,0319 6099,941 20079,553 11317,529 12818,5625 9323,288
1,9673003 B 1942,403 21121,938 19320,44 8366,94 11972,097 365,4699 S 1054,0319 6099,941 20079,553 11317,529 12818,5625 9323,288
1,9669999 B 1942,403 21121,938 19320,44 8366,94 11972,097 365,4699 S 1054,0319 6099,941 20079,553 11317,529 12818,5625 9323,288
1,9670004 B 1942,403 21121,938 19320,44 8366,94 11972,097 365,4699 S 1054,0319 6099,941 20079,553 11317,529 12818,5625 9323,288
1,9670004 B 1942,403 21121,938 19320,44 8366,94 11972,097 365,4699 S 1054,0319 6099,941 20079,553 11317,529 12818,5625 9323,288
1,9670002 B 1942,403 21121,938 19320,44 8366,94 11972,097 365,4699 S 1054,0319 6099,941 20079,553 11317,529 12818,5625 9323,288
1,9669997 B 1942,403 21121,938 19320,44 8366,94 11972,097 365,4699 S 1054,0319 6099,941 20079,553 11317,529 12818,5625 9323,288
1,9669999 B 1942,403 21121,938 19320,44 8366,94 11972,097 365,4699 S 1054,0319 6099,941 20079,553 11317,529 12818,5625 9323,288
1,9670001 B 1942,403 21121,938 19320,44 8366,94 11972,097 365,4699 S 1054,0319 6099,941 20079,553 11317,529 12818,5625 9323,288
1,9683838 B 1942,403 21121,938 19320,44 8366,94 11972,097 365,4699 S 1054,0319 6099,941 20079,553 11317,529 12818,5625 9323,288
1,9690001 B 1942,403 21121,938 19320,44 8366,94 11972,097 365,4699 S 1054,0319 6099,941 20079,553 11317,529 12818,5625 9323,288
1,9690002 B 1942,403 21121,938 19320,44 8366,94 11972,097 365,4699 S 1054,0319 6099,941 20079,553 11317,529 12818,5625 9323,288
1,9690006 B 1942,403 21121,938 19320,44 8366,94 11972,097 365,4699 S 1054,0319 6099,941 20079,553 11317,529 12818,5625 9323,288
1,9689996 B 1942,403 21121,938 19320,44 8366,94 11972,097 365,4699 S 1054,0319 6099,941 20079,553 11317,529 12818,5625 9323,288
1,9690002 B 1942,403 21121,938 19320,44 8366,94 11972,097 365,4699 S 1054,0319 6099,941 20079,553 11317,529 12818,5625 9323,288
1,9689995 B 1942,403 21121,938 19320,44 8366,94 11972,097 365,4699 S 1054,0319 6099,941 20079,553 11317,529 12818,5625 9323,288
1,9690003 B 1942,403 21121,938 19320,44 8366,94 11972,097 365,4699 S 1054,0319 6099,941 20079,553 11317,529 12818,5625 9323,288
1,9696195 B 1942,403 21121,938 19320,44 8366,94 11972,097 365,4699 S 1054,0319 6099,941 20079,553 11317,529 12818,5625 9323,288
1,9710003 B 1942,403 21121,938 19320,44 8366,94 11972,097 365,4699 S 1054,0319 6099,941 20079,553 11317,529 12818,5625 9323,288
1,9709995 B 1942,403 21121,938 19320,44 8366,94 11972,097 365,4699 S 1054,0319 6099,941 20079,553 11317,529 12818,5625 9323,288
1,9709998 B 1942,403 21121,938 19320,44 8366,94 11972,097 365,4699 S 1054,0319 6099,941 20079,553 11317,529 12818,5625 9323,288
1,9709995 B 1942,403 21121,938 19320,44 8366,94 11972,097 365,4699 S 1054,0319 6099,941 20079,553 11317,529 12818,5625 9323,288
1,971 B 1942,403 21121,938 19320,44 8366,94 11972,097 365,4699 S 1054,0319 6099,941 20079,553 11317,529 12818,5625 9323,288
1,9710003 B 1942,403 21121,938 19320,44 8366,94 11972,097 365,4699 S 1054,0319 6099,941 20079,553 11317,529 12818,5625 9323,288
1,9709998 B 1942,403 21121,938 19320,44 8366,94 11972,097 365,4699 S 1054,0319 6099,941 20079,553 11317,529 12818,5625 9323,288
1,9710007 B 1942,403 21121,938 19320,44 8366,94 11972,097 365,4699 S 1054,0319 6099,941 20079,553 11317,529 12818,5625 9323,288
1,9709994 B 1942,403 21121,938 19320,44 8366,94 11972,097 365,4699 S 1054,0319 6099,941 20079,553 11317,529 12818,5625 9323,288
1,9709998 B 1942,403 21121,938 19320,44 8366,94 11972,097 365,4699 S 1054,0319 6099,941 20079,553 11317,529 12818,5625 9323,288
1,9709996 B 1942,403 21121,938 19320,44 8366,94 11972,097 365,4699 S 1054,0319 6099,941 20079,553 11317,529 12818,5625 9323,288
1,9725063 B 1942,403 21121,938 19320,44 8366,94 11972,097 365,4699 S 1054,0319 6099,941 20079,553 11317,529 12818,5625 9323,288
1,9729997 B 1942,403 21121,938 19320,44 8366,94 11972,097 365,4699 S 1054,0319 6099,941 20079,553 11317,529 12818,5625 9323,288
1,9729999 B 1942,403 21121,938 19320,44 8366,94 11972,097 365,4699 S 1054,0319 6099,941 20079,553 11317,529 12818,5625 9323,288
1,9729999 B 1942,403 21121,938 19320,44 8366,94 11972,097 365,4699 S 1054,0319 6099,941 20079,553 11317,529 12818,5625 9323,288
1,973 B 1942,403 21121,938 19320,44 8366,94 11972,097 365,4699 S 1054,0319 6099,941 20079,553 11317,529 12818,5625 9323,288
1,9720834 B 1942,403 21121,938 19320,44 8366,94 11972,097 365,4699 S 1054,0319 6099,941 20079,553 11317,529 12818,5625 9323,288
1,9720002 B 1942,403 21121,938 19320,44 8366,94 11972,097 365,4699 S 1054,0319 6099,941 20079,553 11317,529 12818,5625 9323,288
1,9720006 B 1942,403 21121,938 19320,44 8366,94 11972,097 365,4699 S 1054,0319 6099,941 20079,553 11317,529 12818,5625 9323,288
1,972 B 1942,403 21121,938 19320,44 8366,94 11972,097 365,4699 S 1054,0319 6099,941 20079,553 11317,529 12818,5625 9323,288
1,9719995 B 1942,403 21121,938 19320,44 8366,94 11972,097 365,4699 S 1054,0319 6099,941 20079,553 11317,529 12818,5625 9323,288
1,9720817 B 1942,403 21121,938 19320,44 8366,94 11972,097 365,4699 S 1054,0319 6099,941 20079,553 11317,529 12818,5625 9323,288
1,9730006 B 1942,403 21121,938 19320,44 8366,94 11972,097 365,4699 S 1054,0319 6099,941 20079,553 11317,529 12818,5625 9323,288
1,9729999 B 1942,403 21121,938 19320,44 8366,94 11972,097 365,4699 S 1054,0319 6099,941 20079,553 11317,529 12818,5625 9323,288
1,9730008 B 1942,403 21121,938 19320,44 8366,94 11972,097 365,4699 S 1054,0319 6099,941 20079,553 11317,529 12818,5625 9323,288
1,9730002 B 1942,403 21121,938 19320,44 8366,94 11972,097 365,4699 S 1054,0319 6099,941 20079,553 11317,529 12818,5625 9323,288
1,9730002 B 1942,403 21121,938 19320,44 8366,94 11972,097 365,4699 S 1054,0319 6099,941 20079,553 11317,529 12818,5625 9323,288
1,9730002 B 1942,403 21121,938 19320,44 8366,94 11972,097 365,4699 S 1054,0319 6099,941 20079,553 11317,529 12818,5625 9323,288
1,973 B 1942,403 21121,938 19320,44 8366,94 11972,097 365,4699 S 1054,0319 6099,941 20079,553 11317,529 12818,5625 9323,288
1,9730009 B 1942,403 21121,938 19320,44 8366,94 11972,097 365,4699 S 1054,0319 6099,941 20079,553 11317,529 12818,5625 9323,288
1,9730003 B 1942,403 21121,938 19320,44 8366,94 11972,097 365,4699 S 1054,0319 6099,941 20079,553 11317,529 12818,5625 9323,288
1,9730002 B 1942,403 21121,938 19320,44 8366,94 11972,097 365,4699 S 1054,0319 6099,941 20079,553 11317,529 12818,5625 9323,288
1,9729997 B 1942,403 21121,938 19320,44 8366,94 11972,097 365,4699 S 1054,0319 6099,941 20079,553 11317,529 12818,5625 9323,288
1,9730002 B 1942,403 21121,938 19320,44 8366,94 11972,097 365,4699 S 1054,0319 6099,941 20079,553 11317,529 12818,5625 9323,288
1,9730003 B 1942,403 21121,938 19320,44 8366,94 11972,097 365,4699 S 1054,0319 6099,941 20079,553 11317,529 12818,5625 9323,288
1,9729998 B 1942,403 21121,938 19320,44 8366,94 11972,097 365,4699 S 1054,0319 6099,941 20079,553 11317,529 12818,5625 9323,288
1,9729998 B 1942,403 21121,938 19320,44 8366,94 11972,097 365,4699 S 1054,0319 6099,941 20079,553 11317,529 12818,5625 9323,288
1,9729999 B 1942,403 21121,938 19320,44 8366,94 11972,097 365,4699 S 1054,0319 6099,941 20079,553 11317,529 12818,5625 9323,288
1,9730002 B 1942,403 21121,938 19320,44 8366,94 11972,097 365,4699 S 1054,0319 6099,941 20079,553 11317,529 12818,5625 9323,288
1,9729998 B 1942,403 21121,938 19320,44 8366,94 11972,097 365,4699 S 1054,0319 6099,941 20079,553 11317,529 12818,5625 9323,288
1,9729998 B 1942,403 21121,938 19320,44 8366,94 11972,097 365,4699 S 1054,0319 6099,941 20079,553 11317,529 12818,5625 9323,288
1,9730006 B 1942,403 21121,938 19320,44 8366,94 11972,097 365,4699 S 1054,0319 6099,941 20079,553 11317,529 12818,5625 9323,288
1,973 B 1942,403 21121,938 19320,44 8366,94 11972,097 365,4699 S 1054,0319 6099,941 20079,553 11317,529 12818,5625 9323,288
1,9729997 B 1942,403 21121,938 19320,44 8366,94 11972,097 365,4699 S 1054,0319 6099,941 20079,553 11317,529 12818,5625 9323,288
1,9730006 B 1942,403 21121,938 19320,44 8366,94 11972,097 365,4699 S 1054,0319 6099,941 20079,553 11317,529 12818,5625 9323,288
1,9729999 B 1942,403 21121,938 19320,44 8366,94 11972,097 365,4699 S 1054,0319 6099,941 20079,553 11317,529 12818,5625 9323,288
1,9729995 B 1942,403 21121,938 19320,44 8366,94 11972,097 365,4699 S 1054,0319 6099,941 20079,553 11317,529 12818,5625 9323,288
1,973 B 1942,403 21121,938 19320,44 8366,94 11972,097 365,4699 S 1054,0319 6099,941 20079,553 11317,529 12818,5625 9323,288
1,973 B 1942,403 21121,938 19320,44 8366,94 11972,097 365,4699 S 1054,0319 6099,941 20079,553 11317,529 12818,5625 9323,288
1,9729999 B 1942,403 21121,938 19320,44 8366,94 11972,097 365,4699 S 1054,0319 6099,941 20079,553 11317,529 12818,5625 9323,288
1,9730004 B 1942,403 21121,938 19320,44 8366,94 11972,097 365,4699 S 1054,0319 6099,941 20079,553 11317,529 12818,5625 9323,288
1,9729999 B 1942,403 21121,938 19320,44 8366,94 11972,097 365,4699 S 1054,0319 6099,941 20079,553 11317,529 12818,5625 9323,288
1,9730006 B 1942,403 21121,938 19320,44 8366,94 11972,097 365,4699 S 1054,0319 6099,941 20079,553 11317,529 12818,5625 9323,288
1,9729999 B 1942,403 21121,938 19320,44 8366,94 11972,097 365,4699 S 1054,0319 6099,941 20079,553 11317,529 12818,5625 9323,288
1,9729999 B 1942,403 21121,938 19320,44 8366,94 11972,097 365,4699 S 1054,0319 6099,941 20079,553 11317,529 12818,5625 9323,288
1,9730002 B 1942,403 21121,938 19320,44 8366,94 11972,097 365,4699 S 1054,0319 6099,941 20079,553 11317,529 12818,5625 9323,288
1,9730002 B 1942,403 21121,938 19320,44 8366,94 11972,097 365,4699 S 1054,0319 6099,941 20079,553 11317,529 12818,5625 9323,288
1,9729997 B 1942,403 21121,938 19320,44 8366,94 11972,097 365,4699 S 1054,0319 6099,941 20079,553 11317,529 12818,5625 9323,288
1,9729996 B 1942,403 21121,938 19320,44 8366,94 11972,097 365,4699 S 1054,0319 6099,941 20079,553 11317,529 12818,5625 9323,288
1,9730003 B 1942,403 21121,938 19320,44 8366,94 11972,097 365,4699 S 1054,0319 6099,941 20079,553 11317,529 12818,5625 9323,288
1,9730002 B 1942,403 21121,938 19320,44 8366,94 11972,097 365,4699 S 1054,0319 6099,941 20079,553 11317,529 12818,5625 9323,288
1,9729996 B 1942,403 21121,938 19320,44 8366,94 11972,097 365,4699 S 1054,0319 6099,941 20079,553 11317,529 12818,5625 9323,288
1,9730003 B 1942,403 21121,938 19320,44 8366,94 11972,097 365,4699 S 1054,0319 6099,941 20079,553 11317,529 12818,5625 9323,288
1,9729998 B 1942,403 21121,938 19320,44 8366,94 11972,097 365,4699 S 1054,0319 6099,941 20079,553 11317,529 12818,5625 9323,288
1,9730002 B 1942,403 21121,938 19320,44 8366,94 11972,097 365,4699 S 1054,0319 6099,941 20079,553 11317,529 12818,5625 9323,288
1,9730003 B 1942,403 21121,938 19320,44 8366,94 11972,097 365,4699 S 1054,0319 6099,941 20079,553 11317,529 12818,5625 9323,288
1,9730003 B 1942,403 21121,938 19320,44 8366,94 11972,097 365,4699 S 1054,0319 6099,941 20079,553 11317,529 12818,5625 9323,288
1,9729999 B 1942,403 21121,938 19320,44 8366,94 11972,097 365,4699 S 1054,0319 6099,941 20079,553 11317,529 12818,5625 9323,288
1,9729999 B 1942,403 21121,938 19320,44 8366,94 11972,097 365,4699 S 1054,0319 6099,941 20079,553 11317,529 12818,5625 9323,288
1,9730004 B 1942,403 21121,938 19320,44 8366,94 11972,097 365,4699 S 1054,0319 6099,941 20079,553 11317,529 12818,5625 9323,288
1,9744948 B 1942,403 21121,938 19320,44 8366,94 11972,097 365,4699 S 1054,0319 6099,941 20079,553 11317,529 12818,5625 9323,288
1,975 B 1942,403 21121,938 19320,44 8366,94 11972,097 365,4699 S 1054,0319 6099,941 20079,553 11317,529 12818,5625 9323,288
1,9749999 B 1942,403 21121,938 19320,44 8366,94 11972,097 365,4699 S 1054,0319 6099,941 20079,553 11317,529 12818,5625 9323,288
1,9749998 B 1942,403 21121,938 19320,44 8366,94 11972,097 365,4699 S 1054,0319 6099,941 20079,553 11317,529 12818,5625 9323,288
1,9749998 B 1942,403 21121,938 19320,44 8366,94 11972,097 365,4699 S 1054,0319 6099,941 20079,553 11317,529 12818,5625 9323,288
1,9750007 B 1942,403 21121,938 19320,44 8366,94 11972,097 365,4699 S 1054,0319 6099,941 20079,553 11317,529 12818,5625 9323,288
1,975 B 1942,403 21121,938 19320,44 8366,94 11972,097 365,4699 S 1054,0319 6099,941 20079,553 11317,529 12818,5625 9323,288
1,9750003 B 1942,403 21121,938 19320,44 8366,94 11972,097 365,4699 S 1054,0319 6099,941 20079,553 11317,529 12818,5625 9323,288
1,9749999 B 1942,403 21121,938 19320,44 8366,94 11972,097 365,4699 S 1054,0319 6099,941 20079,553 11317,529 12818,5625 9323,288
1,975 B 1942,403 21121,938 19320,44 8366,94 11972,097 365,4699 S 1054,0319 6099,941 20079,553 11317,529 12818,5625 9323,288
1,9750003 B 1942,403 21121,938 19320,44 8366,94 11972,097 365,4699 S 1054,0319 6099,941 20079,553 11317,529 12818,5625 9323,288
1,9749998 B 1942,403 21121,938 19320,44 8366,94 11972,097 365,4699 S 1054,0319 6099,941 20079,553 11317,529 12818,5625 9323,288
1,9749993 B 1942,403 21121,938 19320,44 8366,94 11972,097 365,4699 S 1054,0319 6099,941 20079,553 11317,529 12818,5625 9323,288
1,9749999 B 1942,403 21121,938 19320,44 8366,94 11972,097 365,4699 S 1054,0319 6099,941 20079,553 11317,529 12818,5625 9323,288
1,975 B 1942,403 21121,938 19320,44 8366,94 11972,097 365,4699 S 1054,0319 6099,941 20079,553 11317,529 12818,5625 9323,288
1,9749997 B 1942,403 21121,938 19320,44 8366,94 11972,097 365,4699 S 1054,0319 6099,941 20079,553 11317,529 12818,5625 9323,288
1,9750003 B 1942,403 21121,938 19320,44 8366,94 11972,097 365,4699 S 1054,0319 6099,941 20079,553 11317,529 12818,5625 9323,288
1,975 B 1942,403 21121,938 19320,44 8366,94 11972,097 365,4699 S 1054,0319 6099,941 20079,553 11317,529 12818,5625 9323,288
1,9749997 B 1942,403 21121,938 19320,44 8366,94 11972,097 365,4699 S 1054,0319 6099,941 20079,553 11317,529 12818,5625 9323,288
1,9749998 B 1942,403 21121,938 19320,44 8366,94 11972,097 365,4699 S 1054,0319 6099,941 20079,553 11317,529 12818,5625 9323,288
1,9749995 B 1942,403 21121,938 19320,44 8366,94 11972,097 365,4699 S 1054,0319 6099,941 20079,553 11317,529 12818,5625 9323,288
1,975 B 1942,403 21121,938 19320,44 8366,94 11972,097 365,4699 S 1054,0319 6099,941 20079,553 11317,529 12818,5625 9323,288
1,9749999 B 1942,403 21121,938 19320,44 8366,94 11972,097 365,4699 S 1054,0319 6099,941 20079,553 11317,529 12818,5625 9323,288
1,9749998 B 1942,403 21121,938 19320,44 8366,94 11972,097 365,4699 S 1054,0319 6099,941 20079,553 11317,529 12818,5625 9323,288
1,9750001 B 1942,403 21121,938 19320,44 8366,94 11972,097 365,4699 S 1054,0319 6099,941 20079,553 11317,529 12818,5625 9323,288
1,9749999 B 1942,403 21121,938 19320,44 8366,94 11972,097 365,4699 S 1054,0319 6099,941 20079,553 11317,529 12818,5625 9323,288
1,9750004 B 1942,403 21121,938 19320,44 8366,94 11972,097 365,4699 S 1054,0319 6099,941 20079,553 11317,529 12818,5625 9323,288
1,9750001 B 1942,403 21121,938 19320,44 8366,94 11972,097 365,4699 S 1054,0319 6099,941 20079,553 11317,529 12818,5625 9323,288
1,975 B 1942,403 21121,938 19320,44 8366,94 11972,097 365,4699 S 1054,0319 6099,941 20079,553 11317,529 12818,5625 9323,288
1,9750005 B 1942,403 21121,938 19320,44 8366,94 11972,097 365,4699 S 1054,0319 6099,941 20079,553 11317,529 12818,5625 9323,288
1,9750003 B 1942,403 21121,938 19320,44 8366,94 11972,097 365,4699 S 1054,0319 6099,941 20079,553 11317,529 12818,5625 9323,288
1,9750001 B 1942,403 21121,938 19320,44 8366,94 11972,097 365,4699 S 1054,0319 6099,941 20079,553 11317,529 12818,5625 9323,288
1,9750003 B 1942,403 21121,938 19320,44 8366,94 11972,097 365,4699 S 1054,0319 6099,941 20079,553 11317,529 12818,5625 9323,288
1,9749992 B 1942,403 21121,938 19320,44 8366,94 11972,097 365,4699 S 1054,0319 6099,941 20079,553 11317,529 12818,5625 9323,288
1,975 B 1942,403 21121,938 19320,44 8366,94 11972,097 365,4699 S 1054,0319 6099,941 20079,553 11317,529 12818,5625 9323,288
1,9749999 B 1942,403 21121,938 19320,44 8366,94 11972,097 365,4699 S 1054,0319 6099,941 20079,553 11317,529 12818,5625 9323,288
1,975 B 1942,403 21121,938 19320,44 8366,94 11972,097 365,4699 S 1054,0319 6099,941 20079,553 11317,529 12818,5625 9323,288
1,9749998 B 1942,403 21121,938 19320,44 8366,94 11972,097 365,4699 S 1054,0319 6099,941 20079,553 11317,529 12818,5625 9323,288
1,975 B 1942,403 21121,938 19320,44 8366,94 11972,097 365,4699 S 1054,0319 6099,941 20079,553 11317,529 12818,5625 9323,288
1,9750001 B 1942,403 21121,938 19320,44 8366,94 11972,097 365,4699 S 1054,0319 6099,941 20079,553 11317,529 12818,5625 9323,288
1,9750003 B 1942,403 21121,938 19320,44 8366,94 11972,097 365,4699 S 1054,0319 6099,941 20079,553 11317,529 12818,5625 9323,288
1,975 B 1942,403 21121,938 19320,44 8366,94 11972,097 365,4699 S 1054,0319 6099,941 20079,553 11317,529 12818,5625 9323,288
1,9750007 B 1942,403 21121,938 19320,44 8366,94 11972,097 365,4699 S 1054,0319 6099,941 20079,553 11317,529 12818,5625 9323,288
1,975 B 1942,403 21121,938 19320,44 8366,94 11972,097 365,4699 S 1054,0319 6099,941 20079,553 11317,529 12818,5625 9323,288
1,9767174 B 1942,403 21121,938 19320,44 8366,94 11972,097 365,4699 S 1054,0319 6099,941 20079,553 11317,529 12818,5625 9323,288
1,9769999 B 1942,403 21121,938 19320,44 8366,94 11972,097 365,4699 S 1054,0319 6099,941 20079,553 11317,529 12818,5625 9323,288
1,9770005 B 1942,403 21121,938 19320,44 8366,94 11972,097 365,4699 S 1054,0319 6099,941 20079,553 11317,529 12818,5625 9323,288
1,9769994 B 1942,403 21121,938 19320,44 8366,94 11972,097 365,4699 S 1054,0319 6099,941 20079,553 11317,529 12818,5625 9323,288
1,9769995 B 1942,403 21121,938 19320,44 8366,94 11972,097 365,4699 S 1054,0319 6099,941 20079,553 11317,529 12818,5625 9323,288
1,977 B 1942,403 21121,938 19320,44 8366,94 11972,097 365,4699 S 1054,0319 6099,941 20079,553 11317,529 12818,5625 9323,288
1,976533 B 1942,403 21121,938 19320,44 8366,94 11972,097 365,4699 S 1054,0319 6099,941 20079,553 11317,529 12818,5625 9323,288
1,9760009 B 1942,403 21121,938 19320,44 8366,94 11972,097 365,4699 S 1054,0319 6099,941 20079,553 11317,529 12818,5625 9323,288
1,976001 B 1942,403 21121,938 19320,44 8366,94 11972,097 365,4699 S 1054,0319 6099,941 20079,553 11317,529 12818,5625 9323,288
1,9760003 B 1942,403 21121,938 19320,44 8366,94 11972,097 365,4699 S 1054,0319 6099,941 20079,553 11317,529 12818,5625 9323,288
1,976001 B 1942,403 21121,938 19320,44 8366,94 11972,097 365,4699 S 1054,0319 6099,941 20079,553 11317,529 12818,5625 9323,288
1,9760005 B 1942,403 21121,938 19320,44 8366,94 11972,097 365,4699 S 1054,0319 6099,941 20079,553 11317,529 12818,5625 9323,288
1,9760003 B 1942,403 21121,938 19320,44 8366,94 11972,097 365,4699 S 1054,0319 6099,941 20079,553 11317,529 12818,5625 9323,288
1,9760001 B 1942,403 21121,938 19320,44 8366,94 11972,097 365,4699 S 1054,0319 6099,941 20079,553 11317,529 12818,5625 9323,288
1,9759996 B 1942,403 21121,938 19320,44 8366,94 11972,097 365,4699 S 1054,0319 6099,941 20079,553 11317,529 12818,5625 9323,288
1,9760004 B 1942,403 21121,938 19320,44 8366,94 11972,097 365,4699 S 1054,0319 6099,941 20079,553 11317,529 12818,5625 9323,288
1,9760002 B 1942,403 21121,938 19320,44 8366,94 11972,097 365,4699 S 1054,0319 6099,941 20079,553 11317,529 12818,5625 9323,288
1,9759998 B 1942,403 21121,938 19320,44 8366,94 11972,097 365,4699 S 1054,0319 6099,941 20079,553 11317,529 12818,5625 9323,288
1,9760004 B 1942,403 21121,938 19320,44 8366,94 11972,097 365,4699 S 1054,0319 6099,941 20079,553 11317,529 12818,5625 9323,288
1,9760001 B 1942,403 21121,938 19320,44 8366,94 11972,097 365,4699 S 1054,0319 6099,941 20079,553 11317,529 12818,5625 9323,288
1,976001 B 1942,403 21121,938 19320,44 8366,94 11972,097 365,4699 S 1054,0319 6099,941 20079,553 11317,529 12818,5625 9323,288
1,9759998 B 1942,403 21121,938 19320,44 8366,94 11972,097 365,4699 S 1054,0319 6099,941 20079,553 11317,529 12818,5625 9323,288
1,9760001 B 1942,403 21121,938 19320,44 8366,94 11972,097 365,4699 S 1054,0319 6099,941 20079,553 11317,529 12818,5625 9323,288
1,9760004 B 1942,403 21121,938 19320,44 8366,94 11972,097 365,4699 S 1054,0319 6099,941 20079,553 11317,529 12818,5625 9323,288
1,9760004 B 1942,403 21121,938 19320,44 8366,94 11972,097 365,4699 S 1054,0319 6099,941 20079,553 11317,529 12818,5625 9323,288
1,976 B 1942,403 21121,938 19320,44 8366,94 11972,097 365,4699 S 1054,0319 6099,941 20079,553 11317,529 12818,5625 9323,288
1,9760003 B 1942,403 21121,938 19320,44 8366,94 11972,097 365,4699 S 1054,0319 6099,941 20079,553 11317,529 12818,5625 9323,288
1,9759996 B 1942,403 21121,938 19320,44 8366,94 11972,097 365,4699 S 1054,0319 6099,941 20079,553 11317,529 12818,5625 9323,288
1,97736 B 1942,403 21121,938 19320,44 8366,94 11972,097 365,4699 S 1054,0319 6099,941 20079,553 11317,529 12818,5625 9323,288
1,978 B 1942,403 21121,938 19320,44 8366,94 11972,097 365,4699 S 1054,0319 6099,941 20079,553 11317,529 12818,5625 9323,288
1,9779999 B 1942,403 21121,938 19320,44 8366,94 11972,097 365,4699 S 1054,0319 6099,941 20079,553 11317,529 12818,5625 9323,288
1,978 B 1942,403 21121,938 19320,44 8366,94 11972,097 365,4699 S 1054,0319 6099,941 20079,553 11317,529 12818,5625 9323,288
1,9779993 B 1942,403 21121,938 19320,44 8366,94 11972,097 365,4699 S 1054,0319 6099,941 20079,553 11317,529 12818,5625 9323,288
1,978 B 1942,403 21121,938 19320,44 8366,94 11972,097 365,4699 S 1054,0319 6099,941 20079,553 11317,529 12818,5625 9323,288
1,978 B 1942,403 21121,938 19320,44 8366,94 11972,097 365,4699 S 1054,0319 6099,941 20079,553 11317,529 12818,5625 9323,288
1,9780003 B 1942,403 21121,938 19320,44 8366,94 11972,097 365,4699 S 1054,0319 6099,941 20079,553 11317,529 12818,5625 9323,288
1,9779998 B 1942,403 21121,938 19320,44 8366,94 11972,097 365,4699 S 1054,0319 6099,941 20079,553 11317,529 12818,5625 9323,288
1,9779993 B 1942,403 21121,938 19320,44 8366,94 11972,097 365,4699 S 1054,0319 6099,941 20079,553 11317,529 12818,5625 9323,288
1,9779999 B 1942,403 21121,938 19320,44 8366,94 11972,097 365,4699 S 1054,0319 6099,941 20079,553 11317,529 12818,5625 9323,288
1,9780002 B 1942,403 21121,938 19320,44 8366,94 11972,097 365,4699 S 1054,0319 6099,941 20079,553 11317,529 12818,5625 9323,288
1,9779993 B 1942,403 21121,938 19320,44 8366,94 11972,097 365,4699 S 1054,0319 6099,941 20079,553 11317,529 12818,5625 9323,288
1,9780003 B 1942,403 21121,938 19320,44 8366,94 11972,097 365,4699 S 1054,0319 6099,941 20079,553 11317,529 12818,5625 9323,288
1,9780006 B 1942,403 21121,938 19320,44 8366,94 11972,097 365,4699 S 1054,0319 6099,941 20079,553 11317,529 12818,5625 9323,288
1,9779998 B 1942,403 21121,938 19320,44 8366,94 11972,097 365,4699 S 1054,0319 6099,941 20079,553 11317,529 12818,5625 9323,288
1,9779999 B 1942,403 21121,938 19320,44 8366,94 11972,097 365,4699 S 1054,0319 6099,941 20079,553 11317,529 12818,5625 9323,288
1,9781787 B 1942,403 21121,938 19320,44 8366,94 11972,097 365,4699 S 1054,0319 6099,941 20079,553 11317,529 12818,5625 9323,288
1,9789996 B 1942,403 21121,938 19320,44 8366,94 11972,097 365,4699 S 1054,0319 6099,941 20079,553 11317,529 12818,5625 9323,288
1,9790004 B 1942,403 21121,938 19320,44 8366,94 11972,097 365,4699 S 1054,0319 6099,941 20079,553 11317,529 12818,5625 9323,288
1,9789997 B 1942,403 21121,938 19320,44 8366,94 11972,097 365,4699 S 1054,0319 6099,941 20079,553 11317,529 12818,5625 9323,288
1,979 B 1942,403 21121,938 19320,44 8366,94 11972,097 365,4699 S 1054,0319 6099,941 20079,553 11317,529 12818,5625 9323,288
1,9790002 B 1942,403 21121,938 19320,44 8366,94 11972,097 365,4699 S 1054,0319 6099,941 20079,553 11317,529 12818,5625 9323,288
1,9798543 B 1942,403 21121,938 19320,44 8366,94 11972,097 365,4699 S 1054,0319 6099,941 20079,553 11317,529 12818,5625 9323,288
1,9800001 B 1942,403 21121,938 19320,44 8366,94 11972,097 365,4699 S 1054,0319 6099,941 20079,553 11317,529 12818,5625 9323,288
1,9800004 B 1942,403 21121,938 19320,44 8366,94 11972,097 365,4699 S 1054,0319 6099,941 20079,553 11317,529 12818,5625 9323,288
1,9799998 B 1942,403 21121,938 19320,44 8366,94 11972,097 365,4699 S 1054,0319 6099,941 20079,553 11317,529 12818,5625 9323,288
1,9800001 B 1942,403 21121,938 19320,44 8366,94 11972,097 365,4699 S 1054,0319 6099,941 20079,553 11317,529 12818,5625 9323,288
1,9797332 B 1942,403 21121,938 19320,44 8366,94 11972,097 365,4699 S 1054,0319 6099,941 20079,553 11317,529 12818,5625 9323,288
1,9790003 B 1942,403 21121,938 19320,44 8366,94 11972,097 365,4699 S 1054,0319 6099,941 20079,553 11317,529 12818,5625 9323,288
1,9790002 B 1942,403 21121,938 19320,44 8366,94 11972,097 365,4699 S 1054,0319 6099,941 20079,553 11317,529 12818,5625 9323,288
1,9783624 B 1942,403 21121,938 19320,44 8366,94 11972,097 365,4699 S 1054,0319 6099,941 20079,553 11317,529 12818,5625 9323,288
1,9770004 B 1942,403 21121,938 19320,44 8366,94 11972,097 365,4699 S 1054,0319 6099,941 20079,553 11317,529 12818,5625 9323,288
1,9769999 B 1942,403 21121,938 19320,44 8366,94 11972,097 365,4699 S 1054,0319 6099,941 20079,553 11317,529 12818,5625 9323,288
1,9770001 B 1942,403 21121,938 19320,44 8366,94 11972,097 365,4699 S 1054,0319 6099,941 20079,553 11317,529 12818,5625 9323,288
1,9770129 B 1942,403 21121,938 19320,44 8366,94 11972,097 365,4699 S 1054,0319 6099,941 20079,553 11317,529 12818,5625 9323,288
1,9779999 B 1942,403 21121,938 19320,44 8366,94 11972,097 365,4699 S 1054,0319 6099,941 20079,553 11317,529 12818,5625 9323,288
1,9779999 B 1942,403 21121,938 19320,44 8366,94 11972,097 365,4699 S 1054,0319 6099,941 20079,553 11317,529 12818,5625 9323,288
1,9780003 B 1942,403 21121,938 19320,44 8366,94 11972,097 365,4699 S 1054,0319 6099,941 20079,553 11317,529 12818,5625 9323,288
1,9780002 B 1942,403 21121,938 19320,44 8366,94 11972,097 365,4699 S 1054,0319 6099,941 20079,553 11317,529 12818,5625 9323,288
1,9780002 B 1942,403 21121,938 19320,44 8366,94 11972,097 365,4699 S 1054,0319 6099,941 20079,553 11317,529 12818,5625 9323,288
1,9780002 B 1942,403 21121,938 19320,44 8366,94 11972,097 365,4699 S 1054,0319 6099,941 20079,553 11317,529 12818,5625 9323,288
1,9779998 B 1942,403 21121,938 19320,44 8366,94 11972,097 365,4699 S 1054,0319 6099,941 20079,553 11317,529 12818,5625 9323,288
1,9779994 B 1942,403 21121,938 19320,44 8366,94 11972,097 365,4699 S 1054,0319 6099,941 20079,553 11317,529 12818,5625 9323,288
1,9779992 B 1942,403 21121,938 19320,44 8366,94 11972,097 365,4699 S 1054,0319 6099,941 20079,553 11317,529 12818,5625 9323,288
1,9779994 B 1942,403 21121,938 19320,44 8366,94 11972,097 365,4699 S 1054,0319 6099,941 20079,553 11317,529 12818,5625 9323,288
1,9780004 B 1942,403 21121,938 19320,44 8366,94 11972,097 365,4699 S 1054,0319 6099,941 20079,553 11317,529 12818,5625 9323,288
1,9780003 B 1942,403 21121,938 19320,44 8366,94 11972,097 365,4699 S 1054,0319 6099,941 20079,553 11317,529 12818,5625 9323,288
1,9780006 B 1942,403 21121,938 19320,44 8366,94 11972,097 365,4699 S 1054,0319 6099,941 20079,553 11317,529 12818,5625 9323,288
1,9780006 B 1942,403 21121,938 19320,44 8366,94 11972,097 365,4699 S 1054,0319 6099,941 20079,553 11317,529 12818,5625 9323,288
1,9779994 B 1942,403 21121,938 19320,44 8366,94 11972,097 365,4699 S 1054,0319 6099,941 20079,553 11317,529 12818,5625 9323,288
