1,9771698
1,9759997 B 1378,5997 5144,334 15896,436 18814,95 12817,807 14,08 S 2676,75 6510,1997 20753,629 2936,71 20810,064 1037,5696
1,9759997 B 1378,5997 5144,334 15896,436 18814,95 12817,807 14,08 S 2676,75 6510,1997 20753,629 2936,71 20810,064 1037,5696
1,9759996 B 1378,5997 5144,334 15896,436 18814,95 12817,807 14,08 S 2676,75 6510,1997 20753,629 2936,71 20810,064 1037,5696
1,9760004 B 1378,5997 5144,334 15896,436 18814,95 12817,807 14,08 S 2676,75 6510,1997 20753,629 2936,71 20810,064 1037,5696
1,9760003 B 1378,5997 5144,334 15896,436 18814,95 12817,807 14,08 S 2676,75 6510,1997 20753,629 2936,71 20810,064 1037,5696
1,9759998 B 1378,5997 5144,334 15896,436 18814,95 12817,807 14,08 S 2676,75 6510,1997 20753,629 2936,71 20810,064 1037,5696
1,9760004 B 1378,5997 5144,334 15896,436 18814,95 12817,807 14,08 S 2676,75 6510,1997 20753,629 2936,71 20810,064 1037,5696
1,9760003 B 1378,5997 5144,334 15896,436 18814,95 12817,807 14,08 S 2676,75 6510,1997 20753,629 2936,71 20810,064 1037,5696
1,9760009 B 1378,5997 5144,334 15896,436 18814,95 12817,807 14,08 S 2676,75 6510,1997 20753,629 2936,71 20810,064 1037,5696
1,9760003 B 1378,5997 5144,334 15896,436 18814,95 12817,807 14,08 S 2676,75 6510,1997 20753,629 2936,71 20810,064 1037,5696
1,9760007 B 1378,5997 5144,334 15896,436 18814,95 12817,807 14,08 S 2676,75 6510,1997 20753,629 2936,71 20810,064 1037,5696
1,9755145 B 1378,5997 5144,334 15896,436 18814,95 12817,807 14,08 S 2676,75 6510,1997 20753,629 2936,71 20810,064 1037,5696
1,9750001 B 1378,5997 5144,334 15896,436 18814,95 12817,807 14,08 S 2676,75 6510,1997 20753,629 2936,71 20810,064 1037,5696
1,9749993 B 1378,5997 5144,334 15896,436 18814,95 12817,807 14,08 S 2676,75 6510,1997 20753,629 2936,71 20810,064 1037,5696
1,9749999 B 1378,5997 5144,334 15896,436 18814,95 12817,807 14,08 S 2676,75 6510,1997 20753,629 2936,71 20810,064 1037,5696
1,9750001 B 1378,5997 5144,334 15896,436 18814,95 12817,807 14,08 S 2676,75 6510,1997 20753,629 2936,71 20810,064 1037,5696
1,9749999 B 1378,5997 5144,334 15896,436 18814,95 12817,807 14,08 S 2676,75 6510,1997 20753,629 2936,71 20810,064 1037,5696
1,9750006 B 1378,5997 5144,334 15896,436 18814,95 12817,807 14,08 S 2676,75 6510,1997 20753,629 2936,71 20810,064 1037,5696
1,9750003 B 1378,5997 5144,334 15896,436 18814,95 12817,807 14,08 S 2676,75 6510,1997 20753,629 2936,71 20810,064 1037,5696
1,9750004 B 1378,5997 5144,334 15896,436 18814,95 12817,807 14,08 S 2676,75 6510,1997 20753,629 2936,71 20810,064 1037,5696
1,9750001 B 1378,5997 5144,334 15896,436 18814,95 12817,807 14,08 S 2676,75 6510,1997 20753,629 2936,71 20810,064 1037,5696
1,9749999 B 1378,5997 5144,334 15896,436 18814,95 12817,807 14,08 S 2676,75 6510,1997 20753,629 2936,71 20810,064 1037,5696
1,9750003 B 1378,5997 5144,334 15896,436 18814,95 12817,807 14,08 S 2676,75 6510,1997 20753,629 2936,71 20810,064 1037,5696
1,9750003 B 1378,5997 5144,334 15896,436 18814,95 12817,807 14,08 S 2676,75 6510,1997 20753,629 2936,71 20810,064 1037,5696
1,975 B 1378,5997 5144,334 15896,436 18814,95 12817,807 14,08 S 2676,75 6510,1997 20753,629 2936,71 20810,064 1037,5696
1,975 B 1378,5997 5144,334 15896,436 18814,95 12817,807 14,08 S 2676,75 6510,1997 20753,629 2936,71 20810,064 1037,5696
1,975 B 1378,5997 5144,334 15896,436 18814,95 12817,807 14,08 S 2676,75 6510,1997 20753,629 2936,71 20810,064 1037,5696
1,9737773 B 1378,5997 5144,334 15896,436 18814,95 12817,807 14,08 S 2676,75 6510,1997 20753,629 2936,71 20810,064 1037,5696
1,9729999 B 1378,5997 5144,334 15896,436 18814,95 12817,807 14,08 S 2676,75 6510,1997 20753,629 2936,71 20810,064 1037,5696
1,9729999 B 1378,5997 5144,334 15896,436 18814,95 12817,807 14,08 S 2676,75 6510,1997 20753,629 2936,71 20810,064 1037,5696
1,9729997 B 1378,5997 5144,334 15896,436 18814,95 12817,807 14,08 S 2676,75 6510,1997 20753,629 2936,71 20810,064 1037,5696
1,9729999 B 1378,5997 5144,334 15896,436 18814,95 12817,807 14,08 S 2676,75 6510,1997 20753,629 2936,71 20810,064 1037,5696
1,973 B 1378,5997 5144,334 15896,436 18814,95 12817,807 14,08 S 2676,75 6510,1997 20753,629 2936,71 20810,064 1037,5696
1,9749631 B 1378,5997 5144,334 15896,436 18814,95 12817,807 14,08 S 2676,75 6510,1997 20753,629 2936,71 20810,064 1037,5696
1,9759998 B 1378,5997 5144,334 15896,436 18814,95 12817,807 14,08 S 2676,75 6510,1997 20753,629 2936,71 20810,064 1037,5696
1,9760004 B 1378,5997 5144,334 15896,436 18814,95 12817,807 14,08 S 2676,75 6510,1997 20753,629 2936,71 20810,064 1037,5696
1,9760003 B 1378,5997 5144,334 15896,436 18814,95 12817,807 14,08 S 2676,75 6510,1997 20753,629 2936,71 20810,064 1037,5696
1,9760001 B 1378,5997 5144,334 15896,436 18814,95 12817,807 14,08 S 2676,75 6510,1997 20753,629 2936,71 20810,064 1037,5696
1,9760005 B 1378,5997 5144,334 15896,436 18814,95 12817,807 14,08 S 2676,75 6510,1997 20753,629 2936,71 20810,064 1037,5696
1,9760004 B 1378,5997 5144,334 15896,436 18814,95 12817,807 14,08 S 2676,75 6510,1997 20753,629 2936,71 20810,064 1037,5696
1,9760007 B 1378,5997 5144,334 15896,436 18814,95 12817,807 14,08 S 2676,75 6510,1997 20753,629 2936,71 20810,064 1037,5696
1,9760005 B 1378,5997 5144,334 15896,436 18814,95 12817,807 14,08 S 2676,75 6510,1997 20753,629 2936,71 20810,064 1037,5696
1,976 B 1378,5997 5144,334 15896,436 18814,95 12817,807 14,08 S 2676,75 6510,1997 20753,629 2936,71 20810,064 1037,5696
1,9759998 B 1378,5997 5144,334 15896,436 18814,95 12817,807 14,08 S 2676,75 6510,1997 20753,629 2936,71 20810,064 1037,5696
1,9760001 B 1378,5997 5144,334 15896,436 18814,95 12817,807 14,08 S 2676,75 6510,1997 20753,629 2936,71 20810,064 1037,5696
1,9759998 B 1378,5997 5144,334 15896,436 18814,95 12817,807 14,08 S 2676,75 6510,1997 20753,629 2936,71 20810,064 1037,5696
1,9760002 B 1378,5997 5144,334 15896,436 18814,95 12817,807 14,08 S 2676,75 6510,1997 20753,629 2936,71 20810,064 1037,5696
1,9760002 B 1378,5997 5144,334 15896,436 18814,95 12817,807 14,08 S 2676,75 6510,1997 20753,629 2936,71 20810,064 1037,5696
1,9759994 B 1378,5997 5144,334 15896,436 18814,95 12817,807 14,08 S 2676,75 6510,1997 20753,629 2936,71 20810,064 1037,5696
1,9760002 B 1378,5997 5144,334 15896,436 18814,95 12817,807 14,08 S 2676,75 6510,1997 20753,629 2936,71 20810,064 1037,5696
1,9759997 B 1378,5997 5144,334 15896,436 18814,95 12817,807 14,08 S 2676,75 6510,1997 20753,629 2936,71 20810,064 1037,5696
1,9760002 B 1378,5997 5144,334 15896,436 18814,95 12817,807 14,08 S 2676,75 6510,1997 20753,629 2936,71 20810,064 1037,5696
1,9760007 B 1378,5997 5144,334 15896,436 18814,95 12817,807 14,08 S 2676,75 6510,1997 20753,629 2936,71 20810,064 1037,5696
1,976 B 1378,5997 5144,334 15896,436 18814,95 12817,807 14,08 S 2676,75 6510,1997 20753,629 2936,71 20810,064 1037,5696
1,9760007 B 1378,5997 5144,334 15896,436 18814,95 12817,807 14,08 S 2676,75 6510,1997 20753,629 2936,71 20810,064 1037,5696
1,9760003 B 1378,5997 5144,334 15896,436 18814,95 12817,807 14,08 S 2676,75 6510,1997 20753,629 2936,71 20810,064 1037,5696
1,9760002 B 1378,5997 5144,334 15896,436 18814,95 12817,807 14,08 S 2676,75 6510,1997 20753,629 2936,71 20810,064 1037,5696
1,9760003 B 1378,5997 5144,334 15896,436 18814,95 12817,807 14,08 S 2676,75 6510,1997 20753,629 2936,71 20810,064 1037,5696
1,9760004 B 1378,5997 5144,334 15896,436 18814,95 12817,807 14,08 S 2676,75 6510,1997 20753,629 2936,71 20810,064 1037,5696
1,9760002 B 1378,5997 5144,334 15896,436 18814,95 12817,807 14,08 S 2676,75 6510,1997 20753,629 2936,71 20810,064 1037,5696
1,9760002 B 1378,5997 5144,334 15896,436 18814,95 12817,807 14,08 S 2676,75 6510,1997 20753,629 2936,71 20810,064 1037,5696
1,9760002 B 1378,5997 5144,334 15896,436 18814,95 12817,807 14,08 S 2676,75 6510,1997 20753,629 2936,71 20810,064 1037,5696
1,9760001 B 1378,5997 5144,334 15896,436 18814,95 12817,807 14,08 S 2676,75 6510,1997 20753,629 2936,71 20810,064 1037,5696
1,9760004 B 1378,5997 5144,334 15896,436 18814,95 12817,807 14,08 S 2676,75 6510,1997 20753,629 2936,71 20810,064 1037,5696
1,9759997 B 1378,5997 5144,334 15896,436 18814,95 12817,807 14,08 S 2676,75 6510,1997 20753,629 2936,71 20810,064 1037,5696
1,9754037 B 1378,5997 5144,334 15896,436 18814,95 12817,807 14,08 S 2676,75 6510,1997 20753,629 2936,71 20810,064 1037,5696
1,9750005 B 1378,5997 5144,334 15896,436 18814,95 12817,807 14,08 S 2676,75 6510,1997 20753,629 2936,71 20810,064 1037,5696
1,975 B 1378,5997 5144,334 15896,436 18814,95 12817,807 14,08 S 2676,75 6510,1997 20753,629 2936,71 20810,064 1037,5696
1,9750004 B 1378,5997 5144,334 15896,436 18814,95 12817,807 14,08 S 2676,75 6510,1997 20753,629 2936,71 20810,064 1037,5696
1,975 B 1378,5997 5144,334 15896,436 18814,95 12817,807 14,08 S 2676,75 6510,1997 20753,629 2936,71 20810,064 1037,5696
1,9750003 B 1378,5997 5144,334 15896,436 18814,95 12817,807 14,08 S 2676,75 6510,1997 20753,629 2936,71 20810,064 1037,5696
1,9750003 B 1378,5997 5144,334 15896,436 18814,95 12817,807 14,08 S 2676,75 6510,1997 20753,629 2936,71 20810,064 1037,5696
1,9749998 B 1378,5997 5144,334 15896,436 18814,95 12817,807 14,08 S 2676,75 6510,1997 20753,629 2936,71 20810,064 1037,5696
1,975 B 1378,5997 5144,334 15896,436 18814,95 12817,807 14,08 S 2676,75 6510,1997 20753,629 2936,71 20810,064 1037,5696
1,9750004 B 1378,5997 5144,334 15896,436 18814,95 12817,807 14,08 S 2676,75 6510,1997 20753,629 2936,71 20810,064 1037,5696
1,9749998 B 1378,5997 5144,334 15896,436 18814,95 12817,807 14,08 S 2676,75 6510,1997 20753,629 2936,71 20810,064 1037,5696
1,9750003 B 1378,5997 5144,334 15896,436 18814,95 12817,807 14,08 S 2676,75 6510,1997 20753,629 2936,71 20810,064 1037,5696
1,9749995 B 1378,5997 5144,334 15896,436 18814,95 12817,807 14,08 S 2676,75 6510,1997 20753,629 2936,71 20810,064 1037,5696
1,9750004 B 1378,5997 5144,334 15896,436 18814,95 12817,807 14,08 S 2676,75 6510,1997 20753,629 2936,71 20810,064 1037,5696
1,9749998 B 1378,5997 5144,334 15896,436 18814,95 12817,807 14,08 S 2676,75 6510,1997 20753,629 2936,71 20810,064 1037,5696
1,97443 B 1378,5997 5144,334 15896,436 18814,95 12817,807 14,08 S 2676,75 6510,1997 20753,629 2936,71 20810,064 1037,5696
1,9740003 B 1378,5997 5144,334 15896,436 18814,95 12817,807 14,08 S 2676,75 6510,1997 20753,629 2936,71 20810,064 1037,5696
1,9740001 B 1378,5997 5144,334 15896,436 18814,95 12817,807 14,08 S 2676,75 6510,1997 20753,629 2936,71 20810,064 1037,5696
1,9739993 B 1378,5997 5144,334 15896,436 18814,95 12817,807 14,08 S 2676,75 6510,1997 20753,629 2936,71 20810,064 1037,5696
1,9749998 B 1378,5997 5144,334 15896,436 18814,95 12817,807 14,08 S 2676,75 6510,1997 20753,629 2936,71 20810,064 1037,5696
1,9770001 B 1378,5997 5144,334 15896,436 18814,95 12817,807 14,08 S 2676,75 6510,1997 20753,629 2936,71 20810,064 1037,5696
1,977 B 1378,5997 5144,334 15896,436 18814,95 12817,807 14,08 S 2676,75 6510,1997 20753,629 2936,71 20810,064 1037,5696
1,977 B 1378,5997 5144,334 15896,436 18814,95 12817,807 14,08 S 2676,75 6510,1997 20753,629 2936,71 20810,064 1037,5696
1,977 B 1378,5997 5144,334 15896,436 18814,95 12817,807 14,08 S 2676,75 6510,1997 20753,629 2936,71 20810,064 1037,5696
1,9775255 B 1378,5997 5144,334 15896,436 18814,95 12817,807 14,08 S 2676,75 6510,1997 20753,629 2936,71 20810,064 1037,5696
1,9780002 B 1378,5997 5144,334 15896,436 18814,95 12817,807 14,08 S 2676,75 6510,1997 20753,629 2936,71 20810,064 1037,5696
1,9779999 B 1378,5997 5144,334 15896,436 18814,95 12817,807 14,08 S 2676,75 6510,1997 20753,629 2936,71 20810,064 1037,5696
1,9779999 B 1378,5997 5144,334 15896,436 18814,95 12817,807 14,08 S 2676,75 6510,1997 20753,629 2936,71 20810,064 1037,5696
1,9780003 B 1378,5997 5144,334 15896,436 18814,95 12817,807 14,08 S 2676,75 6510,1997 20753,629 2936,71 20810,064 1037,5696
1,9780003 B 1378,5997 5144,334 15896,436 18814,95 12817,807 14,08 S 2676,75 6510,1997 20753,629 2936,71 20810,064 1037,5696
1,9779993 B 1378,5997 5144,334 15896,436 18814,95 12817,807 14,08 S 2676,75 6510,1997 20753,629 2936,71 20810,064 1037,5696
1,9779994 B 1378,5997 5144,334 15896,436 18814,95 12817,807 14,08 S 2676,75 6510,1997 20753,629 2936,71 20810,064 1037,5696
1,9779999 B 1378,5997 5144,334 15896,436 18814,95 12817,807 14,08 S 2676,75 6510,1997 20753,629 2936,71 20810,064 1037,5696
1,9778106 B 1378,5997 5144,334 15896,436 18814,95 12817,807 14,08 S 2676,75 6510,1997 20753,629 2936,71 20810,064 1037,5696
1,9770008 B 1378,5997 5144,334 15896,436 18814,95 12817,807 14,08 S 2676,75 6510,1997 20753,629 2936,71 20810,064 1037,5696
1,9769995 B 1378,5997 5144,334 15896,436 18814,95 12817,807 14,08 S 2676,75 6510,1997 20753,629 2936,71 20810,064 1037,5696
1,9770004 B 1378,5997 5144,334 15896,436 18814,95 12817,807 14,08 S 2676,75 6510,1997 20753,629 2936,71 20810,064 1037,5696
1,9770005 B 1378,5997 5144,334 15896,436 18814,95 12817,807 14,08 S 2676,75 6510,1997 20753,629 2936,71 20810,064 1037,5696
1,9770005 B 1378,5997 5144,334 15896,436 18814,95 12817,807 14,08 S 2676,75 6510,1997 20753,629 2936,71 20810,064 1037,5696
1,9770432 B 1378,5997 5144,334 15896,436 18814,95 12817,807 14,08 S 2676,75 6510,1997 20753,629 2936,71 20810,064 1037,5696
1,9790002 B 1378,5997 5144,334 15896,436 18814,95 12817,807 14,08 S 2676,75 6510,1997 20753,629 2936,71 20810,064 1037,5696
1,9788373 B 1378,5997 5144,334 15896,436 18814,95 12817,807 14,08 S 2676,75 6510,1997 20753,629 2936,71 20810,064 1037,5696
1,9779999 B 1378,5997 5144,334 15896,436 18814,95 12817,807 14,08 S 2676,75 6510,1997 20753,629 2936,71 20810,064 1037,5696
1,9780002 B 1378,5997 5144,334 15896,436 18814,95 12817,807 14,08 S 2676,75 6510,1997 20753,629 2936,71 20810,064 1037,5696
1,978 B 1378,5997 5144,334 15896,436 18814,95 12817,807 14,08 S 2676,75 6510,1997 20753,629 2936,71 20810,064 1037,5696
1,9780002 B 1378,5997 5144,334 15896,436 18814,95 12817,807 14,08 S 2676,75 6510,1997 20753,629 2936,71 20810,064 1037,5696
1,9780002 B 1378,5997 5144,334 15896,436 18814,95 12817,807 14,08 S 2676,75 6510,1997 20753,629 2936,71 20810,064 1037,5696
1,9779571 B 1378,5997 5144,334 15896,436 18814,95 12817,807 14,08 S 2676,75 6510,1997 20753,629 2936,71 20810,064 1037,5696
1,9770004 B 1378,5997 5144,334 15896,436 18814,95 12817,807 14,08 S 2676,75 6510,1997 20753,629 2936,71 20810,064 1037,5696
1,9769999 B 1378,5997 5144,334 15896,436 18814,95 12817,807 14,08 S 2676,75 6510,1997 20753,629 2936,71 20810,064 1037,5696
1,977 B 1378,5997 5144,334 15896,436 18814,95 12817,807 14,08 S 2676,75 6510,1997 20753,629 2936,71 20810,064 1037,5696
1,977 B 1378,5997 5144,334 15896,436 18814,95 12817,807 14,08 S 2676,75 6510,1997 20753,629 2936,71 20810,064 1037,5696
1,9770001 B 1378,5997 5144,334 15896,436 18814,95 12817,807 14,08 S 2676,75 6510,1997 20753,629 2936,71 20810,064 1037,5696
1,9770005 B 1378,5997 5144,334 15896,436 18814,95 12817,807 14,08 S 2676,75 6510,1997 20753,629 2936,71 20810,064 1037,5696
1,9770007 B 1378,5997 5144,334 15896,436 18814,95 12817,807 14,08 S 2676,75 6510,1997 20753,629 2936,71 20810,064 1037,5696
1,977 B 1378,5997 5144,334 15896,436 18814,95 12817,807 14,08 S 2676,75 6510,1997 20753,629 2936,71 20810,064 1037,5696
1,9770004 B 1378,5997 5144,334 15896,436 18814,95 12817,807 14,08 S 2676,75 6510,1997 20753,629 2936,71 20810,064 1037,5696
1,9769999 B 1378,5997 5144,334 15896,436 18814,95 12817,807 14,08 S 2676,75 6510,1997 20753,629 2936,71 20810,064 1037,5696
1,9769994 B 1378,5997 5144,334 15896,436 18814,95 12817,807 14,08 S 2676,75 6510,1997 20753,629 2936,71 20810,064 1037,5696
1,9770005 B 1378,5997 5144,334 15896,436 18814,95 12817,807 14,08 S 2676,75 6510,1997 20753,629 2936,71 20810,064 1037,5696
1,9770001 B 1378,5997 5144,334 15896,436 18814,95 12817,807 14,08 S 2676,75 6510,1997 20753,629 2936,71 20810,064 1037,5696
1,9770006 B 1378,5997 5144,334 15896,436 18814,95 12817,807 14,08 S 2676,75 6510,1997 20753,629 2936,71 20810,064 1037,5696
1,9774009 B 1378,5997 5144,334 15896,436 18814,95 12817,807 14,08 S 2676,75 6510,1997 20753,629 2936,71 20810,064 1037,5696
1,9779996 B 1378,5997 5144,334 15896,436 18814,95 12817,807 14,08 S 2676,75 6510,1997 20753,629 2936,71 20810,064 1037,5696
1,9780004 B 1378,5997 5144,334 15896,436 18814,95 12817,807 14,08 S 2676,75 6510,1997 20753,629 2936,71 20810,064 1037,5696
1,9780002 B 1378,5997 5144,334 15896,436 18814,95 12817,807 14,08 S 2676,75 6510,1997 20753,629 2936,71 20810,064 1037,5696
1,9779999 B 1378,5997 5144,334 15896,436 18814,95 12817,807 14,08 S 2676,75 6510,1997 20753,629 2936,71 20810,064 1037,5696
1,9779999 B 1378,5997 5144,334 15896,436 18814,95 12817,807 14,08 S 2676,75 6510,1997 20753,629 2936,71 20810,064 1037,5696
1,9779996 B 1378,5997 5144,334 15896,436 18814,95 12817,807 14,08 S 2676,75 6510,1997 20753,629 2936,71 20810,064 1037,5696
1,9779993 B 1378,5997 5144,334 15896,436 18814,95 12817,807 14,08 S 2676,75 6510,1997 20753,629 2936,71 20810,064 1037,5696
1,9779998 B 1378,5997 5144,334 15896,436 18814,95 12817,807 14,08 S 2676,75 6510,1997 20753,629 2936,71 20810,064 1037,5696
1,9780004 B 1378,5997 5144,334 15896,436 18814,95 12817,807 14,08 S 2676,75 6510,1997 20753,629 2936,71 20810,064 1037,5696
1,9780004 B 1378,5997 5144,334 15896,436 18814,95 12817,807 14,08 S 2676,75 6510,1997 20753,629 2936,71 20810,064 1037,5696
1,9779999 B 1378,5997 5144,334 15896,436 18814,95 12817,807 14,08 S 2676,75 6510,1997 20753,629 2936,71 20810,064 1037,5696
1,9779999 B 1378,5997 5144,334 15896,436 18814,95 12817,807 14,08 S 2676,75 6510,1997 20753,629 2936,71 20810,064 1037,5696
1,9779992 B 1378,5997 5144,334 15896,436 18814,95 12817,807 14,08 S 2676,75 6510,1997 20753,629 2936,71 20810,064 1037,5696
1,9779993 B 1378,5997 5144,334 15896,436 18814,95 12817,807 14,08 S 2676,75 6510,1997 20753,629 2936,71 20810,064 1037,5696
1,9780002 B 1378,5997 5144,334 15896,436 18814,95 12817,807 14,08 S 2676,75 6510,1997 20753,629 2936,71 20810,064 1037,5696
1,978 B 1378,5997 5144,334 15896,436 18814,95 12817,807 14,08 S 2676,75 6510,1997 20753,629 2936,71 20810,064 1037,5696
1,9779999 B 1378,5997 5144,334 15896,436 18814,95 12817,807 14,08 S 2676,75 6510,1997 20753,629 2936,71 20810,064 1037,5696
1,9780006 B 1378,5997 5144,334 15896,436 18814,95 12817,807 14,08 S 2676,75 6510,1997 20753,629 2936,71 20810,064 1037,5696
1,978001 B 1378,5997 5144,334 15896,436 18814,95 12817,807 14,08 S 2676,75 6510,1997 20753,629 2936,71 20810,064 1037,5696
1,9779996 B 1378,5997 5144,334 15896,436 18814,95 12817,807 14,08 S 2676,75 6510,1997 20753,629 2936,71 20810,064 1037,5696
1,9780003 B 1378,5997 5144,334 15896,436 18814,95 12817,807 14,08 S 2676,75 6510,1997 20753,629 2936,71 20810,064 1037,5696
1,9779999 B 1378,5997 5144,334 15896,436 18814,95 12817,807 14,08 S 2676,75 6510,1997 20753,629 2936,71 20810,064 1037,5696
1,9779999 B 1378,5997 5144,334 15896,436 18814,95 12817,807 14,08 S 2676,75 6510,1997 20753,629 2936,71 20810,064 1037,5696
1,9780004 B 1378,5997 5144,334 15896,436 18814,95 12817,807 14,08 S 2676,75 6510,1997 20753,629 2936,71 20810,064 1037,5696
1,9779999 B 1378,5997 5144,334 15896,436 18814,95 12817,807 14,08 S 2676,75 6510,1997 20753,629 2936,71 20810,064 1037,5696
1,9780003 B 1378,5997 5144,334 15896,436 18814,95 12817,807 14,08 S 2676,75 6510,1997 20753,629 2936,71 20810,064 1037,5696
1,978 B 1378,5997 5144,334 15896,436 18814,95 12817,807 14,08 S 2676,75 6510,1997 20753,629 2936,71 20810,064 1037,5696
1,9779999 B 1378,5997 5144,334 15896,436 18814,95 12817,807 14,08 S 2676,75 6510,1997 20753,629 2936,71 20810,064 1037,5696
1,9779993 B 1378,5997 5144,334 15896,436 18814,95 12817,807 14,08 S 2676,75 6510,1997 20753,629 2936,71 20810,064 1037,5696
1,9779991 B 1378,5997 5144,334 15896,436 18814,95 12817,807 14,08 S 2676,75 6510,1997 20753,629 2936,71 20810,064 1037,5696
1,9780002 B 1378,5997 5144,334 15896,436 18814,95 12817,807 14,08 S 2676,75 6510,1997 20753,629 2936,71 20810,064 1037,5696
1,9780004 B 1378,5997 5144,334 15896,436 18814,95 12817,807 14,08 S 2676,75 6510,1997 20753,629 2936,71 20810,064 1037,5696
1,9779998 B 1378,5997 5144,334 15896,436 18814,95 12817,807 14,08 S 2676,75 6510,1997 20753,629 2936,71 20810,064 1037,5696
1,9780004 B 1378,5997 5144,334 15896,436 18814,95 12817,807 14,08 S 2676,75 6510,1997 20753,629 2936,71 20810,064 1037,5696
1,9779994 B 1378,5997 5144,334 15896,436 18814,95 12817,807 14,08 S 2676,75 6510,1997 20753,629 2936,71 20810,064 1037,5696
1,9779998 B 1378,5997 5144,334 15896,436 18814,95 12817,807 14,08 S 2676,75 6510,1997 20753,629 2936,71 20810,064 1037,5696
1,9780002 B 1378,5997 5144,334 15896,436 18814,95 12817,807 14,08 S 2676,75 6510,1997 20753,629 2936,71 20810,064 1037,5696
1,9780002 B 1378,5997 5144,334 15896,436 18814,95 12817,807 14,08 S 2676,75 6510,1997 20753,629 2936,71 20810,064 1037,5696
1,9780002 B 1378,5997 5144,334 15896,436 18814,95 12817,807 14,08 S 2676,75 6510,1997 20753,629 2936,71 20810,064 1037,5696
1,9779999 B 1378,5997 5144,334 15896,436 18814,95 12817,807 14,08 S 2676,75 6510,1997 20753,629 2936,71 20810,064 1037,5696
1,9780002 B 1378,5997 5144,334 15896,436 18814,95 12817,807 14,08 S 2676,75 6510,1997 20753,629 2936,71 20810,064 1037,5696
1,9779998 B 1378,5997 5144,334 15896,436 18814,95 12817,807 14,08 S 2676,75 6510,1997 20753,629 2936,71 20810,064 1037,5696
1,9780004 B 1378,5997 5144,334 15896,436 18814,95 12817,807 14,08 S 2676,75 6510,1997 20753,629 2936,71 20810,064 1037,5696
1,9779999 B 1378,5997 5144,334 15896,436 18814,95 12817,807 14,08 S 2676,75 6510,1997 20753,629 2936,71 20810,064 1037,5696
1,9779999 B 1378,5997 5144,334 15896,436 18814,95 12817,807 14,08 S 2676,75 6510,1997 20753,629 2936,71 20810,064 1037,5696
1,978 B 1378,5997 5144,334 15896,436 18814,95 12817,807 14,08 S 2676,75 6510,1997 20753,629 2936,71 20810,064 1037,5696
1,9779994 B 1378,5997 5144,334 15896,436 18814,95 12817,807 14,08 S 2676,75 6510,1997 20753,629 2936,71 20810,064 1037,5696
1,9780003 B 1378,5997 5144,334 15896,436 18814,95 12817,807 14,08 S 2676,75 6510,1997 20753,629 2936,71 20810,064 1037,5696
1,9780002 B 1378,5997 5144,334 15896,436 18814,95 12817,807 14,08 S 2676,75 6510,1997 20753,629 2936,71 20810,064 1037,5696
1,9780004 B 1378,5997 5144,334 15896,436 18814,95 12817,807 14,08 S 2676,75 6510,1997 20753,629 2936,71 20810,064 1037,5696
1,9780002 B 1378,5997 5144,334 15896,436 18814,95 12817,807 14,08 S 2676,75 6510,1997 20753,629 2936,71 20810,064 1037,5696
1,9779994 B 1378,5997 5144,334 15896,436 18814,95 12817,807 14,08 S 2676,75 6510,1997 20753,629 2936,71 20810,064 1037,5696
1,9780005 B 1378,5997 5144,334 15896,436 18814,95 12817,807 14,08 S 2676,75 6510,1997 20753,629 2936,71 20810,064 1037,5696
1,9779999 B 1378,5997 5144,334 15896,436 18814,95 12817,807 14,08 S 2676,75 6510,1997 20753,629 2936,71 20810,064 1037,5696
1,9779998 B 1378,5997 5144,334 15896,436 18814,95 12817,807 14,08 S 2676,75 6510,1997 20753,629 2936,71 20810,064 1037,5696
1,9780003 B 1378,5997 5144,334 15896,436 18814,95 12817,807 14,08 S 2676,75 6510,1997 20753,629 2936,71 20810,064 1037,5696
1,978 B 1378,5997 5144,334 15896,436 18814,95 12817,807 14,08 S 2676,75 6510,1997 20753,629 2936,71 20810,064 1037,5696
1,9779998 B 1378,5997 5144,334 15896,436 18814,95 12817,807 14,08 S 2676,75 6510,1997 20753,629 2936,71 20810,064 1037,5696
1,9779998 B 1378,5997 5144,334 15896,436 18814,95 12817,807 14,08 S 2676,75 6510,1997 20753,629 2936,71 20810,064 1037,5696
1,9780005 B 1378,5997 5144,334 15896,436 18814,95 12817,807 14,08 S 2676,75 6510,1997 20753,629 2936,71 20810,064 1037,5696
1,9780002 B 1378,5997 5144,334 15896,436 18814,95 12817,807 14,08 S 2676,75 6510,1997 20753,629 2936,71 20810,064 1037,5696
1,9789641 B 1378,5997 5144,334 15896,436 18814,95 12817,807 14,08 S 2676,75 6510,1997 20753,629 2936,71 20810,064 1037,5696
1,9790003 B 1378,5997 5144,334 15896,436 18814,95 12817,807 14,08 S 2676,75 6510,1997 20753,629 2936,71 20810,064 1037,5696
1,979 B 1378,5997 5144,334 15896,436 18814,95 12817,807 14,08 S 2676,75 6510,1997 20753,629 2936,71 20810,064 1037,5696
1,9790003 B 1378,5997 5144,334 15896,436 18814,95 12817,807 14,08 S 2676,75 6510,1997 20753,629 2936,71 20810,064 1037,5696
1,9790003 B 1378,5997 5144,334 15896,436 18814,95 12817,807 14,08 S 2676,75 6510,1997 20753,629 2936,71 20810,064 1037,5696
1,9790002 B 1378,5997 5144,334 15896,436 18814,95 12817,807 14,08 S 2676,75 6510,1997 20753,629 2936,71 20810,064 1037,5696
1,979 B 1378,5997 5144,334 15896,436 18814,95 12817,807 14,08 S 2676,75 6510,1997 20753,629 2936,71 20810,064 1037,5696
1,9790001 B 1378,5997 5144,334 15896,436 18814,95 12817,807 14,08 S 2676,75 6510,1997 20753,629 2936,71 20810,064 1037,5696
1,9789995 B 1378,5997 5144,334 15896,436 18814,95 12817,807 14,08 S 2676,75 6510,1997 20753,629 2936,71 20810,064 1037,5696
1,9789996 B 1378,5997 5144,334 15896,436 18814,95 12817,807 14,08 S 2676,75 6510,1997 20753,629 2936,71 20810,064 1037,5696
1,9790001 B 1378,5997 5144,334 15896,436 18814,95 12817,807 14,08 S 2676,75 6510,1997 20753,629 2936,71 20810,064 1037,5696
1,9789999 B 1378,5997 5144,334 15896,436 18814,95 12817,807 14,08 S 2676,75 6510,1997 20753,629 2936,71 20810,064 1037,5696
1,9790002 B 1378,5997 5144,334 15896,436 18814,95 12817,807 14,08 S 2676,75 6510,1997 20753,629 2936,71 20810,064 1037,5696
1,9790002 B 1378,5997 5144,334 15896,436 18814,95 12817,807 14,08 S 2676,75 6510,1997 20753,629 2936,71 20810,064 1037,5696
1,979 B 1378,5997 5144,334 15896,436 18814,95 12817,807 14,08 S 2676,75 6510,1997 20753,629 2936,71 20810,064 1037,5696
1,979 B 1378,5997 5144,334 15896,436 18814,95 12817,807 14,08 S 2676,75 6510,1997 20753,629 2936,71 20810,064 1037,5696
1,979 B 1378,5997 5144,334 15896,436 18814,95 12817,807 14,08 S 2676,75 6510,1997 20753,629 2936,71 20810,064 1037,5696
1,979 B 1378,5997 5144,334 15896,436 18814,95 12817,807 14,08 S 2676,75 6510,1997 20753,629 2936,71 20810,064 1037,5696
1,979 B 1378,5997 5144,334 15896,436 18814,95 12817,807 14,08 S 2676,75 6510,1997 20753,629 2936,71 20810,064 1037,5696
1,9790001 B 1378,5997 5144,334 15896,436 18814,95 12817,807 14,08 S 2676,75 6510,1997 20753,629 2936,71 20810,064 1037,5696
1,979 B 1378,5997 5144,334 15896,436 18814,95 12817,807 14,08 S 2676,75 6510,1997 20753,629 2936,71 20810,064 1037,5696
1,9790003 B 1378,5997 5144,334 15896,436 18814,95 12817,807 14,08 S 2676,75 6510,1997 20753,629 2936,71 20810,064 1037,5696
1,979 B 1378,5997 5144,334 15896,436 18814,95 12817,807 14,08 S 2676,75 6510,1997 20753,629 2936,71 20810,064 1037,5696
1,9790003 B 1378,5997 5144,334 15896,436 18814,95 12817,807 14,08 S 2676,75 6510,1997 20753,629 2936,71 20810,064 1037,5696
1,9789997 B 1378,5997 5144,334 15896,436 18814,95 12817,807 14,08 S 2676,75 6510,1997 20753,629 2936,71 20810,064 1037,5696
1,979 B 1378,5997 5144,334 15896,436 18814,95 12817,807 14,08 S 2676,75 6510,1997 20753,629 2936,71 20810,064 1037,5696
1,9790004 B 1378,5997 5144,334 15896,436 18814,95 12817,807 14,08 S 2676,75 6510,1997 20753,629 2936,71 20810,064 1037,5696
1,9790001 B 1378,5997 5144,334 15896,436 18814,95 12817,807 14,08 S 2676,75 6510,1997 20753,629 2936,71 20810,064 1037,5696
1,9789997 B 1378,5997 5144,334 15896,436 18814,95 12817,807 14,08 S 2676,75 6510,1997 20753,629 2936,71 20810,064 1037,5696
1,9789997 B 1378,5997 5144,334 15896,436 18814,95 12817,807 14,08 S 2676,75 6510,1997 20753,629 2936,71 20810,064 1037,5696
1,9790002 B 1378,5997 5144,334 15896,436 18814,95 12817,807 14,08 S 2676,75 6510,1997 20753,629 2936,71 20810,064 1037,5696
1,9790001 B 1378,5997 5144,334 15896,436 18814,95 12817,807 14,08 S 2676,75 6510,1997 20753,629 2936,71 20810,064 1037,5696
1,9789996 B 1378,5997 5144,334 15896,436 18814,95 12817,807 14,08 S 2676,75 6510,1997 20753,629 2936,71 20810,064 1037,5696
1,9790003 B 1378,5997 5144,334 15896,436 18814,95 12817,807 14,08 S 2676,75 6510,1997 20753,629 2936,71 20810,064 1037,5696
1,9789997 B 1378,5997 5144,334 15896,436 18814,95 12817,807 14,08 S 2676,75 6510,1997 20753,629 2936,71 20810,064 1037,5696
1,979 B 1378,5997 5144,334 15896,436 18814,95 12817,807 14,08 S 2676,75 6510,1997 20753,629 2936,71 20810,064 1037,5696
1,9790001 B 1378,5997 5144,334 15896,436 18814,95 12817,807 14,08 S 2676,75 6510,1997 20753,629 2936,71 20810,064 1037,5696
1,9790003 B 1378,5997 5144,334 15896,436 18814,95 12817,807 14,08 S 2676,75 6510,1997 20753,629 2936,71 20810,064 1037,5696
1,9789997 B 1378,5997 5144,334 15896,436 18814,95 12817,807 14,08 S 2676,75 6510,1997 20753,629 2936,71 20810,064 1037,5696
1,9790004 B 1378,5997 5144,334 15896,436 18814,95 12817,807 14,08 S 2676,75 6510,1997 20753,629 2936,71 20810,064 1037,5696
1,9790006 B 1378,5997 5144,334 15896,436 18814,95 12817,807 14,08 S 2676,75 6510,1997 20753,629 2936,71 20810,064 1037,5696
1,9790004 B 1378,5997 5144,334 15896,436 18814,95 12817,807 14,08 S 2676,75 6510,1997 20753,629 2936,71 20810,064 1037,5696
1,9789995 B 1378,5997 5144,334 15896,436 18814,95 12817,807 14,08 S 2676,75 6510,1997 20753,629 2936,71 20810,064 1037,5696
1,9790001 B 1378,5997 5144,334 15896,436 18814,95 12817,807 14,08 S 2676,75 6510,1997 20753,629 2936,71 20810,064 1037,5696
1,9790004 B 1378,5997 5144,334 15896,436 18814,95 12817,807 14,08 S 2676,75 6510,1997 20753,629 2936,71 20810,064 1037,5696
1,979 B 1378,5997 5144,334 15896,436 18814,95 12817,807 14,08 S 2676,75 6510,1997 20753,629 2936,71 20810,064 1037,5696
1,979 B 1378,5997 5144,334 15896,436 18814,95 12817,807 14,08 S 2676,75 6510,1997 20753,629 2936,71 20810,064 1037,5696
1,9789997 B 1378,5997 5144,334 15896,436 18814,95 12817,807 14,08 S 2676,75 6510,1997 20753,629 2936,71 20810,064 1037,5696
1,9790001 B 1378,5997 5144,334 15896,436 18814,95 12817,807 14,08 S 2676,75 6510,1997 20753,629 2936,71 20810,064 1037,5696
1,9789997 B 1378,5997 5144,334 15896,436 18814,95 12817,807 14,08 S 2676,75 6510,1997 20753,629 2936,71 20810,064 1037,5696
1,9789999 B 1378,5997 5144,334 15896,436 18814,95 12817,807 14,08 S 2676,75 6510,1997 20753,629 2936,71 20810,064 1037,5696
