1,970827
1,9699999 B 3080,9995 11638,219 15140,105 17910,037 1325,0475 6934,7993 S 1650,72 8266,109 10930,645 11173,159 14613,229 3044,7646
1,9700005 B 3080,9995 11638,219 15140,105 17910,037 1325,0475 6934,7993 S 1650,72 8266,109 10930,645 11173,159 14613,229 3044,7646
1,9699997 B 3080,9995 11638,219 15140,105 17910,037 1325,0475 6934,7993 S 1650,72 8266,109 10930,645 11173,159 14613,229 3044,7646
1,9699999 B 3080,9995 11638,219 15140,105 17910,037 1325,0475 6934,7993 S 1650,72 8266,109 10930,645 11173,159 14613,229 3044,7646
1,9699998 B 3080,9995 11638,219 15140,105 17910,037 1325,0475 6934,7993 S 1650,72 8266,109 10930,645 11173,159 14613,229 3044,7646
1,9700004 B 3080,9995 11638,219 15140,105 17910,037 1325,0475 6934,7993 S 1650,72 8266,109 10930,645 11173,159 14613,229 3044,7646
1,9700005 B 3080,9995 11638,219 15140,105 17910,037 1325,0475 6934,7993 S 1650,72 8266,109 10930,645 11173,159 14613,229 3044,7646
1,9700001 B 3080,9995 11638,219 15140,105 17910,037 1325,0475 6934,7993 S 1650,72 8266,109 10930,645 11173,159 14613,229 3044,7646
1,9700004 B 3080,9995 11638,219 15140,105 17910,037 1325,0475 6934,7993 S 1650,72 8266,109 10930,645 11173,159 14613,229 3044,7646
1,97 B 3080,9995 11638,219 15140,105 17910,037 1325,0475 6934,7993 S 1650,72 8266,109 10930,645 11173,159 14613,229 3044,7646
1,9699997 B 3080,9995 11638,219 15140,105 17910,037 1325,0475 6934,7993 S 1650,72 8266,109 10930,645 11173,159 14613,229 3044,7646
1,9700001 B 3080,9995 11638,219 15140,105 17910,037 1325,0475 6934,7993 S 1650,72 8266,109 10930,645 11173,159 14613,229 3044,7646
1,9699998 B 3080,9995 11638,219 15140,105 17910,037 1325,0475 6934,7993 S 1650,72 8266,109 10930,645 11173,159 14613,229 3044,7646
1,97 B 3080,9995 11638,219 15140,105 17910,037 1325,0475 6934,7993 S 1650,72 8266,109 10930,645 11173,159 14613,229 3044,7646
1,9699998 B 3080,9995 11638,219 15140,105 17910,037 1325,0475 6934,7993 S 1650,72 8266,109 10930,645 11173,159 14613,229 3044,7646
1,9700001 B 3080,9995 11638,219 15140,105 17910,037 1325,0475 6934,7993 S 1650,72 8266,109 10930,645 11173,159 14613,229 3044,7646
1,97 B 3080,9995 11638,219 15140,105 17910,037 1325,0475 6934,7993 S 1650,72 8266,109 10930,645 11173,159 14613,229 3044,7646
1,9699997 B 3080,9995 11638,219 15140,105 17910,037 1325,0475 6934,7993 S 1650,72 8266,109 10930,645 11173,159 14613,229 3044,7646
1,9699997 B 3080,9995 11638,219 15140,105 17910,037 1325,0475 6934,7993 S 1650,72 8266,109 10930,645 11173,159 14613,229 3044,7646
1,9699997 B 3080,9995 11638,219 15140,105 17910,037 1325,0475 6934,7993 S 1650,72 8266,109 10930,645 11173,159 14613,229 3044,7646
1,9700004 B 3080,9995 11638,219 15140,105 17910,037 1325,0475 6934,7993 S 1650,72 8266,109 10930,645 11173,159 14613,229 3044,7646
1,9690945 B 3080,9995 11638,219 15140,105 17910,037 1325,0475 6934,7993 S 1650,72 8266,109 10930,645 11173,159 14613,229 3044,7646
1,9690006 B 3080,9995 11638,219 15140,105 17910,037 1325,0475 6934,7993 S 1650,72 8266,109 10930,645 11173,159 14613,229 3044,7646
1,9683717 B 3080,9995 11638,219 15140,105 17910,037 1325,0475 6934,7993 S 1650,72 8266,109 10930,645 11173,159 14613,229 3044,7646
1,968 B 3080,9995 11638,219 15140,105 17910,037 1325,0475 6934,7993 S 1650,72 8266,109 10930,645 11173,159 14613,229 3044,7646
1,9679999 B 3080,9995 11638,219 15140,105 17910,037 1325,0475 6934,7993 S 1650,72 8266,109 10930,645 11173,159 14613,229 3044,7646
1,9672608 B 3080,9995 11638,219 15140,105 17910,037 1325,0475 6934,7993 S 1650,72 8266,109 10930,645 11173,159 14613,229 3044,7646
1,9670006 B 3080,9995 11638,219 15140,105 17910,037 1325,0475 6934,7993 S 1650,72 8266,109 10930,645 11173,159 14613,229 3044,7646
1,9669997 B 3080,9995 11638,219 15140,105 17910,037 1325,0475 6934,7993 S 1650,72 8266,109 10930,645 11173,159 14613,229 3044,7646
1,9670001 B 3080,9995 11638,219 15140,105 17910,037 1325,0475 6934,7993 S 1650,72 8266,109 10930,645 11173,159 14613,229 3044,7646
1,9670002 B 3080,9995 11638,219 15140,105 17910,037 1325,0475 6934,7993 S 1650,72 8266,109 10930,645 11173,159 14613,229 3044,7646
1,9670002 B 3080,9995 11638,219 15140,105 17910,037 1325,0475 6934,7993 S 1650,72 8266,109 10930,645 11173,159 14613,229 3044,7646
1,9670004 B 3080,9995 11638,219 15140,105 17910,037 1325,0475 6934,7993 S 1650,72 8266,109 10930,645 11173,159 14613,229 3044,7646
1,9669999 B 3080,9995 11638,219 15140,105 17910,037 1325,0475 6934,7993 S 1650,72 8266,109 10930,645 11173,159 14613,229 3044,7646
1,9669999 B 3080,9995 11638,219 15140,105 17910,037 1325,0475 6934,7993 S 1650,72 8266,109 10930,645 11173,159 14613,229 3044,7646
1,9670001 B 3080,9995 11638,219 15140,105 17910,037 1325,0475 6934,7993 S 1650,72 8266,109 10930,645 11173,159 14613,229 3044,7646
1,9670005 B 3080,9995 11638,219 15140,105 17910,037 1325,0475 6934,7993 S 1650,72 8266,109 10930,645 11173,159 14613,229 3044,7646
1,9670001 B 3080,9995 11638,219 15140,105 17910,037 1325,0475 6934,7993 S 1650,72 8266,109 10930,645 11173,159 14613,229 3044,7646
1,9669999 B 3080,9995 11638,219 15140,105 17910,037 1325,0475 6934,7993 S 1650,72 8266,109 10930,645 11173,159 14613,229 3044,7646
1,9678782 B 3080,9995 11638,219 15140,105 17910,037 1325,0475 6934,7993 S 1650,72 8266,109 10930,645 11173,159 14613,229 3044,7646
1,9680003 B 3080,9995 11638,219 15140,105 17910,037 1325,0475 6934,7993 S 1650,72 8266,109 10930,645 11173,159 14613,229 3044,7646
1,9680002 B 3080,9995 11638,219 15140,105 17910,037 1325,0475 6934,7993 S 1650,72 8266,109 10930,645 11173,159 14613,229 3044,7646
1,9679999 B 3080,9995 11638,219 15140,105 17910,037 1325,0475 6934,7993 S 1650,72 8266,109 10930,645 11173,159 14613,229 3044,7646
1,9680003 B 3080,9995 11638,219 15140,105 17910,037 1325,0475 6934,7993 S 1650,72 8266,109 10930,645 11173,159 14613,229 3044,7646
1,9680002 B 3080,9995 11638,219 15140,105 17910,037 1325,0475 6934,7993 S 1650,72 8266,109 10930,645 11173,159 14613,229 3044,7646
1,9679997 B 3080,9995 11638,219 15140,105 17910,037 1325,0475 6934,7993 S 1650,72 8266,109 10930,645 11173,159 14613,229 3044,7646
1,968 B 3080,9995 11638,219 15140,105 17910,037 1325,0475 6934,7993 S 1650,72 8266,109 10930,645 11173,159 14613,229 3044,7646
1,968 B 3080,9995 11638,219 15140,105 17910,037 1325,0475 6934,7993 S 1650,72 8266,109 10930,645 11173,159 14613,229 3044,7646
1,968 B 3080,9995 11638,219 15140,105 17910,037 1325,0475 6934,7993 S 1650,72 8266,109 10930,645 11173,159 14613,229 3044,7646
1,9679998 B 3080,9995 11638,219 15140,105 17910,037 1325,0475 6934,7993 S 1650,72 8266,109 10930,645 11173,159 14613,229 3044,7646
1,9679998 B 3080,9995 11638,219 15140,105 17910,037 1325,0475 6934,7993 S 1650,72 8266,109 10930,645 11173,159 14613,229 3044,7646
1,9679999 B 3080,9995 11638,219 15140,105 17910,037 1325,0475 6934,7993 S 1650,72 8266,109 10930,645 11173,159 14613,229 3044,7646
1,9680004 B 3080,9995 11638,219 15140,105 17910,037 1325,0475 6934,7993 S 1650,72 8266,109 10930,645 11173,159 14613,229 3044,7646
1,9679997 B 3080,9995 11638,219 15140,105 17910,037 1325,0475 6934,7993 S 1650,72 8266,109 10930,645 11173,159 14613,229 3044,7646
1,9680003 B 3080,9995 11638,219 15140,105 17910,037 1325,0475 6934,7993 S 1650,72 8266,109 10930,645 11173,159 14613,229 3044,7646
1,9679999 B 3080,9995 11638,219 15140,105 17910,037 1325,0475 6934,7993 S 1650,72 8266,109 10930,645 11173,159 14613,229 3044,7646
1,9679997 B 3080,9995 11638,219 15140,105 17910,037 1325,0475 6934,7993 S 1650,72 8266,109 10930,645 11173,159 14613,229 3044,7646
1,9680005 B 3080,9995 11638,219 15140,105 17910,037 1325,0475 6934,7993 S 1650,72 8266,109 10930,645 11173,159 14613,229 3044,7646
1,9680003 B 3080,9995 11638,219 15140,105 17910,037 1325,0475 6934,7993 S 1650,72 8266,109 10930,645 11173,159 14613,229 3044,7646
1,9679997 B 3080,9995 11638,219 15140,105 17910,037 1325,0475 6934,7993 S 1650,72 8266,109 10930,645 11173,159 14613,229 3044,7646
1,968 B 3080,9995 11638,219 15140,105 17910,037 1325,0475 6934,7993 S 1650,72 8266,109 10930,645 11173,159 14613,229 3044,7646
1,968 B 3080,9995 11638,219 15140,105 17910,037 1325,0475 6934,7993 S 1650,72 8266,109 10930,645 11173,159 14613,229 3044,7646
1,9680002 B 3080,9995 11638,219 15140,105 17910,037 1325,0475 6934,7993 S 1650,72 8266,109 10930,645 11173,159 14613,229 3044,7646
1,9680003 B 3080,9995 11638,219 15140,105 17910,037 1325,0475 6934,7993 S 1650,72 8266,109 10930,645 11173,159 14613,229 3044,7646
1,9679999 B 3080,9995 11638,219 15140,105 17910,037 1325,0475 6934,7993 S 1650,72 8266,109 10930,645 11173,159 14613,229 3044,7646
1,9678719 B 3080,9995 11638,219 15140,105 17910,037 1325,0475 6934,7993 S 1650,72 8266,109 10930,645 11173,159 14613,229 3044,7646
1,9669999 B 3080,9995 11638,219 15140,105 17910,037 1325,0475 6934,7993 S 1650,72 8266,109 10930,645 11173,159 14613,229 3044,7646
1,9670002 B 3080,9995 11638,219 15140,105 17910,037 1325,0475 6934,7993 S 1650,72 8266,109 10930,645 11173,159 14613,229 3044,7646
1,9670008 B 3080,9995 11638,219 15140,105 17910,037 1325,0475 6934,7993 S 1650,72 8266,109 10930,645 11173,159 14613,229 3044,7646
1,9680779 B 3080,9995 11638,219 15140,105 17910,037 1325,0475 6934,7993 S 1650,72 8266,109 10930,645 11173,159 14613,229 3044,7646
1,9680002 B 3080,9995 11638,219 15140,105 17910,037 1325,0475 6934,7993 S 1650,72 8266,109 10930,645 11173,159 14613,229 3044,7646
1,9680005 B 3080,9995 11638,219 15140,105 17910,037 1325,0475 6934,7993 S 1650,72 8266,109 10930,645 11173,159 14613,229 3044,7646
1,9679997 B 3080,9995 11638,219 15140,105 17910,037 1325,0475 6934,7993 S 1650,72 8266,109 10930,645 11173,159 14613,229 3044,7646
1,968 B 3080,9995 11638,219 15140,105 17910,037 1325,0475 6934,7993 S 1650,72 8266,109 10930,645 11173,159 14613,229 3044,7646
1,9680007 B 3080,9995 11638,219 15140,105 17910,037 1325,0475 6934,7993 S 1650,72 8266,109 10930,645 11173,159 14613,229 3044,7646
1,968 B 3080,9995 11638,219 15140,105 17910,037 1325,0475 6934,7993 S 1650,72 8266,109 10930,645 11173,159 14613,229 3044,7646
1,9680004 B 3080,9995 11638,219 15140,105 17910,037 1325,0475 6934,7993 S 1650,72 8266,109 10930,645 11173,159 14613,229 3044,7646
1,9680007 B 3080,9995 11638,219 15140,105 17910,037 1325,0475 6934,7993 S 1650,72 8266,109 10930,645 11173,159 14613,229 3044,7646
1,9680007 B 3080,9995 11638,219 15140,105 17910,037 1325,0475 6934,7993 S 1650,72 8266,109 10930,645 11173,159 14613,229 3044,7646
1,9679998 B 3080,9995 11638,219 15140,105 17910,037 1325,0475 6934,7993 S 1650,72 8266,109 10930,645 11173,159 14613,229 3044,7646
1,9680007 B 3080,9995 11638,219 15140,105 17910,037 1325,0475 6934,7993 S 1650,72 8266,109 10930,645 11173,159 14613,229 3044,7646
1,9680003 B 3080,9995 11638,219 15140,105 17910,037 1325,0475 6934,7993 S 1650,72 8266,109 10930,645 11173,159 14613,229 3044,7646
1,9680003 B 3080,9995 11638,219 15140,105 17910,037 1325,0475 6934,7993 S 1650,72 8266,109 10930,645 11173,159 14613,229 3044,7646
1,968 B 3080,9995 11638,219 15140,105 17910,037 1325,0475 6934,7993 S 1650,72 8266,109 10930,645 11173,159 14613,229 3044,7646
1,9679998 B 3080,9995 11638,219 15140,105 17910,037 1325,0475 6934,7993 S 1650,72 8266,109 10930,645 11173,159 14613,229 3044,7646
1,9680005 B 3080,9995 11638,219 15140,105 17910,037 1325,0475 6934,7993 S 1650,72 8266,109 10930,645 11173,159 14613,229 3044,7646
1,968 B 3080,9995 11638,219 15140,105 17910,037 1325,0475 6934,7993 S 1650,72 8266,109 10930,645 11173,159 14613,229 3044,7646
1,9680002 B 3080,9995 11638,219 15140,105 17910,037 1325,0475 6934,7993 S 1650,72 8266,109 10930,645 11173,159 14613,229 3044,7646
1,9679999 B 3080,9995 11638,219 15140,105 17910,037 1325,0475 6934,7993 S 1650,72 8266,109 10930,645 11173,159 14613,229 3044,7646
1,9680003 B 3080,9995 11638,219 15140,105 17910,037 1325,0475 6934,7993 S 1650,72 8266,109 10930,645 11173,159 14613,229 3044,7646
1,9679996 B 3080,9995 11638,219 15140,105 17910,037 1325,0475 6934,7993 S 1650,72 8266,109 10930,645 11173,159 14613,229 3044,7646
1,9679999 B 3080,9995 11638,219 15140,105 17910,037 1325,0475 6934,7993 S 1650,72 8266,109 10930,645 11173,159 14613,229 3044,7646
1,9680002 B 3080,9995 11638,219 15140,105 17910,037 1325,0475 6934,7993 S 1650,72 8266,109 10930,645 11173,159 14613,229 3044,7646
1,9680005 B 3080,9995 11638,219 15140,105 17910,037 1325,0475 6934,7993 S 1650,72 8266,109 10930,645 11173,159 14613,229 3044,7646
1,9680004 B 3080,9995 11638,219 15140,105 17910,037 1325,0475 6934,7993 S 1650,72 8266,109 10930,645 11173,159 14613,229 3044,7646
1,9679998 B 3080,9995 11638,219 15140,105 17910,037 1325,0475 6934,7993 S 1650,72 8266,109 10930,645 11173,159 14613,229 3044,7646
1,9680002 B 3080,9995 11638,219 15140,105 17910,037 1325,0475 6934,7993 S 1650,72 8266,109 10930,645 11173,159 14613,229 3044,7646
1,9679999 B 3080,9995 11638,219 15140,105 17910,037 1325,0475 6934,7993 S 1650,72 8266,109 10930,645 11173,159 14613,229 3044,7646
1,9680002 B 3080,9995 11638,219 15140,105 17910,037 1325,0475 6934,7993 S 1650,72 8266,109 10930,645 11173,159 14613,229 3044,7646
1,9680005 B 3080,9995 11638,219 15140,105 17910,037 1325,0475 6934,7993 S 1650,72 8266,109 10930,645 11173,159 14613,229 3044,7646
1,9679993 B 3080,9995 11638,219 15140,105 17910,037 1325,0475 6934,7993 S 1650,72 8266,109 10930,645 11173,159 14613,229 3044,7646
1,9680003 B 3080,9995 11638,219 15140,105 17910,037 1325,0475 6934,7993 S 1650,72 8266,109 10930,645 11173,159 14613,229 3044,7646
1,9679999 B 3080,9995 11638,219 15140,105 17910,037 1325,0475 6934,7993 S 1650,72 8266,109 10930,645 11173,159 14613,229 3044,7646
1,9679999 B 3080,9995 11638,219 15140,105 17910,037 1325,0475 6934,7993 S 1650,72 8266,109 10930,645 11173,159 14613,229 3044,7646
1,9680002 B 3080,9995 11638,219 15140,105 17910,037 1325,0475 6934,7993 S 1650,72 8266,109 10930,645 11173,159 14613,229 3044,7646
1,9679999 B 3080,9995 11638,219 15140,105 17910,037 1325,0475 6934,7993 S 1650,72 8266,109 10930,645 11173,159 14613,229 3044,7646
1,9680005 B 3080,9995 11638,219 15140,105 17910,037 1325,0475 6934,7993 S 1650,72 8266,109 10930,645 11173,159 14613,229 3044,7646
1,9679999 B 3080,9995 11638,219 15140,105 17910,037 1325,0475 6934,7993 S 1650,72 8266,109 10930,645 11173,159 14613,229 3044,7646
1,968 B 3080,9995 11638,219 15140,105 17910,037 1325,0475 6934,7993 S 1650,72 8266,109 10930,645 11173,159 14613,229 3044,7646
1,9680007 B 3080,9995 11638,219 15140,105 17910,037 1325,0475 6934,7993 S 1650,72 8266,109 10930,645 11173,159 14613,229 3044,7646
1,9680005 B 3080,9995 11638,219 15140,105 17910,037 1325,0475 6934,7993 S 1650,72 8266,109 10930,645 11173,159 14613,229 3044,7646
1,9679997 B 3080,9995 11638,219 15140,105 17910,037 1325,0475 6934,7993 S 1650,72 8266,109 10930,645 11173,159 14613,229 3044,7646
1,9680003 B 3080,9995 11638,219 15140,105 17910,037 1325,0475 6934,7993 S 1650,72 8266,109 10930,645 11173,159 14613,229 3044,7646
1,9679993 B 3080,9995 11638,219 15140,105 17910,037 1325,0475 6934,7993 S 1650,72 8266,109 10930,645 11173,159 14613,229 3044,7646
1,96868 B 3080,9995 11638,219 15140,105 17910,037 1325,0475 6934,7993 S 1650,72 8266,109 10930,645 11173,159 14613,229 3044,7646
1,9690001 B 3080,9995 11638,219 15140,105 17910,037 1325,0475 6934,7993 S 1650,72 8266,109 10930,645 11173,159 14613,229 3044,7646
1,9690002 B 3080,9995 11638,219 15140,105 17910,037 1325,0475 6934,7993 S 1650,72 8266,109 10930,645 11173,159 14613,229 3044,7646
1,9689994 B 3080,9995 11638,219 15140,105 17910,037 1325,0475 6934,7993 S 1650,72 8266,109 10930,645 11173,159 14613,229 3044,7646
1,9689997 B 3080,9995 11638,219 15140,105 17910,037 1325,0475 6934,7993 S 1650,72 8266,109 10930,645 11173,159 14613,229 3044,7646
1,9697963 B 3080,9995 11638,219 15140,105 17910,037 1325,0475 6934,7993 S 1650,72 8266,109 10930,645 11173,159 14613,229 3044,7646
1,9699998 B 3080,9995 11638,219 15140,105 17910,037 1325,0475 6934,7993 S 1650,72 8266,109 10930,645 11173,159 14613,229 3044,7646
1,9699996 B 3080,9995 11638,219 15140,105 17910,037 1325,0475 6934,7993 S 1650,72 8266,109 10930,645 11173,159 14613,229 3044,7646
1,9700001 B 3080,9995 11638,219 15140,105 17910,037 1325,0475 6934,7993 S 1650,72 8266,109 10930,645 11173,159 14613,229 3044,7646
1,9700001 B 3080,9995 11638,219 15140,105 17910,037 1325,0475 6934,7993 S 1650,72 8266,109 10930,645 11173,159 14613,229 3044,7646
1,9700001 B 3080,9995 11638,219 15140,105 17910,037 1325,0475 6934,7993 S 1650,72 8266,109 10930,645 11173,159 14613,229 3044,7646
1,9699999 B 3080,9995 11638,219 15140,105 17910,037 1325,0475 6934,7993 S 1650,72 8266,109 10930,645 11173,159 14613,229 3044,7646
1,9699993 B 3080,9995 11638,219 15140,105 17910,037 1325,0475 6934,7993 S 1650,72 8266,109 10930,645 11173,159 14613,229 3044,7646
1,9699999 B 3080,9995 11638,219 15140,105 17910,037 1325,0475 6934,7993 S 1650,72 8266,109 10930,645 11173,159 14613,229 3044,7646
1,9699998 B 3080,9995 11638,219 15140,105 17910,037 1325,0475 6934,7993 S 1650,72 8266,109 10930,645 11173,159 14613,229 3044,7646
1,9699994 B 3080,9995 11638,219 15140,105 17910,037 1325,0475 6934,7993 S 1650,72 8266,109 10930,645 11173,159 14613,229 3044,7646
1,9699998 B 3080,9995 11638,219 15140,105 17910,037 1325,0475 6934,7993 S 1650,72 8266,109 10930,645 11173,159 14613,229 3044,7646
1,97 B 3080,9995 11638,219 15140,105 17910,037 1325,0475 6934,7993 S 1650,72 8266,109 10930,645 11173,159 14613,229 3044,7646
1,9699998 B 3080,9995 11638,219 15140,105 17910,037 1325,0475 6934,7993 S 1650,72 8266,109 10930,645 11173,159 14613,229 3044,7646
1,9700001 B 3080,9995 11638,219 15140,105 17910,037 1325,0475 6934,7993 S 1650,72 8266,109 10930,645 11173,159 14613,229 3044,7646
1,9700001 B 3080,9995 11638,219 15140,105 17910,037 1325,0475 6934,7993 S 1650,72 8266,109 10930,645 11173,159 14613,229 3044,7646
1,9700004 B 3080,9995 11638,219 15140,105 17910,037 1325,0475 6934,7993 S 1650,72 8266,109 10930,645 11173,159 14613,229 3044,7646
1,9700005 B 3080,9995 11638,219 15140,105 17910,037 1325,0475 6934,7993 S 1650,72 8266,109 10930,645 11173,159 14613,229 3044,7646
1,9700001 B 3080,9995 11638,219 15140,105 17910,037 1325,0475 6934,7993 S 1650,72 8266,109 10930,645 11173,159 14613,229 3044,7646
1,970306 B 3080,9995 11638,219 15140,105 17910,037 1325,0475 6934,7993 S 1650,72 8266,109 10930,645 11173,159 14613,229 3044,7646
1,9709994 B 3080,9995 11638,219 15140,105 17910,037 1325,0475 6934,7993 S 1650,72 8266,109 10930,645 11173,159 14613,229 3044,7646
1,9710002 B 3080,9995 11638,219 15140,105 17910,037 1325,0475 6934,7993 S 1650,72 8266,109 10930,645 11173,159 14613,229 3044,7646
1,971 B 3080,9995 11638,219 15140,105 17910,037 1325,0475 6934,7993 S 1650,72 8266,109 10930,645 11173,159 14613,229 3044,7646
1,9709998 B 3080,9995 11638,219 15140,105 17910,037 1325,0475 6934,7993 S 1650,72 8266,109 10930,645 11173,159 14613,229 3044,7646
1,971 B 3080,9995 11638,219 15140,105 17910,037 1325,0475 6934,7993 S 1650,72 8266,109 10930,645 11173,159 14613,229 3044,7646
1,971 B 3080,9995 11638,219 15140,105 17910,037 1325,0475 6934,7993 S 1650,72 8266,109 10930,645 11173,159 14613,229 3044,7646
1,9710003 B 3080,9995 11638,219 15140,105 17910,037 1325,0475 6934,7993 S 1650,72 8266,109 10930,645 11173,159 14613,229 3044,7646
1,9709996 B 3080,9995 11638,219 15140,105 17910,037 1325,0475 6934,7993 S 1650,72 8266,109 10930,645 11173,159 14613,229 3044,7646
1,9710001 B 3080,9995 11638,219 15140,105 17910,037 1325,0475 6934,7993 S 1650,72 8266,109 10930,645 11173,159 14613,229 3044,7646
1,9710001 B 3080,9995 11638,219 15140,105 17910,037 1325,0475 6934,7993 S 1650,72 8266,109 10930,645 11173,159 14613,229 3044,7646
1,9710002 B 3080,9995 11638,219 15140,105 17910,037 1325,0475 6934,7993 S 1650,72 8266,109 10930,645 11173,159 14613,229 3044,7646
1,9709998 B 3080,9995 11638,219 15140,105 17910,037 1325,0475 6934,7993 S 1650,72 8266,109 10930,645 11173,159 14613,229 3044,7646
1,9709998 B 3080,9995 11638,219 15140,105 17910,037 1325,0475 6934,7993 S 1650,72 8266,109 10930,645 11173,159 14613,229 3044,7646
1,9709995 B 3080,9995 11638,219 15140,105 17910,037 1325,0475 6934,7993 S 1650,72 8266,109 10930,645 11173,159 14613,229 3044,7646
1,9709992 B 3080,9995 11638,219 15140,105 17910,037 1325,0475 6934,7993 S 1650,72 8266,109 10930,645 11173,159 14613,229 3044,7646
1,971 B 3080,9995 11638,219 15140,105 17910,037 1325,0475 6934,7993 S 1650,72 8266,109 10930,645 11173,159 14613,229 3044,7646
1,9710003 B 3080,9995 11638,219 15140,105 17910,037 1325,0475 6934,7993 S 1650,72 8266,109 10930,645 11173,159 14613,229 3044,7646
1,9710002 B 3080,9995 11638,219 15140,105 17910,037 1325,0475 6934,7993 S 1650,72 8266,109 10930,645 11173,159 14613,229 3044,7646
1,9710001 B 3080,9995 11638,219 15140,105 17910,037 1325,0475 6934,7993 S 1650,72 8266,109 10930,645 11173,159 14613,229 3044,7646
1,9710002 B 3080,9995 11638,219 15140,105 17910,037 1325,0475 6934,7993 S 1650,72 8266,109 10930,645 11173,159 14613,229 3044,7646
1,9710008 B 3080,9995 11638,219 15140,105 17910,037 1325,0475 6934,7993 S 1650,72 8266,109 10930,645 11173,159 14613,229 3044,7646
1,9710002 B 3080,9995 11638,219 15140,105 17910,037 1325,0475 6934,7993 S 1650,72 8266,109 10930,645 11173,159 14613,229 3044,7646
1,9710002 B 3080,9995 11638,219 15140,105 17910,037 1325,0475 6934,7993 S 1650,72 8266,109 10930,645 11173,159 14613,229 3044,7646
1,9717519 B 3080,9995 11638,219 15140,105 17910,037 1325,0475 6934,7993 S 1650,72 8266,109 10930,645 11173,159 14613,229 3044,7646
1,9723343 B 3080,9995 11638,219 15140,105 17910,037 1325,0475 6934,7993 S 1650,72 8266,109 10930,645 11173,159 14613,229 3044,7646
1,9730002 B 3080,9995 11638,219 15140,105 17910,037 1325,0475 6934,7993 S 1650,72 8266,109 10930,645 11173,159 14613,229 3044,7646
1,9730004 B 3080,9995 11638,219 15140,105 17910,037 1325,0475 6934,7993 S 1650,72 8266,109 10930,645 11173,159 14613,229 3044,7646
1,9739044 B 3080,9995 11638,219 15140,105 17910,037 1325,0475 6934,7993 S 1650,72 8266,109 10930,645 11173,159 14613,229 3044,7646
1,9739999 B 3080,9995 11638,219 15140,105 17910,037 1325,0475 6934,7993 S 1650,72 8266,109 10930,645 11173,159 14613,229 3044,7646
1,9739997 B 3080,9995 11638,219 15140,105 17910,037 1325,0475 6934,7993 S 1650,72 8266,109 10930,645 11173,159 14613,229 3044,7646
1,9740002 B 3080,9995 11638,219 15140,105 17910,037 1325,0475 6934,7993 S 1650,72 8266,109 10930,645 11173,159 14613,229 3044,7646
1,9740001 B 3080,9995 11638,219 15140,105 17910,037 1325,0475 6934,7993 S 1650,72 8266,109 10930,645 11173,159 14613,229 3044,7646
1,9739997 B 3080,9995 11638,219 15140,105 17910,037 1325,0475 6934,7993 S 1650,72 8266,109 10930,645 11173,159 14613,229 3044,7646
1,9740003 B 3080,9995 11638,219 15140,105 17910,037 1325,0475 6934,7993 S 1650,72 8266,109 10930,645 11173,159 14613,229 3044,7646
1,9739999 B 3080,9995 11638,219 15140,105 17910,037 1325,0475 6934,7993 S 1650,72 8266,109 10930,645 11173,159 14613,229 3044,7646
1,974025 B 3080,9995 11638,219 15140,105 17910,037 1325,0475 6934,7993 S 1650,72 8266,109 10930,645 11173,159 14613,229 3044,7646
1,975 B 3080,9995 11638,219 15140,105 17910,037 1325,0475 6934,7993 S 1650,72 8266,109 10930,645 11173,159 14613,229 3044,7646
1,9750003 B 3080,9995 11638,219 15140,105 17910,037 1325,0475 6934,7993 S 1650,72 8266,109 10930,645 11173,159 14613,229 3044,7646
1,9749997 B 3080,9995 11638,219 15140,105 17910,037 1325,0475 6934,7993 S 1650,72 8266,109 10930,645 11173,159 14613,229 3044,7646
1,9750003 B 3080,9995 11638,219 15140,105 17910,037 1325,0475 6934,7993 S 1650,72 8266,109 10930,645 11173,159 14613,229 3044,7646
1,9750004 B 3080,9995 11638,219 15140,105 17910,037 1325,0475 6934,7993 S 1650,72 8266,109 10930,645 11173,159 14613,229 3044,7646
1,9750001 B 3080,9995 11638,219 15140,105 17910,037 1325,0475 6934,7993 S 1650,72 8266,109 10930,645 11173,159 14613,229 3044,7646
1,9750003 B 3080,9995 11638,219 15140,105 17910,037 1325,0475 6934,7993 S 1650,72 8266,109 10930,645 11173,159 14613,229 3044,7646
1,9749998 B 3080,9995 11638,219 15140,105 17910,037 1325,0475 6934,7993 S 1650,72 8266,109 10930,645 11173,159 14613,229 3044,7646
1,9757721 B 3080,9995 11638,219 15140,105 17910,037 1325,0475 6934,7993 S 1650,72 8266,109 10930,645 11173,159 14613,229 3044,7646
1,9760002 B 3080,9995 11638,219 15140,105 17910,037 1325,0475 6934,7993 S 1650,72 8266,109 10930,645 11173,159 14613,229 3044,7646
1,9760007 B 3080,9995 11638,219 15140,105 17910,037 1325,0475 6934,7993 S 1650,72 8266,109 10930,645 11173,159 14613,229 3044,7646
1,9760002 B 3080,9995 11638,219 15140,105 17910,037 1325,0475 6934,7993 S 1650,72 8266,109 10930,645 11173,159 14613,229 3044,7646
1,9760005 B 3080,9995 11638,219 15140,105 17910,037 1325,0475 6934,7993 S 1650,72 8266,109 10930,645 11173,159 14613,229 3044,7646
1,976 B 3080,9995 11638,219 15140,105 17910,037 1325,0475 6934,7993 S 1650,72 8266,109 10930,645 11173,159 14613,229 3044,7646
1,9760001 B 3080,9995 11638,219 15140,105 17910,037 1325,0475 6934,7993 S 1650,72 8266,109 10930,645 11173,159 14613,229 3044,7646
1,9760002 B 3080,9995 11638,219 15140,105 17910,037 1325,0475 6934,7993 S 1650,72 8266,109 10930,645 11173,159 14613,229 3044,7646
1,9760003 B 3080,9995 11638,219 15140,105 17910,037 1325,0475 6934,7993 S 1650,72 8266,109 10930,645 11173,159 14613,229 3044,7646
1,9760001 B 3080,9995 11638,219 15140,105 17910,037 1325,0475 6934,7993 S 1650,72 8266,109 10930,645 11173,159 14613,229 3044,7646
1,9760002 B 3080,9995 11638,219 15140,105 17910,037 1325,0475 6934,7993 S 1650,72 8266,109 10930,645 11173,159 14613,229 3044,7646
1,9760004 B 3080,9995 11638,219 15140,105 17910,037 1325,0475 6934,7993 S 1650,72 8266,109 10930,645 11173,159 14613,229 3044,7646
1,9760009 B 3080,9995 11638,219 15140,105 17910,037 1325,0475 6934,7993 S 1650,72 8266,109 10930,645 11173,159 14613,229 3044,7646
1,9757291 B 3080,9995 11638,219 15140,105 17910,037 1325,0475 6934,7993 S 1650,72 8266,109 10930,645 11173,159 14613,229 3044,7646
1,9749995 B 3080,9995 11638,219 15140,105 17910,037 1325,0475 6934,7993 S 1650,72 8266,109 10930,645 11173,159 14613,229 3044,7646
1,9750004 B 3080,9995 11638,219 15140,105 17910,037 1325,0475 6934,7993 S 1650,72 8266,109 10930,645 11173,159 14613,229 3044,7646
1,9750001 B 3080,9995 11638,219 15140,105 17910,037 1325,0475 6934,7993 S 1650,72 8266,109 10930,645 11173,159 14613,229 3044,7646
1,9749997 B 3080,9995 11638,219 15140,105 17910,037 1325,0475 6934,7993 S 1650,72 8266,109 10930,645 11173,159 14613,229 3044,7646
1,9749995 B 3080,9995 11638,219 15140,105 17910,037 1325,0475 6934,7993 S 1650,72 8266,109 10930,645 11173,159 14613,229 3044,7646
1,9750003 B 3080,9995 11638,219 15140,105 17910,037 1325,0475 6934,7993 S 1650,72 8266,109 10930,645 11173,159 14613,229 3044,7646
1,9749995 B 3080,9995 11638,219 15140,105 17910,037 1325,0475 6934,7993 S 1650,72 8266,109 10930,645 11173,159 14613,229 3044,7646
1,9749991 B 3080,9995 11638,219 15140,105 17910,037 1325,0475 6934,7993 S 1650,72 8266,109 10930,645 11173,159 14613,229 3044,7646
1,9749998 B 3080,9995 11638,219 15140,105 17910,037 1325,0475 6934,7993 S 1650,72 8266,109 10930,645 11173,159 14613,229 3044,7646
1,9749999 B 3080,9995 11638,219 15140,105 17910,037 1325,0475 6934,7993 S 1650,72 8266,109 10930,645 11173,159 14613,229 3044,7646
1,975 B 3080,9995 11638,219 15140,105 17910,037 1325,0475 6934,7993 S 1650,72 8266,109 10930,645 11173,159 14613,229 3044,7646
1,9750001 B 3080,9995 11638,219 15140,105 17910,037 1325,0475 6934,7993 S 1650,72 8266,109 10930,645 11173,159 14613,229 3044,7646
1,9749999 B 3080,9995 11638,219 15140,105 17910,037 1325,0475 6934,7993 S 1650,72 8266,109 10930,645 11173,159 14613,229 3044,7646
1,9750001 B 3080,9995 11638,219 15140,105 17910,037 1325,0475 6934,7993 S 1650,72 8266,109 10930,645 11173,159 14613,229 3044,7646
1,9749993 B 3080,9995 11638,219 15140,105 17910,037 1325,0475 6934,7993 S 1650,72 8266,109 10930,645 11173,159 14613,229 3044,7646
1,975 B 3080,9995 11638,219 15140,105 17910,037 1325,0475 6934,7993 S 1650,72 8266,109 10930,645 11173,159 14613,229 3044,7646
1,9750003 B 3080,9995 11638,219 15140,105 17910,037 1325,0475 6934,7993 S 1650,72 8266,109 10930,645 11173,159 14613,229 3044,7646
1,9749991 B 3080,9995 11638,219 15140,105 17910,037 1325,0475 6934,7993 S 1650,72 8266,109 10930,645 11173,159 14613,229 3044,7646
1,9750004 B 3080,9995 11638,219 15140,105 17910,037 1325,0475 6934,7993 S 1650,72 8266,109 10930,645 11173,159 14613,229 3044,7646
1,9750006 B 3080,9995 11638,219 15140,105 17910,037 1325,0475 6934,7993 S 1650,72 8266,109 10930,645 11173,159 14613,229 3044,7646
1,9750001 B 3080,9995 11638,219 15140,105 17910,037 1325,0475 6934,7993 S 1650,72 8266,109 10930,645 11173,159 14613,229 3044,7646
1,9749997 B 3080,9995 11638,219 15140,105 17910,037 1325,0475 6934,7993 S 1650,72 8266,109 10930,645 11173,159 14613,229 3044,7646
1,9749998 B 3080,9995 11638,219 15140,105 17910,037 1325,0475 6934,7993 S 1650,72 8266,109 10930,645 11173,159 14613,229 3044,7646
1,9749998 B 3080,9995 11638,219 15140,105 17910,037 1325,0475 6934,7993 S 1650,72 8266,109 10930,645 11173,159 14613,229 3044,7646
1,9749993 B 3080,9995 11638,219 15140,105 17910,037 1325,0475 6934,7993 S 1650,72 8266,109 10930,645 11173,159 14613,229 3044,7646
1,9750003 B 3080,9995 11638,219 15140,105 17910,037 1325,0475 6934,7993 S 1650,72 8266,109 10930,645 11173,159 14613,229 3044,7646
1,9750003 B 3080,9995 11638,219 15140,105 17910,037 1325,0475 6934,7993 S 1650,72 8266,109 10930,645 11173,159 14613,229 3044,7646
1,9749999 B 3080,9995 11638,219 15140,105 17910,037 1325,0475 6934,7993 S 1650,72 8266,109 10930,645 11173,159 14613,229 3044,7646
1,9749999 B 3080,9995 11638,219 15140,105 17910,037 1325,0475 6934,7993 S 1650,72 8266,109 10930,645 11173,159 14613,229 3044,7646
1,9749999 B 3080,9995 11638,219 15140,105 17910,037 1325,0475 6934,7993 S 1650,72 8266,109 10930,645 11173,159 14613,229 3044,7646
1,9750004 B 3080,9995 11638,219 15140,105 17910,037 1325,0475 6934,7993 S 1650,72 8266,109 10930,645 11173,159 14613,229 3044,7646
1,975 B 3080,9995 11638,219 15140,105 17910,037 1325,0475 6934,7993 S 1650,72 8266,109 10930,645 11173,159 14613,229 3044,7646
1,9749999 B 3080,9995 11638,219 15140,105 17910,037 1325,0475 6934,7993 S 1650,72 8266,109 10930,645 11173,159 14613,229 3044,7646
1,9750001 B 3080,9995 11638,219 15140,105 17910,037 1325,0475 6934,7993 S 1650,72 8266,109 10930,645 11173,159 14613,229 3044,7646
1,9749998 B 3080,9995 11638,219 15140,105 17910,037 1325,0475 6934,7993 S 1650,72 8266,109 10930,645 11173,159 14613,229 3044,7646
1,975 B 3080,9995 11638,219 15140,105 17910,037 1325,0475 6934,7993 S 1650,72 8266,109 10930,645 11173,159 14613,229 3044,7646
1,9750001 B 3080,9995 11638,219 15140,105 17910,037 1325,0475 6934,7993 S 1650,72 8266,109 10930,645 11173,159 14613,229 3044,7646
1,974883 B 3080,9995 11638,219 15140,105 17910,037 1325,0475 6934,7993 S 1650,72 8266,109 10930,645 11173,159 14613,229 3044,7646
1,9740005 B 3080,9995 11638,219 15140,105 17910,037 1325,0475 6934,7993 S 1650,72 8266,109 10930,645 11173,159 14613,229 3044,7646
1,9740005 B 3080,9995 11638,219 15140,105 17910,037 1325,0475 6934,7993 S 1650,72 8266,109 10930,645 11173,159 14613,229 3044,7646
1,9740005 B 3080,9995 11638,219 15140,105 17910,037 1325,0475 6934,7993 S 1650,72 8266,109 10930,645 11173,159 14613,229 3044,7646
1,9739997 B 3080,9995 11638,219 15140,105 17910,037 1325,0475 6934,7993 S 1650,72 8266,109 10930,645 11173,159 14613,229 3044,7646
1,9740001 B 3080,9995 11638,219 15140,105 17910,037 1325,0475 6934,7993 S 1650,72 8266,109 10930,645 11173,159 14613,229 3044,7646
