1,9731386
1,977 B 3092,4897 16291,346 16740,168 14742,13 1350,3903 1352,6641 S 1917,4796 13034,243 12880,548 9782,21 5486,5615 8737,851
1,9769996 B 3092,4897 16291,346 16740,168 14742,13 1350,3903 1352,6641 S 1917,4796 13034,243 12880,548 9782,21 5486,5615 8737,851
1,9769994 B 3092,4897 16291,346 16740,168 14742,13 1350,3903 1352,6641 S 1917,4796 13034,243 12880,548 9782,21 5486,5615 8737,851
1,9769999 B 3092,4897 16291,346 16740,168 14742,13 1350,3903 1352,6641 S 1917,4796 13034,243 12880,548 9782,21 5486,5615 8737,851
1,9770007 B 3092,4897 16291,346 16740,168 14742,13 1350,3903 1352,6641 S 1917,4796 13034,243 12880,548 9782,21 5486,5615 8737,851
1,9770001 B 3092,4897 16291,346 16740,168 14742,13 1350,3903 1352,6641 S 1917,4796 13034,243 12880,548 9782,21 5486,5615 8737,851
1,9769996 B 3092,4897 16291,346 16740,168 14742,13 1350,3903 1352,6641 S 1917,4796 13034,243 12880,548 9782,21 5486,5615 8737,851
1,977 B 3092,4897 16291,346 16740,168 14742,13 1350,3903 1352,6641 S 1917,4796 13034,243 12880,548 9782,21 5486,5615 8737,851
1,9764954 B 3092,4897 16291,346 16740,168 14742,13 1350,3903 1352,6641 S 1917,4796 13034,243 12880,548 9782,21 5486,5615 8737,851
1,9760009 B 3092,4897 16291,346 16740,168 14742,13 1350,3903 1352,6641 S 1917,4796 13034,243 12880,548 9782,21 5486,5615 8737,851
1,9760001 B 3092,4897 16291,346 16740,168 14742,13 1350,3903 1352,6641 S 1917,4796 13034,243 12880,548 9782,21 5486,5615 8737,851
1,9760004 B 3092,4897 16291,346 16740,168 14742,13 1350,3903 1352,6641 S 1917,4796 13034,243 12880,548 9782,21 5486,5615 8737,851
1,9760002 B 3092,4897 16291,346 16740,168 14742,13 1350,3903 1352,6641 S 1917,4796 13034,243 12880,548 9782,21 5486,5615 8737,851
1,9738982 B 3092,4897 16291,346 16740,168 14742,13 1350,3903 1352,6641 S 1917,4796 13034,243 12880,548 9782,21 5486,5615 8737,851
1,9720007 B 3092,4897 16291,346 16740,168 14742,13 1350,3903 1352,6641 S 1917,4796 13034,243 12880,548 9782,21 5486,5615 8737,851
1,9720007 B 3092,4897 16291,346 16740,168 14742,13 1350,3903 1352,6641 S 1917,4796 13034,243 12880,548 9782,21 5486,5615 8737,851
1,9719999 B 3092,4897 16291,346 16740,168 14742,13 1350,3903 1352,6641 S 1917,4796 13034,243 12880,548 9782,21 5486,5615 8737,851
1,9720004 B 3092,4897 16291,346 16740,168 14742,13 1350,3903 1352,6641 S 1917,4796 13034,243 12880,548 9782,21 5486,5615 8737,851
1,9720004 B 3092,4897 16291,346 16740,168 14742,13 1350,3903 1352,6641 S 1917,4796 13034,243 12880,548 9782,21 5486,5615 8737,851
1,9719996 B 3092,4897 16291,346 16740,168 14742,13 1350,3903 1352,6641 S 1917,4796 13034,243 12880,548 9782,21 5486,5615 8737,851
1,9715879 B 3092,4897 16291,346 16740,168 14742,13 1350,3903 1352,6641 S 1917,4796 13034,243 12880,548 9782,21 5486,5615 8737,851
1,9710002 B 3092,4897 16291,346 16740,168 14742,13 1350,3903 1352,6641 S 1917,4796 13034,243 12880,548 9782,21 5486,5615 8737,851
1,9709996 B 3092,4897 16291,346 16740,168 14742,13 1350,3903 1352,6641 S 1917,4796 13034,243 12880,548 9782,21 5486,5615 8737,851
1,971 B 3092,4897 16291,346 16740,168 14742,13 1350,3903 1352,6641 S 1917,4796 13034,243 12880,548 9782,21 5486,5615 8737,851
1,9709995 B 3092,4897 16291,346 16740,168 14742,13 1350,3903 1352,6641 S 1917,4796 13034,243 12880,548 9782,21 5486,5615 8737,851
1,9710001 B 3092,4897 16291,346 16740,168 14742,13 1350,3903 1352,6641 S 1917,4796 13034,243 12880,548 9782,21 5486,5615 8737,851
1,9710001 B 3092,4897 16291,346 16740,168 14742,13 1350,3903 1352,6641 S 1917,4796 13034,243 12880,548 9782,21 5486,5615 8737,851
1,9709998 B 3092,4897 16291,346 16740,168 14742,13 1350,3903 1352,6641 S 1917,4796 13034,243 12880,548 9782,21 5486,5615 8737,851
1,9720395 B 3092,4897 16291,346 16740,168 14742,13 1350,3903 1352,6641 S 1917,4796 13034,243 12880,548 9782,21 5486,5615 8737,851
1,9730008 B 3092,4897 16291,346 16740,168 14742,13 1350,3903 1352,6641 S 1917,4796 13034,243 12880,548 9782,21 5486,5615 8737,851
1,9729999 B 3092,4897 16291,346 16740,168 14742,13 1350,3903 1352,6641 S 1917,4796 13034,243 12880,548 9782,21 5486,5615 8737,851
1,9730002 B 3092,4897 16291,346 16740,168 14742,13 1350,3903 1352,6641 S 1917,4796 13034,243 12880,548 9782,21 5486,5615 8737,851
1,9729999 B 3092,4897 16291,346 16740,168 14742,13 1350,3903 1352,6641 S 1917,4796 13034,243 12880,548 9782,21 5486,5615 8737,851
1,9730002 B 3092,4897 16291,346 16740,168 14742,13 1350,3903 1352,6641 S 1917,4796 13034,243 12880,548 9782,21 5486,5615 8737,851
1,9729999 B 3092,4897 16291,346 16740,168 14742,13 1350,3903 1352,6641 S 1917,4796 13034,243 12880,548 9782,21 5486,5615 8737,851
1,9730009 B 3092,4897 16291,346 16740,168 14742,13 1350,3903 1352,6641 S 1917,4796 13034,243 12880,548 9782,21 5486,5615 8737,851
1,973 B 3092,4897 16291,346 16740,168 14742,13 1350,3903 1352,6641 S 1917,4796 13034,243 12880,548 9782,21 5486,5615 8737,851
1,973 B 3092,4897 16291,346 16740,168 14742,13 1350,3903 1352,6641 S 1917,4796 13034,243 12880,548 9782,21 5486,5615 8737,851
1,973 B 3092,4897 16291,346 16740,168 14742,13 1350,3903 1352,6641 S 1917,4796 13034,243 12880,548 9782,21 5486,5615 8737,851
1,9730008 B 3092,4897 16291,346 16740,168 14742,13 1350,3903 1352,6641 S 1917,4796 13034,243 12880,548 9782,21 5486,5615 8737,851
1,9730009 B 3092,4897 16291,346 16740,168 14742,13 1350,3903 1352,6641 S 1917,4796 13034,243 12880,548 9782,21 5486,5615 8737,851
1,9729998 B 3092,4897 16291,346 16740,168 14742,13 1350,3903 1352,6641 S 1917,4796 13034,243 12880,548 9782,21 5486,5615 8737,851
1,9729997 B 3092,4897 16291,346 16740,168 14742,13 1350,3903 1352,6641 S 1917,4796 13034,243 12880,548 9782,21 5486,5615 8737,851
1,9730002 B 3092,4897 16291,346 16740,168 14742,13 1350,3903 1352,6641 S 1917,4796 13034,243 12880,548 9782,21 5486,5615 8737,851
1,9730004 B 3092,4897 16291,346 16740,168 14742,13 1350,3903 1352,6641 S 1917,4796 13034,243 12880,548 9782,21 5486,5615 8737,851
1,9730008 B 3092,4897 16291,346 16740,168 14742,13 1350,3903 1352,6641 S 1917,4796 13034,243 12880,548 9782,21 5486,5615 8737,851
1,9729999 B 3092,4897 16291,346 16740,168 14742,13 1350,3903 1352,6641 S 1917,4796 13034,243 12880,548 9782,21 5486,5615 8737,851
1,9729999 B 3092,4897 16291,346 16740,168 14742,13 1350,3903 1352,6641 S 1917,4796 13034,243 12880,548 9782,21 5486,5615 8737,851
1,9729996 B 3092,4897 16291,346 16740,168 14742,13 1350,3903 1352,6641 S 1917,4796 13034,243 12880,548 9782,21 5486,5615 8737,851
1,9730002 B 3092,4897 16291,346 16740,168 14742,13 1350,3903 1352,6641 S 1917,4796 13034,243 12880,548 9782,21 5486,5615 8737,851
1,9729998 B 3092,4897 16291,346 16740,168 14742,13 1350,3903 1352,6641 S 1917,4796 13034,243 12880,548 9782,21 5486,5615 8737,851
1,9729997 B 3092,4897 16291,346 16740,168 14742,13 1350,3903 1352,6641 S 1917,4796 13034,243 12880,548 9782,21 5486,5615 8737,851
1,9729999 B 3092,4897 16291,346 16740,168 14742,13 1350,3903 1352,6641 S 1917,4796 13034,243 12880,548 9782,21 5486,5615 8737,851
1,9730358 B 3092,4897 16291,346 16740,168 14742,13 1350,3903 1352,6641 S 1917,4796 13034,243 12880,548 9782,21 5486,5615 8737,851
1,9730004 B 3092,4897 16291,346 16740,168 14742,13 1350,3903 1352,6641 S 1917,4796 13034,243 12880,548 9782,21 5486,5615 8737,851
1,9730008 B 3092,4897 16291,346 16740,168 14742,13 1350,3903 1352,6641 S 1917,4796 13034,243 12880,548 9782,21 5486,5615 8737,851
1,9729999 B 3092,4897 16291,346 16740,168 14742,13 1350,3903 1352,6641 S 1917,4796 13034,243 12880,548 9782,21 5486,5615 8737,851
1,9730008 B 3092,4897 16291,346 16740,168 14742,13 1350,3903 1352,6641 S 1917,4796 13034,243 12880,548 9782,21 5486,5615 8737,851
1,9729998 B 3092,4897 16291,346 16740,168 14742,13 1350,3903 1352,6641 S 1917,4796 13034,243 12880,548 9782,21 5486,5615 8737,851
1,9729996 B 3092,4897 16291,346 16740,168 14742,13 1350,3903 1352,6641 S 1917,4796 13034,243 12880,548 9782,21 5486,5615 8737,851
1,9729998 B 3092,4897 16291,346 16740,168 14742,13 1350,3903 1352,6641 S 1917,4796 13034,243 12880,548 9782,21 5486,5615 8737,851
1,9729995 B 3092,4897 16291,346 16740,168 14742,13 1350,3903 1352,6641 S 1917,4796 13034,243 12880,548 9782,21 5486,5615 8737,851
1,9730002 B 3092,4897 16291,346 16740,168 14742,13 1350,3903 1352,6641 S 1917,4796 13034,243 12880,548 9782,21 5486,5615 8737,851
1,9729996 B 3092,4897 16291,346 16740,168 14742,13 1350,3903 1352,6641 S 1917,4796 13034,243 12880,548 9782,21 5486,5615 8737,851
1,9729998 B 3092,4897 16291,346 16740,168 14742,13 1350,3903 1352,6641 S 1917,4796 13034,243 12880,548 9782,21 5486,5615 8737,851
1,9730003 B 3092,4897 16291,346 16740,168 14742,13 1350,3903 1352,6641 S 1917,4796 13034,243 12880,548 9782,21 5486,5615 8737,851
1,973 B 3092,4897 16291,346 16740,168 14742,13 1350,3903 1352,6641 S 1917,4796 13034,243 12880,548 9782,21 5486,5615 8737,851
1,9736897 B 3092,4897 16291,346 16740,168 14742,13 1350,3903 1352,6641 S 1917,4796 13034,243 12880,548 9782,21 5486,5615 8737,851
1,976 B 3092,4897 16291,346 16740,168 14742,13 1350,3903 1352,6641 S 1917,4796 13034,243 12880,548 9782,21 5486,5615 8737,851
1,9760003 B 3092,4897 16291,346 16740,168 14742,13 1350,3903 1352,6641 S 1917,4796 13034,243 12880,548 9782,21 5486,5615 8737,851
1,9760002 B 3092,4897 16291,346 16740,168 14742,13 1350,3903 1352,6641 S 1917,4796 13034,243 12880,548 9782,21 5486,5615 8737,851
1,9760011 B 3092,4897 16291,346 16740,168 14742,13 1350,3903 1352,6641 S 1917,4796 13034,243 12880,548 9782,21 5486,5615 8737,851
1,9760007 B 3092,4897 16291,346 16740,168 14742,13 1350,3903 1352,6641 S 1917,4796 13034,243 12880,548 9782,21 5486,5615 8737,851
1,976 B 3092,4897 16291,346 16740,168 14742,13 1350,3903 1352,6641 S 1917,4796 13034,243 12880,548 9782,21 5486,5615 8737,851
1,9760004 B 3092,4897 16291,346 16740,168 14742,13 1350,3903 1352,6641 S 1917,4796 13034,243 12880,548 9782,21 5486,5615 8737,851
1,9760002 B 3092,4897 16291,346 16740,168 14742,13 1350,3903 1352,6641 S 1917,4796 13034,243 12880,548 9782,21 5486,5615 8737,851
1,9760004 B 3092,4897 16291,346 16740,168 14742,13 1350,3903 1352,6641 S 1917,4796 13034,243 12880,548 9782,21 5486,5615 8737,851
1,9760005 B 3092,4897 16291,346 16740,168 14742,13 1350,3903 1352,6641 S 1917,4796 13034,243 12880,548 9782,21 5486,5615 8737,851
1,9760005 B 3092,4897 16291,346 16740,168 14742,13 1350,3903 1352,6641 S 1917,4796 13034,243 12880,548 9782,21 5486,5615 8737,851
1,9760003 B 3092,4897 16291,346 16740,168 14742,13 1350,3903 1352,6641 S 1917,4796 13034,243 12880,548 9782,21 5486,5615 8737,851
1,9759997 B 3092,4897 16291,346 16740,168 14742,13 1350,3903 1352,6641 S 1917,4796 13034,243 12880,548 9782,21 5486,5615 8737,851
1,9760003 B 3092,4897 16291,346 16740,168 14742,13 1350,3903 1352,6641 S 1917,4796 13034,243 12880,548 9782,21 5486,5615 8737,851
1,9760005 B 3092,4897 16291,346 16740,168 14742,13 1350,3903 1352,6641 S 1917,4796 13034,243 12880,548 9782,21 5486,5615 8737,851
1,9760003 B 3092,4897 16291,346 16740,168 14742,13 1350,3903 1352,6641 S 1917,4796 13034,243 12880,548 9782,21 5486,5615 8737,851
1,9760002 B 3092,4897 16291,346 16740,168 14742,13 1350,3903 1352,6641 S 1917,4796 13034,243 12880,548 9782,21 5486,5615 8737,851
1,9760003 B 3092,4897 16291,346 16740,168 14742,13 1350,3903 1352,6641 S 1917,4796 13034,243 12880,548 9782,21 5486,5615 8737,851
1,9760003 B 3092,4897 16291,346 16740,168 14742,13 1350,3903 1352,6641 S 1917,4796 13034,243 12880,548 9782,21 5486,5615 8737,851
1,9760003 B 3092,4897 16291,346 16740,168 14742,13 1350,3903 1352,6641 S 1917,4796 13034,243 12880,548 9782,21 5486,5615 8737,851
1,9760001 B 3092,4897 16291,346 16740,168 14742,13 1350,3903 1352,6641 S 1917,4796 13034,243 12880,548 9782,21 5486,5615 8737,851
1,976 B 3092,4897 16291,346 16740,168 14742,13 1350,3903 1352,6641 S 1917,4796 13034,243 12880,548 9782,21 5486,5615 8737,851
1,9760004 B 3092,4897 16291,346 16740,168 14742,13 1350,3903 1352,6641 S 1917,4796 13034,243 12880,548 9782,21 5486,5615 8737,851
1,9760002 B 3092,4897 16291,346 16740,168 14742,13 1350,3903 1352,6641 S 1917,4796 13034,243 12880,548 9782,21 5486,5615 8737,851
1,9760013 B 3092,4897 16291,346 16740,168 14742,13 1350,3903 1352,6641 S 1917,4796 13034,243 12880,548 9782,21 5486,5615 8737,851
1,9760001 B 3092,4897 16291,346 16740,168 14742,13 1350,3903 1352,6641 S 1917,4796 13034,243 12880,548 9782,21 5486,5615 8737,851
1,976 B 3092,4897 16291,346 16740,168 14742,13 1350,3903 1352,6641 S 1917,4796 13034,243 12880,548 9782,21 5486,5615 8737,851
1,9760002 B 3092,4897 16291,346 16740,168 14742,13 1350,3903 1352,6641 S 1917,4796 13034,243 12880,548 9782,21 5486,5615 8737,851
1,9759997 B 3092,4897 16291,346 16740,168 14742,13 1350,3903 1352,6641 S 1917,4796 13034,243 12880,548 9782,21 5486,5615 8737,851
1,9760007 B 3092,4897 16291,346 16740,168 14742,13 1350,3903 1352,6641 S 1917,4796 13034,243 12880,548 9782,21 5486,5615 8737,851
1,9759998 B 3092,4897 16291,346 16740,168 14742,13 1350,3903 1352,6641 S 1917,4796 13034,243 12880,548 9782,21 5486,5615 8737,851
1,9760005 B 3092,4897 16291,346 16740,168 14742,13 1350,3903 1352,6641 S 1917,4796 13034,243 12880,548 9782,21 5486,5615 8737,851
1,9760005 B 3092,4897 16291,346 16740,168 14742,13 1350,3903 1352,6641 S 1917,4796 13034,243 12880,548 9782,21 5486,5615 8737,851
1,9760003 B 3092,4897 16291,346 16740,168 14742,13 1350,3903 1352,6641 S 1917,4796 13034,243 12880,548 9782,21 5486,5615 8737,851
1,9760007 B 3092,4897 16291,346 16740,168 14742,13 1350,3903 1352,6641 S 1917,4796 13034,243 12880,548 9782,21 5486,5615 8737,851
1,9760002 B 3092,4897 16291,346 16740,168 14742,13 1350,3903 1352,6641 S 1917,4796 13034,243 12880,548 9782,21 5486,5615 8737,851
1,9760002 B 3092,4897 16291,346 16740,168 14742,13 1350,3903 1352,6641 S 1917,4796 13034,243 12880,548 9782,21 5486,5615 8737,851
1,9759995 B 3092,4897 16291,346 16740,168 14742,13 1350,3903 1352,6641 S 1917,4796 13034,243 12880,548 9782,21 5486,5615 8737,851
1,9760003 B 3092,4897 16291,346 16740,168 14742,13 1350,3903 1352,6641 S 1917,4796 13034,243 12880,548 9782,21 5486,5615 8737,851
1,9760002 B 3092,4897 16291,346 16740,168 14742,13 1350,3903 1352,6641 S 1917,4796 13034,243 12880,548 9782,21 5486,5615 8737,851
1,9754643 B 3092,4897 16291,346 16740,168 14742,13 1350,3903 1352,6641 S 1917,4796 13034,243 12880,548 9782,21 5486,5615 8737,851
1,9740002 B 3092,4897 16291,346 16740,168 14742,13 1350,3903 1352,6641 S 1917,4796 13034,243 12880,548 9782,21 5486,5615 8737,851
1,9740006 B 3092,4897 16291,346 16740,168 14742,13 1350,3903 1352,6641 S 1917,4796 13034,243 12880,548 9782,21 5486,5615 8737,851
1,9740005 B 3092,4897 16291,346 16740,168 14742,13 1350,3903 1352,6641 S 1917,4796 13034,243 12880,548 9782,21 5486,5615 8737,851
1,9740005 B 3092,4897 16291,346 16740,168 14742,13 1350,3903 1352,6641 S 1917,4796 13034,243 12880,548 9782,21 5486,5615 8737,851
1,9740001 B 3092,4897 16291,346 16740,168 14742,13 1350,3903 1352,6641 S 1917,4796 13034,243 12880,548 9782,21 5486,5615 8737,851
1,9740001 B 3092,4897 16291,346 16740,168 14742,13 1350,3903 1352,6641 S 1917,4796 13034,243 12880,548 9782,21 5486,5615 8737,851
1,9740006 B 3092,4897 16291,346 16740,168 14742,13 1350,3903 1352,6641 S 1917,4796 13034,243 12880,548 9782,21 5486,5615 8737,851
1,9740009 B 3092,4897 16291,346 16740,168 14742,13 1350,3903 1352,6641 S 1917,4796 13034,243 12880,548 9782,21 5486,5615 8737,851
1,9739999 B 3092,4897 16291,346 16740,168 14742,13 1350,3903 1352,6641 S 1917,4796 13034,243 12880,548 9782,21 5486,5615 8737,851
1,9740001 B 3092,4897 16291,346 16740,168 14742,13 1350,3903 1352,6641 S 1917,4796 13034,243 12880,548 9782,21 5486,5615 8737,851
1,9740005 B 3092,4897 16291,346 16740,168 14742,13 1350,3903 1352,6641 S 1917,4796 13034,243 12880,548 9782,21 5486,5615 8737,851
1,9740008 B 3092,4897 16291,346 16740,168 14742,13 1350,3903 1352,6641 S 1917,4796 13034,243 12880,548 9782,21 5486,5615 8737,851
1,9740006 B 3092,4897 16291,346 16740,168 14742,13 1350,3903 1352,6641 S 1917,4796 13034,243 12880,548 9782,21 5486,5615 8737,851
1,9740002 B 3092,4897 16291,346 16740,168 14742,13 1350,3903 1352,6641 S 1917,4796 13034,243 12880,548 9782,21 5486,5615 8737,851
1,9740002 B 3092,4897 16291,346 16740,168 14742,13 1350,3903 1352,6641 S 1917,4796 13034,243 12880,548 9782,21 5486,5615 8737,851
1,9740002 B 3092,4897 16291,346 16740,168 14742,13 1350,3903 1352,6641 S 1917,4796 13034,243 12880,548 9782,21 5486,5615 8737,851
1,9739999 B 3092,4897 16291,346 16740,168 14742,13 1350,3903 1352,6641 S 1917,4796 13034,243 12880,548 9782,21 5486,5615 8737,851
1,9740007 B 3092,4897 16291,346 16740,168 14742,13 1350,3903 1352,6641 S 1917,4796 13034,243 12880,548 9782,21 5486,5615 8737,851
1,9740008 B 3092,4897 16291,346 16740,168 14742,13 1350,3903 1352,6641 S 1917,4796 13034,243 12880,548 9782,21 5486,5615 8737,851
1,9740007 B 3092,4897 16291,346 16740,168 14742,13 1350,3903 1352,6641 S 1917,4796 13034,243 12880,548 9782,21 5486,5615 8737,851
1,9740002 B 3092,4897 16291,346 16740,168 14742,13 1350,3903 1352,6641 S 1917,4796 13034,243 12880,548 9782,21 5486,5615 8737,851
1,9739994 B 3092,4897 16291,346 16740,168 14742,13 1350,3903 1352,6641 S 1917,4796 13034,243 12880,548 9782,21 5486,5615 8737,851
1,9739999 B 3092,4897 16291,346 16740,168 14742,13 1350,3903 1352,6641 S 1917,4796 13034,243 12880,548 9782,21 5486,5615 8737,851
1,9740002 B 3092,4897 16291,346 16740,168 14742,13 1350,3903 1352,6641 S 1917,4796 13034,243 12880,548 9782,21 5486,5615 8737,851
1,9740007 B 3092,4897 16291,346 16740,168 14742,13 1350,3903 1352,6641 S 1917,4796 13034,243 12880,548 9782,21 5486,5615 8737,851
1,9744922 B 3092,4897 16291,346 16740,168 14742,13 1350,3903 1352,6641 S 1917,4796 13034,243 12880,548 9782,21 5486,5615 8737,851
1,9750005 B 3092,4897 16291,346 16740,168 14742,13 1350,3903 1352,6641 S 1917,4796 13034,243 12880,548 9782,21 5486,5615 8737,851
1,9750004 B 3092,4897 16291,346 16740,168 14742,13 1350,3903 1352,6641 S 1917,4796 13034,243 12880,548 9782,21 5486,5615 8737,851
1,9750004 B 3092,4897 16291,346 16740,168 14742,13 1350,3903 1352,6641 S 1917,4796 13034,243 12880,548 9782,21 5486,5615 8737,851
1,975 B 3092,4897 16291,346 16740,168 14742,13 1350,3903 1352,6641 S 1917,4796 13034,243 12880,548 9782,21 5486,5615 8737,851
1,9750003 B 3092,4897 16291,346 16740,168 14742,13 1350,3903 1352,6641 S 1917,4796 13034,243 12880,548 9782,21 5486,5615 8737,851
1,9749999 B 3092,4897 16291,346 16740,168 14742,13 1350,3903 1352,6641 S 1917,4796 13034,243 12880,548 9782,21 5486,5615 8737,851
1,974883 B 3092,4897 16291,346 16740,168 14742,13 1350,3903 1352,6641 S 1917,4796 13034,243 12880,548 9782,21 5486,5615 8737,851
1,9739999 B 3092,4897 16291,346 16740,168 14742,13 1350,3903 1352,6641 S 1917,4796 13034,243 12880,548 9782,21 5486,5615 8737,851
1,9740003 B 3092,4897 16291,346 16740,168 14742,13 1350,3903 1352,6641 S 1917,4796 13034,243 12880,548 9782,21 5486,5615 8737,851
1,9739999 B 3092,4897 16291,346 16740,168 14742,13 1350,3903 1352,6641 S 1917,4796 13034,243 12880,548 9782,21 5486,5615 8737,851
1,9739999 B 3092,4897 16291,346 16740,168 14742,13 1350,3903 1352,6641 S 1917,4796 13034,243 12880,548 9782,21 5486,5615 8737,851
1,9740003 B 3092,4897 16291,346 16740,168 14742,13 1350,3903 1352,6641 S 1917,4796 13034,243 12880,548 9782,21 5486,5615 8737,851
1,9739997 B 3092,4897 16291,346 16740,168 14742,13 1350,3903 1352,6641 S 1917,4796 13034,243 12880,548 9782,21 5486,5615 8737,851
1,9740001 B 3092,4897 16291,346 16740,168 14742,13 1350,3903 1352,6641 S 1917,4796 13034,243 12880,548 9782,21 5486,5615 8737,851
1,9739997 B 3092,4897 16291,346 16740,168 14742,13 1350,3903 1352,6641 S 1917,4796 13034,243 12880,548 9782,21 5486,5615 8737,851
1,9740005 B 3092,4897 16291,346 16740,168 14742,13 1350,3903 1352,6641 S 1917,4796 13034,243 12880,548 9782,21 5486,5615 8737,851
1,9740002 B 3092,4897 16291,346 16740,168 14742,13 1350,3903 1352,6641 S 1917,4796 13034,243 12880,548 9782,21 5486,5615 8737,851
1,9740003 B 3092,4897 16291,346 16740,168 14742,13 1350,3903 1352,6641 S 1917,4796 13034,243 12880,548 9782,21 5486,5615 8737,851
1,9739997 B 3092,4897 16291,346 16740,168 14742,13 1350,3903 1352,6641 S 1917,4796 13034,243 12880,548 9782,21 5486,5615 8737,851
1,9740007 B 3092,4897 16291,346 16740,168 14742,13 1350,3903 1352,6641 S 1917,4796 13034,243 12880,548 9782,21 5486,5615 8737,851
1,9740001 B 3092,4897 16291,346 16740,168 14742,13 1350,3903 1352,6641 S 1917,4796 13034,243 12880,548 9782,21 5486,5615 8737,851
1,9740002 B 3092,4897 16291,346 16740,168 14742,13 1350,3903 1352,6641 S 1917,4796 13034,243 12880,548 9782,21 5486,5615 8737,851
1,9740001 B 3092,4897 16291,346 16740,168 14742,13 1350,3903 1352,6641 S 1917,4796 13034,243 12880,548 9782,21 5486,5615 8737,851
1,9740002 B 3092,4897 16291,346 16740,168 14742,13 1350,3903 1352,6641 S 1917,4796 13034,243 12880,548 9782,21 5486,5615 8737,851
1,9739995 B 3092,4897 16291,346 16740,168 14742,13 1350,3903 1352,6641 S 1917,4796 13034,243 12880,548 9782,21 5486,5615 8737,851
1,9740001 B 3092,4897 16291,346 16740,168 14742,13 1350,3903 1352,6641 S 1917,4796 13034,243 12880,548 9782,21 5486,5615 8737,851
1,9740002 B 3092,4897 16291,346 16740,168 14742,13 1350,3903 1352,6641 S 1917,4796 13034,243 12880,548 9782,21 5486,5615 8737,851
1,9735892 B 3092,4897 16291,346 16740,168 14742,13 1350,3903 1352,6641 S 1917,4796 13034,243 12880,548 9782,21 5486,5615 8737,851
1,9719995 B 3092,4897 16291,346 16740,168 14742,13 1350,3903 1352,6641 S 1917,4796 13034,243 12880,548 9782,21 5486,5615 8737,851
1,972 B 3092,4897 16291,346 16740,168 14742,13 1350,3903 1352,6641 S 1917,4796 13034,243 12880,548 9782,21 5486,5615 8737,851
1,9719999 B 3092,4897 16291,346 16740,168 14742,13 1350,3903 1352,6641 S 1917,4796 13034,243 12880,548 9782,21 5486,5615 8737,851
1,9720004 B 3092,4897 16291,346 16740,168 14742,13 1350,3903 1352,6641 S 1917,4796 13034,243 12880,548 9782,21 5486,5615 8737,851
1,972 B 3092,4897 16291,346 16740,168 14742,13 1350,3903 1352,6641 S 1917,4796 13034,243 12880,548 9782,21 5486,5615 8737,851
1,972 B 3092,4897 16291,346 16740,168 14742,13 1350,3903 1352,6641 S 1917,4796 13034,243 12880,548 9782,21 5486,5615 8737,851
1,9719999 B 3092,4897 16291,346 16740,168 14742,13 1350,3903 1352,6641 S 1917,4796 13034,243 12880,548 9782,21 5486,5615 8737,851
1,9720002 B 3092,4897 16291,346 16740,168 14742,13 1350,3903 1352,6641 S 1917,4796 13034,243 12880,548 9782,21 5486,5615 8737,851
1,9719999 B 3092,4897 16291,346 16740,168 14742,13 1350,3903 1352,6641 S 1917,4796 13034,243 12880,548 9782,21 5486,5615 8737,851
1,9719999 B 3092,4897 16291,346 16740,168 14742,13 1350,3903 1352,6641 S 1917,4796 13034,243 12880,548 9782,21 5486,5615 8737,851
1,9720002 B 3092,4897 16291,346 16740,168 14742,13 1350,3903 1352,6641 S 1917,4796 13034,243 12880,548 9782,21 5486,5615 8737,851
1,9720002 B 3092,4897 16291,346 16740,168 14742,13 1350,3903 1352,6641 S 1917,4796 13034,243 12880,548 9782,21 5486,5615 8737,851
1,9719995 B 3092,4897 16291,346 16740,168 14742,13 1350,3903 1352,6641 S 1917,4796 13034,243 12880,548 9782,21 5486,5615 8737,851
1,9719999 B 3092,4897 16291,346 16740,168 14742,13 1350,3903 1352,6641 S 1917,4796 13034,243 12880,548 9782,21 5486,5615 8737,851
1,9707165 B 3092,4897 16291,346 16740,168 14742,13 1350,3903 1352,6641 S 1917,4796 13034,243 12880,548 9782,21 5486,5615 8737,851
1,97 B 3092,4897 16291,346 16740,168 14742,13 1350,3903 1352,6641 S 1917,4796 13034,243 12880,548 9782,21 5486,5615 8737,851
1,9699998 B 3092,4897 16291,346 16740,168 14742,13 1350,3903 1352,6641 S 1917,4796 13034,243 12880,548 9782,21 5486,5615 8737,851
1,9699998 B 3092,4897 16291,346 16740,168 14742,13 1350,3903 1352,6641 S 1917,4796 13034,243 12880,548 9782,21 5486,5615 8737,851
1,9700006 B 3092,4897 16291,346 16740,168 14742,13 1350,3903 1352,6641 S 1917,4796 13034,243 12880,548 9782,21 5486,5615 8737,851
1,9699999 B 3092,4897 16291,346 16740,168 14742,13 1350,3903 1352,6641 S 1917,4796 13034,243 12880,548 9782,21 5486,5615 8737,851
1,9699999 B 3092,4897 16291,346 16740,168 14742,13 1350,3903 1352,6641 S 1917,4796 13034,243 12880,548 9782,21 5486,5615 8737,851
1,9699997 B 3092,4897 16291,346 16740,168 14742,13 1350,3903 1352,6641 S 1917,4796 13034,243 12880,548 9782,21 5486,5615 8737,851
1,9699999 B 3092,4897 16291,346 16740,168 14742,13 1350,3903 1352,6641 S 1917,4796 13034,243 12880,548 9782,21 5486,5615 8737,851
1,9699998 B 3092,4897 16291,346 16740,168 14742,13 1350,3903 1352,6641 S 1917,4796 13034,243 12880,548 9782,21 5486,5615 8737,851
1,9699998 B 3092,4897 16291,346 16740,168 14742,13 1350,3903 1352,6641 S 1917,4796 13034,243 12880,548 9782,21 5486,5615 8737,851
1,9700005 B 3092,4897 16291,346 16740,168 14742,13 1350,3903 1352,6641 S 1917,4796 13034,243 12880,548 9782,21 5486,5615 8737,851
1,9699997 B 3092,4897 16291,346 16740,168 14742,13 1350,3903 1352,6641 S 1917,4796 13034,243 12880,548 9782,21 5486,5615 8737,851
1,9699999 B 3092,4897 16291,346 16740,168 14742,13 1350,3903 1352,6641 S 1917,4796 13034,243 12880,548 9782,21 5486,5615 8737,851
1,9699999 B 3092,4897 16291,346 16740,168 14742,13 1350,3903 1352,6641 S 1917,4796 13034,243 12880,548 9782,21 5486,5615 8737,851
1,9699999 B 3092,4897 16291,346 16740,168 14742,13 1350,3903 1352,6641 S 1917,4796 13034,243 12880,548 9782,21 5486,5615 8737,851
1,9700004 B 3092,4897 16291,346 16740,168 14742,13 1350,3903 1352,6641 S 1917,4796 13034,243 12880,548 9782,21 5486,5615 8737,851
1,9700001 B 3092,4897 16291,346 16740,168 14742,13 1350,3903 1352,6641 S 1917,4796 13034,243 12880,548 9782,21 5486,5615 8737,851
1,9700005 B 3092,4897 16291,346 16740,168 14742,13 1350,3903 1352,6641 S 1917,4796 13034,243 12880,548 9782,21 5486,5615 8737,851
1,9700001 B 3092,4897 16291,346 16740,168 14742,13 1350,3903 1352,6641 S 1917,4796 13034,243 12880,548 9782,21 5486,5615 8737,851
1,9699999 B 3092,4897 16291,346 16740,168 14742,13 1350,3903 1352,6641 S 1917,4796 13034,243 12880,548 9782,21 5486,5615 8737,851
1,9700001 B 3092,4897 16291,346 16740,168 14742,13 1350,3903 1352,6641 S 1917,4796 13034,243 12880,548 9782,21 5486,5615 8737,851
1,9699999 B 3092,4897 16291,346 16740,168 14742,13 1350,3903 1352,6641 S 1917,4796 13034,243 12880,548 9782,21 5486,5615 8737,851
1,9700001 B 3092,4897 16291,346 16740,168 14742,13 1350,3903 1352,6641 S 1917,4796 13034,243 12880,548 9782,21 5486,5615 8737,851
1,97 B 3092,4897 16291,346 16740,168 14742,13 1350,3903 1352,6641 S 1917,4796 13034,243 12880,548 9782,21 5486,5615 8737,851
1,97 B 3092,4897 16291,346 16740,168 14742,13 1350,3903 1352,6641 S 1917,4796 13034,243 12880,548 9782,21 5486,5615 8737,851
1,97 B 3092,4897 16291,346 16740,168 14742,13 1350,3903 1352,6641 S 1917,4796 13034,243 12880,548 9782,21 5486,5615 8737,851
1,9700001 B 3092,4897 16291,346 16740,168 14742,13 1350,3903 1352,6641 S 1917,4796 13034,243 12880,548 9782,21 5486,5615 8737,851
1,9700001 B 3092,4897 16291,346 16740,168 14742,13 1350,3903 1352,6641 S 1917,4796 13034,243 12880,548 9782,21 5486,5615 8737,851
1,9700001 B 3092,4897 16291,346 16740,168 14742,13 1350,3903 1352,6641 S 1917,4796 13034,243 12880,548 9782,21 5486,5615 8737,851
1,9699996 B 3092,4897 16291,346 16740,168 14742,13 1350,3903 1352,6641 S 1917,4796 13034,243 12880,548 9782,21 5486,5615 8737,851
1,9699998 B 3092,4897 16291,346 16740,168 14742,13 1350,3903 1352,6641 S 1917,4796 13034,243 12880,548 9782,21 5486,5615 8737,851
1,9700005 B 3092,4897 16291,346 16740,168 14742,13 1350,3903 1352,6641 S 1917,4796 13034,243 12880,548 9782,21 5486,5615 8737,851
1,9699999 B 3092,4897 16291,346 16740,168 14742,13 1350,3903 1352,6641 S 1917,4796 13034,243 12880,548 9782,21 5486,5615 8737,851
1,9699998 B 3092,4897 16291,346 16740,168 14742,13 1350,3903 1352,6641 S 1917,4796 13034,243 12880,548 9782,21 5486,5615 8737,851
1,97 B 3092,4897 16291,346 16740,168 14742,13 1350,3903 1352,6641 S 1917,4796 13034,243 12880,548 9782,21 5486,5615 8737,851
1,9704112 B 3092,4897 16291,346 16740,168 14742,13 1350,3903 1352,6641 S 1917,4796 13034,243 12880,548 9782,21 5486,5615 8737,851
1,9710001 B 3092,4897 16291,346 16740,168 14742,13 1350,3903 1352,6641 S 1917,4796 13034,243 12880,548 9782,21 5486,5615 8737,851
1,9710002 B 3092,4897 16291,346 16740,168 14742,13 1350,3903 1352,6641 S 1917,4796 13034,243 12880,548 9782,21 5486,5615 8737,851
1,9709994 B 3092,4897 16291,346 16740,168 14742,13 1350,3903 1352,6641 S 1917,4796 13034,243 12880,548 9782,21 5486,5615 8737,851
1,9709996 B 3092,4897 16291,346 16740,168 14742,13 1350,3903 1352,6641 S 1917,4796 13034,243 12880,548 9782,21 5486,5615 8737,851
1,971 B 3092,4897 16291,346 16740,168 14742,13 1350,3903 1352,6641 S 1917,4796 13034,243 12880,548 9782,21 5486,5615 8737,851
1,9710007 B 3092,4897 16291,346 16740,168 14742,13 1350,3903 1352,6641 S 1917,4796 13034,243 12880,548 9782,21 5486,5615 8737,851
1,9709998 B 3092,4897 16291,346 16740,168 14742,13 1350,3903 1352,6641 S 1917,4796 13034,243 12880,548 9782,21 5486,5615 8737,851
1,9710009 B 3092,4897 16291,346 16740,168 14742,13 1350,3903 1352,6641 S 1917,4796 13034,243 12880,548 9782,21 5486,5615 8737,851
1,971 B 3092,4897 16291,346 16740,168 14742,13 1350,3903 1352,6641 S 1917,4796 13034,243 12880,548 9782,21 5486,5615 8737,851
1,9710006 B 3092,4897 16291,346 16740,168 14742,13 1350,3903 1352,6641 S 1917,4796 13034,243 12880,548 9782,21 5486,5615 8737,851
1,9709995 B 3092,4897 16291,346 16740,168 14742,13 1350,3903 1352,6641 S 1917,4796 13034,243 12880,548 9782,21 5486,5615 8737,851
1,9710002 B 3092,4897 16291,346 16740,168 14742,13 1350,3903 1352,6641 S 1917,4796 13034,243 12880,548 9782,21 5486,5615 8737,851
1,9709989 B 3092,4897 16291,346 16740,168 14742,13 1350,3903 1352,6641 S 1917,4796 13034,243 12880,548 9782,21 5486,5615 8737,851
1,9710001 B 3092,4897 16291,346 16740,168 14742,13 1350,3903 1352,6641 S 1917,4796 13034,243 12880,548 9782,21 5486,5615 8737,851
1,9710001 B 3092,4897 16291,346 16740,168 14742,13 1350,3903 1352,6641 S 1917,4796 13034,243 12880,548 9782,21 5486,5615 8737,851
1,971 B 3092,4897 16291,346 16740,168 14742,13 1350,3903 1352,6641 S 1917,4796 13034,243 12880,548 9782,21 5486,5615 8737,851
1,971 B 3092,4897 16291,346 16740,168 14742,13 1350,3903 1352,6641 S 1917,4796 13034,243 12880,548 9782,21 5486,5615 8737,851
1,9710003 B 3092,4897 16291,346 16740,168 14742,13 1350,3903 1352,6641 S 1917,4796 13034,243 12880,548 9782,21 5486,5615 8737,851
1,9710004 B 3092,4897 16291,346 16740,168 14742,13 1350,3903 1352,6641 S 1917,4796 13034,243 12880,548 9782,21 5486,5615 8737,851
1,9709996 B 3092,4897 16291,346 16740,168 14742,13 1350,3903 1352,6641 S 1917,4796 13034,243 12880,548 9782,21 5486,5615 8737,851
1,971 B 3092,4897 16291,346 16740,168 14742,13 1350,3903 1352,6641 S 1917,4796 13034,243 12880,548 9782,21 5486,5615 8737,851
1,9709994 B 3092,4897 16291,346 16740,168 14742,13 1350,3903 1352,6641 S 1917,4796 13034,243 12880,548 9782,21 5486,5615 8737,851
1,9709995 B 3092,4897 16291,346 16740,168 14742,13 1350,3903 1352,6641 S 1917,4796 13034,243 12880,548 9782,21 5486,5615 8737,851
1,9710006 B 3092,4897 16291,346 16740,168 14742,13 1350,3903 1352,6641 S 1917,4796 13034,243 12880,548 9782,21 5486,5615 8737,851
1,970887 B 3092,4897 16291,346 16740,168 14742,13 1350,3903 1352,6641 S 1917,4796 13034,243 12880,548 9782,21 5486,5615 8737,851
1,9699999 B 3092,4897 16291,346 16740,168 14742,13 1350,3903 1352,6641 S 1917,4796 13034,243 12880,548 9782,21 5486,5615 8737,851
