1,9686966
1,9699993 B 3437,4102 20845,463 11958,285 17332,613 19795,264 346,0801 S 10771,738 12215,035 12476,03 14917,214 10099,3 1186,3403
1,9700001 B 3437,4102 20845,463 11958,285 17332,613 19795,264 346,0801 S 10771,738 12215,035 12476,03 14917,214 10099,3 1186,3403
1,9699997 B 3437,4102 20845,463 11958,285 17332,613 19795,264 346,0801 S 10771,738 12215,035 12476,03 14917,214 10099,3 1186,3403
1,9698025 B 3437,4102 20845,463 11958,285 17332,613 19795,264 346,0801 S 10771,738 12215,035 12476,03 14917,214 10099,3 1186,3403
1,9690005 B 3437,4102 20845,463 11958,285 17332,613 19795,264 346,0801 S 10771,738 12215,035 12476,03 14917,214 10099,3 1186,3403
1,9689999 B 3437,4102 20845,463 11958,285 17332,613 19795,264 346,0801 S 10771,738 12215,035 12476,03 14917,214 10099,3 1186,3403
1,9690007 B 3437,4102 20845,463 11958,285 17332,613 19795,264 346,0801 S 10771,738 12215,035 12476,03 14917,214 10099,3 1186,3403
1,9689996 B 3437,4102 20845,463 11958,285 17332,613 19795,264 346,0801 S 10771,738 12215,035 12476,03 14917,214 10099,3 1186,3403
1,9689997 B 3437,4102 20845,463 11958,285 17332,613 19795,264 346,0801 S 10771,738 12215,035 12476,03 14917,214 10099,3 1186,3403
1,9694157 B 3437,4102 20845,463 11958,285 17332,613 19795,264 346,0801 S 10771,738 12215,035 12476,03 14917,214 10099,3 1186,3403
1,9700001 B 3437,4102 20845,463 11958,285 17332,613 19795,264 346,0801 S 10771,738 12215,035 12476,03 14917,214 10099,3 1186,3403
1,97 B 3437,4102 20845,463 11958,285 17332,613 19795,264 346,0801 S 10771,738 12215,035 12476,03 14917,214 10099,3 1186,3403
1,9699998 B 3437,4102 20845,463 11958,285 17332,613 19795,264 346,0801 S 10771,738 12215,035 12476,03 14917,214 10099,3 1186,3403
1,9700006 B 3437,4102 20845,463 11958,285 17332,613 19795,264 346,0801 S 10771,738 12215,035 12476,03 14917,214 10099,3 1186,3403
1,9699998 B 3437,4102 20845,463 11958,285 17332,613 19795,264 346,0801 S 10771,738 12215,035 12476,03 14917,214 10099,3 1186,3403
1,97 B 3437,4102 20845,463 11958,285 17332,613 19795,264 346,0801 S 10771,738 12215,035 12476,03 14917,214 10099,3 1186,3403
1,9696143 B 3437,4102 20845,463 11958,285 17332,613 19795,264 346,0801 S 10771,738 12215,035 12476,03 14917,214 10099,3 1186,3403
1,9690002 B 3437,4102 20845,463 11958,285 17332,613 19795,264 346,0801 S 10771,738 12215,035 12476,03 14917,214 10099,3 1186,3403
1,9690001 B 3437,4102 20845,463 11958,285 17332,613 19795,264 346,0801 S 10771,738 12215,035 12476,03 14917,214 10099,3 1186,3403
1,9690006 B 3437,4102 20845,463 11958,285 17332,613 19795,264 346,0801 S 10771,738 12215,035 12476,03 14917,214 10099,3 1186,3403
1,9689999 B 3437,4102 20845,463 11958,285 17332,613 19795,264 346,0801 S 10771,738 12215,035 12476,03 14917,214 10099,3 1186,3403
1,969 B 3437,4102 20845,463 11958,285 17332,613 19795,264 346,0801 S 10771,738 12215,035 12476,03 14917,214 10099,3 1186,3403
1,9690003 B 3437,4102 20845,463 11958,285 17332,613 19795,264 346,0801 S 10771,738 12215,035 12476,03 14917,214 10099,3 1186,3403
1,9690001 B 3437,4102 20845,463 11958,285 17332,613 19795,264 346,0801 S 10771,738 12215,035 12476,03 14917,214 10099,3 1186,3403
1,9689997 B 3437,4102 20845,463 11958,285 17332,613 19795,264 346,0801 S 10771,738 12215,035 12476,03 14917,214 10099,3 1186,3403
1,9697037 B 3437,4102 20845,463 11958,285 17332,613 19795,264 346,0801 S 10771,738 12215,035 12476,03 14917,214 10099,3 1186,3403
1,9697456 B 3437,4102 20845,463 11958,285 17332,613 19795,264 346,0801 S 10771,738 12215,035 12476,03 14917,214 10099,3 1186,3403
1,9691193 B 3437,4102 20845,463 11958,285 17332,613 19795,264 346,0801 S 10771,738 12215,035 12476,03 14917,214 10099,3 1186,3403
1,9699992 B 3437,4102 20845,463 11958,285 17332,613 19795,264 346,0801 S 10771,738 12215,035 12476,03 14917,214 10099,3 1186,3403
1,9699996 B 3437,4102 20845,463 11958,285 17332,613 19795,264 346,0801 S 10771,738 12215,035 12476,03 14917,214 10099,3 1186,3403
1,9700001 B 3437,4102 20845,463 11958,285 17332,613 19795,264 346,0801 S 10771,738 12215,035 12476,03 14917,214 10099,3 1186,3403
1,9699998 B 3437,4102 20845,463 11958,285 17332,613 19795,264 346,0801 S 10771,738 12215,035 12476,03 14917,214 10099,3 1186,3403
1,9700001 B 3437,4102 20845,463 11958,285 17332,613 19795,264 346,0801 S 10771,738 12215,035 12476,03 14917,214 10099,3 1186,3403
1,97 B 3437,4102 20845,463 11958,285 17332,613 19795,264 346,0801 S 10771,738 12215,035 12476,03 14917,214 10099,3 1186,3403
1,9691558 B 3437,4102 20845,463 11958,285 17332,613 19795,264 346,0801 S 10771,738 12215,035 12476,03 14917,214 10099,3 1186,3403
1,9680389 B 3437,4102 20845,463 11958,285 17332,613 19795,264 346,0801 S 10771,738 12215,035 12476,03 14917,214 10099,3 1186,3403
1,9679998 B 3437,4102 20845,463 11958,285 17332,613 19795,264 346,0801 S 10771,738 12215,035 12476,03 14917,214 10099,3 1186,3403
1,9680003 B 3437,4102 20845,463 11958,285 17332,613 19795,264 346,0801 S 10771,738 12215,035 12476,03 14917,214 10099,3 1186,3403
1,9680003 B 3437,4102 20845,463 11958,285 17332,613 19795,264 346,0801 S 10771,738 12215,035 12476,03 14917,214 10099,3 1186,3403
1,9679998 B 3437,4102 20845,463 11958,285 17332,613 19795,264 346,0801 S 10771,738 12215,035 12476,03 14917,214 10099,3 1186,3403
1,968 B 3437,4102 20845,463 11958,285 17332,613 19795,264 346,0801 S 10771,738 12215,035 12476,03 14917,214 10099,3 1186,3403
1,968 B 3437,4102 20845,463 11958,285 17332,613 19795,264 346,0801 S 10771,738 12215,035 12476,03 14917,214 10099,3 1186,3403
1,9679999 B 3437,4102 20845,463 11958,285 17332,613 19795,264 346,0801 S 10771,738 12215,035 12476,03 14917,214 10099,3 1186,3403
1,9680004 B 3437,4102 20845,463 11958,285 17332,613 19795,264 346,0801 S 10771,738 12215,035 12476,03 14917,214 10099,3 1186,3403
1,9680003 B 3437,4102 20845,463 11958,285 17332,613 19795,264 346,0801 S 10771,738 12215,035 12476,03 14917,214 10099,3 1186,3403
1,968 B 3437,4102 20845,463 11958,285 17332,613 19795,264 346,0801 S 10771,738 12215,035 12476,03 14917,214 10099,3 1186,3403
1,9679999 B 3437,4102 20845,463 11958,285 17332,613 19795,264 346,0801 S 10771,738 12215,035 12476,03 14917,214 10099,3 1186,3403
1,968 B 3437,4102 20845,463 11958,285 17332,613 19795,264 346,0801 S 10771,738 12215,035 12476,03 14917,214 10099,3 1186,3403
1,9680002 B 3437,4102 20845,463 11958,285 17332,613 19795,264 346,0801 S 10771,738 12215,035 12476,03 14917,214 10099,3 1186,3403
1,9679998 B 3437,4102 20845,463 11958,285 17332,613 19795,264 346,0801 S 10771,738 12215,035 12476,03 14917,214 10099,3 1186,3403
1,9680002 B 3437,4102 20845,463 11958,285 17332,613 19795,264 346,0801 S 10771,738 12215,035 12476,03 14917,214 10099,3 1186,3403
1,9680003 B 3437,4102 20845,463 11958,285 17332,613 19795,264 346,0801 S 10771,738 12215,035 12476,03 14917,214 10099,3 1186,3403
1,968 B 3437,4102 20845,463 11958,285 17332,613 19795,264 346,0801 S 10771,738 12215,035 12476,03 14917,214 10099,3 1186,3403
1,9680004 B 3437,4102 20845,463 11958,285 17332,613 19795,264 346,0801 S 10771,738 12215,035 12476,03 14917,214 10099,3 1186,3403
1,9680003 B 3437,4102 20845,463 11958,285 17332,613 19795,264 346,0801 S 10771,738 12215,035 12476,03 14917,214 10099,3 1186,3403
1,9680002 B 3437,4102 20845,463 11958,285 17332,613 19795,264 346,0801 S 10771,738 12215,035 12476,03 14917,214 10099,3 1186,3403
1,9680008 B 3437,4102 20845,463 11958,285 17332,613 19795,264 346,0801 S 10771,738 12215,035 12476,03 14917,214 10099,3 1186,3403
1,9680003 B 3437,4102 20845,463 11958,285 17332,613 19795,264 346,0801 S 10771,738 12215,035 12476,03 14917,214 10099,3 1186,3403
1,9680004 B 3437,4102 20845,463 11958,285 17332,613 19795,264 346,0801 S 10771,738 12215,035 12476,03 14917,214 10099,3 1186,3403
1,9680003 B 3437,4102 20845,463 11958,285 17332,613 19795,264 346,0801 S 10771,738 12215,035 12476,03 14917,214 10099,3 1186,3403
1,9680004 B 3437,4102 20845,463 11958,285 17332,613 19795,264 346,0801 S 10771,738 12215,035 12476,03 14917,214 10099,3 1186,3403
1,9680002 B 3437,4102 20845,463 11958,285 17332,613 19795,264 346,0801 S 10771,738 12215,035 12476,03 14917,214 10099,3 1186,3403
1,968 B 3437,4102 20845,463 11958,285 17332,613 19795,264 346,0801 S 10771,738 12215,035 12476,03 14917,214 10099,3 1186,3403
1,9680005 B 3437,4102 20845,463 11958,285 17332,613 19795,264 346,0801 S 10771,738 12215,035 12476,03 14917,214 10099,3 1186,3403
1,9679998 B 3437,4102 20845,463 11958,285 17332,613 19795,264 346,0801 S 10771,738 12215,035 12476,03 14917,214 10099,3 1186,3403
1,9680005 B 3437,4102 20845,463 11958,285 17332,613 19795,264 346,0801 S 10771,738 12215,035 12476,03 14917,214 10099,3 1186,3403
1,968 B 3437,4102 20845,463 11958,285 17332,613 19795,264 346,0801 S 10771,738 12215,035 12476,03 14917,214 10099,3 1186,3403
1,9680003 B 3437,4102 20845,463 11958,285 17332,613 19795,264 346,0801 S 10771,738 12215,035 12476,03 14917,214 10099,3 1186,3403
1,9680002 B 3437,4102 20845,463 11958,285 17332,613 19795,264 346,0801 S 10771,738 12215,035 12476,03 14917,214 10099,3 1186,3403
1,9680009 B 3437,4102 20845,463 11958,285 17332,613 19795,264 346,0801 S 10771,738 12215,035 12476,03 14917,214 10099,3 1186,3403
1,9680002 B 3437,4102 20845,463 11958,285 17332,613 19795,264 346,0801 S 10771,738 12215,035 12476,03 14917,214 10099,3 1186,3403
1,9679999 B 3437,4102 20845,463 11958,285 17332,613 19795,264 346,0801 S 10771,738 12215,035 12476,03 14917,214 10099,3 1186,3403
1,968 B 3437,4102 20845,463 11958,285 17332,613 19795,264 346,0801 S 10771,738 12215,035 12476,03 14917,214 10099,3 1186,3403
1,9679998 B 3437,4102 20845,463 11958,285 17332,613 19795,264 346,0801 S 10771,738 12215,035 12476,03 14917,214 10099,3 1186,3403
1,9671715 B 3437,4102 20845,463 11958,285 17332,613 19795,264 346,0801 S 10771,738 12215,035 12476,03 14917,214 10099,3 1186,3403
1,9669999 B 3437,4102 20845,463 11958,285 17332,613 19795,264 346,0801 S 10771,738 12215,035 12476,03 14917,214 10099,3 1186,3403
1,9670004 B 3437,4102 20845,463 11958,285 17332,613 19795,264 346,0801 S 10771,738 12215,035 12476,03 14917,214 10099,3 1186,3403
1,9669999 B 3437,4102 20845,463 11958,285 17332,613 19795,264 346,0801 S 10771,738 12215,035 12476,03 14917,214 10099,3 1186,3403
1,9670002 B 3437,4102 20845,463 11958,285 17332,613 19795,264 346,0801 S 10771,738 12215,035 12476,03 14917,214 10099,3 1186,3403
1,9670006 B 3437,4102 20845,463 11958,285 17332,613 19795,264 346,0801 S 10771,738 12215,035 12476,03 14917,214 10099,3 1186,3403
1,9670002 B 3437,4102 20845,463 11958,285 17332,613 19795,264 346,0801 S 10771,738 12215,035 12476,03 14917,214 10099,3 1186,3403
1,9669998 B 3437,4102 20845,463 11958,285 17332,613 19795,264 346,0801 S 10771,738 12215,035 12476,03 14917,214 10099,3 1186,3403
1,9670002 B 3437,4102 20845,463 11958,285 17332,613 19795,264 346,0801 S 10771,738 12215,035 12476,03 14917,214 10099,3 1186,3403
1,9669998 B 3437,4102 20845,463 11958,285 17332,613 19795,264 346,0801 S 10771,738 12215,035 12476,03 14917,214 10099,3 1186,3403
1,9670002 B 3437,4102 20845,463 11958,285 17332,613 19795,264 346,0801 S 10771,738 12215,035 12476,03 14917,214 10099,3 1186,3403
1,9669997 B 3437,4102 20845,463 11958,285 17332,613 19795,264 346,0801 S 10771,738 12215,035 12476,03 14917,214 10099,3 1186,3403
1,9670002 B 3437,4102 20845,463 11958,285 17332,613 19795,264 346,0801 S 10771,738 12215,035 12476,03 14917,214 10099,3 1186,3403
1,9669997 B 3437,4102 20845,463 11958,285 17332,613 19795,264 346,0801 S 10771,738 12215,035 12476,03 14917,214 10099,3 1186,3403
1,9670001 B 3437,4102 20845,463 11958,285 17332,613 19795,264 346,0801 S 10771,738 12215,035 12476,03 14917,214 10099,3 1186,3403
1,9669997 B 3437,4102 20845,463 11958,285 17332,613 19795,264 346,0801 S 10771,738 12215,035 12476,03 14917,214 10099,3 1186,3403
1,9669997 B 3437,4102 20845,463 11958,285 17332,613 19795,264 346,0801 S 10771,738 12215,035 12476,03 14917,214 10099,3 1186,3403
1,9669999 B 3437,4102 20845,463 11958,285 17332,613 19795,264 346,0801 S 10771,738 12215,035 12476,03 14917,214 10099,3 1186,3403
1,9669998 B 3437,4102 20845,463 11958,285 17332,613 19795,264 346,0801 S 10771,738 12215,035 12476,03 14917,214 10099,3 1186,3403
1,9670005 B 3437,4102 20845,463 11958,285 17332,613 19795,264 346,0801 S 10771,738 12215,035 12476,03 14917,214 10099,3 1186,3403
1,9670006 B 3437,4102 20845,463 11958,285 17332,613 19795,264 346,0801 S 10771,738 12215,035 12476,03 14917,214 10099,3 1186,3403
1,9669999 B 3437,4102 20845,463 11958,285 17332,613 19795,264 346,0801 S 10771,738 12215,035 12476,03 14917,214 10099,3 1186,3403
1,9669997 B 3437,4102 20845,463 11958,285 17332,613 19795,264 346,0801 S 10771,738 12215,035 12476,03 14917,214 10099,3 1186,3403
1,9670002 B 3437,4102 20845,463 11958,285 17332,613 19795,264 346,0801 S 10771,738 12215,035 12476,03 14917,214 10099,3 1186,3403
1,9670001 B 3437,4102 20845,463 11958,285 17332,613 19795,264 346,0801 S 10771,738 12215,035 12476,03 14917,214 10099,3 1186,3403
1,9669998 B 3437,4102 20845,463 11958,285 17332,613 19795,264 346,0801 S 10771,738 12215,035 12476,03 14917,214 10099,3 1186,3403
1,9670001 B 3437,4102 20845,463 11958,285 17332,613 19795,264 346,0801 S 10771,738 12215,035 12476,03 14917,214 10099,3 1186,3403
1,9670002 B 3437,4102 20845,463 11958,285 17332,613 19795,264 346,0801 S 10771,738 12215,035 12476,03 14917,214 10099,3 1186,3403
1,9669992 B 3437,4102 20845,463 11958,285 17332,613 19795,264 346,0801 S 10771,738 12215,035 12476,03 14917,214 10099,3 1186,3403
1,9670001 B 3437,4102 20845,463 11958,285 17332,613 19795,264 346,0801 S 10771,738 12215,035 12476,03 14917,214 10099,3 1186,3403
1,9670002 B 3437,4102 20845,463 11958,285 17332,613 19795,264 346,0801 S 10771,738 12215,035 12476,03 14917,214 10099,3 1186,3403
1,9670001 B 3437,4102 20845,463 11958,285 17332,613 19795,264 346,0801 S 10771,738 12215,035 12476,03 14917,214 10099,3 1186,3403
1,9669997 B 3437,4102 20845,463 11958,285 17332,613 19795,264 346,0801 S 10771,738 12215,035 12476,03 14917,214 10099,3 1186,3403
1,9669998 B 3437,4102 20845,463 11958,285 17332,613 19795,264 346,0801 S 10771,738 12215,035 12476,03 14917,214 10099,3 1186,3403
1,9670001 B 3437,4102 20845,463 11958,285 17332,613 19795,264 346,0801 S 10771,738 12215,035 12476,03 14917,214 10099,3 1186,3403
1,9669999 B 3437,4102 20845,463 11958,285 17332,613 19795,264 346,0801 S 10771,738 12215,035 12476,03 14917,214 10099,3 1186,3403
1,9670001 B 3437,4102 20845,463 11958,285 17332,613 19795,264 346,0801 S 10771,738 12215,035 12476,03 14917,214 10099,3 1186,3403
1,9669998 B 3437,4102 20845,463 11958,285 17332,613 19795,264 346,0801 S 10771,738 12215,035 12476,03 14917,214 10099,3 1186,3403
1,9670002 B 3437,4102 20845,463 11958,285 17332,613 19795,264 346,0801 S 10771,738 12215,035 12476,03 14917,214 10099,3 1186,3403
1,9673511 B 3437,4102 20845,463 11958,285 17332,613 19795,264 346,0801 S 10771,738 12215,035 12476,03 14917,214 10099,3 1186,3403
1,968 B 3437,4102 20845,463 11958,285 17332,613 19795,264 346,0801 S 10771,738 12215,035 12476,03 14917,214 10099,3 1186,3403
1,9686563 B 3437,4102 20845,463 11958,285 17332,613 19795,264 346,0801 S 10771,738 12215,035 12476,03 14917,214 10099,3 1186,3403
1,969 B 3437,4102 20845,463 11958,285 17332,613 19795,264 346,0801 S 10771,738 12215,035 12476,03 14917,214 10099,3 1186,3403
1,9689995 B 3437,4102 20845,463 11958,285 17332,613 19795,264 346,0801 S 10771,738 12215,035 12476,03 14917,214 10099,3 1186,3403
1,9690007 B 3437,4102 20845,463 11958,285 17332,613 19795,264 346,0801 S 10771,738 12215,035 12476,03 14917,214 10099,3 1186,3403
1,9690013 B 3437,4102 20845,463 11958,285 17332,613 19795,264 346,0801 S 10771,738 12215,035 12476,03 14917,214 10099,3 1186,3403
1,9690002 B 3437,4102 20845,463 11958,285 17332,613 19795,264 346,0801 S 10771,738 12215,035 12476,03 14917,214 10099,3 1186,3403
1,9690005 B 3437,4102 20845,463 11958,285 17332,613 19795,264 346,0801 S 10771,738 12215,035 12476,03 14917,214 10099,3 1186,3403
1,9689997 B 3437,4102 20845,463 11958,285 17332,613 19795,264 346,0801 S 10771,738 12215,035 12476,03 14917,214 10099,3 1186,3403
1,9689996 B 3437,4102 20845,463 11958,285 17332,613 19795,264 346,0801 S 10771,738 12215,035 12476,03 14917,214 10099,3 1186,3403
1,9690002 B 3437,4102 20845,463 11958,285 17332,613 19795,264 346,0801 S 10771,738 12215,035 12476,03 14917,214 10099,3 1186,3403
1,969 B 3437,4102 20845,463 11958,285 17332,613 19795,264 346,0801 S 10771,738 12215,035 12476,03 14917,214 10099,3 1186,3403
1,9689997 B 3437,4102 20845,463 11958,285 17332,613 19795,264 346,0801 S 10771,738 12215,035 12476,03 14917,214 10099,3 1186,3403
1,9690001 B 3437,4102 20845,463 11958,285 17332,613 19795,264 346,0801 S 10771,738 12215,035 12476,03 14917,214 10099,3 1186,3403
1,9690003 B 3437,4102 20845,463 11958,285 17332,613 19795,264 346,0801 S 10771,738 12215,035 12476,03 14917,214 10099,3 1186,3403
1,969 B 3437,4102 20845,463 11958,285 17332,613 19795,264 346,0801 S 10771,738 12215,035 12476,03 14917,214 10099,3 1186,3403
1,9689995 B 3437,4102 20845,463 11958,285 17332,613 19795,264 346,0801 S 10771,738 12215,035 12476,03 14917,214 10099,3 1186,3403
1,9690001 B 3437,4102 20845,463 11958,285 17332,613 19795,264 346,0801 S 10771,738 12215,035 12476,03 14917,214 10099,3 1186,3403
1,9690003 B 3437,4102 20845,463 11958,285 17332,613 19795,264 346,0801 S 10771,738 12215,035 12476,03 14917,214 10099,3 1186,3403
1,9690005 B 3437,4102 20845,463 11958,285 17332,613 19795,264 346,0801 S 10771,738 12215,035 12476,03 14917,214 10099,3 1186,3403
1,9690002 B 3437,4102 20845,463 11958,285 17332,613 19795,264 346,0801 S 10771,738 12215,035 12476,03 14917,214 10099,3 1186,3403
1,9690003 B 3437,4102 20845,463 11958,285 17332,613 19795,264 346,0801 S 10771,738 12215,035 12476,03 14917,214 10099,3 1186,3403
1,9689997 B 3437,4102 20845,463 11958,285 17332,613 19795,264 346,0801 S 10771,738 12215,035 12476,03 14917,214 10099,3 1186,3403
1,9690002 B 3437,4102 20845,463 11958,285 17332,613 19795,264 346,0801 S 10771,738 12215,035 12476,03 14917,214 10099,3 1186,3403
1,9690003 B 3437,4102 20845,463 11958,285 17332,613 19795,264 346,0801 S 10771,738 12215,035 12476,03 14917,214 10099,3 1186,3403
1,9689997 B 3437,4102 20845,463 11958,285 17332,613 19795,264 346,0801 S 10771,738 12215,035 12476,03 14917,214 10099,3 1186,3403
1,9690001 B 3437,4102 20845,463 11958,285 17332,613 19795,264 346,0801 S 10771,738 12215,035 12476,03 14917,214 10099,3 1186,3403
1,9689997 B 3437,4102 20845,463 11958,285 17332,613 19795,264 346,0801 S 10771,738 12215,035 12476,03 14917,214 10099,3 1186,3403
1,9690001 B 3437,4102 20845,463 11958,285 17332,613 19795,264 346,0801 S 10771,738 12215,035 12476,03 14917,214 10099,3 1186,3403
1,9690005 B 3437,4102 20845,463 11958,285 17332,613 19795,264 346,0801 S 10771,738 12215,035 12476,03 14917,214 10099,3 1186,3403
1,9689999 B 3437,4102 20845,463 11958,285 17332,613 19795,264 346,0801 S 10771,738 12215,035 12476,03 14917,214 10099,3 1186,3403
1,9690002 B 3437,4102 20845,463 11958,285 17332,613 19795,264 346,0801 S 10771,738 12215,035 12476,03 14917,214 10099,3 1186,3403
1,9689999 B 3437,4102 20845,463 11958,285 17332,613 19795,264 346,0801 S 10771,738 12215,035 12476,03 14917,214 10099,3 1186,3403
1,9689996 B 3437,4102 20845,463 11958,285 17332,613 19795,264 346,0801 S 10771,738 12215,035 12476,03 14917,214 10099,3 1186,3403
1,9690009 B 3437,4102 20845,463 11958,285 17332,613 19795,264 346,0801 S 10771,738 12215,035 12476,03 14917,214 10099,3 1186,3403
1,9690001 B 3437,4102 20845,463 11958,285 17332,613 19795,264 346,0801 S 10771,738 12215,035 12476,03 14917,214 10099,3 1186,3403
1,9689996 B 3437,4102 20845,463 11958,285 17332,613 19795,264 346,0801 S 10771,738 12215,035 12476,03 14917,214 10099,3 1186,3403
1,9690001 B 3437,4102 20845,463 11958,285 17332,613 19795,264 346,0801 S 10771,738 12215,035 12476,03 14917,214 10099,3 1186,3403
1,9690003 B 3437,4102 20845,463 11958,285 17332,613 19795,264 346,0801 S 10771,738 12215,035 12476,03 14917,214 10099,3 1186,3403
1,9690006 B 3437,4102 20845,463 11958,285 17332,613 19795,264 346,0801 S 10771,738 12215,035 12476,03 14917,214 10099,3 1186,3403
1,969 B 3437,4102 20845,463 11958,285 17332,613 19795,264 346,0801 S 10771,738 12215,035 12476,03 14917,214 10099,3 1186,3403
1,9690009 B 3437,4102 20845,463 11958,285 17332,613 19795,264 346,0801 S 10771,738 12215,035 12476,03 14917,214 10099,3 1186,3403
1,9690006 B 3437,4102 20845,463 11958,285 17332,613 19795,264 346,0801 S 10771,738 12215,035 12476,03 14917,214 10099,3 1186,3403
1,9689997 B 3437,4102 20845,463 11958,285 17332,613 19795,264 346,0801 S 10771,738 12215,035 12476,03 14917,214 10099,3 1186,3403
1,9690001 B 3437,4102 20845,463 11958,285 17332,613 19795,264 346,0801 S 10771,738 12215,035 12476,03 14917,214 10099,3 1186,3403
1,9689782 B 3437,4102 20845,463 11958,285 17332,613 19795,264 346,0801 S 10771,738 12215,035 12476,03 14917,214 10099,3 1186,3403
1,9670001 B 3437,4102 20845,463 11958,285 17332,613 19795,264 346,0801 S 10771,738 12215,035 12476,03 14917,214 10099,3 1186,3403
1,9670002 B 3437,4102 20845,463 11958,285 17332,613 19795,264 346,0801 S 10771,738 12215,035 12476,03 14917,214 10099,3 1186,3403
1,9669995 B 3437,4102 20845,463 11958,285 17332,613 19795,264 346,0801 S 10771,738 12215,035 12476,03 14917,214 10099,3 1186,3403
1,9670002 B 3437,4102 20845,463 11958,285 17332,613 19795,264 346,0801 S 10771,738 12215,035 12476,03 14917,214 10099,3 1186,3403
1,9669999 B 3437,4102 20845,463 11958,285 17332,613 19795,264 346,0801 S 10771,738 12215,035 12476,03 14917,214 10099,3 1186,3403
1,9670004 B 3437,4102 20845,463 11958,285 17332,613 19795,264 346,0801 S 10771,738 12215,035 12476,03 14917,214 10099,3 1186,3403
1,9669995 B 3437,4102 20845,463 11958,285 17332,613 19795,264 346,0801 S 10771,738 12215,035 12476,03 14917,214 10099,3 1186,3403
1,9678092 B 3437,4102 20845,463 11958,285 17332,613 19795,264 346,0801 S 10771,738 12215,035 12476,03 14917,214 10099,3 1186,3403
1,9680003 B 3437,4102 20845,463 11958,285 17332,613 19795,264 346,0801 S 10771,738 12215,035 12476,03 14917,214 10099,3 1186,3403
1,9679996 B 3437,4102 20845,463 11958,285 17332,613 19795,264 346,0801 S 10771,738 12215,035 12476,03 14917,214 10099,3 1186,3403
1,9679999 B 3437,4102 20845,463 11958,285 17332,613 19795,264 346,0801 S 10771,738 12215,035 12476,03 14917,214 10099,3 1186,3403
1,9680004 B 3437,4102 20845,463 11958,285 17332,613 19795,264 346,0801 S 10771,738 12215,035 12476,03 14917,214 10099,3 1186,3403
1,9679997 B 3437,4102 20845,463 11958,285 17332,613 19795,264 346,0801 S 10771,738 12215,035 12476,03 14917,214 10099,3 1186,3403
1,9679999 B 3437,4102 20845,463 11958,285 17332,613 19795,264 346,0801 S 10771,738 12215,035 12476,03 14917,214 10099,3 1186,3403
1,9679998 B 3437,4102 20845,463 11958,285 17332,613 19795,264 346,0801 S 10771,738 12215,035 12476,03 14917,214 10099,3 1186,3403
1,9680002 B 3437,4102 20845,463 11958,285 17332,613 19795,264 346,0801 S 10771,738 12215,035 12476,03 14917,214 10099,3 1186,3403
1,9679998 B 3437,4102 20845,463 11958,285 17332,613 19795,264 346,0801 S 10771,738 12215,035 12476,03 14917,214 10099,3 1186,3403
1,9680005 B 3437,4102 20845,463 11958,285 17332,613 19795,264 346,0801 S 10771,738 12215,035 12476,03 14917,214 10099,3 1186,3403
1,9679996 B 3437,4102 20845,463 11958,285 17332,613 19795,264 346,0801 S 10771,738 12215,035 12476,03 14917,214 10099,3 1186,3403
1,9680003 B 3437,4102 20845,463 11958,285 17332,613 19795,264 346,0801 S 10771,738 12215,035 12476,03 14917,214 10099,3 1186,3403
1,9679999 B 3437,4102 20845,463 11958,285 17332,613 19795,264 346,0801 S 10771,738 12215,035 12476,03 14917,214 10099,3 1186,3403
1,968 B 3437,4102 20845,463 11958,285 17332,613 19795,264 346,0801 S 10771,738 12215,035 12476,03 14917,214 10099,3 1186,3403
1,9680007 B 3437,4102 20845,463 11958,285 17332,613 19795,264 346,0801 S 10771,738 12215,035 12476,03 14917,214 10099,3 1186,3403
1,968 B 3437,4102 20845,463 11958,285 17332,613 19795,264 346,0801 S 10771,738 12215,035 12476,03 14917,214 10099,3 1186,3403
1,9679997 B 3437,4102 20845,463 11958,285 17332,613 19795,264 346,0801 S 10771,738 12215,035 12476,03 14917,214 10099,3 1186,3403
1,9679996 B 3437,4102 20845,463 11958,285 17332,613 19795,264 346,0801 S 10771,738 12215,035 12476,03 14917,214 10099,3 1186,3403
1,9680004 B 3437,4102 20845,463 11958,285 17332,613 19795,264 346,0801 S 10771,738 12215,035 12476,03 14917,214 10099,3 1186,3403
1,9680003 B 3437,4102 20845,463 11958,285 17332,613 19795,264 346,0801 S 10771,738 12215,035 12476,03 14917,214 10099,3 1186,3403
1,9679997 B 3437,4102 20845,463 11958,285 17332,613 19795,264 346,0801 S 10771,738 12215,035 12476,03 14917,214 10099,3 1186,3403
1,968 B 3437,4102 20845,463 11958,285 17332,613 19795,264 346,0801 S 10771,738 12215,035 12476,03 14917,214 10099,3 1186,3403
1,9679999 B 3437,4102 20845,463 11958,285 17332,613 19795,264 346,0801 S 10771,738 12215,035 12476,03 14917,214 10099,3 1186,3403
1,9676746 B 3437,4102 20845,463 11958,285 17332,613 19795,264 346,0801 S 10771,738 12215,035 12476,03 14917,214 10099,3 1186,3403
1,9669998 B 3437,4102 20845,463 11958,285 17332,613 19795,264 346,0801 S 10771,738 12215,035 12476,03 14917,214 10099,3 1186,3403
1,9670001 B 3437,4102 20845,463 11958,285 17332,613 19795,264 346,0801 S 10771,738 12215,035 12476,03 14917,214 10099,3 1186,3403
1,9669998 B 3437,4102 20845,463 11958,285 17332,613 19795,264 346,0801 S 10771,738 12215,035 12476,03 14917,214 10099,3 1186,3403
1,9670005 B 3437,4102 20845,463 11958,285 17332,613 19795,264 346,0801 S 10771,738 12215,035 12476,03 14917,214 10099,3 1186,3403
1,9670001 B 3437,4102 20845,463 11958,285 17332,613 19795,264 346,0801 S 10771,738 12215,035 12476,03 14917,214 10099,3 1186,3403
1,968528 B 3437,4102 20845,463 11958,285 17332,613 19795,264 346,0801 S 10771,738 12215,035 12476,03 14917,214 10099,3 1186,3403
1,9689997 B 3437,4102 20845,463 11958,285 17332,613 19795,264 346,0801 S 10771,738 12215,035 12476,03 14917,214 10099,3 1186,3403
1,9690001 B 3437,4102 20845,463 11958,285 17332,613 19795,264 346,0801 S 10771,738 12215,035 12476,03 14917,214 10099,3 1186,3403
1,9690002 B 3437,4102 20845,463 11958,285 17332,613 19795,264 346,0801 S 10771,738 12215,035 12476,03 14917,214 10099,3 1186,3403
1,9690006 B 3437,4102 20845,463 11958,285 17332,613 19795,264 346,0801 S 10771,738 12215,035 12476,03 14917,214 10099,3 1186,3403
1,9690002 B 3437,4102 20845,463 11958,285 17332,613 19795,264 346,0801 S 10771,738 12215,035 12476,03 14917,214 10099,3 1186,3403
1,9690001 B 3437,4102 20845,463 11958,285 17332,613 19795,264 346,0801 S 10771,738 12215,035 12476,03 14917,214 10099,3 1186,3403
1,969 B 3437,4102 20845,463 11958,285 17332,613 19795,264 346,0801 S 10771,738 12215,035 12476,03 14917,214 10099,3 1186,3403
1,9690006 B 3437,4102 20845,463 11958,285 17332,613 19795,264 346,0801 S 10771,738 12215,035 12476,03 14917,214 10099,3 1186,3403
1,9690001 B 3437,4102 20845,463 11958,285 17332,613 19795,264 346,0801 S 10771,738 12215,035 12476,03 14917,214 10099,3 1186,3403
1,9689999 B 3437,4102 20845,463 11958,285 17332,613 19795,264 346,0801 S 10771,738 12215,035 12476,03 14917,214 10099,3 1186,3403
1,969 B 3437,4102 20845,463 11958,285 17332,613 19795,264 346,0801 S 10771,738 12215,035 12476,03 14917,214 10099,3 1186,3403
1,9689996 B 3437,4102 20845,463 11958,285 17332,613 19795,264 346,0801 S 10771,738 12215,035 12476,03 14917,214 10099,3 1186,3403
1,9690002 B 3437,4102 20845,463 11958,285 17332,613 19795,264 346,0801 S 10771,738 12215,035 12476,03 14917,214 10099,3 1186,3403
1,9694308 B 3437,4102 20845,463 11958,285 17332,613 19795,264 346,0801 S 10771,738 12215,035 12476,03 14917,214 10099,3 1186,3403
1,9720004 B 3437,4102 20845,463 11958,285 17332,613 19795,264 346,0801 S 10771,738 12215,035 12476,03 14917,214 10099,3 1186,3403
1,9719994 B 3437,4102 20845,463 11958,285 17332,613 19795,264 346,0801 S 10771,738 12215,035 12476,03 14917,214 10099,3 1186,3403
1,9719996 B 3437,4102 20845,463 11958,285 17332,613 19795,264 346,0801 S 10771,738 12215,035 12476,03 14917,214 10099,3 1186,3403
1,972 B 3437,4102 20845,463 11958,285 17332,613 19795,264 346,0801 S 10771,738 12215,035 12476,03 14917,214 10099,3 1186,3403
1,9719999 B 3437,4102 20845,463 11958,285 17332,613 19795,264 346,0801 S 10771,738 12215,035 12476,03 14917,214 10099,3 1186,3403
1,9719994 B 3437,4102 20845,463 11958,285 17332,613 19795,264 346,0801 S 10771,738 12215,035 12476,03 14917,214 10099,3 1186,3403
1,9719994 B 3437,4102 20845,463 11958,285 17332,613 19795,264 346,0801 S 10771,738 12215,035 12476,03 14917,214 10099,3 1186,3403
1,972 B 3437,4102 20845,463 11958,285 17332,613 19795,264 346,0801 S 10771,738 12215,035 12476,03 14917,214 10099,3 1186,3403
1,972 B 3437,4102 20845,463 11958,285 17332,613 19795,264 346,0801 S 10771,738 12215,035 12476,03 14917,214 10099,3 1186,3403
1,9719996 B 3437,4102 20845,463 11958,285 17332,613 19795,264 346,0801 S 10771,738 12215,035 12476,03 14917,214 10099,3 1186,3403
1,972 B 3437,4102 20845,463 11958,285 17332,613 19795,264 346,0801 S 10771,738 12215,035 12476,03 14917,214 10099,3 1186,3403
1,9720002 B 3437,4102 20845,463 11958,285 17332,613 19795,264 346,0801 S 10771,738 12215,035 12476,03 14917,214 10099,3 1186,3403
1,9719996 B 3437,4102 20845,463 11958,285 17332,613 19795,264 346,0801 S 10771,738 12215,035 12476,03 14917,214 10099,3 1186,3403
1,9719998 B 3437,4102 20845,463 11958,285 17332,613 19795,264 346,0801 S 10771,738 12215,035 12476,03 14917,214 10099,3 1186,3403
1,9719998 B 3437,4102 20845,463 11958,285 17332,613 19795,264 346,0801 S 10771,738 12215,035 12476,03 14917,214 10099,3 1186,3403
1,9712688 B 3437,4102 20845,463 11958,285 17332,613 19795,264 346,0801 S 10771,738 12215,035 12476,03 14917,214 10099,3 1186,3403
1,9710001 B 3437,4102 20845,463 11958,285 17332,613 19795,264 346,0801 S 10771,738 12215,035 12476,03 14917,214 10099,3 1186,3403
1,9709995 B 3437,4102 20845,463 11958,285 17332,613 19795,264 346,0801 S 10771,738 12215,035 12476,03 14917,214 10099,3 1186,3403
1,9716303 B 3437,4102 20845,463 11958,285 17332,613 19795,264 346,0801 S 10771,738 12215,035 12476,03 14917,214 10099,3 1186,3403
1,9719999 B 3437,4102 20845,463 11958,285 17332,613 19795,264 346,0801 S 10771,738 12215,035 12476,03 14917,214 10099,3 1186,3403
1,9719999 B 3437,4102 20845,463 11958,285 17332,613 19795,264 346,0801 S 10771,738 12215,035 12476,03 14917,214 10099,3 1186,3403
1,9719999 B 3437,4102 20845,463 11958,285 17332,613 19795,264 346,0801 S 10771,738 12215,035 12476,03 14917,214 10099,3 1186,3403
1,9719996 B 3437,4102 20845,463 11958,285 17332,613 19795,264 346,0801 S 10771,738 12215,035 12476,03 14917,214 10099,3 1186,3403
1,972 B 3437,4102 20845,463 11958,285 17332,613 19795,264 346,0801 S 10771,738 12215,035 12476,03 14917,214 10099,3 1186,3403
1,9720002 B 3437,4102 20845,463 11958,285 17332,613 19795,264 346,0801 S 10771,738 12215,035 12476,03 14917,214 10099,3 1186,3403
1,9720004 B 3437,4102 20845,463 11958,285 17332,613 19795,264 346,0801 S 10771,738 12215,035 12476,03 14917,214 10099,3 1186,3403
1,9718634 B 3437,4102 20845,463 11958,285 17332,613 19795,264 346,0801 S 10771,738 12215,035 12476,03 14917,214 10099,3 1186,3403
1,9700001 B 3437,4102 20845,463 11958,285 17332,613 19795,264 346,0801 S 10771,738 12215,035 12476,03 14917,214 10099,3 1186,3403
