1,9782054
1,9830003 B 1330,6204 14003,272 8251,448 7673,5605 18363,072 2544,4304 S 10533,175 10762,281 15669,891 3143,6633 10981,058 8077,38
1,9830002 B 1330,6204 14003,272 8251,448 7673,5605 18363,072 2544,4304 S 10533,175 10762,281 15669,891 3143,6633 10981,058 8077,38
1,9830002 B 1330,6204 14003,272 8251,448 7673,5605 18363,072 2544,4304 S 10533,175 10762,281 15669,891 3143,6633 10981,058 8077,38
1,9830002 B 1330,6204 14003,272 8251,448 7673,5605 18363,072 2544,4304 S 10533,175 10762,281 15669,891 3143,6633 10981,058 8077,38
1,9830005 B 1330,6204 14003,272 8251,448 7673,5605 18363,072 2544,4304 S 10533,175 10762,281 15669,891 3143,6633 10981,058 8077,38
1,9830005 B 1330,6204 14003,272 8251,448 7673,5605 18363,072 2544,4304 S 10533,175 10762,281 15669,891 3143,6633 10981,058 8077,38
1,983 B 1330,6204 14003,272 8251,448 7673,5605 18363,072 2544,4304 S 10533,175 10762,281 15669,891 3143,6633 10981,058 8077,38
1,9830005 B 1330,6204 14003,272 8251,448 7673,5605 18363,072 2544,4304 S 10533,175 10762,281 15669,891 3143,6633 10981,058 8077,38
1,983 B 1330,6204 14003,272 8251,448 7673,5605 18363,072 2544,4304 S 10533,175 10762,281 15669,891 3143,6633 10981,058 8077,38
1,9817863 B 1330,6204 14003,272 8251,448 7673,5605 18363,072 2544,4304 S 10533,175 10762,281 15669,891 3143,6633 10981,058 8077,38
1,9799999 B 1330,6204 14003,272 8251,448 7673,5605 18363,072 2544,4304 S 10533,175 10762,281 15669,891 3143,6633 10981,058 8077,38
1,9799998 B 1330,6204 14003,272 8251,448 7673,5605 18363,072 2544,4304 S 10533,175 10762,281 15669,891 3143,6633 10981,058 8077,38
1,9800003 B 1330,6204 14003,272 8251,448 7673,5605 18363,072 2544,4304 S 10533,175 10762,281 15669,891 3143,6633 10981,058 8077,38
1,98 B 1330,6204 14003,272 8251,448 7673,5605 18363,072 2544,4304 S 10533,175 10762,281 15669,891 3143,6633 10981,058 8077,38
1,9799997 B 1330,6204 14003,272 8251,448 7673,5605 18363,072 2544,4304 S 10533,175 10762,281 15669,891 3143,6633 10981,058 8077,38
1,98 B 1330,6204 14003,272 8251,448 7673,5605 18363,072 2544,4304 S 10533,175 10762,281 15669,891 3143,6633 10981,058 8077,38
1,9800001 B 1330,6204 14003,272 8251,448 7673,5605 18363,072 2544,4304 S 10533,175 10762,281 15669,891 3143,6633 10981,058 8077,38
1,9800001 B 1330,6204 14003,272 8251,448 7673,5605 18363,072 2544,4304 S 10533,175 10762,281 15669,891 3143,6633 10981,058 8077,38
1,9800001 B 1330,6204 14003,272 8251,448 7673,5605 18363,072 2544,4304 S 10533,175 10762,281 15669,891 3143,6633 10981,058 8077,38
1,9799998 B 1330,6204 14003,272 8251,448 7673,5605 18363,072 2544,4304 S 10533,175 10762,281 15669,891 3143,6633 10981,058 8077,38
1,98 B 1330,6204 14003,272 8251,448 7673,5605 18363,072 2544,4304 S 10533,175 10762,281 15669,891 3143,6633 10981,058 8077,38
1,9799999 B 1330,6204 14003,272 8251,448 7673,5605 18363,072 2544,4304 S 10533,175 10762,281 15669,891 3143,6633 10981,058 8077,38
1,9799998 B 1330,6204 14003,272 8251,448 7673,5605 18363,072 2544,4304 S 10533,175 10762,281 15669,891 3143,6633 10981,058 8077,38
1,9800001 B 1330,6204 14003,272 8251,448 7673,5605 18363,072 2544,4304 S 10533,175 10762,281 15669,891 3143,6633 10981,058 8077,38
1,9800009 B 1330,6204 14003,272 8251,448 7673,5605 18363,072 2544,4304 S 10533,175 10762,281 15669,891 3143,6633 10981,058 8077,38
1,9800004 B 1330,6204 14003,272 8251,448 7673,5605 18363,072 2544,4304 S 10533,175 10762,281 15669,891 3143,6633 10981,058 8077,38
1,9800007 B 1330,6204 14003,272 8251,448 7673,5605 18363,072 2544,4304 S 10533,175 10762,281 15669,891 3143,6633 10981,058 8077,38
1,9800001 B 1330,6204 14003,272 8251,448 7673,5605 18363,072 2544,4304 S 10533,175 10762,281 15669,891 3143,6633 10981,058 8077,38
1,9800001 B 1330,6204 14003,272 8251,448 7673,5605 18363,072 2544,4304 S 10533,175 10762,281 15669,891 3143,6633 10981,058 8077,38
1,9795105 B 1330,6204 14003,272 8251,448 7673,5605 18363,072 2544,4304 S 10533,175 10762,281 15669,891 3143,6633 10981,058 8077,38
1,9790006 B 1330,6204 14003,272 8251,448 7673,5605 18363,072 2544,4304 S 10533,175 10762,281 15669,891 3143,6633 10981,058 8077,38
1,9789997 B 1330,6204 14003,272 8251,448 7673,5605 18363,072 2544,4304 S 10533,175 10762,281 15669,891 3143,6633 10981,058 8077,38
1,9786892 B 1330,6204 14003,272 8251,448 7673,5605 18363,072 2544,4304 S 10533,175 10762,281 15669,891 3143,6633 10981,058 8077,38
1,9780002 B 1330,6204 14003,272 8251,448 7673,5605 18363,072 2544,4304 S 10533,175 10762,281 15669,891 3143,6633 10981,058 8077,38
1,9779998 B 1330,6204 14003,272 8251,448 7673,5605 18363,072 2544,4304 S 10533,175 10762,281 15669,891 3143,6633 10981,058 8077,38
1,9779998 B 1330,6204 14003,272 8251,448 7673,5605 18363,072 2544,4304 S 10533,175 10762,281 15669,891 3143,6633 10981,058 8077,38
1,9780003 B 1330,6204 14003,272 8251,448 7673,5605 18363,072 2544,4304 S 10533,175 10762,281 15669,891 3143,6633 10981,058 8077,38
1,9780003 B 1330,6204 14003,272 8251,448 7673,5605 18363,072 2544,4304 S 10533,175 10762,281 15669,891 3143,6633 10981,058 8077,38
1,9777673 B 1330,6204 14003,272 8251,448 7673,5605 18363,072 2544,4304 S 10533,175 10762,281 15669,891 3143,6633 10981,058 8077,38
1,9769995 B 1330,6204 14003,272 8251,448 7673,5605 18363,072 2544,4304 S 10533,175 10762,281 15669,891 3143,6633 10981,058 8077,38
1,9770005 B 1330,6204 14003,272 8251,448 7673,5605 18363,072 2544,4304 S 10533,175 10762,281 15669,891 3143,6633 10981,058 8077,38
1,9769998 B 1330,6204 14003,272 8251,448 7673,5605 18363,072 2544,4304 S 10533,175 10762,281 15669,891 3143,6633 10981,058 8077,38
1,9770004 B 1330,6204 14003,272 8251,448 7673,5605 18363,072 2544,4304 S 10533,175 10762,281 15669,891 3143,6633 10981,058 8077,38
1,9765582 B 1330,6204 14003,272 8251,448 7673,5605 18363,072 2544,4304 S 10533,175 10762,281 15669,891 3143,6633 10981,058 8077,38
1,9760002 B 1330,6204 14003,272 8251,448 7673,5605 18363,072 2544,4304 S 10533,175 10762,281 15669,891 3143,6633 10981,058 8077,38
1,9760003 B 1330,6204 14003,272 8251,448 7673,5605 18363,072 2544,4304 S 10533,175 10762,281 15669,891 3143,6633 10981,058 8077,38
1,9760013 B 1330,6204 14003,272 8251,448 7673,5605 18363,072 2544,4304 S 10533,175 10762,281 15669,891 3143,6633 10981,058 8077,38
1,9760007 B 1330,6204 14003,272 8251,448 7673,5605 18363,072 2544,4304 S 10533,175 10762,281 15669,891 3143,6633 10981,058 8077,38
1,9760001 B 1330,6204 14003,272 8251,448 7673,5605 18363,072 2544,4304 S 10533,175 10762,281 15669,891 3143,6633 10981,058 8077,38
1,9760004 B 1330,6204 14003,272 8251,448 7673,5605 18363,072 2544,4304 S 10533,175 10762,281 15669,891 3143,6633 10981,058 8077,38
1,9759996 B 1330,6204 14003,272 8251,448 7673,5605 18363,072 2544,4304 S 10533,175 10762,281 15669,891 3143,6633 10981,058 8077,38
1,9760001 B 1330,6204 14003,272 8251,448 7673,5605 18363,072 2544,4304 S 10533,175 10762,281 15669,891 3143,6633 10981,058 8077,38
1,9760009 B 1330,6204 14003,272 8251,448 7673,5605 18363,072 2544,4304 S 10533,175 10762,281 15669,891 3143,6633 10981,058 8077,38
1,9760007 B 1330,6204 14003,272 8251,448 7673,5605 18363,072 2544,4304 S 10533,175 10762,281 15669,891 3143,6633 10981,058 8077,38
1,9760003 B 1330,6204 14003,272 8251,448 7673,5605 18363,072 2544,4304 S 10533,175 10762,281 15669,891 3143,6633 10981,058 8077,38
1,9760002 B 1330,6204 14003,272 8251,448 7673,5605 18363,072 2544,4304 S 10533,175 10762,281 15669,891 3143,6633 10981,058 8077,38
1,9760004 B 1330,6204 14003,272 8251,448 7673,5605 18363,072 2544,4304 S 10533,175 10762,281 15669,891 3143,6633 10981,058 8077,38
1,9760002 B 1330,6204 14003,272 8251,448 7673,5605 18363,072 2544,4304 S 10533,175 10762,281 15669,891 3143,6633 10981,058 8077,38
1,9760001 B 1330,6204 14003,272 8251,448 7673,5605 18363,072 2544,4304 S 10533,175 10762,281 15669,891 3143,6633 10981,058 8077,38
1,9760007 B 1330,6204 14003,272 8251,448 7673,5605 18363,072 2544,4304 S 10533,175 10762,281 15669,891 3143,6633 10981,058 8077,38
1,9760001 B 1330,6204 14003,272 8251,448 7673,5605 18363,072 2544,4304 S 10533,175 10762,281 15669,891 3143,6633 10981,058 8077,38
1,9760002 B 1330,6204 14003,272 8251,448 7673,5605 18363,072 2544,4304 S 10533,175 10762,281 15669,891 3143,6633 10981,058 8077,38
1,9760014 B 1330,6204 14003,272 8251,448 7673,5605 18363,072 2544,4304 S 10533,175 10762,281 15669,891 3143,6633 10981,058 8077,38
1,9760001 B 1330,6204 14003,272 8251,448 7673,5605 18363,072 2544,4304 S 10533,175 10762,281 15669,891 3143,6633 10981,058 8077,38
1,9760002 B 1330,6204 14003,272 8251,448 7673,5605 18363,072 2544,4304 S 10533,175 10762,281 15669,891 3143,6633 10981,058 8077,38
1,976 B 1330,6204 14003,272 8251,448 7673,5605 18363,072 2544,4304 S 10533,175 10762,281 15669,891 3143,6633 10981,058 8077,38
1,9759997 B 1330,6204 14003,272 8251,448 7673,5605 18363,072 2544,4304 S 10533,175 10762,281 15669,891 3143,6633 10981,058 8077,38
1,9760007 B 1330,6204 14003,272 8251,448 7673,5605 18363,072 2544,4304 S 10533,175 10762,281 15669,891 3143,6633 10981,058 8077,38
1,9760002 B 1330,6204 14003,272 8251,448 7673,5605 18363,072 2544,4304 S 10533,175 10762,281 15669,891 3143,6633 10981,058 8077,38
1,9760004 B 1330,6204 14003,272 8251,448 7673,5605 18363,072 2544,4304 S 10533,175 10762,281 15669,891 3143,6633 10981,058 8077,38
1,9760001 B 1330,6204 14003,272 8251,448 7673,5605 18363,072 2544,4304 S 10533,175 10762,281 15669,891 3143,6633 10981,058 8077,38
1,9760004 B 1330,6204 14003,272 8251,448 7673,5605 18363,072 2544,4304 S 10533,175 10762,281 15669,891 3143,6633 10981,058 8077,38
1,9760011 B 1330,6204 14003,272 8251,448 7673,5605 18363,072 2544,4304 S 10533,175 10762,281 15669,891 3143,6633 10981,058 8077,38
1,9760004 B 1330,6204 14003,272 8251,448 7673,5605 18363,072 2544,4304 S 10533,175 10762,281 15669,891 3143,6633 10981,058 8077,38
1,9772094 B 1330,6204 14003,272 8251,448 7673,5605 18363,072 2544,4304 S 10533,175 10762,281 15669,891 3143,6633 10981,058 8077,38
1,978 B 1330,6204 14003,272 8251,448 7673,5605 18363,072 2544,4304 S 10533,175 10762,281 15669,891 3143,6633 10981,058 8077,38
1,9779999 B 1330,6204 14003,272 8251,448 7673,5605 18363,072 2544,4304 S 10533,175 10762,281 15669,891 3143,6633 10981,058 8077,38
1,978 B 1330,6204 14003,272 8251,448 7673,5605 18363,072 2544,4304 S 10533,175 10762,281 15669,891 3143,6633 10981,058 8077,38
1,9779999 B 1330,6204 14003,272 8251,448 7673,5605 18363,072 2544,4304 S 10533,175 10762,281 15669,891 3143,6633 10981,058 8077,38
1,9779999 B 1330,6204 14003,272 8251,448 7673,5605 18363,072 2544,4304 S 10533,175 10762,281 15669,891 3143,6633 10981,058 8077,38
1,9779074 B 1330,6204 14003,272 8251,448 7673,5605 18363,072 2544,4304 S 10533,175 10762,281 15669,891 3143,6633 10981,058 8077,38
1,9769306 B 1330,6204 14003,272 8251,448 7673,5605 18363,072 2544,4304 S 10533,175 10762,281 15669,891 3143,6633 10981,058 8077,38
1,9766753 B 1330,6204 14003,272 8251,448 7673,5605 18363,072 2544,4304 S 10533,175 10762,281 15669,891 3143,6633 10981,058 8077,38
1,9769998 B 1330,6204 14003,272 8251,448 7673,5605 18363,072 2544,4304 S 10533,175 10762,281 15669,891 3143,6633 10981,058 8077,38
1,9770004 B 1330,6204 14003,272 8251,448 7673,5605 18363,072 2544,4304 S 10533,175 10762,281 15669,891 3143,6633 10981,058 8077,38
1,9770007 B 1330,6204 14003,272 8251,448 7673,5605 18363,072 2544,4304 S 10533,175 10762,281 15669,891 3143,6633 10981,058 8077,38
1,9769998 B 1330,6204 14003,272 8251,448 7673,5605 18363,072 2544,4304 S 10533,175 10762,281 15669,891 3143,6633 10981,058 8077,38
1,9773856 B 1330,6204 14003,272 8251,448 7673,5605 18363,072 2544,4304 S 10533,175 10762,281 15669,891 3143,6633 10981,058 8077,38
1,9779999 B 1330,6204 14003,272 8251,448 7673,5605 18363,072 2544,4304 S 10533,175 10762,281 15669,891 3143,6633 10981,058 8077,38
1,9770789 B 1330,6204 14003,272 8251,448 7673,5605 18363,072 2544,4304 S 10533,175 10762,281 15669,891 3143,6633 10981,058 8077,38
1,977 B 1330,6204 14003,272 8251,448 7673,5605 18363,072 2544,4304 S 10533,175 10762,281 15669,891 3143,6633 10981,058 8077,38
1,9769999 B 1330,6204 14003,272 8251,448 7673,5605 18363,072 2544,4304 S 10533,175 10762,281 15669,891 3143,6633 10981,058 8077,38
1,977 B 1330,6204 14003,272 8251,448 7673,5605 18363,072 2544,4304 S 10533,175 10762,281 15669,891 3143,6633 10981,058 8077,38
1,9770001 B 1330,6204 14003,272 8251,448 7673,5605 18363,072 2544,4304 S 10533,175 10762,281 15669,891 3143,6633 10981,058 8077,38
1,977001 B 1330,6204 14003,272 8251,448 7673,5605 18363,072 2544,4304 S 10533,175 10762,281 15669,891 3143,6633 10981,058 8077,38
1,9770005 B 1330,6204 14003,272 8251,448 7673,5605 18363,072 2544,4304 S 10533,175 10762,281 15669,891 3143,6633 10981,058 8077,38
1,9770006 B 1330,6204 14003,272 8251,448 7673,5605 18363,072 2544,4304 S 10533,175 10762,281 15669,891 3143,6633 10981,058 8077,38
1,9769996 B 1330,6204 14003,272 8251,448 7673,5605 18363,072 2544,4304 S 10533,175 10762,281 15669,891 3143,6633 10981,058 8077,38
1,9766568 B 1330,6204 14003,272 8251,448 7673,5605 18363,072 2544,4304 S 10533,175 10762,281 15669,891 3143,6633 10981,058 8077,38
1,9760003 B 1330,6204 14003,272 8251,448 7673,5605 18363,072 2544,4304 S 10533,175 10762,281 15669,891 3143,6633 10981,058 8077,38
1,9760002 B 1330,6204 14003,272 8251,448 7673,5605 18363,072 2544,4304 S 10533,175 10762,281 15669,891 3143,6633 10981,058 8077,38
1,9776151 B 1330,6204 14003,272 8251,448 7673,5605 18363,072 2544,4304 S 10533,175 10762,281 15669,891 3143,6633 10981,058 8077,38
1,9779993 B 1330,6204 14003,272 8251,448 7673,5605 18363,072 2544,4304 S 10533,175 10762,281 15669,891 3143,6633 10981,058 8077,38
1,978 B 1330,6204 14003,272 8251,448 7673,5605 18363,072 2544,4304 S 10533,175 10762,281 15669,891 3143,6633 10981,058 8077,38
1,978 B 1330,6204 14003,272 8251,448 7673,5605 18363,072 2544,4304 S 10533,175 10762,281 15669,891 3143,6633 10981,058 8077,38
1,978 B 1330,6204 14003,272 8251,448 7673,5605 18363,072 2544,4304 S 10533,175 10762,281 15669,891 3143,6633 10981,058 8077,38
1,9779999 B 1330,6204 14003,272 8251,448 7673,5605 18363,072 2544,4304 S 10533,175 10762,281 15669,891 3143,6633 10981,058 8077,38
1,9779998 B 1330,6204 14003,272 8251,448 7673,5605 18363,072 2544,4304 S 10533,175 10762,281 15669,891 3143,6633 10981,058 8077,38
1,9779996 B 1330,6204 14003,272 8251,448 7673,5605 18363,072 2544,4304 S 10533,175 10762,281 15669,891 3143,6633 10981,058 8077,38
1,9779999 B 1330,6204 14003,272 8251,448 7673,5605 18363,072 2544,4304 S 10533,175 10762,281 15669,891 3143,6633 10981,058 8077,38
1,9780003 B 1330,6204 14003,272 8251,448 7673,5605 18363,072 2544,4304 S 10533,175 10762,281 15669,891 3143,6633 10981,058 8077,38
1,9779998 B 1330,6204 14003,272 8251,448 7673,5605 18363,072 2544,4304 S 10533,175 10762,281 15669,891 3143,6633 10981,058 8077,38
1,9780003 B 1330,6204 14003,272 8251,448 7673,5605 18363,072 2544,4304 S 10533,175 10762,281 15669,891 3143,6633 10981,058 8077,38
1,978 B 1330,6204 14003,272 8251,448 7673,5605 18363,072 2544,4304 S 10533,175 10762,281 15669,891 3143,6633 10981,058 8077,38
1,9780002 B 1330,6204 14003,272 8251,448 7673,5605 18363,072 2544,4304 S 10533,175 10762,281 15669,891 3143,6633 10981,058 8077,38
1,9780002 B 1330,6204 14003,272 8251,448 7673,5605 18363,072 2544,4304 S 10533,175 10762,281 15669,891 3143,6633 10981,058 8077,38
1,9780002 B 1330,6204 14003,272 8251,448 7673,5605 18363,072 2544,4304 S 10533,175 10762,281 15669,891 3143,6633 10981,058 8077,38
1,9779999 B 1330,6204 14003,272 8251,448 7673,5605 18363,072 2544,4304 S 10533,175 10762,281 15669,891 3143,6633 10981,058 8077,38
1,9780002 B 1330,6204 14003,272 8251,448 7673,5605 18363,072 2544,4304 S 10533,175 10762,281 15669,891 3143,6633 10981,058 8077,38
1,9779999 B 1330,6204 14003,272 8251,448 7673,5605 18363,072 2544,4304 S 10533,175 10762,281 15669,891 3143,6633 10981,058 8077,38
1,9780002 B 1330,6204 14003,272 8251,448 7673,5605 18363,072 2544,4304 S 10533,175 10762,281 15669,891 3143,6633 10981,058 8077,38
1,9780003 B 1330,6204 14003,272 8251,448 7673,5605 18363,072 2544,4304 S 10533,175 10762,281 15669,891 3143,6633 10981,058 8077,38
1,978 B 1330,6204 14003,272 8251,448 7673,5605 18363,072 2544,4304 S 10533,175 10762,281 15669,891 3143,6633 10981,058 8077,38
1,9779991 B 1330,6204 14003,272 8251,448 7673,5605 18363,072 2544,4304 S 10533,175 10762,281 15669,891 3143,6633 10981,058 8077,38
1,9779994 B 1330,6204 14003,272 8251,448 7673,5605 18363,072 2544,4304 S 10533,175 10762,281 15669,891 3143,6633 10981,058 8077,38
1,9779999 B 1330,6204 14003,272 8251,448 7673,5605 18363,072 2544,4304 S 10533,175 10762,281 15669,891 3143,6633 10981,058 8077,38
1,9779996 B 1330,6204 14003,272 8251,448 7673,5605 18363,072 2544,4304 S 10533,175 10762,281 15669,891 3143,6633 10981,058 8077,38
1,978 B 1330,6204 14003,272 8251,448 7673,5605 18363,072 2544,4304 S 10533,175 10762,281 15669,891 3143,6633 10981,058 8077,38
1,9779999 B 1330,6204 14003,272 8251,448 7673,5605 18363,072 2544,4304 S 10533,175 10762,281 15669,891 3143,6633 10981,058 8077,38
1,978 B 1330,6204 14003,272 8251,448 7673,5605 18363,072 2544,4304 S 10533,175 10762,281 15669,891 3143,6633 10981,058 8077,38
1,978 B 1330,6204 14003,272 8251,448 7673,5605 18363,072 2544,4304 S 10533,175 10762,281 15669,891 3143,6633 10981,058 8077,38
1,9779998 B 1330,6204 14003,272 8251,448 7673,5605 18363,072 2544,4304 S 10533,175 10762,281 15669,891 3143,6633 10981,058 8077,38
1,978 B 1330,6204 14003,272 8251,448 7673,5605 18363,072 2544,4304 S 10533,175 10762,281 15669,891 3143,6633 10981,058 8077,38
1,978 B 1330,6204 14003,272 8251,448 7673,5605 18363,072 2544,4304 S 10533,175 10762,281 15669,891 3143,6633 10981,058 8077,38
1,9780003 B 1330,6204 14003,272 8251,448 7673,5605 18363,072 2544,4304 S 10533,175 10762,281 15669,891 3143,6633 10981,058 8077,38
1,9780004 B 1330,6204 14003,272 8251,448 7673,5605 18363,072 2544,4304 S 10533,175 10762,281 15669,891 3143,6633 10981,058 8077,38
1,9780006 B 1330,6204 14003,272 8251,448 7673,5605 18363,072 2544,4304 S 10533,175 10762,281 15669,891 3143,6633 10981,058 8077,38
1,9780002 B 1330,6204 14003,272 8251,448 7673,5605 18363,072 2544,4304 S 10533,175 10762,281 15669,891 3143,6633 10981,058 8077,38
1,9782838 B 1330,6204 14003,272 8251,448 7673,5605 18363,072 2544,4304 S 10533,175 10762,281 15669,891 3143,6633 10981,058 8077,38
1,9789999 B 1330,6204 14003,272 8251,448 7673,5605 18363,072 2544,4304 S 10533,175 10762,281 15669,891 3143,6633 10981,058 8077,38
1,9789996 B 1330,6204 14003,272 8251,448 7673,5605 18363,072 2544,4304 S 10533,175 10762,281 15669,891 3143,6633 10981,058 8077,38
1,9790002 B 1330,6204 14003,272 8251,448 7673,5605 18363,072 2544,4304 S 10533,175 10762,281 15669,891 3143,6633 10981,058 8077,38
1,979 B 1330,6204 14003,272 8251,448 7673,5605 18363,072 2544,4304 S 10533,175 10762,281 15669,891 3143,6633 10981,058 8077,38
1,9790002 B 1330,6204 14003,272 8251,448 7673,5605 18363,072 2544,4304 S 10533,175 10762,281 15669,891 3143,6633 10981,058 8077,38
1,9790003 B 1330,6204 14003,272 8251,448 7673,5605 18363,072 2544,4304 S 10533,175 10762,281 15669,891 3143,6633 10981,058 8077,38
1,9790002 B 1330,6204 14003,272 8251,448 7673,5605 18363,072 2544,4304 S 10533,175 10762,281 15669,891 3143,6633 10981,058 8077,38
1,9789999 B 1330,6204 14003,272 8251,448 7673,5605 18363,072 2544,4304 S 10533,175 10762,281 15669,891 3143,6633 10981,058 8077,38
1,9789997 B 1330,6204 14003,272 8251,448 7673,5605 18363,072 2544,4304 S 10533,175 10762,281 15669,891 3143,6633 10981,058 8077,38
1,9790002 B 1330,6204 14003,272 8251,448 7673,5605 18363,072 2544,4304 S 10533,175 10762,281 15669,891 3143,6633 10981,058 8077,38
1,9790001 B 1330,6204 14003,272 8251,448 7673,5605 18363,072 2544,4304 S 10533,175 10762,281 15669,891 3143,6633 10981,058 8077,38
1,9789996 B 1330,6204 14003,272 8251,448 7673,5605 18363,072 2544,4304 S 10533,175 10762,281 15669,891 3143,6633 10981,058 8077,38
1,9790004 B 1330,6204 14003,272 8251,448 7673,5605 18363,072 2544,4304 S 10533,175 10762,281 15669,891 3143,6633 10981,058 8077,38
1,9790003 B 1330,6204 14003,272 8251,448 7673,5605 18363,072 2544,4304 S 10533,175 10762,281 15669,891 3143,6633 10981,058 8077,38
1,9789999 B 1330,6204 14003,272 8251,448 7673,5605 18363,072 2544,4304 S 10533,175 10762,281 15669,891 3143,6633 10981,058 8077,38
1,9790001 B 1330,6204 14003,272 8251,448 7673,5605 18363,072 2544,4304 S 10533,175 10762,281 15669,891 3143,6633 10981,058 8077,38
1,9790004 B 1330,6204 14003,272 8251,448 7673,5605 18363,072 2544,4304 S 10533,175 10762,281 15669,891 3143,6633 10981,058 8077,38
1,9786375 B 1330,6204 14003,272 8251,448 7673,5605 18363,072 2544,4304 S 10533,175 10762,281 15669,891 3143,6633 10981,058 8077,38
1,9779993 B 1330,6204 14003,272 8251,448 7673,5605 18363,072 2544,4304 S 10533,175 10762,281 15669,891 3143,6633 10981,058 8077,38
1,9779999 B 1330,6204 14003,272 8251,448 7673,5605 18363,072 2544,4304 S 10533,175 10762,281 15669,891 3143,6633 10981,058 8077,38
1,9780002 B 1330,6204 14003,272 8251,448 7673,5605 18363,072 2544,4304 S 10533,175 10762,281 15669,891 3143,6633 10981,058 8077,38
1,9779992 B 1330,6204 14003,272 8251,448 7673,5605 18363,072 2544,4304 S 10533,175 10762,281 15669,891 3143,6633 10981,058 8077,38
1,9779996 B 1330,6204 14003,272 8251,448 7673,5605 18363,072 2544,4304 S 10533,175 10762,281 15669,891 3143,6633 10981,058 8077,38
1,9779999 B 1330,6204 14003,272 8251,448 7673,5605 18363,072 2544,4304 S 10533,175 10762,281 15669,891 3143,6633 10981,058 8077,38
1,9780003 B 1330,6204 14003,272 8251,448 7673,5605 18363,072 2544,4304 S 10533,175 10762,281 15669,891 3143,6633 10981,058 8077,38
1,9780004 B 1330,6204 14003,272 8251,448 7673,5605 18363,072 2544,4304 S 10533,175 10762,281 15669,891 3143,6633 10981,058 8077,38
1,9769149 B 1330,6204 14003,272 8251,448 7673,5605 18363,072 2544,4304 S 10533,175 10762,281 15669,891 3143,6633 10981,058 8077,38
1,9760002 B 1330,6204 14003,272 8251,448 7673,5605 18363,072 2544,4304 S 10533,175 10762,281 15669,891 3143,6633 10981,058 8077,38
1,9760011 B 1330,6204 14003,272 8251,448 7673,5605 18363,072 2544,4304 S 10533,175 10762,281 15669,891 3143,6633 10981,058 8077,38
1,9760005 B 1330,6204 14003,272 8251,448 7673,5605 18363,072 2544,4304 S 10533,175 10762,281 15669,891 3143,6633 10981,058 8077,38
1,9759997 B 1330,6204 14003,272 8251,448 7673,5605 18363,072 2544,4304 S 10533,175 10762,281 15669,891 3143,6633 10981,058 8077,38
1,9760007 B 1330,6204 14003,272 8251,448 7673,5605 18363,072 2544,4304 S 10533,175 10762,281 15669,891 3143,6633 10981,058 8077,38
1,9760001 B 1330,6204 14003,272 8251,448 7673,5605 18363,072 2544,4304 S 10533,175 10762,281 15669,891 3143,6633 10981,058 8077,38
1,9760007 B 1330,6204 14003,272 8251,448 7673,5605 18363,072 2544,4304 S 10533,175 10762,281 15669,891 3143,6633 10981,058 8077,38
1,9760004 B 1330,6204 14003,272 8251,448 7673,5605 18363,072 2544,4304 S 10533,175 10762,281 15669,891 3143,6633 10981,058 8077,38
1,976 B 1330,6204 14003,272 8251,448 7673,5605 18363,072 2544,4304 S 10533,175 10762,281 15669,891 3143,6633 10981,058 8077,38
1,9760005 B 1330,6204 14003,272 8251,448 7673,5605 18363,072 2544,4304 S 10533,175 10762,281 15669,891 3143,6633 10981,058 8077,38
1,9760001 B 1330,6204 14003,272 8251,448 7673,5605 18363,072 2544,4304 S 10533,175 10762,281 15669,891 3143,6633 10981,058 8077,38
1,976 B 1330,6204 14003,272 8251,448 7673,5605 18363,072 2544,4304 S 10533,175 10762,281 15669,891 3143,6633 10981,058 8077,38
1,9760009 B 1330,6204 14003,272 8251,448 7673,5605 18363,072 2544,4304 S 10533,175 10762,281 15669,891 3143,6633 10981,058 8077,38
1,9759996 B 1330,6204 14003,272 8251,448 7673,5605 18363,072 2544,4304 S 10533,175 10762,281 15669,891 3143,6633 10981,058 8077,38
1,9759998 B 1330,6204 14003,272 8251,448 7673,5605 18363,072 2544,4304 S 10533,175 10762,281 15669,891 3143,6633 10981,058 8077,38
1,9760001 B 1330,6204 14003,272 8251,448 7673,5605 18363,072 2544,4304 S 10533,175 10762,281 15669,891 3143,6633 10981,058 8077,38
1,9760003 B 1330,6204 14003,272 8251,448 7673,5605 18363,072 2544,4304 S 10533,175 10762,281 15669,891 3143,6633 10981,058 8077,38
1,9760007 B 1330,6204 14003,272 8251,448 7673,5605 18363,072 2544,4304 S 10533,175 10762,281 15669,891 3143,6633 10981,058 8077,38
1,9759998 B 1330,6204 14003,272 8251,448 7673,5605 18363,072 2544,4304 S 10533,175 10762,281 15669,891 3143,6633 10981,058 8077,38
1,976 B 1330,6204 14003,272 8251,448 7673,5605 18363,072 2544,4304 S 10533,175 10762,281 15669,891 3143,6633 10981,058 8077,38
1,9760003 B 1330,6204 14003,272 8251,448 7673,5605 18363,072 2544,4304 S 10533,175 10762,281 15669,891 3143,6633 10981,058 8077,38
1,9760009 B 1330,6204 14003,272 8251,448 7673,5605 18363,072 2544,4304 S 10533,175 10762,281 15669,891 3143,6633 10981,058 8077,38
1,9759998 B 1330,6204 14003,272 8251,448 7673,5605 18363,072 2544,4304 S 10533,175 10762,281 15669,891 3143,6633 10981,058 8077,38
1,9759996 B 1330,6204 14003,272 8251,448 7673,5605 18363,072 2544,4304 S 10533,175 10762,281 15669,891 3143,6633 10981,058 8077,38
1,9760002 B 1330,6204 14003,272 8251,448 7673,5605 18363,072 2544,4304 S 10533,175 10762,281 15669,891 3143,6633 10981,058 8077,38
1,9772089 B 1330,6204 14003,272 8251,448 7673,5605 18363,072 2544,4304 S 10533,175 10762,281 15669,891 3143,6633 10981,058 8077,38
1,9779999 B 1330,6204 14003,272 8251,448 7673,5605 18363,072 2544,4304 S 10533,175 10762,281 15669,891 3143,6633 10981,058 8077,38
1,9780002 B 1330,6204 14003,272 8251,448 7673,5605 18363,072 2544,4304 S 10533,175 10762,281 15669,891 3143,6633 10981,058 8077,38
1,9780002 B 1330,6204 14003,272 8251,448 7673,5605 18363,072 2544,4304 S 10533,175 10762,281 15669,891 3143,6633 10981,058 8077,38
1,9780005 B 1330,6204 14003,272 8251,448 7673,5605 18363,072 2544,4304 S 10533,175 10762,281 15669,891 3143,6633 10981,058 8077,38
1,978 B 1330,6204 14003,272 8251,448 7673,5605 18363,072 2544,4304 S 10533,175 10762,281 15669,891 3143,6633 10981,058 8077,38
1,9780004 B 1330,6204 14003,272 8251,448 7673,5605 18363,072 2544,4304 S 10533,175 10762,281 15669,891 3143,6633 10981,058 8077,38
1,9779994 B 1330,6204 14003,272 8251,448 7673,5605 18363,072 2544,4304 S 10533,175 10762,281 15669,891 3143,6633 10981,058 8077,38
1,9779998 B 1330,6204 14003,272 8251,448 7673,5605 18363,072 2544,4304 S 10533,175 10762,281 15669,891 3143,6633 10981,058 8077,38
1,9780002 B 1330,6204 14003,272 8251,448 7673,5605 18363,072 2544,4304 S 10533,175 10762,281 15669,891 3143,6633 10981,058 8077,38
1,978 B 1330,6204 14003,272 8251,448 7673,5605 18363,072 2544,4304 S 10533,175 10762,281 15669,891 3143,6633 10981,058 8077,38
1,9792008 B 1330,6204 14003,272 8251,448 7673,5605 18363,072 2544,4304 S 10533,175 10762,281 15669,891 3143,6633 10981,058 8077,38
1,9800004 B 1330,6204 14003,272 8251,448 7673,5605 18363,072 2544,4304 S 10533,175 10762,281 15669,891 3143,6633 10981,058 8077,38
1,9800004 B 1330,6204 14003,272 8251,448 7673,5605 18363,072 2544,4304 S 10533,175 10762,281 15669,891 3143,6633 10981,058 8077,38
1,9800003 B 1330,6204 14003,272 8251,448 7673,5605 18363,072 2544,4304 S 10533,175 10762,281 15669,891 3143,6633 10981,058 8077,38
1,9800003 B 1330,6204 14003,272 8251,448 7673,5605 18363,072 2544,4304 S 10533,175 10762,281 15669,891 3143,6633 10981,058 8077,38
1,9799997 B 1330,6204 14003,272 8251,448 7673,5605 18363,072 2544,4304 S 10533,175 10762,281 15669,891 3143,6633 10981,058 8077,38
1,9800003 B 1330,6204 14003,272 8251,448 7673,5605 18363,072 2544,4304 S 10533,175 10762,281 15669,891 3143,6633 10981,058 8077,38
1,9799998 B 1330,6204 14003,272 8251,448 7673,5605 18363,072 2544,4304 S 10533,175 10762,281 15669,891 3143,6633 10981,058 8077,38
1,98 B 1330,6204 14003,272 8251,448 7673,5605 18363,072 2544,4304 S 10533,175 10762,281 15669,891 3143,6633 10981,058 8077,38
1,9799999 B 1330,6204 14003,272 8251,448 7673,5605 18363,072 2544,4304 S 10533,175 10762,281 15669,891 3143,6633 10981,058 8077,38
1,9800655 B 1330,6204 14003,272 8251,448 7673,5605 18363,072 2544,4304 S 10533,175 10762,281 15669,891 3143,6633 10981,058 8077,38
1,9809995 B 1330,6204 14003,272 8251,448 7673,5605 18363,072 2544,4304 S 10533,175 10762,281 15669,891 3143,6633 10981,058 8077,38
1,9810002 B 1330,6204 14003,272 8251,448 7673,5605 18363,072 2544,4304 S 10533,175 10762,281 15669,891 3143,6633 10981,058 8077,38
1,9810001 B 1330,6204 14003,272 8251,448 7673,5605 18363,072 2544,4304 S 10533,175 10762,281 15669,891 3143,6633 10981,058 8077,38
1,9810002 B 1330,6204 14003,272 8251,448 7673,5605 18363,072 2544,4304 S 10533,175 10762,281 15669,891 3143,6633 10981,058 8077,38
1,9808009 B 1330,6204 14003,272 8251,448 7673,5605 18363,072 2544,4304 S 10533,175 10762,281 15669,891 3143,6633 10981,058 8077,38
1,9799999 B 1330,6204 14003,272 8251,448 7673,5605 18363,072 2544,4304 S 10533,175 10762,281 15669,891 3143,6633 10981,058 8077,38
1,9800003 B 1330,6204 14003,272 8251,448 7673,5605 18363,072 2544,4304 S 10533,175 10762,281 15669,891 3143,6633 10981,058 8077,38
1,98 B 1330,6204 14003,272 8251,448 7673,5605 18363,072 2544,4304 S 10533,175 10762,281 15669,891 3143,6633 10981,058 8077,38
1,9800001 B 1330,6204 14003,272 8251,448 7673,5605 18363,072 2544,4304 S 10533,175 10762,281 15669,891 3143,6633 10981,058 8077,38
1,9799999 B 1330,6204 14003,272 8251,448 7673,5605 18363,072 2544,4304 S 10533,175 10762,281 15669,891 3143,6633 10981,058 8077,38
1,9800001 B 1330,6204 14003,272 8251,448 7673,5605 18363,072 2544,4304 S 10533,175 10762,281 15669,891 3143,6633 10981,058 8077,38
1,9800003 B 1330,6204 14003,272 8251,448 7673,5605 18363,072 2544,4304 S 10533,175 10762,281 15669,891 3143,6633 10981,058 8077,38
1,9800003 B 1330,6204 14003,272 8251,448 7673,5605 18363,072 2544,4304 S 10533,175 10762,281 15669,891 3143,6633 10981,058 8077,38
1,9800003 B 1330,6204 14003,272 8251,448 7673,5605 18363,072 2544,4304 S 10533,175 10762,281 15669,891 3143,6633 10981,058 8077,38
1,9799999 B 1330,6204 14003,272 8251,448 7673,5605 18363,072 2544,4304 S 10533,175 10762,281 15669,891 3143,6633 10981,058 8077,38
1,98 B 1330,6204 14003,272 8251,448 7673,5605 18363,072 2544,4304 S 10533,175 10762,281 15669,891 3143,6633 10981,058 8077,38
1,9799999 B 1330,6204 14003,272 8251,448 7673,5605 18363,072 2544,4304 S 10533,175 10762,281 15669,891 3143,6633 10981,058 8077,38
1,9800003 B 1330,6204 14003,272 8251,448 7673,5605 18363,072 2544,4304 S 10533,175 10762,281 15669,891 3143,6633 10981,058 8077,38
1,9800001 B 1330,6204 14003,272 8251,448 7673,5605 18363,072 2544,4304 S 10533,175 10762,281 15669,891 3143,6633 10981,058 8077,38
1,98 B 1330,6204 14003,272 8251,448 7673,5605 18363,072 2544,4304 S 10533,175 10762,281 15669,891 3143,6633 10981,058 8077,38
1,9800003 B 1330,6204 14003,272 8251,448 7673,5605 18363,072 2544,4304 S 10533,175 10762,281 15669,891 3143,6633 10981,058 8077,38
1,9800004 B 1330,6204 14003,272 8251,448 7673,5605 18363,072 2544,4304 S 10533,175 10762,281 15669,891 3143,6633 10981,058 8077,38
1,9800003 B 1330,6204 14003,272 8251,448 7673,5605 18363,072 2544,4304 S 10533,175 10762,281 15669,891 3143,6633 10981,058 8077,38
1,9800004 B 1330,6204 14003,272 8251,448 7673,5605 18363,072 2544,4304 S 10533,175 10762,281 15669,891 3143,6633 10981,058 8077,38
1,9799999 B 1330,6204 14003,272 8251,448 7673,5605 18363,072 2544,4304 S 10533,175 10762,281 15669,891 3143,6633 10981,058 8077,38
1,9800003 B 1330,6204 14003,272 8251,448 7673,5605 18363,072 2544,4304 S 10533,175 10762,281 15669,891 3143,6633 10981,058 8077,38
1,9800006 B 1330,6204 14003,272 8251,448 7673,5605 18363,072 2544,4304 S 10533,175 10762,281 15669,891 3143,6633 10981,058 8077,38
