1,9740013
1,972 B 2956,4893 11371,452 19626,605 8489,175 13007,124 6504,868 S 1896,299 12463,447 14635,844 10844,556 9523,957 8049,2793
1,9720005 B 2956,4893 11371,452 19626,605 8489,175 13007,124 6504,868 S 1896,299 12463,447 14635,844 10844,556 9523,957 8049,2793
1,9719998 B 2956,4893 11371,452 19626,605 8489,175 13007,124 6504,868 S 1896,299 12463,447 14635,844 10844,556 9523,957 8049,2793
1,9720004 B 2956,4893 11371,452 19626,605 8489,175 13007,124 6504,868 S 1896,299 12463,447 14635,844 10844,556 9523,957 8049,2793
1,9720001 B 2956,4893 11371,452 19626,605 8489,175 13007,124 6504,868 S 1896,299 12463,447 14635,844 10844,556 9523,957 8049,2793
1,9730886 B 2956,4893 11371,452 19626,605 8489,175 13007,124 6504,868 S 1896,299 12463,447 14635,844 10844,556 9523,957 8049,2793
1,9740005 B 2956,4893 11371,452 19626,605 8489,175 13007,124 6504,868 S 1896,299 12463,447 14635,844 10844,556 9523,957 8049,2793
1,9739996 B 2956,4893 11371,452 19626,605 8489,175 13007,124 6504,868 S 1896,299 12463,447 14635,844 10844,556 9523,957 8049,2793
1,9740001 B 2956,4893 11371,452 19626,605 8489,175 13007,124 6504,868 S 1896,299 12463,447 14635,844 10844,556 9523,957 8049,2793
1,9740001 B 2956,4893 11371,452 19626,605 8489,175 13007,124 6504,868 S 1896,299 12463,447 14635,844 10844,556 9523,957 8049,2793
1,9739999 B 2956,4893 11371,452 19626,605 8489,175 13007,124 6504,868 S 1896,299 12463,447 14635,844 10844,556 9523,957 8049,2793
1,9739994 B 2956,4893 11371,452 19626,605 8489,175 13007,124 6504,868 S 1896,299 12463,447 14635,844 10844,556 9523,957 8049,2793
1,9739996 B 2956,4893 11371,452 19626,605 8489,175 13007,124 6504,868 S 1896,299 12463,447 14635,844 10844,556 9523,957 8049,2793
1,9740003 B 2956,4893 11371,452 19626,605 8489,175 13007,124 6504,868 S 1896,299 12463,447 14635,844 10844,556 9523,957 8049,2793
1,9740005 B 2956,4893 11371,452 19626,605 8489,175 13007,124 6504,868 S 1896,299 12463,447 14635,844 10844,556 9523,957 8049,2793
1,9740002 B 2956,4893 11371,452 19626,605 8489,175 13007,124 6504,868 S 1896,299 12463,447 14635,844 10844,556 9523,957 8049,2793
1,9740005 B 2956,4893 11371,452 19626,605 8489,175 13007,124 6504,868 S 1896,299 12463,447 14635,844 10844,556 9523,957 8049,2793
1,9739999 B 2956,4893 11371,452 19626,605 8489,175 13007,124 6504,868 S 1896,299 12463,447 14635,844 10844,556 9523,957 8049,2793
1,9739994 B 2956,4893 11371,452 19626,605 8489,175 13007,124 6504,868 S 1896,299 12463,447 14635,844 10844,556 9523,957 8049,2793
1,9740001 B 2956,4893 11371,452 19626,605 8489,175 13007,124 6504,868 S 1896,299 12463,447 14635,844 10844,556 9523,957 8049,2793
1,9731095 B 2956,4893 11371,452 19626,605 8489,175 13007,124 6504,868 S 1896,299 12463,447 14635,844 10844,556 9523,957 8049,2793
1,9738364 B 2956,4893 11371,452 19626,605 8489,175 13007,124 6504,868 S 1896,299 12463,447 14635,844 10844,556 9523,957 8049,2793
1,9740002 B 2956,4893 11371,452 19626,605 8489,175 13007,124 6504,868 S 1896,299 12463,447 14635,844 10844,556 9523,957 8049,2793
1,9740001 B 2956,4893 11371,452 19626,605 8489,175 13007,124 6504,868 S 1896,299 12463,447 14635,844 10844,556 9523,957 8049,2793
1,9739996 B 2956,4893 11371,452 19626,605 8489,175 13007,124 6504,868 S 1896,299 12463,447 14635,844 10844,556 9523,957 8049,2793
1,9741752 B 2956,4893 11371,452 19626,605 8489,175 13007,124 6504,868 S 1896,299 12463,447 14635,844 10844,556 9523,957 8049,2793
1,975 B 2956,4893 11371,452 19626,605 8489,175 13007,124 6504,868 S 1896,299 12463,447 14635,844 10844,556 9523,957 8049,2793
1,9750001 B 2956,4893 11371,452 19626,605 8489,175 13007,124 6504,868 S 1896,299 12463,447 14635,844 10844,556 9523,957 8049,2793
1,9750004 B 2956,4893 11371,452 19626,605 8489,175 13007,124 6504,868 S 1896,299 12463,447 14635,844 10844,556 9523,957 8049,2793
1,975782 B 2956,4893 11371,452 19626,605 8489,175 13007,124 6504,868 S 1896,299 12463,447 14635,844 10844,556 9523,957 8049,2793
1,9764804 B 2956,4893 11371,452 19626,605 8489,175 13007,124 6504,868 S 1896,299 12463,447 14635,844 10844,556 9523,957 8049,2793
1,9769999 B 2956,4893 11371,452 19626,605 8489,175 13007,124 6504,868 S 1896,299 12463,447 14635,844 10844,556 9523,957 8049,2793
1,9769995 B 2956,4893 11371,452 19626,605 8489,175 13007,124 6504,868 S 1896,299 12463,447 14635,844 10844,556 9523,957 8049,2793
1,9769999 B 2956,4893 11371,452 19626,605 8489,175 13007,124 6504,868 S 1896,299 12463,447 14635,844 10844,556 9523,957 8049,2793
1,9770004 B 2956,4893 11371,452 19626,605 8489,175 13007,124 6504,868 S 1896,299 12463,447 14635,844 10844,556 9523,957 8049,2793
1,9761943 B 2956,4893 11371,452 19626,605 8489,175 13007,124 6504,868 S 1896,299 12463,447 14635,844 10844,556 9523,957 8049,2793
1,9760007 B 2956,4893 11371,452 19626,605 8489,175 13007,124 6504,868 S 1896,299 12463,447 14635,844 10844,556 9523,957 8049,2793
1,9760004 B 2956,4893 11371,452 19626,605 8489,175 13007,124 6504,868 S 1896,299 12463,447 14635,844 10844,556 9523,957 8049,2793
1,9760007 B 2956,4893 11371,452 19626,605 8489,175 13007,124 6504,868 S 1896,299 12463,447 14635,844 10844,556 9523,957 8049,2793
1,9760004 B 2956,4893 11371,452 19626,605 8489,175 13007,124 6504,868 S 1896,299 12463,447 14635,844 10844,556 9523,957 8049,2793
1,9765831 B 2956,4893 11371,452 19626,605 8489,175 13007,124 6504,868 S 1896,299 12463,447 14635,844 10844,556 9523,957 8049,2793
1,9769994 B 2956,4893 11371,452 19626,605 8489,175 13007,124 6504,868 S 1896,299 12463,447 14635,844 10844,556 9523,957 8049,2793
1,9770004 B 2956,4893 11371,452 19626,605 8489,175 13007,124 6504,868 S 1896,299 12463,447 14635,844 10844,556 9523,957 8049,2793
1,97613 B 2956,4893 11371,452 19626,605 8489,175 13007,124 6504,868 S 1896,299 12463,447 14635,844 10844,556 9523,957 8049,2793
1,9760004 B 2956,4893 11371,452 19626,605 8489,175 13007,124 6504,868 S 1896,299 12463,447 14635,844 10844,556 9523,957 8049,2793
1,976001 B 2956,4893 11371,452 19626,605 8489,175 13007,124 6504,868 S 1896,299 12463,447 14635,844 10844,556 9523,957 8049,2793
1,9760002 B 2956,4893 11371,452 19626,605 8489,175 13007,124 6504,868 S 1896,299 12463,447 14635,844 10844,556 9523,957 8049,2793
1,976 B 2956,4893 11371,452 19626,605 8489,175 13007,124 6504,868 S 1896,299 12463,447 14635,844 10844,556 9523,957 8049,2793
1,9760004 B 2956,4893 11371,452 19626,605 8489,175 13007,124 6504,868 S 1896,299 12463,447 14635,844 10844,556 9523,957 8049,2793
1,9760003 B 2956,4893 11371,452 19626,605 8489,175 13007,124 6504,868 S 1896,299 12463,447 14635,844 10844,556 9523,957 8049,2793
1,9760001 B 2956,4893 11371,452 19626,605 8489,175 13007,124 6504,868 S 1896,299 12463,447 14635,844 10844,556 9523,957 8049,2793
1,9760002 B 2956,4893 11371,452 19626,605 8489,175 13007,124 6504,868 S 1896,299 12463,447 14635,844 10844,556 9523,957 8049,2793
1,9760003 B 2956,4893 11371,452 19626,605 8489,175 13007,124 6504,868 S 1896,299 12463,447 14635,844 10844,556 9523,957 8049,2793
1,9760001 B 2956,4893 11371,452 19626,605 8489,175 13007,124 6504,868 S 1896,299 12463,447 14635,844 10844,556 9523,957 8049,2793
1,9760001 B 2956,4893 11371,452 19626,605 8489,175 13007,124 6504,868 S 1896,299 12463,447 14635,844 10844,556 9523,957 8049,2793
1,9760001 B 2956,4893 11371,452 19626,605 8489,175 13007,124 6504,868 S 1896,299 12463,447 14635,844 10844,556 9523,957 8049,2793
1,9759998 B 2956,4893 11371,452 19626,605 8489,175 13007,124 6504,868 S 1896,299 12463,447 14635,844 10844,556 9523,957 8049,2793
1,976 B 2956,4893 11371,452 19626,605 8489,175 13007,124 6504,868 S 1896,299 12463,447 14635,844 10844,556 9523,957 8049,2793
1,9759997 B 2956,4893 11371,452 19626,605 8489,175 13007,124 6504,868 S 1896,299 12463,447 14635,844 10844,556 9523,957 8049,2793
1,9760001 B 2956,4893 11371,452 19626,605 8489,175 13007,124 6504,868 S 1896,299 12463,447 14635,844 10844,556 9523,957 8049,2793
1,9759998 B 2956,4893 11371,452 19626,605 8489,175 13007,124 6504,868 S 1896,299 12463,447 14635,844 10844,556 9523,957 8049,2793
1,9760003 B 2956,4893 11371,452 19626,605 8489,175 13007,124 6504,868 S 1896,299 12463,447 14635,844 10844,556 9523,957 8049,2793
1,9760001 B 2956,4893 11371,452 19626,605 8489,175 13007,124 6504,868 S 1896,299 12463,447 14635,844 10844,556 9523,957 8049,2793
1,9759995 B 2956,4893 11371,452 19626,605 8489,175 13007,124 6504,868 S 1896,299 12463,447 14635,844 10844,556 9523,957 8049,2793
1,9760003 B 2956,4893 11371,452 19626,605 8489,175 13007,124 6504,868 S 1896,299 12463,447 14635,844 10844,556 9523,957 8049,2793
1,9760003 B 2956,4893 11371,452 19626,605 8489,175 13007,124 6504,868 S 1896,299 12463,447 14635,844 10844,556 9523,957 8049,2793
1,9760002 B 2956,4893 11371,452 19626,605 8489,175 13007,124 6504,868 S 1896,299 12463,447 14635,844 10844,556 9523,957 8049,2793
1,9760002 B 2956,4893 11371,452 19626,605 8489,175 13007,124 6504,868 S 1896,299 12463,447 14635,844 10844,556 9523,957 8049,2793
1,9759998 B 2956,4893 11371,452 19626,605 8489,175 13007,124 6504,868 S 1896,299 12463,447 14635,844 10844,556 9523,957 8049,2793
1,9760003 B 2956,4893 11371,452 19626,605 8489,175 13007,124 6504,868 S 1896,299 12463,447 14635,844 10844,556 9523,957 8049,2793
1,9760002 B 2956,4893 11371,452 19626,605 8489,175 13007,124 6504,868 S 1896,299 12463,447 14635,844 10844,556 9523,957 8049,2793
1,9760003 B 2956,4893 11371,452 19626,605 8489,175 13007,124 6504,868 S 1896,299 12463,447 14635,844 10844,556 9523,957 8049,2793
1,9760003 B 2956,4893 11371,452 19626,605 8489,175 13007,124 6504,868 S 1896,299 12463,447 14635,844 10844,556 9523,957 8049,2793
1,9760003 B 2956,4893 11371,452 19626,605 8489,175 13007,124 6504,868 S 1896,299 12463,447 14635,844 10844,556 9523,957 8049,2793
1,9760002 B 2956,4893 11371,452 19626,605 8489,175 13007,124 6504,868 S 1896,299 12463,447 14635,844 10844,556 9523,957 8049,2793
1,9758315 B 2956,4893 11371,452 19626,605 8489,175 13007,124 6504,868 S 1896,299 12463,447 14635,844 10844,556 9523,957 8049,2793
1,9749998 B 2956,4893 11371,452 19626,605 8489,175 13007,124 6504,868 S 1896,299 12463,447 14635,844 10844,556 9523,957 8049,2793
1,9749998 B 2956,4893 11371,452 19626,605 8489,175 13007,124 6504,868 S 1896,299 12463,447 14635,844 10844,556 9523,957 8049,2793
1,9749997 B 2956,4893 11371,452 19626,605 8489,175 13007,124 6504,868 S 1896,299 12463,447 14635,844 10844,556 9523,957 8049,2793
1,9750003 B 2956,4893 11371,452 19626,605 8489,175 13007,124 6504,868 S 1896,299 12463,447 14635,844 10844,556 9523,957 8049,2793
1,975 B 2956,4893 11371,452 19626,605 8489,175 13007,124 6504,868 S 1896,299 12463,447 14635,844 10844,556 9523,957 8049,2793
1,9749998 B 2956,4893 11371,452 19626,605 8489,175 13007,124 6504,868 S 1896,299 12463,447 14635,844 10844,556 9523,957 8049,2793
1,9749999 B 2956,4893 11371,452 19626,605 8489,175 13007,124 6504,868 S 1896,299 12463,447 14635,844 10844,556 9523,957 8049,2793
1,975 B 2956,4893 11371,452 19626,605 8489,175 13007,124 6504,868 S 1896,299 12463,447 14635,844 10844,556 9523,957 8049,2793
1,9749999 B 2956,4893 11371,452 19626,605 8489,175 13007,124 6504,868 S 1896,299 12463,447 14635,844 10844,556 9523,957 8049,2793
1,9750004 B 2956,4893 11371,452 19626,605 8489,175 13007,124 6504,868 S 1896,299 12463,447 14635,844 10844,556 9523,957 8049,2793
1,9749999 B 2956,4893 11371,452 19626,605 8489,175 13007,124 6504,868 S 1896,299 12463,447 14635,844 10844,556 9523,957 8049,2793
1,9750004 B 2956,4893 11371,452 19626,605 8489,175 13007,124 6504,868 S 1896,299 12463,447 14635,844 10844,556 9523,957 8049,2793
1,975 B 2956,4893 11371,452 19626,605 8489,175 13007,124 6504,868 S 1896,299 12463,447 14635,844 10844,556 9523,957 8049,2793
1,975 B 2956,4893 11371,452 19626,605 8489,175 13007,124 6504,868 S 1896,299 12463,447 14635,844 10844,556 9523,957 8049,2793
1,9750003 B 2956,4893 11371,452 19626,605 8489,175 13007,124 6504,868 S 1896,299 12463,447 14635,844 10844,556 9523,957 8049,2793
1,9749998 B 2956,4893 11371,452 19626,605 8489,175 13007,124 6504,868 S 1896,299 12463,447 14635,844 10844,556 9523,957 8049,2793
1,9750001 B 2956,4893 11371,452 19626,605 8489,175 13007,124 6504,868 S 1896,299 12463,447 14635,844 10844,556 9523,957 8049,2793
1,9750005 B 2956,4893 11371,452 19626,605 8489,175 13007,124 6504,868 S 1896,299 12463,447 14635,844 10844,556 9523,957 8049,2793
1,9750001 B 2956,4893 11371,452 19626,605 8489,175 13007,124 6504,868 S 1896,299 12463,447 14635,844 10844,556 9523,957 8049,2793
1,9754335 B 2956,4893 11371,452 19626,605 8489,175 13007,124 6504,868 S 1896,299 12463,447 14635,844 10844,556 9523,957 8049,2793
1,9760001 B 2956,4893 11371,452 19626,605 8489,175 13007,124 6504,868 S 1896,299 12463,447 14635,844 10844,556 9523,957 8049,2793
1,9760007 B 2956,4893 11371,452 19626,605 8489,175 13007,124 6504,868 S 1896,299 12463,447 14635,844 10844,556 9523,957 8049,2793
1,9760001 B 2956,4893 11371,452 19626,605 8489,175 13007,124 6504,868 S 1896,299 12463,447 14635,844 10844,556 9523,957 8049,2793
1,9759998 B 2956,4893 11371,452 19626,605 8489,175 13007,124 6504,868 S 1896,299 12463,447 14635,844 10844,556 9523,957 8049,2793
1,9760003 B 2956,4893 11371,452 19626,605 8489,175 13007,124 6504,868 S 1896,299 12463,447 14635,844 10844,556 9523,957 8049,2793
1,9760005 B 2956,4893 11371,452 19626,605 8489,175 13007,124 6504,868 S 1896,299 12463,447 14635,844 10844,556 9523,957 8049,2793
1,9760002 B 2956,4893 11371,452 19626,605 8489,175 13007,124 6504,868 S 1896,299 12463,447 14635,844 10844,556 9523,957 8049,2793
1,9760005 B 2956,4893 11371,452 19626,605 8489,175 13007,124 6504,868 S 1896,299 12463,447 14635,844 10844,556 9523,957 8049,2793
1,9760003 B 2956,4893 11371,452 19626,605 8489,175 13007,124 6504,868 S 1896,299 12463,447 14635,844 10844,556 9523,957 8049,2793
1,9760004 B 2956,4893 11371,452 19626,605 8489,175 13007,124 6504,868 S 1896,299 12463,447 14635,844 10844,556 9523,957 8049,2793
1,9760004 B 2956,4893 11371,452 19626,605 8489,175 13007,124 6504,868 S 1896,299 12463,447 14635,844 10844,556 9523,957 8049,2793
1,9760005 B 2956,4893 11371,452 19626,605 8489,175 13007,124 6504,868 S 1896,299 12463,447 14635,844 10844,556 9523,957 8049,2793
1,9760002 B 2956,4893 11371,452 19626,605 8489,175 13007,124 6504,868 S 1896,299 12463,447 14635,844 10844,556 9523,957 8049,2793
1,9760002 B 2956,4893 11371,452 19626,605 8489,175 13007,124 6504,868 S 1896,299 12463,447 14635,844 10844,556 9523,957 8049,2793
1,9760003 B 2956,4893 11371,452 19626,605 8489,175 13007,124 6504,868 S 1896,299 12463,447 14635,844 10844,556 9523,957 8049,2793
1,976 B 2956,4893 11371,452 19626,605 8489,175 13007,124 6504,868 S 1896,299 12463,447 14635,844 10844,556 9523,957 8049,2793
1,9760004 B 2956,4893 11371,452 19626,605 8489,175 13007,124 6504,868 S 1896,299 12463,447 14635,844 10844,556 9523,957 8049,2793
1,9760003 B 2956,4893 11371,452 19626,605 8489,175 13007,124 6504,868 S 1896,299 12463,447 14635,844 10844,556 9523,957 8049,2793
1,9744639 B 2956,4893 11371,452 19626,605 8489,175 13007,124 6504,868 S 1896,299 12463,447 14635,844 10844,556 9523,957 8049,2793
1,9740003 B 2956,4893 11371,452 19626,605 8489,175 13007,124 6504,868 S 1896,299 12463,447 14635,844 10844,556 9523,957 8049,2793
1,9740002 B 2956,4893 11371,452 19626,605 8489,175 13007,124 6504,868 S 1896,299 12463,447 14635,844 10844,556 9523,957 8049,2793
1,9740001 B 2956,4893 11371,452 19626,605 8489,175 13007,124 6504,868 S 1896,299 12463,447 14635,844 10844,556 9523,957 8049,2793
1,9740008 B 2956,4893 11371,452 19626,605 8489,175 13007,124 6504,868 S 1896,299 12463,447 14635,844 10844,556 9523,957 8049,2793
1,9740006 B 2956,4893 11371,452 19626,605 8489,175 13007,124 6504,868 S 1896,299 12463,447 14635,844 10844,556 9523,957 8049,2793
1,9740002 B 2956,4893 11371,452 19626,605 8489,175 13007,124 6504,868 S 1896,299 12463,447 14635,844 10844,556 9523,957 8049,2793
1,9740005 B 2956,4893 11371,452 19626,605 8489,175 13007,124 6504,868 S 1896,299 12463,447 14635,844 10844,556 9523,957 8049,2793
1,9740003 B 2956,4893 11371,452 19626,605 8489,175 13007,124 6504,868 S 1896,299 12463,447 14635,844 10844,556 9523,957 8049,2793
1,9740008 B 2956,4893 11371,452 19626,605 8489,175 13007,124 6504,868 S 1896,299 12463,447 14635,844 10844,556 9523,957 8049,2793
1,9740001 B 2956,4893 11371,452 19626,605 8489,175 13007,124 6504,868 S 1896,299 12463,447 14635,844 10844,556 9523,957 8049,2793
1,9740003 B 2956,4893 11371,452 19626,605 8489,175 13007,124 6504,868 S 1896,299 12463,447 14635,844 10844,556 9523,957 8049,2793
1,9739995 B 2956,4893 11371,452 19626,605 8489,175 13007,124 6504,868 S 1896,299 12463,447 14635,844 10844,556 9523,957 8049,2793
1,9739997 B 2956,4893 11371,452 19626,605 8489,175 13007,124 6504,868 S 1896,299 12463,447 14635,844 10844,556 9523,957 8049,2793
1,9740003 B 2956,4893 11371,452 19626,605 8489,175 13007,124 6504,868 S 1896,299 12463,447 14635,844 10844,556 9523,957 8049,2793
1,9740007 B 2956,4893 11371,452 19626,605 8489,175 13007,124 6504,868 S 1896,299 12463,447 14635,844 10844,556 9523,957 8049,2793
1,9740006 B 2956,4893 11371,452 19626,605 8489,175 13007,124 6504,868 S 1896,299 12463,447 14635,844 10844,556 9523,957 8049,2793
1,9740003 B 2956,4893 11371,452 19626,605 8489,175 13007,124 6504,868 S 1896,299 12463,447 14635,844 10844,556 9523,957 8049,2793
1,9740001 B 2956,4893 11371,452 19626,605 8489,175 13007,124 6504,868 S 1896,299 12463,447 14635,844 10844,556 9523,957 8049,2793
1,9739999 B 2956,4893 11371,452 19626,605 8489,175 13007,124 6504,868 S 1896,299 12463,447 14635,844 10844,556 9523,957 8049,2793
1,9739997 B 2956,4893 11371,452 19626,605 8489,175 13007,124 6504,868 S 1896,299 12463,447 14635,844 10844,556 9523,957 8049,2793
1,9740007 B 2956,4893 11371,452 19626,605 8489,175 13007,124 6504,868 S 1896,299 12463,447 14635,844 10844,556 9523,957 8049,2793
1,9740003 B 2956,4893 11371,452 19626,605 8489,175 13007,124 6504,868 S 1896,299 12463,447 14635,844 10844,556 9523,957 8049,2793
1,9740003 B 2956,4893 11371,452 19626,605 8489,175 13007,124 6504,868 S 1896,299 12463,447 14635,844 10844,556 9523,957 8049,2793
1,9740001 B 2956,4893 11371,452 19626,605 8489,175 13007,124 6504,868 S 1896,299 12463,447 14635,844 10844,556 9523,957 8049,2793
1,9740002 B 2956,4893 11371,452 19626,605 8489,175 13007,124 6504,868 S 1896,299 12463,447 14635,844 10844,556 9523,957 8049,2793
1,9739995 B 2956,4893 11371,452 19626,605 8489,175 13007,124 6504,868 S 1896,299 12463,447 14635,844 10844,556 9523,957 8049,2793
1,9739999 B 2956,4893 11371,452 19626,605 8489,175 13007,124 6504,868 S 1896,299 12463,447 14635,844 10844,556 9523,957 8049,2793
1,9740003 B 2956,4893 11371,452 19626,605 8489,175 13007,124 6504,868 S 1896,299 12463,447 14635,844 10844,556 9523,957 8049,2793
1,9740005 B 2956,4893 11371,452 19626,605 8489,175 13007,124 6504,868 S 1896,299 12463,447 14635,844 10844,556 9523,957 8049,2793
1,9740003 B 2956,4893 11371,452 19626,605 8489,175 13007,124 6504,868 S 1896,299 12463,447 14635,844 10844,556 9523,957 8049,2793
1,9740001 B 2956,4893 11371,452 19626,605 8489,175 13007,124 6504,868 S 1896,299 12463,447 14635,844 10844,556 9523,957 8049,2793
1,9739999 B 2956,4893 11371,452 19626,605 8489,175 13007,124 6504,868 S 1896,299 12463,447 14635,844 10844,556 9523,957 8049,2793
1,9740003 B 2956,4893 11371,452 19626,605 8489,175 13007,124 6504,868 S 1896,299 12463,447 14635,844 10844,556 9523,957 8049,2793
1,9739996 B 2956,4893 11371,452 19626,605 8489,175 13007,124 6504,868 S 1896,299 12463,447 14635,844 10844,556 9523,957 8049,2793
1,9740002 B 2956,4893 11371,452 19626,605 8489,175 13007,124 6504,868 S 1896,299 12463,447 14635,844 10844,556 9523,957 8049,2793
1,9740007 B 2956,4893 11371,452 19626,605 8489,175 13007,124 6504,868 S 1896,299 12463,447 14635,844 10844,556 9523,957 8049,2793
1,9740003 B 2956,4893 11371,452 19626,605 8489,175 13007,124 6504,868 S 1896,299 12463,447 14635,844 10844,556 9523,957 8049,2793
1,9740003 B 2956,4893 11371,452 19626,605 8489,175 13007,124 6504,868 S 1896,299 12463,447 14635,844 10844,556 9523,957 8049,2793
1,9740001 B 2956,4893 11371,452 19626,605 8489,175 13007,124 6504,868 S 1896,299 12463,447 14635,844 10844,556 9523,957 8049,2793
1,9740003 B 2956,4893 11371,452 19626,605 8489,175 13007,124 6504,868 S 1896,299 12463,447 14635,844 10844,556 9523,957 8049,2793
1,9740002 B 2956,4893 11371,452 19626,605 8489,175 13007,124 6504,868 S 1896,299 12463,447 14635,844 10844,556 9523,957 8049,2793
1,9740001 B 2956,4893 11371,452 19626,605 8489,175 13007,124 6504,868 S 1896,299 12463,447 14635,844 10844,556 9523,957 8049,2793
1,9740001 B 2956,4893 11371,452 19626,605 8489,175 13007,124 6504,868 S 1896,299 12463,447 14635,844 10844,556 9523,957 8049,2793
1,9739994 B 2956,4893 11371,452 19626,605 8489,175 13007,124 6504,868 S 1896,299 12463,447 14635,844 10844,556 9523,957 8049,2793
1,9740008 B 2956,4893 11371,452 19626,605 8489,175 13007,124 6504,868 S 1896,299 12463,447 14635,844 10844,556 9523,957 8049,2793
1,9726899 B 2956,4893 11371,452 19626,605 8489,175 13007,124 6504,868 S 1896,299 12463,447 14635,844 10844,556 9523,957 8049,2793
1,9729999 B 2956,4893 11371,452 19626,605 8489,175 13007,124 6504,868 S 1896,299 12463,447 14635,844 10844,556 9523,957 8049,2793
1,9730004 B 2956,4893 11371,452 19626,605 8489,175 13007,124 6504,868 S 1896,299 12463,447 14635,844 10844,556 9523,957 8049,2793
1,973 B 2956,4893 11371,452 19626,605 8489,175 13007,124 6504,868 S 1896,299 12463,447 14635,844 10844,556 9523,957 8049,2793
1,9729998 B 2956,4893 11371,452 19626,605 8489,175 13007,124 6504,868 S 1896,299 12463,447 14635,844 10844,556 9523,957 8049,2793
1,9730002 B 2956,4893 11371,452 19626,605 8489,175 13007,124 6504,868 S 1896,299 12463,447 14635,844 10844,556 9523,957 8049,2793
1,9729997 B 2956,4893 11371,452 19626,605 8489,175 13007,124 6504,868 S 1896,299 12463,447 14635,844 10844,556 9523,957 8049,2793
1,9729995 B 2956,4893 11371,452 19626,605 8489,175 13007,124 6504,868 S 1896,299 12463,447 14635,844 10844,556 9523,957 8049,2793
1,9729998 B 2956,4893 11371,452 19626,605 8489,175 13007,124 6504,868 S 1896,299 12463,447 14635,844 10844,556 9523,957 8049,2793
1,9730004 B 2956,4893 11371,452 19626,605 8489,175 13007,124 6504,868 S 1896,299 12463,447 14635,844 10844,556 9523,957 8049,2793
1,9729998 B 2956,4893 11371,452 19626,605 8489,175 13007,124 6504,868 S 1896,299 12463,447 14635,844 10844,556 9523,957 8049,2793
1,9730004 B 2956,4893 11371,452 19626,605 8489,175 13007,124 6504,868 S 1896,299 12463,447 14635,844 10844,556 9523,957 8049,2793
1,9730002 B 2956,4893 11371,452 19626,605 8489,175 13007,124 6504,868 S 1896,299 12463,447 14635,844 10844,556 9523,957 8049,2793
1,9730002 B 2956,4893 11371,452 19626,605 8489,175 13007,124 6504,868 S 1896,299 12463,447 14635,844 10844,556 9523,957 8049,2793
1,9729998 B 2956,4893 11371,452 19626,605 8489,175 13007,124 6504,868 S 1896,299 12463,447 14635,844 10844,556 9523,957 8049,2793
1,9730003 B 2956,4893 11371,452 19626,605 8489,175 13007,124 6504,868 S 1896,299 12463,447 14635,844 10844,556 9523,957 8049,2793
1,9729995 B 2956,4893 11371,452 19626,605 8489,175 13007,124 6504,868 S 1896,299 12463,447 14635,844 10844,556 9523,957 8049,2793
1,9730003 B 2956,4893 11371,452 19626,605 8489,175 13007,124 6504,868 S 1896,299 12463,447 14635,844 10844,556 9523,957 8049,2793
1,9730002 B 2956,4893 11371,452 19626,605 8489,175 13007,124 6504,868 S 1896,299 12463,447 14635,844 10844,556 9523,957 8049,2793
1,9729998 B 2956,4893 11371,452 19626,605 8489,175 13007,124 6504,868 S 1896,299 12463,447 14635,844 10844,556 9523,957 8049,2793
1,9729999 B 2956,4893 11371,452 19626,605 8489,175 13007,124 6504,868 S 1896,299 12463,447 14635,844 10844,556 9523,957 8049,2793
1,9730002 B 2956,4893 11371,452 19626,605 8489,175 13007,124 6504,868 S 1896,299 12463,447 14635,844 10844,556 9523,957 8049,2793
1,9729998 B 2956,4893 11371,452 19626,605 8489,175 13007,124 6504,868 S 1896,299 12463,447 14635,844 10844,556 9523,957 8049,2793
1,9730004 B 2956,4893 11371,452 19626,605 8489,175 13007,124 6504,868 S 1896,299 12463,447 14635,844 10844,556 9523,957 8049,2793
1,9729998 B 2956,4893 11371,452 19626,605 8489,175 13007,124 6504,868 S 1896,299 12463,447 14635,844 10844,556 9523,957 8049,2793
1,9729998 B 2956,4893 11371,452 19626,605 8489,175 13007,124 6504,868 S 1896,299 12463,447 14635,844 10844,556 9523,957 8049,2793
1,9729999 B 2956,4893 11371,452 19626,605 8489,175 13007,124 6504,868 S 1896,299 12463,447 14635,844 10844,556 9523,957 8049,2793
1,9729997 B 2956,4893 11371,452 19626,605 8489,175 13007,124 6504,868 S 1896,299 12463,447 14635,844 10844,556 9523,957 8049,2793
1,9729996 B 2956,4893 11371,452 19626,605 8489,175 13007,124 6504,868 S 1896,299 12463,447 14635,844 10844,556 9523,957 8049,2793
1,9729999 B 2956,4893 11371,452 19626,605 8489,175 13007,124 6504,868 S 1896,299 12463,447 14635,844 10844,556 9523,957 8049,2793
1,9729998 B 2956,4893 11371,452 19626,605 8489,175 13007,124 6504,868 S 1896,299 12463,447 14635,844 10844,556 9523,957 8049,2793
1,973 B 2956,4893 11371,452 19626,605 8489,175 13007,124 6504,868 S 1896,299 12463,447 14635,844 10844,556 9523,957 8049,2793
1,9728075 B 2956,4893 11371,452 19626,605 8489,175 13007,124 6504,868 S 1896,299 12463,447 14635,844 10844,556 9523,957 8049,2793
1,9720002 B 2956,4893 11371,452 19626,605 8489,175 13007,124 6504,868 S 1896,299 12463,447 14635,844 10844,556 9523,957 8049,2793
1,9719998 B 2956,4893 11371,452 19626,605 8489,175 13007,124 6504,868 S 1896,299 12463,447 14635,844 10844,556 9523,957 8049,2793
1,9719999 B 2956,4893 11371,452 19626,605 8489,175 13007,124 6504,868 S 1896,299 12463,447 14635,844 10844,556 9523,957 8049,2793
1,9720002 B 2956,4893 11371,452 19626,605 8489,175 13007,124 6504,868 S 1896,299 12463,447 14635,844 10844,556 9523,957 8049,2793
1,9720002 B 2956,4893 11371,452 19626,605 8489,175 13007,124 6504,868 S 1896,299 12463,447 14635,844 10844,556 9523,957 8049,2793
1,972 B 2956,4893 11371,452 19626,605 8489,175 13007,124 6504,868 S 1896,299 12463,447 14635,844 10844,556 9523,957 8049,2793
1,9720006 B 2956,4893 11371,452 19626,605 8489,175 13007,124 6504,868 S 1896,299 12463,447 14635,844 10844,556 9523,957 8049,2793
1,9720007 B 2956,4893 11371,452 19626,605 8489,175 13007,124 6504,868 S 1896,299 12463,447 14635,844 10844,556 9523,957 8049,2793
1,9719998 B 2956,4893 11371,452 19626,605 8489,175 13007,124 6504,868 S 1896,299 12463,447 14635,844 10844,556 9523,957 8049,2793
1,972 B 2956,4893 11371,452 19626,605 8489,175 13007,124 6504,868 S 1896,299 12463,447 14635,844 10844,556 9523,957 8049,2793
1,9719996 B 2956,4893 11371,452 19626,605 8489,175 13007,124 6504,868 S 1896,299 12463,447 14635,844 10844,556 9523,957 8049,2793
1,9719999 B 2956,4893 11371,452 19626,605 8489,175 13007,124 6504,868 S 1896,299 12463,447 14635,844 10844,556 9523,957 8049,2793
1,9720004 B 2956,4893 11371,452 19626,605 8489,175 13007,124 6504,868 S 1896,299 12463,447 14635,844 10844,556 9523,957 8049,2793
1,9720001 B 2956,4893 11371,452 19626,605 8489,175 13007,124 6504,868 S 1896,299 12463,447 14635,844 10844,556 9523,957 8049,2793
1,9720002 B 2956,4893 11371,452 19626,605 8489,175 13007,124 6504,868 S 1896,299 12463,447 14635,844 10844,556 9523,957 8049,2793
1,9725494 B 2956,4893 11371,452 19626,605 8489,175 13007,124 6504,868 S 1896,299 12463,447 14635,844 10844,556 9523,957 8049,2793
1,9729996 B 2956,4893 11371,452 19626,605 8489,175 13007,124 6504,868 S 1896,299 12463,447 14635,844 10844,556 9523,957 8049,2793
1,9727985 B 2956,4893 11371,452 19626,605 8489,175 13007,124 6504,868 S 1896,299 12463,447 14635,844 10844,556 9523,957 8049,2793
1,9720006 B 2956,4893 11371,452 19626,605 8489,175 13007,124 6504,868 S 1896,299 12463,447 14635,844 10844,556 9523,957 8049,2793
1,9719994 B 2956,4893 11371,452 19626,605 8489,175 13007,124 6504,868 S 1896,299 12463,447 14635,844 10844,556 9523,957 8049,2793
1,9720001 B 2956,4893 11371,452 19626,605 8489,175 13007,124 6504,868 S 1896,299 12463,447 14635,844 10844,556 9523,957 8049,2793
1,9719995 B 2956,4893 11371,452 19626,605 8489,175 13007,124 6504,868 S 1896,299 12463,447 14635,844 10844,556 9523,957 8049,2793
1,9720004 B 2956,4893 11371,452 19626,605 8489,175 13007,124 6504,868 S 1896,299 12463,447 14635,844 10844,556 9523,957 8049,2793
1,9714704 B 2956,4893 11371,452 19626,605 8489,175 13007,124 6504,868 S 1896,299 12463,447 14635,844 10844,556 9523,957 8049,2793
1,971 B 2956,4893 11371,452 19626,605 8489,175 13007,124 6504,868 S 1896,299 12463,447 14635,844 10844,556 9523,957 8049,2793
1,9709995 B 2956,4893 11371,452 19626,605 8489,175 13007,124 6504,868 S 1896,299 12463,447 14635,844 10844,556 9523,957 8049,2793
1,9710006 B 2956,4893 11371,452 19626,605 8489,175 13007,124 6504,868 S 1896,299 12463,447 14635,844 10844,556 9523,957 8049,2793
1,9710002 B 2956,4893 11371,452 19626,605 8489,175 13007,124 6504,868 S 1896,299 12463,447 14635,844 10844,556 9523,957 8049,2793
1,9710002 B 2956,4893 11371,452 19626,605 8489,175 13007,124 6504,868 S 1896,299 12463,447 14635,844 10844,556 9523,957 8049,2793
1,9710002 B 2956,4893 11371,452 19626,605 8489,175 13007,124 6504,868 S 1896,299 12463,447 14635,844 10844,556 9523,957 8049,2793
1,9709995 B 2956,4893 11371,452 19626,605 8489,175 13007,124 6504,868 S 1896,299 12463,447 14635,844 10844,556 9523,957 8049,2793
1,9709995 B 2956,4893 11371,452 19626,605 8489,175 13007,124 6504,868 S 1896,299 12463,447 14635,844 10844,556 9523,957 8049,2793
1,9710001 B 2956,4893 11371,452 19626,605 8489,175 13007,124 6504,868 S 1896,299 12463,447 14635,844 10844,556 9523,957 8049,2793
1,971 B 2956,4893 11371,452 19626,605 8489,175 13007,124 6504,868 S 1896,299 12463,447 14635,844 10844,556 9523,957 8049,2793
1,9709998 B 2956,4893 11371,452 19626,605 8489,175 13007,124 6504,868 S 1896,299 12463,447 14635,844 10844,556 9523,957 8049,2793
1,9709996 B 2956,4893 11371,452 19626,605 8489,175 13007,124 6504,868 S 1896,299 12463,447 14635,844 10844,556 9523,957 8049,2793
1,9709994 B 2956,4893 11371,452 19626,605 8489,175 13007,124 6504,868 S 1896,299 12463,447 14635,844 10844,556 9523,957 8049,2793
1,9710003 B 2956,4893 11371,452 19626,605 8489,175 13007,124 6504,868 S 1896,299 12463,447 14635,844 10844,556 9523,957 8049,2793
1,9709998 B 2956,4893 11371,452 19626,605 8489,175 13007,124 6504,868 S 1896,299 12463,447 14635,844 10844,556 9523,957 8049,2793
1,971001 B 2956,4893 11371,452 19626,605 8489,175 13007,124 6504,868 S 1896,299 12463,447 14635,844 10844,556 9523,957 8049,2793
1,9709998 B 2956,4893 11371,452 19626,605 8489,175 13007,124 6504,868 S 1896,299 12463,447 14635,844 10844,556 9523,957 8049,2793
1,9710002 B 2956,4893 11371,452 19626,605 8489,175 13007,124 6504,868 S 1896,299 12463,447 14635,844 10844,556 9523,957 8049,2793
1,9710001 B 2956,4893 11371,452 19626,605 8489,175 13007,124 6504,868 S 1896,299 12463,447 14635,844 10844,556 9523,957 8049,2793
1,971 B 2956,4893 11371,452 19626,605 8489,175 13007,124 6504,868 S 1896,299 12463,447 14635,844 10844,556 9523,957 8049,2793
1,9709994 B 2956,4893 11371,452 19626,605 8489,175 13007,124 6504,868 S 1896,299 12463,447 14635,844 10844,556 9523,957 8049,2793
1,9710002 B 2956,4893 11371,452 19626,605 8489,175 13007,124 6504,868 S 1896,299 12463,447 14635,844 10844,556 9523,957 8049,2793
1,971 B 2956,4893 11371,452 19626,605 8489,175 13007,124 6504,868 S 1896,299 12463,447 14635,844 10844,556 9523,957 8049,2793
