1,969188
1,9670004 B 8662,288 20331,521 20175,432 14339,778 138,00996 2367,73 S 1373,9503 11436,404 7510,463 14040,99 6564,686 11350,514
1,9669997 B 8662,288 20331,521 20175,432 14339,778 138,00996 2367,73 S 1373,9503 11436,404 7510,463 14040,99 6564,686 11350,514
1,9669998 B 8662,288 20331,521 20175,432 14339,778 138,00996 2367,73 S 1373,9503 11436,404 7510,463 14040,99 6564,686 11350,514
1,9669998 B 8662,288 20331,521 20175,432 14339,778 138,00996 2367,73 S 1373,9503 11436,404 7510,463 14040,99 6564,686 11350,514
1,9670001 B 8662,288 20331,521 20175,432 14339,778 138,00996 2367,73 S 1373,9503 11436,404 7510,463 14040,99 6564,686 11350,514
1,9670005 B 8662,288 20331,521 20175,432 14339,778 138,00996 2367,73 S 1373,9503 11436,404 7510,463 14040,99 6564,686 11350,514
1,9669999 B 8662,288 20331,521 20175,432 14339,778 138,00996 2367,73 S 1373,9503 11436,404 7510,463 14040,99 6564,686 11350,514
1,9669998 B 8662,288 20331,521 20175,432 14339,778 138,00996 2367,73 S 1373,9503 11436,404 7510,463 14040,99 6564,686 11350,514
1,9670001 B 8662,288 20331,521 20175,432 14339,778 138,00996 2367,73 S 1373,9503 11436,404 7510,463 14040,99 6564,686 11350,514
1,9670005 B 8662,288 20331,521 20175,432 14339,778 138,00996 2367,73 S 1373,9503 11436,404 7510,463 14040,99 6564,686 11350,514
1,9670006 B 8662,288 20331,521 20175,432 14339,778 138,00996 2367,73 S 1373,9503 11436,404 7510,463 14040,99 6564,686 11350,514
1,9665596 B 8662,288 20331,521 20175,432 14339,778 138,00996 2367,73 S 1373,9503 11436,404 7510,463 14040,99 6564,686 11350,514
1,9660008 B 8662,288 20331,521 20175,432 14339,778 138,00996 2367,73 S 1373,9503 11436,404 7510,463 14040,99 6564,686 11350,514
1,9660004 B 8662,288 20331,521 20175,432 14339,778 138,00996 2367,73 S 1373,9503 11436,404 7510,463 14040,99 6564,686 11350,514
1,9660007 B 8662,288 20331,521 20175,432 14339,778 138,00996 2367,73 S 1373,9503 11436,404 7510,463 14040,99 6564,686 11350,514
1,9660004 B 8662,288 20331,521 20175,432 14339,778 138,00996 2367,73 S 1373,9503 11436,404 7510,463 14040,99 6564,686 11350,514
1,9660007 B 8662,288 20331,521 20175,432 14339,778 138,00996 2367,73 S 1373,9503 11436,404 7510,463 14040,99 6564,686 11350,514
1,9660004 B 8662,288 20331,521 20175,432 14339,778 138,00996 2367,73 S 1373,9503 11436,404 7510,463 14040,99 6564,686 11350,514
1,9660012 B 8662,288 20331,521 20175,432 14339,778 138,00996 2367,73 S 1373,9503 11436,404 7510,463 14040,99 6564,686 11350,514
1,9660004 B 8662,288 20331,521 20175,432 14339,778 138,00996 2367,73 S 1373,9503 11436,404 7510,463 14040,99 6564,686 11350,514
1,9660002 B 8662,288 20331,521 20175,432 14339,778 138,00996 2367,73 S 1373,9503 11436,404 7510,463 14040,99 6564,686 11350,514
1,9660004 B 8662,288 20331,521 20175,432 14339,778 138,00996 2367,73 S 1373,9503 11436,404 7510,463 14040,99 6564,686 11350,514
1,9660003 B 8662,288 20331,521 20175,432 14339,778 138,00996 2367,73 S 1373,9503 11436,404 7510,463 14040,99 6564,686 11350,514
1,9654487 B 8662,288 20331,521 20175,432 14339,778 138,00996 2367,73 S 1373,9503 11436,404 7510,463 14040,99 6564,686 11350,514
1,9644296 B 8662,288 20331,521 20175,432 14339,778 138,00996 2367,73 S 1373,9503 11436,404 7510,463 14040,99 6564,686 11350,514
1,9639999 B 8662,288 20331,521 20175,432 14339,778 138,00996 2367,73 S 1373,9503 11436,404 7510,463 14040,99 6564,686 11350,514
1,9639999 B 8662,288 20331,521 20175,432 14339,778 138,00996 2367,73 S 1373,9503 11436,404 7510,463 14040,99 6564,686 11350,514
1,964198 B 8662,288 20331,521 20175,432 14339,778 138,00996 2367,73 S 1373,9503 11436,404 7510,463 14040,99 6564,686 11350,514
1,9653176 B 8662,288 20331,521 20175,432 14339,778 138,00996 2367,73 S 1373,9503 11436,404 7510,463 14040,99 6564,686 11350,514
1,9660004 B 8662,288 20331,521 20175,432 14339,778 138,00996 2367,73 S 1373,9503 11436,404 7510,463 14040,99 6564,686 11350,514
1,9660002 B 8662,288 20331,521 20175,432 14339,778 138,00996 2367,73 S 1373,9503 11436,404 7510,463 14040,99 6564,686 11350,514
1,9660004 B 8662,288 20331,521 20175,432 14339,778 138,00996 2367,73 S 1373,9503 11436,404 7510,463 14040,99 6564,686 11350,514
1,966 B 8662,288 20331,521 20175,432 14339,778 138,00996 2367,73 S 1373,9503 11436,404 7510,463 14040,99 6564,686 11350,514
1,9662324 B 8662,288 20331,521 20175,432 14339,778 138,00996 2367,73 S 1373,9503 11436,404 7510,463 14040,99 6564,686 11350,514
1,9669999 B 8662,288 20331,521 20175,432 14339,778 138,00996 2367,73 S 1373,9503 11436,404 7510,463 14040,99 6564,686 11350,514
1,9669098 B 8662,288 20331,521 20175,432 14339,778 138,00996 2367,73 S 1373,9503 11436,404 7510,463 14040,99 6564,686 11350,514
1,9660009 B 8662,288 20331,521 20175,432 14339,778 138,00996 2367,73 S 1373,9503 11436,404 7510,463 14040,99 6564,686 11350,514
1,9660312 B 8662,288 20331,521 20175,432 14339,778 138,00996 2367,73 S 1373,9503 11436,404 7510,463 14040,99 6564,686 11350,514
1,9670006 B 8662,288 20331,521 20175,432 14339,778 138,00996 2367,73 S 1373,9503 11436,404 7510,463 14040,99 6564,686 11350,514
1,967001 B 8662,288 20331,521 20175,432 14339,778 138,00996 2367,73 S 1373,9503 11436,404 7510,463 14040,99 6564,686 11350,514
1,9669997 B 8662,288 20331,521 20175,432 14339,778 138,00996 2367,73 S 1373,9503 11436,404 7510,463 14040,99 6564,686 11350,514
1,9670001 B 8662,288 20331,521 20175,432 14339,778 138,00996 2367,73 S 1373,9503 11436,404 7510,463 14040,99 6564,686 11350,514
1,9670007 B 8662,288 20331,521 20175,432 14339,778 138,00996 2367,73 S 1373,9503 11436,404 7510,463 14040,99 6564,686 11350,514
1,9669999 B 8662,288 20331,521 20175,432 14339,778 138,00996 2367,73 S 1373,9503 11436,404 7510,463 14040,99 6564,686 11350,514
1,9669999 B 8662,288 20331,521 20175,432 14339,778 138,00996 2367,73 S 1373,9503 11436,404 7510,463 14040,99 6564,686 11350,514
1,9670007 B 8662,288 20331,521 20175,432 14339,778 138,00996 2367,73 S 1373,9503 11436,404 7510,463 14040,99 6564,686 11350,514
1,9670002 B 8662,288 20331,521 20175,432 14339,778 138,00996 2367,73 S 1373,9503 11436,404 7510,463 14040,99 6564,686 11350,514
1,9669998 B 8662,288 20331,521 20175,432 14339,778 138,00996 2367,73 S 1373,9503 11436,404 7510,463 14040,99 6564,686 11350,514
1,9670004 B 8662,288 20331,521 20175,432 14339,778 138,00996 2367,73 S 1373,9503 11436,404 7510,463 14040,99 6564,686 11350,514
1,9670001 B 8662,288 20331,521 20175,432 14339,778 138,00996 2367,73 S 1373,9503 11436,404 7510,463 14040,99 6564,686 11350,514
1,9668037 B 8662,288 20331,521 20175,432 14339,778 138,00996 2367,73 S 1373,9503 11436,404 7510,463 14040,99 6564,686 11350,514
1,9660003 B 8662,288 20331,521 20175,432 14339,778 138,00996 2367,73 S 1373,9503 11436,404 7510,463 14040,99 6564,686 11350,514
1,966001 B 8662,288 20331,521 20175,432 14339,778 138,00996 2367,73 S 1373,9503 11436,404 7510,463 14040,99 6564,686 11350,514
1,9660009 B 8662,288 20331,521 20175,432 14339,778 138,00996 2367,73 S 1373,9503 11436,404 7510,463 14040,99 6564,686 11350,514
1,9660008 B 8662,288 20331,521 20175,432 14339,778 138,00996 2367,73 S 1373,9503 11436,404 7510,463 14040,99 6564,686 11350,514
1,9660007 B 8662,288 20331,521 20175,432 14339,778 138,00996 2367,73 S 1373,9503 11436,404 7510,463 14040,99 6564,686 11350,514
1,9660007 B 8662,288 20331,521 20175,432 14339,778 138,00996 2367,73 S 1373,9503 11436,404 7510,463 14040,99 6564,686 11350,514
1,9660008 B 8662,288 20331,521 20175,432 14339,778 138,00996 2367,73 S 1373,9503 11436,404 7510,463 14040,99 6564,686 11350,514
1,9661062 B 8662,288 20331,521 20175,432 14339,778 138,00996 2367,73 S 1373,9503 11436,404 7510,463 14040,99 6564,686 11350,514
1,9669999 B 8662,288 20331,521 20175,432 14339,778 138,00996 2367,73 S 1373,9503 11436,404 7510,463 14040,99 6564,686 11350,514
1,9670004 B 8662,288 20331,521 20175,432 14339,778 138,00996 2367,73 S 1373,9503 11436,404 7510,463 14040,99 6564,686 11350,514
1,9670004 B 8662,288 20331,521 20175,432 14339,778 138,00996 2367,73 S 1373,9503 11436,404 7510,463 14040,99 6564,686 11350,514
1,9662533 B 8662,288 20331,521 20175,432 14339,778 138,00996 2367,73 S 1373,9503 11436,404 7510,463 14040,99 6564,686 11350,514
1,9660008 B 8662,288 20331,521 20175,432 14339,778 138,00996 2367,73 S 1373,9503 11436,404 7510,463 14040,99 6564,686 11350,514
1,9660015 B 8662,288 20331,521 20175,432 14339,778 138,00996 2367,73 S 1373,9503 11436,404 7510,463 14040,99 6564,686 11350,514
1,9660004 B 8662,288 20331,521 20175,432 14339,778 138,00996 2367,73 S 1373,9503 11436,404 7510,463 14040,99 6564,686 11350,514
1,9660002 B 8662,288 20331,521 20175,432 14339,778 138,00996 2367,73 S 1373,9503 11436,404 7510,463 14040,99 6564,686 11350,514
1,9660009 B 8662,288 20331,521 20175,432 14339,778 138,00996 2367,73 S 1373,9503 11436,404 7510,463 14040,99 6564,686 11350,514
1,9660004 B 8662,288 20331,521 20175,432 14339,778 138,00996 2367,73 S 1373,9503 11436,404 7510,463 14040,99 6564,686 11350,514
1,9660007 B 8662,288 20331,521 20175,432 14339,778 138,00996 2367,73 S 1373,9503 11436,404 7510,463 14040,99 6564,686 11350,514
1,9660007 B 8662,288 20331,521 20175,432 14339,778 138,00996 2367,73 S 1373,9503 11436,404 7510,463 14040,99 6564,686 11350,514
1,9660004 B 8662,288 20331,521 20175,432 14339,778 138,00996 2367,73 S 1373,9503 11436,404 7510,463 14040,99 6564,686 11350,514
1,966 B 8662,288 20331,521 20175,432 14339,778 138,00996 2367,73 S 1373,9503 11436,404 7510,463 14040,99 6564,686 11350,514
1,9660004 B 8662,288 20331,521 20175,432 14339,778 138,00996 2367,73 S 1373,9503 11436,404 7510,463 14040,99 6564,686 11350,514
1,9660009 B 8662,288 20331,521 20175,432 14339,778 138,00996 2367,73 S 1373,9503 11436,404 7510,463 14040,99 6564,686 11350,514
1,9662279 B 8662,288 20331,521 20175,432 14339,778 138,00996 2367,73 S 1373,9503 11436,404 7510,463 14040,99 6564,686 11350,514
1,9669999 B 8662,288 20331,521 20175,432 14339,778 138,00996 2367,73 S 1373,9503 11436,404 7510,463 14040,99 6564,686 11350,514
1,9669999 B 8662,288 20331,521 20175,432 14339,778 138,00996 2367,73 S 1373,9503 11436,404 7510,463 14040,99 6564,686 11350,514
1,9670001 B 8662,288 20331,521 20175,432 14339,778 138,00996 2367,73 S 1373,9503 11436,404 7510,463 14040,99 6564,686 11350,514
1,9670007 B 8662,288 20331,521 20175,432 14339,778 138,00996 2367,73 S 1373,9503 11436,404 7510,463 14040,99 6564,686 11350,514
1,967769 B 8662,288 20331,521 20175,432 14339,778 138,00996 2367,73 S 1373,9503 11436,404 7510,463 14040,99 6564,686 11350,514
1,9680008 B 8662,288 20331,521 20175,432 14339,778 138,00996 2367,73 S 1373,9503 11436,404 7510,463 14040,99 6564,686 11350,514
1,9680004 B 8662,288 20331,521 20175,432 14339,778 138,00996 2367,73 S 1373,9503 11436,404 7510,463 14040,99 6564,686 11350,514
1,9680007 B 8662,288 20331,521 20175,432 14339,778 138,00996 2367,73 S 1373,9503 11436,404 7510,463 14040,99 6564,686 11350,514
1,9679997 B 8662,288 20331,521 20175,432 14339,778 138,00996 2367,73 S 1373,9503 11436,404 7510,463 14040,99 6564,686 11350,514
1,9679997 B 8662,288 20331,521 20175,432 14339,778 138,00996 2367,73 S 1373,9503 11436,404 7510,463 14040,99 6564,686 11350,514
1,9680009 B 8662,288 20331,521 20175,432 14339,778 138,00996 2367,73 S 1373,9503 11436,404 7510,463 14040,99 6564,686 11350,514
1,9679998 B 8662,288 20331,521 20175,432 14339,778 138,00996 2367,73 S 1373,9503 11436,404 7510,463 14040,99 6564,686 11350,514
1,9680002 B 8662,288 20331,521 20175,432 14339,778 138,00996 2367,73 S 1373,9503 11436,404 7510,463 14040,99 6564,686 11350,514
1,9679999 B 8662,288 20331,521 20175,432 14339,778 138,00996 2367,73 S 1373,9503 11436,404 7510,463 14040,99 6564,686 11350,514
1,968 B 8662,288 20331,521 20175,432 14339,778 138,00996 2367,73 S 1373,9503 11436,404 7510,463 14040,99 6564,686 11350,514
1,9679998 B 8662,288 20331,521 20175,432 14339,778 138,00996 2367,73 S 1373,9503 11436,404 7510,463 14040,99 6564,686 11350,514
1,9680003 B 8662,288 20331,521 20175,432 14339,778 138,00996 2367,73 S 1373,9503 11436,404 7510,463 14040,99 6564,686 11350,514
1,9680004 B 8662,288 20331,521 20175,432 14339,778 138,00996 2367,73 S 1373,9503 11436,404 7510,463 14040,99 6564,686 11350,514
1,9686962 B 8662,288 20331,521 20175,432 14339,778 138,00996 2367,73 S 1373,9503 11436,404 7510,463 14040,99 6564,686 11350,514
1,9699997 B 8662,288 20331,521 20175,432 14339,778 138,00996 2367,73 S 1373,9503 11436,404 7510,463 14040,99 6564,686 11350,514
1,9700005 B 8662,288 20331,521 20175,432 14339,778 138,00996 2367,73 S 1373,9503 11436,404 7510,463 14040,99 6564,686 11350,514
1,9700004 B 8662,288 20331,521 20175,432 14339,778 138,00996 2367,73 S 1373,9503 11436,404 7510,463 14040,99 6564,686 11350,514
1,9700001 B 8662,288 20331,521 20175,432 14339,778 138,00996 2367,73 S 1373,9503 11436,404 7510,463 14040,99 6564,686 11350,514
1,9699998 B 8662,288 20331,521 20175,432 14339,778 138,00996 2367,73 S 1373,9503 11436,404 7510,463 14040,99 6564,686 11350,514
1,97 B 8662,288 20331,521 20175,432 14339,778 138,00996 2367,73 S 1373,9503 11436,404 7510,463 14040,99 6564,686 11350,514
1,9699999 B 8662,288 20331,521 20175,432 14339,778 138,00996 2367,73 S 1373,9503 11436,404 7510,463 14040,99 6564,686 11350,514
1,9699994 B 8662,288 20331,521 20175,432 14339,778 138,00996 2367,73 S 1373,9503 11436,404 7510,463 14040,99 6564,686 11350,514
1,9699996 B 8662,288 20331,521 20175,432 14339,778 138,00996 2367,73 S 1373,9503 11436,404 7510,463 14040,99 6564,686 11350,514
1,9700005 B 8662,288 20331,521 20175,432 14339,778 138,00996 2367,73 S 1373,9503 11436,404 7510,463 14040,99 6564,686 11350,514
1,9700001 B 8662,288 20331,521 20175,432 14339,778 138,00996 2367,73 S 1373,9503 11436,404 7510,463 14040,99 6564,686 11350,514
1,9709278 B 8662,288 20331,521 20175,432 14339,778 138,00996 2367,73 S 1373,9503 11436,404 7510,463 14040,99 6564,686 11350,514
1,9709998 B 8662,288 20331,521 20175,432 14339,778 138,00996 2367,73 S 1373,9503 11436,404 7510,463 14040,99 6564,686 11350,514
1,971 B 8662,288 20331,521 20175,432 14339,778 138,00996 2367,73 S 1373,9503 11436,404 7510,463 14040,99 6564,686 11350,514
1,9710004 B 8662,288 20331,521 20175,432 14339,778 138,00996 2367,73 S 1373,9503 11436,404 7510,463 14040,99 6564,686 11350,514
1,9709996 B 8662,288 20331,521 20175,432 14339,778 138,00996 2367,73 S 1373,9503 11436,404 7510,463 14040,99 6564,686 11350,514
1,9710009 B 8662,288 20331,521 20175,432 14339,778 138,00996 2367,73 S 1373,9503 11436,404 7510,463 14040,99 6564,686 11350,514
1,9710002 B 8662,288 20331,521 20175,432 14339,778 138,00996 2367,73 S 1373,9503 11436,404 7510,463 14040,99 6564,686 11350,514
1,9710003 B 8662,288 20331,521 20175,432 14339,778 138,00996 2367,73 S 1373,9503 11436,404 7510,463 14040,99 6564,686 11350,514
1,9710002 B 8662,288 20331,521 20175,432 14339,778 138,00996 2367,73 S 1373,9503 11436,404 7510,463 14040,99 6564,686 11350,514
1,9710004 B 8662,288 20331,521 20175,432 14339,778 138,00996 2367,73 S 1373,9503 11436,404 7510,463 14040,99 6564,686 11350,514
1,9719514 B 8662,288 20331,521 20175,432 14339,778 138,00996 2367,73 S 1373,9503 11436,404 7510,463 14040,99 6564,686 11350,514
1,9720005 B 8662,288 20331,521 20175,432 14339,778 138,00996 2367,73 S 1373,9503 11436,404 7510,463 14040,99 6564,686 11350,514
1,9720005 B 8662,288 20331,521 20175,432 14339,778 138,00996 2367,73 S 1373,9503 11436,404 7510,463 14040,99 6564,686 11350,514
1,9719995 B 8662,288 20331,521 20175,432 14339,778 138,00996 2367,73 S 1373,9503 11436,404 7510,463 14040,99 6564,686 11350,514
1,9719994 B 8662,288 20331,521 20175,432 14339,778 138,00996 2367,73 S 1373,9503 11436,404 7510,463 14040,99 6564,686 11350,514
1,9720001 B 8662,288 20331,521 20175,432 14339,778 138,00996 2367,73 S 1373,9503 11436,404 7510,463 14040,99 6564,686 11350,514
1,9720649 B 8662,288 20331,521 20175,432 14339,778 138,00996 2367,73 S 1373,9503 11436,404 7510,463 14040,99 6564,686 11350,514
1,9729997 B 8662,288 20331,521 20175,432 14339,778 138,00996 2367,73 S 1373,9503 11436,404 7510,463 14040,99 6564,686 11350,514
1,9729999 B 8662,288 20331,521 20175,432 14339,778 138,00996 2367,73 S 1373,9503 11436,404 7510,463 14040,99 6564,686 11350,514
1,9730009 B 8662,288 20331,521 20175,432 14339,778 138,00996 2367,73 S 1373,9503 11436,404 7510,463 14040,99 6564,686 11350,514
1,9730004 B 8662,288 20331,521 20175,432 14339,778 138,00996 2367,73 S 1373,9503 11436,404 7510,463 14040,99 6564,686 11350,514
1,9729995 B 8662,288 20331,521 20175,432 14339,778 138,00996 2367,73 S 1373,9503 11436,404 7510,463 14040,99 6564,686 11350,514
1,9730003 B 8662,288 20331,521 20175,432 14339,778 138,00996 2367,73 S 1373,9503 11436,404 7510,463 14040,99 6564,686 11350,514
1,9729995 B 8662,288 20331,521 20175,432 14339,778 138,00996 2367,73 S 1373,9503 11436,404 7510,463 14040,99 6564,686 11350,514
1,9730002 B 8662,288 20331,521 20175,432 14339,778 138,00996 2367,73 S 1373,9503 11436,404 7510,463 14040,99 6564,686 11350,514
1,9729999 B 8662,288 20331,521 20175,432 14339,778 138,00996 2367,73 S 1373,9503 11436,404 7510,463 14040,99 6564,686 11350,514
1,9728177 B 8662,288 20331,521 20175,432 14339,778 138,00996 2367,73 S 1373,9503 11436,404 7510,463 14040,99 6564,686 11350,514
1,9719999 B 8662,288 20331,521 20175,432 14339,778 138,00996 2367,73 S 1373,9503 11436,404 7510,463 14040,99 6564,686 11350,514
1,9720001 B 8662,288 20331,521 20175,432 14339,778 138,00996 2367,73 S 1373,9503 11436,404 7510,463 14040,99 6564,686 11350,514
1,9720001 B 8662,288 20331,521 20175,432 14339,778 138,00996 2367,73 S 1373,9503 11436,404 7510,463 14040,99 6564,686 11350,514
1,9719999 B 8662,288 20331,521 20175,432 14339,778 138,00996 2367,73 S 1373,9503 11436,404 7510,463 14040,99 6564,686 11350,514
1,9720001 B 8662,288 20331,521 20175,432 14339,778 138,00996 2367,73 S 1373,9503 11436,404 7510,463 14040,99 6564,686 11350,514
1,9719999 B 8662,288 20331,521 20175,432 14339,778 138,00996 2367,73 S 1373,9503 11436,404 7510,463 14040,99 6564,686 11350,514
1,9720784 B 8662,288 20331,521 20175,432 14339,778 138,00996 2367,73 S 1373,9503 11436,404 7510,463 14040,99 6564,686 11350,514
1,9730003 B 8662,288 20331,521 20175,432 14339,778 138,00996 2367,73 S 1373,9503 11436,404 7510,463 14040,99 6564,686 11350,514
1,9729999 B 8662,288 20331,521 20175,432 14339,778 138,00996 2367,73 S 1373,9503 11436,404 7510,463 14040,99 6564,686 11350,514
1,9729999 B 8662,288 20331,521 20175,432 14339,778 138,00996 2367,73 S 1373,9503 11436,404 7510,463 14040,99 6564,686 11350,514
1,9729997 B 8662,288 20331,521 20175,432 14339,778 138,00996 2367,73 S 1373,9503 11436,404 7510,463 14040,99 6564,686 11350,514
1,973 B 8662,288 20331,521 20175,432 14339,778 138,00996 2367,73 S 1373,9503 11436,404 7510,463 14040,99 6564,686 11350,514
1,9730002 B 8662,288 20331,521 20175,432 14339,778 138,00996 2367,73 S 1373,9503 11436,404 7510,463 14040,99 6564,686 11350,514
1,9729999 B 8662,288 20331,521 20175,432 14339,778 138,00996 2367,73 S 1373,9503 11436,404 7510,463 14040,99 6564,686 11350,514
1,9730004 B 8662,288 20331,521 20175,432 14339,778 138,00996 2367,73 S 1373,9503 11436,404 7510,463 14040,99 6564,686 11350,514
1,9730002 B 8662,288 20331,521 20175,432 14339,778 138,00996 2367,73 S 1373,9503 11436,404 7510,463 14040,99 6564,686 11350,514
1,9729999 B 8662,288 20331,521 20175,432 14339,778 138,00996 2367,73 S 1373,9503 11436,404 7510,463 14040,99 6564,686 11350,514
1,973 B 8662,288 20331,521 20175,432 14339,778 138,00996 2367,73 S 1373,9503 11436,404 7510,463 14040,99 6564,686 11350,514
1,9730003 B 8662,288 20331,521 20175,432 14339,778 138,00996 2367,73 S 1373,9503 11436,404 7510,463 14040,99 6564,686 11350,514
1,9730008 B 8662,288 20331,521 20175,432 14339,778 138,00996 2367,73 S 1373,9503 11436,404 7510,463 14040,99 6564,686 11350,514
1,9730008 B 8662,288 20331,521 20175,432 14339,778 138,00996 2367,73 S 1373,9503 11436,404 7510,463 14040,99 6564,686 11350,514
1,9729996 B 8662,288 20331,521 20175,432 14339,778 138,00996 2367,73 S 1373,9503 11436,404 7510,463 14040,99 6564,686 11350,514
1,9730003 B 8662,288 20331,521 20175,432 14339,778 138,00996 2367,73 S 1373,9503 11436,404 7510,463 14040,99 6564,686 11350,514
1,973 B 8662,288 20331,521 20175,432 14339,778 138,00996 2367,73 S 1373,9503 11436,404 7510,463 14040,99 6564,686 11350,514
1,9729999 B 8662,288 20331,521 20175,432 14339,778 138,00996 2367,73 S 1373,9503 11436,404 7510,463 14040,99 6564,686 11350,514
1,973 B 8662,288 20331,521 20175,432 14339,778 138,00996 2367,73 S 1373,9503 11436,404 7510,463 14040,99 6564,686 11350,514
1,9730003 B 8662,288 20331,521 20175,432 14339,778 138,00996 2367,73 S 1373,9503 11436,404 7510,463 14040,99 6564,686 11350,514
1,9730003 B 8662,288 20331,521 20175,432 14339,778 138,00996 2367,73 S 1373,9503 11436,404 7510,463 14040,99 6564,686 11350,514
1,9730006 B 8662,288 20331,521 20175,432 14339,778 138,00996 2367,73 S 1373,9503 11436,404 7510,463 14040,99 6564,686 11350,514
1,9729998 B 8662,288 20331,521 20175,432 14339,778 138,00996 2367,73 S 1373,9503 11436,404 7510,463 14040,99 6564,686 11350,514
1,973 B 8662,288 20331,521 20175,432 14339,778 138,00996 2367,73 S 1373,9503 11436,404 7510,463 14040,99 6564,686 11350,514
1,9720603 B 8662,288 20331,521 20175,432 14339,778 138,00996 2367,73 S 1373,9503 11436,404 7510,463 14040,99 6564,686 11350,514
1,9708583 B 8662,288 20331,521 20175,432 14339,778 138,00996 2367,73 S 1373,9503 11436,404 7510,463 14040,99 6564,686 11350,514
1,9700001 B 8662,288 20331,521 20175,432 14339,778 138,00996 2367,73 S 1373,9503 11436,404 7510,463 14040,99 6564,686 11350,514
1,97 B 8662,288 20331,521 20175,432 14339,778 138,00996 2367,73 S 1373,9503 11436,404 7510,463 14040,99 6564,686 11350,514
1,9699996 B 8662,288 20331,521 20175,432 14339,778 138,00996 2367,73 S 1373,9503 11436,404 7510,463 14040,99 6564,686 11350,514
1,9699994 B 8662,288 20331,521 20175,432 14339,778 138,00996 2367,73 S 1373,9503 11436,404 7510,463 14040,99 6564,686 11350,514
1,9700005 B 8662,288 20331,521 20175,432 14339,778 138,00996 2367,73 S 1373,9503 11436,404 7510,463 14040,99 6564,686 11350,514
1,9699998 B 8662,288 20331,521 20175,432 14339,778 138,00996 2367,73 S 1373,9503 11436,404 7510,463 14040,99 6564,686 11350,514
1,9699996 B 8662,288 20331,521 20175,432 14339,778 138,00996 2367,73 S 1373,9503 11436,404 7510,463 14040,99 6564,686 11350,514
1,9699997 B 8662,288 20331,521 20175,432 14339,778 138,00996 2367,73 S 1373,9503 11436,404 7510,463 14040,99 6564,686 11350,514
1,9699998 B 8662,288 20331,521 20175,432 14339,778 138,00996 2367,73 S 1373,9503 11436,404 7510,463 14040,99 6564,686 11350,514
1,9699997 B 8662,288 20331,521 20175,432 14339,778 138,00996 2367,73 S 1373,9503 11436,404 7510,463 14040,99 6564,686 11350,514
1,9699999 B 8662,288 20331,521 20175,432 14339,778 138,00996 2367,73 S 1373,9503 11436,404 7510,463 14040,99 6564,686 11350,514
1,9700004 B 8662,288 20331,521 20175,432 14339,778 138,00996 2367,73 S 1373,9503 11436,404 7510,463 14040,99 6564,686 11350,514
1,9699998 B 8662,288 20331,521 20175,432 14339,778 138,00996 2367,73 S 1373,9503 11436,404 7510,463 14040,99 6564,686 11350,514
1,9699994 B 8662,288 20331,521 20175,432 14339,778 138,00996 2367,73 S 1373,9503 11436,404 7510,463 14040,99 6564,686 11350,514
1,9699999 B 8662,288 20331,521 20175,432 14339,778 138,00996 2367,73 S 1373,9503 11436,404 7510,463 14040,99 6564,686 11350,514
1,9699999 B 8662,288 20331,521 20175,432 14339,778 138,00996 2367,73 S 1373,9503 11436,404 7510,463 14040,99 6564,686 11350,514
1,9699998 B 8662,288 20331,521 20175,432 14339,778 138,00996 2367,73 S 1373,9503 11436,404 7510,463 14040,99 6564,686 11350,514
1,9700004 B 8662,288 20331,521 20175,432 14339,778 138,00996 2367,73 S 1373,9503 11436,404 7510,463 14040,99 6564,686 11350,514
1,9700005 B 8662,288 20331,521 20175,432 14339,778 138,00996 2367,73 S 1373,9503 11436,404 7510,463 14040,99 6564,686 11350,514
1,9700001 B 8662,288 20331,521 20175,432 14339,778 138,00996 2367,73 S 1373,9503 11436,404 7510,463 14040,99 6564,686 11350,514
1,9700001 B 8662,288 20331,521 20175,432 14339,778 138,00996 2367,73 S 1373,9503 11436,404 7510,463 14040,99 6564,686 11350,514
1,97 B 8662,288 20331,521 20175,432 14339,778 138,00996 2367,73 S 1373,9503 11436,404 7510,463 14040,99 6564,686 11350,514
1,9700004 B 8662,288 20331,521 20175,432 14339,778 138,00996 2367,73 S 1373,9503 11436,404 7510,463 14040,99 6564,686 11350,514
1,9700005 B 8662,288 20331,521 20175,432 14339,778 138,00996 2367,73 S 1373,9503 11436,404 7510,463 14040,99 6564,686 11350,514
1,9699998 B 8662,288 20331,521 20175,432 14339,778 138,00996 2367,73 S 1373,9503 11436,404 7510,463 14040,99 6564,686 11350,514
1,9699535 B 8662,288 20331,521 20175,432 14339,778 138,00996 2367,73 S 1373,9503 11436,404 7510,463 14040,99 6564,686 11350,514
1,969 B 8662,288 20331,521 20175,432 14339,778 138,00996 2367,73 S 1373,9503 11436,404 7510,463 14040,99 6564,686 11350,514
1,9690003 B 8662,288 20331,521 20175,432 14339,778 138,00996 2367,73 S 1373,9503 11436,404 7510,463 14040,99 6564,686 11350,514
1,9689996 B 8662,288 20331,521 20175,432 14339,778 138,00996 2367,73 S 1373,9503 11436,404 7510,463 14040,99 6564,686 11350,514
1,9690003 B 8662,288 20331,521 20175,432 14339,778 138,00996 2367,73 S 1373,9503 11436,404 7510,463 14040,99 6564,686 11350,514
1,969 B 8662,288 20331,521 20175,432 14339,778 138,00996 2367,73 S 1373,9503 11436,404 7510,463 14040,99 6564,686 11350,514
1,9690005 B 8662,288 20331,521 20175,432 14339,778 138,00996 2367,73 S 1373,9503 11436,404 7510,463 14040,99 6564,686 11350,514
1,9689997 B 8662,288 20331,521 20175,432 14339,778 138,00996 2367,73 S 1373,9503 11436,404 7510,463 14040,99 6564,686 11350,514
1,969 B 8662,288 20331,521 20175,432 14339,778 138,00996 2367,73 S 1373,9503 11436,404 7510,463 14040,99 6564,686 11350,514
1,9690001 B 8662,288 20331,521 20175,432 14339,778 138,00996 2367,73 S 1373,9503 11436,404 7510,463 14040,99 6564,686 11350,514
1,9690002 B 8662,288 20331,521 20175,432 14339,778 138,00996 2367,73 S 1373,9503 11436,404 7510,463 14040,99 6564,686 11350,514
1,969 B 8662,288 20331,521 20175,432 14339,778 138,00996 2367,73 S 1373,9503 11436,404 7510,463 14040,99 6564,686 11350,514
1,9689999 B 8662,288 20331,521 20175,432 14339,778 138,00996 2367,73 S 1373,9503 11436,404 7510,463 14040,99 6564,686 11350,514
1,9689999 B 8662,288 20331,521 20175,432 14339,778 138,00996 2367,73 S 1373,9503 11436,404 7510,463 14040,99 6564,686 11350,514
1,969618 B 8662,288 20331,521 20175,432 14339,778 138,00996 2367,73 S 1373,9503 11436,404 7510,463 14040,99 6564,686 11350,514
1,9700001 B 8662,288 20331,521 20175,432 14339,778 138,00996 2367,73 S 1373,9503 11436,404 7510,463 14040,99 6564,686 11350,514
1,9699998 B 8662,288 20331,521 20175,432 14339,778 138,00996 2367,73 S 1373,9503 11436,404 7510,463 14040,99 6564,686 11350,514
1,9699998 B 8662,288 20331,521 20175,432 14339,778 138,00996 2367,73 S 1373,9503 11436,404 7510,463 14040,99 6564,686 11350,514
1,97 B 8662,288 20331,521 20175,432 14339,778 138,00996 2367,73 S 1373,9503 11436,404 7510,463 14040,99 6564,686 11350,514
1,9699999 B 8662,288 20331,521 20175,432 14339,778 138,00996 2367,73 S 1373,9503 11436,404 7510,463 14040,99 6564,686 11350,514
1,9699998 B 8662,288 20331,521 20175,432 14339,778 138,00996 2367,73 S 1373,9503 11436,404 7510,463 14040,99 6564,686 11350,514
1,9699999 B 8662,288 20331,521 20175,432 14339,778 138,00996 2367,73 S 1373,9503 11436,404 7510,463 14040,99 6564,686 11350,514
1,9700005 B 8662,288 20331,521 20175,432 14339,778 138,00996 2367,73 S 1373,9503 11436,404 7510,463 14040,99 6564,686 11350,514
1,9699997 B 8662,288 20331,521 20175,432 14339,778 138,00996 2367,73 S 1373,9503 11436,404 7510,463 14040,99 6564,686 11350,514
1,9700004 B 8662,288 20331,521 20175,432 14339,778 138,00996 2367,73 S 1373,9503 11436,404 7510,463 14040,99 6564,686 11350,514
1,9699999 B 8662,288 20331,521 20175,432 14339,778 138,00996 2367,73 S 1373,9503 11436,404 7510,463 14040,99 6564,686 11350,514
1,9699997 B 8662,288 20331,521 20175,432 14339,778 138,00996 2367,73 S 1373,9503 11436,404 7510,463 14040,99 6564,686 11350,514
1,9699997 B 8662,288 20331,521 20175,432 14339,778 138,00996 2367,73 S 1373,9503 11436,404 7510,463 14040,99 6564,686 11350,514
1,9699998 B 8662,288 20331,521 20175,432 14339,778 138,00996 2367,73 S 1373,9503 11436,404 7510,463 14040,99 6564,686 11350,514
1,9700005 B 8662,288 20331,521 20175,432 14339,778 138,00996 2367,73 S 1373,9503 11436,404 7510,463 14040,99 6564,686 11350,514
1,97 B 8662,288 20331,521 20175,432 14339,778 138,00996 2367,73 S 1373,9503 11436,404 7510,463 14040,99 6564,686 11350,514
1,9700004 B 8662,288 20331,521 20175,432 14339,778 138,00996 2367,73 S 1373,9503 11436,404 7510,463 14040,99 6564,686 11350,514
1,9699996 B 8662,288 20331,521 20175,432 14339,778 138,00996 2367,73 S 1373,9503 11436,404 7510,463 14040,99 6564,686 11350,514
1,9700004 B 8662,288 20331,521 20175,432 14339,778 138,00996 2367,73 S 1373,9503 11436,404 7510,463 14040,99 6564,686 11350,514
1,9699999 B 8662,288 20331,521 20175,432 14339,778 138,00996 2367,73 S 1373,9503 11436,404 7510,463 14040,99 6564,686 11350,514
1,9699999 B 8662,288 20331,521 20175,432 14339,778 138,00996 2367,73 S 1373,9503 11436,404 7510,463 14040,99 6564,686 11350,514
1,9699998 B 8662,288 20331,521 20175,432 14339,778 138,00996 2367,73 S 1373,9503 11436,404 7510,463 14040,99 6564,686 11350,514
1,97 B 8662,288 20331,521 20175,432 14339,778 138,00996 2367,73 S 1373,9503 11436,404 7510,463 14040,99 6564,686 11350,514
1,9699994 B 8662,288 20331,521 20175,432 14339,778 138,00996 2367,73 S 1373,9503 11436,404 7510,463 14040,99 6564,686 11350,514
1,9699998 B 8662,288 20331,521 20175,432 14339,778 138,00996 2367,73 S 1373,9503 11436,404 7510,463 14040,99 6564,686 11350,514
1,9700001 B 8662,288 20331,521 20175,432 14339,778 138,00996 2367,73 S 1373,9503 11436,404 7510,463 14040,99 6564,686 11350,514
1,9700004 B 8662,288 20331,521 20175,432 14339,778 138,00996 2367,73 S 1373,9503 11436,404 7510,463 14040,99 6564,686 11350,514
1,9700001 B 8662,288 20331,521 20175,432 14339,778 138,00996 2367,73 S 1373,9503 11436,404 7510,463 14040,99 6564,686 11350,514
1,9699994 B 8662,288 20331,521 20175,432 14339,778 138,00996 2367,73 S 1373,9503 11436,404 7510,463 14040,99 6564,686 11350,514
1,9699999 B 8662,288 20331,521 20175,432 14339,778 138,00996 2367,73 S 1373,9503 11436,404 7510,463 14040,99 6564,686 11350,514
1,9699994 B 8662,288 20331,521 20175,432 14339,778 138,00996 2367,73 S 1373,9503 11436,404 7510,463 14040,99 6564,686 11350,514
1,9699996 B 8662,288 20331,521 20175,432 14339,778 138,00996 2367,73 S 1373,9503 11436,404 7510,463 14040,99 6564,686 11350,514
1,9699999 B 8662,288 20331,521 20175,432 14339,778 138,00996 2367,73 S 1373,9503 11436,404 7510,463 14040,99 6564,686 11350,514
1,97 B 8662,288 20331,521 20175,432 14339,778 138,00996 2367,73 S 1373,9503 11436,404 7510,463 14040,99 6564,686 11350,514
