1,9751996
1,9869999 B 2359,4653 6363,205 20093,955 11625,385 12206,634 7221,3257 S 4637,4785 17768,713 13932,393 5586,885 5888,867 12704,885
1,9869995 B 2359,4653 6363,205 20093,955 11625,385 12206,634 7221,3257 S 4637,4785 17768,713 13932,393 5586,885 5888,867 12704,885
1,9869995 B 2359,4653 6363,205 20093,955 11625,385 12206,634 7221,3257 S 4637,4785 17768,713 13932,393 5586,885 5888,867 12704,885
1,9870002 B 2359,4653 6363,205 20093,955 11625,385 12206,634 7221,3257 S 4637,4785 17768,713 13932,393 5586,885 5888,867 12704,885
1,9870006 B 2359,4653 6363,205 20093,955 11625,385 12206,634 7221,3257 S 4637,4785 17768,713 13932,393 5586,885 5888,867 12704,885
1,9870003 B 2359,4653 6363,205 20093,955 11625,385 12206,634 7221,3257 S 4637,4785 17768,713 13932,393 5586,885 5888,867 12704,885
1,9870006 B 2359,4653 6363,205 20093,955 11625,385 12206,634 7221,3257 S 4637,4785 17768,713 13932,393 5586,885 5888,867 12704,885
1,9870001 B 2359,4653 6363,205 20093,955 11625,385 12206,634 7221,3257 S 4637,4785 17768,713 13932,393 5586,885 5888,867 12704,885
1,9870003 B 2359,4653 6363,205 20093,955 11625,385 12206,634 7221,3257 S 4637,4785 17768,713 13932,393 5586,885 5888,867 12704,885
1,9870001 B 2359,4653 6363,205 20093,955 11625,385 12206,634 7221,3257 S 4637,4785 17768,713 13932,393 5586,885 5888,867 12704,885
1,9869996 B 2359,4653 6363,205 20093,955 11625,385 12206,634 7221,3257 S 4637,4785 17768,713 13932,393 5586,885 5888,867 12704,885
1,9869998 B 2359,4653 6363,205 20093,955 11625,385 12206,634 7221,3257 S 4637,4785 17768,713 13932,393 5586,885 5888,867 12704,885
1,9870001 B 2359,4653 6363,205 20093,955 11625,385 12206,634 7221,3257 S 4637,4785 17768,713 13932,393 5586,885 5888,867 12704,885
1,9870001 B 2359,4653 6363,205 20093,955 11625,385 12206,634 7221,3257 S 4637,4785 17768,713 13932,393 5586,885 5888,867 12704,885
1,9870001 B 2359,4653 6363,205 20093,955 11625,385 12206,634 7221,3257 S 4637,4785 17768,713 13932,393 5586,885 5888,867 12704,885
1,9870006 B 2359,4653 6363,205 20093,955 11625,385 12206,634 7221,3257 S 4637,4785 17768,713 13932,393 5586,885 5888,867 12704,885
1,9870003 B 2359,4653 6363,205 20093,955 11625,385 12206,634 7221,3257 S 4637,4785 17768,713 13932,393 5586,885 5888,867 12704,885
1,987 B 2359,4653 6363,205 20093,955 11625,385 12206,634 7221,3257 S 4637,4785 17768,713 13932,393 5586,885 5888,867 12704,885
1,9869999 B 2359,4653 6363,205 20093,955 11625,385 12206,634 7221,3257 S 4637,4785 17768,713 13932,393 5586,885 5888,867 12704,885
1,9870007 B 2359,4653 6363,205 20093,955 11625,385 12206,634 7221,3257 S 4637,4785 17768,713 13932,393 5586,885 5888,867 12704,885
1,9870007 B 2359,4653 6363,205 20093,955 11625,385 12206,634 7221,3257 S 4637,4785 17768,713 13932,393 5586,885 5888,867 12704,885
1,9870003 B 2359,4653 6363,205 20093,955 11625,385 12206,634 7221,3257 S 4637,4785 17768,713 13932,393 5586,885 5888,867 12704,885
1,987 B 2359,4653 6363,205 20093,955 11625,385 12206,634 7221,3257 S 4637,4785 17768,713 13932,393 5586,885 5888,867 12704,885
1,984009 B 2359,4653 6363,205 20093,955 11625,385 12206,634 7221,3257 S 4637,4785 17768,713 13932,393 5586,885 5888,867 12704,885
1,9840004 B 2359,4653 6363,205 20093,955 11625,385 12206,634 7221,3257 S 4637,4785 17768,713 13932,393 5586,885 5888,867 12704,885
1,9839998 B 2359,4653 6363,205 20093,955 11625,385 12206,634 7221,3257 S 4637,4785 17768,713 13932,393 5586,885 5888,867 12704,885
1,984 B 2359,4653 6363,205 20093,955 11625,385 12206,634 7221,3257 S 4637,4785 17768,713 13932,393 5586,885 5888,867 12704,885
1,9840001 B 2359,4653 6363,205 20093,955 11625,385 12206,634 7221,3257 S 4637,4785 17768,713 13932,393 5586,885 5888,867 12704,885
1,9837987 B 2359,4653 6363,205 20093,955 11625,385 12206,634 7221,3257 S 4637,4785 17768,713 13932,393 5586,885 5888,867 12704,885
1,9830003 B 2359,4653 6363,205 20093,955 11625,385 12206,634 7221,3257 S 4637,4785 17768,713 13932,393 5586,885 5888,867 12704,885
1,9815627 B 2359,4653 6363,205 20093,955 11625,385 12206,634 7221,3257 S 4637,4785 17768,713 13932,393 5586,885 5888,867 12704,885
1,9799997 B 2359,4653 6363,205 20093,955 11625,385 12206,634 7221,3257 S 4637,4785 17768,713 13932,393 5586,885 5888,867 12704,885
1,9799998 B 2359,4653 6363,205 20093,955 11625,385 12206,634 7221,3257 S 4637,4785 17768,713 13932,393 5586,885 5888,867 12704,885
1,9799995 B 2359,4653 6363,205 20093,955 11625,385 12206,634 7221,3257 S 4637,4785 17768,713 13932,393 5586,885 5888,867 12704,885
1,9800001 B 2359,4653 6363,205 20093,955 11625,385 12206,634 7221,3257 S 4637,4785 17768,713 13932,393 5586,885 5888,867 12704,885
1,9799998 B 2359,4653 6363,205 20093,955 11625,385 12206,634 7221,3257 S 4637,4785 17768,713 13932,393 5586,885 5888,867 12704,885
1,9800001 B 2359,4653 6363,205 20093,955 11625,385 12206,634 7221,3257 S 4637,4785 17768,713 13932,393 5586,885 5888,867 12704,885
1,9809985 B 2359,4653 6363,205 20093,955 11625,385 12206,634 7221,3257 S 4637,4785 17768,713 13932,393 5586,885 5888,867 12704,885
1,9806473 B 2359,4653 6363,205 20093,955 11625,385 12206,634 7221,3257 S 4637,4785 17768,713 13932,393 5586,885 5888,867 12704,885
1,9800006 B 2359,4653 6363,205 20093,955 11625,385 12206,634 7221,3257 S 4637,4785 17768,713 13932,393 5586,885 5888,867 12704,885
1,9799998 B 2359,4653 6363,205 20093,955 11625,385 12206,634 7221,3257 S 4637,4785 17768,713 13932,393 5586,885 5888,867 12704,885
1,9800003 B 2359,4653 6363,205 20093,955 11625,385 12206,634 7221,3257 S 4637,4785 17768,713 13932,393 5586,885 5888,867 12704,885
1,9799998 B 2359,4653 6363,205 20093,955 11625,385 12206,634 7221,3257 S 4637,4785 17768,713 13932,393 5586,885 5888,867 12704,885
1,9803996 B 2359,4653 6363,205 20093,955 11625,385 12206,634 7221,3257 S 4637,4785 17768,713 13932,393 5586,885 5888,867 12704,885
1,9809997 B 2359,4653 6363,205 20093,955 11625,385 12206,634 7221,3257 S 4637,4785 17768,713 13932,393 5586,885 5888,867 12704,885
1,9809995 B 2359,4653 6363,205 20093,955 11625,385 12206,634 7221,3257 S 4637,4785 17768,713 13932,393 5586,885 5888,867 12704,885
1,9810004 B 2359,4653 6363,205 20093,955 11625,385 12206,634 7221,3257 S 4637,4785 17768,713 13932,393 5586,885 5888,867 12704,885
1,9809997 B 2359,4653 6363,205 20093,955 11625,385 12206,634 7221,3257 S 4637,4785 17768,713 13932,393 5586,885 5888,867 12704,885
1,9809994 B 2359,4653 6363,205 20093,955 11625,385 12206,634 7221,3257 S 4637,4785 17768,713 13932,393 5586,885 5888,867 12704,885
1,9809996 B 2359,4653 6363,205 20093,955 11625,385 12206,634 7221,3257 S 4637,4785 17768,713 13932,393 5586,885 5888,867 12704,885
1,9810001 B 2359,4653 6363,205 20093,955 11625,385 12206,634 7221,3257 S 4637,4785 17768,713 13932,393 5586,885 5888,867 12704,885
1,9810008 B 2359,4653 6363,205 20093,955 11625,385 12206,634 7221,3257 S 4637,4785 17768,713 13932,393 5586,885 5888,867 12704,885
1,9809997 B 2359,4653 6363,205 20093,955 11625,385 12206,634 7221,3257 S 4637,4785 17768,713 13932,393 5586,885 5888,867 12704,885
1,9810005 B 2359,4653 6363,205 20093,955 11625,385 12206,634 7221,3257 S 4637,4785 17768,713 13932,393 5586,885 5888,867 12704,885
1,9810004 B 2359,4653 6363,205 20093,955 11625,385 12206,634 7221,3257 S 4637,4785 17768,713 13932,393 5586,885 5888,867 12704,885
1,9805524 B 2359,4653 6363,205 20093,955 11625,385 12206,634 7221,3257 S 4637,4785 17768,713 13932,393 5586,885 5888,867 12704,885
1,9793375 B 2359,4653 6363,205 20093,955 11625,385 12206,634 7221,3257 S 4637,4785 17768,713 13932,393 5586,885 5888,867 12704,885
1,9805131 B 2359,4653 6363,205 20093,955 11625,385 12206,634 7221,3257 S 4637,4785 17768,713 13932,393 5586,885 5888,867 12704,885
1,9809996 B 2359,4653 6363,205 20093,955 11625,385 12206,634 7221,3257 S 4637,4785 17768,713 13932,393 5586,885 5888,867 12704,885
1,9810003 B 2359,4653 6363,205 20093,955 11625,385 12206,634 7221,3257 S 4637,4785 17768,713 13932,393 5586,885 5888,867 12704,885
1,9809997 B 2359,4653 6363,205 20093,955 11625,385 12206,634 7221,3257 S 4637,4785 17768,713 13932,393 5586,885 5888,867 12704,885
1,9809997 B 2359,4653 6363,205 20093,955 11625,385 12206,634 7221,3257 S 4637,4785 17768,713 13932,393 5586,885 5888,867 12704,885
1,9810004 B 2359,4653 6363,205 20093,955 11625,385 12206,634 7221,3257 S 4637,4785 17768,713 13932,393 5586,885 5888,867 12704,885
1,9810003 B 2359,4653 6363,205 20093,955 11625,385 12206,634 7221,3257 S 4637,4785 17768,713 13932,393 5586,885 5888,867 12704,885
1,9809995 B 2359,4653 6363,205 20093,955 11625,385 12206,634 7221,3257 S 4637,4785 17768,713 13932,393 5586,885 5888,867 12704,885
1,9810004 B 2359,4653 6363,205 20093,955 11625,385 12206,634 7221,3257 S 4637,4785 17768,713 13932,393 5586,885 5888,867 12704,885
1,9809996 B 2359,4653 6363,205 20093,955 11625,385 12206,634 7221,3257 S 4637,4785 17768,713 13932,393 5586,885 5888,867 12704,885
1,9809997 B 2359,4653 6363,205 20093,955 11625,385 12206,634 7221,3257 S 4637,4785 17768,713 13932,393 5586,885 5888,867 12704,885
1,9809996 B 2359,4653 6363,205 20093,955 11625,385 12206,634 7221,3257 S 4637,4785 17768,713 13932,393 5586,885 5888,867 12704,885
1,9809997 B 2359,4653 6363,205 20093,955 11625,385 12206,634 7221,3257 S 4637,4785 17768,713 13932,393 5586,885 5888,867 12704,885
1,9810007 B 2359,4653 6363,205 20093,955 11625,385 12206,634 7221,3257 S 4637,4785 17768,713 13932,393 5586,885 5888,867 12704,885
1,9791359 B 2359,4653 6363,205 20093,955 11625,385 12206,634 7221,3257 S 4637,4785 17768,713 13932,393 5586,885 5888,867 12704,885
1,9789999 B 2359,4653 6363,205 20093,955 11625,385 12206,634 7221,3257 S 4637,4785 17768,713 13932,393 5586,885 5888,867 12704,885
1,9790001 B 2359,4653 6363,205 20093,955 11625,385 12206,634 7221,3257 S 4637,4785 17768,713 13932,393 5586,885 5888,867 12704,885
1,9789997 B 2359,4653 6363,205 20093,955 11625,385 12206,634 7221,3257 S 4637,4785 17768,713 13932,393 5586,885 5888,867 12704,885
1,9790002 B 2359,4653 6363,205 20093,955 11625,385 12206,634 7221,3257 S 4637,4785 17768,713 13932,393 5586,885 5888,867 12704,885
1,979 B 2359,4653 6363,205 20093,955 11625,385 12206,634 7221,3257 S 4637,4785 17768,713 13932,393 5586,885 5888,867 12704,885
1,9789997 B 2359,4653 6363,205 20093,955 11625,385 12206,634 7221,3257 S 4637,4785 17768,713 13932,393 5586,885 5888,867 12704,885
1,9789996 B 2359,4653 6363,205 20093,955 11625,385 12206,634 7221,3257 S 4637,4785 17768,713 13932,393 5586,885 5888,867 12704,885
1,9789997 B 2359,4653 6363,205 20093,955 11625,385 12206,634 7221,3257 S 4637,4785 17768,713 13932,393 5586,885 5888,867 12704,885
1,9789999 B 2359,4653 6363,205 20093,955 11625,385 12206,634 7221,3257 S 4637,4785 17768,713 13932,393 5586,885 5888,867 12704,885
1,9789999 B 2359,4653 6363,205 20093,955 11625,385 12206,634 7221,3257 S 4637,4785 17768,713 13932,393 5586,885 5888,867 12704,885
1,979 B 2359,4653 6363,205 20093,955 11625,385 12206,634 7221,3257 S 4637,4785 17768,713 13932,393 5586,885 5888,867 12704,885
1,9790002 B 2359,4653 6363,205 20093,955 11625,385 12206,634 7221,3257 S 4637,4785 17768,713 13932,393 5586,885 5888,867 12704,885
1,9789994 B 2359,4653 6363,205 20093,955 11625,385 12206,634 7221,3257 S 4637,4785 17768,713 13932,393 5586,885 5888,867 12704,885
1,9789997 B 2359,4653 6363,205 20093,955 11625,385 12206,634 7221,3257 S 4637,4785 17768,713 13932,393 5586,885 5888,867 12704,885
1,9790006 B 2359,4653 6363,205 20093,955 11625,385 12206,634 7221,3257 S 4637,4785 17768,713 13932,393 5586,885 5888,867 12704,885
1,979 B 2359,4653 6363,205 20093,955 11625,385 12206,634 7221,3257 S 4637,4785 17768,713 13932,393 5586,885 5888,867 12704,885
1,9789997 B 2359,4653 6363,205 20093,955 11625,385 12206,634 7221,3257 S 4637,4785 17768,713 13932,393 5586,885 5888,867 12704,885
1,9790003 B 2359,4653 6363,205 20093,955 11625,385 12206,634 7221,3257 S 4637,4785 17768,713 13932,393 5586,885 5888,867 12704,885
1,979 B 2359,4653 6363,205 20093,955 11625,385 12206,634 7221,3257 S 4637,4785 17768,713 13932,393 5586,885 5888,867 12704,885
1,9790001 B 2359,4653 6363,205 20093,955 11625,385 12206,634 7221,3257 S 4637,4785 17768,713 13932,393 5586,885 5888,867 12704,885
1,979 B 2359,4653 6363,205 20093,955 11625,385 12206,634 7221,3257 S 4637,4785 17768,713 13932,393 5586,885 5888,867 12704,885
1,9789999 B 2359,4653 6363,205 20093,955 11625,385 12206,634 7221,3257 S 4637,4785 17768,713 13932,393 5586,885 5888,867 12704,885
1,9789999 B 2359,4653 6363,205 20093,955 11625,385 12206,634 7221,3257 S 4637,4785 17768,713 13932,393 5586,885 5888,867 12704,885
1,9790001 B 2359,4653 6363,205 20093,955 11625,385 12206,634 7221,3257 S 4637,4785 17768,713 13932,393 5586,885 5888,867 12704,885
1,9789997 B 2359,4653 6363,205 20093,955 11625,385 12206,634 7221,3257 S 4637,4785 17768,713 13932,393 5586,885 5888,867 12704,885
1,9786292 B 2359,4653 6363,205 20093,955 11625,385 12206,634 7221,3257 S 4637,4785 17768,713 13932,393 5586,885 5888,867 12704,885
1,9780004 B 2359,4653 6363,205 20093,955 11625,385 12206,634 7221,3257 S 4637,4785 17768,713 13932,393 5586,885 5888,867 12704,885
1,9779998 B 2359,4653 6363,205 20093,955 11625,385 12206,634 7221,3257 S 4637,4785 17768,713 13932,393 5586,885 5888,867 12704,885
1,9779996 B 2359,4653 6363,205 20093,955 11625,385 12206,634 7221,3257 S 4637,4785 17768,713 13932,393 5586,885 5888,867 12704,885
1,978 B 2359,4653 6363,205 20093,955 11625,385 12206,634 7221,3257 S 4637,4785 17768,713 13932,393 5586,885 5888,867 12704,885
1,9774208 B 2359,4653 6363,205 20093,955 11625,385 12206,634 7221,3257 S 4637,4785 17768,713 13932,393 5586,885 5888,867 12704,885
1,9769996 B 2359,4653 6363,205 20093,955 11625,385 12206,634 7221,3257 S 4637,4785 17768,713 13932,393 5586,885 5888,867 12704,885
1,9770006 B 2359,4653 6363,205 20093,955 11625,385 12206,634 7221,3257 S 4637,4785 17768,713 13932,393 5586,885 5888,867 12704,885
1,977 B 2359,4653 6363,205 20093,955 11625,385 12206,634 7221,3257 S 4637,4785 17768,713 13932,393 5586,885 5888,867 12704,885
1,9769994 B 2359,4653 6363,205 20093,955 11625,385 12206,634 7221,3257 S 4637,4785 17768,713 13932,393 5586,885 5888,867 12704,885
1,9770004 B 2359,4653 6363,205 20093,955 11625,385 12206,634 7221,3257 S 4637,4785 17768,713 13932,393 5586,885 5888,867 12704,885
1,977 B 2359,4653 6363,205 20093,955 11625,385 12206,634 7221,3257 S 4637,4785 17768,713 13932,393 5586,885 5888,867 12704,885
1,9770001 B 2359,4653 6363,205 20093,955 11625,385 12206,634 7221,3257 S 4637,4785 17768,713 13932,393 5586,885 5888,867 12704,885
1,9770005 B 2359,4653 6363,205 20093,955 11625,385 12206,634 7221,3257 S 4637,4785 17768,713 13932,393 5586,885 5888,867 12704,885
1,9770006 B 2359,4653 6363,205 20093,955 11625,385 12206,634 7221,3257 S 4637,4785 17768,713 13932,393 5586,885 5888,867 12704,885
1,9769999 B 2359,4653 6363,205 20093,955 11625,385 12206,634 7221,3257 S 4637,4785 17768,713 13932,393 5586,885 5888,867 12704,885
1,977 B 2359,4653 6363,205 20093,955 11625,385 12206,634 7221,3257 S 4637,4785 17768,713 13932,393 5586,885 5888,867 12704,885
1,9769995 B 2359,4653 6363,205 20093,955 11625,385 12206,634 7221,3257 S 4637,4785 17768,713 13932,393 5586,885 5888,867 12704,885
1,9769998 B 2359,4653 6363,205 20093,955 11625,385 12206,634 7221,3257 S 4637,4785 17768,713 13932,393 5586,885 5888,867 12704,885
1,9770004 B 2359,4653 6363,205 20093,955 11625,385 12206,634 7221,3257 S 4637,4785 17768,713 13932,393 5586,885 5888,867 12704,885
1,9769999 B 2359,4653 6363,205 20093,955 11625,385 12206,634 7221,3257 S 4637,4785 17768,713 13932,393 5586,885 5888,867 12704,885
1,977 B 2359,4653 6363,205 20093,955 11625,385 12206,634 7221,3257 S 4637,4785 17768,713 13932,393 5586,885 5888,867 12704,885
1,9770005 B 2359,4653 6363,205 20093,955 11625,385 12206,634 7221,3257 S 4637,4785 17768,713 13932,393 5586,885 5888,867 12704,885
1,9769999 B 2359,4653 6363,205 20093,955 11625,385 12206,634 7221,3257 S 4637,4785 17768,713 13932,393 5586,885 5888,867 12704,885
1,9769999 B 2359,4653 6363,205 20093,955 11625,385 12206,634 7221,3257 S 4637,4785 17768,713 13932,393 5586,885 5888,867 12704,885
1,9770001 B 2359,4653 6363,205 20093,955 11625,385 12206,634 7221,3257 S 4637,4785 17768,713 13932,393 5586,885 5888,867 12704,885
1,9770005 B 2359,4653 6363,205 20093,955 11625,385 12206,634 7221,3257 S 4637,4785 17768,713 13932,393 5586,885 5888,867 12704,885
1,977 B 2359,4653 6363,205 20093,955 11625,385 12206,634 7221,3257 S 4637,4785 17768,713 13932,393 5586,885 5888,867 12704,885
1,977 B 2359,4653 6363,205 20093,955 11625,385 12206,634 7221,3257 S 4637,4785 17768,713 13932,393 5586,885 5888,867 12704,885
1,9770004 B 2359,4653 6363,205 20093,955 11625,385 12206,634 7221,3257 S 4637,4785 17768,713 13932,393 5586,885 5888,867 12704,885
1,9766561 B 2359,4653 6363,205 20093,955 11625,385 12206,634 7221,3257 S 4637,4785 17768,713 13932,393 5586,885 5888,867 12704,885
1,976 B 2359,4653 6363,205 20093,955 11625,385 12206,634 7221,3257 S 4637,4785 17768,713 13932,393 5586,885 5888,867 12704,885
1,976001 B 2359,4653 6363,205 20093,955 11625,385 12206,634 7221,3257 S 4637,4785 17768,713 13932,393 5586,885 5888,867 12704,885
1,9760007 B 2359,4653 6363,205 20093,955 11625,385 12206,634 7221,3257 S 4637,4785 17768,713 13932,393 5586,885 5888,867 12704,885
1,975472 B 2359,4653 6363,205 20093,955 11625,385 12206,634 7221,3257 S 4637,4785 17768,713 13932,393 5586,885 5888,867 12704,885
1,9750001 B 2359,4653 6363,205 20093,955 11625,385 12206,634 7221,3257 S 4637,4785 17768,713 13932,393 5586,885 5888,867 12704,885
1,9749993 B 2359,4653 6363,205 20093,955 11625,385 12206,634 7221,3257 S 4637,4785 17768,713 13932,393 5586,885 5888,867 12704,885
1,9749999 B 2359,4653 6363,205 20093,955 11625,385 12206,634 7221,3257 S 4637,4785 17768,713 13932,393 5586,885 5888,867 12704,885
1,9749997 B 2359,4653 6363,205 20093,955 11625,385 12206,634 7221,3257 S 4637,4785 17768,713 13932,393 5586,885 5888,867 12704,885
1,9749484 B 2359,4653 6363,205 20093,955 11625,385 12206,634 7221,3257 S 4637,4785 17768,713 13932,393 5586,885 5888,867 12704,885
1,9730003 B 2359,4653 6363,205 20093,955 11625,385 12206,634 7221,3257 S 4637,4785 17768,713 13932,393 5586,885 5888,867 12704,885
1,9729999 B 2359,4653 6363,205 20093,955 11625,385 12206,634 7221,3257 S 4637,4785 17768,713 13932,393 5586,885 5888,867 12704,885
1,973 B 2359,4653 6363,205 20093,955 11625,385 12206,634 7221,3257 S 4637,4785 17768,713 13932,393 5586,885 5888,867 12704,885
1,973 B 2359,4653 6363,205 20093,955 11625,385 12206,634 7221,3257 S 4637,4785 17768,713 13932,393 5586,885 5888,867 12704,885
1,9730002 B 2359,4653 6363,205 20093,955 11625,385 12206,634 7221,3257 S 4637,4785 17768,713 13932,393 5586,885 5888,867 12704,885
1,9730002 B 2359,4653 6363,205 20093,955 11625,385 12206,634 7221,3257 S 4637,4785 17768,713 13932,393 5586,885 5888,867 12704,885
1,9729999 B 2359,4653 6363,205 20093,955 11625,385 12206,634 7221,3257 S 4637,4785 17768,713 13932,393 5586,885 5888,867 12704,885
1,971861 B 2359,4653 6363,205 20093,955 11625,385 12206,634 7221,3257 S 4637,4785 17768,713 13932,393 5586,885 5888,867 12704,885
1,9709996 B 2359,4653 6363,205 20093,955 11625,385 12206,634 7221,3257 S 4637,4785 17768,713 13932,393 5586,885 5888,867 12704,885
1,9707711 B 2359,4653 6363,205 20093,955 11625,385 12206,634 7221,3257 S 4637,4785 17768,713 13932,393 5586,885 5888,867 12704,885
1,9691279 B 2359,4653 6363,205 20093,955 11625,385 12206,634 7221,3257 S 4637,4785 17768,713 13932,393 5586,885 5888,867 12704,885
1,9690006 B 2359,4653 6363,205 20093,955 11625,385 12206,634 7221,3257 S 4637,4785 17768,713 13932,393 5586,885 5888,867 12704,885
1,9688249 B 2359,4653 6363,205 20093,955 11625,385 12206,634 7221,3257 S 4637,4785 17768,713 13932,393 5586,885 5888,867 12704,885
1,9680002 B 2359,4653 6363,205 20093,955 11625,385 12206,634 7221,3257 S 4637,4785 17768,713 13932,393 5586,885 5888,867 12704,885
1,968 B 2359,4653 6363,205 20093,955 11625,385 12206,634 7221,3257 S 4637,4785 17768,713 13932,393 5586,885 5888,867 12704,885
1,9679999 B 2359,4653 6363,205 20093,955 11625,385 12206,634 7221,3257 S 4637,4785 17768,713 13932,393 5586,885 5888,867 12704,885
1,9680004 B 2359,4653 6363,205 20093,955 11625,385 12206,634 7221,3257 S 4637,4785 17768,713 13932,393 5586,885 5888,867 12704,885
1,9689194 B 2359,4653 6363,205 20093,955 11625,385 12206,634 7221,3257 S 4637,4785 17768,713 13932,393 5586,885 5888,867 12704,885
1,969 B 2359,4653 6363,205 20093,955 11625,385 12206,634 7221,3257 S 4637,4785 17768,713 13932,393 5586,885 5888,867 12704,885
1,9689996 B 2359,4653 6363,205 20093,955 11625,385 12206,634 7221,3257 S 4637,4785 17768,713 13932,393 5586,885 5888,867 12704,885
1,9690005 B 2359,4653 6363,205 20093,955 11625,385 12206,634 7221,3257 S 4637,4785 17768,713 13932,393 5586,885 5888,867 12704,885
1,9690001 B 2359,4653 6363,205 20093,955 11625,385 12206,634 7221,3257 S 4637,4785 17768,713 13932,393 5586,885 5888,867 12704,885
1,9690001 B 2359,4653 6363,205 20093,955 11625,385 12206,634 7221,3257 S 4637,4785 17768,713 13932,393 5586,885 5888,867 12704,885
1,9690001 B 2359,4653 6363,205 20093,955 11625,385 12206,634 7221,3257 S 4637,4785 17768,713 13932,393 5586,885 5888,867 12704,885
1,969 B 2359,4653 6363,205 20093,955 11625,385 12206,634 7221,3257 S 4637,4785 17768,713 13932,393 5586,885 5888,867 12704,885
1,9689999 B 2359,4653 6363,205 20093,955 11625,385 12206,634 7221,3257 S 4637,4785 17768,713 13932,393 5586,885 5888,867 12704,885
1,9689993 B 2359,4653 6363,205 20093,955 11625,385 12206,634 7221,3257 S 4637,4785 17768,713 13932,393 5586,885 5888,867 12704,885
1,9690006 B 2359,4653 6363,205 20093,955 11625,385 12206,634 7221,3257 S 4637,4785 17768,713 13932,393 5586,885 5888,867 12704,885
1,9689996 B 2359,4653 6363,205 20093,955 11625,385 12206,634 7221,3257 S 4637,4785 17768,713 13932,393 5586,885 5888,867 12704,885
1,9690003 B 2359,4653 6363,205 20093,955 11625,385 12206,634 7221,3257 S 4637,4785 17768,713 13932,393 5586,885 5888,867 12704,885
1,9689999 B 2359,4653 6363,205 20093,955 11625,385 12206,634 7221,3257 S 4637,4785 17768,713 13932,393 5586,885 5888,867 12704,885
1,969001 B 2359,4653 6363,205 20093,955 11625,385 12206,634 7221,3257 S 4637,4785 17768,713 13932,393 5586,885 5888,867 12704,885
1,9688022 B 2359,4653 6363,205 20093,955 11625,385 12206,634 7221,3257 S 4637,4785 17768,713 13932,393 5586,885 5888,867 12704,885
1,9680004 B 2359,4653 6363,205 20093,955 11625,385 12206,634 7221,3257 S 4637,4785 17768,713 13932,393 5586,885 5888,867 12704,885
1,9680002 B 2359,4653 6363,205 20093,955 11625,385 12206,634 7221,3257 S 4637,4785 17768,713 13932,393 5586,885 5888,867 12704,885
1,9680003 B 2359,4653 6363,205 20093,955 11625,385 12206,634 7221,3257 S 4637,4785 17768,713 13932,393 5586,885 5888,867 12704,885
1,9679999 B 2359,4653 6363,205 20093,955 11625,385 12206,634 7221,3257 S 4637,4785 17768,713 13932,393 5586,885 5888,867 12704,885
1,9679999 B 2359,4653 6363,205 20093,955 11625,385 12206,634 7221,3257 S 4637,4785 17768,713 13932,393 5586,885 5888,867 12704,885
1,9677356 B 2359,4653 6363,205 20093,955 11625,385 12206,634 7221,3257 S 4637,4785 17768,713 13932,393 5586,885 5888,867 12704,885
1,9663807 B 2359,4653 6363,205 20093,955 11625,385 12206,634 7221,3257 S 4637,4785 17768,713 13932,393 5586,885 5888,867 12704,885
1,9650004 B 2359,4653 6363,205 20093,955 11625,385 12206,634 7221,3257 S 4637,4785 17768,713 13932,393 5586,885 5888,867 12704,885
1,9649999 B 2359,4653 6363,205 20093,955 11625,385 12206,634 7221,3257 S 4637,4785 17768,713 13932,393 5586,885 5888,867 12704,885
1,9650004 B 2359,4653 6363,205 20093,955 11625,385 12206,634 7221,3257 S 4637,4785 17768,713 13932,393 5586,885 5888,867 12704,885
1,9649999 B 2359,4653 6363,205 20093,955 11625,385 12206,634 7221,3257 S 4637,4785 17768,713 13932,393 5586,885 5888,867 12704,885
1,9649999 B 2359,4653 6363,205 20093,955 11625,385 12206,634 7221,3257 S 4637,4785 17768,713 13932,393 5586,885 5888,867 12704,885
1,9649998 B 2359,4653 6363,205 20093,955 11625,385 12206,634 7221,3257 S 4637,4785 17768,713 13932,393 5586,885 5888,867 12704,885
1,965 B 2359,4653 6363,205 20093,955 11625,385 12206,634 7221,3257 S 4637,4785 17768,713 13932,393 5586,885 5888,867 12704,885
1,9648583 B 2359,4653 6363,205 20093,955 11625,385 12206,634 7221,3257 S 4637,4785 17768,713 13932,393 5586,885 5888,867 12704,885
1,9639999 B 2359,4653 6363,205 20093,955 11625,385 12206,634 7221,3257 S 4637,4785 17768,713 13932,393 5586,885 5888,867 12704,885
1,964924 B 2359,4653 6363,205 20093,955 11625,385 12206,634 7221,3257 S 4637,4785 17768,713 13932,393 5586,885 5888,867 12704,885
1,9650003 B 2359,4653 6363,205 20093,955 11625,385 12206,634 7221,3257 S 4637,4785 17768,713 13932,393 5586,885 5888,867 12704,885
1,9650006 B 2359,4653 6363,205 20093,955 11625,385 12206,634 7221,3257 S 4637,4785 17768,713 13932,393 5586,885 5888,867 12704,885
1,9656999 B 2359,4653 6363,205 20093,955 11625,385 12206,634 7221,3257 S 4637,4785 17768,713 13932,393 5586,885 5888,867 12704,885
1,9660004 B 2359,4653 6363,205 20093,955 11625,385 12206,634 7221,3257 S 4637,4785 17768,713 13932,393 5586,885 5888,867 12704,885
1,9660002 B 2359,4653 6363,205 20093,955 11625,385 12206,634 7221,3257 S 4637,4785 17768,713 13932,393 5586,885 5888,867 12704,885
1,9689127 B 2359,4653 6363,205 20093,955 11625,385 12206,634 7221,3257 S 4637,4785 17768,713 13932,393 5586,885 5888,867 12704,885
1,9689999 B 2359,4653 6363,205 20093,955 11625,385 12206,634 7221,3257 S 4637,4785 17768,713 13932,393 5586,885 5888,867 12704,885
1,9689999 B 2359,4653 6363,205 20093,955 11625,385 12206,634 7221,3257 S 4637,4785 17768,713 13932,393 5586,885 5888,867 12704,885
1,9689999 B 2359,4653 6363,205 20093,955 11625,385 12206,634 7221,3257 S 4637,4785 17768,713 13932,393 5586,885 5888,867 12704,885
1,9690001 B 2359,4653 6363,205 20093,955 11625,385 12206,634 7221,3257 S 4637,4785 17768,713 13932,393 5586,885 5888,867 12704,885
1,9689999 B 2359,4653 6363,205 20093,955 11625,385 12206,634 7221,3257 S 4637,4785 17768,713 13932,393 5586,885 5888,867 12704,885
1,9689993 B 2359,4653 6363,205 20093,955 11625,385 12206,634 7221,3257 S 4637,4785 17768,713 13932,393 5586,885 5888,867 12704,885
1,9689996 B 2359,4653 6363,205 20093,955 11625,385 12206,634 7221,3257 S 4637,4785 17768,713 13932,393 5586,885 5888,867 12704,885
1,9690002 B 2359,4653 6363,205 20093,955 11625,385 12206,634 7221,3257 S 4637,4785 17768,713 13932,393 5586,885 5888,867 12704,885
1,9689997 B 2359,4653 6363,205 20093,955 11625,385 12206,634 7221,3257 S 4637,4785 17768,713 13932,393 5586,885 5888,867 12704,885
1,9690003 B 2359,4653 6363,205 20093,955 11625,385 12206,634 7221,3257 S 4637,4785 17768,713 13932,393 5586,885 5888,867 12704,885
1,969 B 2359,4653 6363,205 20093,955 11625,385 12206,634 7221,3257 S 4637,4785 17768,713 13932,393 5586,885 5888,867 12704,885
1,9690002 B 2359,4653 6363,205 20093,955 11625,385 12206,634 7221,3257 S 4637,4785 17768,713 13932,393 5586,885 5888,867 12704,885
1,9690001 B 2359,4653 6363,205 20093,955 11625,385 12206,634 7221,3257 S 4637,4785 17768,713 13932,393 5586,885 5888,867 12704,885
1,9690013 B 2359,4653 6363,205 20093,955 11625,385 12206,634 7221,3257 S 4637,4785 17768,713 13932,393 5586,885 5888,867 12704,885
1,9660647 B 2359,4653 6363,205 20093,955 11625,385 12206,634 7221,3257 S 4637,4785 17768,713 13932,393 5586,885 5888,867 12704,885
1,9656646 B 2359,4653 6363,205 20093,955 11625,385 12206,634 7221,3257 S 4637,4785 17768,713 13932,393 5586,885 5888,867 12704,885
1,9665662 B 2359,4653 6363,205 20093,955 11625,385 12206,634 7221,3257 S 4637,4785 17768,713 13932,393 5586,885 5888,867 12704,885
1,9670004 B 2359,4653 6363,205 20093,955 11625,385 12206,634 7221,3257 S 4637,4785 17768,713 13932,393 5586,885 5888,867 12704,885
1,9670001 B 2359,4653 6363,205 20093,955 11625,385 12206,634 7221,3257 S 4637,4785 17768,713 13932,393 5586,885 5888,867 12704,885
1,9669998 B 2359,4653 6363,205 20093,955 11625,385 12206,634 7221,3257 S 4637,4785 17768,713 13932,393 5586,885 5888,867 12704,885
1,9669999 B 2359,4653 6363,205 20093,955 11625,385 12206,634 7221,3257 S 4637,4785 17768,713 13932,393 5586,885 5888,867 12704,885
1,9669997 B 2359,4653 6363,205 20093,955 11625,385 12206,634 7221,3257 S 4637,4785 17768,713 13932,393 5586,885 5888,867 12704,885
1,9670001 B 2359,4653 6363,205 20093,955 11625,385 12206,634 7221,3257 S 4637,4785 17768,713 13932,393 5586,885 5888,867 12704,885
1,9669998 B 2359,4653 6363,205 20093,955 11625,385 12206,634 7221,3257 S 4637,4785 17768,713 13932,393 5586,885 5888,867 12704,885
1,9669997 B 2359,4653 6363,205 20093,955 11625,385 12206,634 7221,3257 S 4637,4785 17768,713 13932,393 5586,885 5888,867 12704,885
1,9670002 B 2359,4653 6363,205 20093,955 11625,385 12206,634 7221,3257 S 4637,4785 17768,713 13932,393 5586,885 5888,867 12704,885
1,9669997 B 2359,4653 6363,205 20093,955 11625,385 12206,634 7221,3257 S 4637,4785 17768,713 13932,393 5586,885 5888,867 12704,885
1,9669999 B 2359,4653 6363,205 20093,955 11625,385 12206,634 7221,3257 S 4637,4785 17768,713 13932,393 5586,885 5888,867 12704,885
1,9670006 B 2359,4653 6363,205 20093,955 11625,385 12206,634 7221,3257 S 4637,4785 17768,713 13932,393 5586,885 5888,867 12704,885
1,9670002 B 2359,4653 6363,205 20093,955 11625,385 12206,634 7221,3257 S 4637,4785 17768,713 13932,393 5586,885 5888,867 12704,885
1,9674733 B 2359,4653 6363,205 20093,955 11625,385 12206,634 7221,3257 S 4637,4785 17768,713 13932,393 5586,885 5888,867 12704,885
1,9679999 B 2359,4653 6363,205 20093,955 11625,385 12206,634 7221,3257 S 4637,4785 17768,713 13932,393 5586,885 5888,867 12704,885
1,9679999 B 2359,4653 6363,205 20093,955 11625,385 12206,634 7221,3257 S 4637,4785 17768,713 13932,393 5586,885 5888,867 12704,885
1,9680005 B 2359,4653 6363,205 20093,955 11625,385 12206,634 7221,3257 S 4637,4785 17768,713 13932,393 5586,885 5888,867 12704,885
1,9680004 B 2359,4653 6363,205 20093,955 11625,385 12206,634 7221,3257 S 4637,4785 17768,713 13932,393 5586,885 5888,867 12704,885
1,9680007 B 2359,4653 6363,205 20093,955 11625,385 12206,634 7221,3257 S 4637,4785 17768,713 13932,393 5586,885 5888,867 12704,885
1,9679999 B 2359,4653 6363,205 20093,955 11625,385 12206,634 7221,3257 S 4637,4785 17768,713 13932,393 5586,885 5888,867 12704,885
1,9680004 B 2359,4653 6363,205 20093,955 11625,385 12206,634 7221,3257 S 4637,4785 17768,713 13932,393 5586,885 5888,867 12704,885
1,9686543 B 2359,4653 6363,205 20093,955 11625,385 12206,634 7221,3257 S 4637,4785 17768,713 13932,393 5586,885 5888,867 12704,885
1,9690006 B 2359,4653 6363,205 20093,955 11625,385 12206,634 7221,3257 S 4637,4785 17768,713 13932,393 5586,885 5888,867 12704,885
1,9690005 B 2359,4653 6363,205 20093,955 11625,385 12206,634 7221,3257 S 4637,4785 17768,713 13932,393 5586,885 5888,867 12704,885
1,9690003 B 2359,4653 6363,205 20093,955 11625,385 12206,634 7221,3257 S 4637,4785 17768,713 13932,393 5586,885 5888,867 12704,885
1,9690002 B 2359,4653 6363,205 20093,955 11625,385 12206,634 7221,3257 S 4637,4785 17768,713 13932,393 5586,885 5888,867 12704,885
1,9690001 B 2359,4653 6363,205 20093,955 11625,385 12206,634 7221,3257 S 4637,4785 17768,713 13932,393 5586,885 5888,867 12704,885
1,969 B 2359,4653 6363,205 20093,955 11625,385 12206,634 7221,3257 S 4637,4785 17768,713 13932,393 5586,885 5888,867 12704,885
1,9690001 B 2359,4653 6363,205 20093,955 11625,385 12206,634 7221,3257 S 4637,4785 17768,713 13932,393 5586,885 5888,867 12704,885
1,9696997 B 2359,4653 6363,205 20093,955 11625,385 12206,634 7221,3257 S 4637,4785 17768,713 13932,393 5586,885 5888,867 12704,885
