1,9769989
1,977 B 2525,6235 15933,517 19069,656 17183,047 8727,877 1559,9094 S 1761,3569 11814,11 15572,952 8987,636 13883,44 774,62976
1,9770007 B 2525,6235 15933,517 19069,656 17183,047 8727,877 1559,9094 S 1761,3569 11814,11 15572,952 8987,636 13883,44 774,62976
1,9769996 B 2525,6235 15933,517 19069,656 17183,047 8727,877 1559,9094 S 1761,3569 11814,11 15572,952 8987,636 13883,44 774,62976
1,9770004 B 2525,6235 15933,517 19069,656 17183,047 8727,877 1559,9094 S 1761,3569 11814,11 15572,952 8987,636 13883,44 774,62976
1,9769995 B 2525,6235 15933,517 19069,656 17183,047 8727,877 1559,9094 S 1761,3569 11814,11 15572,952 8987,636 13883,44 774,62976
1,9769998 B 2525,6235 15933,517 19069,656 17183,047 8727,877 1559,9094 S 1761,3569 11814,11 15572,952 8987,636 13883,44 774,62976
1,977 B 2525,6235 15933,517 19069,656 17183,047 8727,877 1559,9094 S 1761,3569 11814,11 15572,952 8987,636 13883,44 774,62976
1,9770001 B 2525,6235 15933,517 19069,656 17183,047 8727,877 1559,9094 S 1761,3569 11814,11 15572,952 8987,636 13883,44 774,62976
1,9769995 B 2525,6235 15933,517 19069,656 17183,047 8727,877 1559,9094 S 1761,3569 11814,11 15572,952 8987,636 13883,44 774,62976
1,977 B 2525,6235 15933,517 19069,656 17183,047 8727,877 1559,9094 S 1761,3569 11814,11 15572,952 8987,636 13883,44 774,62976
1,9770001 B 2525,6235 15933,517 19069,656 17183,047 8727,877 1559,9094 S 1761,3569 11814,11 15572,952 8987,636 13883,44 774,62976
1,9769998 B 2525,6235 15933,517 19069,656 17183,047 8727,877 1559,9094 S 1761,3569 11814,11 15572,952 8987,636 13883,44 774,62976
1,9770001 B 2525,6235 15933,517 19069,656 17183,047 8727,877 1559,9094 S 1761,3569 11814,11 15572,952 8987,636 13883,44 774,62976
1,9770004 B 2525,6235 15933,517 19069,656 17183,047 8727,877 1559,9094 S 1761,3569 11814,11 15572,952 8987,636 13883,44 774,62976
1,9770004 B 2525,6235 15933,517 19069,656 17183,047 8727,877 1559,9094 S 1761,3569 11814,11 15572,952 8987,636 13883,44 774,62976
1,9769996 B 2525,6235 15933,517 19069,656 17183,047 8727,877 1559,9094 S 1761,3569 11814,11 15572,952 8987,636 13883,44 774,62976
1,9770007 B 2525,6235 15933,517 19069,656 17183,047 8727,877 1559,9094 S 1761,3569 11814,11 15572,952 8987,636 13883,44 774,62976
1,9770006 B 2525,6235 15933,517 19069,656 17183,047 8727,877 1559,9094 S 1761,3569 11814,11 15572,952 8987,636 13883,44 774,62976
1,9764115 B 2525,6235 15933,517 19069,656 17183,047 8727,877 1559,9094 S 1761,3569 11814,11 15572,952 8987,636 13883,44 774,62976
1,975 B 2525,6235 15933,517 19069,656 17183,047 8727,877 1559,9094 S 1761,3569 11814,11 15572,952 8987,636 13883,44 774,62976
1,9750003 B 2525,6235 15933,517 19069,656 17183,047 8727,877 1559,9094 S 1761,3569 11814,11 15572,952 8987,636 13883,44 774,62976
1,9750003 B 2525,6235 15933,517 19069,656 17183,047 8727,877 1559,9094 S 1761,3569 11814,11 15572,952 8987,636 13883,44 774,62976
1,9749999 B 2525,6235 15933,517 19069,656 17183,047 8727,877 1559,9094 S 1761,3569 11814,11 15572,952 8987,636 13883,44 774,62976
1,9745562 B 2525,6235 15933,517 19069,656 17183,047 8727,877 1559,9094 S 1761,3569 11814,11 15572,952 8987,636 13883,44 774,62976
1,9740003 B 2525,6235 15933,517 19069,656 17183,047 8727,877 1559,9094 S 1761,3569 11814,11 15572,952 8987,636 13883,44 774,62976
1,9739997 B 2525,6235 15933,517 19069,656 17183,047 8727,877 1559,9094 S 1761,3569 11814,11 15572,952 8987,636 13883,44 774,62976
1,9740002 B 2525,6235 15933,517 19069,656 17183,047 8727,877 1559,9094 S 1761,3569 11814,11 15572,952 8987,636 13883,44 774,62976
1,9740003 B 2525,6235 15933,517 19069,656 17183,047 8727,877 1559,9094 S 1761,3569 11814,11 15572,952 8987,636 13883,44 774,62976
1,9739997 B 2525,6235 15933,517 19069,656 17183,047 8727,877 1559,9094 S 1761,3569 11814,11 15572,952 8987,636 13883,44 774,62976
1,9740001 B 2525,6235 15933,517 19069,656 17183,047 8727,877 1559,9094 S 1761,3569 11814,11 15572,952 8987,636 13883,44 774,62976
1,9739997 B 2525,6235 15933,517 19069,656 17183,047 8727,877 1559,9094 S 1761,3569 11814,11 15572,952 8987,636 13883,44 774,62976
1,9740003 B 2525,6235 15933,517 19069,656 17183,047 8727,877 1559,9094 S 1761,3569 11814,11 15572,952 8987,636 13883,44 774,62976
1,9739997 B 2525,6235 15933,517 19069,656 17183,047 8727,877 1559,9094 S 1761,3569 11814,11 15572,952 8987,636 13883,44 774,62976
1,9740001 B 2525,6235 15933,517 19069,656 17183,047 8727,877 1559,9094 S 1761,3569 11814,11 15572,952 8987,636 13883,44 774,62976
1,9740006 B 2525,6235 15933,517 19069,656 17183,047 8727,877 1559,9094 S 1761,3569 11814,11 15572,952 8987,636 13883,44 774,62976
1,9740002 B 2525,6235 15933,517 19069,656 17183,047 8727,877 1559,9094 S 1761,3569 11814,11 15572,952 8987,636 13883,44 774,62976
1,9740002 B 2525,6235 15933,517 19069,656 17183,047 8727,877 1559,9094 S 1761,3569 11814,11 15572,952 8987,636 13883,44 774,62976
1,9740001 B 2525,6235 15933,517 19069,656 17183,047 8727,877 1559,9094 S 1761,3569 11814,11 15572,952 8987,636 13883,44 774,62976
1,9735864 B 2525,6235 15933,517 19069,656 17183,047 8727,877 1559,9094 S 1761,3569 11814,11 15572,952 8987,636 13883,44 774,62976
1,9727548 B 2525,6235 15933,517 19069,656 17183,047 8727,877 1559,9094 S 1761,3569 11814,11 15572,952 8987,636 13883,44 774,62976
1,9720002 B 2525,6235 15933,517 19069,656 17183,047 8727,877 1559,9094 S 1761,3569 11814,11 15572,952 8987,636 13883,44 774,62976
1,9721688 B 2525,6235 15933,517 19069,656 17183,047 8727,877 1559,9094 S 1761,3569 11814,11 15572,952 8987,636 13883,44 774,62976
1,9740955 B 2525,6235 15933,517 19069,656 17183,047 8727,877 1559,9094 S 1761,3569 11814,11 15572,952 8987,636 13883,44 774,62976
1,9749999 B 2525,6235 15933,517 19069,656 17183,047 8727,877 1559,9094 S 1761,3569 11814,11 15572,952 8987,636 13883,44 774,62976
1,975 B 2525,6235 15933,517 19069,656 17183,047 8727,877 1559,9094 S 1761,3569 11814,11 15572,952 8987,636 13883,44 774,62976
1,9749997 B 2525,6235 15933,517 19069,656 17183,047 8727,877 1559,9094 S 1761,3569 11814,11 15572,952 8987,636 13883,44 774,62976
1,9749991 B 2525,6235 15933,517 19069,656 17183,047 8727,877 1559,9094 S 1761,3569 11814,11 15572,952 8987,636 13883,44 774,62976
1,9749999 B 2525,6235 15933,517 19069,656 17183,047 8727,877 1559,9094 S 1761,3569 11814,11 15572,952 8987,636 13883,44 774,62976
1,9749999 B 2525,6235 15933,517 19069,656 17183,047 8727,877 1559,9094 S 1761,3569 11814,11 15572,952 8987,636 13883,44 774,62976
1,9749998 B 2525,6235 15933,517 19069,656 17183,047 8727,877 1559,9094 S 1761,3569 11814,11 15572,952 8987,636 13883,44 774,62976
1,9750001 B 2525,6235 15933,517 19069,656 17183,047 8727,877 1559,9094 S 1761,3569 11814,11 15572,952 8987,636 13883,44 774,62976
1,975 B 2525,6235 15933,517 19069,656 17183,047 8727,877 1559,9094 S 1761,3569 11814,11 15572,952 8987,636 13883,44 774,62976
1,9749999 B 2525,6235 15933,517 19069,656 17183,047 8727,877 1559,9094 S 1761,3569 11814,11 15572,952 8987,636 13883,44 774,62976
1,975 B 2525,6235 15933,517 19069,656 17183,047 8727,877 1559,9094 S 1761,3569 11814,11 15572,952 8987,636 13883,44 774,62976
1,9749998 B 2525,6235 15933,517 19069,656 17183,047 8727,877 1559,9094 S 1761,3569 11814,11 15572,952 8987,636 13883,44 774,62976
1,9749998 B 2525,6235 15933,517 19069,656 17183,047 8727,877 1559,9094 S 1761,3569 11814,11 15572,952 8987,636 13883,44 774,62976
1,9766889 B 2525,6235 15933,517 19069,656 17183,047 8727,877 1559,9094 S 1761,3569 11814,11 15572,952 8987,636 13883,44 774,62976
1,9769998 B 2525,6235 15933,517 19069,656 17183,047 8727,877 1559,9094 S 1761,3569 11814,11 15572,952 8987,636 13883,44 774,62976
1,9770005 B 2525,6235 15933,517 19069,656 17183,047 8727,877 1559,9094 S 1761,3569 11814,11 15572,952 8987,636 13883,44 774,62976
1,9770006 B 2525,6235 15933,517 19069,656 17183,047 8727,877 1559,9094 S 1761,3569 11814,11 15572,952 8987,636 13883,44 774,62976
1,9769994 B 2525,6235 15933,517 19069,656 17183,047 8727,877 1559,9094 S 1761,3569 11814,11 15572,952 8987,636 13883,44 774,62976
1,9770001 B 2525,6235 15933,517 19069,656 17183,047 8727,877 1559,9094 S 1761,3569 11814,11 15572,952 8987,636 13883,44 774,62976
1,9770005 B 2525,6235 15933,517 19069,656 17183,047 8727,877 1559,9094 S 1761,3569 11814,11 15572,952 8987,636 13883,44 774,62976
1,9769994 B 2525,6235 15933,517 19069,656 17183,047 8727,877 1559,9094 S 1761,3569 11814,11 15572,952 8987,636 13883,44 774,62976
1,9769999 B 2525,6235 15933,517 19069,656 17183,047 8727,877 1559,9094 S 1761,3569 11814,11 15572,952 8987,636 13883,44 774,62976
1,9770001 B 2525,6235 15933,517 19069,656 17183,047 8727,877 1559,9094 S 1761,3569 11814,11 15572,952 8987,636 13883,44 774,62976
1,9770001 B 2525,6235 15933,517 19069,656 17183,047 8727,877 1559,9094 S 1761,3569 11814,11 15572,952 8987,636 13883,44 774,62976
1,9770001 B 2525,6235 15933,517 19069,656 17183,047 8727,877 1559,9094 S 1761,3569 11814,11 15572,952 8987,636 13883,44 774,62976
1,9769998 B 2525,6235 15933,517 19069,656 17183,047 8727,877 1559,9094 S 1761,3569 11814,11 15572,952 8987,636 13883,44 774,62976
1,9769996 B 2525,6235 15933,517 19069,656 17183,047 8727,877 1559,9094 S 1761,3569 11814,11 15572,952 8987,636 13883,44 774,62976
1,9769999 B 2525,6235 15933,517 19069,656 17183,047 8727,877 1559,9094 S 1761,3569 11814,11 15572,952 8987,636 13883,44 774,62976
1,9766473 B 2525,6235 15933,517 19069,656 17183,047 8727,877 1559,9094 S 1761,3569 11814,11 15572,952 8987,636 13883,44 774,62976
1,9760001 B 2525,6235 15933,517 19069,656 17183,047 8727,877 1559,9094 S 1761,3569 11814,11 15572,952 8987,636 13883,44 774,62976
1,9760011 B 2525,6235 15933,517 19069,656 17183,047 8727,877 1559,9094 S 1761,3569 11814,11 15572,952 8987,636 13883,44 774,62976
1,9760005 B 2525,6235 15933,517 19069,656 17183,047 8727,877 1559,9094 S 1761,3569 11814,11 15572,952 8987,636 13883,44 774,62976
1,9760001 B 2525,6235 15933,517 19069,656 17183,047 8727,877 1559,9094 S 1761,3569 11814,11 15572,952 8987,636 13883,44 774,62976
1,9760004 B 2525,6235 15933,517 19069,656 17183,047 8727,877 1559,9094 S 1761,3569 11814,11 15572,952 8987,636 13883,44 774,62976
1,9760004 B 2525,6235 15933,517 19069,656 17183,047 8727,877 1559,9094 S 1761,3569 11814,11 15572,952 8987,636 13883,44 774,62976
1,9760001 B 2525,6235 15933,517 19069,656 17183,047 8727,877 1559,9094 S 1761,3569 11814,11 15572,952 8987,636 13883,44 774,62976
1,976 B 2525,6235 15933,517 19069,656 17183,047 8727,877 1559,9094 S 1761,3569 11814,11 15572,952 8987,636 13883,44 774,62976
1,9760003 B 2525,6235 15933,517 19069,656 17183,047 8727,877 1559,9094 S 1761,3569 11814,11 15572,952 8987,636 13883,44 774,62976
1,976614 B 2525,6235 15933,517 19069,656 17183,047 8727,877 1559,9094 S 1761,3569 11814,11 15572,952 8987,636 13883,44 774,62976
1,9770001 B 2525,6235 15933,517 19069,656 17183,047 8727,877 1559,9094 S 1761,3569 11814,11 15572,952 8987,636 13883,44 774,62976
1,977 B 2525,6235 15933,517 19069,656 17183,047 8727,877 1559,9094 S 1761,3569 11814,11 15572,952 8987,636 13883,44 774,62976
1,9770004 B 2525,6235 15933,517 19069,656 17183,047 8727,877 1559,9094 S 1761,3569 11814,11 15572,952 8987,636 13883,44 774,62976
1,9769994 B 2525,6235 15933,517 19069,656 17183,047 8727,877 1559,9094 S 1761,3569 11814,11 15572,952 8987,636 13883,44 774,62976
1,9770001 B 2525,6235 15933,517 19069,656 17183,047 8727,877 1559,9094 S 1761,3569 11814,11 15572,952 8987,636 13883,44 774,62976
1,977 B 2525,6235 15933,517 19069,656 17183,047 8727,877 1559,9094 S 1761,3569 11814,11 15572,952 8987,636 13883,44 774,62976
1,977 B 2525,6235 15933,517 19069,656 17183,047 8727,877 1559,9094 S 1761,3569 11814,11 15572,952 8987,636 13883,44 774,62976
1,977 B 2525,6235 15933,517 19069,656 17183,047 8727,877 1559,9094 S 1761,3569 11814,11 15572,952 8987,636 13883,44 774,62976
1,9770008 B 2525,6235 15933,517 19069,656 17183,047 8727,877 1559,9094 S 1761,3569 11814,11 15572,952 8987,636 13883,44 774,62976
1,9770001 B 2525,6235 15933,517 19069,656 17183,047 8727,877 1559,9094 S 1761,3569 11814,11 15572,952 8987,636 13883,44 774,62976
1,9770004 B 2525,6235 15933,517 19069,656 17183,047 8727,877 1559,9094 S 1761,3569 11814,11 15572,952 8987,636 13883,44 774,62976
1,9769995 B 2525,6235 15933,517 19069,656 17183,047 8727,877 1559,9094 S 1761,3569 11814,11 15572,952 8987,636 13883,44 774,62976
1,9770006 B 2525,6235 15933,517 19069,656 17183,047 8727,877 1559,9094 S 1761,3569 11814,11 15572,952 8987,636 13883,44 774,62976
1,9770006 B 2525,6235 15933,517 19069,656 17183,047 8727,877 1559,9094 S 1761,3569 11814,11 15572,952 8987,636 13883,44 774,62976
1,9770005 B 2525,6235 15933,517 19069,656 17183,047 8727,877 1559,9094 S 1761,3569 11814,11 15572,952 8987,636 13883,44 774,62976
1,9770001 B 2525,6235 15933,517 19069,656 17183,047 8727,877 1559,9094 S 1761,3569 11814,11 15572,952 8987,636 13883,44 774,62976
1,9770004 B 2525,6235 15933,517 19069,656 17183,047 8727,877 1559,9094 S 1761,3569 11814,11 15572,952 8987,636 13883,44 774,62976
1,9769996 B 2525,6235 15933,517 19069,656 17183,047 8727,877 1559,9094 S 1761,3569 11814,11 15572,952 8987,636 13883,44 774,62976
1,9769996 B 2525,6235 15933,517 19069,656 17183,047 8727,877 1559,9094 S 1761,3569 11814,11 15572,952 8987,636 13883,44 774,62976
1,9770966 B 2525,6235 15933,517 19069,656 17183,047 8727,877 1559,9094 S 1761,3569 11814,11 15572,952 8987,636 13883,44 774,62976
1,9779999 B 2525,6235 15933,517 19069,656 17183,047 8727,877 1559,9094 S 1761,3569 11814,11 15572,952 8987,636 13883,44 774,62976
1,9780005 B 2525,6235 15933,517 19069,656 17183,047 8727,877 1559,9094 S 1761,3569 11814,11 15572,952 8987,636 13883,44 774,62976
1,9780002 B 2525,6235 15933,517 19069,656 17183,047 8727,877 1559,9094 S 1761,3569 11814,11 15572,952 8987,636 13883,44 774,62976
1,978 B 2525,6235 15933,517 19069,656 17183,047 8727,877 1559,9094 S 1761,3569 11814,11 15572,952 8987,636 13883,44 774,62976
1,9780005 B 2525,6235 15933,517 19069,656 17183,047 8727,877 1559,9094 S 1761,3569 11814,11 15572,952 8987,636 13883,44 774,62976
1,9779998 B 2525,6235 15933,517 19069,656 17183,047 8727,877 1559,9094 S 1761,3569 11814,11 15572,952 8987,636 13883,44 774,62976
1,9780004 B 2525,6235 15933,517 19069,656 17183,047 8727,877 1559,9094 S 1761,3569 11814,11 15572,952 8987,636 13883,44 774,62976
1,9779993 B 2525,6235 15933,517 19069,656 17183,047 8727,877 1559,9094 S 1761,3569 11814,11 15572,952 8987,636 13883,44 774,62976
1,9780003 B 2525,6235 15933,517 19069,656 17183,047 8727,877 1559,9094 S 1761,3569 11814,11 15572,952 8987,636 13883,44 774,62976
1,9780005 B 2525,6235 15933,517 19069,656 17183,047 8727,877 1559,9094 S 1761,3569 11814,11 15572,952 8987,636 13883,44 774,62976
1,9786422 B 2525,6235 15933,517 19069,656 17183,047 8727,877 1559,9094 S 1761,3569 11814,11 15572,952 8987,636 13883,44 774,62976
1,9790002 B 2525,6235 15933,517 19069,656 17183,047 8727,877 1559,9094 S 1761,3569 11814,11 15572,952 8987,636 13883,44 774,62976
1,9790001 B 2525,6235 15933,517 19069,656 17183,047 8727,877 1559,9094 S 1761,3569 11814,11 15572,952 8987,636 13883,44 774,62976
1,9789997 B 2525,6235 15933,517 19069,656 17183,047 8727,877 1559,9094 S 1761,3569 11814,11 15572,952 8987,636 13883,44 774,62976
1,9790002 B 2525,6235 15933,517 19069,656 17183,047 8727,877 1559,9094 S 1761,3569 11814,11 15572,952 8987,636 13883,44 774,62976
1,9789997 B 2525,6235 15933,517 19069,656 17183,047 8727,877 1559,9094 S 1761,3569 11814,11 15572,952 8987,636 13883,44 774,62976
1,9781442 B 2525,6235 15933,517 19069,656 17183,047 8727,877 1559,9094 S 1761,3569 11814,11 15572,952 8987,636 13883,44 774,62976
1,9779993 B 2525,6235 15933,517 19069,656 17183,047 8727,877 1559,9094 S 1761,3569 11814,11 15572,952 8987,636 13883,44 774,62976
1,9780004 B 2525,6235 15933,517 19069,656 17183,047 8727,877 1559,9094 S 1761,3569 11814,11 15572,952 8987,636 13883,44 774,62976
1,9779999 B 2525,6235 15933,517 19069,656 17183,047 8727,877 1559,9094 S 1761,3569 11814,11 15572,952 8987,636 13883,44 774,62976
1,9780004 B 2525,6235 15933,517 19069,656 17183,047 8727,877 1559,9094 S 1761,3569 11814,11 15572,952 8987,636 13883,44 774,62976
1,9780002 B 2525,6235 15933,517 19069,656 17183,047 8727,877 1559,9094 S 1761,3569 11814,11 15572,952 8987,636 13883,44 774,62976
1,9779999 B 2525,6235 15933,517 19069,656 17183,047 8727,877 1559,9094 S 1761,3569 11814,11 15572,952 8987,636 13883,44 774,62976
1,977914 B 2525,6235 15933,517 19069,656 17183,047 8727,877 1559,9094 S 1761,3569 11814,11 15572,952 8987,636 13883,44 774,62976
1,9770005 B 2525,6235 15933,517 19069,656 17183,047 8727,877 1559,9094 S 1761,3569 11814,11 15572,952 8987,636 13883,44 774,62976
1,9770001 B 2525,6235 15933,517 19069,656 17183,047 8727,877 1559,9094 S 1761,3569 11814,11 15572,952 8987,636 13883,44 774,62976
1,9769995 B 2525,6235 15933,517 19069,656 17183,047 8727,877 1559,9094 S 1761,3569 11814,11 15572,952 8987,636 13883,44 774,62976
1,9769996 B 2525,6235 15933,517 19069,656 17183,047 8727,877 1559,9094 S 1761,3569 11814,11 15572,952 8987,636 13883,44 774,62976
1,9770007 B 2525,6235 15933,517 19069,656 17183,047 8727,877 1559,9094 S 1761,3569 11814,11 15572,952 8987,636 13883,44 774,62976
1,9770006 B 2525,6235 15933,517 19069,656 17183,047 8727,877 1559,9094 S 1761,3569 11814,11 15572,952 8987,636 13883,44 774,62976
1,9770006 B 2525,6235 15933,517 19069,656 17183,047 8727,877 1559,9094 S 1761,3569 11814,11 15572,952 8987,636 13883,44 774,62976
1,9770006 B 2525,6235 15933,517 19069,656 17183,047 8727,877 1559,9094 S 1761,3569 11814,11 15572,952 8987,636 13883,44 774,62976
1,976851 B 2525,6235 15933,517 19069,656 17183,047 8727,877 1559,9094 S 1761,3569 11814,11 15572,952 8987,636 13883,44 774,62976
1,9759998 B 2525,6235 15933,517 19069,656 17183,047 8727,877 1559,9094 S 1761,3569 11814,11 15572,952 8987,636 13883,44 774,62976
1,9760009 B 2525,6235 15933,517 19069,656 17183,047 8727,877 1559,9094 S 1761,3569 11814,11 15572,952 8987,636 13883,44 774,62976
1,9760001 B 2525,6235 15933,517 19069,656 17183,047 8727,877 1559,9094 S 1761,3569 11814,11 15572,952 8987,636 13883,44 774,62976
1,9767876 B 2525,6235 15933,517 19069,656 17183,047 8727,877 1559,9094 S 1761,3569 11814,11 15572,952 8987,636 13883,44 774,62976
1,977 B 2525,6235 15933,517 19069,656 17183,047 8727,877 1559,9094 S 1761,3569 11814,11 15572,952 8987,636 13883,44 774,62976
1,9770006 B 2525,6235 15933,517 19069,656 17183,047 8727,877 1559,9094 S 1761,3569 11814,11 15572,952 8987,636 13883,44 774,62976
1,9770005 B 2525,6235 15933,517 19069,656 17183,047 8727,877 1559,9094 S 1761,3569 11814,11 15572,952 8987,636 13883,44 774,62976
1,9770004 B 2525,6235 15933,517 19069,656 17183,047 8727,877 1559,9094 S 1761,3569 11814,11 15572,952 8987,636 13883,44 774,62976
1,9769995 B 2525,6235 15933,517 19069,656 17183,047 8727,877 1559,9094 S 1761,3569 11814,11 15572,952 8987,636 13883,44 774,62976
1,977 B 2525,6235 15933,517 19069,656 17183,047 8727,877 1559,9094 S 1761,3569 11814,11 15572,952 8987,636 13883,44 774,62976
1,9770004 B 2525,6235 15933,517 19069,656 17183,047 8727,877 1559,9094 S 1761,3569 11814,11 15572,952 8987,636 13883,44 774,62976
1,9770001 B 2525,6235 15933,517 19069,656 17183,047 8727,877 1559,9094 S 1761,3569 11814,11 15572,952 8987,636 13883,44 774,62976
1,9770005 B 2525,6235 15933,517 19069,656 17183,047 8727,877 1559,9094 S 1761,3569 11814,11 15572,952 8987,636 13883,44 774,62976
1,9769994 B 2525,6235 15933,517 19069,656 17183,047 8727,877 1559,9094 S 1761,3569 11814,11 15572,952 8987,636 13883,44 774,62976
1,9770007 B 2525,6235 15933,517 19069,656 17183,047 8727,877 1559,9094 S 1761,3569 11814,11 15572,952 8987,636 13883,44 774,62976
1,977 B 2525,6235 15933,517 19069,656 17183,047 8727,877 1559,9094 S 1761,3569 11814,11 15572,952 8987,636 13883,44 774,62976
1,9769999 B 2525,6235 15933,517 19069,656 17183,047 8727,877 1559,9094 S 1761,3569 11814,11 15572,952 8987,636 13883,44 774,62976
1,9770001 B 2525,6235 15933,517 19069,656 17183,047 8727,877 1559,9094 S 1761,3569 11814,11 15572,952 8987,636 13883,44 774,62976
1,9770001 B 2525,6235 15933,517 19069,656 17183,047 8727,877 1559,9094 S 1761,3569 11814,11 15572,952 8987,636 13883,44 774,62976
1,9770004 B 2525,6235 15933,517 19069,656 17183,047 8727,877 1559,9094 S 1761,3569 11814,11 15572,952 8987,636 13883,44 774,62976
1,977 B 2525,6235 15933,517 19069,656 17183,047 8727,877 1559,9094 S 1761,3569 11814,11 15572,952 8987,636 13883,44 774,62976
1,977208 B 2525,6235 15933,517 19069,656 17183,047 8727,877 1559,9094 S 1761,3569 11814,11 15572,952 8987,636 13883,44 774,62976
1,9780005 B 2525,6235 15933,517 19069,656 17183,047 8727,877 1559,9094 S 1761,3569 11814,11 15572,952 8987,636 13883,44 774,62976
1,9780003 B 2525,6235 15933,517 19069,656 17183,047 8727,877 1559,9094 S 1761,3569 11814,11 15572,952 8987,636 13883,44 774,62976
1,9779996 B 2525,6235 15933,517 19069,656 17183,047 8727,877 1559,9094 S 1761,3569 11814,11 15572,952 8987,636 13883,44 774,62976
1,9780006 B 2525,6235 15933,517 19069,656 17183,047 8727,877 1559,9094 S 1761,3569 11814,11 15572,952 8987,636 13883,44 774,62976
1,9779998 B 2525,6235 15933,517 19069,656 17183,047 8727,877 1559,9094 S 1761,3569 11814,11 15572,952 8987,636 13883,44 774,62976
1,978 B 2525,6235 15933,517 19069,656 17183,047 8727,877 1559,9094 S 1761,3569 11814,11 15572,952 8987,636 13883,44 774,62976
1,9780005 B 2525,6235 15933,517 19069,656 17183,047 8727,877 1559,9094 S 1761,3569 11814,11 15572,952 8987,636 13883,44 774,62976
1,9779999 B 2525,6235 15933,517 19069,656 17183,047 8727,877 1559,9094 S 1761,3569 11814,11 15572,952 8987,636 13883,44 774,62976
1,9780004 B 2525,6235 15933,517 19069,656 17183,047 8727,877 1559,9094 S 1761,3569 11814,11 15572,952 8987,636 13883,44 774,62976
1,9779998 B 2525,6235 15933,517 19069,656 17183,047 8727,877 1559,9094 S 1761,3569 11814,11 15572,952 8987,636 13883,44 774,62976
1,9779999 B 2525,6235 15933,517 19069,656 17183,047 8727,877 1559,9094 S 1761,3569 11814,11 15572,952 8987,636 13883,44 774,62976
1,9779999 B 2525,6235 15933,517 19069,656 17183,047 8727,877 1559,9094 S 1761,3569 11814,11 15572,952 8987,636 13883,44 774,62976
1,9780005 B 2525,6235 15933,517 19069,656 17183,047 8727,877 1559,9094 S 1761,3569 11814,11 15572,952 8987,636 13883,44 774,62976
1,9780003 B 2525,6235 15933,517 19069,656 17183,047 8727,877 1559,9094 S 1761,3569 11814,11 15572,952 8987,636 13883,44 774,62976
1,9779998 B 2525,6235 15933,517 19069,656 17183,047 8727,877 1559,9094 S 1761,3569 11814,11 15572,952 8987,636 13883,44 774,62976
1,9780003 B 2525,6235 15933,517 19069,656 17183,047 8727,877 1559,9094 S 1761,3569 11814,11 15572,952 8987,636 13883,44 774,62976
1,9779989 B 2525,6235 15933,517 19069,656 17183,047 8727,877 1559,9094 S 1761,3569 11814,11 15572,952 8987,636 13883,44 774,62976
1,978 B 2525,6235 15933,517 19069,656 17183,047 8727,877 1559,9094 S 1761,3569 11814,11 15572,952 8987,636 13883,44 774,62976
1,9780003 B 2525,6235 15933,517 19069,656 17183,047 8727,877 1559,9094 S 1761,3569 11814,11 15572,952 8987,636 13883,44 774,62976
1,9779999 B 2525,6235 15933,517 19069,656 17183,047 8727,877 1559,9094 S 1761,3569 11814,11 15572,952 8987,636 13883,44 774,62976
1,9779993 B 2525,6235 15933,517 19069,656 17183,047 8727,877 1559,9094 S 1761,3569 11814,11 15572,952 8987,636 13883,44 774,62976
1,9779998 B 2525,6235 15933,517 19069,656 17183,047 8727,877 1559,9094 S 1761,3569 11814,11 15572,952 8987,636 13883,44 774,62976
1,978 B 2525,6235 15933,517 19069,656 17183,047 8727,877 1559,9094 S 1761,3569 11814,11 15572,952 8987,636 13883,44 774,62976
1,9779998 B 2525,6235 15933,517 19069,656 17183,047 8727,877 1559,9094 S 1761,3569 11814,11 15572,952 8987,636 13883,44 774,62976
1,9779999 B 2525,6235 15933,517 19069,656 17183,047 8727,877 1559,9094 S 1761,3569 11814,11 15572,952 8987,636 13883,44 774,62976
1,9779998 B 2525,6235 15933,517 19069,656 17183,047 8727,877 1559,9094 S 1761,3569 11814,11 15572,952 8987,636 13883,44 774,62976
1,978 B 2525,6235 15933,517 19069,656 17183,047 8727,877 1559,9094 S 1761,3569 11814,11 15572,952 8987,636 13883,44 774,62976
1,9779998 B 2525,6235 15933,517 19069,656 17183,047 8727,877 1559,9094 S 1761,3569 11814,11 15572,952 8987,636 13883,44 774,62976
1,9779998 B 2525,6235 15933,517 19069,656 17183,047 8727,877 1559,9094 S 1761,3569 11814,11 15572,952 8987,636 13883,44 774,62976
1,9780003 B 2525,6235 15933,517 19069,656 17183,047 8727,877 1559,9094 S 1761,3569 11814,11 15572,952 8987,636 13883,44 774,62976
1,978 B 2525,6235 15933,517 19069,656 17183,047 8727,877 1559,9094 S 1761,3569 11814,11 15572,952 8987,636 13883,44 774,62976
1,9779998 B 2525,6235 15933,517 19069,656 17183,047 8727,877 1559,9094 S 1761,3569 11814,11 15572,952 8987,636 13883,44 774,62976
1,9780002 B 2525,6235 15933,517 19069,656 17183,047 8727,877 1559,9094 S 1761,3569 11814,11 15572,952 8987,636 13883,44 774,62976
1,978 B 2525,6235 15933,517 19069,656 17183,047 8727,877 1559,9094 S 1761,3569 11814,11 15572,952 8987,636 13883,44 774,62976
1,978 B 2525,6235 15933,517 19069,656 17183,047 8727,877 1559,9094 S 1761,3569 11814,11 15572,952 8987,636 13883,44 774,62976
1,9780004 B 2525,6235 15933,517 19069,656 17183,047 8727,877 1559,9094 S 1761,3569 11814,11 15572,952 8987,636 13883,44 774,62976
1,9780006 B 2525,6235 15933,517 19069,656 17183,047 8727,877 1559,9094 S 1761,3569 11814,11 15572,952 8987,636 13883,44 774,62976
1,9780005 B 2525,6235 15933,517 19069,656 17183,047 8727,877 1559,9094 S 1761,3569 11814,11 15572,952 8987,636 13883,44 774,62976
1,9780004 B 2525,6235 15933,517 19069,656 17183,047 8727,877 1559,9094 S 1761,3569 11814,11 15572,952 8987,636 13883,44 774,62976
1,9779999 B 2525,6235 15933,517 19069,656 17183,047 8727,877 1559,9094 S 1761,3569 11814,11 15572,952 8987,636 13883,44 774,62976
1,9780002 B 2525,6235 15933,517 19069,656 17183,047 8727,877 1559,9094 S 1761,3569 11814,11 15572,952 8987,636 13883,44 774,62976
1,9780002 B 2525,6235 15933,517 19069,656 17183,047 8727,877 1559,9094 S 1761,3569 11814,11 15572,952 8987,636 13883,44 774,62976
1,9779998 B 2525,6235 15933,517 19069,656 17183,047 8727,877 1559,9094 S 1761,3569 11814,11 15572,952 8987,636 13883,44 774,62976
1,9779998 B 2525,6235 15933,517 19069,656 17183,047 8727,877 1559,9094 S 1761,3569 11814,11 15572,952 8987,636 13883,44 774,62976
1,9780002 B 2525,6235 15933,517 19069,656 17183,047 8727,877 1559,9094 S 1761,3569 11814,11 15572,952 8987,636 13883,44 774,62976
1,9779999 B 2525,6235 15933,517 19069,656 17183,047 8727,877 1559,9094 S 1761,3569 11814,11 15572,952 8987,636 13883,44 774,62976
1,9779991 B 2525,6235 15933,517 19069,656 17183,047 8727,877 1559,9094 S 1761,3569 11814,11 15572,952 8987,636 13883,44 774,62976
1,9779998 B 2525,6235 15933,517 19069,656 17183,047 8727,877 1559,9094 S 1761,3569 11814,11 15572,952 8987,636 13883,44 774,62976
1,978 B 2525,6235 15933,517 19069,656 17183,047 8727,877 1559,9094 S 1761,3569 11814,11 15572,952 8987,636 13883,44 774,62976
1,9779993 B 2525,6235 15933,517 19069,656 17183,047 8727,877 1559,9094 S 1761,3569 11814,11 15572,952 8987,636 13883,44 774,62976
1,9779999 B 2525,6235 15933,517 19069,656 17183,047 8727,877 1559,9094 S 1761,3569 11814,11 15572,952 8987,636 13883,44 774,62976
1,9779998 B 2525,6235 15933,517 19069,656 17183,047 8727,877 1559,9094 S 1761,3569 11814,11 15572,952 8987,636 13883,44 774,62976
1,9780002 B 2525,6235 15933,517 19069,656 17183,047 8727,877 1559,9094 S 1761,3569 11814,11 15572,952 8987,636 13883,44 774,62976
1,9780003 B 2525,6235 15933,517 19069,656 17183,047 8727,877 1559,9094 S 1761,3569 11814,11 15572,952 8987,636 13883,44 774,62976
1,978 B 2525,6235 15933,517 19069,656 17183,047 8727,877 1559,9094 S 1761,3569 11814,11 15572,952 8987,636 13883,44 774,62976
1,978 B 2525,6235 15933,517 19069,656 17183,047 8727,877 1559,9094 S 1761,3569 11814,11 15572,952 8987,636 13883,44 774,62976
1,978 B 2525,6235 15933,517 19069,656 17183,047 8727,877 1559,9094 S 1761,3569 11814,11 15572,952 8987,636 13883,44 774,62976
1,9780002 B 2525,6235 15933,517 19069,656 17183,047 8727,877 1559,9094 S 1761,3569 11814,11 15572,952 8987,636 13883,44 774,62976
1,978 B 2525,6235 15933,517 19069,656 17183,047 8727,877 1559,9094 S 1761,3569 11814,11 15572,952 8987,636 13883,44 774,62976
1,9779998 B 2525,6235 15933,517 19069,656 17183,047 8727,877 1559,9094 S 1761,3569 11814,11 15572,952 8987,636 13883,44 774,62976
1,9780002 B 2525,6235 15933,517 19069,656 17183,047 8727,877 1559,9094 S 1761,3569 11814,11 15572,952 8987,636 13883,44 774,62976
1,9779996 B 2525,6235 15933,517 19069,656 17183,047 8727,877 1559,9094 S 1761,3569 11814,11 15572,952 8987,636 13883,44 774,62976
1,9779994 B 2525,6235 15933,517 19069,656 17183,047 8727,877 1559,9094 S 1761,3569 11814,11 15572,952 8987,636 13883,44 774,62976
1,9779998 B 2525,6235 15933,517 19069,656 17183,047 8727,877 1559,9094 S 1761,3569 11814,11 15572,952 8987,636 13883,44 774,62976
1,9779999 B 2525,6235 15933,517 19069,656 17183,047 8727,877 1559,9094 S 1761,3569 11814,11 15572,952 8987,636 13883,44 774,62976
1,9780002 B 2525,6235 15933,517 19069,656 17183,047 8727,877 1559,9094 S 1761,3569 11814,11 15572,952 8987,636 13883,44 774,62976
1,9780005 B 2525,6235 15933,517 19069,656 17183,047 8727,877 1559,9094 S 1761,3569 11814,11 15572,952 8987,636 13883,44 774,62976
1,9780002 B 2525,6235 15933,517 19069,656 17183,047 8727,877 1559,9094 S 1761,3569 11814,11 15572,952 8987,636 13883,44 774,62976
1,9779998 B 2525,6235 15933,517 19069,656 17183,047 8727,877 1559,9094 S 1761,3569 11814,11 15572,952 8987,636 13883,44 774,62976
1,9779999 B 2525,6235 15933,517 19069,656 17183,047 8727,877 1559,9094 S 1761,3569 11814,11 15572,952 8987,636 13883,44 774,62976
1,9779998 B 2525,6235 15933,517 19069,656 17183,047 8727,877 1559,9094 S 1761,3569 11814,11 15572,952 8987,636 13883,44 774,62976
1,9780004 B 2525,6235 15933,517 19069,656 17183,047 8727,877 1559,9094 S 1761,3569 11814,11 15572,952 8987,636 13883,44 774,62976
1,978 B 2525,6235 15933,517 19069,656 17183,047 8727,877 1559,9094 S 1761,3569 11814,11 15572,952 8987,636 13883,44 774,62976
1,9779998 B 2525,6235 15933,517 19069,656 17183,047 8727,877 1559,9094 S 1761,3569 11814,11 15572,952 8987,636 13883,44 774,62976
1,9779998 B 2525,6235 15933,517 19069,656 17183,047 8727,877 1559,9094 S 1761,3569 11814,11 15572,952 8987,636 13883,44 774,62976
1,9780003 B 2525,6235 15933,517 19069,656 17183,047 8727,877 1559,9094 S 1761,3569 11814,11 15572,952 8987,636 13883,44 774,62976
1,978 B 2525,6235 15933,517 19069,656 17183,047 8727,877 1559,9094 S 1761,3569 11814,11 15572,952 8987,636 13883,44 774,62976
1,9779999 B 2525,6235 15933,517 19069,656 17183,047 8727,877 1559,9094 S 1761,3569 11814,11 15572,952 8987,636 13883,44 774,62976
1,9779994 B 2525,6235 15933,517 19069,656 17183,047 8727,877 1559,9094 S 1761,3569 11814,11 15572,952 8987,636 13883,44 774,62976
1,9780004 B 2525,6235 15933,517 19069,656 17183,047 8727,877 1559,9094 S 1761,3569 11814,11 15572,952 8987,636 13883,44 774,62976
1,9780002 B 2525,6235 15933,517 19069,656 17183,047 8727,877 1559,9094 S 1761,3569 11814,11 15572,952 8987,636 13883,44 774,62976
1,978 B 2525,6235 15933,517 19069,656 17183,047 8727,877 1559,9094 S 1761,3569 11814,11 15572,952 8987,636 13883,44 774,62976
1,977999 B 2525,6235 15933,517 19069,656 17183,047 8727,877 1559,9094 S 1761,3569 11814,11 15572,952 8987,636 13883,44 774,62976
