1,969781
1,9720538 B 1332,5437 8334,745 7849,814 11811,671 5198,1245 10489,409 S 7414,344 15068,699 7124,9873 9463,29 7668,0234 15847,38
1,9730002 B 1332,5437 8334,745 7849,814 11811,671 5198,1245 10489,409 S 7414,344 15068,699 7124,9873 9463,29 7668,0234 15847,38
1,972234 B 1332,5437 8334,745 7849,814 11811,671 5198,1245 10489,409 S 7414,344 15068,699 7124,9873 9463,29 7668,0234 15847,38
1,9720006 B 1332,5437 8334,745 7849,814 11811,671 5198,1245 10489,409 S 7414,344 15068,699 7124,9873 9463,29 7668,0234 15847,38
1,9720004 B 1332,5437 8334,745 7849,814 11811,671 5198,1245 10489,409 S 7414,344 15068,699 7124,9873 9463,29 7668,0234 15847,38
1,9722518 B 1332,5437 8334,745 7849,814 11811,671 5198,1245 10489,409 S 7414,344 15068,699 7124,9873 9463,29 7668,0234 15847,38
1,9729999 B 1332,5437 8334,745 7849,814 11811,671 5198,1245 10489,409 S 7414,344 15068,699 7124,9873 9463,29 7668,0234 15847,38
1,9729996 B 1332,5437 8334,745 7849,814 11811,671 5198,1245 10489,409 S 7414,344 15068,699 7124,9873 9463,29 7668,0234 15847,38
1,9730004 B 1332,5437 8334,745 7849,814 11811,671 5198,1245 10489,409 S 7414,344 15068,699 7124,9873 9463,29 7668,0234 15847,38
1,9721582 B 1332,5437 8334,745 7849,814 11811,671 5198,1245 10489,409 S 7414,344 15068,699 7124,9873 9463,29 7668,0234 15847,38
1,969619 B 1332,5437 8334,745 7849,814 11811,671 5198,1245 10489,409 S 7414,344 15068,699 7124,9873 9463,29 7668,0234 15847,38
1,9689997 B 1332,5437 8334,745 7849,814 11811,671 5198,1245 10489,409 S 7414,344 15068,699 7124,9873 9463,29 7668,0234 15847,38
1,9690002 B 1332,5437 8334,745 7849,814 11811,671 5198,1245 10489,409 S 7414,344 15068,699 7124,9873 9463,29 7668,0234 15847,38
1,9690001 B 1332,5437 8334,745 7849,814 11811,671 5198,1245 10489,409 S 7414,344 15068,699 7124,9873 9463,29 7668,0234 15847,38
1,9693173 B 1332,5437 8334,745 7849,814 11811,671 5198,1245 10489,409 S 7414,344 15068,699 7124,9873 9463,29 7668,0234 15847,38
1,9720004 B 1332,5437 8334,745 7849,814 11811,671 5198,1245 10489,409 S 7414,344 15068,699 7124,9873 9463,29 7668,0234 15847,38
1,9719089 B 1332,5437 8334,745 7849,814 11811,671 5198,1245 10489,409 S 7414,344 15068,699 7124,9873 9463,29 7668,0234 15847,38
1,9710001 B 1332,5437 8334,745 7849,814 11811,671 5198,1245 10489,409 S 7414,344 15068,699 7124,9873 9463,29 7668,0234 15847,38
1,9710004 B 1332,5437 8334,745 7849,814 11811,671 5198,1245 10489,409 S 7414,344 15068,699 7124,9873 9463,29 7668,0234 15847,38
1,971 B 1332,5437 8334,745 7849,814 11811,671 5198,1245 10489,409 S 7414,344 15068,699 7124,9873 9463,29 7668,0234 15847,38
1,9710007 B 1332,5437 8334,745 7849,814 11811,671 5198,1245 10489,409 S 7414,344 15068,699 7124,9873 9463,29 7668,0234 15847,38
1,9709998 B 1332,5437 8334,745 7849,814 11811,671 5198,1245 10489,409 S 7414,344 15068,699 7124,9873 9463,29 7668,0234 15847,38
1,971 B 1332,5437 8334,745 7849,814 11811,671 5198,1245 10489,409 S 7414,344 15068,699 7124,9873 9463,29 7668,0234 15847,38
1,9710003 B 1332,5437 8334,745 7849,814 11811,671 5198,1245 10489,409 S 7414,344 15068,699 7124,9873 9463,29 7668,0234 15847,38
1,9710001 B 1332,5437 8334,745 7849,814 11811,671 5198,1245 10489,409 S 7414,344 15068,699 7124,9873 9463,29 7668,0234 15847,38
1,9709995 B 1332,5437 8334,745 7849,814 11811,671 5198,1245 10489,409 S 7414,344 15068,699 7124,9873 9463,29 7668,0234 15847,38
1,9710002 B 1332,5437 8334,745 7849,814 11811,671 5198,1245 10489,409 S 7414,344 15068,699 7124,9873 9463,29 7668,0234 15847,38
1,971099 B 1332,5437 8334,745 7849,814 11811,671 5198,1245 10489,409 S 7414,344 15068,699 7124,9873 9463,29 7668,0234 15847,38
1,972 B 1332,5437 8334,745 7849,814 11811,671 5198,1245 10489,409 S 7414,344 15068,699 7124,9873 9463,29 7668,0234 15847,38
1,9720002 B 1332,5437 8334,745 7849,814 11811,671 5198,1245 10489,409 S 7414,344 15068,699 7124,9873 9463,29 7668,0234 15847,38
1,972 B 1332,5437 8334,745 7849,814 11811,671 5198,1245 10489,409 S 7414,344 15068,699 7124,9873 9463,29 7668,0234 15847,38
1,9712341 B 1332,5437 8334,745 7849,814 11811,671 5198,1245 10489,409 S 7414,344 15068,699 7124,9873 9463,29 7668,0234 15847,38
1,9700001 B 1332,5437 8334,745 7849,814 11811,671 5198,1245 10489,409 S 7414,344 15068,699 7124,9873 9463,29 7668,0234 15847,38
1,9699997 B 1332,5437 8334,745 7849,814 11811,671 5198,1245 10489,409 S 7414,344 15068,699 7124,9873 9463,29 7668,0234 15847,38
1,9700001 B 1332,5437 8334,745 7849,814 11811,671 5198,1245 10489,409 S 7414,344 15068,699 7124,9873 9463,29 7668,0234 15847,38
1,9699998 B 1332,5437 8334,745 7849,814 11811,671 5198,1245 10489,409 S 7414,344 15068,699 7124,9873 9463,29 7668,0234 15847,38
1,9700004 B 1332,5437 8334,745 7849,814 11811,671 5198,1245 10489,409 S 7414,344 15068,699 7124,9873 9463,29 7668,0234 15847,38
1,9699998 B 1332,5437 8334,745 7849,814 11811,671 5198,1245 10489,409 S 7414,344 15068,699 7124,9873 9463,29 7668,0234 15847,38
1,97 B 1332,5437 8334,745 7849,814 11811,671 5198,1245 10489,409 S 7414,344 15068,699 7124,9873 9463,29 7668,0234 15847,38
1,9699999 B 1332,5437 8334,745 7849,814 11811,671 5198,1245 10489,409 S 7414,344 15068,699 7124,9873 9463,29 7668,0234 15847,38
1,9697493 B 1332,5437 8334,745 7849,814 11811,671 5198,1245 10489,409 S 7414,344 15068,699 7124,9873 9463,29 7668,0234 15847,38
1,9678347 B 1332,5437 8334,745 7849,814 11811,671 5198,1245 10489,409 S 7414,344 15068,699 7124,9873 9463,29 7668,0234 15847,38
1,9669993 B 1332,5437 8334,745 7849,814 11811,671 5198,1245 10489,409 S 7414,344 15068,699 7124,9873 9463,29 7668,0234 15847,38
1,9670004 B 1332,5437 8334,745 7849,814 11811,671 5198,1245 10489,409 S 7414,344 15068,699 7124,9873 9463,29 7668,0234 15847,38
1,9670004 B 1332,5437 8334,745 7849,814 11811,671 5198,1245 10489,409 S 7414,344 15068,699 7124,9873 9463,29 7668,0234 15847,38
1,9670004 B 1332,5437 8334,745 7849,814 11811,671 5198,1245 10489,409 S 7414,344 15068,699 7124,9873 9463,29 7668,0234 15847,38
1,9669995 B 1332,5437 8334,745 7849,814 11811,671 5198,1245 10489,409 S 7414,344 15068,699 7124,9873 9463,29 7668,0234 15847,38
1,9670005 B 1332,5437 8334,745 7849,814 11811,671 5198,1245 10489,409 S 7414,344 15068,699 7124,9873 9463,29 7668,0234 15847,38
1,9670001 B 1332,5437 8334,745 7849,814 11811,671 5198,1245 10489,409 S 7414,344 15068,699 7124,9873 9463,29 7668,0234 15847,38
1,9670005 B 1332,5437 8334,745 7849,814 11811,671 5198,1245 10489,409 S 7414,344 15068,699 7124,9873 9463,29 7668,0234 15847,38
1,9670001 B 1332,5437 8334,745 7849,814 11811,671 5198,1245 10489,409 S 7414,344 15068,699 7124,9873 9463,29 7668,0234 15847,38
1,9671667 B 1332,5437 8334,745 7849,814 11811,671 5198,1245 10489,409 S 7414,344 15068,699 7124,9873 9463,29 7668,0234 15847,38
1,968 B 1332,5437 8334,745 7849,814 11811,671 5198,1245 10489,409 S 7414,344 15068,699 7124,9873 9463,29 7668,0234 15847,38
1,968 B 1332,5437 8334,745 7849,814 11811,671 5198,1245 10489,409 S 7414,344 15068,699 7124,9873 9463,29 7668,0234 15847,38
1,9672133 B 1332,5437 8334,745 7849,814 11811,671 5198,1245 10489,409 S 7414,344 15068,699 7124,9873 9463,29 7668,0234 15847,38
1,9664128 B 1332,5437 8334,745 7849,814 11811,671 5198,1245 10489,409 S 7414,344 15068,699 7124,9873 9463,29 7668,0234 15847,38
1,966001 B 1332,5437 8334,745 7849,814 11811,671 5198,1245 10489,409 S 7414,344 15068,699 7124,9873 9463,29 7668,0234 15847,38
1,9660001 B 1332,5437 8334,745 7849,814 11811,671 5198,1245 10489,409 S 7414,344 15068,699 7124,9873 9463,29 7668,0234 15847,38
1,966 B 1332,5437 8334,745 7849,814 11811,671 5198,1245 10489,409 S 7414,344 15068,699 7124,9873 9463,29 7668,0234 15847,38
1,9660003 B 1332,5437 8334,745 7849,814 11811,671 5198,1245 10489,409 S 7414,344 15068,699 7124,9873 9463,29 7668,0234 15847,38
1,9660004 B 1332,5437 8334,745 7849,814 11811,671 5198,1245 10489,409 S 7414,344 15068,699 7124,9873 9463,29 7668,0234 15847,38
1,9660002 B 1332,5437 8334,745 7849,814 11811,671 5198,1245 10489,409 S 7414,344 15068,699 7124,9873 9463,29 7668,0234 15847,38
1,9660003 B 1332,5437 8334,745 7849,814 11811,671 5198,1245 10489,409 S 7414,344 15068,699 7124,9873 9463,29 7668,0234 15847,38
1,9660001 B 1332,5437 8334,745 7849,814 11811,671 5198,1245 10489,409 S 7414,344 15068,699 7124,9873 9463,29 7668,0234 15847,38
1,9660007 B 1332,5437 8334,745 7849,814 11811,671 5198,1245 10489,409 S 7414,344 15068,699 7124,9873 9463,29 7668,0234 15847,38
1,9660003 B 1332,5437 8334,745 7849,814 11811,671 5198,1245 10489,409 S 7414,344 15068,699 7124,9873 9463,29 7668,0234 15847,38
1,9662398 B 1332,5437 8334,745 7849,814 11811,671 5198,1245 10489,409 S 7414,344 15068,699 7124,9873 9463,29 7668,0234 15847,38
1,9679999 B 1332,5437 8334,745 7849,814 11811,671 5198,1245 10489,409 S 7414,344 15068,699 7124,9873 9463,29 7668,0234 15847,38
1,9679999 B 1332,5437 8334,745 7849,814 11811,671 5198,1245 10489,409 S 7414,344 15068,699 7124,9873 9463,29 7668,0234 15847,38
1,9712812 B 1332,5437 8334,745 7849,814 11811,671 5198,1245 10489,409 S 7414,344 15068,699 7124,9873 9463,29 7668,0234 15847,38
1,9720004 B 1332,5437 8334,745 7849,814 11811,671 5198,1245 10489,409 S 7414,344 15068,699 7124,9873 9463,29 7668,0234 15847,38
1,9720002 B 1332,5437 8334,745 7849,814 11811,671 5198,1245 10489,409 S 7414,344 15068,699 7124,9873 9463,29 7668,0234 15847,38
1,972 B 1332,5437 8334,745 7849,814 11811,671 5198,1245 10489,409 S 7414,344 15068,699 7124,9873 9463,29 7668,0234 15847,38
1,9719995 B 1332,5437 8334,745 7849,814 11811,671 5198,1245 10489,409 S 7414,344 15068,699 7124,9873 9463,29 7668,0234 15847,38
1,9720005 B 1332,5437 8334,745 7849,814 11811,671 5198,1245 10489,409 S 7414,344 15068,699 7124,9873 9463,29 7668,0234 15847,38
1,9720002 B 1332,5437 8334,745 7849,814 11811,671 5198,1245 10489,409 S 7414,344 15068,699 7124,9873 9463,29 7668,0234 15847,38
1,9720001 B 1332,5437 8334,745 7849,814 11811,671 5198,1245 10489,409 S 7414,344 15068,699 7124,9873 9463,29 7668,0234 15847,38
1,9720004 B 1332,5437 8334,745 7849,814 11811,671 5198,1245 10489,409 S 7414,344 15068,699 7124,9873 9463,29 7668,0234 15847,38
1,9719998 B 1332,5437 8334,745 7849,814 11811,671 5198,1245 10489,409 S 7414,344 15068,699 7124,9873 9463,29 7668,0234 15847,38
1,9720005 B 1332,5437 8334,745 7849,814 11811,671 5198,1245 10489,409 S 7414,344 15068,699 7124,9873 9463,29 7668,0234 15847,38
1,9720001 B 1332,5437 8334,745 7849,814 11811,671 5198,1245 10489,409 S 7414,344 15068,699 7124,9873 9463,29 7668,0234 15847,38
1,9715819 B 1332,5437 8334,745 7849,814 11811,671 5198,1245 10489,409 S 7414,344 15068,699 7124,9873 9463,29 7668,0234 15847,38
1,9710002 B 1332,5437 8334,745 7849,814 11811,671 5198,1245 10489,409 S 7414,344 15068,699 7124,9873 9463,29 7668,0234 15847,38
1,9709996 B 1332,5437 8334,745 7849,814 11811,671 5198,1245 10489,409 S 7414,344 15068,699 7124,9873 9463,29 7668,0234 15847,38
1,971 B 1332,5437 8334,745 7849,814 11811,671 5198,1245 10489,409 S 7414,344 15068,699 7124,9873 9463,29 7668,0234 15847,38
1,9709996 B 1332,5437 8334,745 7849,814 11811,671 5198,1245 10489,409 S 7414,344 15068,699 7124,9873 9463,29 7668,0234 15847,38
1,9710004 B 1332,5437 8334,745 7849,814 11811,671 5198,1245 10489,409 S 7414,344 15068,699 7124,9873 9463,29 7668,0234 15847,38
1,9710003 B 1332,5437 8334,745 7849,814 11811,671 5198,1245 10489,409 S 7414,344 15068,699 7124,9873 9463,29 7668,0234 15847,38
1,971 B 1332,5437 8334,745 7849,814 11811,671 5198,1245 10489,409 S 7414,344 15068,699 7124,9873 9463,29 7668,0234 15847,38
1,9709995 B 1332,5437 8334,745 7849,814 11811,671 5198,1245 10489,409 S 7414,344 15068,699 7124,9873 9463,29 7668,0234 15847,38
1,970714 B 1332,5437 8334,745 7849,814 11811,671 5198,1245 10489,409 S 7414,344 15068,699 7124,9873 9463,29 7668,0234 15847,38
1,9686148 B 1332,5437 8334,745 7849,814 11811,671 5198,1245 10489,409 S 7414,344 15068,699 7124,9873 9463,29 7668,0234 15847,38
1,9680004 B 1332,5437 8334,745 7849,814 11811,671 5198,1245 10489,409 S 7414,344 15068,699 7124,9873 9463,29 7668,0234 15847,38
1,9680002 B 1332,5437 8334,745 7849,814 11811,671 5198,1245 10489,409 S 7414,344 15068,699 7124,9873 9463,29 7668,0234 15847,38
1,9680002 B 1332,5437 8334,745 7849,814 11811,671 5198,1245 10489,409 S 7414,344 15068,699 7124,9873 9463,29 7668,0234 15847,38
1,9679998 B 1332,5437 8334,745 7849,814 11811,671 5198,1245 10489,409 S 7414,344 15068,699 7124,9873 9463,29 7668,0234 15847,38
1,9679999 B 1332,5437 8334,745 7849,814 11811,671 5198,1245 10489,409 S 7414,344 15068,699 7124,9873 9463,29 7668,0234 15847,38
1,9679999 B 1332,5437 8334,745 7849,814 11811,671 5198,1245 10489,409 S 7414,344 15068,699 7124,9873 9463,29 7668,0234 15847,38
1,9680005 B 1332,5437 8334,745 7849,814 11811,671 5198,1245 10489,409 S 7414,344 15068,699 7124,9873 9463,29 7668,0234 15847,38
1,9680005 B 1332,5437 8334,745 7849,814 11811,671 5198,1245 10489,409 S 7414,344 15068,699 7124,9873 9463,29 7668,0234 15847,38
1,9680002 B 1332,5437 8334,745 7849,814 11811,671 5198,1245 10489,409 S 7414,344 15068,699 7124,9873 9463,29 7668,0234 15847,38
1,9679999 B 1332,5437 8334,745 7849,814 11811,671 5198,1245 10489,409 S 7414,344 15068,699 7124,9873 9463,29 7668,0234 15847,38
1,9679999 B 1332,5437 8334,745 7849,814 11811,671 5198,1245 10489,409 S 7414,344 15068,699 7124,9873 9463,29 7668,0234 15847,38
1,9680003 B 1332,5437 8334,745 7849,814 11811,671 5198,1245 10489,409 S 7414,344 15068,699 7124,9873 9463,29 7668,0234 15847,38
1,9679998 B 1332,5437 8334,745 7849,814 11811,671 5198,1245 10489,409 S 7414,344 15068,699 7124,9873 9463,29 7668,0234 15847,38
1,9680003 B 1332,5437 8334,745 7849,814 11811,671 5198,1245 10489,409 S 7414,344 15068,699 7124,9873 9463,29 7668,0234 15847,38
1,9680002 B 1332,5437 8334,745 7849,814 11811,671 5198,1245 10489,409 S 7414,344 15068,699 7124,9873 9463,29 7668,0234 15847,38
1,9670311 B 1332,5437 8334,745 7849,814 11811,671 5198,1245 10489,409 S 7414,344 15068,699 7124,9873 9463,29 7668,0234 15847,38
1,9669993 B 1332,5437 8334,745 7849,814 11811,671 5198,1245 10489,409 S 7414,344 15068,699 7124,9873 9463,29 7668,0234 15847,38
1,9669998 B 1332,5437 8334,745 7849,814 11811,671 5198,1245 10489,409 S 7414,344 15068,699 7124,9873 9463,29 7668,0234 15847,38
1,9670004 B 1332,5437 8334,745 7849,814 11811,671 5198,1245 10489,409 S 7414,344 15068,699 7124,9873 9463,29 7668,0234 15847,38
1,9669995 B 1332,5437 8334,745 7849,814 11811,671 5198,1245 10489,409 S 7414,344 15068,699 7124,9873 9463,29 7668,0234 15847,38
1,9670001 B 1332,5437 8334,745 7849,814 11811,671 5198,1245 10489,409 S 7414,344 15068,699 7124,9873 9463,29 7668,0234 15847,38
1,9670001 B 1332,5437 8334,745 7849,814 11811,671 5198,1245 10489,409 S 7414,344 15068,699 7124,9873 9463,29 7668,0234 15847,38
1,9670002 B 1332,5437 8334,745 7849,814 11811,671 5198,1245 10489,409 S 7414,344 15068,699 7124,9873 9463,29 7668,0234 15847,38
1,9670004 B 1332,5437 8334,745 7849,814 11811,671 5198,1245 10489,409 S 7414,344 15068,699 7124,9873 9463,29 7668,0234 15847,38
1,9670005 B 1332,5437 8334,745 7849,814 11811,671 5198,1245 10489,409 S 7414,344 15068,699 7124,9873 9463,29 7668,0234 15847,38
1,9669997 B 1332,5437 8334,745 7849,814 11811,671 5198,1245 10489,409 S 7414,344 15068,699 7124,9873 9463,29 7668,0234 15847,38
1,9670002 B 1332,5437 8334,745 7849,814 11811,671 5198,1245 10489,409 S 7414,344 15068,699 7124,9873 9463,29 7668,0234 15847,38
1,9669998 B 1332,5437 8334,745 7849,814 11811,671 5198,1245 10489,409 S 7414,344 15068,699 7124,9873 9463,29 7668,0234 15847,38
1,9670002 B 1332,5437 8334,745 7849,814 11811,671 5198,1245 10489,409 S 7414,344 15068,699 7124,9873 9463,29 7668,0234 15847,38
1,9669998 B 1332,5437 8334,745 7849,814 11811,671 5198,1245 10489,409 S 7414,344 15068,699 7124,9873 9463,29 7668,0234 15847,38
1,9669998 B 1332,5437 8334,745 7849,814 11811,671 5198,1245 10489,409 S 7414,344 15068,699 7124,9873 9463,29 7668,0234 15847,38
1,9670001 B 1332,5437 8334,745 7849,814 11811,671 5198,1245 10489,409 S 7414,344 15068,699 7124,9873 9463,29 7668,0234 15847,38
1,9670001 B 1332,5437 8334,745 7849,814 11811,671 5198,1245 10489,409 S 7414,344 15068,699 7124,9873 9463,29 7668,0234 15847,38
1,9670002 B 1332,5437 8334,745 7849,814 11811,671 5198,1245 10489,409 S 7414,344 15068,699 7124,9873 9463,29 7668,0234 15847,38
1,966947 B 1332,5437 8334,745 7849,814 11811,671 5198,1245 10489,409 S 7414,344 15068,699 7124,9873 9463,29 7668,0234 15847,38
1,9660001 B 1332,5437 8334,745 7849,814 11811,671 5198,1245 10489,409 S 7414,344 15068,699 7124,9873 9463,29 7668,0234 15847,38
1,9660002 B 1332,5437 8334,745 7849,814 11811,671 5198,1245 10489,409 S 7414,344 15068,699 7124,9873 9463,29 7668,0234 15847,38
1,9657557 B 1332,5437 8334,745 7849,814 11811,671 5198,1245 10489,409 S 7414,344 15068,699 7124,9873 9463,29 7668,0234 15847,38
1,965 B 1332,5437 8334,745 7849,814 11811,671 5198,1245 10489,409 S 7414,344 15068,699 7124,9873 9463,29 7668,0234 15847,38
1,9649998 B 1332,5437 8334,745 7849,814 11811,671 5198,1245 10489,409 S 7414,344 15068,699 7124,9873 9463,29 7668,0234 15847,38
1,9650002 B 1332,5437 8334,745 7849,814 11811,671 5198,1245 10489,409 S 7414,344 15068,699 7124,9873 9463,29 7668,0234 15847,38
1,9649998 B 1332,5437 8334,745 7849,814 11811,671 5198,1245 10489,409 S 7414,344 15068,699 7124,9873 9463,29 7668,0234 15847,38
1,9649994 B 1332,5437 8334,745 7849,814 11811,671 5198,1245 10489,409 S 7414,344 15068,699 7124,9873 9463,29 7668,0234 15847,38
1,9649997 B 1332,5437 8334,745 7849,814 11811,671 5198,1245 10489,409 S 7414,344 15068,699 7124,9873 9463,29 7668,0234 15847,38
1,9650005 B 1332,5437 8334,745 7849,814 11811,671 5198,1245 10489,409 S 7414,344 15068,699 7124,9873 9463,29 7668,0234 15847,38
1,965 B 1332,5437 8334,745 7849,814 11811,671 5198,1245 10489,409 S 7414,344 15068,699 7124,9873 9463,29 7668,0234 15847,38
1,9650002 B 1332,5437 8334,745 7849,814 11811,671 5198,1245 10489,409 S 7414,344 15068,699 7124,9873 9463,29 7668,0234 15847,38
1,9650002 B 1332,5437 8334,745 7849,814 11811,671 5198,1245 10489,409 S 7414,344 15068,699 7124,9873 9463,29 7668,0234 15847,38
1,9650868 B 1332,5437 8334,745 7849,814 11811,671 5198,1245 10489,409 S 7414,344 15068,699 7124,9873 9463,29 7668,0234 15847,38
1,966 B 1332,5437 8334,745 7849,814 11811,671 5198,1245 10489,409 S 7414,344 15068,699 7124,9873 9463,29 7668,0234 15847,38
1,9676818 B 1332,5437 8334,745 7849,814 11811,671 5198,1245 10489,409 S 7414,344 15068,699 7124,9873 9463,29 7668,0234 15847,38
1,9679992 B 1332,5437 8334,745 7849,814 11811,671 5198,1245 10489,409 S 7414,344 15068,699 7124,9873 9463,29 7668,0234 15847,38
1,968 B 1332,5437 8334,745 7849,814 11811,671 5198,1245 10489,409 S 7414,344 15068,699 7124,9873 9463,29 7668,0234 15847,38
1,9680004 B 1332,5437 8334,745 7849,814 11811,671 5198,1245 10489,409 S 7414,344 15068,699 7124,9873 9463,29 7668,0234 15847,38
1,9680007 B 1332,5437 8334,745 7849,814 11811,671 5198,1245 10489,409 S 7414,344 15068,699 7124,9873 9463,29 7668,0234 15847,38
1,9679992 B 1332,5437 8334,745 7849,814 11811,671 5198,1245 10489,409 S 7414,344 15068,699 7124,9873 9463,29 7668,0234 15847,38
1,9680297 B 1332,5437 8334,745 7849,814 11811,671 5198,1245 10489,409 S 7414,344 15068,699 7124,9873 9463,29 7668,0234 15847,38
1,9710002 B 1332,5437 8334,745 7849,814 11811,671 5198,1245 10489,409 S 7414,344 15068,699 7124,9873 9463,29 7668,0234 15847,38
1,9709998 B 1332,5437 8334,745 7849,814 11811,671 5198,1245 10489,409 S 7414,344 15068,699 7124,9873 9463,29 7668,0234 15847,38
1,9710006 B 1332,5437 8334,745 7849,814 11811,671 5198,1245 10489,409 S 7414,344 15068,699 7124,9873 9463,29 7668,0234 15847,38
1,9709995 B 1332,5437 8334,745 7849,814 11811,671 5198,1245 10489,409 S 7414,344 15068,699 7124,9873 9463,29 7668,0234 15847,38
1,9708323 B 1332,5437 8334,745 7849,814 11811,671 5198,1245 10489,409 S 7414,344 15068,699 7124,9873 9463,29 7668,0234 15847,38
1,9699998 B 1332,5437 8334,745 7849,814 11811,671 5198,1245 10489,409 S 7414,344 15068,699 7124,9873 9463,29 7668,0234 15847,38
1,9700005 B 1332,5437 8334,745 7849,814 11811,671 5198,1245 10489,409 S 7414,344 15068,699 7124,9873 9463,29 7668,0234 15847,38
1,9700004 B 1332,5437 8334,745 7849,814 11811,671 5198,1245 10489,409 S 7414,344 15068,699 7124,9873 9463,29 7668,0234 15847,38
1,9699998 B 1332,5437 8334,745 7849,814 11811,671 5198,1245 10489,409 S 7414,344 15068,699 7124,9873 9463,29 7668,0234 15847,38
1,9699999 B 1332,5437 8334,745 7849,814 11811,671 5198,1245 10489,409 S 7414,344 15068,699 7124,9873 9463,29 7668,0234 15847,38
1,97 B 1332,5437 8334,745 7849,814 11811,671 5198,1245 10489,409 S 7414,344 15068,699 7124,9873 9463,29 7668,0234 15847,38
1,9699997 B 1332,5437 8334,745 7849,814 11811,671 5198,1245 10489,409 S 7414,344 15068,699 7124,9873 9463,29 7668,0234 15847,38
1,9700812 B 1332,5437 8334,745 7849,814 11811,671 5198,1245 10489,409 S 7414,344 15068,699 7124,9873 9463,29 7668,0234 15847,38
1,9709996 B 1332,5437 8334,745 7849,814 11811,671 5198,1245 10489,409 S 7414,344 15068,699 7124,9873 9463,29 7668,0234 15847,38
1,9709995 B 1332,5437 8334,745 7849,814 11811,671 5198,1245 10489,409 S 7414,344 15068,699 7124,9873 9463,29 7668,0234 15847,38
1,971 B 1332,5437 8334,745 7849,814 11811,671 5198,1245 10489,409 S 7414,344 15068,699 7124,9873 9463,29 7668,0234 15847,38
1,971 B 1332,5437 8334,745 7849,814 11811,671 5198,1245 10489,409 S 7414,344 15068,699 7124,9873 9463,29 7668,0234 15847,38
1,9710003 B 1332,5437 8334,745 7849,814 11811,671 5198,1245 10489,409 S 7414,344 15068,699 7124,9873 9463,29 7668,0234 15847,38
1,9710003 B 1332,5437 8334,745 7849,814 11811,671 5198,1245 10489,409 S 7414,344 15068,699 7124,9873 9463,29 7668,0234 15847,38
1,971 B 1332,5437 8334,745 7849,814 11811,671 5198,1245 10489,409 S 7414,344 15068,699 7124,9873 9463,29 7668,0234 15847,38
1,971 B 1332,5437 8334,745 7849,814 11811,671 5198,1245 10489,409 S 7414,344 15068,699 7124,9873 9463,29 7668,0234 15847,38
1,9709992 B 1332,5437 8334,745 7849,814 11811,671 5198,1245 10489,409 S 7414,344 15068,699 7124,9873 9463,29 7668,0234 15847,38
1,9709995 B 1332,5437 8334,745 7849,814 11811,671 5198,1245 10489,409 S 7414,344 15068,699 7124,9873 9463,29 7668,0234 15847,38
1,9710001 B 1332,5437 8334,745 7849,814 11811,671 5198,1245 10489,409 S 7414,344 15068,699 7124,9873 9463,29 7668,0234 15847,38
1,9709995 B 1332,5437 8334,745 7849,814 11811,671 5198,1245 10489,409 S 7414,344 15068,699 7124,9873 9463,29 7668,0234 15847,38
1,9710003 B 1332,5437 8334,745 7849,814 11811,671 5198,1245 10489,409 S 7414,344 15068,699 7124,9873 9463,29 7668,0234 15847,38
1,9710002 B 1332,5437 8334,745 7849,814 11811,671 5198,1245 10489,409 S 7414,344 15068,699 7124,9873 9463,29 7668,0234 15847,38
1,9710001 B 1332,5437 8334,745 7849,814 11811,671 5198,1245 10489,409 S 7414,344 15068,699 7124,9873 9463,29 7668,0234 15847,38
1,9710001 B 1332,5437 8334,745 7849,814 11811,671 5198,1245 10489,409 S 7414,344 15068,699 7124,9873 9463,29 7668,0234 15847,38
1,9710002 B 1332,5437 8334,745 7849,814 11811,671 5198,1245 10489,409 S 7414,344 15068,699 7124,9873 9463,29 7668,0234 15847,38
1,9709996 B 1332,5437 8334,745 7849,814 11811,671 5198,1245 10489,409 S 7414,344 15068,699 7124,9873 9463,29 7668,0234 15847,38
1,9710002 B 1332,5437 8334,745 7849,814 11811,671 5198,1245 10489,409 S 7414,344 15068,699 7124,9873 9463,29 7668,0234 15847,38
1,9710003 B 1332,5437 8334,745 7849,814 11811,671 5198,1245 10489,409 S 7414,344 15068,699 7124,9873 9463,29 7668,0234 15847,38
1,9709998 B 1332,5437 8334,745 7849,814 11811,671 5198,1245 10489,409 S 7414,344 15068,699 7124,9873 9463,29 7668,0234 15847,38
1,9709998 B 1332,5437 8334,745 7849,814 11811,671 5198,1245 10489,409 S 7414,344 15068,699 7124,9873 9463,29 7668,0234 15847,38
1,9709996 B 1332,5437 8334,745 7849,814 11811,671 5198,1245 10489,409 S 7414,344 15068,699 7124,9873 9463,29 7668,0234 15847,38
1,971 B 1332,5437 8334,745 7849,814 11811,671 5198,1245 10489,409 S 7414,344 15068,699 7124,9873 9463,29 7668,0234 15847,38
1,9710004 B 1332,5437 8334,745 7849,814 11811,671 5198,1245 10489,409 S 7414,344 15068,699 7124,9873 9463,29 7668,0234 15847,38
1,971001 B 1332,5437 8334,745 7849,814 11811,671 5198,1245 10489,409 S 7414,344 15068,699 7124,9873 9463,29 7668,0234 15847,38
1,9710001 B 1332,5437 8334,745 7849,814 11811,671 5198,1245 10489,409 S 7414,344 15068,699 7124,9873 9463,29 7668,0234 15847,38
1,971 B 1332,5437 8334,745 7849,814 11811,671 5198,1245 10489,409 S 7414,344 15068,699 7124,9873 9463,29 7668,0234 15847,38
1,971 B 1332,5437 8334,745 7849,814 11811,671 5198,1245 10489,409 S 7414,344 15068,699 7124,9873 9463,29 7668,0234 15847,38
1,9710004 B 1332,5437 8334,745 7849,814 11811,671 5198,1245 10489,409 S 7414,344 15068,699 7124,9873 9463,29 7668,0234 15847,38
1,9709996 B 1332,5437 8334,745 7849,814 11811,671 5198,1245 10489,409 S 7414,344 15068,699 7124,9873 9463,29 7668,0234 15847,38
1,9711564 B 1332,5437 8334,745 7849,814 11811,671 5198,1245 10489,409 S 7414,344 15068,699 7124,9873 9463,29 7668,0234 15847,38
1,9719999 B 1332,5437 8334,745 7849,814 11811,671 5198,1245 10489,409 S 7414,344 15068,699 7124,9873 9463,29 7668,0234 15847,38
1,9720001 B 1332,5437 8334,745 7849,814 11811,671 5198,1245 10489,409 S 7414,344 15068,699 7124,9873 9463,29 7668,0234 15847,38
1,9719999 B 1332,5437 8334,745 7849,814 11811,671 5198,1245 10489,409 S 7414,344 15068,699 7124,9873 9463,29 7668,0234 15847,38
1,9720002 B 1332,5437 8334,745 7849,814 11811,671 5198,1245 10489,409 S 7414,344 15068,699 7124,9873 9463,29 7668,0234 15847,38
1,9714663 B 1332,5437 8334,745 7849,814 11811,671 5198,1245 10489,409 S 7414,344 15068,699 7124,9873 9463,29 7668,0234 15847,38
1,9709998 B 1332,5437 8334,745 7849,814 11811,671 5198,1245 10489,409 S 7414,344 15068,699 7124,9873 9463,29 7668,0234 15847,38
1,9709998 B 1332,5437 8334,745 7849,814 11811,671 5198,1245 10489,409 S 7414,344 15068,699 7124,9873 9463,29 7668,0234 15847,38
1,9710002 B 1332,5437 8334,745 7849,814 11811,671 5198,1245 10489,409 S 7414,344 15068,699 7124,9873 9463,29 7668,0234 15847,38
1,9710006 B 1332,5437 8334,745 7849,814 11811,671 5198,1245 10489,409 S 7414,344 15068,699 7124,9873 9463,29 7668,0234 15847,38
1,9709996 B 1332,5437 8334,745 7849,814 11811,671 5198,1245 10489,409 S 7414,344 15068,699 7124,9873 9463,29 7668,0234 15847,38
1,9709994 B 1332,5437 8334,745 7849,814 11811,671 5198,1245 10489,409 S 7414,344 15068,699 7124,9873 9463,29 7668,0234 15847,38
1,971 B 1332,5437 8334,745 7849,814 11811,671 5198,1245 10489,409 S 7414,344 15068,699 7124,9873 9463,29 7668,0234 15847,38
1,9710002 B 1332,5437 8334,745 7849,814 11811,671 5198,1245 10489,409 S 7414,344 15068,699 7124,9873 9463,29 7668,0234 15847,38
1,9710003 B 1332,5437 8334,745 7849,814 11811,671 5198,1245 10489,409 S 7414,344 15068,699 7124,9873 9463,29 7668,0234 15847,38
1,9709996 B 1332,5437 8334,745 7849,814 11811,671 5198,1245 10489,409 S 7414,344 15068,699 7124,9873 9463,29 7668,0234 15847,38
1,9710004 B 1332,5437 8334,745 7849,814 11811,671 5198,1245 10489,409 S 7414,344 15068,699 7124,9873 9463,29 7668,0234 15847,38
1,971 B 1332,5437 8334,745 7849,814 11811,671 5198,1245 10489,409 S 7414,344 15068,699 7124,9873 9463,29 7668,0234 15847,38
1,9709994 B 1332,5437 8334,745 7849,814 11811,671 5198,1245 10489,409 S 7414,344 15068,699 7124,9873 9463,29 7668,0234 15847,38
1,971 B 1332,5437 8334,745 7849,814 11811,671 5198,1245 10489,409 S 7414,344 15068,699 7124,9873 9463,29 7668,0234 15847,38
1,9709992 B 1332,5437 8334,745 7849,814 11811,671 5198,1245 10489,409 S 7414,344 15068,699 7124,9873 9463,29 7668,0234 15847,38
1,9710001 B 1332,5437 8334,745 7849,814 11811,671 5198,1245 10489,409 S 7414,344 15068,699 7124,9873 9463,29 7668,0234 15847,38
1,9709998 B 1332,5437 8334,745 7849,814 11811,671 5198,1245 10489,409 S 7414,344 15068,699 7124,9873 9463,29 7668,0234 15847,38
1,9709994 B 1332,5437 8334,745 7849,814 11811,671 5198,1245 10489,409 S 7414,344 15068,699 7124,9873 9463,29 7668,0234 15847,38
1,9710006 B 1332,5437 8334,745 7849,814 11811,671 5198,1245 10489,409 S 7414,344 15068,699 7124,9873 9463,29 7668,0234 15847,38
1,9710004 B 1332,5437 8334,745 7849,814 11811,671 5198,1245 10489,409 S 7414,344 15068,699 7124,9873 9463,29 7668,0234 15847,38
1,9710007 B 1332,5437 8334,745 7849,814 11811,671 5198,1245 10489,409 S 7414,344 15068,699 7124,9873 9463,29 7668,0234 15847,38
1,9710001 B 1332,5437 8334,745 7849,814 11811,671 5198,1245 10489,409 S 7414,344 15068,699 7124,9873 9463,29 7668,0234 15847,38
1,9710001 B 1332,5437 8334,745 7849,814 11811,671 5198,1245 10489,409 S 7414,344 15068,699 7124,9873 9463,29 7668,0234 15847,38
1,9710003 B 1332,5437 8334,745 7849,814 11811,671 5198,1245 10489,409 S 7414,344 15068,699 7124,9873 9463,29 7668,0234 15847,38
1,9709998 B 1332,5437 8334,745 7849,814 11811,671 5198,1245 10489,409 S 7414,344 15068,699 7124,9873 9463,29 7668,0234 15847,38
1,9710008 B 1332,5437 8334,745 7849,814 11811,671 5198,1245 10489,409 S 7414,344 15068,699 7124,9873 9463,29 7668,0234 15847,38
1,9711095 B 1332,5437 8334,745 7849,814 11811,671 5198,1245 10489,409 S 7414,344 15068,699 7124,9873 9463,29 7668,0234 15847,38
1,9730003 B 1332,5437 8334,745 7849,814 11811,671 5198,1245 10489,409 S 7414,344 15068,699 7124,9873 9463,29 7668,0234 15847,38
1,9730004 B 1332,5437 8334,745 7849,814 11811,671 5198,1245 10489,409 S 7414,344 15068,699 7124,9873 9463,29 7668,0234 15847,38
1,9730003 B 1332,5437 8334,745 7849,814 11811,671 5198,1245 10489,409 S 7414,344 15068,699 7124,9873 9463,29 7668,0234 15847,38
1,9731253 B 1332,5437 8334,745 7849,814 11811,671 5198,1245 10489,409 S 7414,344 15068,699 7124,9873 9463,29 7668,0234 15847,38
1,9740001 B 1332,5437 8334,745 7849,814 11811,671 5198,1245 10489,409 S 7414,344 15068,699 7124,9873 9463,29 7668,0234 15847,38
1,9740006 B 1332,5437 8334,745 7849,814 11811,671 5198,1245 10489,409 S 7414,344 15068,699 7124,9873 9463,29 7668,0234 15847,38
1,9741021 B 1332,5437 8334,745 7849,814 11811,671 5198,1245 10489,409 S 7414,344 15068,699 7124,9873 9463,29 7668,0234 15847,38
1,9750004 B 1332,5437 8334,745 7849,814 11811,671 5198,1245 10489,409 S 7414,344 15068,699 7124,9873 9463,29 7668,0234 15847,38
1,9750001 B 1332,5437 8334,745 7849,814 11811,671 5198,1245 10489,409 S 7414,344 15068,699 7124,9873 9463,29 7668,0234 15847,38
1,9759448 B 1332,5437 8334,745 7849,814 11811,671 5198,1245 10489,409 S 7414,344 15068,699 7124,9873 9463,29 7668,0234 15847,38
1,9760001 B 1332,5437 8334,745 7849,814 11811,671 5198,1245 10489,409 S 7414,344 15068,699 7124,9873 9463,29 7668,0234 15847,38
1,9760005 B 1332,5437 8334,745 7849,814 11811,671 5198,1245 10489,409 S 7414,344 15068,699 7124,9873 9463,29 7668,0234 15847,38
1,9760003 B 1332,5437 8334,745 7849,814 11811,671 5198,1245 10489,409 S 7414,344 15068,699 7124,9873 9463,29 7668,0234 15847,38
1,9760001 B 1332,5437 8334,745 7849,814 11811,671 5198,1245 10489,409 S 7414,344 15068,699 7124,9873 9463,29 7668,0234 15847,38
