1,9730546
1,9760004 B 1170,7147 10912,697 15590,64 13723,892 9734,839 8981,9 S 1995,4641 8545,377 15303,331 3609,761 11234,729 9427,423
1,9759996 B 1170,7147 10912,697 15590,64 13723,892 9734,839 8981,9 S 1995,4641 8545,377 15303,331 3609,761 11234,729 9427,423
1,9760001 B 1170,7147 10912,697 15590,64 13723,892 9734,839 8981,9 S 1995,4641 8545,377 15303,331 3609,761 11234,729 9427,423
1,976 B 1170,7147 10912,697 15590,64 13723,892 9734,839 8981,9 S 1995,4641 8545,377 15303,331 3609,761 11234,729 9427,423
1,9759997 B 1170,7147 10912,697 15590,64 13723,892 9734,839 8981,9 S 1995,4641 8545,377 15303,331 3609,761 11234,729 9427,423
1,9759997 B 1170,7147 10912,697 15590,64 13723,892 9734,839 8981,9 S 1995,4641 8545,377 15303,331 3609,761 11234,729 9427,423
1,9776119 B 1170,7147 10912,697 15590,64 13723,892 9734,839 8981,9 S 1995,4641 8545,377 15303,331 3609,761 11234,729 9427,423
1,9780002 B 1170,7147 10912,697 15590,64 13723,892 9734,839 8981,9 S 1995,4641 8545,377 15303,331 3609,761 11234,729 9427,423
1,9780005 B 1170,7147 10912,697 15590,64 13723,892 9734,839 8981,9 S 1995,4641 8545,377 15303,331 3609,761 11234,729 9427,423
1,9779423 B 1170,7147 10912,697 15590,64 13723,892 9734,839 8981,9 S 1995,4641 8545,377 15303,331 3609,761 11234,729 9427,423
1,9780002 B 1170,7147 10912,697 15590,64 13723,892 9734,839 8981,9 S 1995,4641 8545,377 15303,331 3609,761 11234,729 9427,423
1,9780008 B 1170,7147 10912,697 15590,64 13723,892 9734,839 8981,9 S 1995,4641 8545,377 15303,331 3609,761 11234,729 9427,423
1,9777911 B 1170,7147 10912,697 15590,64 13723,892 9734,839 8981,9 S 1995,4641 8545,377 15303,331 3609,761 11234,729 9427,423
1,9770001 B 1170,7147 10912,697 15590,64 13723,892 9734,839 8981,9 S 1995,4641 8545,377 15303,331 3609,761 11234,729 9427,423
1,9770001 B 1170,7147 10912,697 15590,64 13723,892 9734,839 8981,9 S 1995,4641 8545,377 15303,331 3609,761 11234,729 9427,423
1,9769998 B 1170,7147 10912,697 15590,64 13723,892 9734,839 8981,9 S 1995,4641 8545,377 15303,331 3609,761 11234,729 9427,423
1,9769992 B 1170,7147 10912,697 15590,64 13723,892 9734,839 8981,9 S 1995,4641 8545,377 15303,331 3609,761 11234,729 9427,423
1,9770004 B 1170,7147 10912,697 15590,64 13723,892 9734,839 8981,9 S 1995,4641 8545,377 15303,331 3609,761 11234,729 9427,423
1,9769996 B 1170,7147 10912,697 15590,64 13723,892 9734,839 8981,9 S 1995,4641 8545,377 15303,331 3609,761 11234,729 9427,423
1,9769998 B 1170,7147 10912,697 15590,64 13723,892 9734,839 8981,9 S 1995,4641 8545,377 15303,331 3609,761 11234,729 9427,423
1,9741387 B 1170,7147 10912,697 15590,64 13723,892 9734,839 8981,9 S 1995,4641 8545,377 15303,331 3609,761 11234,729 9427,423
1,9740002 B 1170,7147 10912,697 15590,64 13723,892 9734,839 8981,9 S 1995,4641 8545,377 15303,331 3609,761 11234,729 9427,423
1,9739997 B 1170,7147 10912,697 15590,64 13723,892 9734,839 8981,9 S 1995,4641 8545,377 15303,331 3609,761 11234,729 9427,423
1,9748043 B 1170,7147 10912,697 15590,64 13723,892 9734,839 8981,9 S 1995,4641 8545,377 15303,331 3609,761 11234,729 9427,423
1,9749999 B 1170,7147 10912,697 15590,64 13723,892 9734,839 8981,9 S 1995,4641 8545,377 15303,331 3609,761 11234,729 9427,423
1,9749998 B 1170,7147 10912,697 15590,64 13723,892 9734,839 8981,9 S 1995,4641 8545,377 15303,331 3609,761 11234,729 9427,423
1,9750001 B 1170,7147 10912,697 15590,64 13723,892 9734,839 8981,9 S 1995,4641 8545,377 15303,331 3609,761 11234,729 9427,423
1,9750003 B 1170,7147 10912,697 15590,64 13723,892 9734,839 8981,9 S 1995,4641 8545,377 15303,331 3609,761 11234,729 9427,423
1,9750001 B 1170,7147 10912,697 15590,64 13723,892 9734,839 8981,9 S 1995,4641 8545,377 15303,331 3609,761 11234,729 9427,423
1,975624 B 1170,7147 10912,697 15590,64 13723,892 9734,839 8981,9 S 1995,4641 8545,377 15303,331 3609,761 11234,729 9427,423
1,9759998 B 1170,7147 10912,697 15590,64 13723,892 9734,839 8981,9 S 1995,4641 8545,377 15303,331 3609,761 11234,729 9427,423
1,9757991 B 1170,7147 10912,697 15590,64 13723,892 9734,839 8981,9 S 1995,4641 8545,377 15303,331 3609,761 11234,729 9427,423
1,975 B 1170,7147 10912,697 15590,64 13723,892 9734,839 8981,9 S 1995,4641 8545,377 15303,331 3609,761 11234,729 9427,423
1,974013 B 1170,7147 10912,697 15590,64 13723,892 9734,839 8981,9 S 1995,4641 8545,377 15303,331 3609,761 11234,729 9427,423
1,9721816 B 1170,7147 10912,697 15590,64 13723,892 9734,839 8981,9 S 1995,4641 8545,377 15303,331 3609,761 11234,729 9427,423
1,9710002 B 1170,7147 10912,697 15590,64 13723,892 9734,839 8981,9 S 1995,4641 8545,377 15303,331 3609,761 11234,729 9427,423
1,9709996 B 1170,7147 10912,697 15590,64 13723,892 9734,839 8981,9 S 1995,4641 8545,377 15303,331 3609,761 11234,729 9427,423
1,9709992 B 1170,7147 10912,697 15590,64 13723,892 9734,839 8981,9 S 1995,4641 8545,377 15303,331 3609,761 11234,729 9427,423
1,9709998 B 1170,7147 10912,697 15590,64 13723,892 9734,839 8981,9 S 1995,4641 8545,377 15303,331 3609,761 11234,729 9427,423
1,9709996 B 1170,7147 10912,697 15590,64 13723,892 9734,839 8981,9 S 1995,4641 8545,377 15303,331 3609,761 11234,729 9427,423
1,9710001 B 1170,7147 10912,697 15590,64 13723,892 9734,839 8981,9 S 1995,4641 8545,377 15303,331 3609,761 11234,729 9427,423
1,9718238 B 1170,7147 10912,697 15590,64 13723,892 9734,839 8981,9 S 1995,4641 8545,377 15303,331 3609,761 11234,729 9427,423
1,972001 B 1170,7147 10912,697 15590,64 13723,892 9734,839 8981,9 S 1995,4641 8545,377 15303,331 3609,761 11234,729 9427,423
1,9719999 B 1170,7147 10912,697 15590,64 13723,892 9734,839 8981,9 S 1995,4641 8545,377 15303,331 3609,761 11234,729 9427,423
1,9720006 B 1170,7147 10912,697 15590,64 13723,892 9734,839 8981,9 S 1995,4641 8545,377 15303,331 3609,761 11234,729 9427,423
1,9720005 B 1170,7147 10912,697 15590,64 13723,892 9734,839 8981,9 S 1995,4641 8545,377 15303,331 3609,761 11234,729 9427,423
1,9720004 B 1170,7147 10912,697 15590,64 13723,892 9734,839 8981,9 S 1995,4641 8545,377 15303,331 3609,761 11234,729 9427,423
1,9720001 B 1170,7147 10912,697 15590,64 13723,892 9734,839 8981,9 S 1995,4641 8545,377 15303,331 3609,761 11234,729 9427,423
1,9719999 B 1170,7147 10912,697 15590,64 13723,892 9734,839 8981,9 S 1995,4641 8545,377 15303,331 3609,761 11234,729 9427,423
1,9719998 B 1170,7147 10912,697 15590,64 13723,892 9734,839 8981,9 S 1995,4641 8545,377 15303,331 3609,761 11234,729 9427,423
1,9720005 B 1170,7147 10912,697 15590,64 13723,892 9734,839 8981,9 S 1995,4641 8545,377 15303,331 3609,761 11234,729 9427,423
1,9719995 B 1170,7147 10912,697 15590,64 13723,892 9734,839 8981,9 S 1995,4641 8545,377 15303,331 3609,761 11234,729 9427,423
1,9720002 B 1170,7147 10912,697 15590,64 13723,892 9734,839 8981,9 S 1995,4641 8545,377 15303,331 3609,761 11234,729 9427,423
1,9721305 B 1170,7147 10912,697 15590,64 13723,892 9734,839 8981,9 S 1995,4641 8545,377 15303,331 3609,761 11234,729 9427,423
1,9740003 B 1170,7147 10912,697 15590,64 13723,892 9734,839 8981,9 S 1995,4641 8545,377 15303,331 3609,761 11234,729 9427,423
1,9735061 B 1170,7147 10912,697 15590,64 13723,892 9734,839 8981,9 S 1995,4641 8545,377 15303,331 3609,761 11234,729 9427,423
1,973 B 1170,7147 10912,697 15590,64 13723,892 9734,839 8981,9 S 1995,4641 8545,377 15303,331 3609,761 11234,729 9427,423
1,9730003 B 1170,7147 10912,697 15590,64 13723,892 9734,839 8981,9 S 1995,4641 8545,377 15303,331 3609,761 11234,729 9427,423
1,9729997 B 1170,7147 10912,697 15590,64 13723,892 9734,839 8981,9 S 1995,4641 8545,377 15303,331 3609,761 11234,729 9427,423
1,973 B 1170,7147 10912,697 15590,64 13723,892 9734,839 8981,9 S 1995,4641 8545,377 15303,331 3609,761 11234,729 9427,423
1,9729999 B 1170,7147 10912,697 15590,64 13723,892 9734,839 8981,9 S 1995,4641 8545,377 15303,331 3609,761 11234,729 9427,423
1,9729999 B 1170,7147 10912,697 15590,64 13723,892 9734,839 8981,9 S 1995,4641 8545,377 15303,331 3609,761 11234,729 9427,423
1,9730006 B 1170,7147 10912,697 15590,64 13723,892 9734,839 8981,9 S 1995,4641 8545,377 15303,331 3609,761 11234,729 9427,423
1,9729999 B 1170,7147 10912,697 15590,64 13723,892 9734,839 8981,9 S 1995,4641 8545,377 15303,331 3609,761 11234,729 9427,423
1,9729998 B 1170,7147 10912,697 15590,64 13723,892 9734,839 8981,9 S 1995,4641 8545,377 15303,331 3609,761 11234,729 9427,423
1,9729998 B 1170,7147 10912,697 15590,64 13723,892 9734,839 8981,9 S 1995,4641 8545,377 15303,331 3609,761 11234,729 9427,423
1,9725815 B 1170,7147 10912,697 15590,64 13723,892 9734,839 8981,9 S 1995,4641 8545,377 15303,331 3609,761 11234,729 9427,423
1,9720001 B 1170,7147 10912,697 15590,64 13723,892 9734,839 8981,9 S 1995,4641 8545,377 15303,331 3609,761 11234,729 9427,423
1,9720004 B 1170,7147 10912,697 15590,64 13723,892 9734,839 8981,9 S 1995,4641 8545,377 15303,331 3609,761 11234,729 9427,423
1,9720004 B 1170,7147 10912,697 15590,64 13723,892 9734,839 8981,9 S 1995,4641 8545,377 15303,331 3609,761 11234,729 9427,423
1,9719996 B 1170,7147 10912,697 15590,64 13723,892 9734,839 8981,9 S 1995,4641 8545,377 15303,331 3609,761 11234,729 9427,423
1,9719998 B 1170,7147 10912,697 15590,64 13723,892 9734,839 8981,9 S 1995,4641 8545,377 15303,331 3609,761 11234,729 9427,423
1,9723756 B 1170,7147 10912,697 15590,64 13723,892 9734,839 8981,9 S 1995,4641 8545,377 15303,331 3609,761 11234,729 9427,423
1,973 B 1170,7147 10912,697 15590,64 13723,892 9734,839 8981,9 S 1995,4641 8545,377 15303,331 3609,761 11234,729 9427,423
1,9730002 B 1170,7147 10912,697 15590,64 13723,892 9734,839 8981,9 S 1995,4641 8545,377 15303,331 3609,761 11234,729 9427,423
1,9730002 B 1170,7147 10912,697 15590,64 13723,892 9734,839 8981,9 S 1995,4641 8545,377 15303,331 3609,761 11234,729 9427,423
1,9730004 B 1170,7147 10912,697 15590,64 13723,892 9734,839 8981,9 S 1995,4641 8545,377 15303,331 3609,761 11234,729 9427,423
1,9729995 B 1170,7147 10912,697 15590,64 13723,892 9734,839 8981,9 S 1995,4641 8545,377 15303,331 3609,761 11234,729 9427,423
1,9729999 B 1170,7147 10912,697 15590,64 13723,892 9734,839 8981,9 S 1995,4641 8545,377 15303,331 3609,761 11234,729 9427,423
1,9725788 B 1170,7147 10912,697 15590,64 13723,892 9734,839 8981,9 S 1995,4641 8545,377 15303,331 3609,761 11234,729 9427,423
1,9720001 B 1170,7147 10912,697 15590,64 13723,892 9734,839 8981,9 S 1995,4641 8545,377 15303,331 3609,761 11234,729 9427,423
1,9719999 B 1170,7147 10912,697 15590,64 13723,892 9734,839 8981,9 S 1995,4641 8545,377 15303,331 3609,761 11234,729 9427,423
1,9720004 B 1170,7147 10912,697 15590,64 13723,892 9734,839 8981,9 S 1995,4641 8545,377 15303,331 3609,761 11234,729 9427,423
1,9720002 B 1170,7147 10912,697 15590,64 13723,892 9734,839 8981,9 S 1995,4641 8545,377 15303,331 3609,761 11234,729 9427,423
1,9719998 B 1170,7147 10912,697 15590,64 13723,892 9734,839 8981,9 S 1995,4641 8545,377 15303,331 3609,761 11234,729 9427,423
1,9718459 B 1170,7147 10912,697 15590,64 13723,892 9734,839 8981,9 S 1995,4641 8545,377 15303,331 3609,761 11234,729 9427,423
1,9710002 B 1170,7147 10912,697 15590,64 13723,892 9734,839 8981,9 S 1995,4641 8545,377 15303,331 3609,761 11234,729 9427,423
1,9710003 B 1170,7147 10912,697 15590,64 13723,892 9734,839 8981,9 S 1995,4641 8545,377 15303,331 3609,761 11234,729 9427,423
1,9709998 B 1170,7147 10912,697 15590,64 13723,892 9734,839 8981,9 S 1995,4641 8545,377 15303,331 3609,761 11234,729 9427,423
1,971 B 1170,7147 10912,697 15590,64 13723,892 9734,839 8981,9 S 1995,4641 8545,377 15303,331 3609,761 11234,729 9427,423
1,9701592 B 1170,7147 10912,697 15590,64 13723,892 9734,839 8981,9 S 1995,4641 8545,377 15303,331 3609,761 11234,729 9427,423
1,9700001 B 1170,7147 10912,697 15590,64 13723,892 9734,839 8981,9 S 1995,4641 8545,377 15303,331 3609,761 11234,729 9427,423
1,97 B 1170,7147 10912,697 15590,64 13723,892 9734,839 8981,9 S 1995,4641 8545,377 15303,331 3609,761 11234,729 9427,423
1,9699999 B 1170,7147 10912,697 15590,64 13723,892 9734,839 8981,9 S 1995,4641 8545,377 15303,331 3609,761 11234,729 9427,423
1,9699993 B 1170,7147 10912,697 15590,64 13723,892 9734,839 8981,9 S 1995,4641 8545,377 15303,331 3609,761 11234,729 9427,423
1,9700006 B 1170,7147 10912,697 15590,64 13723,892 9734,839 8981,9 S 1995,4641 8545,377 15303,331 3609,761 11234,729 9427,423
1,9699998 B 1170,7147 10912,697 15590,64 13723,892 9734,839 8981,9 S 1995,4641 8545,377 15303,331 3609,761 11234,729 9427,423
1,9699999 B 1170,7147 10912,697 15590,64 13723,892 9734,839 8981,9 S 1995,4641 8545,377 15303,331 3609,761 11234,729 9427,423
1,9700005 B 1170,7147 10912,697 15590,64 13723,892 9734,839 8981,9 S 1995,4641 8545,377 15303,331 3609,761 11234,729 9427,423
1,9699999 B 1170,7147 10912,697 15590,64 13723,892 9734,839 8981,9 S 1995,4641 8545,377 15303,331 3609,761 11234,729 9427,423
1,9700001 B 1170,7147 10912,697 15590,64 13723,892 9734,839 8981,9 S 1995,4641 8545,377 15303,331 3609,761 11234,729 9427,423
1,9699996 B 1170,7147 10912,697 15590,64 13723,892 9734,839 8981,9 S 1995,4641 8545,377 15303,331 3609,761 11234,729 9427,423
1,9700009 B 1170,7147 10912,697 15590,64 13723,892 9734,839 8981,9 S 1995,4641 8545,377 15303,331 3609,761 11234,729 9427,423
1,9699996 B 1170,7147 10912,697 15590,64 13723,892 9734,839 8981,9 S 1995,4641 8545,377 15303,331 3609,761 11234,729 9427,423
1,9700005 B 1170,7147 10912,697 15590,64 13723,892 9734,839 8981,9 S 1995,4641 8545,377 15303,331 3609,761 11234,729 9427,423
1,9699996 B 1170,7147 10912,697 15590,64 13723,892 9734,839 8981,9 S 1995,4641 8545,377 15303,331 3609,761 11234,729 9427,423
1,9700004 B 1170,7147 10912,697 15590,64 13723,892 9734,839 8981,9 S 1995,4641 8545,377 15303,331 3609,761 11234,729 9427,423
1,9699998 B 1170,7147 10912,697 15590,64 13723,892 9734,839 8981,9 S 1995,4641 8545,377 15303,331 3609,761 11234,729 9427,423
1,9699999 B 1170,7147 10912,697 15590,64 13723,892 9734,839 8981,9 S 1995,4641 8545,377 15303,331 3609,761 11234,729 9427,423
1,97 B 1170,7147 10912,697 15590,64 13723,892 9734,839 8981,9 S 1995,4641 8545,377 15303,331 3609,761 11234,729 9427,423
1,97 B 1170,7147 10912,697 15590,64 13723,892 9734,839 8981,9 S 1995,4641 8545,377 15303,331 3609,761 11234,729 9427,423
1,9700001 B 1170,7147 10912,697 15590,64 13723,892 9734,839 8981,9 S 1995,4641 8545,377 15303,331 3609,761 11234,729 9427,423
1,9700004 B 1170,7147 10912,697 15590,64 13723,892 9734,839 8981,9 S 1995,4641 8545,377 15303,331 3609,761 11234,729 9427,423
1,97 B 1170,7147 10912,697 15590,64 13723,892 9734,839 8981,9 S 1995,4641 8545,377 15303,331 3609,761 11234,729 9427,423
1,9700006 B 1170,7147 10912,697 15590,64 13723,892 9734,839 8981,9 S 1995,4641 8545,377 15303,331 3609,761 11234,729 9427,423
1,9699999 B 1170,7147 10912,697 15590,64 13723,892 9734,839 8981,9 S 1995,4641 8545,377 15303,331 3609,761 11234,729 9427,423
1,9699996 B 1170,7147 10912,697 15590,64 13723,892 9734,839 8981,9 S 1995,4641 8545,377 15303,331 3609,761 11234,729 9427,423
1,9703462 B 1170,7147 10912,697 15590,64 13723,892 9734,839 8981,9 S 1995,4641 8545,377 15303,331 3609,761 11234,729 9427,423
1,975 B 1170,7147 10912,697 15590,64 13723,892 9734,839 8981,9 S 1995,4641 8545,377 15303,331 3609,761 11234,729 9427,423
1,9750001 B 1170,7147 10912,697 15590,64 13723,892 9734,839 8981,9 S 1995,4641 8545,377 15303,331 3609,761 11234,729 9427,423
1,9749998 B 1170,7147 10912,697 15590,64 13723,892 9734,839 8981,9 S 1995,4641 8545,377 15303,331 3609,761 11234,729 9427,423
1,9741099 B 1170,7147 10912,697 15590,64 13723,892 9734,839 8981,9 S 1995,4641 8545,377 15303,331 3609,761 11234,729 9427,423
1,9739996 B 1170,7147 10912,697 15590,64 13723,892 9734,839 8981,9 S 1995,4641 8545,377 15303,331 3609,761 11234,729 9427,423
1,9740003 B 1170,7147 10912,697 15590,64 13723,892 9734,839 8981,9 S 1995,4641 8545,377 15303,331 3609,761 11234,729 9427,423
1,9740003 B 1170,7147 10912,697 15590,64 13723,892 9734,839 8981,9 S 1995,4641 8545,377 15303,331 3609,761 11234,729 9427,423
1,9740001 B 1170,7147 10912,697 15590,64 13723,892 9734,839 8981,9 S 1995,4641 8545,377 15303,331 3609,761 11234,729 9427,423
1,9740005 B 1170,7147 10912,697 15590,64 13723,892 9734,839 8981,9 S 1995,4641 8545,377 15303,331 3609,761 11234,729 9427,423
1,9739999 B 1170,7147 10912,697 15590,64 13723,892 9734,839 8981,9 S 1995,4641 8545,377 15303,331 3609,761 11234,729 9427,423
1,9740003 B 1170,7147 10912,697 15590,64 13723,892 9734,839 8981,9 S 1995,4641 8545,377 15303,331 3609,761 11234,729 9427,423
1,97371 B 1170,7147 10912,697 15590,64 13723,892 9734,839 8981,9 S 1995,4641 8545,377 15303,331 3609,761 11234,729 9427,423
1,973001 B 1170,7147 10912,697 15590,64 13723,892 9734,839 8981,9 S 1995,4641 8545,377 15303,331 3609,761 11234,729 9427,423
1,9729999 B 1170,7147 10912,697 15590,64 13723,892 9734,839 8981,9 S 1995,4641 8545,377 15303,331 3609,761 11234,729 9427,423
1,9729998 B 1170,7147 10912,697 15590,64 13723,892 9734,839 8981,9 S 1995,4641 8545,377 15303,331 3609,761 11234,729 9427,423
1,973 B 1170,7147 10912,697 15590,64 13723,892 9734,839 8981,9 S 1995,4641 8545,377 15303,331 3609,761 11234,729 9427,423
1,9727474 B 1170,7147 10912,697 15590,64 13723,892 9734,839 8981,9 S 1995,4641 8545,377 15303,331 3609,761 11234,729 9427,423
1,9720001 B 1170,7147 10912,697 15590,64 13723,892 9734,839 8981,9 S 1995,4641 8545,377 15303,331 3609,761 11234,729 9427,423
1,9720002 B 1170,7147 10912,697 15590,64 13723,892 9734,839 8981,9 S 1995,4641 8545,377 15303,331 3609,761 11234,729 9427,423
1,9720002 B 1170,7147 10912,697 15590,64 13723,892 9734,839 8981,9 S 1995,4641 8545,377 15303,331 3609,761 11234,729 9427,423
1,972001 B 1170,7147 10912,697 15590,64 13723,892 9734,839 8981,9 S 1995,4641 8545,377 15303,331 3609,761 11234,729 9427,423
1,9719998 B 1170,7147 10912,697 15590,64 13723,892 9734,839 8981,9 S 1995,4641 8545,377 15303,331 3609,761 11234,729 9427,423
1,9720002 B 1170,7147 10912,697 15590,64 13723,892 9734,839 8981,9 S 1995,4641 8545,377 15303,331 3609,761 11234,729 9427,423
1,972 B 1170,7147 10912,697 15590,64 13723,892 9734,839 8981,9 S 1995,4641 8545,377 15303,331 3609,761 11234,729 9427,423
1,972 B 1170,7147 10912,697 15590,64 13723,892 9734,839 8981,9 S 1995,4641 8545,377 15303,331 3609,761 11234,729 9427,423
1,9720002 B 1170,7147 10912,697 15590,64 13723,892 9734,839 8981,9 S 1995,4641 8545,377 15303,331 3609,761 11234,729 9427,423
1,9720002 B 1170,7147 10912,697 15590,64 13723,892 9734,839 8981,9 S 1995,4641 8545,377 15303,331 3609,761 11234,729 9427,423
1,9719995 B 1170,7147 10912,697 15590,64 13723,892 9734,839 8981,9 S 1995,4641 8545,377 15303,331 3609,761 11234,729 9427,423
1,9720013 B 1170,7147 10912,697 15590,64 13723,892 9734,839 8981,9 S 1995,4641 8545,377 15303,331 3609,761 11234,729 9427,423
1,9720004 B 1170,7147 10912,697 15590,64 13723,892 9734,839 8981,9 S 1995,4641 8545,377 15303,331 3609,761 11234,729 9427,423
1,9719999 B 1170,7147 10912,697 15590,64 13723,892 9734,839 8981,9 S 1995,4641 8545,377 15303,331 3609,761 11234,729 9427,423
1,9719999 B 1170,7147 10912,697 15590,64 13723,892 9734,839 8981,9 S 1995,4641 8545,377 15303,331 3609,761 11234,729 9427,423
1,9720008 B 1170,7147 10912,697 15590,64 13723,892 9734,839 8981,9 S 1995,4641 8545,377 15303,331 3609,761 11234,729 9427,423
1,972 B 1170,7147 10912,697 15590,64 13723,892 9734,839 8981,9 S 1995,4641 8545,377 15303,331 3609,761 11234,729 9427,423
1,9719995 B 1170,7147 10912,697 15590,64 13723,892 9734,839 8981,9 S 1995,4641 8545,377 15303,331 3609,761 11234,729 9427,423
1,9720006 B 1170,7147 10912,697 15590,64 13723,892 9734,839 8981,9 S 1995,4641 8545,377 15303,331 3609,761 11234,729 9427,423
1,972 B 1170,7147 10912,697 15590,64 13723,892 9734,839 8981,9 S 1995,4641 8545,377 15303,331 3609,761 11234,729 9427,423
1,9719998 B 1170,7147 10912,697 15590,64 13723,892 9734,839 8981,9 S 1995,4641 8545,377 15303,331 3609,761 11234,729 9427,423
1,9720002 B 1170,7147 10912,697 15590,64 13723,892 9734,839 8981,9 S 1995,4641 8545,377 15303,331 3609,761 11234,729 9427,423
1,972 B 1170,7147 10912,697 15590,64 13723,892 9734,839 8981,9 S 1995,4641 8545,377 15303,331 3609,761 11234,729 9427,423
1,9720004 B 1170,7147 10912,697 15590,64 13723,892 9734,839 8981,9 S 1995,4641 8545,377 15303,331 3609,761 11234,729 9427,423
1,9720002 B 1170,7147 10912,697 15590,64 13723,892 9734,839 8981,9 S 1995,4641 8545,377 15303,331 3609,761 11234,729 9427,423
1,9720001 B 1170,7147 10912,697 15590,64 13723,892 9734,839 8981,9 S 1995,4641 8545,377 15303,331 3609,761 11234,729 9427,423
1,9703652 B 1170,7147 10912,697 15590,64 13723,892 9734,839 8981,9 S 1995,4641 8545,377 15303,331 3609,761 11234,729 9427,423
1,9710675 B 1170,7147 10912,697 15590,64 13723,892 9734,839 8981,9 S 1995,4641 8545,377 15303,331 3609,761 11234,729 9427,423
1,9719999 B 1170,7147 10912,697 15590,64 13723,892 9734,839 8981,9 S 1995,4641 8545,377 15303,331 3609,761 11234,729 9427,423
1,9732145 B 1170,7147 10912,697 15590,64 13723,892 9734,839 8981,9 S 1995,4641 8545,377 15303,331 3609,761 11234,729 9427,423
1,9733545 B 1170,7147 10912,697 15590,64 13723,892 9734,839 8981,9 S 1995,4641 8545,377 15303,331 3609,761 11234,729 9427,423
1,9719996 B 1170,7147 10912,697 15590,64 13723,892 9734,839 8981,9 S 1995,4641 8545,377 15303,331 3609,761 11234,729 9427,423
1,9720002 B 1170,7147 10912,697 15590,64 13723,892 9734,839 8981,9 S 1995,4641 8545,377 15303,331 3609,761 11234,729 9427,423
1,9729459 B 1170,7147 10912,697 15590,64 13723,892 9734,839 8981,9 S 1995,4641 8545,377 15303,331 3609,761 11234,729 9427,423
1,973 B 1170,7147 10912,697 15590,64 13723,892 9734,839 8981,9 S 1995,4641 8545,377 15303,331 3609,761 11234,729 9427,423
1,9729999 B 1170,7147 10912,697 15590,64 13723,892 9734,839 8981,9 S 1995,4641 8545,377 15303,331 3609,761 11234,729 9427,423
1,9730002 B 1170,7147 10912,697 15590,64 13723,892 9734,839 8981,9 S 1995,4641 8545,377 15303,331 3609,761 11234,729 9427,423
1,973 B 1170,7147 10912,697 15590,64 13723,892 9734,839 8981,9 S 1995,4641 8545,377 15303,331 3609,761 11234,729 9427,423
1,9730778 B 1170,7147 10912,697 15590,64 13723,892 9734,839 8981,9 S 1995,4641 8545,377 15303,331 3609,761 11234,729 9427,423
1,9729996 B 1170,7147 10912,697 15590,64 13723,892 9734,839 8981,9 S 1995,4641 8545,377 15303,331 3609,761 11234,729 9427,423
1,9730003 B 1170,7147 10912,697 15590,64 13723,892 9734,839 8981,9 S 1995,4641 8545,377 15303,331 3609,761 11234,729 9427,423
1,9730011 B 1170,7147 10912,697 15590,64 13723,892 9734,839 8981,9 S 1995,4641 8545,377 15303,331 3609,761 11234,729 9427,423
1,9730002 B 1170,7147 10912,697 15590,64 13723,892 9734,839 8981,9 S 1995,4641 8545,377 15303,331 3609,761 11234,729 9427,423
1,9731511 B 1170,7147 10912,697 15590,64 13723,892 9734,839 8981,9 S 1995,4641 8545,377 15303,331 3609,761 11234,729 9427,423
1,9730003 B 1170,7147 10912,697 15590,64 13723,892 9734,839 8981,9 S 1995,4641 8545,377 15303,331 3609,761 11234,729 9427,423
1,9730008 B 1170,7147 10912,697 15590,64 13723,892 9734,839 8981,9 S 1995,4641 8545,377 15303,331 3609,761 11234,729 9427,423
1,9730006 B 1170,7147 10912,697 15590,64 13723,892 9734,839 8981,9 S 1995,4641 8545,377 15303,331 3609,761 11234,729 9427,423
1,973 B 1170,7147 10912,697 15590,64 13723,892 9734,839 8981,9 S 1995,4641 8545,377 15303,331 3609,761 11234,729 9427,423
1,9730004 B 1170,7147 10912,697 15590,64 13723,892 9734,839 8981,9 S 1995,4641 8545,377 15303,331 3609,761 11234,729 9427,423
1,9729997 B 1170,7147 10912,697 15590,64 13723,892 9734,839 8981,9 S 1995,4641 8545,377 15303,331 3609,761 11234,729 9427,423
1,9730006 B 1170,7147 10912,697 15590,64 13723,892 9734,839 8981,9 S 1995,4641 8545,377 15303,331 3609,761 11234,729 9427,423
1,9732758 B 1170,7147 10912,697 15590,64 13723,892 9734,839 8981,9 S 1995,4641 8545,377 15303,331 3609,761 11234,729 9427,423
1,9740006 B 1170,7147 10912,697 15590,64 13723,892 9734,839 8981,9 S 1995,4641 8545,377 15303,331 3609,761 11234,729 9427,423
1,9740003 B 1170,7147 10912,697 15590,64 13723,892 9734,839 8981,9 S 1995,4641 8545,377 15303,331 3609,761 11234,729 9427,423
1,9740001 B 1170,7147 10912,697 15590,64 13723,892 9734,839 8981,9 S 1995,4641 8545,377 15303,331 3609,761 11234,729 9427,423
1,9740002 B 1170,7147 10912,697 15590,64 13723,892 9734,839 8981,9 S 1995,4641 8545,377 15303,331 3609,761 11234,729 9427,423
1,9740006 B 1170,7147 10912,697 15590,64 13723,892 9734,839 8981,9 S 1995,4641 8545,377 15303,331 3609,761 11234,729 9427,423
1,9739997 B 1170,7147 10912,697 15590,64 13723,892 9734,839 8981,9 S 1995,4641 8545,377 15303,331 3609,761 11234,729 9427,423
1,9740003 B 1170,7147 10912,697 15590,64 13723,892 9734,839 8981,9 S 1995,4641 8545,377 15303,331 3609,761 11234,729 9427,423
1,9740003 B 1170,7147 10912,697 15590,64 13723,892 9734,839 8981,9 S 1995,4641 8545,377 15303,331 3609,761 11234,729 9427,423
1,9739999 B 1170,7147 10912,697 15590,64 13723,892 9734,839 8981,9 S 1995,4641 8545,377 15303,331 3609,761 11234,729 9427,423
1,9740003 B 1170,7147 10912,697 15590,64 13723,892 9734,839 8981,9 S 1995,4641 8545,377 15303,331 3609,761 11234,729 9427,423
1,9740001 B 1170,7147 10912,697 15590,64 13723,892 9734,839 8981,9 S 1995,4641 8545,377 15303,331 3609,761 11234,729 9427,423
1,9740007 B 1170,7147 10912,697 15590,64 13723,892 9734,839 8981,9 S 1995,4641 8545,377 15303,331 3609,761 11234,729 9427,423
1,9740007 B 1170,7147 10912,697 15590,64 13723,892 9734,839 8981,9 S 1995,4641 8545,377 15303,331 3609,761 11234,729 9427,423
1,9740006 B 1170,7147 10912,697 15590,64 13723,892 9734,839 8981,9 S 1995,4641 8545,377 15303,331 3609,761 11234,729 9427,423
1,9739999 B 1170,7147 10912,697 15590,64 13723,892 9734,839 8981,9 S 1995,4641 8545,377 15303,331 3609,761 11234,729 9427,423
1,9740005 B 1170,7147 10912,697 15590,64 13723,892 9734,839 8981,9 S 1995,4641 8545,377 15303,331 3609,761 11234,729 9427,423
1,9740005 B 1170,7147 10912,697 15590,64 13723,892 9734,839 8981,9 S 1995,4641 8545,377 15303,331 3609,761 11234,729 9427,423
1,9740005 B 1170,7147 10912,697 15590,64 13723,892 9734,839 8981,9 S 1995,4641 8545,377 15303,331 3609,761 11234,729 9427,423
1,9740002 B 1170,7147 10912,697 15590,64 13723,892 9734,839 8981,9 S 1995,4641 8545,377 15303,331 3609,761 11234,729 9427,423
1,9739994 B 1170,7147 10912,697 15590,64 13723,892 9734,839 8981,9 S 1995,4641 8545,377 15303,331 3609,761 11234,729 9427,423
1,9740003 B 1170,7147 10912,697 15590,64 13723,892 9734,839 8981,9 S 1995,4641 8545,377 15303,331 3609,761 11234,729 9427,423
1,9740003 B 1170,7147 10912,697 15590,64 13723,892 9734,839 8981,9 S 1995,4641 8545,377 15303,331 3609,761 11234,729 9427,423
1,9740003 B 1170,7147 10912,697 15590,64 13723,892 9734,839 8981,9 S 1995,4641 8545,377 15303,331 3609,761 11234,729 9427,423
1,9740008 B 1170,7147 10912,697 15590,64 13723,892 9734,839 8981,9 S 1995,4641 8545,377 15303,331 3609,761 11234,729 9427,423
1,9740005 B 1170,7147 10912,697 15590,64 13723,892 9734,839 8981,9 S 1995,4641 8545,377 15303,331 3609,761 11234,729 9427,423
1,9739999 B 1170,7147 10912,697 15590,64 13723,892 9734,839 8981,9 S 1995,4641 8545,377 15303,331 3609,761 11234,729 9427,423
1,9739999 B 1170,7147 10912,697 15590,64 13723,892 9734,839 8981,9 S 1995,4641 8545,377 15303,331 3609,761 11234,729 9427,423
1,9740002 B 1170,7147 10912,697 15590,64 13723,892 9734,839 8981,9 S 1995,4641 8545,377 15303,331 3609,761 11234,729 9427,423
1,9739999 B 1170,7147 10912,697 15590,64 13723,892 9734,839 8981,9 S 1995,4641 8545,377 15303,331 3609,761 11234,729 9427,423
1,9740002 B 1170,7147 10912,697 15590,64 13723,892 9734,839 8981,9 S 1995,4641 8545,377 15303,331 3609,761 11234,729 9427,423
1,9739997 B 1170,7147 10912,697 15590,64 13723,892 9734,839 8981,9 S 1995,4641 8545,377 15303,331 3609,761 11234,729 9427,423
1,9739997 B 1170,7147 10912,697 15590,64 13723,892 9734,839 8981,9 S 1995,4641 8545,377 15303,331 3609,761 11234,729 9427,423
1,9740001 B 1170,7147 10912,697 15590,64 13723,892 9734,839 8981,9 S 1995,4641 8545,377 15303,331 3609,761 11234,729 9427,423
1,9740007 B 1170,7147 10912,697 15590,64 13723,892 9734,839 8981,9 S 1995,4641 8545,377 15303,331 3609,761 11234,729 9427,423
1,9739999 B 1170,7147 10912,697 15590,64 13723,892 9734,839 8981,9 S 1995,4641 8545,377 15303,331 3609,761 11234,729 9427,423
1,9740001 B 1170,7147 10912,697 15590,64 13723,892 9734,839 8981,9 S 1995,4641 8545,377 15303,331 3609,761 11234,729 9427,423
1,9739994 B 1170,7147 10912,697 15590,64 13723,892 9734,839 8981,9 S 1995,4641 8545,377 15303,331 3609,761 11234,729 9427,423
1,9740006 B 1170,7147 10912,697 15590,64 13723,892 9734,839 8981,9 S 1995,4641 8545,377 15303,331 3609,761 11234,729 9427,423
1,9740001 B 1170,7147 10912,697 15590,64 13723,892 9734,839 8981,9 S 1995,4641 8545,377 15303,331 3609,761 11234,729 9427,423
1,9740001 B 1170,7147 10912,697 15590,64 13723,892 9734,839 8981,9 S 1995,4641 8545,377 15303,331 3609,761 11234,729 9427,423
1,9740005 B 1170,7147 10912,697 15590,64 13723,892 9734,839 8981,9 S 1995,4641 8545,377 15303,331 3609,761 11234,729 9427,423
1,9740001 B 1170,7147 10912,697 15590,64 13723,892 9734,839 8981,9 S 1995,4641 8545,377 15303,331 3609,761 11234,729 9427,423
1,9740005 B 1170,7147 10912,697 15590,64 13723,892 9734,839 8981,9 S 1995,4641 8545,377 15303,331 3609,761 11234,729 9427,423
1,9740002 B 1170,7147 10912,697 15590,64 13723,892 9734,839 8981,9 S 1995,4641 8545,377 15303,331 3609,761 11234,729 9427,423
1,9740005 B 1170,7147 10912,697 15590,64 13723,892 9734,839 8981,9 S 1995,4641 8545,377 15303,331 3609,761 11234,729 9427,423
1,9740002 B 1170,7147 10912,697 15590,64 13723,892 9734,839 8981,9 S 1995,4641 8545,377 15303,331 3609,761 11234,729 9427,423
1,9740007 B 1170,7147 10912,697 15590,64 13723,892 9734,839 8981,9 S 1995,4641 8545,377 15303,331 3609,761 11234,729 9427,423
1,9740002 B 1170,7147 10912,697 15590,64 13723,892 9734,839 8981,9 S 1995,4641 8545,377 15303,331 3609,761 11234,729 9427,423
1,9739997 B 1170,7147 10912,697 15590,64 13723,892 9734,839 8981,9 S 1995,4641 8545,377 15303,331 3609,761 11234,729 9427,423
1,9739997 B 1170,7147 10912,697 15590,64 13723,892 9734,839 8981,9 S 1995,4641 8545,377 15303,331 3609,761 11234,729 9427,423
1,9739995 B 1170,7147 10912,697 15590,64 13723,892 9734,839 8981,9 S 1995,4641 8545,377 15303,331 3609,761 11234,729 9427,423
1,9740003 B 1170,7147 10912,697 15590,64 13723,892 9734,839 8981,9 S 1995,4641 8545,377 15303,331 3609,761 11234,729 9427,423
1,9740003 B 1170,7147 10912,697 15590,64 13723,892 9734,839 8981,9 S 1995,4641 8545,377 15303,331 3609,761 11234,729 9427,423
