1,980336
1,9769996 B 5645,5366 9071,08 17177,488 14281,084 9281,244 9350,987 S 742,56976 6760,0464 17624,732 15191,33 30245,863 322,57996
1,9769996 B 5645,5366 9071,08 17177,488 14281,084 9281,244 9350,987 S 742,56976 6760,0464 17624,732 15191,33 30245,863 322,57996
1,9770005 B 5645,5366 9071,08 17177,488 14281,084 9281,244 9350,987 S 742,56976 6760,0464 17624,732 15191,33 30245,863 322,57996
1,9770005 B 5645,5366 9071,08 17177,488 14281,084 9281,244 9350,987 S 742,56976 6760,0464 17624,732 15191,33 30245,863 322,57996
1,9769999 B 5645,5366 9071,08 17177,488 14281,084 9281,244 9350,987 S 742,56976 6760,0464 17624,732 15191,33 30245,863 322,57996
1,9770005 B 5645,5366 9071,08 17177,488 14281,084 9281,244 9350,987 S 742,56976 6760,0464 17624,732 15191,33 30245,863 322,57996
1,9769998 B 5645,5366 9071,08 17177,488 14281,084 9281,244 9350,987 S 742,56976 6760,0464 17624,732 15191,33 30245,863 322,57996
1,977 B 5645,5366 9071,08 17177,488 14281,084 9281,244 9350,987 S 742,56976 6760,0464 17624,732 15191,33 30245,863 322,57996
1,9769998 B 5645,5366 9071,08 17177,488 14281,084 9281,244 9350,987 S 742,56976 6760,0464 17624,732 15191,33 30245,863 322,57996
1,9770001 B 5645,5366 9071,08 17177,488 14281,084 9281,244 9350,987 S 742,56976 6760,0464 17624,732 15191,33 30245,863 322,57996
1,9769998 B 5645,5366 9071,08 17177,488 14281,084 9281,244 9350,987 S 742,56976 6760,0464 17624,732 15191,33 30245,863 322,57996
1,9770001 B 5645,5366 9071,08 17177,488 14281,084 9281,244 9350,987 S 742,56976 6760,0464 17624,732 15191,33 30245,863 322,57996
1,977 B 5645,5366 9071,08 17177,488 14281,084 9281,244 9350,987 S 742,56976 6760,0464 17624,732 15191,33 30245,863 322,57996
1,9769999 B 5645,5366 9071,08 17177,488 14281,084 9281,244 9350,987 S 742,56976 6760,0464 17624,732 15191,33 30245,863 322,57996
1,9770004 B 5645,5366 9071,08 17177,488 14281,084 9281,244 9350,987 S 742,56976 6760,0464 17624,732 15191,33 30245,863 322,57996
1,9769996 B 5645,5366 9071,08 17177,488 14281,084 9281,244 9350,987 S 742,56976 6760,0464 17624,732 15191,33 30245,863 322,57996
1,9770001 B 5645,5366 9071,08 17177,488 14281,084 9281,244 9350,987 S 742,56976 6760,0464 17624,732 15191,33 30245,863 322,57996
1,9769999 B 5645,5366 9071,08 17177,488 14281,084 9281,244 9350,987 S 742,56976 6760,0464 17624,732 15191,33 30245,863 322,57996
1,9770004 B 5645,5366 9071,08 17177,488 14281,084 9281,244 9350,987 S 742,56976 6760,0464 17624,732 15191,33 30245,863 322,57996
1,9769999 B 5645,5366 9071,08 17177,488 14281,084 9281,244 9350,987 S 742,56976 6760,0464 17624,732 15191,33 30245,863 322,57996
1,9770005 B 5645,5366 9071,08 17177,488 14281,084 9281,244 9350,987 S 742,56976 6760,0464 17624,732 15191,33 30245,863 322,57996
1,9770005 B 5645,5366 9071,08 17177,488 14281,084 9281,244 9350,987 S 742,56976 6760,0464 17624,732 15191,33 30245,863 322,57996
1,9770007 B 5645,5366 9071,08 17177,488 14281,084 9281,244 9350,987 S 742,56976 6760,0464 17624,732 15191,33 30245,863 322,57996
1,9769999 B 5645,5366 9071,08 17177,488 14281,084 9281,244 9350,987 S 742,56976 6760,0464 17624,732 15191,33 30245,863 322,57996
1,9770005 B 5645,5366 9071,08 17177,488 14281,084 9281,244 9350,987 S 742,56976 6760,0464 17624,732 15191,33 30245,863 322,57996
1,977001 B 5645,5366 9071,08 17177,488 14281,084 9281,244 9350,987 S 742,56976 6760,0464 17624,732 15191,33 30245,863 322,57996
1,9770004 B 5645,5366 9071,08 17177,488 14281,084 9281,244 9350,987 S 742,56976 6760,0464 17624,732 15191,33 30245,863 322,57996
1,9769998 B 5645,5366 9071,08 17177,488 14281,084 9281,244 9350,987 S 742,56976 6760,0464 17624,732 15191,33 30245,863 322,57996
1,9769995 B 5645,5366 9071,08 17177,488 14281,084 9281,244 9350,987 S 742,56976 6760,0464 17624,732 15191,33 30245,863 322,57996
1,9769999 B 5645,5366 9071,08 17177,488 14281,084 9281,244 9350,987 S 742,56976 6760,0464 17624,732 15191,33 30245,863 322,57996
1,9770001 B 5645,5366 9071,08 17177,488 14281,084 9281,244 9350,987 S 742,56976 6760,0464 17624,732 15191,33 30245,863 322,57996
1,977 B 5645,5366 9071,08 17177,488 14281,084 9281,244 9350,987 S 742,56976 6760,0464 17624,732 15191,33 30245,863 322,57996
1,9769996 B 5645,5366 9071,08 17177,488 14281,084 9281,244 9350,987 S 742,56976 6760,0464 17624,732 15191,33 30245,863 322,57996
1,9770006 B 5645,5366 9071,08 17177,488 14281,084 9281,244 9350,987 S 742,56976 6760,0464 17624,732 15191,33 30245,863 322,57996
1,9770001 B 5645,5366 9071,08 17177,488 14281,084 9281,244 9350,987 S 742,56976 6760,0464 17624,732 15191,33 30245,863 322,57996
1,9768077 B 5645,5366 9071,08 17177,488 14281,084 9281,244 9350,987 S 742,56976 6760,0464 17624,732 15191,33 30245,863 322,57996
1,9760007 B 5645,5366 9071,08 17177,488 14281,084 9281,244 9350,987 S 742,56976 6760,0464 17624,732 15191,33 30245,863 322,57996
1,9760002 B 5645,5366 9071,08 17177,488 14281,084 9281,244 9350,987 S 742,56976 6760,0464 17624,732 15191,33 30245,863 322,57996
1,9760009 B 5645,5366 9071,08 17177,488 14281,084 9281,244 9350,987 S 742,56976 6760,0464 17624,732 15191,33 30245,863 322,57996
1,9760007 B 5645,5366 9071,08 17177,488 14281,084 9281,244 9350,987 S 742,56976 6760,0464 17624,732 15191,33 30245,863 322,57996
1,9760005 B 5645,5366 9071,08 17177,488 14281,084 9281,244 9350,987 S 742,56976 6760,0464 17624,732 15191,33 30245,863 322,57996
1,9760005 B 5645,5366 9071,08 17177,488 14281,084 9281,244 9350,987 S 742,56976 6760,0464 17624,732 15191,33 30245,863 322,57996
1,9760007 B 5645,5366 9071,08 17177,488 14281,084 9281,244 9350,987 S 742,56976 6760,0464 17624,732 15191,33 30245,863 322,57996
1,9761704 B 5645,5366 9071,08 17177,488 14281,084 9281,244 9350,987 S 742,56976 6760,0464 17624,732 15191,33 30245,863 322,57996
1,979 B 5645,5366 9071,08 17177,488 14281,084 9281,244 9350,987 S 742,56976 6760,0464 17624,732 15191,33 30245,863 322,57996
1,9790003 B 5645,5366 9071,08 17177,488 14281,084 9281,244 9350,987 S 742,56976 6760,0464 17624,732 15191,33 30245,863 322,57996
1,9789999 B 5645,5366 9071,08 17177,488 14281,084 9281,244 9350,987 S 742,56976 6760,0464 17624,732 15191,33 30245,863 322,57996
1,979 B 5645,5366 9071,08 17177,488 14281,084 9281,244 9350,987 S 742,56976 6760,0464 17624,732 15191,33 30245,863 322,57996
1,9790004 B 5645,5366 9071,08 17177,488 14281,084 9281,244 9350,987 S 742,56976 6760,0464 17624,732 15191,33 30245,863 322,57996
1,9789997 B 5645,5366 9071,08 17177,488 14281,084 9281,244 9350,987 S 742,56976 6760,0464 17624,732 15191,33 30245,863 322,57996
1,979 B 5645,5366 9071,08 17177,488 14281,084 9281,244 9350,987 S 742,56976 6760,0464 17624,732 15191,33 30245,863 322,57996
1,9790003 B 5645,5366 9071,08 17177,488 14281,084 9281,244 9350,987 S 742,56976 6760,0464 17624,732 15191,33 30245,863 322,57996
1,9790001 B 5645,5366 9071,08 17177,488 14281,084 9281,244 9350,987 S 742,56976 6760,0464 17624,732 15191,33 30245,863 322,57996
1,9789999 B 5645,5366 9071,08 17177,488 14281,084 9281,244 9350,987 S 742,56976 6760,0464 17624,732 15191,33 30245,863 322,57996
1,9790001 B 5645,5366 9071,08 17177,488 14281,084 9281,244 9350,987 S 742,56976 6760,0464 17624,732 15191,33 30245,863 322,57996
1,9790001 B 5645,5366 9071,08 17177,488 14281,084 9281,244 9350,987 S 742,56976 6760,0464 17624,732 15191,33 30245,863 322,57996
1,9780259 B 5645,5366 9071,08 17177,488 14281,084 9281,244 9350,987 S 742,56976 6760,0464 17624,732 15191,33 30245,863 322,57996
1,9779992 B 5645,5366 9071,08 17177,488 14281,084 9281,244 9350,987 S 742,56976 6760,0464 17624,732 15191,33 30245,863 322,57996
1,9780003 B 5645,5366 9071,08 17177,488 14281,084 9281,244 9350,987 S 742,56976 6760,0464 17624,732 15191,33 30245,863 322,57996
1,9780002 B 5645,5366 9071,08 17177,488 14281,084 9281,244 9350,987 S 742,56976 6760,0464 17624,732 15191,33 30245,863 322,57996
1,9780004 B 5645,5366 9071,08 17177,488 14281,084 9281,244 9350,987 S 742,56976 6760,0464 17624,732 15191,33 30245,863 322,57996
1,9779998 B 5645,5366 9071,08 17177,488 14281,084 9281,244 9350,987 S 742,56976 6760,0464 17624,732 15191,33 30245,863 322,57996
1,9780003 B 5645,5366 9071,08 17177,488 14281,084 9281,244 9350,987 S 742,56976 6760,0464 17624,732 15191,33 30245,863 322,57996
1,9779994 B 5645,5366 9071,08 17177,488 14281,084 9281,244 9350,987 S 742,56976 6760,0464 17624,732 15191,33 30245,863 322,57996
1,9780002 B 5645,5366 9071,08 17177,488 14281,084 9281,244 9350,987 S 742,56976 6760,0464 17624,732 15191,33 30245,863 322,57996
1,9779999 B 5645,5366 9071,08 17177,488 14281,084 9281,244 9350,987 S 742,56976 6760,0464 17624,732 15191,33 30245,863 322,57996
1,9779996 B 5645,5366 9071,08 17177,488 14281,084 9281,244 9350,987 S 742,56976 6760,0464 17624,732 15191,33 30245,863 322,57996
1,9780002 B 5645,5366 9071,08 17177,488 14281,084 9281,244 9350,987 S 742,56976 6760,0464 17624,732 15191,33 30245,863 322,57996
1,9780006 B 5645,5366 9071,08 17177,488 14281,084 9281,244 9350,987 S 742,56976 6760,0464 17624,732 15191,33 30245,863 322,57996
1,9779999 B 5645,5366 9071,08 17177,488 14281,084 9281,244 9350,987 S 742,56976 6760,0464 17624,732 15191,33 30245,863 322,57996
1,9780005 B 5645,5366 9071,08 17177,488 14281,084 9281,244 9350,987 S 742,56976 6760,0464 17624,732 15191,33 30245,863 322,57996
1,9779996 B 5645,5366 9071,08 17177,488 14281,084 9281,244 9350,987 S 742,56976 6760,0464 17624,732 15191,33 30245,863 322,57996
1,9780002 B 5645,5366 9071,08 17177,488 14281,084 9281,244 9350,987 S 742,56976 6760,0464 17624,732 15191,33 30245,863 322,57996
1,9780002 B 5645,5366 9071,08 17177,488 14281,084 9281,244 9350,987 S 742,56976 6760,0464 17624,732 15191,33 30245,863 322,57996
1,9779999 B 5645,5366 9071,08 17177,488 14281,084 9281,244 9350,987 S 742,56976 6760,0464 17624,732 15191,33 30245,863 322,57996
1,9779993 B 5645,5366 9071,08 17177,488 14281,084 9281,244 9350,987 S 742,56976 6760,0464 17624,732 15191,33 30245,863 322,57996
1,9779996 B 5645,5366 9071,08 17177,488 14281,084 9281,244 9350,987 S 742,56976 6760,0464 17624,732 15191,33 30245,863 322,57996
1,9780002 B 5645,5366 9071,08 17177,488 14281,084 9281,244 9350,987 S 742,56976 6760,0464 17624,732 15191,33 30245,863 322,57996
1,9780002 B 5645,5366 9071,08 17177,488 14281,084 9281,244 9350,987 S 742,56976 6760,0464 17624,732 15191,33 30245,863 322,57996
1,9779999 B 5645,5366 9071,08 17177,488 14281,084 9281,244 9350,987 S 742,56976 6760,0464 17624,732 15191,33 30245,863 322,57996
1,9779998 B 5645,5366 9071,08 17177,488 14281,084 9281,244 9350,987 S 742,56976 6760,0464 17624,732 15191,33 30245,863 322,57996
1,978 B 5645,5366 9071,08 17177,488 14281,084 9281,244 9350,987 S 742,56976 6760,0464 17624,732 15191,33 30245,863 322,57996
1,9780003 B 5645,5366 9071,08 17177,488 14281,084 9281,244 9350,987 S 742,56976 6760,0464 17624,732 15191,33 30245,863 322,57996
1,9780008 B 5645,5366 9071,08 17177,488 14281,084 9281,244 9350,987 S 742,56976 6760,0464 17624,732 15191,33 30245,863 322,57996
1,9779996 B 5645,5366 9071,08 17177,488 14281,084 9281,244 9350,987 S 742,56976 6760,0464 17624,732 15191,33 30245,863 322,57996
1,9779993 B 5645,5366 9071,08 17177,488 14281,084 9281,244 9350,987 S 742,56976 6760,0464 17624,732 15191,33 30245,863 322,57996
1,9779999 B 5645,5366 9071,08 17177,488 14281,084 9281,244 9350,987 S 742,56976 6760,0464 17624,732 15191,33 30245,863 322,57996
1,9780003 B 5645,5366 9071,08 17177,488 14281,084 9281,244 9350,987 S 742,56976 6760,0464 17624,732 15191,33 30245,863 322,57996
1,9780006 B 5645,5366 9071,08 17177,488 14281,084 9281,244 9350,987 S 742,56976 6760,0464 17624,732 15191,33 30245,863 322,57996
1,9779998 B 5645,5366 9071,08 17177,488 14281,084 9281,244 9350,987 S 742,56976 6760,0464 17624,732 15191,33 30245,863 322,57996
1,9780003 B 5645,5366 9071,08 17177,488 14281,084 9281,244 9350,987 S 742,56976 6760,0464 17624,732 15191,33 30245,863 322,57996
1,9779994 B 5645,5366 9071,08 17177,488 14281,084 9281,244 9350,987 S 742,56976 6760,0464 17624,732 15191,33 30245,863 322,57996
1,9780222 B 5645,5366 9071,08 17177,488 14281,084 9281,244 9350,987 S 742,56976 6760,0464 17624,732 15191,33 30245,863 322,57996
1,9779999 B 5645,5366 9071,08 17177,488 14281,084 9281,244 9350,987 S 742,56976 6760,0464 17624,732 15191,33 30245,863 322,57996
1,9780002 B 5645,5366 9071,08 17177,488 14281,084 9281,244 9350,987 S 742,56976 6760,0464 17624,732 15191,33 30245,863 322,57996
1,978 B 5645,5366 9071,08 17177,488 14281,084 9281,244 9350,987 S 742,56976 6760,0464 17624,732 15191,33 30245,863 322,57996
1,978 B 5645,5366 9071,08 17177,488 14281,084 9281,244 9350,987 S 742,56976 6760,0464 17624,732 15191,33 30245,863 322,57996
1,9779993 B 5645,5366 9071,08 17177,488 14281,084 9281,244 9350,987 S 742,56976 6760,0464 17624,732 15191,33 30245,863 322,57996
1,9788642 B 5645,5366 9071,08 17177,488 14281,084 9281,244 9350,987 S 742,56976 6760,0464 17624,732 15191,33 30245,863 322,57996
1,9799997 B 5645,5366 9071,08 17177,488 14281,084 9281,244 9350,987 S 742,56976 6760,0464 17624,732 15191,33 30245,863 322,57996
1,98 B 5645,5366 9071,08 17177,488 14281,084 9281,244 9350,987 S 742,56976 6760,0464 17624,732 15191,33 30245,863 322,57996
1,9799999 B 5645,5366 9071,08 17177,488 14281,084 9281,244 9350,987 S 742,56976 6760,0464 17624,732 15191,33 30245,863 322,57996
1,98 B 5645,5366 9071,08 17177,488 14281,084 9281,244 9350,987 S 742,56976 6760,0464 17624,732 15191,33 30245,863 322,57996
1,9799995 B 5645,5366 9071,08 17177,488 14281,084 9281,244 9350,987 S 742,56976 6760,0464 17624,732 15191,33 30245,863 322,57996
1,98 B 5645,5366 9071,08 17177,488 14281,084 9281,244 9350,987 S 742,56976 6760,0464 17624,732 15191,33 30245,863 322,57996
1,9790863 B 5645,5366 9071,08 17177,488 14281,084 9281,244 9350,987 S 742,56976 6760,0464 17624,732 15191,33 30245,863 322,57996
1,979 B 5645,5366 9071,08 17177,488 14281,084 9281,244 9350,987 S 742,56976 6760,0464 17624,732 15191,33 30245,863 322,57996
1,9790003 B 5645,5366 9071,08 17177,488 14281,084 9281,244 9350,987 S 742,56976 6760,0464 17624,732 15191,33 30245,863 322,57996
1,9790001 B 5645,5366 9071,08 17177,488 14281,084 9281,244 9350,987 S 742,56976 6760,0464 17624,732 15191,33 30245,863 322,57996
1,9789997 B 5645,5366 9071,08 17177,488 14281,084 9281,244 9350,987 S 742,56976 6760,0464 17624,732 15191,33 30245,863 322,57996
1,9790002 B 5645,5366 9071,08 17177,488 14281,084 9281,244 9350,987 S 742,56976 6760,0464 17624,732 15191,33 30245,863 322,57996
1,9790001 B 5645,5366 9071,08 17177,488 14281,084 9281,244 9350,987 S 742,56976 6760,0464 17624,732 15191,33 30245,863 322,57996
1,9790002 B 5645,5366 9071,08 17177,488 14281,084 9281,244 9350,987 S 742,56976 6760,0464 17624,732 15191,33 30245,863 322,57996
1,9790003 B 5645,5366 9071,08 17177,488 14281,084 9281,244 9350,987 S 742,56976 6760,0464 17624,732 15191,33 30245,863 322,57996
1,9789995 B 5645,5366 9071,08 17177,488 14281,084 9281,244 9350,987 S 742,56976 6760,0464 17624,732 15191,33 30245,863 322,57996
1,9790001 B 5645,5366 9071,08 17177,488 14281,084 9281,244 9350,987 S 742,56976 6760,0464 17624,732 15191,33 30245,863 322,57996
1,9790002 B 5645,5366 9071,08 17177,488 14281,084 9281,244 9350,987 S 742,56976 6760,0464 17624,732 15191,33 30245,863 322,57996
1,9789999 B 5645,5366 9071,08 17177,488 14281,084 9281,244 9350,987 S 742,56976 6760,0464 17624,732 15191,33 30245,863 322,57996
1,9789996 B 5645,5366 9071,08 17177,488 14281,084 9281,244 9350,987 S 742,56976 6760,0464 17624,732 15191,33 30245,863 322,57996
1,979 B 5645,5366 9071,08 17177,488 14281,084 9281,244 9350,987 S 742,56976 6760,0464 17624,732 15191,33 30245,863 322,57996
1,9789997 B 5645,5366 9071,08 17177,488 14281,084 9281,244 9350,987 S 742,56976 6760,0464 17624,732 15191,33 30245,863 322,57996
1,9790002 B 5645,5366 9071,08 17177,488 14281,084 9281,244 9350,987 S 742,56976 6760,0464 17624,732 15191,33 30245,863 322,57996
1,979 B 5645,5366 9071,08 17177,488 14281,084 9281,244 9350,987 S 742,56976 6760,0464 17624,732 15191,33 30245,863 322,57996
1,9789997 B 5645,5366 9071,08 17177,488 14281,084 9281,244 9350,987 S 742,56976 6760,0464 17624,732 15191,33 30245,863 322,57996
1,9790002 B 5645,5366 9071,08 17177,488 14281,084 9281,244 9350,987 S 742,56976 6760,0464 17624,732 15191,33 30245,863 322,57996
1,9789997 B 5645,5366 9071,08 17177,488 14281,084 9281,244 9350,987 S 742,56976 6760,0464 17624,732 15191,33 30245,863 322,57996
1,9790002 B 5645,5366 9071,08 17177,488 14281,084 9281,244 9350,987 S 742,56976 6760,0464 17624,732 15191,33 30245,863 322,57996
1,9790001 B 5645,5366 9071,08 17177,488 14281,084 9281,244 9350,987 S 742,56976 6760,0464 17624,732 15191,33 30245,863 322,57996
1,9789997 B 5645,5366 9071,08 17177,488 14281,084 9281,244 9350,987 S 742,56976 6760,0464 17624,732 15191,33 30245,863 322,57996
1,9790004 B 5645,5366 9071,08 17177,488 14281,084 9281,244 9350,987 S 742,56976 6760,0464 17624,732 15191,33 30245,863 322,57996
1,9789997 B 5645,5366 9071,08 17177,488 14281,084 9281,244 9350,987 S 742,56976 6760,0464 17624,732 15191,33 30245,863 322,57996
1,979 B 5645,5366 9071,08 17177,488 14281,084 9281,244 9350,987 S 742,56976 6760,0464 17624,732 15191,33 30245,863 322,57996
1,9789997 B 5645,5366 9071,08 17177,488 14281,084 9281,244 9350,987 S 742,56976 6760,0464 17624,732 15191,33 30245,863 322,57996
1,9790001 B 5645,5366 9071,08 17177,488 14281,084 9281,244 9350,987 S 742,56976 6760,0464 17624,732 15191,33 30245,863 322,57996
1,9789993 B 5645,5366 9071,08 17177,488 14281,084 9281,244 9350,987 S 742,56976 6760,0464 17624,732 15191,33 30245,863 322,57996
1,9784386 B 5645,5366 9071,08 17177,488 14281,084 9281,244 9350,987 S 742,56976 6760,0464 17624,732 15191,33 30245,863 322,57996
1,9779999 B 5645,5366 9071,08 17177,488 14281,084 9281,244 9350,987 S 742,56976 6760,0464 17624,732 15191,33 30245,863 322,57996
1,9780005 B 5645,5366 9071,08 17177,488 14281,084 9281,244 9350,987 S 742,56976 6760,0464 17624,732 15191,33 30245,863 322,57996
1,9779998 B 5645,5366 9071,08 17177,488 14281,084 9281,244 9350,987 S 742,56976 6760,0464 17624,732 15191,33 30245,863 322,57996
1,978 B 5645,5366 9071,08 17177,488 14281,084 9281,244 9350,987 S 742,56976 6760,0464 17624,732 15191,33 30245,863 322,57996
1,9788431 B 5645,5366 9071,08 17177,488 14281,084 9281,244 9350,987 S 742,56976 6760,0464 17624,732 15191,33 30245,863 322,57996
1,979 B 5645,5366 9071,08 17177,488 14281,084 9281,244 9350,987 S 742,56976 6760,0464 17624,732 15191,33 30245,863 322,57996
1,9790002 B 5645,5366 9071,08 17177,488 14281,084 9281,244 9350,987 S 742,56976 6760,0464 17624,732 15191,33 30245,863 322,57996
1,9789997 B 5645,5366 9071,08 17177,488 14281,084 9281,244 9350,987 S 742,56976 6760,0464 17624,732 15191,33 30245,863 322,57996
1,9789999 B 5645,5366 9071,08 17177,488 14281,084 9281,244 9350,987 S 742,56976 6760,0464 17624,732 15191,33 30245,863 322,57996
1,9789999 B 5645,5366 9071,08 17177,488 14281,084 9281,244 9350,987 S 742,56976 6760,0464 17624,732 15191,33 30245,863 322,57996
1,979862 B 5645,5366 9071,08 17177,488 14281,084 9281,244 9350,987 S 742,56976 6760,0464 17624,732 15191,33 30245,863 322,57996
1,9800004 B 5645,5366 9071,08 17177,488 14281,084 9281,244 9350,987 S 742,56976 6760,0464 17624,732 15191,33 30245,863 322,57996
1,9799995 B 5645,5366 9071,08 17177,488 14281,084 9281,244 9350,987 S 742,56976 6760,0464 17624,732 15191,33 30245,863 322,57996
1,9799995 B 5645,5366 9071,08 17177,488 14281,084 9281,244 9350,987 S 742,56976 6760,0464 17624,732 15191,33 30245,863 322,57996
1,9799997 B 5645,5366 9071,08 17177,488 14281,084 9281,244 9350,987 S 742,56976 6760,0464 17624,732 15191,33 30245,863 322,57996
1,9800006 B 5645,5366 9071,08 17177,488 14281,084 9281,244 9350,987 S 742,56976 6760,0464 17624,732 15191,33 30245,863 322,57996
1,9800004 B 5645,5366 9071,08 17177,488 14281,084 9281,244 9350,987 S 742,56976 6760,0464 17624,732 15191,33 30245,863 322,57996
1,98 B 5645,5366 9071,08 17177,488 14281,084 9281,244 9350,987 S 742,56976 6760,0464 17624,732 15191,33 30245,863 322,57996
1,9799998 B 5645,5366 9071,08 17177,488 14281,084 9281,244 9350,987 S 742,56976 6760,0464 17624,732 15191,33 30245,863 322,57996
1,9800004 B 5645,5366 9071,08 17177,488 14281,084 9281,244 9350,987 S 742,56976 6760,0464 17624,732 15191,33 30245,863 322,57996
1,9800003 B 5645,5366 9071,08 17177,488 14281,084 9281,244 9350,987 S 742,56976 6760,0464 17624,732 15191,33 30245,863 322,57996
1,9799998 B 5645,5366 9071,08 17177,488 14281,084 9281,244 9350,987 S 742,56976 6760,0464 17624,732 15191,33 30245,863 322,57996
1,9800001 B 5645,5366 9071,08 17177,488 14281,084 9281,244 9350,987 S 742,56976 6760,0464 17624,732 15191,33 30245,863 322,57996
1,9807374 B 5645,5366 9071,08 17177,488 14281,084 9281,244 9350,987 S 742,56976 6760,0464 17624,732 15191,33 30245,863 322,57996
1,9809998 B 5645,5366 9071,08 17177,488 14281,084 9281,244 9350,987 S 742,56976 6760,0464 17624,732 15191,33 30245,863 322,57996
1,9809995 B 5645,5366 9071,08 17177,488 14281,084 9281,244 9350,987 S 742,56976 6760,0464 17624,732 15191,33 30245,863 322,57996
1,9809998 B 5645,5366 9071,08 17177,488 14281,084 9281,244 9350,987 S 742,56976 6760,0464 17624,732 15191,33 30245,863 322,57996
1,9825196 B 5645,5366 9071,08 17177,488 14281,084 9281,244 9350,987 S 742,56976 6760,0464 17624,732 15191,33 30245,863 322,57996
1,9830004 B 5645,5366 9071,08 17177,488 14281,084 9281,244 9350,987 S 742,56976 6760,0464 17624,732 15191,33 30245,863 322,57996
1,9830006 B 5645,5366 9071,08 17177,488 14281,084 9281,244 9350,987 S 742,56976 6760,0464 17624,732 15191,33 30245,863 322,57996
1,9830009 B 5645,5366 9071,08 17177,488 14281,084 9281,244 9350,987 S 742,56976 6760,0464 17624,732 15191,33 30245,863 322,57996
1,9832305 B 5645,5366 9071,08 17177,488 14281,084 9281,244 9350,987 S 742,56976 6760,0464 17624,732 15191,33 30245,863 322,57996
1,9840755 B 5645,5366 9071,08 17177,488 14281,084 9281,244 9350,987 S 742,56976 6760,0464 17624,732 15191,33 30245,863 322,57996
1,9850591 B 5645,5366 9071,08 17177,488 14281,084 9281,244 9350,987 S 742,56976 6760,0464 17624,732 15191,33 30245,863 322,57996
1,9863178 B 5645,5366 9071,08 17177,488 14281,084 9281,244 9350,987 S 742,56976 6760,0464 17624,732 15191,33 30245,863 322,57996
1,9834018 B 5645,5366 9071,08 17177,488 14281,084 9281,244 9350,987 S 742,56976 6760,0464 17624,732 15191,33 30245,863 322,57996
1,9830009 B 5645,5366 9071,08 17177,488 14281,084 9281,244 9350,987 S 742,56976 6760,0464 17624,732 15191,33 30245,863 322,57996
1,9830002 B 5645,5366 9071,08 17177,488 14281,084 9281,244 9350,987 S 742,56976 6760,0464 17624,732 15191,33 30245,863 322,57996
1,9832995 B 5645,5366 9071,08 17177,488 14281,084 9281,244 9350,987 S 742,56976 6760,0464 17624,732 15191,33 30245,863 322,57996
1,9839995 B 5645,5366 9071,08 17177,488 14281,084 9281,244 9350,987 S 742,56976 6760,0464 17624,732 15191,33 30245,863 322,57996
1,9840004 B 5645,5366 9071,08 17177,488 14281,084 9281,244 9350,987 S 742,56976 6760,0464 17624,732 15191,33 30245,863 322,57996
1,9831885 B 5645,5366 9071,08 17177,488 14281,084 9281,244 9350,987 S 742,56976 6760,0464 17624,732 15191,33 30245,863 322,57996
1,9830002 B 5645,5366 9071,08 17177,488 14281,084 9281,244 9350,987 S 742,56976 6760,0464 17624,732 15191,33 30245,863 322,57996
1,983 B 5645,5366 9071,08 17177,488 14281,084 9281,244 9350,987 S 742,56976 6760,0464 17624,732 15191,33 30245,863 322,57996
1,9832953 B 5645,5366 9071,08 17177,488 14281,084 9281,244 9350,987 S 742,56976 6760,0464 17624,732 15191,33 30245,863 322,57996
1,9857885 B 5645,5366 9071,08 17177,488 14281,084 9281,244 9350,987 S 742,56976 6760,0464 17624,732 15191,33 30245,863 322,57996
1,9860002 B 5645,5366 9071,08 17177,488 14281,084 9281,244 9350,987 S 742,56976 6760,0464 17624,732 15191,33 30245,863 322,57996
1,9818534 B 5645,5366 9071,08 17177,488 14281,084 9281,244 9350,987 S 742,56976 6760,0464 17624,732 15191,33 30245,863 322,57996
1,9806796 B 5645,5366 9071,08 17177,488 14281,084 9281,244 9350,987 S 742,56976 6760,0464 17624,732 15191,33 30245,863 322,57996
1,9800003 B 5645,5366 9071,08 17177,488 14281,084 9281,244 9350,987 S 742,56976 6760,0464 17624,732 15191,33 30245,863 322,57996
1,9799999 B 5645,5366 9071,08 17177,488 14281,084 9281,244 9350,987 S 742,56976 6760,0464 17624,732 15191,33 30245,863 322,57996
1,9799174 B 5645,5366 9071,08 17177,488 14281,084 9281,244 9350,987 S 742,56976 6760,0464 17624,732 15191,33 30245,863 322,57996
1,9780266 B 5645,5366 9071,08 17177,488 14281,084 9281,244 9350,987 S 742,56976 6760,0464 17624,732 15191,33 30245,863 322,57996
1,9789999 B 5645,5366 9071,08 17177,488 14281,084 9281,244 9350,987 S 742,56976 6760,0464 17624,732 15191,33 30245,863 322,57996
1,9790002 B 5645,5366 9071,08 17177,488 14281,084 9281,244 9350,987 S 742,56976 6760,0464 17624,732 15191,33 30245,863 322,57996
1,9802076 B 5645,5366 9071,08 17177,488 14281,084 9281,244 9350,987 S 742,56976 6760,0464 17624,732 15191,33 30245,863 322,57996
1,9834064 B 5645,5366 9071,08 17177,488 14281,084 9281,244 9350,987 S 742,56976 6760,0464 17624,732 15191,33 30245,863 322,57996
1,9840007 B 5645,5366 9071,08 17177,488 14281,084 9281,244 9350,987 S 742,56976 6760,0464 17624,732 15191,33 30245,863 322,57996
1,9840001 B 5645,5366 9071,08 17177,488 14281,084 9281,244 9350,987 S 742,56976 6760,0464 17624,732 15191,33 30245,863 322,57996
1,9840003 B 5645,5366 9071,08 17177,488 14281,084 9281,244 9350,987 S 742,56976 6760,0464 17624,732 15191,33 30245,863 322,57996
1,9839997 B 5645,5366 9071,08 17177,488 14281,084 9281,244 9350,987 S 742,56976 6760,0464 17624,732 15191,33 30245,863 322,57996
1,984 B 5645,5366 9071,08 17177,488 14281,084 9281,244 9350,987 S 742,56976 6760,0464 17624,732 15191,33 30245,863 322,57996
1,984 B 5645,5366 9071,08 17177,488 14281,084 9281,244 9350,987 S 742,56976 6760,0464 17624,732 15191,33 30245,863 322,57996
1,9858723 B 5645,5366 9071,08 17177,488 14281,084 9281,244 9350,987 S 742,56976 6760,0464 17624,732 15191,33 30245,863 322,57996
1,9860002 B 5645,5366 9071,08 17177,488 14281,084 9281,244 9350,987 S 742,56976 6760,0464 17624,732 15191,33 30245,863 322,57996
1,9877115 B 5645,5366 9071,08 17177,488 14281,084 9281,244 9350,987 S 742,56976 6760,0464 17624,732 15191,33 30245,863 322,57996
1,9879997 B 5645,5366 9071,08 17177,488 14281,084 9281,244 9350,987 S 742,56976 6760,0464 17624,732 15191,33 30245,863 322,57996
1,9879993 B 5645,5366 9071,08 17177,488 14281,084 9281,244 9350,987 S 742,56976 6760,0464 17624,732 15191,33 30245,863 322,57996
1,9880002 B 5645,5366 9071,08 17177,488 14281,084 9281,244 9350,987 S 742,56976 6760,0464 17624,732 15191,33 30245,863 322,57996
1,988 B 5645,5366 9071,08 17177,488 14281,084 9281,244 9350,987 S 742,56976 6760,0464 17624,732 15191,33 30245,863 322,57996
1,9880004 B 5645,5366 9071,08 17177,488 14281,084 9281,244 9350,987 S 742,56976 6760,0464 17624,732 15191,33 30245,863 322,57996
1,9870461 B 5645,5366 9071,08 17177,488 14281,084 9281,244 9350,987 S 742,56976 6760,0464 17624,732 15191,33 30245,863 322,57996
1,9860001 B 5645,5366 9071,08 17177,488 14281,084 9281,244 9350,987 S 742,56976 6760,0464 17624,732 15191,33 30245,863 322,57996
1,9859997 B 5645,5366 9071,08 17177,488 14281,084 9281,244 9350,987 S 742,56976 6760,0464 17624,732 15191,33 30245,863 322,57996
1,9860005 B 5645,5366 9071,08 17177,488 14281,084 9281,244 9350,987 S 742,56976 6760,0464 17624,732 15191,33 30245,863 322,57996
1,9860001 B 5645,5366 9071,08 17177,488 14281,084 9281,244 9350,987 S 742,56976 6760,0464 17624,732 15191,33 30245,863 322,57996
1,986 B 5645,5366 9071,08 17177,488 14281,084 9281,244 9350,987 S 742,56976 6760,0464 17624,732 15191,33 30245,863 322,57996
1,9860003 B 5645,5366 9071,08 17177,488 14281,084 9281,244 9350,987 S 742,56976 6760,0464 17624,732 15191,33 30245,863 322,57996
1,986 B 5645,5366 9071,08 17177,488 14281,084 9281,244 9350,987 S 742,56976 6760,0464 17624,732 15191,33 30245,863 322,57996
1,9859998 B 5645,5366 9071,08 17177,488 14281,084 9281,244 9350,987 S 742,56976 6760,0464 17624,732 15191,33 30245,863 322,57996
1,9860003 B 5645,5366 9071,08 17177,488 14281,084 9281,244 9350,987 S 742,56976 6760,0464 17624,732 15191,33 30245,863 322,57996
1,986 B 5645,5366 9071,08 17177,488 14281,084 9281,244 9350,987 S 742,56976 6760,0464 17624,732 15191,33 30245,863 322,57996
1,9859998 B 5645,5366 9071,08 17177,488 14281,084 9281,244 9350,987 S 742,56976 6760,0464 17624,732 15191,33 30245,863 322,57996
1,9859998 B 5645,5366 9071,08 17177,488 14281,084 9281,244 9350,987 S 742,56976 6760,0464 17624,732 15191,33 30245,863 322,57996
1,9860004 B 5645,5366 9071,08 17177,488 14281,084 9281,244 9350,987 S 742,56976 6760,0464 17624,732 15191,33 30245,863 322,57996
1,9860001 B 5645,5366 9071,08 17177,488 14281,084 9281,244 9350,987 S 742,56976 6760,0464 17624,732 15191,33 30245,863 322,57996
1,9860001 B 5645,5366 9071,08 17177,488 14281,084 9281,244 9350,987 S 742,56976 6760,0464 17624,732 15191,33 30245,863 322,57996
1,9860002 B 5645,5366 9071,08 17177,488 14281,084 9281,244 9350,987 S 742,56976 6760,0464 17624,732 15191,33 30245,863 322,57996
1,9860002 B 5645,5366 9071,08 17177,488 14281,084 9281,244 9350,987 S 742,56976 6760,0464 17624,732 15191,33 30245,863 322,57996
1,9860008 B 5645,5366 9071,08 17177,488 14281,084 9281,244 9350,987 S 742,56976 6760,0464 17624,732 15191,33 30245,863 322,57996
1,986 B 5645,5366 9071,08 17177,488 14281,084 9281,244 9350,987 S 742,56976 6760,0464 17624,732 15191,33 30245,863 322,57996
1,9860007 B 5645,5366 9071,08 17177,488 14281,084 9281,244 9350,987 S 742,56976 6760,0464 17624,732 15191,33 30245,863 322,57996
1,986 B 5645,5366 9071,08 17177,488 14281,084 9281,244 9350,987 S 742,56976 6760,0464 17624,732 15191,33 30245,863 322,57996
1,986 B 5645,5366 9071,08 17177,488 14281,084 9281,244 9350,987 S 742,56976 6760,0464 17624,732 15191,33 30245,863 322,57996
1,9860001 B 5645,5366 9071,08 17177,488 14281,084 9281,244 9350,987 S 742,56976 6760,0464 17624,732 15191,33 30245,863 322,57996
1,9860002 B 5645,5366 9071,08 17177,488 14281,084 9281,244 9350,987 S 742,56976 6760,0464 17624,732 15191,33 30245,863 322,57996
1,9860004 B 5645,5366 9071,08 17177,488 14281,084 9281,244 9350,987 S 742,56976 6760,0464 17624,732 15191,33 30245,863 322,57996
1,9859997 B 5645,5366 9071,08 17177,488 14281,084 9281,244 9350,987 S 742,56976 6760,0464 17624,732 15191,33 30245,863 322,57996
1,9860003 B 5645,5366 9071,08 17177,488 14281,084 9281,244 9350,987 S 742,56976 6760,0464 17624,732 15191,33 30245,863 322,57996
1,9860001 B 5645,5366 9071,08 17177,488 14281,084 9281,244 9350,987 S 742,56976 6760,0464 17624,732 15191,33 30245,863 322,57996
1,9859998 B 5645,5366 9071,08 17177,488 14281,084 9281,244 9350,987 S 742,56976 6760,0464 17624,732 15191,33 30245,863 322,57996
1,9859996 B 5645,5366 9071,08 17177,488 14281,084 9281,244 9350,987 S 742,56976 6760,0464 17624,732 15191,33 30245,863 322,57996
1,986 B 5645,5366 9071,08 17177,488 14281,084 9281,244 9350,987 S 742,56976 6760,0464 17624,732 15191,33 30245,863 322,57996
1,9859996 B 5645,5366 9071,08 17177,488 14281,084 9281,244 9350,987 S 742,56976 6760,0464 17624,732 15191,33 30245,863 322,57996
