1,9700462
1,9720782 B 788,16016 3653,1458 12635,03 14646,147 10483,141 12166,364 S 6872,52 12075,71 12212,14 8375,102 14148,19 110,31001
1,9729998 B 788,16016 3653,1458 12635,03 14646,147 10483,141 12166,364 S 6872,52 12075,71 12212,14 8375,102 14148,19 110,31001
1,9730003 B 788,16016 3653,1458 12635,03 14646,147 10483,141 12166,364 S 6872,52 12075,71 12212,14 8375,102 14148,19 110,31001
1,9730004 B 788,16016 3653,1458 12635,03 14646,147 10483,141 12166,364 S 6872,52 12075,71 12212,14 8375,102 14148,19 110,31001
1,973 B 788,16016 3653,1458 12635,03 14646,147 10483,141 12166,364 S 6872,52 12075,71 12212,14 8375,102 14148,19 110,31001
1,9730006 B 788,16016 3653,1458 12635,03 14646,147 10483,141 12166,364 S 6872,52 12075,71 12212,14 8375,102 14148,19 110,31001
1,9730002 B 788,16016 3653,1458 12635,03 14646,147 10483,141 12166,364 S 6872,52 12075,71 12212,14 8375,102 14148,19 110,31001
1,9730009 B 788,16016 3653,1458 12635,03 14646,147 10483,141 12166,364 S 6872,52 12075,71 12212,14 8375,102 14148,19 110,31001
1,973 B 788,16016 3653,1458 12635,03 14646,147 10483,141 12166,364 S 6872,52 12075,71 12212,14 8375,102 14148,19 110,31001
1,9729252 B 788,16016 3653,1458 12635,03 14646,147 10483,141 12166,364 S 6872,52 12075,71 12212,14 8375,102 14148,19 110,31001
1,9720001 B 788,16016 3653,1458 12635,03 14646,147 10483,141 12166,364 S 6872,52 12075,71 12212,14 8375,102 14148,19 110,31001
1,972 B 788,16016 3653,1458 12635,03 14646,147 10483,141 12166,364 S 6872,52 12075,71 12212,14 8375,102 14148,19 110,31001
1,9719998 B 788,16016 3653,1458 12635,03 14646,147 10483,141 12166,364 S 6872,52 12075,71 12212,14 8375,102 14148,19 110,31001
1,9719999 B 788,16016 3653,1458 12635,03 14646,147 10483,141 12166,364 S 6872,52 12075,71 12212,14 8375,102 14148,19 110,31001
1,9719999 B 788,16016 3653,1458 12635,03 14646,147 10483,141 12166,364 S 6872,52 12075,71 12212,14 8375,102 14148,19 110,31001
1,972 B 788,16016 3653,1458 12635,03 14646,147 10483,141 12166,364 S 6872,52 12075,71 12212,14 8375,102 14148,19 110,31001
1,9719998 B 788,16016 3653,1458 12635,03 14646,147 10483,141 12166,364 S 6872,52 12075,71 12212,14 8375,102 14148,19 110,31001
1,9720004 B 788,16016 3653,1458 12635,03 14646,147 10483,141 12166,364 S 6872,52 12075,71 12212,14 8375,102 14148,19 110,31001
1,9720001 B 788,16016 3653,1458 12635,03 14646,147 10483,141 12166,364 S 6872,52 12075,71 12212,14 8375,102 14148,19 110,31001
1,9720001 B 788,16016 3653,1458 12635,03 14646,147 10483,141 12166,364 S 6872,52 12075,71 12212,14 8375,102 14148,19 110,31001
1,9720001 B 788,16016 3653,1458 12635,03 14646,147 10483,141 12166,364 S 6872,52 12075,71 12212,14 8375,102 14148,19 110,31001
1,9720001 B 788,16016 3653,1458 12635,03 14646,147 10483,141 12166,364 S 6872,52 12075,71 12212,14 8375,102 14148,19 110,31001
1,9720001 B 788,16016 3653,1458 12635,03 14646,147 10483,141 12166,364 S 6872,52 12075,71 12212,14 8375,102 14148,19 110,31001
1,9719999 B 788,16016 3653,1458 12635,03 14646,147 10483,141 12166,364 S 6872,52 12075,71 12212,14 8375,102 14148,19 110,31001
1,9720006 B 788,16016 3653,1458 12635,03 14646,147 10483,141 12166,364 S 6872,52 12075,71 12212,14 8375,102 14148,19 110,31001
1,9719996 B 788,16016 3653,1458 12635,03 14646,147 10483,141 12166,364 S 6872,52 12075,71 12212,14 8375,102 14148,19 110,31001
1,9720002 B 788,16016 3653,1458 12635,03 14646,147 10483,141 12166,364 S 6872,52 12075,71 12212,14 8375,102 14148,19 110,31001
1,9711399 B 788,16016 3653,1458 12635,03 14646,147 10483,141 12166,364 S 6872,52 12075,71 12212,14 8375,102 14148,19 110,31001
1,9710001 B 788,16016 3653,1458 12635,03 14646,147 10483,141 12166,364 S 6872,52 12075,71 12212,14 8375,102 14148,19 110,31001
1,971 B 788,16016 3653,1458 12635,03 14646,147 10483,141 12166,364 S 6872,52 12075,71 12212,14 8375,102 14148,19 110,31001
1,9710001 B 788,16016 3653,1458 12635,03 14646,147 10483,141 12166,364 S 6872,52 12075,71 12212,14 8375,102 14148,19 110,31001
1,9710006 B 788,16016 3653,1458 12635,03 14646,147 10483,141 12166,364 S 6872,52 12075,71 12212,14 8375,102 14148,19 110,31001
1,9713646 B 788,16016 3653,1458 12635,03 14646,147 10483,141 12166,364 S 6872,52 12075,71 12212,14 8375,102 14148,19 110,31001
1,9720002 B 788,16016 3653,1458 12635,03 14646,147 10483,141 12166,364 S 6872,52 12075,71 12212,14 8375,102 14148,19 110,31001
1,9720001 B 788,16016 3653,1458 12635,03 14646,147 10483,141 12166,364 S 6872,52 12075,71 12212,14 8375,102 14148,19 110,31001
1,9720002 B 788,16016 3653,1458 12635,03 14646,147 10483,141 12166,364 S 6872,52 12075,71 12212,14 8375,102 14148,19 110,31001
1,972 B 788,16016 3653,1458 12635,03 14646,147 10483,141 12166,364 S 6872,52 12075,71 12212,14 8375,102 14148,19 110,31001
1,9720001 B 788,16016 3653,1458 12635,03 14646,147 10483,141 12166,364 S 6872,52 12075,71 12212,14 8375,102 14148,19 110,31001
1,9719995 B 788,16016 3653,1458 12635,03 14646,147 10483,141 12166,364 S 6872,52 12075,71 12212,14 8375,102 14148,19 110,31001
1,9719999 B 788,16016 3653,1458 12635,03 14646,147 10483,141 12166,364 S 6872,52 12075,71 12212,14 8375,102 14148,19 110,31001
1,9720001 B 788,16016 3653,1458 12635,03 14646,147 10483,141 12166,364 S 6872,52 12075,71 12212,14 8375,102 14148,19 110,31001
1,9720002 B 788,16016 3653,1458 12635,03 14646,147 10483,141 12166,364 S 6872,52 12075,71 12212,14 8375,102 14148,19 110,31001
1,9719998 B 788,16016 3653,1458 12635,03 14646,147 10483,141 12166,364 S 6872,52 12075,71 12212,14 8375,102 14148,19 110,31001
1,972 B 788,16016 3653,1458 12635,03 14646,147 10483,141 12166,364 S 6872,52 12075,71 12212,14 8375,102 14148,19 110,31001
1,9719998 B 788,16016 3653,1458 12635,03 14646,147 10483,141 12166,364 S 6872,52 12075,71 12212,14 8375,102 14148,19 110,31001
1,9719995 B 788,16016 3653,1458 12635,03 14646,147 10483,141 12166,364 S 6872,52 12075,71 12212,14 8375,102 14148,19 110,31001
1,9720004 B 788,16016 3653,1458 12635,03 14646,147 10483,141 12166,364 S 6872,52 12075,71 12212,14 8375,102 14148,19 110,31001
1,9720004 B 788,16016 3653,1458 12635,03 14646,147 10483,141 12166,364 S 6872,52 12075,71 12212,14 8375,102 14148,19 110,31001
1,9720004 B 788,16016 3653,1458 12635,03 14646,147 10483,141 12166,364 S 6872,52 12075,71 12212,14 8375,102 14148,19 110,31001
1,9719995 B 788,16016 3653,1458 12635,03 14646,147 10483,141 12166,364 S 6872,52 12075,71 12212,14 8375,102 14148,19 110,31001
1,9724216 B 788,16016 3653,1458 12635,03 14646,147 10483,141 12166,364 S 6872,52 12075,71 12212,14 8375,102 14148,19 110,31001
1,9729997 B 788,16016 3653,1458 12635,03 14646,147 10483,141 12166,364 S 6872,52 12075,71 12212,14 8375,102 14148,19 110,31001
1,9730002 B 788,16016 3653,1458 12635,03 14646,147 10483,141 12166,364 S 6872,52 12075,71 12212,14 8375,102 14148,19 110,31001
1,9730003 B 788,16016 3653,1458 12635,03 14646,147 10483,141 12166,364 S 6872,52 12075,71 12212,14 8375,102 14148,19 110,31001
1,9730006 B 788,16016 3653,1458 12635,03 14646,147 10483,141 12166,364 S 6872,52 12075,71 12212,14 8375,102 14148,19 110,31001
1,9730006 B 788,16016 3653,1458 12635,03 14646,147 10483,141 12166,364 S 6872,52 12075,71 12212,14 8375,102 14148,19 110,31001
1,9729997 B 788,16016 3653,1458 12635,03 14646,147 10483,141 12166,364 S 6872,52 12075,71 12212,14 8375,102 14148,19 110,31001
1,9730003 B 788,16016 3653,1458 12635,03 14646,147 10483,141 12166,364 S 6872,52 12075,71 12212,14 8375,102 14148,19 110,31001
1,9713053 B 788,16016 3653,1458 12635,03 14646,147 10483,141 12166,364 S 6872,52 12075,71 12212,14 8375,102 14148,19 110,31001
1,9710003 B 788,16016 3653,1458 12635,03 14646,147 10483,141 12166,364 S 6872,52 12075,71 12212,14 8375,102 14148,19 110,31001
1,971 B 788,16016 3653,1458 12635,03 14646,147 10483,141 12166,364 S 6872,52 12075,71 12212,14 8375,102 14148,19 110,31001
1,9710006 B 788,16016 3653,1458 12635,03 14646,147 10483,141 12166,364 S 6872,52 12075,71 12212,14 8375,102 14148,19 110,31001
1,971 B 788,16016 3653,1458 12635,03 14646,147 10483,141 12166,364 S 6872,52 12075,71 12212,14 8375,102 14148,19 110,31001
1,9710003 B 788,16016 3653,1458 12635,03 14646,147 10483,141 12166,364 S 6872,52 12075,71 12212,14 8375,102 14148,19 110,31001
1,971 B 788,16016 3653,1458 12635,03 14646,147 10483,141 12166,364 S 6872,52 12075,71 12212,14 8375,102 14148,19 110,31001
1,9710001 B 788,16016 3653,1458 12635,03 14646,147 10483,141 12166,364 S 6872,52 12075,71 12212,14 8375,102 14148,19 110,31001
1,9710001 B 788,16016 3653,1458 12635,03 14646,147 10483,141 12166,364 S 6872,52 12075,71 12212,14 8375,102 14148,19 110,31001
1,9710002 B 788,16016 3653,1458 12635,03 14646,147 10483,141 12166,364 S 6872,52 12075,71 12212,14 8375,102 14148,19 110,31001
1,9710001 B 788,16016 3653,1458 12635,03 14646,147 10483,141 12166,364 S 6872,52 12075,71 12212,14 8375,102 14148,19 110,31001
1,9709998 B 788,16016 3653,1458 12635,03 14646,147 10483,141 12166,364 S 6872,52 12075,71 12212,14 8375,102 14148,19 110,31001
1,971 B 788,16016 3653,1458 12635,03 14646,147 10483,141 12166,364 S 6872,52 12075,71 12212,14 8375,102 14148,19 110,31001
1,9709998 B 788,16016 3653,1458 12635,03 14646,147 10483,141 12166,364 S 6872,52 12075,71 12212,14 8375,102 14148,19 110,31001
1,9710006 B 788,16016 3653,1458 12635,03 14646,147 10483,141 12166,364 S 6872,52 12075,71 12212,14 8375,102 14148,19 110,31001
1,9710002 B 788,16016 3653,1458 12635,03 14646,147 10483,141 12166,364 S 6872,52 12075,71 12212,14 8375,102 14148,19 110,31001
1,9709996 B 788,16016 3653,1458 12635,03 14646,147 10483,141 12166,364 S 6872,52 12075,71 12212,14 8375,102 14148,19 110,31001
1,971 B 788,16016 3653,1458 12635,03 14646,147 10483,141 12166,364 S 6872,52 12075,71 12212,14 8375,102 14148,19 110,31001
1,971 B 788,16016 3653,1458 12635,03 14646,147 10483,141 12166,364 S 6872,52 12075,71 12212,14 8375,102 14148,19 110,31001
1,9710006 B 788,16016 3653,1458 12635,03 14646,147 10483,141 12166,364 S 6872,52 12075,71 12212,14 8375,102 14148,19 110,31001
1,9710002 B 788,16016 3653,1458 12635,03 14646,147 10483,141 12166,364 S 6872,52 12075,71 12212,14 8375,102 14148,19 110,31001
1,971 B 788,16016 3653,1458 12635,03 14646,147 10483,141 12166,364 S 6872,52 12075,71 12212,14 8375,102 14148,19 110,31001
1,9709998 B 788,16016 3653,1458 12635,03 14646,147 10483,141 12166,364 S 6872,52 12075,71 12212,14 8375,102 14148,19 110,31001
1,971 B 788,16016 3653,1458 12635,03 14646,147 10483,141 12166,364 S 6872,52 12075,71 12212,14 8375,102 14148,19 110,31001
1,9710003 B 788,16016 3653,1458 12635,03 14646,147 10483,141 12166,364 S 6872,52 12075,71 12212,14 8375,102 14148,19 110,31001
1,9704548 B 788,16016 3653,1458 12635,03 14646,147 10483,141 12166,364 S 6872,52 12075,71 12212,14 8375,102 14148,19 110,31001
1,9699997 B 788,16016 3653,1458 12635,03 14646,147 10483,141 12166,364 S 6872,52 12075,71 12212,14 8375,102 14148,19 110,31001
1,9699994 B 788,16016 3653,1458 12635,03 14646,147 10483,141 12166,364 S 6872,52 12075,71 12212,14 8375,102 14148,19 110,31001
1,9700004 B 788,16016 3653,1458 12635,03 14646,147 10483,141 12166,364 S 6872,52 12075,71 12212,14 8375,102 14148,19 110,31001
1,9699998 B 788,16016 3653,1458 12635,03 14646,147 10483,141 12166,364 S 6872,52 12075,71 12212,14 8375,102 14148,19 110,31001
1,9699997 B 788,16016 3653,1458 12635,03 14646,147 10483,141 12166,364 S 6872,52 12075,71 12212,14 8375,102 14148,19 110,31001
1,9700001 B 788,16016 3653,1458 12635,03 14646,147 10483,141 12166,364 S 6872,52 12075,71 12212,14 8375,102 14148,19 110,31001
1,9699999 B 788,16016 3653,1458 12635,03 14646,147 10483,141 12166,364 S 6872,52 12075,71 12212,14 8375,102 14148,19 110,31001
1,9694076 B 788,16016 3653,1458 12635,03 14646,147 10483,141 12166,364 S 6872,52 12075,71 12212,14 8375,102 14148,19 110,31001
1,9690001 B 788,16016 3653,1458 12635,03 14646,147 10483,141 12166,364 S 6872,52 12075,71 12212,14 8375,102 14148,19 110,31001
1,9689996 B 788,16016 3653,1458 12635,03 14646,147 10483,141 12166,364 S 6872,52 12075,71 12212,14 8375,102 14148,19 110,31001
1,9690001 B 788,16016 3653,1458 12635,03 14646,147 10483,141 12166,364 S 6872,52 12075,71 12212,14 8375,102 14148,19 110,31001
1,9690001 B 788,16016 3653,1458 12635,03 14646,147 10483,141 12166,364 S 6872,52 12075,71 12212,14 8375,102 14148,19 110,31001
1,969 B 788,16016 3653,1458 12635,03 14646,147 10483,141 12166,364 S 6872,52 12075,71 12212,14 8375,102 14148,19 110,31001
1,9690001 B 788,16016 3653,1458 12635,03 14646,147 10483,141 12166,364 S 6872,52 12075,71 12212,14 8375,102 14148,19 110,31001
1,9689996 B 788,16016 3653,1458 12635,03 14646,147 10483,141 12166,364 S 6872,52 12075,71 12212,14 8375,102 14148,19 110,31001
1,9690003 B 788,16016 3653,1458 12635,03 14646,147 10483,141 12166,364 S 6872,52 12075,71 12212,14 8375,102 14148,19 110,31001
1,9690001 B 788,16016 3653,1458 12635,03 14646,147 10483,141 12166,364 S 6872,52 12075,71 12212,14 8375,102 14148,19 110,31001
1,9689999 B 788,16016 3653,1458 12635,03 14646,147 10483,141 12166,364 S 6872,52 12075,71 12212,14 8375,102 14148,19 110,31001
1,9690001 B 788,16016 3653,1458 12635,03 14646,147 10483,141 12166,364 S 6872,52 12075,71 12212,14 8375,102 14148,19 110,31001
1,9690006 B 788,16016 3653,1458 12635,03 14646,147 10483,141 12166,364 S 6872,52 12075,71 12212,14 8375,102 14148,19 110,31001
1,969 B 788,16016 3653,1458 12635,03 14646,147 10483,141 12166,364 S 6872,52 12075,71 12212,14 8375,102 14148,19 110,31001
1,9690001 B 788,16016 3653,1458 12635,03 14646,147 10483,141 12166,364 S 6872,52 12075,71 12212,14 8375,102 14148,19 110,31001
1,9690005 B 788,16016 3653,1458 12635,03 14646,147 10483,141 12166,364 S 6872,52 12075,71 12212,14 8375,102 14148,19 110,31001
1,9690001 B 788,16016 3653,1458 12635,03 14646,147 10483,141 12166,364 S 6872,52 12075,71 12212,14 8375,102 14148,19 110,31001
1,9690002 B 788,16016 3653,1458 12635,03 14646,147 10483,141 12166,364 S 6872,52 12075,71 12212,14 8375,102 14148,19 110,31001
1,9689999 B 788,16016 3653,1458 12635,03 14646,147 10483,141 12166,364 S 6872,52 12075,71 12212,14 8375,102 14148,19 110,31001
1,9690002 B 788,16016 3653,1458 12635,03 14646,147 10483,141 12166,364 S 6872,52 12075,71 12212,14 8375,102 14148,19 110,31001
1,9690002 B 788,16016 3653,1458 12635,03 14646,147 10483,141 12166,364 S 6872,52 12075,71 12212,14 8375,102 14148,19 110,31001
1,9690001 B 788,16016 3653,1458 12635,03 14646,147 10483,141 12166,364 S 6872,52 12075,71 12212,14 8375,102 14148,19 110,31001
1,9690001 B 788,16016 3653,1458 12635,03 14646,147 10483,141 12166,364 S 6872,52 12075,71 12212,14 8375,102 14148,19 110,31001
1,9690001 B 788,16016 3653,1458 12635,03 14646,147 10483,141 12166,364 S 6872,52 12075,71 12212,14 8375,102 14148,19 110,31001
1,9690006 B 788,16016 3653,1458 12635,03 14646,147 10483,141 12166,364 S 6872,52 12075,71 12212,14 8375,102 14148,19 110,31001
1,9690001 B 788,16016 3653,1458 12635,03 14646,147 10483,141 12166,364 S 6872,52 12075,71 12212,14 8375,102 14148,19 110,31001
1,9689995 B 788,16016 3653,1458 12635,03 14646,147 10483,141 12166,364 S 6872,52 12075,71 12212,14 8375,102 14148,19 110,31001
1,9689999 B 788,16016 3653,1458 12635,03 14646,147 10483,141 12166,364 S 6872,52 12075,71 12212,14 8375,102 14148,19 110,31001
1,9690001 B 788,16016 3653,1458 12635,03 14646,147 10483,141 12166,364 S 6872,52 12075,71 12212,14 8375,102 14148,19 110,31001
1,9690002 B 788,16016 3653,1458 12635,03 14646,147 10483,141 12166,364 S 6872,52 12075,71 12212,14 8375,102 14148,19 110,31001
1,969 B 788,16016 3653,1458 12635,03 14646,147 10483,141 12166,364 S 6872,52 12075,71 12212,14 8375,102 14148,19 110,31001
1,9689999 B 788,16016 3653,1458 12635,03 14646,147 10483,141 12166,364 S 6872,52 12075,71 12212,14 8375,102 14148,19 110,31001
1,9690002 B 788,16016 3653,1458 12635,03 14646,147 10483,141 12166,364 S 6872,52 12075,71 12212,14 8375,102 14148,19 110,31001
1,9690005 B 788,16016 3653,1458 12635,03 14646,147 10483,141 12166,364 S 6872,52 12075,71 12212,14 8375,102 14148,19 110,31001
1,969 B 788,16016 3653,1458 12635,03 14646,147 10483,141 12166,364 S 6872,52 12075,71 12212,14 8375,102 14148,19 110,31001
1,9690001 B 788,16016 3653,1458 12635,03 14646,147 10483,141 12166,364 S 6872,52 12075,71 12212,14 8375,102 14148,19 110,31001
1,969 B 788,16016 3653,1458 12635,03 14646,147 10483,141 12166,364 S 6872,52 12075,71 12212,14 8375,102 14148,19 110,31001
1,9690002 B 788,16016 3653,1458 12635,03 14646,147 10483,141 12166,364 S 6872,52 12075,71 12212,14 8375,102 14148,19 110,31001
1,9689999 B 788,16016 3653,1458 12635,03 14646,147 10483,141 12166,364 S 6872,52 12075,71 12212,14 8375,102 14148,19 110,31001
1,9690002 B 788,16016 3653,1458 12635,03 14646,147 10483,141 12166,364 S 6872,52 12075,71 12212,14 8375,102 14148,19 110,31001
1,969 B 788,16016 3653,1458 12635,03 14646,147 10483,141 12166,364 S 6872,52 12075,71 12212,14 8375,102 14148,19 110,31001
1,9690002 B 788,16016 3653,1458 12635,03 14646,147 10483,141 12166,364 S 6872,52 12075,71 12212,14 8375,102 14148,19 110,31001
1,9689996 B 788,16016 3653,1458 12635,03 14646,147 10483,141 12166,364 S 6872,52 12075,71 12212,14 8375,102 14148,19 110,31001
1,9690002 B 788,16016 3653,1458 12635,03 14646,147 10483,141 12166,364 S 6872,52 12075,71 12212,14 8375,102 14148,19 110,31001
1,9690002 B 788,16016 3653,1458 12635,03 14646,147 10483,141 12166,364 S 6872,52 12075,71 12212,14 8375,102 14148,19 110,31001
1,9690006 B 788,16016 3653,1458 12635,03 14646,147 10483,141 12166,364 S 6872,52 12075,71 12212,14 8375,102 14148,19 110,31001
1,9690001 B 788,16016 3653,1458 12635,03 14646,147 10483,141 12166,364 S 6872,52 12075,71 12212,14 8375,102 14148,19 110,31001
1,9692664 B 788,16016 3653,1458 12635,03 14646,147 10483,141 12166,364 S 6872,52 12075,71 12212,14 8375,102 14148,19 110,31001
1,9700001 B 788,16016 3653,1458 12635,03 14646,147 10483,141 12166,364 S 6872,52 12075,71 12212,14 8375,102 14148,19 110,31001
1,9699997 B 788,16016 3653,1458 12635,03 14646,147 10483,141 12166,364 S 6872,52 12075,71 12212,14 8375,102 14148,19 110,31001
1,9699998 B 788,16016 3653,1458 12635,03 14646,147 10483,141 12166,364 S 6872,52 12075,71 12212,14 8375,102 14148,19 110,31001
1,97 B 788,16016 3653,1458 12635,03 14646,147 10483,141 12166,364 S 6872,52 12075,71 12212,14 8375,102 14148,19 110,31001
1,97 B 788,16016 3653,1458 12635,03 14646,147 10483,141 12166,364 S 6872,52 12075,71 12212,14 8375,102 14148,19 110,31001
1,9699994 B 788,16016 3653,1458 12635,03 14646,147 10483,141 12166,364 S 6872,52 12075,71 12212,14 8375,102 14148,19 110,31001
1,9699998 B 788,16016 3653,1458 12635,03 14646,147 10483,141 12166,364 S 6872,52 12075,71 12212,14 8375,102 14148,19 110,31001
1,9699993 B 788,16016 3653,1458 12635,03 14646,147 10483,141 12166,364 S 6872,52 12075,71 12212,14 8375,102 14148,19 110,31001
1,97 B 788,16016 3653,1458 12635,03 14646,147 10483,141 12166,364 S 6872,52 12075,71 12212,14 8375,102 14148,19 110,31001
1,9699996 B 788,16016 3653,1458 12635,03 14646,147 10483,141 12166,364 S 6872,52 12075,71 12212,14 8375,102 14148,19 110,31001
1,9700005 B 788,16016 3653,1458 12635,03 14646,147 10483,141 12166,364 S 6872,52 12075,71 12212,14 8375,102 14148,19 110,31001
1,9699997 B 788,16016 3653,1458 12635,03 14646,147 10483,141 12166,364 S 6872,52 12075,71 12212,14 8375,102 14148,19 110,31001
1,9699997 B 788,16016 3653,1458 12635,03 14646,147 10483,141 12166,364 S 6872,52 12075,71 12212,14 8375,102 14148,19 110,31001
1,9700005 B 788,16016 3653,1458 12635,03 14646,147 10483,141 12166,364 S 6872,52 12075,71 12212,14 8375,102 14148,19 110,31001
1,9699999 B 788,16016 3653,1458 12635,03 14646,147 10483,141 12166,364 S 6872,52 12075,71 12212,14 8375,102 14148,19 110,31001
1,9699994 B 788,16016 3653,1458 12635,03 14646,147 10483,141 12166,364 S 6872,52 12075,71 12212,14 8375,102 14148,19 110,31001
1,9699994 B 788,16016 3653,1458 12635,03 14646,147 10483,141 12166,364 S 6872,52 12075,71 12212,14 8375,102 14148,19 110,31001
1,9700004 B 788,16016 3653,1458 12635,03 14646,147 10483,141 12166,364 S 6872,52 12075,71 12212,14 8375,102 14148,19 110,31001
1,97 B 788,16016 3653,1458 12635,03 14646,147 10483,141 12166,364 S 6872,52 12075,71 12212,14 8375,102 14148,19 110,31001
1,9699999 B 788,16016 3653,1458 12635,03 14646,147 10483,141 12166,364 S 6872,52 12075,71 12212,14 8375,102 14148,19 110,31001
1,9699998 B 788,16016 3653,1458 12635,03 14646,147 10483,141 12166,364 S 6872,52 12075,71 12212,14 8375,102 14148,19 110,31001
1,9699998 B 788,16016 3653,1458 12635,03 14646,147 10483,141 12166,364 S 6872,52 12075,71 12212,14 8375,102 14148,19 110,31001
1,9700004 B 788,16016 3653,1458 12635,03 14646,147 10483,141 12166,364 S 6872,52 12075,71 12212,14 8375,102 14148,19 110,31001
1,9699999 B 788,16016 3653,1458 12635,03 14646,147 10483,141 12166,364 S 6872,52 12075,71 12212,14 8375,102 14148,19 110,31001
1,9699999 B 788,16016 3653,1458 12635,03 14646,147 10483,141 12166,364 S 6872,52 12075,71 12212,14 8375,102 14148,19 110,31001
1,9700006 B 788,16016 3653,1458 12635,03 14646,147 10483,141 12166,364 S 6872,52 12075,71 12212,14 8375,102 14148,19 110,31001
1,9699999 B 788,16016 3653,1458 12635,03 14646,147 10483,141 12166,364 S 6872,52 12075,71 12212,14 8375,102 14148,19 110,31001
1,9700004 B 788,16016 3653,1458 12635,03 14646,147 10483,141 12166,364 S 6872,52 12075,71 12212,14 8375,102 14148,19 110,31001
1,9699993 B 788,16016 3653,1458 12635,03 14646,147 10483,141 12166,364 S 6872,52 12075,71 12212,14 8375,102 14148,19 110,31001
1,9699999 B 788,16016 3653,1458 12635,03 14646,147 10483,141 12166,364 S 6872,52 12075,71 12212,14 8375,102 14148,19 110,31001
1,9699996 B 788,16016 3653,1458 12635,03 14646,147 10483,141 12166,364 S 6872,52 12075,71 12212,14 8375,102 14148,19 110,31001
1,9700001 B 788,16016 3653,1458 12635,03 14646,147 10483,141 12166,364 S 6872,52 12075,71 12212,14 8375,102 14148,19 110,31001
1,9700001 B 788,16016 3653,1458 12635,03 14646,147 10483,141 12166,364 S 6872,52 12075,71 12212,14 8375,102 14148,19 110,31001
1,9700005 B 788,16016 3653,1458 12635,03 14646,147 10483,141 12166,364 S 6872,52 12075,71 12212,14 8375,102 14148,19 110,31001
1,9699998 B 788,16016 3653,1458 12635,03 14646,147 10483,141 12166,364 S 6872,52 12075,71 12212,14 8375,102 14148,19 110,31001
1,9700004 B 788,16016 3653,1458 12635,03 14646,147 10483,141 12166,364 S 6872,52 12075,71 12212,14 8375,102 14148,19 110,31001
1,9699998 B 788,16016 3653,1458 12635,03 14646,147 10483,141 12166,364 S 6872,52 12075,71 12212,14 8375,102 14148,19 110,31001
1,97 B 788,16016 3653,1458 12635,03 14646,147 10483,141 12166,364 S 6872,52 12075,71 12212,14 8375,102 14148,19 110,31001
1,9699993 B 788,16016 3653,1458 12635,03 14646,147 10483,141 12166,364 S 6872,52 12075,71 12212,14 8375,102 14148,19 110,31001
1,97 B 788,16016 3653,1458 12635,03 14646,147 10483,141 12166,364 S 6872,52 12075,71 12212,14 8375,102 14148,19 110,31001
1,9699997 B 788,16016 3653,1458 12635,03 14646,147 10483,141 12166,364 S 6872,52 12075,71 12212,14 8375,102 14148,19 110,31001
1,9700004 B 788,16016 3653,1458 12635,03 14646,147 10483,141 12166,364 S 6872,52 12075,71 12212,14 8375,102 14148,19 110,31001
1,9691913 B 788,16016 3653,1458 12635,03 14646,147 10483,141 12166,364 S 6872,52 12075,71 12212,14 8375,102 14148,19 110,31001
1,969 B 788,16016 3653,1458 12635,03 14646,147 10483,141 12166,364 S 6872,52 12075,71 12212,14 8375,102 14148,19 110,31001
1,9689999 B 788,16016 3653,1458 12635,03 14646,147 10483,141 12166,364 S 6872,52 12075,71 12212,14 8375,102 14148,19 110,31001
1,969 B 788,16016 3653,1458 12635,03 14646,147 10483,141 12166,364 S 6872,52 12075,71 12212,14 8375,102 14148,19 110,31001
1,9690001 B 788,16016 3653,1458 12635,03 14646,147 10483,141 12166,364 S 6872,52 12075,71 12212,14 8375,102 14148,19 110,31001
1,9689999 B 788,16016 3653,1458 12635,03 14646,147 10483,141 12166,364 S 6872,52 12075,71 12212,14 8375,102 14148,19 110,31001
1,9689999 B 788,16016 3653,1458 12635,03 14646,147 10483,141 12166,364 S 6872,52 12075,71 12212,14 8375,102 14148,19 110,31001
1,9690002 B 788,16016 3653,1458 12635,03 14646,147 10483,141 12166,364 S 6872,52 12075,71 12212,14 8375,102 14148,19 110,31001
1,9690002 B 788,16016 3653,1458 12635,03 14646,147 10483,141 12166,364 S 6872,52 12075,71 12212,14 8375,102 14148,19 110,31001
1,9689999 B 788,16016 3653,1458 12635,03 14646,147 10483,141 12166,364 S 6872,52 12075,71 12212,14 8375,102 14148,19 110,31001
1,9689999 B 788,16016 3653,1458 12635,03 14646,147 10483,141 12166,364 S 6872,52 12075,71 12212,14 8375,102 14148,19 110,31001
1,9690002 B 788,16016 3653,1458 12635,03 14646,147 10483,141 12166,364 S 6872,52 12075,71 12212,14 8375,102 14148,19 110,31001
1,969 B 788,16016 3653,1458 12635,03 14646,147 10483,141 12166,364 S 6872,52 12075,71 12212,14 8375,102 14148,19 110,31001
1,9690002 B 788,16016 3653,1458 12635,03 14646,147 10483,141 12166,364 S 6872,52 12075,71 12212,14 8375,102 14148,19 110,31001
1,9690005 B 788,16016 3653,1458 12635,03 14646,147 10483,141 12166,364 S 6872,52 12075,71 12212,14 8375,102 14148,19 110,31001
1,969 B 788,16016 3653,1458 12635,03 14646,147 10483,141 12166,364 S 6872,52 12075,71 12212,14 8375,102 14148,19 110,31001
1,9690002 B 788,16016 3653,1458 12635,03 14646,147 10483,141 12166,364 S 6872,52 12075,71 12212,14 8375,102 14148,19 110,31001
1,969 B 788,16016 3653,1458 12635,03 14646,147 10483,141 12166,364 S 6872,52 12075,71 12212,14 8375,102 14148,19 110,31001
1,9690001 B 788,16016 3653,1458 12635,03 14646,147 10483,141 12166,364 S 6872,52 12075,71 12212,14 8375,102 14148,19 110,31001
1,9690003 B 788,16016 3653,1458 12635,03 14646,147 10483,141 12166,364 S 6872,52 12075,71 12212,14 8375,102 14148,19 110,31001
1,9689999 B 788,16016 3653,1458 12635,03 14646,147 10483,141 12166,364 S 6872,52 12075,71 12212,14 8375,102 14148,19 110,31001
1,9690005 B 788,16016 3653,1458 12635,03 14646,147 10483,141 12166,364 S 6872,52 12075,71 12212,14 8375,102 14148,19 110,31001
1,9690001 B 788,16016 3653,1458 12635,03 14646,147 10483,141 12166,364 S 6872,52 12075,71 12212,14 8375,102 14148,19 110,31001
1,9690002 B 788,16016 3653,1458 12635,03 14646,147 10483,141 12166,364 S 6872,52 12075,71 12212,14 8375,102 14148,19 110,31001
1,9690001 B 788,16016 3653,1458 12635,03 14646,147 10483,141 12166,364 S 6872,52 12075,71 12212,14 8375,102 14148,19 110,31001
1,9689999 B 788,16016 3653,1458 12635,03 14646,147 10483,141 12166,364 S 6872,52 12075,71 12212,14 8375,102 14148,19 110,31001
1,9690002 B 788,16016 3653,1458 12635,03 14646,147 10483,141 12166,364 S 6872,52 12075,71 12212,14 8375,102 14148,19 110,31001
1,9689991 B 788,16016 3653,1458 12635,03 14646,147 10483,141 12166,364 S 6872,52 12075,71 12212,14 8375,102 14148,19 110,31001
1,9690002 B 788,16016 3653,1458 12635,03 14646,147 10483,141 12166,364 S 6872,52 12075,71 12212,14 8375,102 14148,19 110,31001
1,9689995 B 788,16016 3653,1458 12635,03 14646,147 10483,141 12166,364 S 6872,52 12075,71 12212,14 8375,102 14148,19 110,31001
1,9690007 B 788,16016 3653,1458 12635,03 14646,147 10483,141 12166,364 S 6872,52 12075,71 12212,14 8375,102 14148,19 110,31001
1,9690002 B 788,16016 3653,1458 12635,03 14646,147 10483,141 12166,364 S 6872,52 12075,71 12212,14 8375,102 14148,19 110,31001
1,9690007 B 788,16016 3653,1458 12635,03 14646,147 10483,141 12166,364 S 6872,52 12075,71 12212,14 8375,102 14148,19 110,31001
1,9689999 B 788,16016 3653,1458 12635,03 14646,147 10483,141 12166,364 S 6872,52 12075,71 12212,14 8375,102 14148,19 110,31001
1,9689995 B 788,16016 3653,1458 12635,03 14646,147 10483,141 12166,364 S 6872,52 12075,71 12212,14 8375,102 14148,19 110,31001
1,9690001 B 788,16016 3653,1458 12635,03 14646,147 10483,141 12166,364 S 6872,52 12075,71 12212,14 8375,102 14148,19 110,31001
1,9689999 B 788,16016 3653,1458 12635,03 14646,147 10483,141 12166,364 S 6872,52 12075,71 12212,14 8375,102 14148,19 110,31001
1,9689996 B 788,16016 3653,1458 12635,03 14646,147 10483,141 12166,364 S 6872,52 12075,71 12212,14 8375,102 14148,19 110,31001
1,9689999 B 788,16016 3653,1458 12635,03 14646,147 10483,141 12166,364 S 6872,52 12075,71 12212,14 8375,102 14148,19 110,31001
1,9684287 B 788,16016 3653,1458 12635,03 14646,147 10483,141 12166,364 S 6872,52 12075,71 12212,14 8375,102 14148,19 110,31001
1,9680003 B 788,16016 3653,1458 12635,03 14646,147 10483,141 12166,364 S 6872,52 12075,71 12212,14 8375,102 14148,19 110,31001
1,9680009 B 788,16016 3653,1458 12635,03 14646,147 10483,141 12166,364 S 6872,52 12075,71 12212,14 8375,102 14148,19 110,31001
1,9679992 B 788,16016 3653,1458 12635,03 14646,147 10483,141 12166,364 S 6872,52 12075,71 12212,14 8375,102 14148,19 110,31001
1,9675325 B 788,16016 3653,1458 12635,03 14646,147 10483,141 12166,364 S 6872,52 12075,71 12212,14 8375,102 14148,19 110,31001
1,9669999 B 788,16016 3653,1458 12635,03 14646,147 10483,141 12166,364 S 6872,52 12075,71 12212,14 8375,102 14148,19 110,31001
1,9669993 B 788,16016 3653,1458 12635,03 14646,147 10483,141 12166,364 S 6872,52 12075,71 12212,14 8375,102 14148,19 110,31001
1,9669997 B 788,16016 3653,1458 12635,03 14646,147 10483,141 12166,364 S 6872,52 12075,71 12212,14 8375,102 14148,19 110,31001
1,9670001 B 788,16016 3653,1458 12635,03 14646,147 10483,141 12166,364 S 6872,52 12075,71 12212,14 8375,102 14148,19 110,31001
1,9670005 B 788,16016 3653,1458 12635,03 14646,147 10483,141 12166,364 S 6872,52 12075,71 12212,14 8375,102 14148,19 110,31001
1,9670004 B 788,16016 3653,1458 12635,03 14646,147 10483,141 12166,364 S 6872,52 12075,71 12212,14 8375,102 14148,19 110,31001
1,9670001 B 788,16016 3653,1458 12635,03 14646,147 10483,141 12166,364 S 6872,52 12075,71 12212,14 8375,102 14148,19 110,31001
1,9670004 B 788,16016 3653,1458 12635,03 14646,147 10483,141 12166,364 S 6872,52 12075,71 12212,14 8375,102 14148,19 110,31001
1,9669994 B 788,16016 3653,1458 12635,03 14646,147 10483,141 12166,364 S 6872,52 12075,71 12212,14 8375,102 14148,19 110,31001
1,9669998 B 788,16016 3653,1458 12635,03 14646,147 10483,141 12166,364 S 6872,52 12075,71 12212,14 8375,102 14148,19 110,31001
1,9670004 B 788,16016 3653,1458 12635,03 14646,147 10483,141 12166,364 S 6872,52 12075,71 12212,14 8375,102 14148,19 110,31001
1,9669999 B 788,16016 3653,1458 12635,03 14646,147 10483,141 12166,364 S 6872,52 12075,71 12212,14 8375,102 14148,19 110,31001
1,9670005 B 788,16016 3653,1458 12635,03 14646,147 10483,141 12166,364 S 6872,52 12075,71 12212,14 8375,102 14148,19 110,31001
1,9670002 B 788,16016 3653,1458 12635,03 14646,147 10483,141 12166,364 S 6872,52 12075,71 12212,14 8375,102 14148,19 110,31001
1,9670004 B 788,16016 3653,1458 12635,03 14646,147 10483,141 12166,364 S 6872,52 12075,71 12212,14 8375,102 14148,19 110,31001
