2,0335453
2,0317674 B 2900,2737 11452,855 14766,812 17419,988 10598,124 2031,6254 S 757,2286 5548,9937 11790,051 10418,833 11945,88 9217,966
2,032 B 2900,2737 11452,855 14766,812 17419,988 10598,124 2031,6254 S 757,2286 5548,9937 11790,051 10418,833 11945,88 9217,966
2,0320003 B 2900,2737 11452,855 14766,812 17419,988 10598,124 2031,6254 S 757,2286 5548,9937 11790,051 10418,833 11945,88 9217,966
2,0320003 B 2900,2737 11452,855 14766,812 17419,988 10598,124 2031,6254 S 757,2286 5548,9937 11790,051 10418,833 11945,88 9217,966
2,0320003 B 2900,2737 11452,855 14766,812 17419,988 10598,124 2031,6254 S 757,2286 5548,9937 11790,051 10418,833 11945,88 9217,966
2,0320005 B 2900,2737 11452,855 14766,812 17419,988 10598,124 2031,6254 S 757,2286 5548,9937 11790,051 10418,833 11945,88 9217,966
2,0320003 B 2900,2737 11452,855 14766,812 17419,988 10598,124 2031,6254 S 757,2286 5548,9937 11790,051 10418,833 11945,88 9217,966
2,0320003 B 2900,2737 11452,855 14766,812 17419,988 10598,124 2031,6254 S 757,2286 5548,9937 11790,051 10418,833 11945,88 9217,966
2,0320003 B 2900,2737 11452,855 14766,812 17419,988 10598,124 2031,6254 S 757,2286 5548,9937 11790,051 10418,833 11945,88 9217,966
2,0320003 B 2900,2737 11452,855 14766,812 17419,988 10598,124 2031,6254 S 757,2286 5548,9937 11790,051 10418,833 11945,88 9217,966
2,0319996 B 2900,2737 11452,855 14766,812 17419,988 10598,124 2031,6254 S 757,2286 5548,9937 11790,051 10418,833 11945,88 9217,966
2,032 B 2900,2737 11452,855 14766,812 17419,988 10598,124 2031,6254 S 757,2286 5548,9937 11790,051 10418,833 11945,88 9217,966
2,0319998 B 2900,2737 11452,855 14766,812 17419,988 10598,124 2031,6254 S 757,2286 5548,9937 11790,051 10418,833 11945,88 9217,966
2,0320346 B 2900,2737 11452,855 14766,812 17419,988 10598,124 2031,6254 S 757,2286 5548,9937 11790,051 10418,833 11945,88 9217,966
2,0350003 B 2900,2737 11452,855 14766,812 17419,988 10598,124 2031,6254 S 757,2286 5548,9937 11790,051 10418,833 11945,88 9217,966
2,0353255 B 2900,2737 11452,855 14766,812 17419,988 10598,124 2031,6254 S 757,2286 5548,9937 11790,051 10418,833 11945,88 9217,966
2,0360003 B 2900,2737 11452,855 14766,812 17419,988 10598,124 2031,6254 S 757,2286 5548,9937 11790,051 10418,833 11945,88 9217,966
2,0369992 B 2900,2737 11452,855 14766,812 17419,988 10598,124 2031,6254 S 757,2286 5548,9937 11790,051 10418,833 11945,88 9217,966
2,0383615 B 2900,2737 11452,855 14766,812 17419,988 10598,124 2031,6254 S 757,2286 5548,9937 11790,051 10418,833 11945,88 9217,966
2,0390005 B 2900,2737 11452,855 14766,812 17419,988 10598,124 2031,6254 S 757,2286 5548,9937 11790,051 10418,833 11945,88 9217,966
2,0385907 B 2900,2737 11452,855 14766,812 17419,988 10598,124 2031,6254 S 757,2286 5548,9937 11790,051 10418,833 11945,88 9217,966
2,0385568 B 2900,2737 11452,855 14766,812 17419,988 10598,124 2031,6254 S 757,2286 5548,9937 11790,051 10418,833 11945,88 9217,966
2,04 B 2900,2737 11452,855 14766,812 17419,988 10598,124 2031,6254 S 757,2286 5548,9937 11790,051 10418,833 11945,88 9217,966
2,0391068 B 2900,2737 11452,855 14766,812 17419,988 10598,124 2031,6254 S 757,2286 5548,9937 11790,051 10418,833 11945,88 9217,966
2,0393336 B 2900,2737 11452,855 14766,812 17419,988 10598,124 2031,6254 S 757,2286 5548,9937 11790,051 10418,833 11945,88 9217,966
2,0409997 B 2900,2737 11452,855 14766,812 17419,988 10598,124 2031,6254 S 757,2286 5548,9937 11790,051 10418,833 11945,88 9217,966
2,0410001 B 2900,2737 11452,855 14766,812 17419,988 10598,124 2031,6254 S 757,2286 5548,9937 11790,051 10418,833 11945,88 9217,966
2,0409997 B 2900,2737 11452,855 14766,812 17419,988 10598,124 2031,6254 S 757,2286 5548,9937 11790,051 10418,833 11945,88 9217,966
2,04109 B 2900,2737 11452,855 14766,812 17419,988 10598,124 2031,6254 S 757,2286 5548,9937 11790,051 10418,833 11945,88 9217,966
2,0425117 B 2900,2737 11452,855 14766,812 17419,988 10598,124 2031,6254 S 757,2286 5548,9937 11790,051 10418,833 11945,88 9217,966
2,0419016 B 2900,2737 11452,855 14766,812 17419,988 10598,124 2031,6254 S 757,2286 5548,9937 11790,051 10418,833 11945,88 9217,966
2,041 B 2900,2737 11452,855 14766,812 17419,988 10598,124 2031,6254 S 757,2286 5548,9937 11790,051 10418,833 11945,88 9217,966
2,0409997 B 2900,2737 11452,855 14766,812 17419,988 10598,124 2031,6254 S 757,2286 5548,9937 11790,051 10418,833 11945,88 9217,966
2,0409997 B 2900,2737 11452,855 14766,812 17419,988 10598,124 2031,6254 S 757,2286 5548,9937 11790,051 10418,833 11945,88 9217,966
2,041 B 2900,2737 11452,855 14766,812 17419,988 10598,124 2031,6254 S 757,2286 5548,9937 11790,051 10418,833 11945,88 9217,966
2,040962 B 2900,2737 11452,855 14766,812 17419,988 10598,124 2031,6254 S 757,2286 5548,9937 11790,051 10418,833 11945,88 9217,966
2,04 B 2900,2737 11452,855 14766,812 17419,988 10598,124 2031,6254 S 757,2286 5548,9937 11790,051 10418,833 11945,88 9217,966
2,0395458 B 2900,2737 11452,855 14766,812 17419,988 10598,124 2031,6254 S 757,2286 5548,9937 11790,051 10418,833 11945,88 9217,966
2,0390003 B 2900,2737 11452,855 14766,812 17419,988 10598,124 2031,6254 S 757,2286 5548,9937 11790,051 10418,833 11945,88 9217,966
2,0390005 B 2900,2737 11452,855 14766,812 17419,988 10598,124 2031,6254 S 757,2286 5548,9937 11790,051 10418,833 11945,88 9217,966
2,0390007 B 2900,2737 11452,855 14766,812 17419,988 10598,124 2031,6254 S 757,2286 5548,9937 11790,051 10418,833 11945,88 9217,966
2,038425 B 2900,2737 11452,855 14766,812 17419,988 10598,124 2031,6254 S 757,2286 5548,9937 11790,051 10418,833 11945,88 9217,966
2,0370004 B 2900,2737 11452,855 14766,812 17419,988 10598,124 2031,6254 S 757,2286 5548,9937 11790,051 10418,833 11945,88 9217,966
2,037 B 2900,2737 11452,855 14766,812 17419,988 10598,124 2031,6254 S 757,2286 5548,9937 11790,051 10418,833 11945,88 9217,966
2,0369997 B 2900,2737 11452,855 14766,812 17419,988 10598,124 2031,6254 S 757,2286 5548,9937 11790,051 10418,833 11945,88 9217,966
2,0370002 B 2900,2737 11452,855 14766,812 17419,988 10598,124 2031,6254 S 757,2286 5548,9937 11790,051 10418,833 11945,88 9217,966
2,037001 B 2900,2737 11452,855 14766,812 17419,988 10598,124 2031,6254 S 757,2286 5548,9937 11790,051 10418,833 11945,88 9217,966
2,0370002 B 2900,2737 11452,855 14766,812 17419,988 10598,124 2031,6254 S 757,2286 5548,9937 11790,051 10418,833 11945,88 9217,966
2,0370002 B 2900,2737 11452,855 14766,812 17419,988 10598,124 2031,6254 S 757,2286 5548,9937 11790,051 10418,833 11945,88 9217,966
2,0370002 B 2900,2737 11452,855 14766,812 17419,988 10598,124 2031,6254 S 757,2286 5548,9937 11790,051 10418,833 11945,88 9217,966
2,038808 B 2900,2737 11452,855 14766,812 17419,988 10598,124 2031,6254 S 757,2286 5548,9937 11790,051 10418,833 11945,88 9217,966
2,039 B 2900,2737 11452,855 14766,812 17419,988 10598,124 2031,6254 S 757,2286 5548,9937 11790,051 10418,833 11945,88 9217,966
2,0390005 B 2900,2737 11452,855 14766,812 17419,988 10598,124 2031,6254 S 757,2286 5548,9937 11790,051 10418,833 11945,88 9217,966
2,037189 B 2900,2737 11452,855 14766,812 17419,988 10598,124 2031,6254 S 757,2286 5548,9937 11790,051 10418,833 11945,88 9217,966
2,0354288 B 2900,2737 11452,855 14766,812 17419,988 10598,124 2031,6254 S 757,2286 5548,9937 11790,051 10418,833 11945,88 9217,966
2,034411 B 2900,2737 11452,855 14766,812 17419,988 10598,124 2031,6254 S 757,2286 5548,9937 11790,051 10418,833 11945,88 9217,966
2,033409 B 2900,2737 11452,855 14766,812 17419,988 10598,124 2031,6254 S 757,2286 5548,9937 11790,051 10418,833 11945,88 9217,966
2,032244 B 2900,2737 11452,855 14766,812 17419,988 10598,124 2031,6254 S 757,2286 5548,9937 11790,051 10418,833 11945,88 9217,966
2,0320003 B 2900,2737 11452,855 14766,812 17419,988 10598,124 2031,6254 S 757,2286 5548,9937 11790,051 10418,833 11945,88 9217,966
2,0336945 B 2900,2737 11452,855 14766,812 17419,988 10598,124 2031,6254 S 757,2286 5548,9937 11790,051 10418,833 11945,88 9217,966
2,0340002 B 2900,2737 11452,855 14766,812 17419,988 10598,124 2031,6254 S 757,2286 5548,9937 11790,051 10418,833 11945,88 9217,966
2,0340002 B 2900,2737 11452,855 14766,812 17419,988 10598,124 2031,6254 S 757,2286 5548,9937 11790,051 10418,833 11945,88 9217,966
2,034 B 2900,2737 11452,855 14766,812 17419,988 10598,124 2031,6254 S 757,2286 5548,9937 11790,051 10418,833 11945,88 9217,966
2,033208 B 2900,2737 11452,855 14766,812 17419,988 10598,124 2031,6254 S 757,2286 5548,9937 11790,051 10418,833 11945,88 9217,966
2,0330002 B 2900,2737 11452,855 14766,812 17419,988 10598,124 2031,6254 S 757,2286 5548,9937 11790,051 10418,833 11945,88 9217,966
2,0330002 B 2900,2737 11452,855 14766,812 17419,988 10598,124 2031,6254 S 757,2286 5548,9937 11790,051 10418,833 11945,88 9217,966
2,033 B 2900,2737 11452,855 14766,812 17419,988 10598,124 2031,6254 S 757,2286 5548,9937 11790,051 10418,833 11945,88 9217,966
2,033 B 2900,2737 11452,855 14766,812 17419,988 10598,124 2031,6254 S 757,2286 5548,9937 11790,051 10418,833 11945,88 9217,966
2,0329998 B 2900,2737 11452,855 14766,812 17419,988 10598,124 2031,6254 S 757,2286 5548,9937 11790,051 10418,833 11945,88 9217,966
2,0330002 B 2900,2737 11452,855 14766,812 17419,988 10598,124 2031,6254 S 757,2286 5548,9937 11790,051 10418,833 11945,88 9217,966
2,0325441 B 2900,2737 11452,855 14766,812 17419,988 10598,124 2031,6254 S 757,2286 5548,9937 11790,051 10418,833 11945,88 9217,966
2,0320003 B 2900,2737 11452,855 14766,812 17419,988 10598,124 2031,6254 S 757,2286 5548,9937 11790,051 10418,833 11945,88 9217,966
2,0323687 B 2900,2737 11452,855 14766,812 17419,988 10598,124 2031,6254 S 757,2286 5548,9937 11790,051 10418,833 11945,88 9217,966
2,0330005 B 2900,2737 11452,855 14766,812 17419,988 10598,124 2031,6254 S 757,2286 5548,9937 11790,051 10418,833 11945,88 9217,966
2,0335577 B 2900,2737 11452,855 14766,812 17419,988 10598,124 2031,6254 S 757,2286 5548,9937 11790,051 10418,833 11945,88 9217,966
2,034 B 2900,2737 11452,855 14766,812 17419,988 10598,124 2031,6254 S 757,2286 5548,9937 11790,051 10418,833 11945,88 9217,966
2,034 B 2900,2737 11452,855 14766,812 17419,988 10598,124 2031,6254 S 757,2286 5548,9937 11790,051 10418,833 11945,88 9217,966
2,0339994 B 2900,2737 11452,855 14766,812 17419,988 10598,124 2031,6254 S 757,2286 5548,9937 11790,051 10418,833 11945,88 9217,966
2,0340002 B 2900,2737 11452,855 14766,812 17419,988 10598,124 2031,6254 S 757,2286 5548,9937 11790,051 10418,833 11945,88 9217,966
2,0340002 B 2900,2737 11452,855 14766,812 17419,988 10598,124 2031,6254 S 757,2286 5548,9937 11790,051 10418,833 11945,88 9217,966
2,034 B 2900,2737 11452,855 14766,812 17419,988 10598,124 2031,6254 S 757,2286 5548,9937 11790,051 10418,833 11945,88 9217,966
2,0340002 B 2900,2737 11452,855 14766,812 17419,988 10598,124 2031,6254 S 757,2286 5548,9937 11790,051 10418,833 11945,88 9217,966
2,0340006 B 2900,2737 11452,855 14766,812 17419,988 10598,124 2031,6254 S 757,2286 5548,9937 11790,051 10418,833 11945,88 9217,966
2,0340002 B 2900,2737 11452,855 14766,812 17419,988 10598,124 2031,6254 S 757,2286 5548,9937 11790,051 10418,833 11945,88 9217,966
2,034 B 2900,2737 11452,855 14766,812 17419,988 10598,124 2031,6254 S 757,2286 5548,9937 11790,051 10418,833 11945,88 9217,966
2,0340002 B 2900,2737 11452,855 14766,812 17419,988 10598,124 2031,6254 S 757,2286 5548,9937 11790,051 10418,833 11945,88 9217,966
2,034 B 2900,2737 11452,855 14766,812 17419,988 10598,124 2031,6254 S 757,2286 5548,9937 11790,051 10418,833 11945,88 9217,966
2,0340002 B 2900,2737 11452,855 14766,812 17419,988 10598,124 2031,6254 S 757,2286 5548,9937 11790,051 10418,833 11945,88 9217,966
2,0340002 B 2900,2737 11452,855 14766,812 17419,988 10598,124 2031,6254 S 757,2286 5548,9937 11790,051 10418,833 11945,88 9217,966
2,0340004 B 2900,2737 11452,855 14766,812 17419,988 10598,124 2031,6254 S 757,2286 5548,9937 11790,051 10418,833 11945,88 9217,966
2,0319083 B 2900,2737 11452,855 14766,812 17419,988 10598,124 2031,6254 S 757,2286 5548,9937 11790,051 10418,833 11945,88 9217,966
2,0313048 B 2900,2737 11452,855 14766,812 17419,988 10598,124 2031,6254 S 757,2286 5548,9937 11790,051 10418,833 11945,88 9217,966
2,0306427 B 2900,2737 11452,855 14766,812 17419,988 10598,124 2031,6254 S 757,2286 5548,9937 11790,051 10418,833 11945,88 9217,966
2,031 B 2900,2737 11452,855 14766,812 17419,988 10598,124 2031,6254 S 757,2286 5548,9937 11790,051 10418,833 11945,88 9217,966
2,0310001 B 2900,2737 11452,855 14766,812 17419,988 10598,124 2031,6254 S 757,2286 5548,9937 11790,051 10418,833 11945,88 9217,966
2,031 B 2900,2737 11452,855 14766,812 17419,988 10598,124 2031,6254 S 757,2286 5548,9937 11790,051 10418,833 11945,88 9217,966
2,031 B 2900,2737 11452,855 14766,812 17419,988 10598,124 2031,6254 S 757,2286 5548,9937 11790,051 10418,833 11945,88 9217,966
2,031 B 2900,2737 11452,855 14766,812 17419,988 10598,124 2031,6254 S 757,2286 5548,9937 11790,051 10418,833 11945,88 9217,966
2,0309994 B 2900,2737 11452,855 14766,812 17419,988 10598,124 2031,6254 S 757,2286 5548,9937 11790,051 10418,833 11945,88 9217,966
2,0309625 B 2900,2737 11452,855 14766,812 17419,988 10598,124 2031,6254 S 757,2286 5548,9937 11790,051 10418,833 11945,88 9217,966
2,0300004 B 2900,2737 11452,855 14766,812 17419,988 10598,124 2031,6254 S 757,2286 5548,9937 11790,051 10418,833 11945,88 9217,966
2,03 B 2900,2737 11452,855 14766,812 17419,988 10598,124 2031,6254 S 757,2286 5548,9937 11790,051 10418,833 11945,88 9217,966
2,032364 B 2900,2737 11452,855 14766,812 17419,988 10598,124 2031,6254 S 757,2286 5548,9937 11790,051 10418,833 11945,88 9217,966
2,0340004 B 2900,2737 11452,855 14766,812 17419,988 10598,124 2031,6254 S 757,2286 5548,9937 11790,051 10418,833 11945,88 9217,966
2,0339994 B 2900,2737 11452,855 14766,812 17419,988 10598,124 2031,6254 S 757,2286 5548,9937 11790,051 10418,833 11945,88 9217,966
2,0322125 B 2900,2737 11452,855 14766,812 17419,988 10598,124 2031,6254 S 757,2286 5548,9937 11790,051 10418,833 11945,88 9217,966
2,0318878 B 2900,2737 11452,855 14766,812 17419,988 10598,124 2031,6254 S 757,2286 5548,9937 11790,051 10418,833 11945,88 9217,966
2,032 B 2900,2737 11452,855 14766,812 17419,988 10598,124 2031,6254 S 757,2286 5548,9937 11790,051 10418,833 11945,88 9217,966
2,032 B 2900,2737 11452,855 14766,812 17419,988 10598,124 2031,6254 S 757,2286 5548,9937 11790,051 10418,833 11945,88 9217,966
2,0320005 B 2900,2737 11452,855 14766,812 17419,988 10598,124 2031,6254 S 757,2286 5548,9937 11790,051 10418,833 11945,88 9217,966
2,032 B 2900,2737 11452,855 14766,812 17419,988 10598,124 2031,6254 S 757,2286 5548,9937 11790,051 10418,833 11945,88 9217,966
2,0319993 B 2900,2737 11452,855 14766,812 17419,988 10598,124 2031,6254 S 757,2286 5548,9937 11790,051 10418,833 11945,88 9217,966
2,0320003 B 2900,2737 11452,855 14766,812 17419,988 10598,124 2031,6254 S 757,2286 5548,9937 11790,051 10418,833 11945,88 9217,966
2,0318346 B 2900,2737 11452,855 14766,812 17419,988 10598,124 2031,6254 S 757,2286 5548,9937 11790,051 10418,833 11945,88 9217,966
2,031 B 2900,2737 11452,855 14766,812 17419,988 10598,124 2031,6254 S 757,2286 5548,9937 11790,051 10418,833 11945,88 9217,966
2,0290005 B 2900,2737 11452,855 14766,812 17419,988 10598,124 2031,6254 S 757,2286 5548,9937 11790,051 10418,833 11945,88 9217,966
2,0289996 B 2900,2737 11452,855 14766,812 17419,988 10598,124 2031,6254 S 757,2286 5548,9937 11790,051 10418,833 11945,88 9217,966
2,0290003 B 2900,2737 11452,855 14766,812 17419,988 10598,124 2031,6254 S 757,2286 5548,9937 11790,051 10418,833 11945,88 9217,966
2,0290005 B 2900,2737 11452,855 14766,812 17419,988 10598,124 2031,6254 S 757,2286 5548,9937 11790,051 10418,833 11945,88 9217,966
2,0289998 B 2900,2737 11452,855 14766,812 17419,988 10598,124 2031,6254 S 757,2286 5548,9937 11790,051 10418,833 11945,88 9217,966
2,0289996 B 2900,2737 11452,855 14766,812 17419,988 10598,124 2031,6254 S 757,2286 5548,9937 11790,051 10418,833 11945,88 9217,966
2,0290005 B 2900,2737 11452,855 14766,812 17419,988 10598,124 2031,6254 S 757,2286 5548,9937 11790,051 10418,833 11945,88 9217,966
2,0290005 B 2900,2737 11452,855 14766,812 17419,988 10598,124 2031,6254 S 757,2286 5548,9937 11790,051 10418,833 11945,88 9217,966
2,0290005 B 2900,2737 11452,855 14766,812 17419,988 10598,124 2031,6254 S 757,2286 5548,9937 11790,051 10418,833 11945,88 9217,966
2,029 B 2900,2737 11452,855 14766,812 17419,988 10598,124 2031,6254 S 757,2286 5548,9937 11790,051 10418,833 11945,88 9217,966
2,0297081 B 2900,2737 11452,855 14766,812 17419,988 10598,124 2031,6254 S 757,2286 5548,9937 11790,051 10418,833 11945,88 9217,966
2,0300004 B 2900,2737 11452,855 14766,812 17419,988 10598,124 2031,6254 S 757,2286 5548,9937 11790,051 10418,833 11945,88 9217,966
2,031595 B 2900,2737 11452,855 14766,812 17419,988 10598,124 2031,6254 S 757,2286 5548,9937 11790,051 10418,833 11945,88 9217,966
2,0320005 B 2900,2737 11452,855 14766,812 17419,988 10598,124 2031,6254 S 757,2286 5548,9937 11790,051 10418,833 11945,88 9217,966
2,0319998 B 2900,2737 11452,855 14766,812 17419,988 10598,124 2031,6254 S 757,2286 5548,9937 11790,051 10418,833 11945,88 9217,966
2,032 B 2900,2737 11452,855 14766,812 17419,988 10598,124 2031,6254 S 757,2286 5548,9937 11790,051 10418,833 11945,88 9217,966
2,0319998 B 2900,2737 11452,855 14766,812 17419,988 10598,124 2031,6254 S 757,2286 5548,9937 11790,051 10418,833 11945,88 9217,966
2,032 B 2900,2737 11452,855 14766,812 17419,988 10598,124 2031,6254 S 757,2286 5548,9937 11790,051 10418,833 11945,88 9217,966
2,0325644 B 2900,2737 11452,855 14766,812 17419,988 10598,124 2031,6254 S 757,2286 5548,9937 11790,051 10418,833 11945,88 9217,966
2,0328937 B 2900,2737 11452,855 14766,812 17419,988 10598,124 2031,6254 S 757,2286 5548,9937 11790,051 10418,833 11945,88 9217,966
2,0319998 B 2900,2737 11452,855 14766,812 17419,988 10598,124 2031,6254 S 757,2286 5548,9937 11790,051 10418,833 11945,88 9217,966
2,0315971 B 2900,2737 11452,855 14766,812 17419,988 10598,124 2031,6254 S 757,2286 5548,9937 11790,051 10418,833 11945,88 9217,966
2,031 B 2900,2737 11452,855 14766,812 17419,988 10598,124 2031,6254 S 757,2286 5548,9937 11790,051 10418,833 11945,88 9217,966
2,0309997 B 2900,2737 11452,855 14766,812 17419,988 10598,124 2031,6254 S 757,2286 5548,9937 11790,051 10418,833 11945,88 9217,966
2,0310004 B 2900,2737 11452,855 14766,812 17419,988 10598,124 2031,6254 S 757,2286 5548,9937 11790,051 10418,833 11945,88 9217,966
2,0317156 B 2900,2737 11452,855 14766,812 17419,988 10598,124 2031,6254 S 757,2286 5548,9937 11790,051 10418,833 11945,88 9217,966
2,032 B 2900,2737 11452,855 14766,812 17419,988 10598,124 2031,6254 S 757,2286 5548,9937 11790,051 10418,833 11945,88 9217,966
2,031308 B 2900,2737 11452,855 14766,812 17419,988 10598,124 2031,6254 S 757,2286 5548,9937 11790,051 10418,833 11945,88 9217,966
2,0310006 B 2900,2737 11452,855 14766,812 17419,988 10598,124 2031,6254 S 757,2286 5548,9937 11790,051 10418,833 11945,88 9217,966
2,0312035 B 2900,2737 11452,855 14766,812 17419,988 10598,124 2031,6254 S 757,2286 5548,9937 11790,051 10418,833 11945,88 9217,966
2,0330002 B 2900,2737 11452,855 14766,812 17419,988 10598,124 2031,6254 S 757,2286 5548,9937 11790,051 10418,833 11945,88 9217,966
2,0330005 B 2900,2737 11452,855 14766,812 17419,988 10598,124 2031,6254 S 757,2286 5548,9937 11790,051 10418,833 11945,88 9217,966
2,0330007 B 2900,2737 11452,855 14766,812 17419,988 10598,124 2031,6254 S 757,2286 5548,9937 11790,051 10418,833 11945,88 9217,966
2,0330005 B 2900,2737 11452,855 14766,812 17419,988 10598,124 2031,6254 S 757,2286 5548,9937 11790,051 10418,833 11945,88 9217,966
2,0330002 B 2900,2737 11452,855 14766,812 17419,988 10598,124 2031,6254 S 757,2286 5548,9937 11790,051 10418,833 11945,88 9217,966
2,0330005 B 2900,2737 11452,855 14766,812 17419,988 10598,124 2031,6254 S 757,2286 5548,9937 11790,051 10418,833 11945,88 9217,966
2,0329998 B 2900,2737 11452,855 14766,812 17419,988 10598,124 2031,6254 S 757,2286 5548,9937 11790,051 10418,833 11945,88 9217,966
2,0329998 B 2900,2737 11452,855 14766,812 17419,988 10598,124 2031,6254 S 757,2286 5548,9937 11790,051 10418,833 11945,88 9217,966
2,033 B 2900,2737 11452,855 14766,812 17419,988 10598,124 2031,6254 S 757,2286 5548,9937 11790,051 10418,833 11945,88 9217,966
2,0330005 B 2900,2737 11452,855 14766,812 17419,988 10598,124 2031,6254 S 757,2286 5548,9937 11790,051 10418,833 11945,88 9217,966
2,0330002 B 2900,2737 11452,855 14766,812 17419,988 10598,124 2031,6254 S 757,2286 5548,9937 11790,051 10418,833 11945,88 9217,966
2,0336921 B 2900,2737 11452,855 14766,812 17419,988 10598,124 2031,6254 S 757,2286 5548,9937 11790,051 10418,833 11945,88 9217,966
2,035 B 2900,2737 11452,855 14766,812 17419,988 10598,124 2031,6254 S 757,2286 5548,9937 11790,051 10418,833 11945,88 9217,966
2,0349996 B 2900,2737 11452,855 14766,812 17419,988 10598,124 2031,6254 S 757,2286 5548,9937 11790,051 10418,833 11945,88 9217,966
2,0349996 B 2900,2737 11452,855 14766,812 17419,988 10598,124 2031,6254 S 757,2286 5548,9937 11790,051 10418,833 11945,88 9217,966
2,0349996 B 2900,2737 11452,855 14766,812 17419,988 10598,124 2031,6254 S 757,2286 5548,9937 11790,051 10418,833 11945,88 9217,966
2,0350006 B 2900,2737 11452,855 14766,812 17419,988 10598,124 2031,6254 S 757,2286 5548,9937 11790,051 10418,833 11945,88 9217,966
2,035 B 2900,2737 11452,855 14766,812 17419,988 10598,124 2031,6254 S 757,2286 5548,9937 11790,051 10418,833 11945,88 9217,966
2,0350006 B 2900,2737 11452,855 14766,812 17419,988 10598,124 2031,6254 S 757,2286 5548,9937 11790,051 10418,833 11945,88 9217,966
2,0347836 B 2900,2737 11452,855 14766,812 17419,988 10598,124 2031,6254 S 757,2286 5548,9937 11790,051 10418,833 11945,88 9217,966
2,034 B 2900,2737 11452,855 14766,812 17419,988 10598,124 2031,6254 S 757,2286 5548,9937 11790,051 10418,833 11945,88 9217,966
2,0340002 B 2900,2737 11452,855 14766,812 17419,988 10598,124 2031,6254 S 757,2286 5548,9937 11790,051 10418,833 11945,88 9217,966
2,0339994 B 2900,2737 11452,855 14766,812 17419,988 10598,124 2031,6254 S 757,2286 5548,9937 11790,051 10418,833 11945,88 9217,966
2,0339158 B 2900,2737 11452,855 14766,812 17419,988 10598,124 2031,6254 S 757,2286 5548,9937 11790,051 10418,833 11945,88 9217,966
2,0333273 B 2900,2737 11452,855 14766,812 17419,988 10598,124 2031,6254 S 757,2286 5548,9937 11790,051 10418,833 11945,88 9217,966
2,0320005 B 2900,2737 11452,855 14766,812 17419,988 10598,124 2031,6254 S 757,2286 5548,9937 11790,051 10418,833 11945,88 9217,966
2,032 B 2900,2737 11452,855 14766,812 17419,988 10598,124 2031,6254 S 757,2286 5548,9937 11790,051 10418,833 11945,88 9217,966
2,0320003 B 2900,2737 11452,855 14766,812 17419,988 10598,124 2031,6254 S 757,2286 5548,9937 11790,051 10418,833 11945,88 9217,966
2,0319998 B 2900,2737 11452,855 14766,812 17419,988 10598,124 2031,6254 S 757,2286 5548,9937 11790,051 10418,833 11945,88 9217,966
2,0319998 B 2900,2737 11452,855 14766,812 17419,988 10598,124 2031,6254 S 757,2286 5548,9937 11790,051 10418,833 11945,88 9217,966
2,0319993 B 2900,2737 11452,855 14766,812 17419,988 10598,124 2031,6254 S 757,2286 5548,9937 11790,051 10418,833 11945,88 9217,966
2,031129 B 2900,2737 11452,855 14766,812 17419,988 10598,124 2031,6254 S 757,2286 5548,9937 11790,051 10418,833 11945,88 9217,966
2,0314684 B 2900,2737 11452,855 14766,812 17419,988 10598,124 2031,6254 S 757,2286 5548,9937 11790,051 10418,833 11945,88 9217,966
2,0319998 B 2900,2737 11452,855 14766,812 17419,988 10598,124 2031,6254 S 757,2286 5548,9937 11790,051 10418,833 11945,88 9217,966
2,0320005 B 2900,2737 11452,855 14766,812 17419,988 10598,124 2031,6254 S 757,2286 5548,9937 11790,051 10418,833 11945,88 9217,966
2,0319998 B 2900,2737 11452,855 14766,812 17419,988 10598,124 2031,6254 S 757,2286 5548,9937 11790,051 10418,833 11945,88 9217,966
2,0320003 B 2900,2737 11452,855 14766,812 17419,988 10598,124 2031,6254 S 757,2286 5548,9937 11790,051 10418,833 11945,88 9217,966
2,0320003 B 2900,2737 11452,855 14766,812 17419,988 10598,124 2031,6254 S 757,2286 5548,9937 11790,051 10418,833 11945,88 9217,966
2,0320003 B 2900,2737 11452,855 14766,812 17419,988 10598,124 2031,6254 S 757,2286 5548,9937 11790,051 10418,833 11945,88 9217,966
2,032 B 2900,2737 11452,855 14766,812 17419,988 10598,124 2031,6254 S 757,2286 5548,9937 11790,051 10418,833 11945,88 9217,966
2,0320003 B 2900,2737 11452,855 14766,812 17419,988 10598,124 2031,6254 S 757,2286 5548,9937 11790,051 10418,833 11945,88 9217,966
2,0320003 B 2900,2737 11452,855 14766,812 17419,988 10598,124 2031,6254 S 757,2286 5548,9937 11790,051 10418,833 11945,88 9217,966
2,0320003 B 2900,2737 11452,855 14766,812 17419,988 10598,124 2031,6254 S 757,2286 5548,9937 11790,051 10418,833 11945,88 9217,966
2,032 B 2900,2737 11452,855 14766,812 17419,988 10598,124 2031,6254 S 757,2286 5548,9937 11790,051 10418,833 11945,88 9217,966
2,032 B 2900,2737 11452,855 14766,812 17419,988 10598,124 2031,6254 S 757,2286 5548,9937 11790,051 10418,833 11945,88 9217,966
2,0320005 B 2900,2737 11452,855 14766,812 17419,988 10598,124 2031,6254 S 757,2286 5548,9937 11790,051 10418,833 11945,88 9217,966
2,0319998 B 2900,2737 11452,855 14766,812 17419,988 10598,124 2031,6254 S 757,2286 5548,9937 11790,051 10418,833 11945,88 9217,966
2,0319998 B 2900,2737 11452,855 14766,812 17419,988 10598,124 2031,6254 S 757,2286 5548,9937 11790,051 10418,833 11945,88 9217,966
2,0319998 B 2900,2737 11452,855 14766,812 17419,988 10598,124 2031,6254 S 757,2286 5548,9937 11790,051 10418,833 11945,88 9217,966
2,0320003 B 2900,2737 11452,855 14766,812 17419,988 10598,124 2031,6254 S 757,2286 5548,9937 11790,051 10418,833 11945,88 9217,966
2,0319996 B 2900,2737 11452,855 14766,812 17419,988 10598,124 2031,6254 S 757,2286 5548,9937 11790,051 10418,833 11945,88 9217,966
2,0320003 B 2900,2737 11452,855 14766,812 17419,988 10598,124 2031,6254 S 757,2286 5548,9937 11790,051 10418,833 11945,88 9217,966
2,0326858 B 2900,2737 11452,855 14766,812 17419,988 10598,124 2031,6254 S 757,2286 5548,9937 11790,051 10418,833 11945,88 9217,966
2,0330002 B 2900,2737 11452,855 14766,812 17419,988 10598,124 2031,6254 S 757,2286 5548,9937 11790,051 10418,833 11945,88 9217,966
2,0330002 B 2900,2737 11452,855 14766,812 17419,988 10598,124 2031,6254 S 757,2286 5548,9937 11790,051 10418,833 11945,88 9217,966
2,033 B 2900,2737 11452,855 14766,812 17419,988 10598,124 2031,6254 S 757,2286 5548,9937 11790,051 10418,833 11945,88 9217,966
2,033152 B 2900,2737 11452,855 14766,812 17419,988 10598,124 2031,6254 S 757,2286 5548,9937 11790,051 10418,833 11945,88 9217,966
2,0339997 B 2900,2737 11452,855 14766,812 17419,988 10598,124 2031,6254 S 757,2286 5548,9937 11790,051 10418,833 11945,88 9217,966
2,034 B 2900,2737 11452,855 14766,812 17419,988 10598,124 2031,6254 S 757,2286 5548,9937 11790,051 10418,833 11945,88 9217,966
2,034 B 2900,2737 11452,855 14766,812 17419,988 10598,124 2031,6254 S 757,2286 5548,9937 11790,051 10418,833 11945,88 9217,966
2,034 B 2900,2737 11452,855 14766,812 17419,988 10598,124 2031,6254 S 757,2286 5548,9937 11790,051 10418,833 11945,88 9217,966
2,0339994 B 2900,2737 11452,855 14766,812 17419,988 10598,124 2031,6254 S 757,2286 5548,9937 11790,051 10418,833 11945,88 9217,966
2,0340004 B 2900,2737 11452,855 14766,812 17419,988 10598,124 2031,6254 S 757,2286 5548,9937 11790,051 10418,833 11945,88 9217,966
2,0339997 B 2900,2737 11452,855 14766,812 17419,988 10598,124 2031,6254 S 757,2286 5548,9937 11790,051 10418,833 11945,88 9217,966
2,0340002 B 2900,2737 11452,855 14766,812 17419,988 10598,124 2031,6254 S 757,2286 5548,9937 11790,051 10418,833 11945,88 9217,966
2,0340002 B 2900,2737 11452,855 14766,812 17419,988 10598,124 2031,6254 S 757,2286 5548,9937 11790,051 10418,833 11945,88 9217,966
2,0339997 B 2900,2737 11452,855 14766,812 17419,988 10598,124 2031,6254 S 757,2286 5548,9937 11790,051 10418,833 11945,88 9217,966
2,0339997 B 2900,2737 11452,855 14766,812 17419,988 10598,124 2031,6254 S 757,2286 5548,9937 11790,051 10418,833 11945,88 9217,966
2,034 B 2900,2737 11452,855 14766,812 17419,988 10598,124 2031,6254 S 757,2286 5548,9937 11790,051 10418,833 11945,88 9217,966
2,0339997 B 2900,2737 11452,855 14766,812 17419,988 10598,124 2031,6254 S 757,2286 5548,9937 11790,051 10418,833 11945,88 9217,966
2,0343983 B 2900,2737 11452,855 14766,812 17419,988 10598,124 2031,6254 S 757,2286 5548,9937 11790,051 10418,833 11945,88 9217,966
2,035 B 2900,2737 11452,855 14766,812 17419,988 10598,124 2031,6254 S 757,2286 5548,9937 11790,051 10418,833 11945,88 9217,966
2,0346653 B 2900,2737 11452,855 14766,812 17419,988 10598,124 2031,6254 S 757,2286 5548,9937 11790,051 10418,833 11945,88 9217,966
2,0329995 B 2900,2737 11452,855 14766,812 17419,988 10598,124 2031,6254 S 757,2286 5548,9937 11790,051 10418,833 11945,88 9217,966
2,033 B 2900,2737 11452,855 14766,812 17419,988 10598,124 2031,6254 S 757,2286 5548,9937 11790,051 10418,833 11945,88 9217,966
2,0330002 B 2900,2737 11452,855 14766,812 17419,988 10598,124 2031,6254 S 757,2286 5548,9937 11790,051 10418,833 11945,88 9217,966
2,0329998 B 2900,2737 11452,855 14766,812 17419,988 10598,124 2031,6254 S 757,2286 5548,9937 11790,051 10418,833 11945,88 9217,966
2,0330002 B 2900,2737 11452,855 14766,812 17419,988 10598,124 2031,6254 S 757,2286 5548,9937 11790,051 10418,833 11945,88 9217,966
2,0329995 B 2900,2737 11452,855 14766,812 17419,988 10598,124 2031,6254 S 757,2286 5548,9937 11790,051 10418,833 11945,88 9217,966
2,0329998 B 2900,2737 11452,855 14766,812 17419,988 10598,124 2031,6254 S 757,2286 5548,9937 11790,051 10418,833 11945,88 9217,966
2,0330005 B 2900,2737 11452,855 14766,812 17419,988 10598,124 2031,6254 S 757,2286 5548,9937 11790,051 10418,833 11945,88 9217,966
2,0329998 B 2900,2737 11452,855 14766,812 17419,988 10598,124 2031,6254 S 757,2286 5548,9937 11790,051 10418,833 11945,88 9217,966
2,0330338 B 2900,2737 11452,855 14766,812 17419,988 10598,124 2031,6254 S 757,2286 5548,9937 11790,051 10418,833 11945,88 9217,966
2,0339997 B 2900,2737 11452,855 14766,812 17419,988 10598,124 2031,6254 S 757,2286 5548,9937 11790,051 10418,833 11945,88 9217,966
2,0338519 B 2900,2737 11452,855 14766,812 17419,988 10598,124 2031,6254 S 757,2286 5548,9937 11790,051 10418,833 11945,88 9217,966
2,033 B 2900,2737 11452,855 14766,812 17419,988 10598,124 2031,6254 S 757,2286 5548,9937 11790,051 10418,833 11945,88 9217,966
2,0330002 B 2900,2737 11452,855 14766,812 17419,988 10598,124 2031,6254 S 757,2286 5548,9937 11790,051 10418,833 11945,88 9217,966
2,0329998 B 2900,2737 11452,855 14766,812 17419,988 10598,124 2031,6254 S 757,2286 5548,9937 11790,051 10418,833 11945,88 9217,966
2,0329998 B 2900,2737 11452,855 14766,812 17419,988 10598,124 2031,6254 S 757,2286 5548,9937 11790,051 10418,833 11945,88 9217,966
2,0310562 B 2900,2737 11452,855 14766,812 17419,988 10598,124 2031,6254 S 757,2286 5548,9937 11790,051 10418,833 11945,88 9217,966
2,031 B 2900,2737 11452,855 14766,812 17419,988 10598,124 2031,6254 S 757,2286 5548,9937 11790,051 10418,833 11945,88 9217,966
2,0299268 B 2900,2737 11452,855 14766,812 17419,988 10598,124 2031,6254 S 757,2286 5548,9937 11790,051 10418,833 11945,88 9217,966
2,029072 B 2900,2737 11452,855 14766,812 17419,988 10598,124 2031,6254 S 757,2286 5548,9937 11790,051 10418,833 11945,88 9217,966
2,0299997 B 2900,2737 11452,855 14766,812 17419,988 10598,124 2031,6254 S 757,2286 5548,9937 11790,051 10418,833 11945,88 9217,966
2,0295234 B 2900,2737 11452,855 14766,812 17419,988 10598,124 2031,6254 S 757,2286 5548,9937 11790,051 10418,833 11945,88 9217,966
