1,9957626
1,9935089 B 1946,2404 4278,0503 13634,735 13411,601 8793,869 6466,014 S 2583,5479 6734,8335 16468,33 5074,8237 10720,458 3075,8713
1,9939997 B 1946,2404 4278,0503 13634,735 13411,601 8793,869 6466,014 S 2583,5479 6734,8335 16468,33 5074,8237 10720,458 3075,8713
1,9940001 B 1946,2404 4278,0503 13634,735 13411,601 8793,869 6466,014 S 2583,5479 6734,8335 16468,33 5074,8237 10720,458 3075,8713
1,9946532 B 1946,2404 4278,0503 13634,735 13411,601 8793,869 6466,014 S 2583,5479 6734,8335 16468,33 5074,8237 10720,458 3075,8713
1,9950005 B 1946,2404 4278,0503 13634,735 13411,601 8793,869 6466,014 S 2583,5479 6734,8335 16468,33 5074,8237 10720,458 3075,8713
1,9951254 B 1946,2404 4278,0503 13634,735 13411,601 8793,869 6466,014 S 2583,5479 6734,8335 16468,33 5074,8237 10720,458 3075,8713
1,9962794 B 1946,2404 4278,0503 13634,735 13411,601 8793,869 6466,014 S 2583,5479 6734,8335 16468,33 5074,8237 10720,458 3075,8713
1,9970005 B 1946,2404 4278,0503 13634,735 13411,601 8793,869 6466,014 S 2583,5479 6734,8335 16468,33 5074,8237 10720,458 3075,8713
1,9969997 B 1946,2404 4278,0503 13634,735 13411,601 8793,869 6466,014 S 2583,5479 6734,8335 16468,33 5074,8237 10720,458 3075,8713
1,9970001 B 1946,2404 4278,0503 13634,735 13411,601 8793,869 6466,014 S 2583,5479 6734,8335 16468,33 5074,8237 10720,458 3075,8713
1,9970001 B 1946,2404 4278,0503 13634,735 13411,601 8793,869 6466,014 S 2583,5479 6734,8335 16468,33 5074,8237 10720,458 3075,8713
1,9970006 B 1946,2404 4278,0503 13634,735 13411,601 8793,869 6466,014 S 2583,5479 6734,8335 16468,33 5074,8237 10720,458 3075,8713
1,9970006 B 1946,2404 4278,0503 13634,735 13411,601 8793,869 6466,014 S 2583,5479 6734,8335 16468,33 5074,8237 10720,458 3075,8713
1,9989238 B 1946,2404 4278,0503 13634,735 13411,601 8793,869 6466,014 S 2583,5479 6734,8335 16468,33 5074,8237 10720,458 3075,8713
1,999 B 1946,2404 4278,0503 13634,735 13411,601 8793,869 6466,014 S 2583,5479 6734,8335 16468,33 5074,8237 10720,458 3075,8713
1,9990003 B 1946,2404 4278,0503 13634,735 13411,601 8793,869 6466,014 S 2583,5479 6734,8335 16468,33 5074,8237 10720,458 3075,8713
1,9981278 B 1946,2404 4278,0503 13634,735 13411,601 8793,869 6466,014 S 2583,5479 6734,8335 16468,33 5074,8237 10720,458 3075,8713
1,99842 B 1946,2404 4278,0503 13634,735 13411,601 8793,869 6466,014 S 2583,5479 6734,8335 16468,33 5074,8237 10720,458 3075,8713
2 B 1946,2404 4278,0503 13634,735 13411,601 8793,869 6466,014 S 2583,5479 6734,8335 16468,33 5074,8237 10720,458 3075,8713
2 B 1946,2404 4278,0503 13634,735 13411,601 8793,869 6466,014 S 2583,5479 6734,8335 16468,33 5074,8237 10720,458 3075,8713
2 B 1946,2404 4278,0503 13634,735 13411,601 8793,869 6466,014 S 2583,5479 6734,8335 16468,33 5074,8237 10720,458 3075,8713
2 B 1946,2404 4278,0503 13634,735 13411,601 8793,869 6466,014 S 2583,5479 6734,8335 16468,33 5074,8237 10720,458 3075,8713
2 B 1946,2404 4278,0503 13634,735 13411,601 8793,869 6466,014 S 2583,5479 6734,8335 16468,33 5074,8237 10720,458 3075,8713
2 B 1946,2404 4278,0503 13634,735 13411,601 8793,869 6466,014 S 2583,5479 6734,8335 16468,33 5074,8237 10720,458 3075,8713
2 B 1946,2404 4278,0503 13634,735 13411,601 8793,869 6466,014 S 2583,5479 6734,8335 16468,33 5074,8237 10720,458 3075,8713
2 B 1946,2404 4278,0503 13634,735 13411,601 8793,869 6466,014 S 2583,5479 6734,8335 16468,33 5074,8237 10720,458 3075,8713
2 B 1946,2404 4278,0503 13634,735 13411,601 8793,869 6466,014 S 2583,5479 6734,8335 16468,33 5074,8237 10720,458 3075,8713
2 B 1946,2404 4278,0503 13634,735 13411,601 8793,869 6466,014 S 2583,5479 6734,8335 16468,33 5074,8237 10720,458 3075,8713
2 B 1946,2404 4278,0503 13634,735 13411,601 8793,869 6466,014 S 2583,5479 6734,8335 16468,33 5074,8237 10720,458 3075,8713
2 B 1946,2404 4278,0503 13634,735 13411,601 8793,869 6466,014 S 2583,5479 6734,8335 16468,33 5074,8237 10720,458 3075,8713
2 B 1946,2404 4278,0503 13634,735 13411,601 8793,869 6466,014 S 2583,5479 6734,8335 16468,33 5074,8237 10720,458 3075,8713
2 B 1946,2404 4278,0503 13634,735 13411,601 8793,869 6466,014 S 2583,5479 6734,8335 16468,33 5074,8237 10720,458 3075,8713
2 B 1946,2404 4278,0503 13634,735 13411,601 8793,869 6466,014 S 2583,5479 6734,8335 16468,33 5074,8237 10720,458 3075,8713
1,9997025 B 1946,2404 4278,0503 13634,735 13411,601 8793,869 6466,014 S 2583,5479 6734,8335 16468,33 5074,8237 10720,458 3075,8713
1,9990002 B 1946,2404 4278,0503 13634,735 13411,601 8793,869 6466,014 S 2583,5479 6734,8335 16468,33 5074,8237 10720,458 3075,8713
1,9990005 B 1946,2404 4278,0503 13634,735 13411,601 8793,869 6466,014 S 2583,5479 6734,8335 16468,33 5074,8237 10720,458 3075,8713
1,999 B 1946,2404 4278,0503 13634,735 13411,601 8793,869 6466,014 S 2583,5479 6734,8335 16468,33 5074,8237 10720,458 3075,8713
1,9990007 B 1946,2404 4278,0503 13634,735 13411,601 8793,869 6466,014 S 2583,5479 6734,8335 16468,33 5074,8237 10720,458 3075,8713
1,9989997 B 1946,2404 4278,0503 13634,735 13411,601 8793,869 6466,014 S 2583,5479 6734,8335 16468,33 5074,8237 10720,458 3075,8713
1,9990004 B 1946,2404 4278,0503 13634,735 13411,601 8793,869 6466,014 S 2583,5479 6734,8335 16468,33 5074,8237 10720,458 3075,8713
1,9989997 B 1946,2404 4278,0503 13634,735 13411,601 8793,869 6466,014 S 2583,5479 6734,8335 16468,33 5074,8237 10720,458 3075,8713
1,9990003 B 1946,2404 4278,0503 13634,735 13411,601 8793,869 6466,014 S 2583,5479 6734,8335 16468,33 5074,8237 10720,458 3075,8713
1,9990003 B 1946,2404 4278,0503 13634,735 13411,601 8793,869 6466,014 S 2583,5479 6734,8335 16468,33 5074,8237 10720,458 3075,8713
1,9989998 B 1946,2404 4278,0503 13634,735 13411,601 8793,869 6466,014 S 2583,5479 6734,8335 16468,33 5074,8237 10720,458 3075,8713
1,9989998 B 1946,2404 4278,0503 13634,735 13411,601 8793,869 6466,014 S 2583,5479 6734,8335 16468,33 5074,8237 10720,458 3075,8713
1,999 B 1946,2404 4278,0503 13634,735 13411,601 8793,869 6466,014 S 2583,5479 6734,8335 16468,33 5074,8237 10720,458 3075,8713
1,9989997 B 1946,2404 4278,0503 13634,735 13411,601 8793,869 6466,014 S 2583,5479 6734,8335 16468,33 5074,8237 10720,458 3075,8713
1,9989998 B 1946,2404 4278,0503 13634,735 13411,601 8793,869 6466,014 S 2583,5479 6734,8335 16468,33 5074,8237 10720,458 3075,8713
1,9990005 B 1946,2404 4278,0503 13634,735 13411,601 8793,869 6466,014 S 2583,5479 6734,8335 16468,33 5074,8237 10720,458 3075,8713
1,9984292 B 1946,2404 4278,0503 13634,735 13411,601 8793,869 6466,014 S 2583,5479 6734,8335 16468,33 5074,8237 10720,458 3075,8713
1,9980005 B 1946,2404 4278,0503 13634,735 13411,601 8793,869 6466,014 S 2583,5479 6734,8335 16468,33 5074,8237 10720,458 3075,8713
1,9979998 B 1946,2404 4278,0503 13634,735 13411,601 8793,869 6466,014 S 2583,5479 6734,8335 16468,33 5074,8237 10720,458 3075,8713
1,998 B 1946,2404 4278,0503 13634,735 13411,601 8793,869 6466,014 S 2583,5479 6734,8335 16468,33 5074,8237 10720,458 3075,8713
1,9980004 B 1946,2404 4278,0503 13634,735 13411,601 8793,869 6466,014 S 2583,5479 6734,8335 16468,33 5074,8237 10720,458 3075,8713
1,9980003 B 1946,2404 4278,0503 13634,735 13411,601 8793,869 6466,014 S 2583,5479 6734,8335 16468,33 5074,8237 10720,458 3075,8713
1,9979997 B 1946,2404 4278,0503 13634,735 13411,601 8793,869 6466,014 S 2583,5479 6734,8335 16468,33 5074,8237 10720,458 3075,8713
1,9980004 B 1946,2404 4278,0503 13634,735 13411,601 8793,869 6466,014 S 2583,5479 6734,8335 16468,33 5074,8237 10720,458 3075,8713
1,998 B 1946,2404 4278,0503 13634,735 13411,601 8793,869 6466,014 S 2583,5479 6734,8335 16468,33 5074,8237 10720,458 3075,8713
1,9980005 B 1946,2404 4278,0503 13634,735 13411,601 8793,869 6466,014 S 2583,5479 6734,8335 16468,33 5074,8237 10720,458 3075,8713
1,9979998 B 1946,2404 4278,0503 13634,735 13411,601 8793,869 6466,014 S 2583,5479 6734,8335 16468,33 5074,8237 10720,458 3075,8713
1,998 B 1946,2404 4278,0503 13634,735 13411,601 8793,869 6466,014 S 2583,5479 6734,8335 16468,33 5074,8237 10720,458 3075,8713
1,9979999 B 1946,2404 4278,0503 13634,735 13411,601 8793,869 6466,014 S 2583,5479 6734,8335 16468,33 5074,8237 10720,458 3075,8713
1,9979998 B 1946,2404 4278,0503 13634,735 13411,601 8793,869 6466,014 S 2583,5479 6734,8335 16468,33 5074,8237 10720,458 3075,8713
1,9979998 B 1946,2404 4278,0503 13634,735 13411,601 8793,869 6466,014 S 2583,5479 6734,8335 16468,33 5074,8237 10720,458 3075,8713
2,00054 B 1946,2404 4278,0503 13634,735 13411,601 8793,869 6466,014 S 2583,5479 6734,8335 16468,33 5074,8237 10720,458 3075,8713
2,0010004 B 1946,2404 4278,0503 13634,735 13411,601 8793,869 6466,014 S 2583,5479 6734,8335 16468,33 5074,8237 10720,458 3075,8713
2,0009992 B 1946,2404 4278,0503 13634,735 13411,601 8793,869 6466,014 S 2583,5479 6734,8335 16468,33 5074,8237 10720,458 3075,8713
1,9992117 B 1946,2404 4278,0503 13634,735 13411,601 8793,869 6466,014 S 2583,5479 6734,8335 16468,33 5074,8237 10720,458 3075,8713
1,9990001 B 1946,2404 4278,0503 13634,735 13411,601 8793,869 6466,014 S 2583,5479 6734,8335 16468,33 5074,8237 10720,458 3075,8713
1,9989998 B 1946,2404 4278,0503 13634,735 13411,601 8793,869 6466,014 S 2583,5479 6734,8335 16468,33 5074,8237 10720,458 3075,8713
1,9990002 B 1946,2404 4278,0503 13634,735 13411,601 8793,869 6466,014 S 2583,5479 6734,8335 16468,33 5074,8237 10720,458 3075,8713
1,9990005 B 1946,2404 4278,0503 13634,735 13411,601 8793,869 6466,014 S 2583,5479 6734,8335 16468,33 5074,8237 10720,458 3075,8713
1,9990003 B 1946,2404 4278,0503 13634,735 13411,601 8793,869 6466,014 S 2583,5479 6734,8335 16468,33 5074,8237 10720,458 3075,8713
1,9990001 B 1946,2404 4278,0503 13634,735 13411,601 8793,869 6466,014 S 2583,5479 6734,8335 16468,33 5074,8237 10720,458 3075,8713
1,9990003 B 1946,2404 4278,0503 13634,735 13411,601 8793,869 6466,014 S 2583,5479 6734,8335 16468,33 5074,8237 10720,458 3075,8713
1,9990005 B 1946,2404 4278,0503 13634,735 13411,601 8793,869 6466,014 S 2583,5479 6734,8335 16468,33 5074,8237 10720,458 3075,8713
1,9989998 B 1946,2404 4278,0503 13634,735 13411,601 8793,869 6466,014 S 2583,5479 6734,8335 16468,33 5074,8237 10720,458 3075,8713
1,9990001 B 1946,2404 4278,0503 13634,735 13411,601 8793,869 6466,014 S 2583,5479 6734,8335 16468,33 5074,8237 10720,458 3075,8713
1,9999524 B 1946,2404 4278,0503 13634,735 13411,601 8793,869 6466,014 S 2583,5479 6734,8335 16468,33 5074,8237 10720,458 3075,8713
2 B 1946,2404 4278,0503 13634,735 13411,601 8793,869 6466,014 S 2583,5479 6734,8335 16468,33 5074,8237 10720,458 3075,8713
1,9998611 B 1946,2404 4278,0503 13634,735 13411,601 8793,869 6466,014 S 2583,5479 6734,8335 16468,33 5074,8237 10720,458 3075,8713
1,9986869 B 1946,2404 4278,0503 13634,735 13411,601 8793,869 6466,014 S 2583,5479 6734,8335 16468,33 5074,8237 10720,458 3075,8713
1,9980003 B 1946,2404 4278,0503 13634,735 13411,601 8793,869 6466,014 S 2583,5479 6734,8335 16468,33 5074,8237 10720,458 3075,8713
1,9972789 B 1946,2404 4278,0503 13634,735 13411,601 8793,869 6466,014 S 2583,5479 6734,8335 16468,33 5074,8237 10720,458 3075,8713
1,9970002 B 1946,2404 4278,0503 13634,735 13411,601 8793,869 6466,014 S 2583,5479 6734,8335 16468,33 5074,8237 10720,458 3075,8713
1,9970002 B 1946,2404 4278,0503 13634,735 13411,601 8793,869 6466,014 S 2583,5479 6734,8335 16468,33 5074,8237 10720,458 3075,8713
1,9970005 B 1946,2404 4278,0503 13634,735 13411,601 8793,869 6466,014 S 2583,5479 6734,8335 16468,33 5074,8237 10720,458 3075,8713
1,9970003 B 1946,2404 4278,0503 13634,735 13411,601 8793,869 6466,014 S 2583,5479 6734,8335 16468,33 5074,8237 10720,458 3075,8713
1,9970003 B 1946,2404 4278,0503 13634,735 13411,601 8793,869 6466,014 S 2583,5479 6734,8335 16468,33 5074,8237 10720,458 3075,8713
1,997 B 1946,2404 4278,0503 13634,735 13411,601 8793,869 6466,014 S 2583,5479 6734,8335 16468,33 5074,8237 10720,458 3075,8713
1,9970008 B 1946,2404 4278,0503 13634,735 13411,601 8793,869 6466,014 S 2583,5479 6734,8335 16468,33 5074,8237 10720,458 3075,8713
1,9970009 B 1946,2404 4278,0503 13634,735 13411,601 8793,869 6466,014 S 2583,5479 6734,8335 16468,33 5074,8237 10720,458 3075,8713
1,9970002 B 1946,2404 4278,0503 13634,735 13411,601 8793,869 6466,014 S 2583,5479 6734,8335 16468,33 5074,8237 10720,458 3075,8713
1,997001 B 1946,2404 4278,0503 13634,735 13411,601 8793,869 6466,014 S 2583,5479 6734,8335 16468,33 5074,8237 10720,458 3075,8713
1,9970003 B 1946,2404 4278,0503 13634,735 13411,601 8793,869 6466,014 S 2583,5479 6734,8335 16468,33 5074,8237 10720,458 3075,8713
1,9970003 B 1946,2404 4278,0503 13634,735 13411,601 8793,869 6466,014 S 2583,5479 6734,8335 16468,33 5074,8237 10720,458 3075,8713
1,9970008 B 1946,2404 4278,0503 13634,735 13411,601 8793,869 6466,014 S 2583,5479 6734,8335 16468,33 5074,8237 10720,458 3075,8713
1,997001 B 1946,2404 4278,0503 13634,735 13411,601 8793,869 6466,014 S 2583,5479 6734,8335 16468,33 5074,8237 10720,458 3075,8713
1,9970001 B 1946,2404 4278,0503 13634,735 13411,601 8793,869 6466,014 S 2583,5479 6734,8335 16468,33 5074,8237 10720,458 3075,8713
1,9970009 B 1946,2404 4278,0503 13634,735 13411,601 8793,869 6466,014 S 2583,5479 6734,8335 16468,33 5074,8237 10720,458 3075,8713
1,9970008 B 1946,2404 4278,0503 13634,735 13411,601 8793,869 6466,014 S 2583,5479 6734,8335 16468,33 5074,8237 10720,458 3075,8713
1,9970008 B 1946,2404 4278,0503 13634,735 13411,601 8793,869 6466,014 S 2583,5479 6734,8335 16468,33 5074,8237 10720,458 3075,8713
1,9970008 B 1946,2404 4278,0503 13634,735 13411,601 8793,869 6466,014 S 2583,5479 6734,8335 16468,33 5074,8237 10720,458 3075,8713
1,9970002 B 1946,2404 4278,0503 13634,735 13411,601 8793,869 6466,014 S 2583,5479 6734,8335 16468,33 5074,8237 10720,458 3075,8713
1,9970437 B 1946,2404 4278,0503 13634,735 13411,601 8793,869 6466,014 S 2583,5479 6734,8335 16468,33 5074,8237 10720,458 3075,8713
1,9990005 B 1946,2404 4278,0503 13634,735 13411,601 8793,869 6466,014 S 2583,5479 6734,8335 16468,33 5074,8237 10720,458 3075,8713
1,9989995 B 1946,2404 4278,0503 13634,735 13411,601 8793,869 6466,014 S 2583,5479 6734,8335 16468,33 5074,8237 10720,458 3075,8713
1,9989998 B 1946,2404 4278,0503 13634,735 13411,601 8793,869 6466,014 S 2583,5479 6734,8335 16468,33 5074,8237 10720,458 3075,8713
1,9990004 B 1946,2404 4278,0503 13634,735 13411,601 8793,869 6466,014 S 2583,5479 6734,8335 16468,33 5074,8237 10720,458 3075,8713
1,9990003 B 1946,2404 4278,0503 13634,735 13411,601 8793,869 6466,014 S 2583,5479 6734,8335 16468,33 5074,8237 10720,458 3075,8713
1,9989998 B 1946,2404 4278,0503 13634,735 13411,601 8793,869 6466,014 S 2583,5479 6734,8335 16468,33 5074,8237 10720,458 3075,8713
1,9989376 B 1946,2404 4278,0503 13634,735 13411,601 8793,869 6466,014 S 2583,5479 6734,8335 16468,33 5074,8237 10720,458 3075,8713
1,9979998 B 1946,2404 4278,0503 13634,735 13411,601 8793,869 6466,014 S 2583,5479 6734,8335 16468,33 5074,8237 10720,458 3075,8713
1,9979998 B 1946,2404 4278,0503 13634,735 13411,601 8793,869 6466,014 S 2583,5479 6734,8335 16468,33 5074,8237 10720,458 3075,8713
1,9979999 B 1946,2404 4278,0503 13634,735 13411,601 8793,869 6466,014 S 2583,5479 6734,8335 16468,33 5074,8237 10720,458 3075,8713
1,9979997 B 1946,2404 4278,0503 13634,735 13411,601 8793,869 6466,014 S 2583,5479 6734,8335 16468,33 5074,8237 10720,458 3075,8713
1,9978172 B 1946,2404 4278,0503 13634,735 13411,601 8793,869 6466,014 S 2583,5479 6734,8335 16468,33 5074,8237 10720,458 3075,8713
1,9970009 B 1946,2404 4278,0503 13634,735 13411,601 8793,869 6466,014 S 2583,5479 6734,8335 16468,33 5074,8237 10720,458 3075,8713
1,9970005 B 1946,2404 4278,0503 13634,735 13411,601 8793,869 6466,014 S 2583,5479 6734,8335 16468,33 5074,8237 10720,458 3075,8713
1,9970003 B 1946,2404 4278,0503 13634,735 13411,601 8793,869 6466,014 S 2583,5479 6734,8335 16468,33 5074,8237 10720,458 3075,8713
1,9970003 B 1946,2404 4278,0503 13634,735 13411,601 8793,869 6466,014 S 2583,5479 6734,8335 16468,33 5074,8237 10720,458 3075,8713
1,9970003 B 1946,2404 4278,0503 13634,735 13411,601 8793,869 6466,014 S 2583,5479 6734,8335 16468,33 5074,8237 10720,458 3075,8713
1,9970005 B 1946,2404 4278,0503 13634,735 13411,601 8793,869 6466,014 S 2583,5479 6734,8335 16468,33 5074,8237 10720,458 3075,8713
1,9977727 B 1946,2404 4278,0503 13634,735 13411,601 8793,869 6466,014 S 2583,5479 6734,8335 16468,33 5074,8237 10720,458 3075,8713
1,9979999 B 1946,2404 4278,0503 13634,735 13411,601 8793,869 6466,014 S 2583,5479 6734,8335 16468,33 5074,8237 10720,458 3075,8713
1,9980004 B 1946,2404 4278,0503 13634,735 13411,601 8793,869 6466,014 S 2583,5479 6734,8335 16468,33 5074,8237 10720,458 3075,8713
1,9979999 B 1946,2404 4278,0503 13634,735 13411,601 8793,869 6466,014 S 2583,5479 6734,8335 16468,33 5074,8237 10720,458 3075,8713
1,9980005 B 1946,2404 4278,0503 13634,735 13411,601 8793,869 6466,014 S 2583,5479 6734,8335 16468,33 5074,8237 10720,458 3075,8713
1,9979998 B 1946,2404 4278,0503 13634,735 13411,601 8793,869 6466,014 S 2583,5479 6734,8335 16468,33 5074,8237 10720,458 3075,8713
1,998 B 1946,2404 4278,0503 13634,735 13411,601 8793,869 6466,014 S 2583,5479 6734,8335 16468,33 5074,8237 10720,458 3075,8713
1,9979993 B 1946,2404 4278,0503 13634,735 13411,601 8793,869 6466,014 S 2583,5479 6734,8335 16468,33 5074,8237 10720,458 3075,8713
1,9998375 B 1946,2404 4278,0503 13634,735 13411,601 8793,869 6466,014 S 2583,5479 6734,8335 16468,33 5074,8237 10720,458 3075,8713
2 B 1946,2404 4278,0503 13634,735 13411,601 8793,869 6466,014 S 2583,5479 6734,8335 16468,33 5074,8237 10720,458 3075,8713
2 B 1946,2404 4278,0503 13634,735 13411,601 8793,869 6466,014 S 2583,5479 6734,8335 16468,33 5074,8237 10720,458 3075,8713
2 B 1946,2404 4278,0503 13634,735 13411,601 8793,869 6466,014 S 2583,5479 6734,8335 16468,33 5074,8237 10720,458 3075,8713
2 B 1946,2404 4278,0503 13634,735 13411,601 8793,869 6466,014 S 2583,5479 6734,8335 16468,33 5074,8237 10720,458 3075,8713
1,9998972 B 1946,2404 4278,0503 13634,735 13411,601 8793,869 6466,014 S 2583,5479 6734,8335 16468,33 5074,8237 10720,458 3075,8713
1,9983722 B 1946,2404 4278,0503 13634,735 13411,601 8793,869 6466,014 S 2583,5479 6734,8335 16468,33 5074,8237 10720,458 3075,8713
1,9979999 B 1946,2404 4278,0503 13634,735 13411,601 8793,869 6466,014 S 2583,5479 6734,8335 16468,33 5074,8237 10720,458 3075,8713
1,9980003 B 1946,2404 4278,0503 13634,735 13411,601 8793,869 6466,014 S 2583,5479 6734,8335 16468,33 5074,8237 10720,458 3075,8713
1,9980004 B 1946,2404 4278,0503 13634,735 13411,601 8793,869 6466,014 S 2583,5479 6734,8335 16468,33 5074,8237 10720,458 3075,8713
1,9980009 B 1946,2404 4278,0503 13634,735 13411,601 8793,869 6466,014 S 2583,5479 6734,8335 16468,33 5074,8237 10720,458 3075,8713
1,998 B 1946,2404 4278,0503 13634,735 13411,601 8793,869 6466,014 S 2583,5479 6734,8335 16468,33 5074,8237 10720,458 3075,8713
1,9995178 B 1946,2404 4278,0503 13634,735 13411,601 8793,869 6466,014 S 2583,5479 6734,8335 16468,33 5074,8237 10720,458 3075,8713
2,0002375 B 1946,2404 4278,0503 13634,735 13411,601 8793,869 6466,014 S 2583,5479 6734,8335 16468,33 5074,8237 10720,458 3075,8713
1,999 B 1946,2404 4278,0503 13634,735 13411,601 8793,869 6466,014 S 2583,5479 6734,8335 16468,33 5074,8237 10720,458 3075,8713
1,9997188 B 1946,2404 4278,0503 13634,735 13411,601 8793,869 6466,014 S 2583,5479 6734,8335 16468,33 5074,8237 10720,458 3075,8713
2 B 1946,2404 4278,0503 13634,735 13411,601 8793,869 6466,014 S 2583,5479 6734,8335 16468,33 5074,8237 10720,458 3075,8713
2 B 1946,2404 4278,0503 13634,735 13411,601 8793,869 6466,014 S 2583,5479 6734,8335 16468,33 5074,8237 10720,458 3075,8713
2 B 1946,2404 4278,0503 13634,735 13411,601 8793,869 6466,014 S 2583,5479 6734,8335 16468,33 5074,8237 10720,458 3075,8713
2 B 1946,2404 4278,0503 13634,735 13411,601 8793,869 6466,014 S 2583,5479 6734,8335 16468,33 5074,8237 10720,458 3075,8713
2 B 1946,2404 4278,0503 13634,735 13411,601 8793,869 6466,014 S 2583,5479 6734,8335 16468,33 5074,8237 10720,458 3075,8713
2 B 1946,2404 4278,0503 13634,735 13411,601 8793,869 6466,014 S 2583,5479 6734,8335 16468,33 5074,8237 10720,458 3075,8713
2 B 1946,2404 4278,0503 13634,735 13411,601 8793,869 6466,014 S 2583,5479 6734,8335 16468,33 5074,8237 10720,458 3075,8713
2 B 1946,2404 4278,0503 13634,735 13411,601 8793,869 6466,014 S 2583,5479 6734,8335 16468,33 5074,8237 10720,458 3075,8713
2 B 1946,2404 4278,0503 13634,735 13411,601 8793,869 6466,014 S 2583,5479 6734,8335 16468,33 5074,8237 10720,458 3075,8713
2 B 1946,2404 4278,0503 13634,735 13411,601 8793,869 6466,014 S 2583,5479 6734,8335 16468,33 5074,8237 10720,458 3075,8713
1,9970037 B 1946,2404 4278,0503 13634,735 13411,601 8793,869 6466,014 S 2583,5479 6734,8335 16468,33 5074,8237 10720,458 3075,8713
1,9955257 B 1946,2404 4278,0503 13634,735 13411,601 8793,869 6466,014 S 2583,5479 6734,8335 16468,33 5074,8237 10720,458 3075,8713
1,9949996 B 1946,2404 4278,0503 13634,735 13411,601 8793,869 6466,014 S 2583,5479 6734,8335 16468,33 5074,8237 10720,458 3075,8713
1,9950004 B 1946,2404 4278,0503 13634,735 13411,601 8793,869 6466,014 S 2583,5479 6734,8335 16468,33 5074,8237 10720,458 3075,8713
1,9950005 B 1946,2404 4278,0503 13634,735 13411,601 8793,869 6466,014 S 2583,5479 6734,8335 16468,33 5074,8237 10720,458 3075,8713
1,9950002 B 1946,2404 4278,0503 13634,735 13411,601 8793,869 6466,014 S 2583,5479 6734,8335 16468,33 5074,8237 10720,458 3075,8713
1,9942669 B 1946,2404 4278,0503 13634,735 13411,601 8793,869 6466,014 S 2583,5479 6734,8335 16468,33 5074,8237 10720,458 3075,8713
1,994 B 1946,2404 4278,0503 13634,735 13411,601 8793,869 6466,014 S 2583,5479 6734,8335 16468,33 5074,8237 10720,458 3075,8713
1,9939998 B 1946,2404 4278,0503 13634,735 13411,601 8793,869 6466,014 S 2583,5479 6734,8335 16468,33 5074,8237 10720,458 3075,8713
1,9939998 B 1946,2404 4278,0503 13634,735 13411,601 8793,869 6466,014 S 2583,5479 6734,8335 16468,33 5074,8237 10720,458 3075,8713
1,9939997 B 1946,2404 4278,0503 13634,735 13411,601 8793,869 6466,014 S 2583,5479 6734,8335 16468,33 5074,8237 10720,458 3075,8713
1,994 B 1946,2404 4278,0503 13634,735 13411,601 8793,869 6466,014 S 2583,5479 6734,8335 16468,33 5074,8237 10720,458 3075,8713
1,9939992 B 1946,2404 4278,0503 13634,735 13411,601 8793,869 6466,014 S 2583,5479 6734,8335 16468,33 5074,8237 10720,458 3075,8713
1,9939998 B 1946,2404 4278,0503 13634,735 13411,601 8793,869 6466,014 S 2583,5479 6734,8335 16468,33 5074,8237 10720,458 3075,8713
1,9940001 B 1946,2404 4278,0503 13634,735 13411,601 8793,869 6466,014 S 2583,5479 6734,8335 16468,33 5074,8237 10720,458 3075,8713
1,9946887 B 1946,2404 4278,0503 13634,735 13411,601 8793,869 6466,014 S 2583,5479 6734,8335 16468,33 5074,8237 10720,458 3075,8713
1,9950002 B 1946,2404 4278,0503 13634,735 13411,601 8793,869 6466,014 S 2583,5479 6734,8335 16468,33 5074,8237 10720,458 3075,8713
1,9949998 B 1946,2404 4278,0503 13634,735 13411,601 8793,869 6466,014 S 2583,5479 6734,8335 16468,33 5074,8237 10720,458 3075,8713
1,9961545 B 1946,2404 4278,0503 13634,735 13411,601 8793,869 6466,014 S 2583,5479 6734,8335 16468,33 5074,8237 10720,458 3075,8713
1,9980005 B 1946,2404 4278,0503 13634,735 13411,601 8793,869 6466,014 S 2583,5479 6734,8335 16468,33 5074,8237 10720,458 3075,8713
1,9975449 B 1946,2404 4278,0503 13634,735 13411,601 8793,869 6466,014 S 2583,5479 6734,8335 16468,33 5074,8237 10720,458 3075,8713
1,9979999 B 1946,2404 4278,0503 13634,735 13411,601 8793,869 6466,014 S 2583,5479 6734,8335 16468,33 5074,8237 10720,458 3075,8713
1,9980006 B 1946,2404 4278,0503 13634,735 13411,601 8793,869 6466,014 S 2583,5479 6734,8335 16468,33 5074,8237 10720,458 3075,8713
1,9980748 B 1946,2404 4278,0503 13634,735 13411,601 8793,869 6466,014 S 2583,5479 6734,8335 16468,33 5074,8237 10720,458 3075,8713
1,9989995 B 1946,2404 4278,0503 13634,735 13411,601 8793,869 6466,014 S 2583,5479 6734,8335 16468,33 5074,8237 10720,458 3075,8713
1,9990007 B 1946,2404 4278,0503 13634,735 13411,601 8793,869 6466,014 S 2583,5479 6734,8335 16468,33 5074,8237 10720,458 3075,8713
1,9990001 B 1946,2404 4278,0503 13634,735 13411,601 8793,869 6466,014 S 2583,5479 6734,8335 16468,33 5074,8237 10720,458 3075,8713
1,9990005 B 1946,2404 4278,0503 13634,735 13411,601 8793,869 6466,014 S 2583,5479 6734,8335 16468,33 5074,8237 10720,458 3075,8713
1,9990002 B 1946,2404 4278,0503 13634,735 13411,601 8793,869 6466,014 S 2583,5479 6734,8335 16468,33 5074,8237 10720,458 3075,8713
1,997711 B 1946,2404 4278,0503 13634,735 13411,601 8793,869 6466,014 S 2583,5479 6734,8335 16468,33 5074,8237 10720,458 3075,8713
1,9959996 B 1946,2404 4278,0503 13634,735 13411,601 8793,869 6466,014 S 2583,5479 6734,8335 16468,33 5074,8237 10720,458 3075,8713
1,9960005 B 1946,2404 4278,0503 13634,735 13411,601 8793,869 6466,014 S 2583,5479 6734,8335 16468,33 5074,8237 10720,458 3075,8713
1,9959998 B 1946,2404 4278,0503 13634,735 13411,601 8793,869 6466,014 S 2583,5479 6734,8335 16468,33 5074,8237 10720,458 3075,8713
1,9959998 B 1946,2404 4278,0503 13634,735 13411,601 8793,869 6466,014 S 2583,5479 6734,8335 16468,33 5074,8237 10720,458 3075,8713
1,996 B 1946,2404 4278,0503 13634,735 13411,601 8793,869 6466,014 S 2583,5479 6734,8335 16468,33 5074,8237 10720,458 3075,8713
1,9959997 B 1946,2404 4278,0503 13634,735 13411,601 8793,869 6466,014 S 2583,5479 6734,8335 16468,33 5074,8237 10720,458 3075,8713
1,9959998 B 1946,2404 4278,0503 13634,735 13411,601 8793,869 6466,014 S 2583,5479 6734,8335 16468,33 5074,8237 10720,458 3075,8713
1,9960002 B 1946,2404 4278,0503 13634,735 13411,601 8793,869 6466,014 S 2583,5479 6734,8335 16468,33 5074,8237 10720,458 3075,8713
1,9959999 B 1946,2404 4278,0503 13634,735 13411,601 8793,869 6466,014 S 2583,5479 6734,8335 16468,33 5074,8237 10720,458 3075,8713
1,9960002 B 1946,2404 4278,0503 13634,735 13411,601 8793,869 6466,014 S 2583,5479 6734,8335 16468,33 5074,8237 10720,458 3075,8713
1,9959999 B 1946,2404 4278,0503 13634,735 13411,601 8793,869 6466,014 S 2583,5479 6734,8335 16468,33 5074,8237 10720,458 3075,8713
1,9960005 B 1946,2404 4278,0503 13634,735 13411,601 8793,869 6466,014 S 2583,5479 6734,8335 16468,33 5074,8237 10720,458 3075,8713
1,9926723 B 1946,2404 4278,0503 13634,735 13411,601 8793,869 6466,014 S 2583,5479 6734,8335 16468,33 5074,8237 10720,458 3075,8713
1,9920948 B 1946,2404 4278,0503 13634,735 13411,601 8793,869 6466,014 S 2583,5479 6734,8335 16468,33 5074,8237 10720,458 3075,8713
1,9919999 B 1946,2404 4278,0503 13634,735 13411,601 8793,869 6466,014 S 2583,5479 6734,8335 16468,33 5074,8237 10720,458 3075,8713
1,9905851 B 1946,2404 4278,0503 13634,735 13411,601 8793,869 6466,014 S 2583,5479 6734,8335 16468,33 5074,8237 10720,458 3075,8713
1,9890002 B 1946,2404 4278,0503 13634,735 13411,601 8793,869 6466,014 S 2583,5479 6734,8335 16468,33 5074,8237 10720,458 3075,8713
1,9865571 B 1946,2404 4278,0503 13634,735 13411,601 8793,869 6466,014 S 2583,5479 6734,8335 16468,33 5074,8237 10720,458 3075,8713
1,9850003 B 1946,2404 4278,0503 13634,735 13411,601 8793,869 6466,014 S 2583,5479 6734,8335 16468,33 5074,8237 10720,458 3075,8713
1,9849998 B 1946,2404 4278,0503 13634,735 13411,601 8793,869 6466,014 S 2583,5479 6734,8335 16468,33 5074,8237 10720,458 3075,8713
1,9850004 B 1946,2404 4278,0503 13634,735 13411,601 8793,869 6466,014 S 2583,5479 6734,8335 16468,33 5074,8237 10720,458 3075,8713
1,9850007 B 1946,2404 4278,0503 13634,735 13411,601 8793,869 6466,014 S 2583,5479 6734,8335 16468,33 5074,8237 10720,458 3075,8713
1,9849998 B 1946,2404 4278,0503 13634,735 13411,601 8793,869 6466,014 S 2583,5479 6734,8335 16468,33 5074,8237 10720,458 3075,8713
1,985 B 1946,2404 4278,0503 13634,735 13411,601 8793,869 6466,014 S 2583,5479 6734,8335 16468,33 5074,8237 10720,458 3075,8713
1,9849999 B 1946,2404 4278,0503 13634,735 13411,601 8793,869 6466,014 S 2583,5479 6734,8335 16468,33 5074,8237 10720,458 3075,8713
1,985 B 1946,2404 4278,0503 13634,735 13411,601 8793,869 6466,014 S 2583,5479 6734,8335 16468,33 5074,8237 10720,458 3075,8713
1,9850003 B 1946,2404 4278,0503 13634,735 13411,601 8793,869 6466,014 S 2583,5479 6734,8335 16468,33 5074,8237 10720,458 3075,8713
1,9858409 B 1946,2404 4278,0503 13634,735 13411,601 8793,869 6466,014 S 2583,5479 6734,8335 16468,33 5074,8237 10720,458 3075,8713
1,9860001 B 1946,2404 4278,0503 13634,735 13411,601 8793,869 6466,014 S 2583,5479 6734,8335 16468,33 5074,8237 10720,458 3075,8713
1,984526 B 1946,2404 4278,0503 13634,735 13411,601 8793,869 6466,014 S 2583,5479 6734,8335 16468,33 5074,8237 10720,458 3075,8713
1,9839996 B 1946,2404 4278,0503 13634,735 13411,601 8793,869 6466,014 S 2583,5479 6734,8335 16468,33 5074,8237 10720,458 3075,8713
1,984 B 1946,2404 4278,0503 13634,735 13411,601 8793,869 6466,014 S 2583,5479 6734,8335 16468,33 5074,8237 10720,458 3075,8713
1,984 B 1946,2404 4278,0503 13634,735 13411,601 8793,869 6466,014 S 2583,5479 6734,8335 16468,33 5074,8237 10720,458 3075,8713
1,9839994 B 1946,2404 4278,0503 13634,735 13411,601 8793,869 6466,014 S 2583,5479 6734,8335 16468,33 5074,8237 10720,458 3075,8713
1,9839998 B 1946,2404 4278,0503 13634,735 13411,601 8793,869 6466,014 S 2583,5479 6734,8335 16468,33 5074,8237 10720,458 3075,8713
1,9839998 B 1946,2404 4278,0503 13634,735 13411,601 8793,869 6466,014 S 2583,5479 6734,8335 16468,33 5074,8237 10720,458 3075,8713
1,9839996 B 1946,2404 4278,0503 13634,735 13411,601 8793,869 6466,014 S 2583,5479 6734,8335 16468,33 5074,8237 10720,458 3075,8713
1,9840001 B 1946,2404 4278,0503 13634,735 13411,601 8793,869 6466,014 S 2583,5479 6734,8335 16468,33 5074,8237 10720,458 3075,8713
1,984 B 1946,2404 4278,0503 13634,735 13411,601 8793,869 6466,014 S 2583,5479 6734,8335 16468,33 5074,8237 10720,458 3075,8713
1,984 B 1946,2404 4278,0503 13634,735 13411,601 8793,869 6466,014 S 2583,5479 6734,8335 16468,33 5074,8237 10720,458 3075,8713
1,9839996 B 1946,2404 4278,0503 13634,735 13411,601 8793,869 6466,014 S 2583,5479 6734,8335 16468,33 5074,8237 10720,458 3075,8713
1,9839996 B 1946,2404 4278,0503 13634,735 13411,601 8793,869 6466,014 S 2583,5479 6734,8335 16468,33 5074,8237 10720,458 3075,8713
1,9839994 B 1946,2404 4278,0503 13634,735 13411,601 8793,869 6466,014 S 2583,5479 6734,8335 16468,33 5074,8237 10720,458 3075,8713
1,9839997 B 1946,2404 4278,0503 13634,735 13411,601 8793,869 6466,014 S 2583,5479 6734,8335 16468,33 5074,8237 10720,458 3075,8713
1,984 B 1946,2404 4278,0503 13634,735 13411,601 8793,869 6466,014 S 2583,5479 6734,8335 16468,33 5074,8237 10720,458 3075,8713
1,9848086 B 1946,2404 4278,0503 13634,735 13411,601 8793,869 6466,014 S 2583,5479 6734,8335 16468,33 5074,8237 10720,458 3075,8713
1,9849999 B 1946,2404 4278,0503 13634,735 13411,601 8793,869 6466,014 S 2583,5479 6734,8335 16468,33 5074,8237 10720,458 3075,8713
1,9850001 B 1946,2404 4278,0503 13634,735 13411,601 8793,869 6466,014 S 2583,5479 6734,8335 16468,33 5074,8237 10720,458 3075,8713
1,9849999 B 1946,2404 4278,0503 13634,735 13411,601 8793,869 6466,014 S 2583,5479 6734,8335 16468,33 5074,8237 10720,458 3075,8713
1,985 B 1946,2404 4278,0503 13634,735 13411,601 8793,869 6466,014 S 2583,5479 6734,8335 16468,33 5074,8237 10720,458 3075,8713
1,983568 B 1946,2404 4278,0503 13634,735 13411,601 8793,869 6466,014 S 2583,5479 6734,8335 16468,33 5074,8237 10720,458 3075,8713
1,9829993 B 1946,2404 4278,0503 13634,735 13411,601 8793,869 6466,014 S 2583,5479 6734,8335 16468,33 5074,8237 10720,458 3075,8713
1,9830009 B 1946,2404 4278,0503 13634,735 13411,601 8793,869 6466,014 S 2583,5479 6734,8335 16468,33 5074,8237 10720,458 3075,8713
