1,977076
1,9830003 B 1744,1372 7951,4355 9927,007 14906,334 9050,921 9589,205 S 2081,8293 6576,9277 21234,412 6334,1733 4712,482 8188,8916
1,9830006 B 1744,1372 7951,4355 9927,007 14906,334 9050,921 9589,205 S 2081,8293 6576,9277 21234,412 6334,1733 4712,482 8188,8916
1,9829998 B 1744,1372 7951,4355 9927,007 14906,334 9050,921 9589,205 S 2081,8293 6576,9277 21234,412 6334,1733 4712,482 8188,8916
1,9829891 B 1744,1372 7951,4355 9927,007 14906,334 9050,921 9589,205 S 2081,8293 6576,9277 21234,412 6334,1733 4712,482 8188,8916
1,9819999 B 1744,1372 7951,4355 9927,007 14906,334 9050,921 9589,205 S 2081,8293 6576,9277 21234,412 6334,1733 4712,482 8188,8916
1,9819999 B 1744,1372 7951,4355 9927,007 14906,334 9050,921 9589,205 S 2081,8293 6576,9277 21234,412 6334,1733 4712,482 8188,8916
1,9820002 B 1744,1372 7951,4355 9927,007 14906,334 9050,921 9589,205 S 2081,8293 6576,9277 21234,412 6334,1733 4712,482 8188,8916
1,9828026 B 1744,1372 7951,4355 9927,007 14906,334 9050,921 9589,205 S 2081,8293 6576,9277 21234,412 6334,1733 4712,482 8188,8916
1,9839997 B 1744,1372 7951,4355 9927,007 14906,334 9050,921 9589,205 S 2081,8293 6576,9277 21234,412 6334,1733 4712,482 8188,8916
1,984 B 1744,1372 7951,4355 9927,007 14906,334 9050,921 9589,205 S 2081,8293 6576,9277 21234,412 6334,1733 4712,482 8188,8916
1,9839996 B 1744,1372 7951,4355 9927,007 14906,334 9050,921 9589,205 S 2081,8293 6576,9277 21234,412 6334,1733 4712,482 8188,8916
1,9840001 B 1744,1372 7951,4355 9927,007 14906,334 9050,921 9589,205 S 2081,8293 6576,9277 21234,412 6334,1733 4712,482 8188,8916
1,9839996 B 1744,1372 7951,4355 9927,007 14906,334 9050,921 9589,205 S 2081,8293 6576,9277 21234,412 6334,1733 4712,482 8188,8916
1,9840004 B 1744,1372 7951,4355 9927,007 14906,334 9050,921 9589,205 S 2081,8293 6576,9277 21234,412 6334,1733 4712,482 8188,8916
1,9840003 B 1744,1372 7951,4355 9927,007 14906,334 9050,921 9589,205 S 2081,8293 6576,9277 21234,412 6334,1733 4712,482 8188,8916
1,984 B 1744,1372 7951,4355 9927,007 14906,334 9050,921 9589,205 S 2081,8293 6576,9277 21234,412 6334,1733 4712,482 8188,8916
1,9839998 B 1744,1372 7951,4355 9927,007 14906,334 9050,921 9589,205 S 2081,8293 6576,9277 21234,412 6334,1733 4712,482 8188,8916
1,9839998 B 1744,1372 7951,4355 9927,007 14906,334 9050,921 9589,205 S 2081,8293 6576,9277 21234,412 6334,1733 4712,482 8188,8916
1,9840006 B 1744,1372 7951,4355 9927,007 14906,334 9050,921 9589,205 S 2081,8293 6576,9277 21234,412 6334,1733 4712,482 8188,8916
1,9839997 B 1744,1372 7951,4355 9927,007 14906,334 9050,921 9589,205 S 2081,8293 6576,9277 21234,412 6334,1733 4712,482 8188,8916
1,9839996 B 1744,1372 7951,4355 9927,007 14906,334 9050,921 9589,205 S 2081,8293 6576,9277 21234,412 6334,1733 4712,482 8188,8916
1,984 B 1744,1372 7951,4355 9927,007 14906,334 9050,921 9589,205 S 2081,8293 6576,9277 21234,412 6334,1733 4712,482 8188,8916
1,9840001 B 1744,1372 7951,4355 9927,007 14906,334 9050,921 9589,205 S 2081,8293 6576,9277 21234,412 6334,1733 4712,482 8188,8916
1,9835417 B 1744,1372 7951,4355 9927,007 14906,334 9050,921 9589,205 S 2081,8293 6576,9277 21234,412 6334,1733 4712,482 8188,8916
1,9829996 B 1744,1372 7951,4355 9927,007 14906,334 9050,921 9589,205 S 2081,8293 6576,9277 21234,412 6334,1733 4712,482 8188,8916
1,983 B 1744,1372 7951,4355 9927,007 14906,334 9050,921 9589,205 S 2081,8293 6576,9277 21234,412 6334,1733 4712,482 8188,8916
1,9830004 B 1744,1372 7951,4355 9927,007 14906,334 9050,921 9589,205 S 2081,8293 6576,9277 21234,412 6334,1733 4712,482 8188,8916
1,983 B 1744,1372 7951,4355 9927,007 14906,334 9050,921 9589,205 S 2081,8293 6576,9277 21234,412 6334,1733 4712,482 8188,8916
1,9829997 B 1744,1372 7951,4355 9927,007 14906,334 9050,921 9589,205 S 2081,8293 6576,9277 21234,412 6334,1733 4712,482 8188,8916
1,9829998 B 1744,1372 7951,4355 9927,007 14906,334 9050,921 9589,205 S 2081,8293 6576,9277 21234,412 6334,1733 4712,482 8188,8916
1,9829999 B 1744,1372 7951,4355 9927,007 14906,334 9050,921 9589,205 S 2081,8293 6576,9277 21234,412 6334,1733 4712,482 8188,8916
1,9830003 B 1744,1372 7951,4355 9927,007 14906,334 9050,921 9589,205 S 2081,8293 6576,9277 21234,412 6334,1733 4712,482 8188,8916
1,983 B 1744,1372 7951,4355 9927,007 14906,334 9050,921 9589,205 S 2081,8293 6576,9277 21234,412 6334,1733 4712,482 8188,8916
1,9829999 B 1744,1372 7951,4355 9927,007 14906,334 9050,921 9589,205 S 2081,8293 6576,9277 21234,412 6334,1733 4712,482 8188,8916
1,983 B 1744,1372 7951,4355 9927,007 14906,334 9050,921 9589,205 S 2081,8293 6576,9277 21234,412 6334,1733 4712,482 8188,8916
1,983 B 1744,1372 7951,4355 9927,007 14906,334 9050,921 9589,205 S 2081,8293 6576,9277 21234,412 6334,1733 4712,482 8188,8916
1,983 B 1744,1372 7951,4355 9927,007 14906,334 9050,921 9589,205 S 2081,8293 6576,9277 21234,412 6334,1733 4712,482 8188,8916
1,9830004 B 1744,1372 7951,4355 9927,007 14906,334 9050,921 9589,205 S 2081,8293 6576,9277 21234,412 6334,1733 4712,482 8188,8916
1,9829998 B 1744,1372 7951,4355 9927,007 14906,334 9050,921 9589,205 S 2081,8293 6576,9277 21234,412 6334,1733 4712,482 8188,8916
1,9826872 B 1744,1372 7951,4355 9927,007 14906,334 9050,921 9589,205 S 2081,8293 6576,9277 21234,412 6334,1733 4712,482 8188,8916
1,9819995 B 1744,1372 7951,4355 9927,007 14906,334 9050,921 9589,205 S 2081,8293 6576,9277 21234,412 6334,1733 4712,482 8188,8916
1,9819998 B 1744,1372 7951,4355 9927,007 14906,334 9050,921 9589,205 S 2081,8293 6576,9277 21234,412 6334,1733 4712,482 8188,8916
1,982 B 1744,1372 7951,4355 9927,007 14906,334 9050,921 9589,205 S 2081,8293 6576,9277 21234,412 6334,1733 4712,482 8188,8916
1,9819999 B 1744,1372 7951,4355 9927,007 14906,334 9050,921 9589,205 S 2081,8293 6576,9277 21234,412 6334,1733 4712,482 8188,8916
1,9820001 B 1744,1372 7951,4355 9927,007 14906,334 9050,921 9589,205 S 2081,8293 6576,9277 21234,412 6334,1733 4712,482 8188,8916
1,9819999 B 1744,1372 7951,4355 9927,007 14906,334 9050,921 9589,205 S 2081,8293 6576,9277 21234,412 6334,1733 4712,482 8188,8916
1,9820004 B 1744,1372 7951,4355 9927,007 14906,334 9050,921 9589,205 S 2081,8293 6576,9277 21234,412 6334,1733 4712,482 8188,8916
1,9820001 B 1744,1372 7951,4355 9927,007 14906,334 9050,921 9589,205 S 2081,8293 6576,9277 21234,412 6334,1733 4712,482 8188,8916
1,9820001 B 1744,1372 7951,4355 9927,007 14906,334 9050,921 9589,205 S 2081,8293 6576,9277 21234,412 6334,1733 4712,482 8188,8916
1,9819995 B 1744,1372 7951,4355 9927,007 14906,334 9050,921 9589,205 S 2081,8293 6576,9277 21234,412 6334,1733 4712,482 8188,8916
1,9819992 B 1744,1372 7951,4355 9927,007 14906,334 9050,921 9589,205 S 2081,8293 6576,9277 21234,412 6334,1733 4712,482 8188,8916
1,9796426 B 1744,1372 7951,4355 9927,007 14906,334 9050,921 9589,205 S 2081,8293 6576,9277 21234,412 6334,1733 4712,482 8188,8916
1,9789996 B 1744,1372 7951,4355 9927,007 14906,334 9050,921 9589,205 S 2081,8293 6576,9277 21234,412 6334,1733 4712,482 8188,8916
1,9789999 B 1744,1372 7951,4355 9927,007 14906,334 9050,921 9589,205 S 2081,8293 6576,9277 21234,412 6334,1733 4712,482 8188,8916
1,9785593 B 1744,1372 7951,4355 9927,007 14906,334 9050,921 9589,205 S 2081,8293 6576,9277 21234,412 6334,1733 4712,482 8188,8916
1,9778774 B 1744,1372 7951,4355 9927,007 14906,334 9050,921 9589,205 S 2081,8293 6576,9277 21234,412 6334,1733 4712,482 8188,8916
1,9770004 B 1744,1372 7951,4355 9927,007 14906,334 9050,921 9589,205 S 2081,8293 6576,9277 21234,412 6334,1733 4712,482 8188,8916
1,9769999 B 1744,1372 7951,4355 9927,007 14906,334 9050,921 9589,205 S 2081,8293 6576,9277 21234,412 6334,1733 4712,482 8188,8916
1,9769998 B 1744,1372 7951,4355 9927,007 14906,334 9050,921 9589,205 S 2081,8293 6576,9277 21234,412 6334,1733 4712,482 8188,8916
1,9769999 B 1744,1372 7951,4355 9927,007 14906,334 9050,921 9589,205 S 2081,8293 6576,9277 21234,412 6334,1733 4712,482 8188,8916
1,9770006 B 1744,1372 7951,4355 9927,007 14906,334 9050,921 9589,205 S 2081,8293 6576,9277 21234,412 6334,1733 4712,482 8188,8916
1,977 B 1744,1372 7951,4355 9927,007 14906,334 9050,921 9589,205 S 2081,8293 6576,9277 21234,412 6334,1733 4712,482 8188,8916
1,9770004 B 1744,1372 7951,4355 9927,007 14906,334 9050,921 9589,205 S 2081,8293 6576,9277 21234,412 6334,1733 4712,482 8188,8916
1,9766948 B 1744,1372 7951,4355 9927,007 14906,334 9050,921 9589,205 S 2081,8293 6576,9277 21234,412 6334,1733 4712,482 8188,8916
1,9760002 B 1744,1372 7951,4355 9927,007 14906,334 9050,921 9589,205 S 2081,8293 6576,9277 21234,412 6334,1733 4712,482 8188,8916
1,976001 B 1744,1372 7951,4355 9927,007 14906,334 9050,921 9589,205 S 2081,8293 6576,9277 21234,412 6334,1733 4712,482 8188,8916
1,9760011 B 1744,1372 7951,4355 9927,007 14906,334 9050,921 9589,205 S 2081,8293 6576,9277 21234,412 6334,1733 4712,482 8188,8916
1,9760003 B 1744,1372 7951,4355 9927,007 14906,334 9050,921 9589,205 S 2081,8293 6576,9277 21234,412 6334,1733 4712,482 8188,8916
1,9760003 B 1744,1372 7951,4355 9927,007 14906,334 9050,921 9589,205 S 2081,8293 6576,9277 21234,412 6334,1733 4712,482 8188,8916
1,9760005 B 1744,1372 7951,4355 9927,007 14906,334 9050,921 9589,205 S 2081,8293 6576,9277 21234,412 6334,1733 4712,482 8188,8916
1,9760005 B 1744,1372 7951,4355 9927,007 14906,334 9050,921 9589,205 S 2081,8293 6576,9277 21234,412 6334,1733 4712,482 8188,8916
1,9784396 B 1744,1372 7951,4355 9927,007 14906,334 9050,921 9589,205 S 2081,8293 6576,9277 21234,412 6334,1733 4712,482 8188,8916
1,978421 B 1744,1372 7951,4355 9927,007 14906,334 9050,921 9589,205 S 2081,8293 6576,9277 21234,412 6334,1733 4712,482 8188,8916
1,9780005 B 1744,1372 7951,4355 9927,007 14906,334 9050,921 9589,205 S 2081,8293 6576,9277 21234,412 6334,1733 4712,482 8188,8916
1,9779993 B 1744,1372 7951,4355 9927,007 14906,334 9050,921 9589,205 S 2081,8293 6576,9277 21234,412 6334,1733 4712,482 8188,8916
1,9780003 B 1744,1372 7951,4355 9927,007 14906,334 9050,921 9589,205 S 2081,8293 6576,9277 21234,412 6334,1733 4712,482 8188,8916
1,9779998 B 1744,1372 7951,4355 9927,007 14906,334 9050,921 9589,205 S 2081,8293 6576,9277 21234,412 6334,1733 4712,482 8188,8916
1,9780004 B 1744,1372 7951,4355 9927,007 14906,334 9050,921 9589,205 S 2081,8293 6576,9277 21234,412 6334,1733 4712,482 8188,8916
1,978311 B 1744,1372 7951,4355 9927,007 14906,334 9050,921 9589,205 S 2081,8293 6576,9277 21234,412 6334,1733 4712,482 8188,8916
1,9800007 B 1744,1372 7951,4355 9927,007 14906,334 9050,921 9589,205 S 2081,8293 6576,9277 21234,412 6334,1733 4712,482 8188,8916
1,98 B 1744,1372 7951,4355 9927,007 14906,334 9050,921 9589,205 S 2081,8293 6576,9277 21234,412 6334,1733 4712,482 8188,8916
1,9784064 B 1744,1372 7951,4355 9927,007 14906,334 9050,921 9589,205 S 2081,8293 6576,9277 21234,412 6334,1733 4712,482 8188,8916
1,9779993 B 1744,1372 7951,4355 9927,007 14906,334 9050,921 9589,205 S 2081,8293 6576,9277 21234,412 6334,1733 4712,482 8188,8916
1,978 B 1744,1372 7951,4355 9927,007 14906,334 9050,921 9589,205 S 2081,8293 6576,9277 21234,412 6334,1733 4712,482 8188,8916
1,978 B 1744,1372 7951,4355 9927,007 14906,334 9050,921 9589,205 S 2081,8293 6576,9277 21234,412 6334,1733 4712,482 8188,8916
1,9775074 B 1744,1372 7951,4355 9927,007 14906,334 9050,921 9589,205 S 2081,8293 6576,9277 21234,412 6334,1733 4712,482 8188,8916
1,977 B 1744,1372 7951,4355 9927,007 14906,334 9050,921 9589,205 S 2081,8293 6576,9277 21234,412 6334,1733 4712,482 8188,8916
1,9770008 B 1744,1372 7951,4355 9927,007 14906,334 9050,921 9589,205 S 2081,8293 6576,9277 21234,412 6334,1733 4712,482 8188,8916
1,9774926 B 1744,1372 7951,4355 9927,007 14906,334 9050,921 9589,205 S 2081,8293 6576,9277 21234,412 6334,1733 4712,482 8188,8916
1,9779998 B 1744,1372 7951,4355 9927,007 14906,334 9050,921 9589,205 S 2081,8293 6576,9277 21234,412 6334,1733 4712,482 8188,8916
1,9779993 B 1744,1372 7951,4355 9927,007 14906,334 9050,921 9589,205 S 2081,8293 6576,9277 21234,412 6334,1733 4712,482 8188,8916
1,9780002 B 1744,1372 7951,4355 9927,007 14906,334 9050,921 9589,205 S 2081,8293 6576,9277 21234,412 6334,1733 4712,482 8188,8916
1,9779998 B 1744,1372 7951,4355 9927,007 14906,334 9050,921 9589,205 S 2081,8293 6576,9277 21234,412 6334,1733 4712,482 8188,8916
1,978 B 1744,1372 7951,4355 9927,007 14906,334 9050,921 9589,205 S 2081,8293 6576,9277 21234,412 6334,1733 4712,482 8188,8916
1,978 B 1744,1372 7951,4355 9927,007 14906,334 9050,921 9589,205 S 2081,8293 6576,9277 21234,412 6334,1733 4712,482 8188,8916
1,9779998 B 1744,1372 7951,4355 9927,007 14906,334 9050,921 9589,205 S 2081,8293 6576,9277 21234,412 6334,1733 4712,482 8188,8916
1,9779999 B 1744,1372 7951,4355 9927,007 14906,334 9050,921 9589,205 S 2081,8293 6576,9277 21234,412 6334,1733 4712,482 8188,8916
1,9780006 B 1744,1372 7951,4355 9927,007 14906,334 9050,921 9589,205 S 2081,8293 6576,9277 21234,412 6334,1733 4712,482 8188,8916
1,9780002 B 1744,1372 7951,4355 9927,007 14906,334 9050,921 9589,205 S 2081,8293 6576,9277 21234,412 6334,1733 4712,482 8188,8916
1,9780002 B 1744,1372 7951,4355 9927,007 14906,334 9050,921 9589,205 S 2081,8293 6576,9277 21234,412 6334,1733 4712,482 8188,8916
1,9779994 B 1744,1372 7951,4355 9927,007 14906,334 9050,921 9589,205 S 2081,8293 6576,9277 21234,412 6334,1733 4712,482 8188,8916
1,9779994 B 1744,1372 7951,4355 9927,007 14906,334 9050,921 9589,205 S 2081,8293 6576,9277 21234,412 6334,1733 4712,482 8188,8916
1,9780002 B 1744,1372 7951,4355 9927,007 14906,334 9050,921 9589,205 S 2081,8293 6576,9277 21234,412 6334,1733 4712,482 8188,8916
1,9780005 B 1744,1372 7951,4355 9927,007 14906,334 9050,921 9589,205 S 2081,8293 6576,9277 21234,412 6334,1733 4712,482 8188,8916
1,9780005 B 1744,1372 7951,4355 9927,007 14906,334 9050,921 9589,205 S 2081,8293 6576,9277 21234,412 6334,1733 4712,482 8188,8916
1,9780004 B 1744,1372 7951,4355 9927,007 14906,334 9050,921 9589,205 S 2081,8293 6576,9277 21234,412 6334,1733 4712,482 8188,8916
1,9779998 B 1744,1372 7951,4355 9927,007 14906,334 9050,921 9589,205 S 2081,8293 6576,9277 21234,412 6334,1733 4712,482 8188,8916
1,9779999 B 1744,1372 7951,4355 9927,007 14906,334 9050,921 9589,205 S 2081,8293 6576,9277 21234,412 6334,1733 4712,482 8188,8916
1,9780005 B 1744,1372 7951,4355 9927,007 14906,334 9050,921 9589,205 S 2081,8293 6576,9277 21234,412 6334,1733 4712,482 8188,8916
1,9780006 B 1744,1372 7951,4355 9927,007 14906,334 9050,921 9589,205 S 2081,8293 6576,9277 21234,412 6334,1733 4712,482 8188,8916
1,9780003 B 1744,1372 7951,4355 9927,007 14906,334 9050,921 9589,205 S 2081,8293 6576,9277 21234,412 6334,1733 4712,482 8188,8916
1,9787301 B 1744,1372 7951,4355 9927,007 14906,334 9050,921 9589,205 S 2081,8293 6576,9277 21234,412 6334,1733 4712,482 8188,8916
1,9789999 B 1744,1372 7951,4355 9927,007 14906,334 9050,921 9589,205 S 2081,8293 6576,9277 21234,412 6334,1733 4712,482 8188,8916
1,9789997 B 1744,1372 7951,4355 9927,007 14906,334 9050,921 9589,205 S 2081,8293 6576,9277 21234,412 6334,1733 4712,482 8188,8916
1,9790003 B 1744,1372 7951,4355 9927,007 14906,334 9050,921 9589,205 S 2081,8293 6576,9277 21234,412 6334,1733 4712,482 8188,8916
1,9790002 B 1744,1372 7951,4355 9927,007 14906,334 9050,921 9589,205 S 2081,8293 6576,9277 21234,412 6334,1733 4712,482 8188,8916
1,9799455 B 1744,1372 7951,4355 9927,007 14906,334 9050,921 9589,205 S 2081,8293 6576,9277 21234,412 6334,1733 4712,482 8188,8916
1,9820002 B 1744,1372 7951,4355 9927,007 14906,334 9050,921 9589,205 S 2081,8293 6576,9277 21234,412 6334,1733 4712,482 8188,8916
1,9819064 B 1744,1372 7951,4355 9927,007 14906,334 9050,921 9589,205 S 2081,8293 6576,9277 21234,412 6334,1733 4712,482 8188,8916
1,9830003 B 1744,1372 7951,4355 9927,007 14906,334 9050,921 9589,205 S 2081,8293 6576,9277 21234,412 6334,1733 4712,482 8188,8916
1,9829999 B 1744,1372 7951,4355 9927,007 14906,334 9050,921 9589,205 S 2081,8293 6576,9277 21234,412 6334,1733 4712,482 8188,8916
1,9829998 B 1744,1372 7951,4355 9927,007 14906,334 9050,921 9589,205 S 2081,8293 6576,9277 21234,412 6334,1733 4712,482 8188,8916
1,9830002 B 1744,1372 7951,4355 9927,007 14906,334 9050,921 9589,205 S 2081,8293 6576,9277 21234,412 6334,1733 4712,482 8188,8916
1,9830003 B 1744,1372 7951,4355 9927,007 14906,334 9050,921 9589,205 S 2081,8293 6576,9277 21234,412 6334,1733 4712,482 8188,8916
1,9829998 B 1744,1372 7951,4355 9927,007 14906,334 9050,921 9589,205 S 2081,8293 6576,9277 21234,412 6334,1733 4712,482 8188,8916
1,9830003 B 1744,1372 7951,4355 9927,007 14906,334 9050,921 9589,205 S 2081,8293 6576,9277 21234,412 6334,1733 4712,482 8188,8916
1,9830009 B 1744,1372 7951,4355 9927,007 14906,334 9050,921 9589,205 S 2081,8293 6576,9277 21234,412 6334,1733 4712,482 8188,8916
1,982905 B 1744,1372 7951,4355 9927,007 14906,334 9050,921 9589,205 S 2081,8293 6576,9277 21234,412 6334,1733 4712,482 8188,8916
1,9819996 B 1744,1372 7951,4355 9927,007 14906,334 9050,921 9589,205 S 2081,8293 6576,9277 21234,412 6334,1733 4712,482 8188,8916
1,9819999 B 1744,1372 7951,4355 9927,007 14906,334 9050,921 9589,205 S 2081,8293 6576,9277 21234,412 6334,1733 4712,482 8188,8916
1,9820006 B 1744,1372 7951,4355 9927,007 14906,334 9050,921 9589,205 S 2081,8293 6576,9277 21234,412 6334,1733 4712,482 8188,8916
1,9819999 B 1744,1372 7951,4355 9927,007 14906,334 9050,921 9589,205 S 2081,8293 6576,9277 21234,412 6334,1733 4712,482 8188,8916
1,9819996 B 1744,1372 7951,4355 9927,007 14906,334 9050,921 9589,205 S 2081,8293 6576,9277 21234,412 6334,1733 4712,482 8188,8916
1,9820005 B 1744,1372 7951,4355 9927,007 14906,334 9050,921 9589,205 S 2081,8293 6576,9277 21234,412 6334,1733 4712,482 8188,8916
1,9819999 B 1744,1372 7951,4355 9927,007 14906,334 9050,921 9589,205 S 2081,8293 6576,9277 21234,412 6334,1733 4712,482 8188,8916
1,9820005 B 1744,1372 7951,4355 9927,007 14906,334 9050,921 9589,205 S 2081,8293 6576,9277 21234,412 6334,1733 4712,482 8188,8916
1,9819999 B 1744,1372 7951,4355 9927,007 14906,334 9050,921 9589,205 S 2081,8293 6576,9277 21234,412 6334,1733 4712,482 8188,8916
1,9819999 B 1744,1372 7951,4355 9927,007 14906,334 9050,921 9589,205 S 2081,8293 6576,9277 21234,412 6334,1733 4712,482 8188,8916
1,9811375 B 1744,1372 7951,4355 9927,007 14906,334 9050,921 9589,205 S 2081,8293 6576,9277 21234,412 6334,1733 4712,482 8188,8916
1,9810004 B 1744,1372 7951,4355 9927,007 14906,334 9050,921 9589,205 S 2081,8293 6576,9277 21234,412 6334,1733 4712,482 8188,8916
1,9810002 B 1744,1372 7951,4355 9927,007 14906,334 9050,921 9589,205 S 2081,8293 6576,9277 21234,412 6334,1733 4712,482 8188,8916
1,9810002 B 1744,1372 7951,4355 9927,007 14906,334 9050,921 9589,205 S 2081,8293 6576,9277 21234,412 6334,1733 4712,482 8188,8916
1,9809992 B 1744,1372 7951,4355 9927,007 14906,334 9050,921 9589,205 S 2081,8293 6576,9277 21234,412 6334,1733 4712,482 8188,8916
1,9809996 B 1744,1372 7951,4355 9927,007 14906,334 9050,921 9589,205 S 2081,8293 6576,9277 21234,412 6334,1733 4712,482 8188,8916
1,9809997 B 1744,1372 7951,4355 9927,007 14906,334 9050,921 9589,205 S 2081,8293 6576,9277 21234,412 6334,1733 4712,482 8188,8916
1,9809998 B 1744,1372 7951,4355 9927,007 14906,334 9050,921 9589,205 S 2081,8293 6576,9277 21234,412 6334,1733 4712,482 8188,8916
1,9809538 B 1744,1372 7951,4355 9927,007 14906,334 9050,921 9589,205 S 2081,8293 6576,9277 21234,412 6334,1733 4712,482 8188,8916
1,9779998 B 1744,1372 7951,4355 9927,007 14906,334 9050,921 9589,205 S 2081,8293 6576,9277 21234,412 6334,1733 4712,482 8188,8916
1,9779999 B 1744,1372 7951,4355 9927,007 14906,334 9050,921 9589,205 S 2081,8293 6576,9277 21234,412 6334,1733 4712,482 8188,8916
1,9766856 B 1744,1372 7951,4355 9927,007 14906,334 9050,921 9589,205 S 2081,8293 6576,9277 21234,412 6334,1733 4712,482 8188,8916
1,97127 B 1744,1372 7951,4355 9927,007 14906,334 9050,921 9589,205 S 2081,8293 6576,9277 21234,412 6334,1733 4712,482 8188,8916
1,967583 B 1744,1372 7951,4355 9927,007 14906,334 9050,921 9589,205 S 2081,8293 6576,9277 21234,412 6334,1733 4712,482 8188,8916
1,9660001 B 1744,1372 7951,4355 9927,007 14906,334 9050,921 9589,205 S 2081,8293 6576,9277 21234,412 6334,1733 4712,482 8188,8916
1,9660004 B 1744,1372 7951,4355 9927,007 14906,334 9050,921 9589,205 S 2081,8293 6576,9277 21234,412 6334,1733 4712,482 8188,8916
1,9661067 B 1744,1372 7951,4355 9927,007 14906,334 9050,921 9589,205 S 2081,8293 6576,9277 21234,412 6334,1733 4712,482 8188,8916
1,9675814 B 1744,1372 7951,4355 9927,007 14906,334 9050,921 9589,205 S 2081,8293 6576,9277 21234,412 6334,1733 4712,482 8188,8916
1,9683079 B 1744,1372 7951,4355 9927,007 14906,334 9050,921 9589,205 S 2081,8293 6576,9277 21234,412 6334,1733 4712,482 8188,8916
1,9678347 B 1744,1372 7951,4355 9927,007 14906,334 9050,921 9589,205 S 2081,8293 6576,9277 21234,412 6334,1733 4712,482 8188,8916
1,9670001 B 1744,1372 7951,4355 9927,007 14906,334 9050,921 9589,205 S 2081,8293 6576,9277 21234,412 6334,1733 4712,482 8188,8916
1,9670001 B 1744,1372 7951,4355 9927,007 14906,334 9050,921 9589,205 S 2081,8293 6576,9277 21234,412 6334,1733 4712,482 8188,8916
1,9687332 B 1744,1372 7951,4355 9927,007 14906,334 9050,921 9589,205 S 2081,8293 6576,9277 21234,412 6334,1733 4712,482 8188,8916
1,9695333 B 1744,1372 7951,4355 9927,007 14906,334 9050,921 9589,205 S 2081,8293 6576,9277 21234,412 6334,1733 4712,482 8188,8916
1,9700001 B 1744,1372 7951,4355 9927,007 14906,334 9050,921 9589,205 S 2081,8293 6576,9277 21234,412 6334,1733 4712,482 8188,8916
1,9694152 B 1744,1372 7951,4355 9927,007 14906,334 9050,921 9589,205 S 2081,8293 6576,9277 21234,412 6334,1733 4712,482 8188,8916
1,9690003 B 1744,1372 7951,4355 9927,007 14906,334 9050,921 9589,205 S 2081,8293 6576,9277 21234,412 6334,1733 4712,482 8188,8916
1,9690001 B 1744,1372 7951,4355 9927,007 14906,334 9050,921 9589,205 S 2081,8293 6576,9277 21234,412 6334,1733 4712,482 8188,8916
1,9690001 B 1744,1372 7951,4355 9927,007 14906,334 9050,921 9589,205 S 2081,8293 6576,9277 21234,412 6334,1733 4712,482 8188,8916
1,9689999 B 1744,1372 7951,4355 9927,007 14906,334 9050,921 9589,205 S 2081,8293 6576,9277 21234,412 6334,1733 4712,482 8188,8916
1,9689999 B 1744,1372 7951,4355 9927,007 14906,334 9050,921 9589,205 S 2081,8293 6576,9277 21234,412 6334,1733 4712,482 8188,8916
1,9689996 B 1744,1372 7951,4355 9927,007 14906,334 9050,921 9589,205 S 2081,8293 6576,9277 21234,412 6334,1733 4712,482 8188,8916
1,9690003 B 1744,1372 7951,4355 9927,007 14906,334 9050,921 9589,205 S 2081,8293 6576,9277 21234,412 6334,1733 4712,482 8188,8916
1,9689999 B 1744,1372 7951,4355 9927,007 14906,334 9050,921 9589,205 S 2081,8293 6576,9277 21234,412 6334,1733 4712,482 8188,8916
1,9690003 B 1744,1372 7951,4355 9927,007 14906,334 9050,921 9589,205 S 2081,8293 6576,9277 21234,412 6334,1733 4712,482 8188,8916
1,9689996 B 1744,1372 7951,4355 9927,007 14906,334 9050,921 9589,205 S 2081,8293 6576,9277 21234,412 6334,1733 4712,482 8188,8916
1,9693344 B 1744,1372 7951,4355 9927,007 14906,334 9050,921 9589,205 S 2081,8293 6576,9277 21234,412 6334,1733 4712,482 8188,8916
1,971 B 1744,1372 7951,4355 9927,007 14906,334 9050,921 9589,205 S 2081,8293 6576,9277 21234,412 6334,1733 4712,482 8188,8916
1,9709998 B 1744,1372 7951,4355 9927,007 14906,334 9050,921 9589,205 S 2081,8293 6576,9277 21234,412 6334,1733 4712,482 8188,8916
1,9709998 B 1744,1372 7951,4355 9927,007 14906,334 9050,921 9589,205 S 2081,8293 6576,9277 21234,412 6334,1733 4712,482 8188,8916
1,9709996 B 1744,1372 7951,4355 9927,007 14906,334 9050,921 9589,205 S 2081,8293 6576,9277 21234,412 6334,1733 4712,482 8188,8916
1,9710001 B 1744,1372 7951,4355 9927,007 14906,334 9050,921 9589,205 S 2081,8293 6576,9277 21234,412 6334,1733 4712,482 8188,8916
1,9709995 B 1744,1372 7951,4355 9927,007 14906,334 9050,921 9589,205 S 2081,8293 6576,9277 21234,412 6334,1733 4712,482 8188,8916
1,9714969 B 1744,1372 7951,4355 9927,007 14906,334 9050,921 9589,205 S 2081,8293 6576,9277 21234,412 6334,1733 4712,482 8188,8916
1,9720002 B 1744,1372 7951,4355 9927,007 14906,334 9050,921 9589,205 S 2081,8293 6576,9277 21234,412 6334,1733 4712,482 8188,8916
1,972 B 1744,1372 7951,4355 9927,007 14906,334 9050,921 9589,205 S 2081,8293 6576,9277 21234,412 6334,1733 4712,482 8188,8916
1,9720001 B 1744,1372 7951,4355 9927,007 14906,334 9050,921 9589,205 S 2081,8293 6576,9277 21234,412 6334,1733 4712,482 8188,8916
1,9719999 B 1744,1372 7951,4355 9927,007 14906,334 9050,921 9589,205 S 2081,8293 6576,9277 21234,412 6334,1733 4712,482 8188,8916
1,9720004 B 1744,1372 7951,4355 9927,007 14906,334 9050,921 9589,205 S 2081,8293 6576,9277 21234,412 6334,1733 4712,482 8188,8916
1,9728858 B 1744,1372 7951,4355 9927,007 14906,334 9050,921 9589,205 S 2081,8293 6576,9277 21234,412 6334,1733 4712,482 8188,8916
1,973 B 1744,1372 7951,4355 9927,007 14906,334 9050,921 9589,205 S 2081,8293 6576,9277 21234,412 6334,1733 4712,482 8188,8916
1,973 B 1744,1372 7951,4355 9927,007 14906,334 9050,921 9589,205 S 2081,8293 6576,9277 21234,412 6334,1733 4712,482 8188,8916
1,9730777 B 1744,1372 7951,4355 9927,007 14906,334 9050,921 9589,205 S 2081,8293 6576,9277 21234,412 6334,1733 4712,482 8188,8916
1,975 B 1744,1372 7951,4355 9927,007 14906,334 9050,921 9589,205 S 2081,8293 6576,9277 21234,412 6334,1733 4712,482 8188,8916
1,9750003 B 1744,1372 7951,4355 9927,007 14906,334 9050,921 9589,205 S 2081,8293 6576,9277 21234,412 6334,1733 4712,482 8188,8916
1,9749995 B 1744,1372 7951,4355 9927,007 14906,334 9050,921 9589,205 S 2081,8293 6576,9277 21234,412 6334,1733 4712,482 8188,8916
1,9758171 B 1744,1372 7951,4355 9927,007 14906,334 9050,921 9589,205 S 2081,8293 6576,9277 21234,412 6334,1733 4712,482 8188,8916
1,9760002 B 1744,1372 7951,4355 9927,007 14906,334 9050,921 9589,205 S 2081,8293 6576,9277 21234,412 6334,1733 4712,482 8188,8916
1,9760004 B 1744,1372 7951,4355 9927,007 14906,334 9050,921 9589,205 S 2081,8293 6576,9277 21234,412 6334,1733 4712,482 8188,8916
1,9760002 B 1744,1372 7951,4355 9927,007 14906,334 9050,921 9589,205 S 2081,8293 6576,9277 21234,412 6334,1733 4712,482 8188,8916
1,9759997 B 1744,1372 7951,4355 9927,007 14906,334 9050,921 9589,205 S 2081,8293 6576,9277 21234,412 6334,1733 4712,482 8188,8916
1,9760002 B 1744,1372 7951,4355 9927,007 14906,334 9050,921 9589,205 S 2081,8293 6576,9277 21234,412 6334,1733 4712,482 8188,8916
1,9757798 B 1744,1372 7951,4355 9927,007 14906,334 9050,921 9589,205 S 2081,8293 6576,9277 21234,412 6334,1733 4712,482 8188,8916
1,9749999 B 1744,1372 7951,4355 9927,007 14906,334 9050,921 9589,205 S 2081,8293 6576,9277 21234,412 6334,1733 4712,482 8188,8916
1,975 B 1744,1372 7951,4355 9927,007 14906,334 9050,921 9589,205 S 2081,8293 6576,9277 21234,412 6334,1733 4712,482 8188,8916
1,9750001 B 1744,1372 7951,4355 9927,007 14906,334 9050,921 9589,205 S 2081,8293 6576,9277 21234,412 6334,1733 4712,482 8188,8916
1,9750001 B 1744,1372 7951,4355 9927,007 14906,334 9050,921 9589,205 S 2081,8293 6576,9277 21234,412 6334,1733 4712,482 8188,8916
1,9749999 B 1744,1372 7951,4355 9927,007 14906,334 9050,921 9589,205 S 2081,8293 6576,9277 21234,412 6334,1733 4712,482 8188,8916
1,9764673 B 1744,1372 7951,4355 9927,007 14906,334 9050,921 9589,205 S 2081,8293 6576,9277 21234,412 6334,1733 4712,482 8188,8916
1,9770005 B 1744,1372 7951,4355 9927,007 14906,334 9050,921 9589,205 S 2081,8293 6576,9277 21234,412 6334,1733 4712,482 8188,8916
1,9749955 B 1744,1372 7951,4355 9927,007 14906,334 9050,921 9589,205 S 2081,8293 6576,9277 21234,412 6334,1733 4712,482 8188,8916
1,9740002 B 1744,1372 7951,4355 9927,007 14906,334 9050,921 9589,205 S 2081,8293 6576,9277 21234,412 6334,1733 4712,482 8188,8916
1,9740003 B 1744,1372 7951,4355 9927,007 14906,334 9050,921 9589,205 S 2081,8293 6576,9277 21234,412 6334,1733 4712,482 8188,8916
1,9740007 B 1744,1372 7951,4355 9927,007 14906,334 9050,921 9589,205 S 2081,8293 6576,9277 21234,412 6334,1733 4712,482 8188,8916
1,9731973 B 1744,1372 7951,4355 9927,007 14906,334 9050,921 9589,205 S 2081,8293 6576,9277 21234,412 6334,1733 4712,482 8188,8916
1,9729993 B 1744,1372 7951,4355 9927,007 14906,334 9050,921 9589,205 S 2081,8293 6576,9277 21234,412 6334,1733 4712,482 8188,8916
1,9710344 B 1744,1372 7951,4355 9927,007 14906,334 9050,921 9589,205 S 2081,8293 6576,9277 21234,412 6334,1733 4712,482 8188,8916
1,9710003 B 1744,1372 7951,4355 9927,007 14906,334 9050,921 9589,205 S 2081,8293 6576,9277 21234,412 6334,1733 4712,482 8188,8916
1,9709995 B 1744,1372 7951,4355 9927,007 14906,334 9050,921 9589,205 S 2081,8293 6576,9277 21234,412 6334,1733 4712,482 8188,8916
1,971958 B 1744,1372 7951,4355 9927,007 14906,334 9050,921 9589,205 S 2081,8293 6576,9277 21234,412 6334,1733 4712,482 8188,8916
1,9719996 B 1744,1372 7951,4355 9927,007 14906,334 9050,921 9589,205 S 2081,8293 6576,9277 21234,412 6334,1733 4712,482 8188,8916
1,9702543 B 1744,1372 7951,4355 9927,007 14906,334 9050,921 9589,205 S 2081,8293 6576,9277 21234,412 6334,1733 4712,482 8188,8916
1,97 B 1744,1372 7951,4355 9927,007 14906,334 9050,921 9589,205 S 2081,8293 6576,9277 21234,412 6334,1733 4712,482 8188,8916
1,9699998 B 1744,1372 7951,4355 9927,007 14906,334 9050,921 9589,205 S 2081,8293 6576,9277 21234,412 6334,1733 4712,482 8188,8916
1,97 B 1744,1372 7951,4355 9927,007 14906,334 9050,921 9589,205 S 2081,8293 6576,9277 21234,412 6334,1733 4712,482 8188,8916
1,9699998 B 1744,1372 7951,4355 9927,007 14906,334 9050,921 9589,205 S 2081,8293 6576,9277 21234,412 6334,1733 4712,482 8188,8916
1,9700007 B 1744,1372 7951,4355 9927,007 14906,334 9050,921 9589,205 S 2081,8293 6576,9277 21234,412 6334,1733 4712,482 8188,8916
1,97 B 1744,1372 7951,4355 9927,007 14906,334 9050,921 9589,205 S 2081,8293 6576,9277 21234,412 6334,1733 4712,482 8188,8916
1,9700004 B 1744,1372 7951,4355 9927,007 14906,334 9050,921 9589,205 S 2081,8293 6576,9277 21234,412 6334,1733 4712,482 8188,8916
1,9699999 B 1744,1372 7951,4355 9927,007 14906,334 9050,921 9589,205 S 2081,8293 6576,9277 21234,412 6334,1733 4712,482 8188,8916
1,9699999 B 1744,1372 7951,4355 9927,007 14906,334 9050,921 9589,205 S 2081,8293 6576,9277 21234,412 6334,1733 4712,482 8188,8916
1,9699999 B 1744,1372 7951,4355 9927,007 14906,334 9050,921 9589,205 S 2081,8293 6576,9277 21234,412 6334,1733 4712,482 8188,8916
1,9700005 B 1744,1372 7951,4355 9927,007 14906,334 9050,921 9589,205 S 2081,8293 6576,9277 21234,412 6334,1733 4712,482 8188,8916
1,97 B 1744,1372 7951,4355 9927,007 14906,334 9050,921 9589,205 S 2081,8293 6576,9277 21234,412 6334,1733 4712,482 8188,8916
1,9699999 B 1744,1372 7951,4355 9927,007 14906,334 9050,921 9589,205 S 2081,8293 6576,9277 21234,412 6334,1733 4712,482 8188,8916
1,9699997 B 1744,1372 7951,4355 9927,007 14906,334 9050,921 9589,205 S 2081,8293 6576,9277 21234,412 6334,1733 4712,482 8188,8916
1,9699996 B 1744,1372 7951,4355 9927,007 14906,334 9050,921 9589,205 S 2081,8293 6576,9277 21234,412 6334,1733 4712,482 8188,8916
1,9723003 B 1744,1372 7951,4355 9927,007 14906,334 9050,921 9589,205 S 2081,8293 6576,9277 21234,412 6334,1733 4712,482 8188,8916
1,9729995 B 1744,1372 7951,4355 9927,007 14906,334 9050,921 9589,205 S 2081,8293 6576,9277 21234,412 6334,1733 4712,482 8188,8916
1,9729998 B 1744,1372 7951,4355 9927,007 14906,334 9050,921 9589,205 S 2081,8293 6576,9277 21234,412 6334,1733 4712,482 8188,8916
1,9729998 B 1744,1372 7951,4355 9927,007 14906,334 9050,921 9589,205 S 2081,8293 6576,9277 21234,412 6334,1733 4712,482 8188,8916
1,9746794 B 1744,1372 7951,4355 9927,007 14906,334 9050,921 9589,205 S 2081,8293 6576,9277 21234,412 6334,1733 4712,482 8188,8916
