1,9888433
1,9860001 B 577,9378 4975,611 17473,742 8162,232 15779,752 24,950005 S 973,0078 6092,4136 17284,285 11793,429 7195,5186 14774,541
1,9851834 B 577,9378 4975,611 17473,742 8162,232 15779,752 24,950005 S 973,0078 6092,4136 17284,285 11793,429 7195,5186 14774,541
1,9849999 B 577,9378 4975,611 17473,742 8162,232 15779,752 24,950005 S 973,0078 6092,4136 17284,285 11793,429 7195,5186 14774,541
1,9849998 B 577,9378 4975,611 17473,742 8162,232 15779,752 24,950005 S 973,0078 6092,4136 17284,285 11793,429 7195,5186 14774,541
1,9850001 B 577,9378 4975,611 17473,742 8162,232 15779,752 24,950005 S 973,0078 6092,4136 17284,285 11793,429 7195,5186 14774,541
1,9850004 B 577,9378 4975,611 17473,742 8162,232 15779,752 24,950005 S 973,0078 6092,4136 17284,285 11793,429 7195,5186 14774,541
1,9849999 B 577,9378 4975,611 17473,742 8162,232 15779,752 24,950005 S 973,0078 6092,4136 17284,285 11793,429 7195,5186 14774,541
1,9849998 B 577,9378 4975,611 17473,742 8162,232 15779,752 24,950005 S 973,0078 6092,4136 17284,285 11793,429 7195,5186 14774,541
1,985 B 577,9378 4975,611 17473,742 8162,232 15779,752 24,950005 S 973,0078 6092,4136 17284,285 11793,429 7195,5186 14774,541
1,9849994 B 577,9378 4975,611 17473,742 8162,232 15779,752 24,950005 S 973,0078 6092,4136 17284,285 11793,429 7195,5186 14774,541
1,9868938 B 577,9378 4975,611 17473,742 8162,232 15779,752 24,950005 S 973,0078 6092,4136 17284,285 11793,429 7195,5186 14774,541
1,9896495 B 577,9378 4975,611 17473,742 8162,232 15779,752 24,950005 S 973,0078 6092,4136 17284,285 11793,429 7195,5186 14774,541
1,9900005 B 577,9378 4975,611 17473,742 8162,232 15779,752 24,950005 S 973,0078 6092,4136 17284,285 11793,429 7195,5186 14774,541
1,9900002 B 577,9378 4975,611 17473,742 8162,232 15779,752 24,950005 S 973,0078 6092,4136 17284,285 11793,429 7195,5186 14774,541
1,9900002 B 577,9378 4975,611 17473,742 8162,232 15779,752 24,950005 S 973,0078 6092,4136 17284,285 11793,429 7195,5186 14774,541
1,990001 B 577,9378 4975,611 17473,742 8162,232 15779,752 24,950005 S 973,0078 6092,4136 17284,285 11793,429 7195,5186 14774,541
1,9900005 B 577,9378 4975,611 17473,742 8162,232 15779,752 24,950005 S 973,0078 6092,4136 17284,285 11793,429 7195,5186 14774,541
1,9900004 B 577,9378 4975,611 17473,742 8162,232 15779,752 24,950005 S 973,0078 6092,4136 17284,285 11793,429 7195,5186 14774,541
1,9893674 B 577,9378 4975,611 17473,742 8162,232 15779,752 24,950005 S 973,0078 6092,4136 17284,285 11793,429 7195,5186 14774,541
1,988 B 577,9378 4975,611 17473,742 8162,232 15779,752 24,950005 S 973,0078 6092,4136 17284,285 11793,429 7195,5186 14774,541
1,9879998 B 577,9378 4975,611 17473,742 8162,232 15779,752 24,950005 S 973,0078 6092,4136 17284,285 11793,429 7195,5186 14774,541
1,9879998 B 577,9378 4975,611 17473,742 8162,232 15779,752 24,950005 S 973,0078 6092,4136 17284,285 11793,429 7195,5186 14774,541
1,9880005 B 577,9378 4975,611 17473,742 8162,232 15779,752 24,950005 S 973,0078 6092,4136 17284,285 11793,429 7195,5186 14774,541
1,9880002 B 577,9378 4975,611 17473,742 8162,232 15779,752 24,950005 S 973,0078 6092,4136 17284,285 11793,429 7195,5186 14774,541
1,9879997 B 577,9378 4975,611 17473,742 8162,232 15779,752 24,950005 S 973,0078 6092,4136 17284,285 11793,429 7195,5186 14774,541
1,9879991 B 577,9378 4975,611 17473,742 8162,232 15779,752 24,950005 S 973,0078 6092,4136 17284,285 11793,429 7195,5186 14774,541
1,9880004 B 577,9378 4975,611 17473,742 8162,232 15779,752 24,950005 S 973,0078 6092,4136 17284,285 11793,429 7195,5186 14774,541
1,988 B 577,9378 4975,611 17473,742 8162,232 15779,752 24,950005 S 973,0078 6092,4136 17284,285 11793,429 7195,5186 14774,541
1,9880005 B 577,9378 4975,611 17473,742 8162,232 15779,752 24,950005 S 973,0078 6092,4136 17284,285 11793,429 7195,5186 14774,541
1,9880004 B 577,9378 4975,611 17473,742 8162,232 15779,752 24,950005 S 973,0078 6092,4136 17284,285 11793,429 7195,5186 14774,541
1,9879998 B 577,9378 4975,611 17473,742 8162,232 15779,752 24,950005 S 973,0078 6092,4136 17284,285 11793,429 7195,5186 14774,541
1,9880006 B 577,9378 4975,611 17473,742 8162,232 15779,752 24,950005 S 973,0078 6092,4136 17284,285 11793,429 7195,5186 14774,541
1,9880002 B 577,9378 4975,611 17473,742 8162,232 15779,752 24,950005 S 973,0078 6092,4136 17284,285 11793,429 7195,5186 14774,541
1,9880006 B 577,9378 4975,611 17473,742 8162,232 15779,752 24,950005 S 973,0078 6092,4136 17284,285 11793,429 7195,5186 14774,541
1,988 B 577,9378 4975,611 17473,742 8162,232 15779,752 24,950005 S 973,0078 6092,4136 17284,285 11793,429 7195,5186 14774,541
1,9880003 B 577,9378 4975,611 17473,742 8162,232 15779,752 24,950005 S 973,0078 6092,4136 17284,285 11793,429 7195,5186 14774,541
1,9880003 B 577,9378 4975,611 17473,742 8162,232 15779,752 24,950005 S 973,0078 6092,4136 17284,285 11793,429 7195,5186 14774,541
1,9879997 B 577,9378 4975,611 17473,742 8162,232 15779,752 24,950005 S 973,0078 6092,4136 17284,285 11793,429 7195,5186 14774,541
1,9879997 B 577,9378 4975,611 17473,742 8162,232 15779,752 24,950005 S 973,0078 6092,4136 17284,285 11793,429 7195,5186 14774,541
1,9889573 B 577,9378 4975,611 17473,742 8162,232 15779,752 24,950005 S 973,0078 6092,4136 17284,285 11793,429 7195,5186 14774,541
1,989 B 577,9378 4975,611 17473,742 8162,232 15779,752 24,950005 S 973,0078 6092,4136 17284,285 11793,429 7195,5186 14774,541
1,9890003 B 577,9378 4975,611 17473,742 8162,232 15779,752 24,950005 S 973,0078 6092,4136 17284,285 11793,429 7195,5186 14774,541
1,9889998 B 577,9378 4975,611 17473,742 8162,232 15779,752 24,950005 S 973,0078 6092,4136 17284,285 11793,429 7195,5186 14774,541
1,9889997 B 577,9378 4975,611 17473,742 8162,232 15779,752 24,950005 S 973,0078 6092,4136 17284,285 11793,429 7195,5186 14774,541
1,989 B 577,9378 4975,611 17473,742 8162,232 15779,752 24,950005 S 973,0078 6092,4136 17284,285 11793,429 7195,5186 14774,541
1,9889996 B 577,9378 4975,611 17473,742 8162,232 15779,752 24,950005 S 973,0078 6092,4136 17284,285 11793,429 7195,5186 14774,541
1,989 B 577,9378 4975,611 17473,742 8162,232 15779,752 24,950005 S 973,0078 6092,4136 17284,285 11793,429 7195,5186 14774,541
1,9889996 B 577,9378 4975,611 17473,742 8162,232 15779,752 24,950005 S 973,0078 6092,4136 17284,285 11793,429 7195,5186 14774,541
1,9891965 B 577,9378 4975,611 17473,742 8162,232 15779,752 24,950005 S 973,0078 6092,4136 17284,285 11793,429 7195,5186 14774,541
1,9900002 B 577,9378 4975,611 17473,742 8162,232 15779,752 24,950005 S 973,0078 6092,4136 17284,285 11793,429 7195,5186 14774,541
1,9900004 B 577,9378 4975,611 17473,742 8162,232 15779,752 24,950005 S 973,0078 6092,4136 17284,285 11793,429 7195,5186 14774,541
1,99 B 577,9378 4975,611 17473,742 8162,232 15779,752 24,950005 S 973,0078 6092,4136 17284,285 11793,429 7195,5186 14774,541
1,9897963 B 577,9378 4975,611 17473,742 8162,232 15779,752 24,950005 S 973,0078 6092,4136 17284,285 11793,429 7195,5186 14774,541
1,9889998 B 577,9378 4975,611 17473,742 8162,232 15779,752 24,950005 S 973,0078 6092,4136 17284,285 11793,429 7195,5186 14774,541
1,9890006 B 577,9378 4975,611 17473,742 8162,232 15779,752 24,950005 S 973,0078 6092,4136 17284,285 11793,429 7195,5186 14774,541
1,9889996 B 577,9378 4975,611 17473,742 8162,232 15779,752 24,950005 S 973,0078 6092,4136 17284,285 11793,429 7195,5186 14774,541
1,9889992 B 577,9378 4975,611 17473,742 8162,232 15779,752 24,950005 S 973,0078 6092,4136 17284,285 11793,429 7195,5186 14774,541
1,9890002 B 577,9378 4975,611 17473,742 8162,232 15779,752 24,950005 S 973,0078 6092,4136 17284,285 11793,429 7195,5186 14774,541
1,9889998 B 577,9378 4975,611 17473,742 8162,232 15779,752 24,950005 S 973,0078 6092,4136 17284,285 11793,429 7195,5186 14774,541
1,9889997 B 577,9378 4975,611 17473,742 8162,232 15779,752 24,950005 S 973,0078 6092,4136 17284,285 11793,429 7195,5186 14774,541
1,9890001 B 577,9378 4975,611 17473,742 8162,232 15779,752 24,950005 S 973,0078 6092,4136 17284,285 11793,429 7195,5186 14774,541
1,989 B 577,9378 4975,611 17473,742 8162,232 15779,752 24,950005 S 973,0078 6092,4136 17284,285 11793,429 7195,5186 14774,541
1,9890002 B 577,9378 4975,611 17473,742 8162,232 15779,752 24,950005 S 973,0078 6092,4136 17284,285 11793,429 7195,5186 14774,541
1,989 B 577,9378 4975,611 17473,742 8162,232 15779,752 24,950005 S 973,0078 6092,4136 17284,285 11793,429 7195,5186 14774,541
1,9890004 B 577,9378 4975,611 17473,742 8162,232 15779,752 24,950005 S 973,0078 6092,4136 17284,285 11793,429 7195,5186 14774,541
1,9894357 B 577,9378 4975,611 17473,742 8162,232 15779,752 24,950005 S 973,0078 6092,4136 17284,285 11793,429 7195,5186 14774,541
1,9900004 B 577,9378 4975,611 17473,742 8162,232 15779,752 24,950005 S 973,0078 6092,4136 17284,285 11793,429 7195,5186 14774,541
1,9900002 B 577,9378 4975,611 17473,742 8162,232 15779,752 24,950005 S 973,0078 6092,4136 17284,285 11793,429 7195,5186 14774,541
1,9900002 B 577,9378 4975,611 17473,742 8162,232 15779,752 24,950005 S 973,0078 6092,4136 17284,285 11793,429 7195,5186 14774,541
1,9900001 B 577,9378 4975,611 17473,742 8162,232 15779,752 24,950005 S 973,0078 6092,4136 17284,285 11793,429 7195,5186 14774,541
1,9900001 B 577,9378 4975,611 17473,742 8162,232 15779,752 24,950005 S 973,0078 6092,4136 17284,285 11793,429 7195,5186 14774,541
1,99 B 577,9378 4975,611 17473,742 8162,232 15779,752 24,950005 S 973,0078 6092,4136 17284,285 11793,429 7195,5186 14774,541
1,9900005 B 577,9378 4975,611 17473,742 8162,232 15779,752 24,950005 S 973,0078 6092,4136 17284,285 11793,429 7195,5186 14774,541
1,9903812 B 577,9378 4975,611 17473,742 8162,232 15779,752 24,950005 S 973,0078 6092,4136 17284,285 11793,429 7195,5186 14774,541
1,9919997 B 577,9378 4975,611 17473,742 8162,232 15779,752 24,950005 S 973,0078 6092,4136 17284,285 11793,429 7195,5186 14774,541
1,9920001 B 577,9378 4975,611 17473,742 8162,232 15779,752 24,950005 S 973,0078 6092,4136 17284,285 11793,429 7195,5186 14774,541
1,9919999 B 577,9378 4975,611 17473,742 8162,232 15779,752 24,950005 S 973,0078 6092,4136 17284,285 11793,429 7195,5186 14774,541
1,9919994 B 577,9378 4975,611 17473,742 8162,232 15779,752 24,950005 S 973,0078 6092,4136 17284,285 11793,429 7195,5186 14774,541
1,992 B 577,9378 4975,611 17473,742 8162,232 15779,752 24,950005 S 973,0078 6092,4136 17284,285 11793,429 7195,5186 14774,541
1,9919999 B 577,9378 4975,611 17473,742 8162,232 15779,752 24,950005 S 973,0078 6092,4136 17284,285 11793,429 7195,5186 14774,541
1,9920002 B 577,9378 4975,611 17473,742 8162,232 15779,752 24,950005 S 973,0078 6092,4136 17284,285 11793,429 7195,5186 14774,541
1,9919995 B 577,9378 4975,611 17473,742 8162,232 15779,752 24,950005 S 973,0078 6092,4136 17284,285 11793,429 7195,5186 14774,541
1,9923383 B 577,9378 4975,611 17473,742 8162,232 15779,752 24,950005 S 973,0078 6092,4136 17284,285 11793,429 7195,5186 14774,541
1,994 B 577,9378 4975,611 17473,742 8162,232 15779,752 24,950005 S 973,0078 6092,4136 17284,285 11793,429 7195,5186 14774,541
1,9940002 B 577,9378 4975,611 17473,742 8162,232 15779,752 24,950005 S 973,0078 6092,4136 17284,285 11793,429 7195,5186 14774,541
1,994 B 577,9378 4975,611 17473,742 8162,232 15779,752 24,950005 S 973,0078 6092,4136 17284,285 11793,429 7195,5186 14774,541
1,9939995 B 577,9378 4975,611 17473,742 8162,232 15779,752 24,950005 S 973,0078 6092,4136 17284,285 11793,429 7195,5186 14774,541
1,9931563 B 577,9378 4975,611 17473,742 8162,232 15779,752 24,950005 S 973,0078 6092,4136 17284,285 11793,429 7195,5186 14774,541
1,9930003 B 577,9378 4975,611 17473,742 8162,232 15779,752 24,950005 S 973,0078 6092,4136 17284,285 11793,429 7195,5186 14774,541
1,9930004 B 577,9378 4975,611 17473,742 8162,232 15779,752 24,950005 S 973,0078 6092,4136 17284,285 11793,429 7195,5186 14774,541
1,9930004 B 577,9378 4975,611 17473,742 8162,232 15779,752 24,950005 S 973,0078 6092,4136 17284,285 11793,429 7195,5186 14774,541
1,9929997 B 577,9378 4975,611 17473,742 8162,232 15779,752 24,950005 S 973,0078 6092,4136 17284,285 11793,429 7195,5186 14774,541
1,9929999 B 577,9378 4975,611 17473,742 8162,232 15779,752 24,950005 S 973,0078 6092,4136 17284,285 11793,429 7195,5186 14774,541
1,993 B 577,9378 4975,611 17473,742 8162,232 15779,752 24,950005 S 973,0078 6092,4136 17284,285 11793,429 7195,5186 14774,541
1,9930001 B 577,9378 4975,611 17473,742 8162,232 15779,752 24,950005 S 973,0078 6092,4136 17284,285 11793,429 7195,5186 14774,541
1,9930004 B 577,9378 4975,611 17473,742 8162,232 15779,752 24,950005 S 973,0078 6092,4136 17284,285 11793,429 7195,5186 14774,541
1,993 B 577,9378 4975,611 17473,742 8162,232 15779,752 24,950005 S 973,0078 6092,4136 17284,285 11793,429 7195,5186 14774,541
1,9930004 B 577,9378 4975,611 17473,742 8162,232 15779,752 24,950005 S 973,0078 6092,4136 17284,285 11793,429 7195,5186 14774,541
1,9930005 B 577,9378 4975,611 17473,742 8162,232 15779,752 24,950005 S 973,0078 6092,4136 17284,285 11793,429 7195,5186 14774,541
1,9930004 B 577,9378 4975,611 17473,742 8162,232 15779,752 24,950005 S 973,0078 6092,4136 17284,285 11793,429 7195,5186 14774,541
1,9930003 B 577,9378 4975,611 17473,742 8162,232 15779,752 24,950005 S 973,0078 6092,4136 17284,285 11793,429 7195,5186 14774,541
1,993 B 577,9378 4975,611 17473,742 8162,232 15779,752 24,950005 S 973,0078 6092,4136 17284,285 11793,429 7195,5186 14774,541
1,9929996 B 577,9378 4975,611 17473,742 8162,232 15779,752 24,950005 S 973,0078 6092,4136 17284,285 11793,429 7195,5186 14774,541
1,9939649 B 577,9378 4975,611 17473,742 8162,232 15779,752 24,950005 S 973,0078 6092,4136 17284,285 11793,429 7195,5186 14774,541
1,996 B 577,9378 4975,611 17473,742 8162,232 15779,752 24,950005 S 973,0078 6092,4136 17284,285 11793,429 7195,5186 14774,541
1,9968543 B 577,9378 4975,611 17473,742 8162,232 15779,752 24,950005 S 973,0078 6092,4136 17284,285 11793,429 7195,5186 14774,541
1,9969997 B 577,9378 4975,611 17473,742 8162,232 15779,752 24,950005 S 973,0078 6092,4136 17284,285 11793,429 7195,5186 14774,541
1,9967092 B 577,9378 4975,611 17473,742 8162,232 15779,752 24,950005 S 973,0078 6092,4136 17284,285 11793,429 7195,5186 14774,541
1,996 B 577,9378 4975,611 17473,742 8162,232 15779,752 24,950005 S 973,0078 6092,4136 17284,285 11793,429 7195,5186 14774,541
1,9960002 B 577,9378 4975,611 17473,742 8162,232 15779,752 24,950005 S 973,0078 6092,4136 17284,285 11793,429 7195,5186 14774,541
1,9959998 B 577,9378 4975,611 17473,742 8162,232 15779,752 24,950005 S 973,0078 6092,4136 17284,285 11793,429 7195,5186 14774,541
1,9960005 B 577,9378 4975,611 17473,742 8162,232 15779,752 24,950005 S 973,0078 6092,4136 17284,285 11793,429 7195,5186 14774,541
1,996 B 577,9378 4975,611 17473,742 8162,232 15779,752 24,950005 S 973,0078 6092,4136 17284,285 11793,429 7195,5186 14774,541
1,9960004 B 577,9378 4975,611 17473,742 8162,232 15779,752 24,950005 S 973,0078 6092,4136 17284,285 11793,429 7195,5186 14774,541
1,996 B 577,9378 4975,611 17473,742 8162,232 15779,752 24,950005 S 973,0078 6092,4136 17284,285 11793,429 7195,5186 14774,541
1,9960002 B 577,9378 4975,611 17473,742 8162,232 15779,752 24,950005 S 973,0078 6092,4136 17284,285 11793,429 7195,5186 14774,541
1,9959998 B 577,9378 4975,611 17473,742 8162,232 15779,752 24,950005 S 973,0078 6092,4136 17284,285 11793,429 7195,5186 14774,541
1,9967679 B 577,9378 4975,611 17473,742 8162,232 15779,752 24,950005 S 973,0078 6092,4136 17284,285 11793,429 7195,5186 14774,541
1,9970003 B 577,9378 4975,611 17473,742 8162,232 15779,752 24,950005 S 973,0078 6092,4136 17284,285 11793,429 7195,5186 14774,541
1,9970006 B 577,9378 4975,611 17473,742 8162,232 15779,752 24,950005 S 973,0078 6092,4136 17284,285 11793,429 7195,5186 14774,541
1,9970003 B 577,9378 4975,611 17473,742 8162,232 15779,752 24,950005 S 973,0078 6092,4136 17284,285 11793,429 7195,5186 14774,541
1,9970008 B 577,9378 4975,611 17473,742 8162,232 15779,752 24,950005 S 973,0078 6092,4136 17284,285 11793,429 7195,5186 14774,541
1,9970005 B 577,9378 4975,611 17473,742 8162,232 15779,752 24,950005 S 973,0078 6092,4136 17284,285 11793,429 7195,5186 14774,541
1,996237 B 577,9378 4975,611 17473,742 8162,232 15779,752 24,950005 S 973,0078 6092,4136 17284,285 11793,429 7195,5186 14774,541
1,9960003 B 577,9378 4975,611 17473,742 8162,232 15779,752 24,950005 S 973,0078 6092,4136 17284,285 11793,429 7195,5186 14774,541
1,996 B 577,9378 4975,611 17473,742 8162,232 15779,752 24,950005 S 973,0078 6092,4136 17284,285 11793,429 7195,5186 14774,541
1,9960003 B 577,9378 4975,611 17473,742 8162,232 15779,752 24,950005 S 973,0078 6092,4136 17284,285 11793,429 7195,5186 14774,541
1,9959999 B 577,9378 4975,611 17473,742 8162,232 15779,752 24,950005 S 973,0078 6092,4136 17284,285 11793,429 7195,5186 14774,541
1,9959998 B 577,9378 4975,611 17473,742 8162,232 15779,752 24,950005 S 973,0078 6092,4136 17284,285 11793,429 7195,5186 14774,541
1,9923952 B 577,9378 4975,611 17473,742 8162,232 15779,752 24,950005 S 973,0078 6092,4136 17284,285 11793,429 7195,5186 14774,541
1,991999 B 577,9378 4975,611 17473,742 8162,232 15779,752 24,950005 S 973,0078 6092,4136 17284,285 11793,429 7195,5186 14774,541
1,9919999 B 577,9378 4975,611 17473,742 8162,232 15779,752 24,950005 S 973,0078 6092,4136 17284,285 11793,429 7195,5186 14774,541
1,9926145 B 577,9378 4975,611 17473,742 8162,232 15779,752 24,950005 S 973,0078 6092,4136 17284,285 11793,429 7195,5186 14774,541
1,9929994 B 577,9378 4975,611 17473,742 8162,232 15779,752 24,950005 S 973,0078 6092,4136 17284,285 11793,429 7195,5186 14774,541
1,9929999 B 577,9378 4975,611 17473,742 8162,232 15779,752 24,950005 S 973,0078 6092,4136 17284,285 11793,429 7195,5186 14774,541
1,993 B 577,9378 4975,611 17473,742 8162,232 15779,752 24,950005 S 973,0078 6092,4136 17284,285 11793,429 7195,5186 14774,541
1,9929997 B 577,9378 4975,611 17473,742 8162,232 15779,752 24,950005 S 973,0078 6092,4136 17284,285 11793,429 7195,5186 14774,541
1,9933132 B 577,9378 4975,611 17473,742 8162,232 15779,752 24,950005 S 973,0078 6092,4136 17284,285 11793,429 7195,5186 14774,541
1,9939997 B 577,9378 4975,611 17473,742 8162,232 15779,752 24,950005 S 973,0078 6092,4136 17284,285 11793,429 7195,5186 14774,541
1,9940001 B 577,9378 4975,611 17473,742 8162,232 15779,752 24,950005 S 973,0078 6092,4136 17284,285 11793,429 7195,5186 14774,541
1,9936926 B 577,9378 4975,611 17473,742 8162,232 15779,752 24,950005 S 973,0078 6092,4136 17284,285 11793,429 7195,5186 14774,541
1,993 B 577,9378 4975,611 17473,742 8162,232 15779,752 24,950005 S 973,0078 6092,4136 17284,285 11793,429 7195,5186 14774,541
1,9929999 B 577,9378 4975,611 17473,742 8162,232 15779,752 24,950005 S 973,0078 6092,4136 17284,285 11793,429 7195,5186 14774,541
1,9930001 B 577,9378 4975,611 17473,742 8162,232 15779,752 24,950005 S 973,0078 6092,4136 17284,285 11793,429 7195,5186 14774,541
1,9904958 B 577,9378 4975,611 17473,742 8162,232 15779,752 24,950005 S 973,0078 6092,4136 17284,285 11793,429 7195,5186 14774,541
1,988 B 577,9378 4975,611 17473,742 8162,232 15779,752 24,950005 S 973,0078 6092,4136 17284,285 11793,429 7195,5186 14774,541
1,9880003 B 577,9378 4975,611 17473,742 8162,232 15779,752 24,950005 S 973,0078 6092,4136 17284,285 11793,429 7195,5186 14774,541
1,9880577 B 577,9378 4975,611 17473,742 8162,232 15779,752 24,950005 S 973,0078 6092,4136 17284,285 11793,429 7195,5186 14774,541
1,9890003 B 577,9378 4975,611 17473,742 8162,232 15779,752 24,950005 S 973,0078 6092,4136 17284,285 11793,429 7195,5186 14774,541
1,9890001 B 577,9378 4975,611 17473,742 8162,232 15779,752 24,950005 S 973,0078 6092,4136 17284,285 11793,429 7195,5186 14774,541
1,9889998 B 577,9378 4975,611 17473,742 8162,232 15779,752 24,950005 S 973,0078 6092,4136 17284,285 11793,429 7195,5186 14774,541
1,9889995 B 577,9378 4975,611 17473,742 8162,232 15779,752 24,950005 S 973,0078 6092,4136 17284,285 11793,429 7195,5186 14774,541
1,989 B 577,9378 4975,611 17473,742 8162,232 15779,752 24,950005 S 973,0078 6092,4136 17284,285 11793,429 7195,5186 14774,541
1,9889992 B 577,9378 4975,611 17473,742 8162,232 15779,752 24,950005 S 973,0078 6092,4136 17284,285 11793,429 7195,5186 14774,541
1,9890001 B 577,9378 4975,611 17473,742 8162,232 15779,752 24,950005 S 973,0078 6092,4136 17284,285 11793,429 7195,5186 14774,541
1,9889997 B 577,9378 4975,611 17473,742 8162,232 15779,752 24,950005 S 973,0078 6092,4136 17284,285 11793,429 7195,5186 14774,541
1,9890002 B 577,9378 4975,611 17473,742 8162,232 15779,752 24,950005 S 973,0078 6092,4136 17284,285 11793,429 7195,5186 14774,541
1,9890004 B 577,9378 4975,611 17473,742 8162,232 15779,752 24,950005 S 973,0078 6092,4136 17284,285 11793,429 7195,5186 14774,541
1,9889997 B 577,9378 4975,611 17473,742 8162,232 15779,752 24,950005 S 973,0078 6092,4136 17284,285 11793,429 7195,5186 14774,541
1,9889996 B 577,9378 4975,611 17473,742 8162,232 15779,752 24,950005 S 973,0078 6092,4136 17284,285 11793,429 7195,5186 14774,541
1,9890002 B 577,9378 4975,611 17473,742 8162,232 15779,752 24,950005 S 973,0078 6092,4136 17284,285 11793,429 7195,5186 14774,541
1,9890001 B 577,9378 4975,611 17473,742 8162,232 15779,752 24,950005 S 973,0078 6092,4136 17284,285 11793,429 7195,5186 14774,541
1,9889997 B 577,9378 4975,611 17473,742 8162,232 15779,752 24,950005 S 973,0078 6092,4136 17284,285 11793,429 7195,5186 14774,541
1,9889996 B 577,9378 4975,611 17473,742 8162,232 15779,752 24,950005 S 973,0078 6092,4136 17284,285 11793,429 7195,5186 14774,541
1,9890002 B 577,9378 4975,611 17473,742 8162,232 15779,752 24,950005 S 973,0078 6092,4136 17284,285 11793,429 7195,5186 14774,541
1,9889998 B 577,9378 4975,611 17473,742 8162,232 15779,752 24,950005 S 973,0078 6092,4136 17284,285 11793,429 7195,5186 14774,541
1,9890004 B 577,9378 4975,611 17473,742 8162,232 15779,752 24,950005 S 973,0078 6092,4136 17284,285 11793,429 7195,5186 14774,541
1,9890003 B 577,9378 4975,611 17473,742 8162,232 15779,752 24,950005 S 973,0078 6092,4136 17284,285 11793,429 7195,5186 14774,541
1,9889997 B 577,9378 4975,611 17473,742 8162,232 15779,752 24,950005 S 973,0078 6092,4136 17284,285 11793,429 7195,5186 14774,541
1,9890001 B 577,9378 4975,611 17473,742 8162,232 15779,752 24,950005 S 973,0078 6092,4136 17284,285 11793,429 7195,5186 14774,541
1,9890004 B 577,9378 4975,611 17473,742 8162,232 15779,752 24,950005 S 973,0078 6092,4136 17284,285 11793,429 7195,5186 14774,541
1,9889998 B 577,9378 4975,611 17473,742 8162,232 15779,752 24,950005 S 973,0078 6092,4136 17284,285 11793,429 7195,5186 14774,541
1,9890001 B 577,9378 4975,611 17473,742 8162,232 15779,752 24,950005 S 973,0078 6092,4136 17284,285 11793,429 7195,5186 14774,541
1,9890001 B 577,9378 4975,611 17473,742 8162,232 15779,752 24,950005 S 973,0078 6092,4136 17284,285 11793,429 7195,5186 14774,541
1,9888788 B 577,9378 4975,611 17473,742 8162,232 15779,752 24,950005 S 973,0078 6092,4136 17284,285 11793,429 7195,5186 14774,541
1,9860002 B 577,9378 4975,611 17473,742 8162,232 15779,752 24,950005 S 973,0078 6092,4136 17284,285 11793,429 7195,5186 14774,541
1,986 B 577,9378 4975,611 17473,742 8162,232 15779,752 24,950005 S 973,0078 6092,4136 17284,285 11793,429 7195,5186 14774,541
1,986 B 577,9378 4975,611 17473,742 8162,232 15779,752 24,950005 S 973,0078 6092,4136 17284,285 11793,429 7195,5186 14774,541
1,9859992 B 577,9378 4975,611 17473,742 8162,232 15779,752 24,950005 S 973,0078 6092,4136 17284,285 11793,429 7195,5186 14774,541
1,9855888 B 577,9378 4975,611 17473,742 8162,232 15779,752 24,950005 S 973,0078 6092,4136 17284,285 11793,429 7195,5186 14774,541
1,9849998 B 577,9378 4975,611 17473,742 8162,232 15779,752 24,950005 S 973,0078 6092,4136 17284,285 11793,429 7195,5186 14774,541
1,984565 B 577,9378 4975,611 17473,742 8162,232 15779,752 24,950005 S 973,0078 6092,4136 17284,285 11793,429 7195,5186 14774,541
1,9839998 B 577,9378 4975,611 17473,742 8162,232 15779,752 24,950005 S 973,0078 6092,4136 17284,285 11793,429 7195,5186 14774,541
1,984 B 577,9378 4975,611 17473,742 8162,232 15779,752 24,950005 S 973,0078 6092,4136 17284,285 11793,429 7195,5186 14774,541
1,984 B 577,9378 4975,611 17473,742 8162,232 15779,752 24,950005 S 973,0078 6092,4136 17284,285 11793,429 7195,5186 14774,541
1,9840001 B 577,9378 4975,611 17473,742 8162,232 15779,752 24,950005 S 973,0078 6092,4136 17284,285 11793,429 7195,5186 14774,541
1,9840006 B 577,9378 4975,611 17473,742 8162,232 15779,752 24,950005 S 973,0078 6092,4136 17284,285 11793,429 7195,5186 14774,541
1,9839995 B 577,9378 4975,611 17473,742 8162,232 15779,752 24,950005 S 973,0078 6092,4136 17284,285 11793,429 7195,5186 14774,541
1,9840004 B 577,9378 4975,611 17473,742 8162,232 15779,752 24,950005 S 973,0078 6092,4136 17284,285 11793,429 7195,5186 14774,541
1,9840004 B 577,9378 4975,611 17473,742 8162,232 15779,752 24,950005 S 973,0078 6092,4136 17284,285 11793,429 7195,5186 14774,541
1,984 B 577,9378 4975,611 17473,742 8162,232 15779,752 24,950005 S 973,0078 6092,4136 17284,285 11793,429 7195,5186 14774,541
1,9840001 B 577,9378 4975,611 17473,742 8162,232 15779,752 24,950005 S 973,0078 6092,4136 17284,285 11793,429 7195,5186 14774,541
1,9839994 B 577,9378 4975,611 17473,742 8162,232 15779,752 24,950005 S 973,0078 6092,4136 17284,285 11793,429 7195,5186 14774,541
1,984 B 577,9378 4975,611 17473,742 8162,232 15779,752 24,950005 S 973,0078 6092,4136 17284,285 11793,429 7195,5186 14774,541
1,9839997 B 577,9378 4975,611 17473,742 8162,232 15779,752 24,950005 S 973,0078 6092,4136 17284,285 11793,429 7195,5186 14774,541
1,984 B 577,9378 4975,611 17473,742 8162,232 15779,752 24,950005 S 973,0078 6092,4136 17284,285 11793,429 7195,5186 14774,541
1,9839996 B 577,9378 4975,611 17473,742 8162,232 15779,752 24,950005 S 973,0078 6092,4136 17284,285 11793,429 7195,5186 14774,541
1,9839993 B 577,9378 4975,611 17473,742 8162,232 15779,752 24,950005 S 973,0078 6092,4136 17284,285 11793,429 7195,5186 14774,541
1,9840001 B 577,9378 4975,611 17473,742 8162,232 15779,752 24,950005 S 973,0078 6092,4136 17284,285 11793,429 7195,5186 14774,541
1,9840006 B 577,9378 4975,611 17473,742 8162,232 15779,752 24,950005 S 973,0078 6092,4136 17284,285 11793,429 7195,5186 14774,541
1,9839997 B 577,9378 4975,611 17473,742 8162,232 15779,752 24,950005 S 973,0078 6092,4136 17284,285 11793,429 7195,5186 14774,541
1,984327 B 577,9378 4975,611 17473,742 8162,232 15779,752 24,950005 S 973,0078 6092,4136 17284,285 11793,429 7195,5186 14774,541
1,9850004 B 577,9378 4975,611 17473,742 8162,232 15779,752 24,950005 S 973,0078 6092,4136 17284,285 11793,429 7195,5186 14774,541
1,985 B 577,9378 4975,611 17473,742 8162,232 15779,752 24,950005 S 973,0078 6092,4136 17284,285 11793,429 7195,5186 14774,541
1,9852372 B 577,9378 4975,611 17473,742 8162,232 15779,752 24,950005 S 973,0078 6092,4136 17284,285 11793,429 7195,5186 14774,541
1,9860007 B 577,9378 4975,611 17473,742 8162,232 15779,752 24,950005 S 973,0078 6092,4136 17284,285 11793,429 7195,5186 14774,541
1,9859996 B 577,9378 4975,611 17473,742 8162,232 15779,752 24,950005 S 973,0078 6092,4136 17284,285 11793,429 7195,5186 14774,541
1,986 B 577,9378 4975,611 17473,742 8162,232 15779,752 24,950005 S 973,0078 6092,4136 17284,285 11793,429 7195,5186 14774,541
1,9860001 B 577,9378 4975,611 17473,742 8162,232 15779,752 24,950005 S 973,0078 6092,4136 17284,285 11793,429 7195,5186 14774,541
1,9860003 B 577,9378 4975,611 17473,742 8162,232 15779,752 24,950005 S 973,0078 6092,4136 17284,285 11793,429 7195,5186 14774,541
1,9851342 B 577,9378 4975,611 17473,742 8162,232 15779,752 24,950005 S 973,0078 6092,4136 17284,285 11793,429 7195,5186 14774,541
1,9830004 B 577,9378 4975,611 17473,742 8162,232 15779,752 24,950005 S 973,0078 6092,4136 17284,285 11793,429 7195,5186 14774,541
1,9830004 B 577,9378 4975,611 17473,742 8162,232 15779,752 24,950005 S 973,0078 6092,4136 17284,285 11793,429 7195,5186 14774,541
1,9829998 B 577,9378 4975,611 17473,742 8162,232 15779,752 24,950005 S 973,0078 6092,4136 17284,285 11793,429 7195,5186 14774,541
1,9823413 B 577,9378 4975,611 17473,742 8162,232 15779,752 24,950005 S 973,0078 6092,4136 17284,285 11793,429 7195,5186 14774,541
1,9820005 B 577,9378 4975,611 17473,742 8162,232 15779,752 24,950005 S 973,0078 6092,4136 17284,285 11793,429 7195,5186 14774,541
1,9820005 B 577,9378 4975,611 17473,742 8162,232 15779,752 24,950005 S 973,0078 6092,4136 17284,285 11793,429 7195,5186 14774,541
1,9820001 B 577,9378 4975,611 17473,742 8162,232 15779,752 24,950005 S 973,0078 6092,4136 17284,285 11793,429 7195,5186 14774,541
1,9819995 B 577,9378 4975,611 17473,742 8162,232 15779,752 24,950005 S 973,0078 6092,4136 17284,285 11793,429 7195,5186 14774,541
1,9820001 B 577,9378 4975,611 17473,742 8162,232 15779,752 24,950005 S 973,0078 6092,4136 17284,285 11793,429 7195,5186 14774,541
1,9820001 B 577,9378 4975,611 17473,742 8162,232 15779,752 24,950005 S 973,0078 6092,4136 17284,285 11793,429 7195,5186 14774,541
1,9820002 B 577,9378 4975,611 17473,742 8162,232 15779,752 24,950005 S 973,0078 6092,4136 17284,285 11793,429 7195,5186 14774,541
1,9820004 B 577,9378 4975,611 17473,742 8162,232 15779,752 24,950005 S 973,0078 6092,4136 17284,285 11793,429 7195,5186 14774,541
1,9820001 B 577,9378 4975,611 17473,742 8162,232 15779,752 24,950005 S 973,0078 6092,4136 17284,285 11793,429 7195,5186 14774,541
1,9820002 B 577,9378 4975,611 17473,742 8162,232 15779,752 24,950005 S 973,0078 6092,4136 17284,285 11793,429 7195,5186 14774,541
1,9819998 B 577,9378 4975,611 17473,742 8162,232 15779,752 24,950005 S 973,0078 6092,4136 17284,285 11793,429 7195,5186 14774,541
1,9819992 B 577,9378 4975,611 17473,742 8162,232 15779,752 24,950005 S 973,0078 6092,4136 17284,285 11793,429 7195,5186 14774,541
1,9820001 B 577,9378 4975,611 17473,742 8162,232 15779,752 24,950005 S 973,0078 6092,4136 17284,285 11793,429 7195,5186 14774,541
1,9819999 B 577,9378 4975,611 17473,742 8162,232 15779,752 24,950005 S 973,0078 6092,4136 17284,285 11793,429 7195,5186 14774,541
1,9819996 B 577,9378 4975,611 17473,742 8162,232 15779,752 24,950005 S 973,0078 6092,4136 17284,285 11793,429 7195,5186 14774,541
1,982 B 577,9378 4975,611 17473,742 8162,232 15779,752 24,950005 S 973,0078 6092,4136 17284,285 11793,429 7195,5186 14774,541
1,9820001 B 577,9378 4975,611 17473,742 8162,232 15779,752 24,950005 S 973,0078 6092,4136 17284,285 11793,429 7195,5186 14774,541
1,9820001 B 577,9378 4975,611 17473,742 8162,232 15779,752 24,950005 S 973,0078 6092,4136 17284,285 11793,429 7195,5186 14774,541
1,9819996 B 577,9378 4975,611 17473,742 8162,232 15779,752 24,950005 S 973,0078 6092,4136 17284,285 11793,429 7195,5186 14774,541
1,982 B 577,9378 4975,611 17473,742 8162,232 15779,752 24,950005 S 973,0078 6092,4136 17284,285 11793,429 7195,5186 14774,541
1,9820004 B 577,9378 4975,611 17473,742 8162,232 15779,752 24,950005 S 973,0078 6092,4136 17284,285 11793,429 7195,5186 14774,541
1,9819996 B 577,9378 4975,611 17473,742 8162,232 15779,752 24,950005 S 973,0078 6092,4136 17284,285 11793,429 7195,5186 14774,541
1,9819999 B 577,9378 4975,611 17473,742 8162,232 15779,752 24,950005 S 973,0078 6092,4136 17284,285 11793,429 7195,5186 14774,541
1,9815335 B 577,9378 4975,611 17473,742 8162,232 15779,752 24,950005 S 973,0078 6092,4136 17284,285 11793,429 7195,5186 14774,541
1,9810001 B 577,9378 4975,611 17473,742 8162,232 15779,752 24,950005 S 973,0078 6092,4136 17284,285 11793,429 7195,5186 14774,541
