2,003314
2,007 B 1835,9138 5696,1343 21792 5062,6016 12760,463 4907,472 S 818,57007 14665,503 5792,6655 7601,5996 13484,544 14,119996
2,0069997 B 1835,9138 5696,1343 21792 5062,6016 12760,463 4907,472 S 818,57007 14665,503 5792,6655 7601,5996 13484,544 14,119996
2,0070002 B 1835,9138 5696,1343 21792 5062,6016 12760,463 4907,472 S 818,57007 14665,503 5792,6655 7601,5996 13484,544 14,119996
2,0089238 B 1835,9138 5696,1343 21792 5062,6016 12760,463 4907,472 S 818,57007 14665,503 5792,6655 7601,5996 13484,544 14,119996
2,009 B 1835,9138 5696,1343 21792 5062,6016 12760,463 4907,472 S 818,57007 14665,503 5792,6655 7601,5996 13484,544 14,119996
2,0090005 B 1835,9138 5696,1343 21792 5062,6016 12760,463 4907,472 S 818,57007 14665,503 5792,6655 7601,5996 13484,544 14,119996
2,0089996 B 1835,9138 5696,1343 21792 5062,6016 12760,463 4907,472 S 818,57007 14665,503 5792,6655 7601,5996 13484,544 14,119996
2,009 B 1835,9138 5696,1343 21792 5062,6016 12760,463 4907,472 S 818,57007 14665,503 5792,6655 7601,5996 13484,544 14,119996
2,0090005 B 1835,9138 5696,1343 21792 5062,6016 12760,463 4907,472 S 818,57007 14665,503 5792,6655 7601,5996 13484,544 14,119996
2,0091147 B 1835,9138 5696,1343 21792 5062,6016 12760,463 4907,472 S 818,57007 14665,503 5792,6655 7601,5996 13484,544 14,119996
2,0106077 B 1835,9138 5696,1343 21792 5062,6016 12760,463 4907,472 S 818,57007 14665,503 5792,6655 7601,5996 13484,544 14,119996
2,0120006 B 1835,9138 5696,1343 21792 5062,6016 12760,463 4907,472 S 818,57007 14665,503 5792,6655 7601,5996 13484,544 14,119996
2,0120006 B 1835,9138 5696,1343 21792 5062,6016 12760,463 4907,472 S 818,57007 14665,503 5792,6655 7601,5996 13484,544 14,119996
2,012 B 1835,9138 5696,1343 21792 5062,6016 12760,463 4907,472 S 818,57007 14665,503 5792,6655 7601,5996 13484,544 14,119996
2,012 B 1835,9138 5696,1343 21792 5062,6016 12760,463 4907,472 S 818,57007 14665,503 5792,6655 7601,5996 13484,544 14,119996
2,0119996 B 1835,9138 5696,1343 21792 5062,6016 12760,463 4907,472 S 818,57007 14665,503 5792,6655 7601,5996 13484,544 14,119996
2,0119994 B 1835,9138 5696,1343 21792 5062,6016 12760,463 4907,472 S 818,57007 14665,503 5792,6655 7601,5996 13484,544 14,119996
2,0119998 B 1835,9138 5696,1343 21792 5062,6016 12760,463 4907,472 S 818,57007 14665,503 5792,6655 7601,5996 13484,544 14,119996
2,0119998 B 1835,9138 5696,1343 21792 5062,6016 12760,463 4907,472 S 818,57007 14665,503 5792,6655 7601,5996 13484,544 14,119996
2,0120006 B 1835,9138 5696,1343 21792 5062,6016 12760,463 4907,472 S 818,57007 14665,503 5792,6655 7601,5996 13484,544 14,119996
2,0120006 B 1835,9138 5696,1343 21792 5062,6016 12760,463 4907,472 S 818,57007 14665,503 5792,6655 7601,5996 13484,544 14,119996
2,0120003 B 1835,9138 5696,1343 21792 5062,6016 12760,463 4907,472 S 818,57007 14665,503 5792,6655 7601,5996 13484,544 14,119996
2,012 B 1835,9138 5696,1343 21792 5062,6016 12760,463 4907,472 S 818,57007 14665,503 5792,6655 7601,5996 13484,544 14,119996
2,0120003 B 1835,9138 5696,1343 21792 5062,6016 12760,463 4907,472 S 818,57007 14665,503 5792,6655 7601,5996 13484,544 14,119996
2,0120003 B 1835,9138 5696,1343 21792 5062,6016 12760,463 4907,472 S 818,57007 14665,503 5792,6655 7601,5996 13484,544 14,119996
2,012 B 1835,9138 5696,1343 21792 5062,6016 12760,463 4907,472 S 818,57007 14665,503 5792,6655 7601,5996 13484,544 14,119996
2,012 B 1835,9138 5696,1343 21792 5062,6016 12760,463 4907,472 S 818,57007 14665,503 5792,6655 7601,5996 13484,544 14,119996
2,0120003 B 1835,9138 5696,1343 21792 5062,6016 12760,463 4907,472 S 818,57007 14665,503 5792,6655 7601,5996 13484,544 14,119996
2,012 B 1835,9138 5696,1343 21792 5062,6016 12760,463 4907,472 S 818,57007 14665,503 5792,6655 7601,5996 13484,544 14,119996
2,0118883 B 1835,9138 5696,1343 21792 5062,6016 12760,463 4907,472 S 818,57007 14665,503 5792,6655 7601,5996 13484,544 14,119996
2,0100005 B 1835,9138 5696,1343 21792 5062,6016 12760,463 4907,472 S 818,57007 14665,503 5792,6655 7601,5996 13484,544 14,119996
2,0100007 B 1835,9138 5696,1343 21792 5062,6016 12760,463 4907,472 S 818,57007 14665,503 5792,6655 7601,5996 13484,544 14,119996
2,0100005 B 1835,9138 5696,1343 21792 5062,6016 12760,463 4907,472 S 818,57007 14665,503 5792,6655 7601,5996 13484,544 14,119996
2,01 B 1835,9138 5696,1343 21792 5062,6016 12760,463 4907,472 S 818,57007 14665,503 5792,6655 7601,5996 13484,544 14,119996
2,0099995 B 1835,9138 5696,1343 21792 5062,6016 12760,463 4907,472 S 818,57007 14665,503 5792,6655 7601,5996 13484,544 14,119996
2,0099998 B 1835,9138 5696,1343 21792 5062,6016 12760,463 4907,472 S 818,57007 14665,503 5792,6655 7601,5996 13484,544 14,119996
2,0100005 B 1835,9138 5696,1343 21792 5062,6016 12760,463 4907,472 S 818,57007 14665,503 5792,6655 7601,5996 13484,544 14,119996
2,0099998 B 1835,9138 5696,1343 21792 5062,6016 12760,463 4907,472 S 818,57007 14665,503 5792,6655 7601,5996 13484,544 14,119996
2,0100005 B 1835,9138 5696,1343 21792 5062,6016 12760,463 4907,472 S 818,57007 14665,503 5792,6655 7601,5996 13484,544 14,119996
2,0099998 B 1835,9138 5696,1343 21792 5062,6016 12760,463 4907,472 S 818,57007 14665,503 5792,6655 7601,5996 13484,544 14,119996
2,0099998 B 1835,9138 5696,1343 21792 5062,6016 12760,463 4907,472 S 818,57007 14665,503 5792,6655 7601,5996 13484,544 14,119996
2,0100007 B 1835,9138 5696,1343 21792 5062,6016 12760,463 4907,472 S 818,57007 14665,503 5792,6655 7601,5996 13484,544 14,119996
2,01 B 1835,9138 5696,1343 21792 5062,6016 12760,463 4907,472 S 818,57007 14665,503 5792,6655 7601,5996 13484,544 14,119996
2,0099993 B 1835,9138 5696,1343 21792 5062,6016 12760,463 4907,472 S 818,57007 14665,503 5792,6655 7601,5996 13484,544 14,119996
2,0100007 B 1835,9138 5696,1343 21792 5062,6016 12760,463 4907,472 S 818,57007 14665,503 5792,6655 7601,5996 13484,544 14,119996
2,0099998 B 1835,9138 5696,1343 21792 5062,6016 12760,463 4907,472 S 818,57007 14665,503 5792,6655 7601,5996 13484,544 14,119996
2,0099998 B 1835,9138 5696,1343 21792 5062,6016 12760,463 4907,472 S 818,57007 14665,503 5792,6655 7601,5996 13484,544 14,119996
2,0099993 B 1835,9138 5696,1343 21792 5062,6016 12760,463 4907,472 S 818,57007 14665,503 5792,6655 7601,5996 13484,544 14,119996
2,0100005 B 1835,9138 5696,1343 21792 5062,6016 12760,463 4907,472 S 818,57007 14665,503 5792,6655 7601,5996 13484,544 14,119996
2,01 B 1835,9138 5696,1343 21792 5062,6016 12760,463 4907,472 S 818,57007 14665,503 5792,6655 7601,5996 13484,544 14,119996
2,0099998 B 1835,9138 5696,1343 21792 5062,6016 12760,463 4907,472 S 818,57007 14665,503 5792,6655 7601,5996 13484,544 14,119996
2,01 B 1835,9138 5696,1343 21792 5062,6016 12760,463 4907,472 S 818,57007 14665,503 5792,6655 7601,5996 13484,544 14,119996
2,0099998 B 1835,9138 5696,1343 21792 5062,6016 12760,463 4907,472 S 818,57007 14665,503 5792,6655 7601,5996 13484,544 14,119996
2,0099998 B 1835,9138 5696,1343 21792 5062,6016 12760,463 4907,472 S 818,57007 14665,503 5792,6655 7601,5996 13484,544 14,119996
2,01 B 1835,9138 5696,1343 21792 5062,6016 12760,463 4907,472 S 818,57007 14665,503 5792,6655 7601,5996 13484,544 14,119996
2,01 B 1835,9138 5696,1343 21792 5062,6016 12760,463 4907,472 S 818,57007 14665,503 5792,6655 7601,5996 13484,544 14,119996
2,01 B 1835,9138 5696,1343 21792 5062,6016 12760,463 4907,472 S 818,57007 14665,503 5792,6655 7601,5996 13484,544 14,119996
2,0100002 B 1835,9138 5696,1343 21792 5062,6016 12760,463 4907,472 S 818,57007 14665,503 5792,6655 7601,5996 13484,544 14,119996
2,01 B 1835,9138 5696,1343 21792 5062,6016 12760,463 4907,472 S 818,57007 14665,503 5792,6655 7601,5996 13484,544 14,119996
2,0099998 B 1835,9138 5696,1343 21792 5062,6016 12760,463 4907,472 S 818,57007 14665,503 5792,6655 7601,5996 13484,544 14,119996
2,0098855 B 1835,9138 5696,1343 21792 5062,6016 12760,463 4907,472 S 818,57007 14665,503 5792,6655 7601,5996 13484,544 14,119996
2,008238 B 1835,9138 5696,1343 21792 5062,6016 12760,463 4907,472 S 818,57007 14665,503 5792,6655 7601,5996 13484,544 14,119996
2,0080001 B 1835,9138 5696,1343 21792 5062,6016 12760,463 4907,472 S 818,57007 14665,503 5792,6655 7601,5996 13484,544 14,119996
2,0080006 B 1835,9138 5696,1343 21792 5062,6016 12760,463 4907,472 S 818,57007 14665,503 5792,6655 7601,5996 13484,544 14,119996
2,0080001 B 1835,9138 5696,1343 21792 5062,6016 12760,463 4907,472 S 818,57007 14665,503 5792,6655 7601,5996 13484,544 14,119996
2,0080001 B 1835,9138 5696,1343 21792 5062,6016 12760,463 4907,472 S 818,57007 14665,503 5792,6655 7601,5996 13484,544 14,119996
2,008 B 1835,9138 5696,1343 21792 5062,6016 12760,463 4907,472 S 818,57007 14665,503 5792,6655 7601,5996 13484,544 14,119996
2,008 B 1835,9138 5696,1343 21792 5062,6016 12760,463 4907,472 S 818,57007 14665,503 5792,6655 7601,5996 13484,544 14,119996
2,008 B 1835,9138 5696,1343 21792 5062,6016 12760,463 4907,472 S 818,57007 14665,503 5792,6655 7601,5996 13484,544 14,119996
2,008 B 1835,9138 5696,1343 21792 5062,6016 12760,463 4907,472 S 818,57007 14665,503 5792,6655 7601,5996 13484,544 14,119996
2,0080006 B 1835,9138 5696,1343 21792 5062,6016 12760,463 4907,472 S 818,57007 14665,503 5792,6655 7601,5996 13484,544 14,119996
2,0079997 B 1835,9138 5696,1343 21792 5062,6016 12760,463 4907,472 S 818,57007 14665,503 5792,6655 7601,5996 13484,544 14,119996
2,0080009 B 1835,9138 5696,1343 21792 5062,6016 12760,463 4907,472 S 818,57007 14665,503 5792,6655 7601,5996 13484,544 14,119996
2,008 B 1835,9138 5696,1343 21792 5062,6016 12760,463 4907,472 S 818,57007 14665,503 5792,6655 7601,5996 13484,544 14,119996
2,008 B 1835,9138 5696,1343 21792 5062,6016 12760,463 4907,472 S 818,57007 14665,503 5792,6655 7601,5996 13484,544 14,119996
2,008 B 1835,9138 5696,1343 21792 5062,6016 12760,463 4907,472 S 818,57007 14665,503 5792,6655 7601,5996 13484,544 14,119996
2,0080004 B 1835,9138 5696,1343 21792 5062,6016 12760,463 4907,472 S 818,57007 14665,503 5792,6655 7601,5996 13484,544 14,119996
2,008 B 1835,9138 5696,1343 21792 5062,6016 12760,463 4907,472 S 818,57007 14665,503 5792,6655 7601,5996 13484,544 14,119996
2,008 B 1835,9138 5696,1343 21792 5062,6016 12760,463 4907,472 S 818,57007 14665,503 5792,6655 7601,5996 13484,544 14,119996
2,008 B 1835,9138 5696,1343 21792 5062,6016 12760,463 4907,472 S 818,57007 14665,503 5792,6655 7601,5996 13484,544 14,119996
2,0079997 B 1835,9138 5696,1343 21792 5062,6016 12760,463 4907,472 S 818,57007 14665,503 5792,6655 7601,5996 13484,544 14,119996
2,0080004 B 1835,9138 5696,1343 21792 5062,6016 12760,463 4907,472 S 818,57007 14665,503 5792,6655 7601,5996 13484,544 14,119996
2,0079997 B 1835,9138 5696,1343 21792 5062,6016 12760,463 4907,472 S 818,57007 14665,503 5792,6655 7601,5996 13484,544 14,119996
2,0080004 B 1835,9138 5696,1343 21792 5062,6016 12760,463 4907,472 S 818,57007 14665,503 5792,6655 7601,5996 13484,544 14,119996
2,0080004 B 1835,9138 5696,1343 21792 5062,6016 12760,463 4907,472 S 818,57007 14665,503 5792,6655 7601,5996 13484,544 14,119996
2,0080001 B 1835,9138 5696,1343 21792 5062,6016 12760,463 4907,472 S 818,57007 14665,503 5792,6655 7601,5996 13484,544 14,119996
2,0080001 B 1835,9138 5696,1343 21792 5062,6016 12760,463 4907,472 S 818,57007 14665,503 5792,6655 7601,5996 13484,544 14,119996
2,0080004 B 1835,9138 5696,1343 21792 5062,6016 12760,463 4907,472 S 818,57007 14665,503 5792,6655 7601,5996 13484,544 14,119996
2,0080004 B 1835,9138 5696,1343 21792 5062,6016 12760,463 4907,472 S 818,57007 14665,503 5792,6655 7601,5996 13484,544 14,119996
2,0080001 B 1835,9138 5696,1343 21792 5062,6016 12760,463 4907,472 S 818,57007 14665,503 5792,6655 7601,5996 13484,544 14,119996
2,0080001 B 1835,9138 5696,1343 21792 5062,6016 12760,463 4907,472 S 818,57007 14665,503 5792,6655 7601,5996 13484,544 14,119996
2,0079994 B 1835,9138 5696,1343 21792 5062,6016 12760,463 4907,472 S 818,57007 14665,503 5792,6655 7601,5996 13484,544 14,119996
2,0069904 B 1835,9138 5696,1343 21792 5062,6016 12760,463 4907,472 S 818,57007 14665,503 5792,6655 7601,5996 13484,544 14,119996
2,0050685 B 1835,9138 5696,1343 21792 5062,6016 12760,463 4907,472 S 818,57007 14665,503 5792,6655 7601,5996 13484,544 14,119996
2,0046673 B 1835,9138 5696,1343 21792 5062,6016 12760,463 4907,472 S 818,57007 14665,503 5792,6655 7601,5996 13484,544 14,119996
2,0039997 B 1835,9138 5696,1343 21792 5062,6016 12760,463 4907,472 S 818,57007 14665,503 5792,6655 7601,5996 13484,544 14,119996
2,0039995 B 1835,9138 5696,1343 21792 5062,6016 12760,463 4907,472 S 818,57007 14665,503 5792,6655 7601,5996 13484,544 14,119996
2,0040002 B 1835,9138 5696,1343 21792 5062,6016 12760,463 4907,472 S 818,57007 14665,503 5792,6655 7601,5996 13484,544 14,119996
2,0039997 B 1835,9138 5696,1343 21792 5062,6016 12760,463 4907,472 S 818,57007 14665,503 5792,6655 7601,5996 13484,544 14,119996
2,0040002 B 1835,9138 5696,1343 21792 5062,6016 12760,463 4907,472 S 818,57007 14665,503 5792,6655 7601,5996 13484,544 14,119996
2,004 B 1835,9138 5696,1343 21792 5062,6016 12760,463 4907,472 S 818,57007 14665,503 5792,6655 7601,5996 13484,544 14,119996
2,0039995 B 1835,9138 5696,1343 21792 5062,6016 12760,463 4907,472 S 818,57007 14665,503 5792,6655 7601,5996 13484,544 14,119996
2,0040004 B 1835,9138 5696,1343 21792 5062,6016 12760,463 4907,472 S 818,57007 14665,503 5792,6655 7601,5996 13484,544 14,119996
2,004 B 1835,9138 5696,1343 21792 5062,6016 12760,463 4907,472 S 818,57007 14665,503 5792,6655 7601,5996 13484,544 14,119996
2,0039995 B 1835,9138 5696,1343 21792 5062,6016 12760,463 4907,472 S 818,57007 14665,503 5792,6655 7601,5996 13484,544 14,119996
2,004 B 1835,9138 5696,1343 21792 5062,6016 12760,463 4907,472 S 818,57007 14665,503 5792,6655 7601,5996 13484,544 14,119996
2,0036488 B 1835,9138 5696,1343 21792 5062,6016 12760,463 4907,472 S 818,57007 14665,503 5792,6655 7601,5996 13484,544 14,119996
2,0038714 B 1835,9138 5696,1343 21792 5062,6016 12760,463 4907,472 S 818,57007 14665,503 5792,6655 7601,5996 13484,544 14,119996
2,0040004 B 1835,9138 5696,1343 21792 5062,6016 12760,463 4907,472 S 818,57007 14665,503 5792,6655 7601,5996 13484,544 14,119996
2,0039997 B 1835,9138 5696,1343 21792 5062,6016 12760,463 4907,472 S 818,57007 14665,503 5792,6655 7601,5996 13484,544 14,119996
2,0040002 B 1835,9138 5696,1343 21792 5062,6016 12760,463 4907,472 S 818,57007 14665,503 5792,6655 7601,5996 13484,544 14,119996
2,0039995 B 1835,9138 5696,1343 21792 5062,6016 12760,463 4907,472 S 818,57007 14665,503 5792,6655 7601,5996 13484,544 14,119996
2,0040004 B 1835,9138 5696,1343 21792 5062,6016 12760,463 4907,472 S 818,57007 14665,503 5792,6655 7601,5996 13484,544 14,119996
2,0039997 B 1835,9138 5696,1343 21792 5062,6016 12760,463 4907,472 S 818,57007 14665,503 5792,6655 7601,5996 13484,544 14,119996
2,0040002 B 1835,9138 5696,1343 21792 5062,6016 12760,463 4907,472 S 818,57007 14665,503 5792,6655 7601,5996 13484,544 14,119996
2,004 B 1835,9138 5696,1343 21792 5062,6016 12760,463 4907,472 S 818,57007 14665,503 5792,6655 7601,5996 13484,544 14,119996
2,0041506 B 1835,9138 5696,1343 21792 5062,6016 12760,463 4907,472 S 818,57007 14665,503 5792,6655 7601,5996 13484,544 14,119996
2,0060003 B 1835,9138 5696,1343 21792 5062,6016 12760,463 4907,472 S 818,57007 14665,503 5792,6655 7601,5996 13484,544 14,119996
2,006 B 1835,9138 5696,1343 21792 5062,6016 12760,463 4907,472 S 818,57007 14665,503 5792,6655 7601,5996 13484,544 14,119996
2,0059996 B 1835,9138 5696,1343 21792 5062,6016 12760,463 4907,472 S 818,57007 14665,503 5792,6655 7601,5996 13484,544 14,119996
2,0059998 B 1835,9138 5696,1343 21792 5062,6016 12760,463 4907,472 S 818,57007 14665,503 5792,6655 7601,5996 13484,544 14,119996
2,006 B 1835,9138 5696,1343 21792 5062,6016 12760,463 4907,472 S 818,57007 14665,503 5792,6655 7601,5996 13484,544 14,119996
2,0060003 B 1835,9138 5696,1343 21792 5062,6016 12760,463 4907,472 S 818,57007 14665,503 5792,6655 7601,5996 13484,544 14,119996
2,0037944 B 1835,9138 5696,1343 21792 5062,6016 12760,463 4907,472 S 818,57007 14665,503 5792,6655 7601,5996 13484,544 14,119996
2,003 B 1835,9138 5696,1343 21792 5062,6016 12760,463 4907,472 S 818,57007 14665,503 5792,6655 7601,5996 13484,544 14,119996
2,0029998 B 1835,9138 5696,1343 21792 5062,6016 12760,463 4907,472 S 818,57007 14665,503 5792,6655 7601,5996 13484,544 14,119996
2,003 B 1835,9138 5696,1343 21792 5062,6016 12760,463 4907,472 S 818,57007 14665,503 5792,6655 7601,5996 13484,544 14,119996
2,001566 B 1835,9138 5696,1343 21792 5062,6016 12760,463 4907,472 S 818,57007 14665,503 5792,6655 7601,5996 13484,544 14,119996
2,001 B 1835,9138 5696,1343 21792 5062,6016 12760,463 4907,472 S 818,57007 14665,503 5792,6655 7601,5996 13484,544 14,119996
2,0016947 B 1835,9138 5696,1343 21792 5062,6016 12760,463 4907,472 S 818,57007 14665,503 5792,6655 7601,5996 13484,544 14,119996
2,001531 B 1835,9138 5696,1343 21792 5062,6016 12760,463 4907,472 S 818,57007 14665,503 5792,6655 7601,5996 13484,544 14,119996
2,0009997 B 1835,9138 5696,1343 21792 5062,6016 12760,463 4907,472 S 818,57007 14665,503 5792,6655 7601,5996 13484,544 14,119996
2,001 B 1835,9138 5696,1343 21792 5062,6016 12760,463 4907,472 S 818,57007 14665,503 5792,6655 7601,5996 13484,544 14,119996
2,0009995 B 1835,9138 5696,1343 21792 5062,6016 12760,463 4907,472 S 818,57007 14665,503 5792,6655 7601,5996 13484,544 14,119996
2,0009997 B 1835,9138 5696,1343 21792 5062,6016 12760,463 4907,472 S 818,57007 14665,503 5792,6655 7601,5996 13484,544 14,119996
2,0004199 B 1835,9138 5696,1343 21792 5062,6016 12760,463 4907,472 S 818,57007 14665,503 5792,6655 7601,5996 13484,544 14,119996
2 B 1835,9138 5696,1343 21792 5062,6016 12760,463 4907,472 S 818,57007 14665,503 5792,6655 7601,5996 13484,544 14,119996
2 B 1835,9138 5696,1343 21792 5062,6016 12760,463 4907,472 S 818,57007 14665,503 5792,6655 7601,5996 13484,544 14,119996
2 B 1835,9138 5696,1343 21792 5062,6016 12760,463 4907,472 S 818,57007 14665,503 5792,6655 7601,5996 13484,544 14,119996
1,9980016 B 1835,9138 5696,1343 21792 5062,6016 12760,463 4907,472 S 818,57007 14665,503 5792,6655 7601,5996 13484,544 14,119996
1,9979999 B 1835,9138 5696,1343 21792 5062,6016 12760,463 4907,472 S 818,57007 14665,503 5792,6655 7601,5996 13484,544 14,119996
1,9979998 B 1835,9138 5696,1343 21792 5062,6016 12760,463 4907,472 S 818,57007 14665,503 5792,6655 7601,5996 13484,544 14,119996
1,998708 B 1835,9138 5696,1343 21792 5062,6016 12760,463 4907,472 S 818,57007 14665,503 5792,6655 7601,5996 13484,544 14,119996
1,9990009 B 1835,9138 5696,1343 21792 5062,6016 12760,463 4907,472 S 818,57007 14665,503 5792,6655 7601,5996 13484,544 14,119996
1,9990002 B 1835,9138 5696,1343 21792 5062,6016 12760,463 4907,472 S 818,57007 14665,503 5792,6655 7601,5996 13484,544 14,119996
1,9997566 B 1835,9138 5696,1343 21792 5062,6016 12760,463 4907,472 S 818,57007 14665,503 5792,6655 7601,5996 13484,544 14,119996
2 B 1835,9138 5696,1343 21792 5062,6016 12760,463 4907,472 S 818,57007 14665,503 5792,6655 7601,5996 13484,544 14,119996
2 B 1835,9138 5696,1343 21792 5062,6016 12760,463 4907,472 S 818,57007 14665,503 5792,6655 7601,5996 13484,544 14,119996
2 B 1835,9138 5696,1343 21792 5062,6016 12760,463 4907,472 S 818,57007 14665,503 5792,6655 7601,5996 13484,544 14,119996
2 B 1835,9138 5696,1343 21792 5062,6016 12760,463 4907,472 S 818,57007 14665,503 5792,6655 7601,5996 13484,544 14,119996
2 B 1835,9138 5696,1343 21792 5062,6016 12760,463 4907,472 S 818,57007 14665,503 5792,6655 7601,5996 13484,544 14,119996
2 B 1835,9138 5696,1343 21792 5062,6016 12760,463 4907,472 S 818,57007 14665,503 5792,6655 7601,5996 13484,544 14,119996
2 B 1835,9138 5696,1343 21792 5062,6016 12760,463 4907,472 S 818,57007 14665,503 5792,6655 7601,5996 13484,544 14,119996
2 B 1835,9138 5696,1343 21792 5062,6016 12760,463 4907,472 S 818,57007 14665,503 5792,6655 7601,5996 13484,544 14,119996
2 B 1835,9138 5696,1343 21792 5062,6016 12760,463 4907,472 S 818,57007 14665,503 5792,6655 7601,5996 13484,544 14,119996
2 B 1835,9138 5696,1343 21792 5062,6016 12760,463 4907,472 S 818,57007 14665,503 5792,6655 7601,5996 13484,544 14,119996
2 B 1835,9138 5696,1343 21792 5062,6016 12760,463 4907,472 S 818,57007 14665,503 5792,6655 7601,5996 13484,544 14,119996
1,9980193 B 1835,9138 5696,1343 21792 5062,6016 12760,463 4907,472 S 818,57007 14665,503 5792,6655 7601,5996 13484,544 14,119996
1,9980003 B 1835,9138 5696,1343 21792 5062,6016 12760,463 4907,472 S 818,57007 14665,503 5792,6655 7601,5996 13484,544 14,119996
1,998 B 1835,9138 5696,1343 21792 5062,6016 12760,463 4907,472 S 818,57007 14665,503 5792,6655 7601,5996 13484,544 14,119996
1,998072 B 1835,9138 5696,1343 21792 5062,6016 12760,463 4907,472 S 818,57007 14665,503 5792,6655 7601,5996 13484,544 14,119996
1,9990004 B 1835,9138 5696,1343 21792 5062,6016 12760,463 4907,472 S 818,57007 14665,503 5792,6655 7601,5996 13484,544 14,119996
1,9990003 B 1835,9138 5696,1343 21792 5062,6016 12760,463 4907,472 S 818,57007 14665,503 5792,6655 7601,5996 13484,544 14,119996
1,9990003 B 1835,9138 5696,1343 21792 5062,6016 12760,463 4907,472 S 818,57007 14665,503 5792,6655 7601,5996 13484,544 14,119996
1,9990002 B 1835,9138 5696,1343 21792 5062,6016 12760,463 4907,472 S 818,57007 14665,503 5792,6655 7601,5996 13484,544 14,119996
1,9990001 B 1835,9138 5696,1343 21792 5062,6016 12760,463 4907,472 S 818,57007 14665,503 5792,6655 7601,5996 13484,544 14,119996
1,9989997 B 1835,9138 5696,1343 21792 5062,6016 12760,463 4907,472 S 818,57007 14665,503 5792,6655 7601,5996 13484,544 14,119996
1,9990001 B 1835,9138 5696,1343 21792 5062,6016 12760,463 4907,472 S 818,57007 14665,503 5792,6655 7601,5996 13484,544 14,119996
1,9989995 B 1835,9138 5696,1343 21792 5062,6016 12760,463 4907,472 S 818,57007 14665,503 5792,6655 7601,5996 13484,544 14,119996
1,9990002 B 1835,9138 5696,1343 21792 5062,6016 12760,463 4907,472 S 818,57007 14665,503 5792,6655 7601,5996 13484,544 14,119996
1,9990002 B 1835,9138 5696,1343 21792 5062,6016 12760,463 4907,472 S 818,57007 14665,503 5792,6655 7601,5996 13484,544 14,119996
1,9990001 B 1835,9138 5696,1343 21792 5062,6016 12760,463 4907,472 S 818,57007 14665,503 5792,6655 7601,5996 13484,544 14,119996
1,9990003 B 1835,9138 5696,1343 21792 5062,6016 12760,463 4907,472 S 818,57007 14665,503 5792,6655 7601,5996 13484,544 14,119996
1,9986484 B 1835,9138 5696,1343 21792 5062,6016 12760,463 4907,472 S 818,57007 14665,503 5792,6655 7601,5996 13484,544 14,119996
1,9979998 B 1835,9138 5696,1343 21792 5062,6016 12760,463 4907,472 S 818,57007 14665,503 5792,6655 7601,5996 13484,544 14,119996
1,9979997 B 1835,9138 5696,1343 21792 5062,6016 12760,463 4907,472 S 818,57007 14665,503 5792,6655 7601,5996 13484,544 14,119996
1,9980007 B 1835,9138 5696,1343 21792 5062,6016 12760,463 4907,472 S 818,57007 14665,503 5792,6655 7601,5996 13484,544 14,119996
1,9980003 B 1835,9138 5696,1343 21792 5062,6016 12760,463 4907,472 S 818,57007 14665,503 5792,6655 7601,5996 13484,544 14,119996
1,9980003 B 1835,9138 5696,1343 21792 5062,6016 12760,463 4907,472 S 818,57007 14665,503 5792,6655 7601,5996 13484,544 14,119996
1,9979995 B 1835,9138 5696,1343 21792 5062,6016 12760,463 4907,472 S 818,57007 14665,503 5792,6655 7601,5996 13484,544 14,119996
1,998001 B 1835,9138 5696,1343 21792 5062,6016 12760,463 4907,472 S 818,57007 14665,503 5792,6655 7601,5996 13484,544 14,119996
1,9979998 B 1835,9138 5696,1343 21792 5062,6016 12760,463 4907,472 S 818,57007 14665,503 5792,6655 7601,5996 13484,544 14,119996
1,9985887 B 1835,9138 5696,1343 21792 5062,6016 12760,463 4907,472 S 818,57007 14665,503 5792,6655 7601,5996 13484,544 14,119996
1,9990005 B 1835,9138 5696,1343 21792 5062,6016 12760,463 4907,472 S 818,57007 14665,503 5792,6655 7601,5996 13484,544 14,119996
1,9989998 B 1835,9138 5696,1343 21792 5062,6016 12760,463 4907,472 S 818,57007 14665,503 5792,6655 7601,5996 13484,544 14,119996
1,9990001 B 1835,9138 5696,1343 21792 5062,6016 12760,463 4907,472 S 818,57007 14665,503 5792,6655 7601,5996 13484,544 14,119996
1,9989998 B 1835,9138 5696,1343 21792 5062,6016 12760,463 4907,472 S 818,57007 14665,503 5792,6655 7601,5996 13484,544 14,119996
1,9990706 B 1835,9138 5696,1343 21792 5062,6016 12760,463 4907,472 S 818,57007 14665,503 5792,6655 7601,5996 13484,544 14,119996
2 B 1835,9138 5696,1343 21792 5062,6016 12760,463 4907,472 S 818,57007 14665,503 5792,6655 7601,5996 13484,544 14,119996
2 B 1835,9138 5696,1343 21792 5062,6016 12760,463 4907,472 S 818,57007 14665,503 5792,6655 7601,5996 13484,544 14,119996
2 B 1835,9138 5696,1343 21792 5062,6016 12760,463 4907,472 S 818,57007 14665,503 5792,6655 7601,5996 13484,544 14,119996
1,9990866 B 1835,9138 5696,1343 21792 5062,6016 12760,463 4907,472 S 818,57007 14665,503 5792,6655 7601,5996 13484,544 14,119996
1,9979995 B 1835,9138 5696,1343 21792 5062,6016 12760,463 4907,472 S 818,57007 14665,503 5792,6655 7601,5996 13484,544 14,119996
1,9979999 B 1835,9138 5696,1343 21792 5062,6016 12760,463 4907,472 S 818,57007 14665,503 5792,6655 7601,5996 13484,544 14,119996
1,9979998 B 1835,9138 5696,1343 21792 5062,6016 12760,463 4907,472 S 818,57007 14665,503 5792,6655 7601,5996 13484,544 14,119996
1,998 B 1835,9138 5696,1343 21792 5062,6016 12760,463 4907,472 S 818,57007 14665,503 5792,6655 7601,5996 13484,544 14,119996
1,9969704 B 1835,9138 5696,1343 21792 5062,6016 12760,463 4907,472 S 818,57007 14665,503 5792,6655 7601,5996 13484,544 14,119996
1,996 B 1835,9138 5696,1343 21792 5062,6016 12760,463 4907,472 S 818,57007 14665,503 5792,6655 7601,5996 13484,544 14,119996
1,9959998 B 1835,9138 5696,1343 21792 5062,6016 12760,463 4907,472 S 818,57007 14665,503 5792,6655 7601,5996 13484,544 14,119996
1,9960004 B 1835,9138 5696,1343 21792 5062,6016 12760,463 4907,472 S 818,57007 14665,503 5792,6655 7601,5996 13484,544 14,119996
1,9959997 B 1835,9138 5696,1343 21792 5062,6016 12760,463 4907,472 S 818,57007 14665,503 5792,6655 7601,5996 13484,544 14,119996
1,9960002 B 1835,9138 5696,1343 21792 5062,6016 12760,463 4907,472 S 818,57007 14665,503 5792,6655 7601,5996 13484,544 14,119996
1,9960201 B 1835,9138 5696,1343 21792 5062,6016 12760,463 4907,472 S 818,57007 14665,503 5792,6655 7601,5996 13484,544 14,119996
1,9960936 B 1835,9138 5696,1343 21792 5062,6016 12760,463 4907,472 S 818,57007 14665,503 5792,6655 7601,5996 13484,544 14,119996
1,9966767 B 1835,9138 5696,1343 21792 5062,6016 12760,463 4907,472 S 818,57007 14665,503 5792,6655 7601,5996 13484,544 14,119996
1,997 B 1835,9138 5696,1343 21792 5062,6016 12760,463 4907,472 S 818,57007 14665,503 5792,6655 7601,5996 13484,544 14,119996
1,9970001 B 1835,9138 5696,1343 21792 5062,6016 12760,463 4907,472 S 818,57007 14665,503 5792,6655 7601,5996 13484,544 14,119996
1,997 B 1835,9138 5696,1343 21792 5062,6016 12760,463 4907,472 S 818,57007 14665,503 5792,6655 7601,5996 13484,544 14,119996
1,9970006 B 1835,9138 5696,1343 21792 5062,6016 12760,463 4907,472 S 818,57007 14665,503 5792,6655 7601,5996 13484,544 14,119996
1,9970001 B 1835,9138 5696,1343 21792 5062,6016 12760,463 4907,472 S 818,57007 14665,503 5792,6655 7601,5996 13484,544 14,119996
1,9966944 B 1835,9138 5696,1343 21792 5062,6016 12760,463 4907,472 S 818,57007 14665,503 5792,6655 7601,5996 13484,544 14,119996
1,9959999 B 1835,9138 5696,1343 21792 5062,6016 12760,463 4907,472 S 818,57007 14665,503 5792,6655 7601,5996 13484,544 14,119996
1,996 B 1835,9138 5696,1343 21792 5062,6016 12760,463 4907,472 S 818,57007 14665,503 5792,6655 7601,5996 13484,544 14,119996
1,9960004 B 1835,9138 5696,1343 21792 5062,6016 12760,463 4907,472 S 818,57007 14665,503 5792,6655 7601,5996 13484,544 14,119996
1,9959996 B 1835,9138 5696,1343 21792 5062,6016 12760,463 4907,472 S 818,57007 14665,503 5792,6655 7601,5996 13484,544 14,119996
1,9960006 B 1835,9138 5696,1343 21792 5062,6016 12760,463 4907,472 S 818,57007 14665,503 5792,6655 7601,5996 13484,544 14,119996
1,9959999 B 1835,9138 5696,1343 21792 5062,6016 12760,463 4907,472 S 818,57007 14665,503 5792,6655 7601,5996 13484,544 14,119996
1,9960002 B 1835,9138 5696,1343 21792 5062,6016 12760,463 4907,472 S 818,57007 14665,503 5792,6655 7601,5996 13484,544 14,119996
1,9959998 B 1835,9138 5696,1343 21792 5062,6016 12760,463 4907,472 S 818,57007 14665,503 5792,6655 7601,5996 13484,544 14,119996
1,9960002 B 1835,9138 5696,1343 21792 5062,6016 12760,463 4907,472 S 818,57007 14665,503 5792,6655 7601,5996 13484,544 14,119996
1,9960004 B 1835,9138 5696,1343 21792 5062,6016 12760,463 4907,472 S 818,57007 14665,503 5792,6655 7601,5996 13484,544 14,119996
1,9959998 B 1835,9138 5696,1343 21792 5062,6016 12760,463 4907,472 S 818,57007 14665,503 5792,6655 7601,5996 13484,544 14,119996
1,9960004 B 1835,9138 5696,1343 21792 5062,6016 12760,463 4907,472 S 818,57007 14665,503 5792,6655 7601,5996 13484,544 14,119996
1,9960002 B 1835,9138 5696,1343 21792 5062,6016 12760,463 4907,472 S 818,57007 14665,503 5792,6655 7601,5996 13484,544 14,119996
1,9960002 B 1835,9138 5696,1343 21792 5062,6016 12760,463 4907,472 S 818,57007 14665,503 5792,6655 7601,5996 13484,544 14,119996
1,9960004 B 1835,9138 5696,1343 21792 5062,6016 12760,463 4907,472 S 818,57007 14665,503 5792,6655 7601,5996 13484,544 14,119996
1,9956584 B 1835,9138 5696,1343 21792 5062,6016 12760,463 4907,472 S 818,57007 14665,503 5792,6655 7601,5996 13484,544 14,119996
1,9950008 B 1835,9138 5696,1343 21792 5062,6016 12760,463 4907,472 S 818,57007 14665,503 5792,6655 7601,5996 13484,544 14,119996
1,9950002 B 1835,9138 5696,1343 21792 5062,6016 12760,463 4907,472 S 818,57007 14665,503 5792,6655 7601,5996 13484,544 14,119996
1,9950001 B 1835,9138 5696,1343 21792 5062,6016 12760,463 4907,472 S 818,57007 14665,503 5792,6655 7601,5996 13484,544 14,119996
1,9950001 B 1835,9138 5696,1343 21792 5062,6016 12760,463 4907,472 S 818,57007 14665,503 5792,6655 7601,5996 13484,544 14,119996
1,9950005 B 1835,9138 5696,1343 21792 5062,6016 12760,463 4907,472 S 818,57007 14665,503 5792,6655 7601,5996 13484,544 14,119996
1,9950001 B 1835,9138 5696,1343 21792 5062,6016 12760,463 4907,472 S 818,57007 14665,503 5792,6655 7601,5996 13484,544 14,119996
1,9950004 B 1835,9138 5696,1343 21792 5062,6016 12760,463 4907,472 S 818,57007 14665,503 5792,6655 7601,5996 13484,544 14,119996
1,9950001 B 1835,9138 5696,1343 21792 5062,6016 12760,463 4907,472 S 818,57007 14665,503 5792,6655 7601,5996 13484,544 14,119996
1,9945167 B 1835,9138 5696,1343 21792 5062,6016 12760,463 4907,472 S 818,57007 14665,503 5792,6655 7601,5996 13484,544 14,119996
1,994 B 1835,9138 5696,1343 21792 5062,6016 12760,463 4907,472 S 818,57007 14665,503 5792,6655 7601,5996 13484,544 14,119996
1,994 B 1835,9138 5696,1343 21792 5062,6016 12760,463 4907,472 S 818,57007 14665,503 5792,6655 7601,5996 13484,544 14,119996
1,994 B 1835,9138 5696,1343 21792 5062,6016 12760,463 4907,472 S 818,57007 14665,503 5792,6655 7601,5996 13484,544 14,119996
1,9939998 B 1835,9138 5696,1343 21792 5062,6016 12760,463 4907,472 S 818,57007 14665,503 5792,6655 7601,5996 13484,544 14,119996
