1,9959848
1,9880002 B 1112,7838 3291,5264 11526,382 15462,546 14613,082 8905,453 S 2612,2485 9436,485 11606,567 7695,837 12565,677 6918,5137
1,9879996 B 1112,7838 3291,5264 11526,382 15462,546 14613,082 8905,453 S 2612,2485 9436,485 11606,567 7695,837 12565,677 6918,5137
1,988 B 1112,7838 3291,5264 11526,382 15462,546 14613,082 8905,453 S 2612,2485 9436,485 11606,567 7695,837 12565,677 6918,5137
1,9879998 B 1112,7838 3291,5264 11526,382 15462,546 14613,082 8905,453 S 2612,2485 9436,485 11606,567 7695,837 12565,677 6918,5137
1,9865367 B 1112,7838 3291,5264 11526,382 15462,546 14613,082 8905,453 S 2612,2485 9436,485 11606,567 7695,837 12565,677 6918,5137
1,983965 B 1112,7838 3291,5264 11526,382 15462,546 14613,082 8905,453 S 2612,2485 9436,485 11606,567 7695,837 12565,677 6918,5137
1,9830002 B 1112,7838 3291,5264 11526,382 15462,546 14613,082 8905,453 S 2612,2485 9436,485 11606,567 7695,837 12565,677 6918,5137
1,9825056 B 1112,7838 3291,5264 11526,382 15462,546 14613,082 8905,453 S 2612,2485 9436,485 11606,567 7695,837 12565,677 6918,5137
1,9821897 B 1112,7838 3291,5264 11526,382 15462,546 14613,082 8905,453 S 2612,2485 9436,485 11606,567 7695,837 12565,677 6918,5137
1,9832236 B 1112,7838 3291,5264 11526,382 15462,546 14613,082 8905,453 S 2612,2485 9436,485 11606,567 7695,837 12565,677 6918,5137
1,9839994 B 1112,7838 3291,5264 11526,382 15462,546 14613,082 8905,453 S 2612,2485 9436,485 11606,567 7695,837 12565,677 6918,5137
1,987544 B 1112,7838 3291,5264 11526,382 15462,546 14613,082 8905,453 S 2612,2485 9436,485 11606,567 7695,837 12565,677 6918,5137
1,9880004 B 1112,7838 3291,5264 11526,382 15462,546 14613,082 8905,453 S 2612,2485 9436,485 11606,567 7695,837 12565,677 6918,5137
1,9880002 B 1112,7838 3291,5264 11526,382 15462,546 14613,082 8905,453 S 2612,2485 9436,485 11606,567 7695,837 12565,677 6918,5137
1,9879996 B 1112,7838 3291,5264 11526,382 15462,546 14613,082 8905,453 S 2612,2485 9436,485 11606,567 7695,837 12565,677 6918,5137
1,988 B 1112,7838 3291,5264 11526,382 15462,546 14613,082 8905,453 S 2612,2485 9436,485 11606,567 7695,837 12565,677 6918,5137
1,9883763 B 1112,7838 3291,5264 11526,382 15462,546 14613,082 8905,453 S 2612,2485 9436,485 11606,567 7695,837 12565,677 6918,5137
1,9903582 B 1112,7838 3291,5264 11526,382 15462,546 14613,082 8905,453 S 2612,2485 9436,485 11606,567 7695,837 12565,677 6918,5137
1,9917327 B 1112,7838 3291,5264 11526,382 15462,546 14613,082 8905,453 S 2612,2485 9436,485 11606,567 7695,837 12565,677 6918,5137
1,9946934 B 1112,7838 3291,5264 11526,382 15462,546 14613,082 8905,453 S 2612,2485 9436,485 11606,567 7695,837 12565,677 6918,5137
1,9961267 B 1112,7838 3291,5264 11526,382 15462,546 14613,082 8905,453 S 2612,2485 9436,485 11606,567 7695,837 12565,677 6918,5137
1,9970003 B 1112,7838 3291,5264 11526,382 15462,546 14613,082 8905,453 S 2612,2485 9436,485 11606,567 7695,837 12565,677 6918,5137
1,9977896 B 1112,7838 3291,5264 11526,382 15462,546 14613,082 8905,453 S 2612,2485 9436,485 11606,567 7695,837 12565,677 6918,5137
1,9989269 B 1112,7838 3291,5264 11526,382 15462,546 14613,082 8905,453 S 2612,2485 9436,485 11606,567 7695,837 12565,677 6918,5137
2,0012019 B 1112,7838 3291,5264 11526,382 15462,546 14613,082 8905,453 S 2612,2485 9436,485 11606,567 7695,837 12565,677 6918,5137
2,0022414 B 1112,7838 3291,5264 11526,382 15462,546 14613,082 8905,453 S 2612,2485 9436,485 11606,567 7695,837 12565,677 6918,5137
2,0039995 B 1112,7838 3291,5264 11526,382 15462,546 14613,082 8905,453 S 2612,2485 9436,485 11606,567 7695,837 12565,677 6918,5137
2,004005 B 1112,7838 3291,5264 11526,382 15462,546 14613,082 8905,453 S 2612,2485 9436,485 11606,567 7695,837 12565,677 6918,5137
2,0053189 B 1112,7838 3291,5264 11526,382 15462,546 14613,082 8905,453 S 2612,2485 9436,485 11606,567 7695,837 12565,677 6918,5137
2,005507 B 1112,7838 3291,5264 11526,382 15462,546 14613,082 8905,453 S 2612,2485 9436,485 11606,567 7695,837 12565,677 6918,5137
2,0057642 B 1112,7838 3291,5264 11526,382 15462,546 14613,082 8905,453 S 2612,2485 9436,485 11606,567 7695,837 12565,677 6918,5137
2,0083513 B 1112,7838 3291,5264 11526,382 15462,546 14613,082 8905,453 S 2612,2485 9436,485 11606,567 7695,837 12565,677 6918,5137
2,0116649 B 1112,7838 3291,5264 11526,382 15462,546 14613,082 8905,453 S 2612,2485 9436,485 11606,567 7695,837 12565,677 6918,5137
2,0129998 B 1112,7838 3291,5264 11526,382 15462,546 14613,082 8905,453 S 2612,2485 9436,485 11606,567 7695,837 12565,677 6918,5137
2,01534 B 1112,7838 3291,5264 11526,382 15462,546 14613,082 8905,453 S 2612,2485 9436,485 11606,567 7695,837 12565,677 6918,5137
2,0148551 B 1112,7838 3291,5264 11526,382 15462,546 14613,082 8905,453 S 2612,2485 9436,485 11606,567 7695,837 12565,677 6918,5137
2,0101924 B 1112,7838 3291,5264 11526,382 15462,546 14613,082 8905,453 S 2612,2485 9436,485 11606,567 7695,837 12565,677 6918,5137
2,0094364 B 1112,7838 3291,5264 11526,382 15462,546 14613,082 8905,453 S 2612,2485 9436,485 11606,567 7695,837 12565,677 6918,5137
2,011717 B 1112,7838 3291,5264 11526,382 15462,546 14613,082 8905,453 S 2612,2485 9436,485 11606,567 7695,837 12565,677 6918,5137
2,013929 B 1112,7838 3291,5264 11526,382 15462,546 14613,082 8905,453 S 2612,2485 9436,485 11606,567 7695,837 12565,677 6918,5137
2,0150003 B 1112,7838 3291,5264 11526,382 15462,546 14613,082 8905,453 S 2612,2485 9436,485 11606,567 7695,837 12565,677 6918,5137
2,0156372 B 1112,7838 3291,5264 11526,382 15462,546 14613,082 8905,453 S 2612,2485 9436,485 11606,567 7695,837 12565,677 6918,5137
2,016 B 1112,7838 3291,5264 11526,382 15462,546 14613,082 8905,453 S 2612,2485 9436,485 11606,567 7695,837 12565,677 6918,5137
2,0160003 B 1112,7838 3291,5264 11526,382 15462,546 14613,082 8905,453 S 2612,2485 9436,485 11606,567 7695,837 12565,677 6918,5137
2,0160005 B 1112,7838 3291,5264 11526,382 15462,546 14613,082 8905,453 S 2612,2485 9436,485 11606,567 7695,837 12565,677 6918,5137
2,0158834 B 1112,7838 3291,5264 11526,382 15462,546 14613,082 8905,453 S 2612,2485 9436,485 11606,567 7695,837 12565,677 6918,5137
2,0112393 B 1112,7838 3291,5264 11526,382 15462,546 14613,082 8905,453 S 2612,2485 9436,485 11606,567 7695,837 12565,677 6918,5137
2,0154839 B 1112,7838 3291,5264 11526,382 15462,546 14613,082 8905,453 S 2612,2485 9436,485 11606,567 7695,837 12565,677 6918,5137
2,0160003 B 1112,7838 3291,5264 11526,382 15462,546 14613,082 8905,453 S 2612,2485 9436,485 11606,567 7695,837 12565,677 6918,5137
2,0156221 B 1112,7838 3291,5264 11526,382 15462,546 14613,082 8905,453 S 2612,2485 9436,485 11606,567 7695,837 12565,677 6918,5137
2,0149999 B 1112,7838 3291,5264 11526,382 15462,546 14613,082 8905,453 S 2612,2485 9436,485 11606,567 7695,837 12565,677 6918,5137
2,016605 B 1112,7838 3291,5264 11526,382 15462,546 14613,082 8905,453 S 2612,2485 9436,485 11606,567 7695,837 12565,677 6918,5137
2,0169272 B 1112,7838 3291,5264 11526,382 15462,546 14613,082 8905,453 S 2612,2485 9436,485 11606,567 7695,837 12565,677 6918,5137
2,015763 B 1112,7838 3291,5264 11526,382 15462,546 14613,082 8905,453 S 2612,2485 9436,485 11606,567 7695,837 12565,677 6918,5137
2,0124564 B 1112,7838 3291,5264 11526,382 15462,546 14613,082 8905,453 S 2612,2485 9436,485 11606,567 7695,837 12565,677 6918,5137
2,0119998 B 1112,7838 3291,5264 11526,382 15462,546 14613,082 8905,453 S 2612,2485 9436,485 11606,567 7695,837 12565,677 6918,5137
2,0120394 B 1112,7838 3291,5264 11526,382 15462,546 14613,082 8905,453 S 2612,2485 9436,485 11606,567 7695,837 12565,677 6918,5137
2,011944 B 1112,7838 3291,5264 11526,382 15462,546 14613,082 8905,453 S 2612,2485 9436,485 11606,567 7695,837 12565,677 6918,5137
2,0085852 B 1112,7838 3291,5264 11526,382 15462,546 14613,082 8905,453 S 2612,2485 9436,485 11606,567 7695,837 12565,677 6918,5137
2,0080001 B 1112,7838 3291,5264 11526,382 15462,546 14613,082 8905,453 S 2612,2485 9436,485 11606,567 7695,837 12565,677 6918,5137
2,0080001 B 1112,7838 3291,5264 11526,382 15462,546 14613,082 8905,453 S 2612,2485 9436,485 11606,567 7695,837 12565,677 6918,5137
2,007146 B 1112,7838 3291,5264 11526,382 15462,546 14613,082 8905,453 S 2612,2485 9436,485 11606,567 7695,837 12565,677 6918,5137
2,0064635 B 1112,7838 3291,5264 11526,382 15462,546 14613,082 8905,453 S 2612,2485 9436,485 11606,567 7695,837 12565,677 6918,5137
2,0051825 B 1112,7838 3291,5264 11526,382 15462,546 14613,082 8905,453 S 2612,2485 9436,485 11606,567 7695,837 12565,677 6918,5137
2,0043623 B 1112,7838 3291,5264 11526,382 15462,546 14613,082 8905,453 S 2612,2485 9436,485 11606,567 7695,837 12565,677 6918,5137
2,0039997 B 1112,7838 3291,5264 11526,382 15462,546 14613,082 8905,453 S 2612,2485 9436,485 11606,567 7695,837 12565,677 6918,5137
2,0043871 B 1112,7838 3291,5264 11526,382 15462,546 14613,082 8905,453 S 2612,2485 9436,485 11606,567 7695,837 12565,677 6918,5137
2,0049996 B 1112,7838 3291,5264 11526,382 15462,546 14613,082 8905,453 S 2612,2485 9436,485 11606,567 7695,837 12565,677 6918,5137
2,0050006 B 1112,7838 3291,5264 11526,382 15462,546 14613,082 8905,453 S 2612,2485 9436,485 11606,567 7695,837 12565,677 6918,5137
2,0046768 B 1112,7838 3291,5264 11526,382 15462,546 14613,082 8905,453 S 2612,2485 9436,485 11606,567 7695,837 12565,677 6918,5137
2,003 B 1112,7838 3291,5264 11526,382 15462,546 14613,082 8905,453 S 2612,2485 9436,485 11606,567 7695,837 12565,677 6918,5137
2,0017424 B 1112,7838 3291,5264 11526,382 15462,546 14613,082 8905,453 S 2612,2485 9436,485 11606,567 7695,837 12565,677 6918,5137
1,9989927 B 1112,7838 3291,5264 11526,382 15462,546 14613,082 8905,453 S 2612,2485 9436,485 11606,567 7695,837 12565,677 6918,5137
2,0010602 B 1112,7838 3291,5264 11526,382 15462,546 14613,082 8905,453 S 2612,2485 9436,485 11606,567 7695,837 12565,677 6918,5137
2,0019999 B 1112,7838 3291,5264 11526,382 15462,546 14613,082 8905,453 S 2612,2485 9436,485 11606,567 7695,837 12565,677 6918,5137
2,003749 B 1112,7838 3291,5264 11526,382 15462,546 14613,082 8905,453 S 2612,2485 9436,485 11606,567 7695,837 12565,677 6918,5137
2,0049999 B 1112,7838 3291,5264 11526,382 15462,546 14613,082 8905,453 S 2612,2485 9436,485 11606,567 7695,837 12565,677 6918,5137
2,0049996 B 1112,7838 3291,5264 11526,382 15462,546 14613,082 8905,453 S 2612,2485 9436,485 11606,567 7695,837 12565,677 6918,5137
2,0049999 B 1112,7838 3291,5264 11526,382 15462,546 14613,082 8905,453 S 2612,2485 9436,485 11606,567 7695,837 12565,677 6918,5137
2,0050004 B 1112,7838 3291,5264 11526,382 15462,546 14613,082 8905,453 S 2612,2485 9436,485 11606,567 7695,837 12565,677 6918,5137
2,0049999 B 1112,7838 3291,5264 11526,382 15462,546 14613,082 8905,453 S 2612,2485 9436,485 11606,567 7695,837 12565,677 6918,5137
2,0052893 B 1112,7838 3291,5264 11526,382 15462,546 14613,082 8905,453 S 2612,2485 9436,485 11606,567 7695,837 12565,677 6918,5137
2,006 B 1112,7838 3291,5264 11526,382 15462,546 14613,082 8905,453 S 2612,2485 9436,485 11606,567 7695,837 12565,677 6918,5137
2,0059998 B 1112,7838 3291,5264 11526,382 15462,546 14613,082 8905,453 S 2612,2485 9436,485 11606,567 7695,837 12565,677 6918,5137
2,0059996 B 1112,7838 3291,5264 11526,382 15462,546 14613,082 8905,453 S 2612,2485 9436,485 11606,567 7695,837 12565,677 6918,5137
2,0060003 B 1112,7838 3291,5264 11526,382 15462,546 14613,082 8905,453 S 2612,2485 9436,485 11606,567 7695,837 12565,677 6918,5137
2,0060003 B 1112,7838 3291,5264 11526,382 15462,546 14613,082 8905,453 S 2612,2485 9436,485 11606,567 7695,837 12565,677 6918,5137
2,0060005 B 1112,7838 3291,5264 11526,382 15462,546 14613,082 8905,453 S 2612,2485 9436,485 11606,567 7695,837 12565,677 6918,5137
2,0059996 B 1112,7838 3291,5264 11526,382 15462,546 14613,082 8905,453 S 2612,2485 9436,485 11606,567 7695,837 12565,677 6918,5137
2,0059996 B 1112,7838 3291,5264 11526,382 15462,546 14613,082 8905,453 S 2612,2485 9436,485 11606,567 7695,837 12565,677 6918,5137
2,005593 B 1112,7838 3291,5264 11526,382 15462,546 14613,082 8905,453 S 2612,2485 9436,485 11606,567 7695,837 12565,677 6918,5137
2,0040002 B 1112,7838 3291,5264 11526,382 15462,546 14613,082 8905,453 S 2612,2485 9436,485 11606,567 7695,837 12565,677 6918,5137
2,0049217 B 1112,7838 3291,5264 11526,382 15462,546 14613,082 8905,453 S 2612,2485 9436,485 11606,567 7695,837 12565,677 6918,5137
2,004983 B 1112,7838 3291,5264 11526,382 15462,546 14613,082 8905,453 S 2612,2485 9436,485 11606,567 7695,837 12565,677 6918,5137
2,004833 B 1112,7838 3291,5264 11526,382 15462,546 14613,082 8905,453 S 2612,2485 9436,485 11606,567 7695,837 12565,677 6918,5137
1,9991767 B 1112,7838 3291,5264 11526,382 15462,546 14613,082 8905,453 S 2612,2485 9436,485 11606,567 7695,837 12565,677 6918,5137
1,9990011 B 1112,7838 3291,5264 11526,382 15462,546 14613,082 8905,453 S 2612,2485 9436,485 11606,567 7695,837 12565,677 6918,5137
1,9990003 B 1112,7838 3291,5264 11526,382 15462,546 14613,082 8905,453 S 2612,2485 9436,485 11606,567 7695,837 12565,677 6918,5137
1,9990003 B 1112,7838 3291,5264 11526,382 15462,546 14613,082 8905,453 S 2612,2485 9436,485 11606,567 7695,837 12565,677 6918,5137
1,9989995 B 1112,7838 3291,5264 11526,382 15462,546 14613,082 8905,453 S 2612,2485 9436,485 11606,567 7695,837 12565,677 6918,5137
1,9990002 B 1112,7838 3291,5264 11526,382 15462,546 14613,082 8905,453 S 2612,2485 9436,485 11606,567 7695,837 12565,677 6918,5137
1,9989998 B 1112,7838 3291,5264 11526,382 15462,546 14613,082 8905,453 S 2612,2485 9436,485 11606,567 7695,837 12565,677 6918,5137
1,9993477 B 1112,7838 3291,5264 11526,382 15462,546 14613,082 8905,453 S 2612,2485 9436,485 11606,567 7695,837 12565,677 6918,5137
2 B 1112,7838 3291,5264 11526,382 15462,546 14613,082 8905,453 S 2612,2485 9436,485 11606,567 7695,837 12565,677 6918,5137
2 B 1112,7838 3291,5264 11526,382 15462,546 14613,082 8905,453 S 2612,2485 9436,485 11606,567 7695,837 12565,677 6918,5137
2 B 1112,7838 3291,5264 11526,382 15462,546 14613,082 8905,453 S 2612,2485 9436,485 11606,567 7695,837 12565,677 6918,5137
2 B 1112,7838 3291,5264 11526,382 15462,546 14613,082 8905,453 S 2612,2485 9436,485 11606,567 7695,837 12565,677 6918,5137
2 B 1112,7838 3291,5264 11526,382 15462,546 14613,082 8905,453 S 2612,2485 9436,485 11606,567 7695,837 12565,677 6918,5137
2,0028942 B 1112,7838 3291,5264 11526,382 15462,546 14613,082 8905,453 S 2612,2485 9436,485 11606,567 7695,837 12565,677 6918,5137
2,003 B 1112,7838 3291,5264 11526,382 15462,546 14613,082 8905,453 S 2612,2485 9436,485 11606,567 7695,837 12565,677 6918,5137
2,003 B 1112,7838 3291,5264 11526,382 15462,546 14613,082 8905,453 S 2612,2485 9436,485 11606,567 7695,837 12565,677 6918,5137
2,003 B 1112,7838 3291,5264 11526,382 15462,546 14613,082 8905,453 S 2612,2485 9436,485 11606,567 7695,837 12565,677 6918,5137
2,0000265 B 1112,7838 3291,5264 11526,382 15462,546 14613,082 8905,453 S 2612,2485 9436,485 11606,567 7695,837 12565,677 6918,5137
1,9980005 B 1112,7838 3291,5264 11526,382 15462,546 14613,082 8905,453 S 2612,2485 9436,485 11606,567 7695,837 12565,677 6918,5137
1,9979997 B 1112,7838 3291,5264 11526,382 15462,546 14613,082 8905,453 S 2612,2485 9436,485 11606,567 7695,837 12565,677 6918,5137
1,9979997 B 1112,7838 3291,5264 11526,382 15462,546 14613,082 8905,453 S 2612,2485 9436,485 11606,567 7695,837 12565,677 6918,5137
1,9979999 B 1112,7838 3291,5264 11526,382 15462,546 14613,082 8905,453 S 2612,2485 9436,485 11606,567 7695,837 12565,677 6918,5137
1,9989711 B 1112,7838 3291,5264 11526,382 15462,546 14613,082 8905,453 S 2612,2485 9436,485 11606,567 7695,837 12565,677 6918,5137
1,999 B 1112,7838 3291,5264 11526,382 15462,546 14613,082 8905,453 S 2612,2485 9436,485 11606,567 7695,837 12565,677 6918,5137
1,9972229 B 1112,7838 3291,5264 11526,382 15462,546 14613,082 8905,453 S 2612,2485 9436,485 11606,567 7695,837 12565,677 6918,5137
1,9952781 B 1112,7838 3291,5264 11526,382 15462,546 14613,082 8905,453 S 2612,2485 9436,485 11606,567 7695,837 12565,677 6918,5137
1,9948657 B 1112,7838 3291,5264 11526,382 15462,546 14613,082 8905,453 S 2612,2485 9436,485 11606,567 7695,837 12565,677 6918,5137
1,9939995 B 1112,7838 3291,5264 11526,382 15462,546 14613,082 8905,453 S 2612,2485 9436,485 11606,567 7695,837 12565,677 6918,5137
1,9939996 B 1112,7838 3291,5264 11526,382 15462,546 14613,082 8905,453 S 2612,2485 9436,485 11606,567 7695,837 12565,677 6918,5137
1,9914883 B 1112,7838 3291,5264 11526,382 15462,546 14613,082 8905,453 S 2612,2485 9436,485 11606,567 7695,837 12565,677 6918,5137
1,9909997 B 1112,7838 3291,5264 11526,382 15462,546 14613,082 8905,453 S 2612,2485 9436,485 11606,567 7695,837 12565,677 6918,5137
1,9922698 B 1112,7838 3291,5264 11526,382 15462,546 14613,082 8905,453 S 2612,2485 9436,485 11606,567 7695,837 12565,677 6918,5137
1,993 B 1112,7838 3291,5264 11526,382 15462,546 14613,082 8905,453 S 2612,2485 9436,485 11606,567 7695,837 12565,677 6918,5137
1,9930693 B 1112,7838 3291,5264 11526,382 15462,546 14613,082 8905,453 S 2612,2485 9436,485 11606,567 7695,837 12565,677 6918,5137
1,9951297 B 1112,7838 3291,5264 11526,382 15462,546 14613,082 8905,453 S 2612,2485 9436,485 11606,567 7695,837 12565,677 6918,5137
1,9960004 B 1112,7838 3291,5264 11526,382 15462,546 14613,082 8905,453 S 2612,2485 9436,485 11606,567 7695,837 12565,677 6918,5137
1,9945012 B 1112,7838 3291,5264 11526,382 15462,546 14613,082 8905,453 S 2612,2485 9436,485 11606,567 7695,837 12565,677 6918,5137
1,9939998 B 1112,7838 3291,5264 11526,382 15462,546 14613,082 8905,453 S 2612,2485 9436,485 11606,567 7695,837 12565,677 6918,5137
1,9940007 B 1112,7838 3291,5264 11526,382 15462,546 14613,082 8905,453 S 2612,2485 9436,485 11606,567 7695,837 12565,677 6918,5137
1,9931488 B 1112,7838 3291,5264 11526,382 15462,546 14613,082 8905,453 S 2612,2485 9436,485 11606,567 7695,837 12565,677 6918,5137
1,9920005 B 1112,7838 3291,5264 11526,382 15462,546 14613,082 8905,453 S 2612,2485 9436,485 11606,567 7695,837 12565,677 6918,5137
1,9919995 B 1112,7838 3291,5264 11526,382 15462,546 14613,082 8905,453 S 2612,2485 9436,485 11606,567 7695,837 12565,677 6918,5137
1,9916098 B 1112,7838 3291,5264 11526,382 15462,546 14613,082 8905,453 S 2612,2485 9436,485 11606,567 7695,837 12565,677 6918,5137
1,9869438 B 1112,7838 3291,5264 11526,382 15462,546 14613,082 8905,453 S 2612,2485 9436,485 11606,567 7695,837 12565,677 6918,5137
1,9849575 B 1112,7838 3291,5264 11526,382 15462,546 14613,082 8905,453 S 2612,2485 9436,485 11606,567 7695,837 12565,677 6918,5137
1,9805332 B 1112,7838 3291,5264 11526,382 15462,546 14613,082 8905,453 S 2612,2485 9436,485 11606,567 7695,837 12565,677 6918,5137
1,9817508 B 1112,7838 3291,5264 11526,382 15462,546 14613,082 8905,453 S 2612,2485 9436,485 11606,567 7695,837 12565,677 6918,5137
1,9817837 B 1112,7838 3291,5264 11526,382 15462,546 14613,082 8905,453 S 2612,2485 9436,485 11606,567 7695,837 12565,677 6918,5137
1,9828823 B 1112,7838 3291,5264 11526,382 15462,546 14613,082 8905,453 S 2612,2485 9436,485 11606,567 7695,837 12565,677 6918,5137
1,9783416 B 1112,7838 3291,5264 11526,382 15462,546 14613,082 8905,453 S 2612,2485 9436,485 11606,567 7695,837 12565,677 6918,5137
1,975603 B 1112,7838 3291,5264 11526,382 15462,546 14613,082 8905,453 S 2612,2485 9436,485 11606,567 7695,837 12565,677 6918,5137
1,9723125 B 1112,7838 3291,5264 11526,382 15462,546 14613,082 8905,453 S 2612,2485 9436,485 11606,567 7695,837 12565,677 6918,5137
1,9728658 B 1112,7838 3291,5264 11526,382 15462,546 14613,082 8905,453 S 2612,2485 9436,485 11606,567 7695,837 12565,677 6918,5137
1,9727001 B 1112,7838 3291,5264 11526,382 15462,546 14613,082 8905,453 S 2612,2485 9436,485 11606,567 7695,837 12565,677 6918,5137
1,9710044 B 1112,7838 3291,5264 11526,382 15462,546 14613,082 8905,453 S 2612,2485 9436,485 11606,567 7695,837 12565,677 6918,5137
1,9730004 B 1112,7838 3291,5264 11526,382 15462,546 14613,082 8905,453 S 2612,2485 9436,485 11606,567 7695,837 12565,677 6918,5137
1,9742408 B 1112,7838 3291,5264 11526,382 15462,546 14613,082 8905,453 S 2612,2485 9436,485 11606,567 7695,837 12565,677 6918,5137
1,9729637 B 1112,7838 3291,5264 11526,382 15462,546 14613,082 8905,453 S 2612,2485 9436,485 11606,567 7695,837 12565,677 6918,5137
1,9737716 B 1112,7838 3291,5264 11526,382 15462,546 14613,082 8905,453 S 2612,2485 9436,485 11606,567 7695,837 12565,677 6918,5137
1,9765755 B 1112,7838 3291,5264 11526,382 15462,546 14613,082 8905,453 S 2612,2485 9436,485 11606,567 7695,837 12565,677 6918,5137
1,9792591 B 1112,7838 3291,5264 11526,382 15462,546 14613,082 8905,453 S 2612,2485 9436,485 11606,567 7695,837 12565,677 6918,5137
1,9800003 B 1112,7838 3291,5264 11526,382 15462,546 14613,082 8905,453 S 2612,2485 9436,485 11606,567 7695,837 12565,677 6918,5137
1,98 B 1112,7838 3291,5264 11526,382 15462,546 14613,082 8905,453 S 2612,2485 9436,485 11606,567 7695,837 12565,677 6918,5137
1,9800004 B 1112,7838 3291,5264 11526,382 15462,546 14613,082 8905,453 S 2612,2485 9436,485 11606,567 7695,837 12565,677 6918,5137
1,9800129 B 1112,7838 3291,5264 11526,382 15462,546 14613,082 8905,453 S 2612,2485 9436,485 11606,567 7695,837 12565,677 6918,5137
1,9810001 B 1112,7838 3291,5264 11526,382 15462,546 14613,082 8905,453 S 2612,2485 9436,485 11606,567 7695,837 12565,677 6918,5137
1,9810002 B 1112,7838 3291,5264 11526,382 15462,546 14613,082 8905,453 S 2612,2485 9436,485 11606,567 7695,837 12565,677 6918,5137
1,9809996 B 1112,7838 3291,5264 11526,382 15462,546 14613,082 8905,453 S 2612,2485 9436,485 11606,567 7695,837 12565,677 6918,5137
1,9810001 B 1112,7838 3291,5264 11526,382 15462,546 14613,082 8905,453 S 2612,2485 9436,485 11606,567 7695,837 12565,677 6918,5137
1,9810008 B 1112,7838 3291,5264 11526,382 15462,546 14613,082 8905,453 S 2612,2485 9436,485 11606,567 7695,837 12565,677 6918,5137
1,9810001 B 1112,7838 3291,5264 11526,382 15462,546 14613,082 8905,453 S 2612,2485 9436,485 11606,567 7695,837 12565,677 6918,5137
1,9809998 B 1112,7838 3291,5264 11526,382 15462,546 14613,082 8905,453 S 2612,2485 9436,485 11606,567 7695,837 12565,677 6918,5137
1,982168 B 1112,7838 3291,5264 11526,382 15462,546 14613,082 8905,453 S 2612,2485 9436,485 11606,567 7695,837 12565,677 6918,5137
1,9830005 B 1112,7838 3291,5264 11526,382 15462,546 14613,082 8905,453 S 2612,2485 9436,485 11606,567 7695,837 12565,677 6918,5137
1,9829999 B 1112,7838 3291,5264 11526,382 15462,546 14613,082 8905,453 S 2612,2485 9436,485 11606,567 7695,837 12565,677 6918,5137
1,9829999 B 1112,7838 3291,5264 11526,382 15462,546 14613,082 8905,453 S 2612,2485 9436,485 11606,567 7695,837 12565,677 6918,5137
1,982032 B 1112,7838 3291,5264 11526,382 15462,546 14613,082 8905,453 S 2612,2485 9436,485 11606,567 7695,837 12565,677 6918,5137
1,9819998 B 1112,7838 3291,5264 11526,382 15462,546 14613,082 8905,453 S 2612,2485 9436,485 11606,567 7695,837 12565,677 6918,5137
1,9835931 B 1112,7838 3291,5264 11526,382 15462,546 14613,082 8905,453 S 2612,2485 9436,485 11606,567 7695,837 12565,677 6918,5137
1,9850003 B 1112,7838 3291,5264 11526,382 15462,546 14613,082 8905,453 S 2612,2485 9436,485 11606,567 7695,837 12565,677 6918,5137
1,9850003 B 1112,7838 3291,5264 11526,382 15462,546 14613,082 8905,453 S 2612,2485 9436,485 11606,567 7695,837 12565,677 6918,5137
1,985171 B 1112,7838 3291,5264 11526,382 15462,546 14613,082 8905,453 S 2612,2485 9436,485 11606,567 7695,837 12565,677 6918,5137
1,9861931 B 1112,7838 3291,5264 11526,382 15462,546 14613,082 8905,453 S 2612,2485 9436,485 11606,567 7695,837 12565,677 6918,5137
1,9869999 B 1112,7838 3291,5264 11526,382 15462,546 14613,082 8905,453 S 2612,2485 9436,485 11606,567 7695,837 12565,677 6918,5137
1,9864426 B 1112,7838 3291,5264 11526,382 15462,546 14613,082 8905,453 S 2612,2485 9436,485 11606,567 7695,837 12565,677 6918,5137
1,9842505 B 1112,7838 3291,5264 11526,382 15462,546 14613,082 8905,453 S 2612,2485 9436,485 11606,567 7695,837 12565,677 6918,5137
1,984 B 1112,7838 3291,5264 11526,382 15462,546 14613,082 8905,453 S 2612,2485 9436,485 11606,567 7695,837 12565,677 6918,5137
1,9838632 B 1112,7838 3291,5264 11526,382 15462,546 14613,082 8905,453 S 2612,2485 9436,485 11606,567 7695,837 12565,677 6918,5137
1,9829998 B 1112,7838 3291,5264 11526,382 15462,546 14613,082 8905,453 S 2612,2485 9436,485 11606,567 7695,837 12565,677 6918,5137
1,9830003 B 1112,7838 3291,5264 11526,382 15462,546 14613,082 8905,453 S 2612,2485 9436,485 11606,567 7695,837 12565,677 6918,5137
1,9829997 B 1112,7838 3291,5264 11526,382 15462,546 14613,082 8905,453 S 2612,2485 9436,485 11606,567 7695,837 12565,677 6918,5137
1,9830004 B 1112,7838 3291,5264 11526,382 15462,546 14613,082 8905,453 S 2612,2485 9436,485 11606,567 7695,837 12565,677 6918,5137
1,9839462 B 1112,7838 3291,5264 11526,382 15462,546 14613,082 8905,453 S 2612,2485 9436,485 11606,567 7695,837 12565,677 6918,5137
1,9849999 B 1112,7838 3291,5264 11526,382 15462,546 14613,082 8905,453 S 2612,2485 9436,485 11606,567 7695,837 12565,677 6918,5137
1,9850003 B 1112,7838 3291,5264 11526,382 15462,546 14613,082 8905,453 S 2612,2485 9436,485 11606,567 7695,837 12565,677 6918,5137
1,9867101 B 1112,7838 3291,5264 11526,382 15462,546 14613,082 8905,453 S 2612,2485 9436,485 11606,567 7695,837 12565,677 6918,5137
1,9879997 B 1112,7838 3291,5264 11526,382 15462,546 14613,082 8905,453 S 2612,2485 9436,485 11606,567 7695,837 12565,677 6918,5137
1,9880003 B 1112,7838 3291,5264 11526,382 15462,546 14613,082 8905,453 S 2612,2485 9436,485 11606,567 7695,837 12565,677 6918,5137
1,988519 B 1112,7838 3291,5264 11526,382 15462,546 14613,082 8905,453 S 2612,2485 9436,485 11606,567 7695,837 12565,677 6918,5137
1,9897099 B 1112,7838 3291,5264 11526,382 15462,546 14613,082 8905,453 S 2612,2485 9436,485 11606,567 7695,837 12565,677 6918,5137
1,9900006 B 1112,7838 3291,5264 11526,382 15462,546 14613,082 8905,453 S 2612,2485 9436,485 11606,567 7695,837 12565,677 6918,5137
1,9899998 B 1112,7838 3291,5264 11526,382 15462,546 14613,082 8905,453 S 2612,2485 9436,485 11606,567 7695,837 12565,677 6918,5137
1,9900004 B 1112,7838 3291,5264 11526,382 15462,546 14613,082 8905,453 S 2612,2485 9436,485 11606,567 7695,837 12565,677 6918,5137
1,9900008 B 1112,7838 3291,5264 11526,382 15462,546 14613,082 8905,453 S 2612,2485 9436,485 11606,567 7695,837 12565,677 6918,5137
1,9900004 B 1112,7838 3291,5264 11526,382 15462,546 14613,082 8905,453 S 2612,2485 9436,485 11606,567 7695,837 12565,677 6918,5137
1,9909935 B 1112,7838 3291,5264 11526,382 15462,546 14613,082 8905,453 S 2612,2485 9436,485 11606,567 7695,837 12565,677 6918,5137
1,99552 B 1112,7838 3291,5264 11526,382 15462,546 14613,082 8905,453 S 2612,2485 9436,485 11606,567 7695,837 12565,677 6918,5137
1,9949422 B 1112,7838 3291,5264 11526,382 15462,546 14613,082 8905,453 S 2612,2485 9436,485 11606,567 7695,837 12565,677 6918,5137
1,9945323 B 1112,7838 3291,5264 11526,382 15462,546 14613,082 8905,453 S 2612,2485 9436,485 11606,567 7695,837 12565,677 6918,5137
1,9968147 B 1112,7838 3291,5264 11526,382 15462,546 14613,082 8905,453 S 2612,2485 9436,485 11606,567 7695,837 12565,677 6918,5137
1,9970008 B 1112,7838 3291,5264 11526,382 15462,546 14613,082 8905,453 S 2612,2485 9436,485 11606,567 7695,837 12565,677 6918,5137
1,997 B 1112,7838 3291,5264 11526,382 15462,546 14613,082 8905,453 S 2612,2485 9436,485 11606,567 7695,837 12565,677 6918,5137
1,9952484 B 1112,7838 3291,5264 11526,382 15462,546 14613,082 8905,453 S 2612,2485 9436,485 11606,567 7695,837 12565,677 6918,5137
1,9972018 B 1112,7838 3291,5264 11526,382 15462,546 14613,082 8905,453 S 2612,2485 9436,485 11606,567 7695,837 12565,677 6918,5137
1,998 B 1112,7838 3291,5264 11526,382 15462,546 14613,082 8905,453 S 2612,2485 9436,485 11606,567 7695,837 12565,677 6918,5137
1,9982666 B 1112,7838 3291,5264 11526,382 15462,546 14613,082 8905,453 S 2612,2485 9436,485 11606,567 7695,837 12565,677 6918,5137
1,999 B 1112,7838 3291,5264 11526,382 15462,546 14613,082 8905,453 S 2612,2485 9436,485 11606,567 7695,837 12565,677 6918,5137
1,9990001 B 1112,7838 3291,5264 11526,382 15462,546 14613,082 8905,453 S 2612,2485 9436,485 11606,567 7695,837 12565,677 6918,5137
1,9990001 B 1112,7838 3291,5264 11526,382 15462,546 14613,082 8905,453 S 2612,2485 9436,485 11606,567 7695,837 12565,677 6918,5137
1,9990003 B 1112,7838 3291,5264 11526,382 15462,546 14613,082 8905,453 S 2612,2485 9436,485 11606,567 7695,837 12565,677 6918,5137
1,999 B 1112,7838 3291,5264 11526,382 15462,546 14613,082 8905,453 S 2612,2485 9436,485 11606,567 7695,837 12565,677 6918,5137
1,9990002 B 1112,7838 3291,5264 11526,382 15462,546 14613,082 8905,453 S 2612,2485 9436,485 11606,567 7695,837 12565,677 6918,5137
1,999022 B 1112,7838 3291,5264 11526,382 15462,546 14613,082 8905,453 S 2612,2485 9436,485 11606,567 7695,837 12565,677 6918,5137
2,000934 B 1112,7838 3291,5264 11526,382 15462,546 14613,082 8905,453 S 2612,2485 9436,485 11606,567 7695,837 12565,677 6918,5137
2,002 B 1112,7838 3291,5264 11526,382 15462,546 14613,082 8905,453 S 2612,2485 9436,485 11606,567 7695,837 12565,677 6918,5137
2,0021663 B 1112,7838 3291,5264 11526,382 15462,546 14613,082 8905,453 S 2612,2485 9436,485 11606,567 7695,837 12565,677 6918,5137
2,002391 B 1112,7838 3291,5264 11526,382 15462,546 14613,082 8905,453 S 2612,2485 9436,485 11606,567 7695,837 12565,677 6918,5137
2,0029998 B 1112,7838 3291,5264 11526,382 15462,546 14613,082 8905,453 S 2612,2485 9436,485 11606,567 7695,837 12565,677 6918,5137
2,002449 B 1112,7838 3291,5264 11526,382 15462,546 14613,082 8905,453 S 2612,2485 9436,485 11606,567 7695,837 12565,677 6918,5137
2 B 1112,7838 3291,5264 11526,382 15462,546 14613,082 8905,453 S 2612,2485 9436,485 11606,567 7695,837 12565,677 6918,5137
2 B 1112,7838 3291,5264 11526,382 15462,546 14613,082 8905,453 S 2612,2485 9436,485 11606,567 7695,837 12565,677 6918,5137
2 B 1112,7838 3291,5264 11526,382 15462,546 14613,082 8905,453 S 2612,2485 9436,485 11606,567 7695,837 12565,677 6918,5137
2 B 1112,7838 3291,5264 11526,382 15462,546 14613,082 8905,453 S 2612,2485 9436,485 11606,567 7695,837 12565,677 6918,5137
1,9983989 B 1112,7838 3291,5264 11526,382 15462,546 14613,082 8905,453 S 2612,2485 9436,485 11606,567 7695,837 12565,677 6918,5137
1,9996699 B 1112,7838 3291,5264 11526,382 15462,546 14613,082 8905,453 S 2612,2485 9436,485 11606,567 7695,837 12565,677 6918,5137
2 B 1112,7838 3291,5264 11526,382 15462,546 14613,082 8905,453 S 2612,2485 9436,485 11606,567 7695,837 12565,677 6918,5137
2 B 1112,7838 3291,5264 11526,382 15462,546 14613,082 8905,453 S 2612,2485 9436,485 11606,567 7695,837 12565,677 6918,5137
2 B 1112,7838 3291,5264 11526,382 15462,546 14613,082 8905,453 S 2612,2485 9436,485 11606,567 7695,837 12565,677 6918,5137
2 B 1112,7838 3291,5264 11526,382 15462,546 14613,082 8905,453 S 2612,2485 9436,485 11606,567 7695,837 12565,677 6918,5137
1,9996833 B 1112,7838 3291,5264 11526,382 15462,546 14613,082 8905,453 S 2612,2485 9436,485 11606,567 7695,837 12565,677 6918,5137
1,9970012 B 1112,7838 3291,5264 11526,382 15462,546 14613,082 8905,453 S 2612,2485 9436,485 11606,567 7695,837 12565,677 6918,5137
1,9970003 B 1112,7838 3291,5264 11526,382 15462,546 14613,082 8905,453 S 2612,2485 9436,485 11606,567 7695,837 12565,677 6918,5137
1,9970006 B 1112,7838 3291,5264 11526,382 15462,546 14613,082 8905,453 S 2612,2485 9436,485 11606,567 7695,837 12565,677 6918,5137
1,9970005 B 1112,7838 3291,5264 11526,382 15462,546 14613,082 8905,453 S 2612,2485 9436,485 11606,567 7695,837 12565,677 6918,5137
1,9970003 B 1112,7838 3291,5264 11526,382 15462,546 14613,082 8905,453 S 2612,2485 9436,485 11606,567 7695,837 12565,677 6918,5137
