1,9829233
1,9870001 B 815,8594 6909,2363 13978,548 5180,075 9302,99 11083,162 S 807,685 2574,329 6185,5405 5420,061 2498,9832 7298,691
1,9869608 B 815,8594 6909,2363 13978,548 5180,075 9302,99 11083,162 S 807,685 2574,329 6185,5405 5420,061 2498,9832 7298,691
1,9833454 B 815,8594 6909,2363 13978,548 5180,075 9302,99 11083,162 S 807,685 2574,329 6185,5405 5420,061 2498,9832 7298,691
1,9820006 B 815,8594 6909,2363 13978,548 5180,075 9302,99 11083,162 S 807,685 2574,329 6185,5405 5420,061 2498,9832 7298,691
1,9819998 B 815,8594 6909,2363 13978,548 5180,075 9302,99 11083,162 S 807,685 2574,329 6185,5405 5420,061 2498,9832 7298,691
1,983578 B 815,8594 6909,2363 13978,548 5180,075 9302,99 11083,162 S 807,685 2574,329 6185,5405 5420,061 2498,9832 7298,691
1,9839998 B 815,8594 6909,2363 13978,548 5180,075 9302,99 11083,162 S 807,685 2574,329 6185,5405 5420,061 2498,9832 7298,691
1,9834487 B 815,8594 6909,2363 13978,548 5180,075 9302,99 11083,162 S 807,685 2574,329 6185,5405 5420,061 2498,9832 7298,691
1,9754635 B 815,8594 6909,2363 13978,548 5180,075 9302,99 11083,162 S 807,685 2574,329 6185,5405 5420,061 2498,9832 7298,691
1,9706684 B 815,8594 6909,2363 13978,548 5180,075 9302,99 11083,162 S 807,685 2574,329 6185,5405 5420,061 2498,9832 7298,691
1,9663258 B 815,8594 6909,2363 13978,548 5180,075 9302,99 11083,162 S 807,685 2574,329 6185,5405 5420,061 2498,9832 7298,691
1,9676303 B 815,8594 6909,2363 13978,548 5180,075 9302,99 11083,162 S 807,685 2574,329 6185,5405 5420,061 2498,9832 7298,691
1,967378 B 815,8594 6909,2363 13978,548 5180,075 9302,99 11083,162 S 807,685 2574,329 6185,5405 5420,061 2498,9832 7298,691
1,9681731 B 815,8594 6909,2363 13978,548 5180,075 9302,99 11083,162 S 807,685 2574,329 6185,5405 5420,061 2498,9832 7298,691
1,9713613 B 815,8594 6909,2363 13978,548 5180,075 9302,99 11083,162 S 807,685 2574,329 6185,5405 5420,061 2498,9832 7298,691
1,9730004 B 815,8594 6909,2363 13978,548 5180,075 9302,99 11083,162 S 807,685 2574,329 6185,5405 5420,061 2498,9832 7298,691
1,9730004 B 815,8594 6909,2363 13978,548 5180,075 9302,99 11083,162 S 807,685 2574,329 6185,5405 5420,061 2498,9832 7298,691
1,973 B 815,8594 6909,2363 13978,548 5180,075 9302,99 11083,162 S 807,685 2574,329 6185,5405 5420,061 2498,9832 7298,691
1,973 B 815,8594 6909,2363 13978,548 5180,075 9302,99 11083,162 S 807,685 2574,329 6185,5405 5420,061 2498,9832 7298,691
1,9750874 B 815,8594 6909,2363 13978,548 5180,075 9302,99 11083,162 S 807,685 2574,329 6185,5405 5420,061 2498,9832 7298,691
1,9770007 B 815,8594 6909,2363 13978,548 5180,075 9302,99 11083,162 S 807,685 2574,329 6185,5405 5420,061 2498,9832 7298,691
1,9770004 B 815,8594 6909,2363 13978,548 5180,075 9302,99 11083,162 S 807,685 2574,329 6185,5405 5420,061 2498,9832 7298,691
1,9761593 B 815,8594 6909,2363 13978,548 5180,075 9302,99 11083,162 S 807,685 2574,329 6185,5405 5420,061 2498,9832 7298,691
1,9767957 B 815,8594 6909,2363 13978,548 5180,075 9302,99 11083,162 S 807,685 2574,329 6185,5405 5420,061 2498,9832 7298,691
1,976001 B 815,8594 6909,2363 13978,548 5180,075 9302,99 11083,162 S 807,685 2574,329 6185,5405 5420,061 2498,9832 7298,691
1,9760004 B 815,8594 6909,2363 13978,548 5180,075 9302,99 11083,162 S 807,685 2574,329 6185,5405 5420,061 2498,9832 7298,691
1,9760001 B 815,8594 6909,2363 13978,548 5180,075 9302,99 11083,162 S 807,685 2574,329 6185,5405 5420,061 2498,9832 7298,691
1,9764426 B 815,8594 6909,2363 13978,548 5180,075 9302,99 11083,162 S 807,685 2574,329 6185,5405 5420,061 2498,9832 7298,691
1,977 B 815,8594 6909,2363 13978,548 5180,075 9302,99 11083,162 S 807,685 2574,329 6185,5405 5420,061 2498,9832 7298,691
1,9769996 B 815,8594 6909,2363 13978,548 5180,075 9302,99 11083,162 S 807,685 2574,329 6185,5405 5420,061 2498,9832 7298,691
1,9793516 B 815,8594 6909,2363 13978,548 5180,075 9302,99 11083,162 S 807,685 2574,329 6185,5405 5420,061 2498,9832 7298,691
1,981815 B 815,8594 6909,2363 13978,548 5180,075 9302,99 11083,162 S 807,685 2574,329 6185,5405 5420,061 2498,9832 7298,691
1,9820005 B 815,8594 6909,2363 13978,548 5180,075 9302,99 11083,162 S 807,685 2574,329 6185,5405 5420,061 2498,9832 7298,691
1,9819999 B 815,8594 6909,2363 13978,548 5180,075 9302,99 11083,162 S 807,685 2574,329 6185,5405 5420,061 2498,9832 7298,691
1,9820002 B 815,8594 6909,2363 13978,548 5180,075 9302,99 11083,162 S 807,685 2574,329 6185,5405 5420,061 2498,9832 7298,691
1,983115 B 815,8594 6909,2363 13978,548 5180,075 9302,99 11083,162 S 807,685 2574,329 6185,5405 5420,061 2498,9832 7298,691
1,984 B 815,8594 6909,2363 13978,548 5180,075 9302,99 11083,162 S 807,685 2574,329 6185,5405 5420,061 2498,9832 7298,691
1,9840006 B 815,8594 6909,2363 13978,548 5180,075 9302,99 11083,162 S 807,685 2574,329 6185,5405 5420,061 2498,9832 7298,691
1,9848164 B 815,8594 6909,2363 13978,548 5180,075 9302,99 11083,162 S 807,685 2574,329 6185,5405 5420,061 2498,9832 7298,691
1,9849995 B 815,8594 6909,2363 13978,548 5180,075 9302,99 11083,162 S 807,685 2574,329 6185,5405 5420,061 2498,9832 7298,691
1,9849999 B 815,8594 6909,2363 13978,548 5180,075 9302,99 11083,162 S 807,685 2574,329 6185,5405 5420,061 2498,9832 7298,691
1,9849999 B 815,8594 6909,2363 13978,548 5180,075 9302,99 11083,162 S 807,685 2574,329 6185,5405 5420,061 2498,9832 7298,691
1,9850003 B 815,8594 6909,2363 13978,548 5180,075 9302,99 11083,162 S 807,685 2574,329 6185,5405 5420,061 2498,9832 7298,691
1,9849998 B 815,8594 6909,2363 13978,548 5180,075 9302,99 11083,162 S 807,685 2574,329 6185,5405 5420,061 2498,9832 7298,691
1,9841851 B 815,8594 6909,2363 13978,548 5180,075 9302,99 11083,162 S 807,685 2574,329 6185,5405 5420,061 2498,9832 7298,691
1,9839998 B 815,8594 6909,2363 13978,548 5180,075 9302,99 11083,162 S 807,685 2574,329 6185,5405 5420,061 2498,9832 7298,691
1,9839998 B 815,8594 6909,2363 13978,548 5180,075 9302,99 11083,162 S 807,685 2574,329 6185,5405 5420,061 2498,9832 7298,691
1,9839997 B 815,8594 6909,2363 13978,548 5180,075 9302,99 11083,162 S 807,685 2574,329 6185,5405 5420,061 2498,9832 7298,691
1,9837754 B 815,8594 6909,2363 13978,548 5180,075 9302,99 11083,162 S 807,685 2574,329 6185,5405 5420,061 2498,9832 7298,691
1,983 B 815,8594 6909,2363 13978,548 5180,075 9302,99 11083,162 S 807,685 2574,329 6185,5405 5420,061 2498,9832 7298,691
1,9845649 B 815,8594 6909,2363 13978,548 5180,075 9302,99 11083,162 S 807,685 2574,329 6185,5405 5420,061 2498,9832 7298,691
1,9870007 B 815,8594 6909,2363 13978,548 5180,075 9302,99 11083,162 S 807,685 2574,329 6185,5405 5420,061 2498,9832 7298,691
1,9870001 B 815,8594 6909,2363 13978,548 5180,075 9302,99 11083,162 S 807,685 2574,329 6185,5405 5420,061 2498,9832 7298,691
1,9866141 B 815,8594 6909,2363 13978,548 5180,075 9302,99 11083,162 S 807,685 2574,329 6185,5405 5420,061 2498,9832 7298,691
1,986 B 815,8594 6909,2363 13978,548 5180,075 9302,99 11083,162 S 807,685 2574,329 6185,5405 5420,061 2498,9832 7298,691
1,9857908 B 815,8594 6909,2363 13978,548 5180,075 9302,99 11083,162 S 807,685 2574,329 6185,5405 5420,061 2498,9832 7298,691
1,985 B 815,8594 6909,2363 13978,548 5180,075 9302,99 11083,162 S 807,685 2574,329 6185,5405 5420,061 2498,9832 7298,691
1,985 B 815,8594 6909,2363 13978,548 5180,075 9302,99 11083,162 S 807,685 2574,329 6185,5405 5420,061 2498,9832 7298,691
1,9850001 B 815,8594 6909,2363 13978,548 5180,075 9302,99 11083,162 S 807,685 2574,329 6185,5405 5420,061 2498,9832 7298,691
1,9850006 B 815,8594 6909,2363 13978,548 5180,075 9302,99 11083,162 S 807,685 2574,329 6185,5405 5420,061 2498,9832 7298,691
1,9849998 B 815,8594 6909,2363 13978,548 5180,075 9302,99 11083,162 S 807,685 2574,329 6185,5405 5420,061 2498,9832 7298,691
1,9866042 B 815,8594 6909,2363 13978,548 5180,075 9302,99 11083,162 S 807,685 2574,329 6185,5405 5420,061 2498,9832 7298,691
1,9879538 B 815,8594 6909,2363 13978,548 5180,075 9302,99 11083,162 S 807,685 2574,329 6185,5405 5420,061 2498,9832 7298,691
1,988367 B 815,8594 6909,2363 13978,548 5180,075 9302,99 11083,162 S 807,685 2574,329 6185,5405 5420,061 2498,9832 7298,691
1,9889996 B 815,8594 6909,2363 13978,548 5180,075 9302,99 11083,162 S 807,685 2574,329 6185,5405 5420,061 2498,9832 7298,691
1,989 B 815,8594 6909,2363 13978,548 5180,075 9302,99 11083,162 S 807,685 2574,329 6185,5405 5420,061 2498,9832 7298,691
1,9890004 B 815,8594 6909,2363 13978,548 5180,075 9302,99 11083,162 S 807,685 2574,329 6185,5405 5420,061 2498,9832 7298,691
1,9877567 B 815,8594 6909,2363 13978,548 5180,075 9302,99 11083,162 S 807,685 2574,329 6185,5405 5420,061 2498,9832 7298,691
1,9870001 B 815,8594 6909,2363 13978,548 5180,075 9302,99 11083,162 S 807,685 2574,329 6185,5405 5420,061 2498,9832 7298,691
1,9869999 B 815,8594 6909,2363 13978,548 5180,075 9302,99 11083,162 S 807,685 2574,329 6185,5405 5420,061 2498,9832 7298,691
1,9869999 B 815,8594 6909,2363 13978,548 5180,075 9302,99 11083,162 S 807,685 2574,329 6185,5405 5420,061 2498,9832 7298,691
1,9870008 B 815,8594 6909,2363 13978,548 5180,075 9302,99 11083,162 S 807,685 2574,329 6185,5405 5420,061 2498,9832 7298,691
1,987 B 815,8594 6909,2363 13978,548 5180,075 9302,99 11083,162 S 807,685 2574,329 6185,5405 5420,061 2498,9832 7298,691
1,9870003 B 815,8594 6909,2363 13978,548 5180,075 9302,99 11083,162 S 807,685 2574,329 6185,5405 5420,061 2498,9832 7298,691
1,9860303 B 815,8594 6909,2363 13978,548 5180,075 9302,99 11083,162 S 807,685 2574,329 6185,5405 5420,061 2498,9832 7298,691
1,9839996 B 815,8594 6909,2363 13978,548 5180,075 9302,99 11083,162 S 807,685 2574,329 6185,5405 5420,061 2498,9832 7298,691
1,984 B 815,8594 6909,2363 13978,548 5180,075 9302,99 11083,162 S 807,685 2574,329 6185,5405 5420,061 2498,9832 7298,691
1,9839998 B 815,8594 6909,2363 13978,548 5180,075 9302,99 11083,162 S 807,685 2574,329 6185,5405 5420,061 2498,9832 7298,691
1,984 B 815,8594 6909,2363 13978,548 5180,075 9302,99 11083,162 S 807,685 2574,329 6185,5405 5420,061 2498,9832 7298,691
1,9838383 B 815,8594 6909,2363 13978,548 5180,075 9302,99 11083,162 S 807,685 2574,329 6185,5405 5420,061 2498,9832 7298,691
1,9830002 B 815,8594 6909,2363 13978,548 5180,075 9302,99 11083,162 S 807,685 2574,329 6185,5405 5420,061 2498,9832 7298,691
1,983 B 815,8594 6909,2363 13978,548 5180,075 9302,99 11083,162 S 807,685 2574,329 6185,5405 5420,061 2498,9832 7298,691
1,9829998 B 815,8594 6909,2363 13978,548 5180,075 9302,99 11083,162 S 807,685 2574,329 6185,5405 5420,061 2498,9832 7298,691
1,983001 B 815,8594 6909,2363 13978,548 5180,075 9302,99 11083,162 S 807,685 2574,329 6185,5405 5420,061 2498,9832 7298,691
1,9830005 B 815,8594 6909,2363 13978,548 5180,075 9302,99 11083,162 S 807,685 2574,329 6185,5405 5420,061 2498,9832 7298,691
1,9849093 B 815,8594 6909,2363 13978,548 5180,075 9302,99 11083,162 S 807,685 2574,329 6185,5405 5420,061 2498,9832 7298,691
1,9864663 B 815,8594 6909,2363 13978,548 5180,075 9302,99 11083,162 S 807,685 2574,329 6185,5405 5420,061 2498,9832 7298,691
1,987 B 815,8594 6909,2363 13978,548 5180,075 9302,99 11083,162 S 807,685 2574,329 6185,5405 5420,061 2498,9832 7298,691
1,9870001 B 815,8594 6909,2363 13978,548 5180,075 9302,99 11083,162 S 807,685 2574,329 6185,5405 5420,061 2498,9832 7298,691
1,987 B 815,8594 6909,2363 13978,548 5180,075 9302,99 11083,162 S 807,685 2574,329 6185,5405 5420,061 2498,9832 7298,691
1,9870003 B 815,8594 6909,2363 13978,548 5180,075 9302,99 11083,162 S 807,685 2574,329 6185,5405 5420,061 2498,9832 7298,691
1,987 B 815,8594 6909,2363 13978,548 5180,075 9302,99 11083,162 S 807,685 2574,329 6185,5405 5420,061 2498,9832 7298,691
1,9870007 B 815,8594 6909,2363 13978,548 5180,075 9302,99 11083,162 S 807,685 2574,329 6185,5405 5420,061 2498,9832 7298,691
1,9870007 B 815,8594 6909,2363 13978,548 5180,075 9302,99 11083,162 S 807,685 2574,329 6185,5405 5420,061 2498,9832 7298,691
1,9870001 B 815,8594 6909,2363 13978,548 5180,075 9302,99 11083,162 S 807,685 2574,329 6185,5405 5420,061 2498,9832 7298,691
1,9864185 B 815,8594 6909,2363 13978,548 5180,075 9302,99 11083,162 S 807,685 2574,329 6185,5405 5420,061 2498,9832 7298,691
1,9850003 B 815,8594 6909,2363 13978,548 5180,075 9302,99 11083,162 S 807,685 2574,329 6185,5405 5420,061 2498,9832 7298,691
1,9849995 B 815,8594 6909,2363 13978,548 5180,075 9302,99 11083,162 S 807,685 2574,329 6185,5405 5420,061 2498,9832 7298,691
1,9849999 B 815,8594 6909,2363 13978,548 5180,075 9302,99 11083,162 S 807,685 2574,329 6185,5405 5420,061 2498,9832 7298,691
1,9850001 B 815,8594 6909,2363 13978,548 5180,075 9302,99 11083,162 S 807,685 2574,329 6185,5405 5420,061 2498,9832 7298,691
1,9850005 B 815,8594 6909,2363 13978,548 5180,075 9302,99 11083,162 S 807,685 2574,329 6185,5405 5420,061 2498,9832 7298,691
1,9850006 B 815,8594 6909,2363 13978,548 5180,075 9302,99 11083,162 S 807,685 2574,329 6185,5405 5420,061 2498,9832 7298,691
1,9850001 B 815,8594 6909,2363 13978,548 5180,075 9302,99 11083,162 S 807,685 2574,329 6185,5405 5420,061 2498,9832 7298,691
1,9849998 B 815,8594 6909,2363 13978,548 5180,075 9302,99 11083,162 S 807,685 2574,329 6185,5405 5420,061 2498,9832 7298,691
1,9850004 B 815,8594 6909,2363 13978,548 5180,075 9302,99 11083,162 S 807,685 2574,329 6185,5405 5420,061 2498,9832 7298,691
1,985 B 815,8594 6909,2363 13978,548 5180,075 9302,99 11083,162 S 807,685 2574,329 6185,5405 5420,061 2498,9832 7298,691
1,985 B 815,8594 6909,2363 13978,548 5180,075 9302,99 11083,162 S 807,685 2574,329 6185,5405 5420,061 2498,9832 7298,691
1,9849995 B 815,8594 6909,2363 13978,548 5180,075 9302,99 11083,162 S 807,685 2574,329 6185,5405 5420,061 2498,9832 7298,691
1,985 B 815,8594 6909,2363 13978,548 5180,075 9302,99 11083,162 S 807,685 2574,329 6185,5405 5420,061 2498,9832 7298,691
1,9849995 B 815,8594 6909,2363 13978,548 5180,075 9302,99 11083,162 S 807,685 2574,329 6185,5405 5420,061 2498,9832 7298,691
1,9850003 B 815,8594 6909,2363 13978,548 5180,075 9302,99 11083,162 S 807,685 2574,329 6185,5405 5420,061 2498,9832 7298,691
1,9850568 B 815,8594 6909,2363 13978,548 5180,075 9302,99 11083,162 S 807,685 2574,329 6185,5405 5420,061 2498,9832 7298,691
1,9880002 B 815,8594 6909,2363 13978,548 5180,075 9302,99 11083,162 S 807,685 2574,329 6185,5405 5420,061 2498,9832 7298,691
1,9883553 B 815,8594 6909,2363 13978,548 5180,075 9302,99 11083,162 S 807,685 2574,329 6185,5405 5420,061 2498,9832 7298,691
1,9889998 B 815,8594 6909,2363 13978,548 5180,075 9302,99 11083,162 S 807,685 2574,329 6185,5405 5420,061 2498,9832 7298,691
1,9891305 B 815,8594 6909,2363 13978,548 5180,075 9302,99 11083,162 S 807,685 2574,329 6185,5405 5420,061 2498,9832 7298,691
1,9890002 B 815,8594 6909,2363 13978,548 5180,075 9302,99 11083,162 S 807,685 2574,329 6185,5405 5420,061 2498,9832 7298,691
1,9889998 B 815,8594 6909,2363 13978,548 5180,075 9302,99 11083,162 S 807,685 2574,329 6185,5405 5420,061 2498,9832 7298,691
1,989447 B 815,8594 6909,2363 13978,548 5180,075 9302,99 11083,162 S 807,685 2574,329 6185,5405 5420,061 2498,9832 7298,691
1,9890002 B 815,8594 6909,2363 13978,548 5180,075 9302,99 11083,162 S 807,685 2574,329 6185,5405 5420,061 2498,9832 7298,691
1,9889998 B 815,8594 6909,2363 13978,548 5180,075 9302,99 11083,162 S 807,685 2574,329 6185,5405 5420,061 2498,9832 7298,691
1,9890002 B 815,8594 6909,2363 13978,548 5180,075 9302,99 11083,162 S 807,685 2574,329 6185,5405 5420,061 2498,9832 7298,691
1,9889997 B 815,8594 6909,2363 13978,548 5180,075 9302,99 11083,162 S 807,685 2574,329 6185,5405 5420,061 2498,9832 7298,691
1,9889997 B 815,8594 6909,2363 13978,548 5180,075 9302,99 11083,162 S 807,685 2574,329 6185,5405 5420,061 2498,9832 7298,691
1,989 B 815,8594 6909,2363 13978,548 5180,075 9302,99 11083,162 S 807,685 2574,329 6185,5405 5420,061 2498,9832 7298,691
1,9888905 B 815,8594 6909,2363 13978,548 5180,075 9302,99 11083,162 S 807,685 2574,329 6185,5405 5420,061 2498,9832 7298,691
1,9870006 B 815,8594 6909,2363 13978,548 5180,075 9302,99 11083,162 S 807,685 2574,329 6185,5405 5420,061 2498,9832 7298,691
1,9870008 B 815,8594 6909,2363 13978,548 5180,075 9302,99 11083,162 S 807,685 2574,329 6185,5405 5420,061 2498,9832 7298,691
1,9884065 B 815,8594 6909,2363 13978,548 5180,075 9302,99 11083,162 S 807,685 2574,329 6185,5405 5420,061 2498,9832 7298,691
1,9883484 B 815,8594 6909,2363 13978,548 5180,075 9302,99 11083,162 S 807,685 2574,329 6185,5405 5420,061 2498,9832 7298,691
1,9883782 B 815,8594 6909,2363 13978,548 5180,075 9302,99 11083,162 S 807,685 2574,329 6185,5405 5420,061 2498,9832 7298,691
1,9890003 B 815,8594 6909,2363 13978,548 5180,075 9302,99 11083,162 S 807,685 2574,329 6185,5405 5420,061 2498,9832 7298,691
1,9889998 B 815,8594 6909,2363 13978,548 5180,075 9302,99 11083,162 S 807,685 2574,329 6185,5405 5420,061 2498,9832 7298,691
1,9890004 B 815,8594 6909,2363 13978,548 5180,075 9302,99 11083,162 S 807,685 2574,329 6185,5405 5420,061 2498,9832 7298,691
1,989 B 815,8594 6909,2363 13978,548 5180,075 9302,99 11083,162 S 807,685 2574,329 6185,5405 5420,061 2498,9832 7298,691
1,9863803 B 815,8594 6909,2363 13978,548 5180,075 9302,99 11083,162 S 807,685 2574,329 6185,5405 5420,061 2498,9832 7298,691
1,9843508 B 815,8594 6909,2363 13978,548 5180,075 9302,99 11083,162 S 807,685 2574,329 6185,5405 5420,061 2498,9832 7298,691
1,9876829 B 815,8594 6909,2363 13978,548 5180,075 9302,99 11083,162 S 807,685 2574,329 6185,5405 5420,061 2498,9832 7298,691
1,9883052 B 815,8594 6909,2363 13978,548 5180,075 9302,99 11083,162 S 807,685 2574,329 6185,5405 5420,061 2498,9832 7298,691
1,9898795 B 815,8594 6909,2363 13978,548 5180,075 9302,99 11083,162 S 807,685 2574,329 6185,5405 5420,061 2498,9832 7298,691
1,9893746 B 815,8594 6909,2363 13978,548 5180,075 9302,99 11083,162 S 807,685 2574,329 6185,5405 5420,061 2498,9832 7298,691
1,9898552 B 815,8594 6909,2363 13978,548 5180,075 9302,99 11083,162 S 807,685 2574,329 6185,5405 5420,061 2498,9832 7298,691
1,9899995 B 815,8594 6909,2363 13978,548 5180,075 9302,99 11083,162 S 807,685 2574,329 6185,5405 5420,061 2498,9832 7298,691
1,9884834 B 815,8594 6909,2363 13978,548 5180,075 9302,99 11083,162 S 807,685 2574,329 6185,5405 5420,061 2498,9832 7298,691
1,9887935 B 815,8594 6909,2363 13978,548 5180,075 9302,99 11083,162 S 807,685 2574,329 6185,5405 5420,061 2498,9832 7298,691
1,9883809 B 815,8594 6909,2363 13978,548 5180,075 9302,99 11083,162 S 807,685 2574,329 6185,5405 5420,061 2498,9832 7298,691
1,9879996 B 815,8594 6909,2363 13978,548 5180,075 9302,99 11083,162 S 807,685 2574,329 6185,5405 5420,061 2498,9832 7298,691
1,9881692 B 815,8594 6909,2363 13978,548 5180,075 9302,99 11083,162 S 807,685 2574,329 6185,5405 5420,061 2498,9832 7298,691
1,9889998 B 815,8594 6909,2363 13978,548 5180,075 9302,99 11083,162 S 807,685 2574,329 6185,5405 5420,061 2498,9832 7298,691
1,9894173 B 815,8594 6909,2363 13978,548 5180,075 9302,99 11083,162 S 807,685 2574,329 6185,5405 5420,061 2498,9832 7298,691
1,9890834 B 815,8594 6909,2363 13978,548 5180,075 9302,99 11083,162 S 807,685 2574,329 6185,5405 5420,061 2498,9832 7298,691
1,9889998 B 815,8594 6909,2363 13978,548 5180,075 9302,99 11083,162 S 807,685 2574,329 6185,5405 5420,061 2498,9832 7298,691
1,9899746 B 815,8594 6909,2363 13978,548 5180,075 9302,99 11083,162 S 807,685 2574,329 6185,5405 5420,061 2498,9832 7298,691
1,9882091 B 815,8594 6909,2363 13978,548 5180,075 9302,99 11083,162 S 807,685 2574,329 6185,5405 5420,061 2498,9832 7298,691
1,9879998 B 815,8594 6909,2363 13978,548 5180,075 9302,99 11083,162 S 807,685 2574,329 6185,5405 5420,061 2498,9832 7298,691
1,9871747 B 815,8594 6909,2363 13978,548 5180,075 9302,99 11083,162 S 807,685 2574,329 6185,5405 5420,061 2498,9832 7298,691
1,9872358 B 815,8594 6909,2363 13978,548 5180,075 9302,99 11083,162 S 807,685 2574,329 6185,5405 5420,061 2498,9832 7298,691
1,9886574 B 815,8594 6909,2363 13978,548 5180,075 9302,99 11083,162 S 807,685 2574,329 6185,5405 5420,061 2498,9832 7298,691
1,9892652 B 815,8594 6909,2363 13978,548 5180,075 9302,99 11083,162 S 807,685 2574,329 6185,5405 5420,061 2498,9832 7298,691
1,9913552 B 815,8594 6909,2363 13978,548 5180,075 9302,99 11083,162 S 807,685 2574,329 6185,5405 5420,061 2498,9832 7298,691
1,9899999 B 815,8594 6909,2363 13978,548 5180,075 9302,99 11083,162 S 807,685 2574,329 6185,5405 5420,061 2498,9832 7298,691
1,990258 B 815,8594 6909,2363 13978,548 5180,075 9302,99 11083,162 S 807,685 2574,329 6185,5405 5420,061 2498,9832 7298,691
1,9892985 B 815,8594 6909,2363 13978,548 5180,075 9302,99 11083,162 S 807,685 2574,329 6185,5405 5420,061 2498,9832 7298,691
1,9883873 B 815,8594 6909,2363 13978,548 5180,075 9302,99 11083,162 S 807,685 2574,329 6185,5405 5420,061 2498,9832 7298,691
1,988 B 815,8594 6909,2363 13978,548 5180,075 9302,99 11083,162 S 807,685 2574,329 6185,5405 5420,061 2498,9832 7298,691
1,9879998 B 815,8594 6909,2363 13978,548 5180,075 9302,99 11083,162 S 807,685 2574,329 6185,5405 5420,061 2498,9832 7298,691
1,9845891 B 815,8594 6909,2363 13978,548 5180,075 9302,99 11083,162 S 807,685 2574,329 6185,5405 5420,061 2498,9832 7298,691
1,9801688 B 815,8594 6909,2363 13978,548 5180,075 9302,99 11083,162 S 807,685 2574,329 6185,5405 5420,061 2498,9832 7298,691
1,9790002 B 815,8594 6909,2363 13978,548 5180,075 9302,99 11083,162 S 807,685 2574,329 6185,5405 5420,061 2498,9832 7298,691
1,9803005 B 815,8594 6909,2363 13978,548 5180,075 9302,99 11083,162 S 807,685 2574,329 6185,5405 5420,061 2498,9832 7298,691
1,9790955 B 815,8594 6909,2363 13978,548 5180,075 9302,99 11083,162 S 807,685 2574,329 6185,5405 5420,061 2498,9832 7298,691
1,9789995 B 815,8594 6909,2363 13978,548 5180,075 9302,99 11083,162 S 807,685 2574,329 6185,5405 5420,061 2498,9832 7298,691
1,9776382 B 815,8594 6909,2363 13978,548 5180,075 9302,99 11083,162 S 807,685 2574,329 6185,5405 5420,061 2498,9832 7298,691
1,978 B 815,8594 6909,2363 13978,548 5180,075 9302,99 11083,162 S 807,685 2574,329 6185,5405 5420,061 2498,9832 7298,691
1,9781312 B 815,8594 6909,2363 13978,548 5180,075 9302,99 11083,162 S 807,685 2574,329 6185,5405 5420,061 2498,9832 7298,691
1,9790003 B 815,8594 6909,2363 13978,548 5180,075 9302,99 11083,162 S 807,685 2574,329 6185,5405 5420,061 2498,9832 7298,691
1,9794339 B 815,8594 6909,2363 13978,548 5180,075 9302,99 11083,162 S 807,685 2574,329 6185,5405 5420,061 2498,9832 7298,691
1,9799998 B 815,8594 6909,2363 13978,548 5180,075 9302,99 11083,162 S 807,685 2574,329 6185,5405 5420,061 2498,9832 7298,691
1,980001 B 815,8594 6909,2363 13978,548 5180,075 9302,99 11083,162 S 807,685 2574,329 6185,5405 5420,061 2498,9832 7298,691
1,98 B 815,8594 6909,2363 13978,548 5180,075 9302,99 11083,162 S 807,685 2574,329 6185,5405 5420,061 2498,9832 7298,691
1,9813048 B 815,8594 6909,2363 13978,548 5180,075 9302,99 11083,162 S 807,685 2574,329 6185,5405 5420,061 2498,9832 7298,691
1,9820005 B 815,8594 6909,2363 13978,548 5180,075 9302,99 11083,162 S 807,685 2574,329 6185,5405 5420,061 2498,9832 7298,691
1,9819999 B 815,8594 6909,2363 13978,548 5180,075 9302,99 11083,162 S 807,685 2574,329 6185,5405 5420,061 2498,9832 7298,691
1,9780693 B 815,8594 6909,2363 13978,548 5180,075 9302,99 11083,162 S 807,685 2574,329 6185,5405 5420,061 2498,9832 7298,691
1,9762886 B 815,8594 6909,2363 13978,548 5180,075 9302,99 11083,162 S 807,685 2574,329 6185,5405 5420,061 2498,9832 7298,691
1,9750903 B 815,8594 6909,2363 13978,548 5180,075 9302,99 11083,162 S 807,685 2574,329 6185,5405 5420,061 2498,9832 7298,691
1,975 B 815,8594 6909,2363 13978,548 5180,075 9302,99 11083,162 S 807,685 2574,329 6185,5405 5420,061 2498,9832 7298,691
1,9749998 B 815,8594 6909,2363 13978,548 5180,075 9302,99 11083,162 S 807,685 2574,329 6185,5405 5420,061 2498,9832 7298,691
1,9731307 B 815,8594 6909,2363 13978,548 5180,075 9302,99 11083,162 S 807,685 2574,329 6185,5405 5420,061 2498,9832 7298,691
1,9729996 B 815,8594 6909,2363 13978,548 5180,075 9302,99 11083,162 S 807,685 2574,329 6185,5405 5420,061 2498,9832 7298,691
1,9730003 B 815,8594 6909,2363 13978,548 5180,075 9302,99 11083,162 S 807,685 2574,329 6185,5405 5420,061 2498,9832 7298,691
1,973 B 815,8594 6909,2363 13978,548 5180,075 9302,99 11083,162 S 807,685 2574,329 6185,5405 5420,061 2498,9832 7298,691
1,9729999 B 815,8594 6909,2363 13978,548 5180,075 9302,99 11083,162 S 807,685 2574,329 6185,5405 5420,061 2498,9832 7298,691
1,9729996 B 815,8594 6909,2363 13978,548 5180,075 9302,99 11083,162 S 807,685 2574,329 6185,5405 5420,061 2498,9832 7298,691
1,9746717 B 815,8594 6909,2363 13978,548 5180,075 9302,99 11083,162 S 807,685 2574,329 6185,5405 5420,061 2498,9832 7298,691
1,9797703 B 815,8594 6909,2363 13978,548 5180,075 9302,99 11083,162 S 807,685 2574,329 6185,5405 5420,061 2498,9832 7298,691
1,979416 B 815,8594 6909,2363 13978,548 5180,075 9302,99 11083,162 S 807,685 2574,329 6185,5405 5420,061 2498,9832 7298,691
1,9798205 B 815,8594 6909,2363 13978,548 5180,075 9302,99 11083,162 S 807,685 2574,329 6185,5405 5420,061 2498,9832 7298,691
1,9799998 B 815,8594 6909,2363 13978,548 5180,075 9302,99 11083,162 S 807,685 2574,329 6185,5405 5420,061 2498,9832 7298,691
1,9800001 B 815,8594 6909,2363 13978,548 5180,075 9302,99 11083,162 S 807,685 2574,329 6185,5405 5420,061 2498,9832 7298,691
1,9794735 B 815,8594 6909,2363 13978,548 5180,075 9302,99 11083,162 S 807,685 2574,329 6185,5405 5420,061 2498,9832 7298,691
1,9790001 B 815,8594 6909,2363 13978,548 5180,075 9302,99 11083,162 S 807,685 2574,329 6185,5405 5420,061 2498,9832 7298,691
1,9799198 B 815,8594 6909,2363 13978,548 5180,075 9302,99 11083,162 S 807,685 2574,329 6185,5405 5420,061 2498,9832 7298,691
1,9809419 B 815,8594 6909,2363 13978,548 5180,075 9302,99 11083,162 S 807,685 2574,329 6185,5405 5420,061 2498,9832 7298,691
1,9810002 B 815,8594 6909,2363 13978,548 5180,075 9302,99 11083,162 S 807,685 2574,329 6185,5405 5420,061 2498,9832 7298,691
1,9819497 B 815,8594 6909,2363 13978,548 5180,075 9302,99 11083,162 S 807,685 2574,329 6185,5405 5420,061 2498,9832 7298,691
1,9819999 B 815,8594 6909,2363 13978,548 5180,075 9302,99 11083,162 S 807,685 2574,329 6185,5405 5420,061 2498,9832 7298,691
1,9813939 B 815,8594 6909,2363 13978,548 5180,075 9302,99 11083,162 S 807,685 2574,329 6185,5405 5420,061 2498,9832 7298,691
1,9810001 B 815,8594 6909,2363 13978,548 5180,075 9302,99 11083,162 S 807,685 2574,329 6185,5405 5420,061 2498,9832 7298,691
1,9810112 B 815,8594 6909,2363 13978,548 5180,075 9302,99 11083,162 S 807,685 2574,329 6185,5405 5420,061 2498,9832 7298,691
1,9817462 B 815,8594 6909,2363 13978,548 5180,075 9302,99 11083,162 S 807,685 2574,329 6185,5405 5420,061 2498,9832 7298,691
1,98 B 815,8594 6909,2363 13978,548 5180,075 9302,99 11083,162 S 807,685 2574,329 6185,5405 5420,061 2498,9832 7298,691
1,9778706 B 815,8594 6909,2363 13978,548 5180,075 9302,99 11083,162 S 807,685 2574,329 6185,5405 5420,061 2498,9832 7298,691
1,9780003 B 815,8594 6909,2363 13978,548 5180,075 9302,99 11083,162 S 807,685 2574,329 6185,5405 5420,061 2498,9832 7298,691
1,9786633 B 815,8594 6909,2363 13978,548 5180,075 9302,99 11083,162 S 807,685 2574,329 6185,5405 5420,061 2498,9832 7298,691
1,9773157 B 815,8594 6909,2363 13978,548 5180,075 9302,99 11083,162 S 807,685 2574,329 6185,5405 5420,061 2498,9832 7298,691
1,9748948 B 815,8594 6909,2363 13978,548 5180,075 9302,99 11083,162 S 807,685 2574,329 6185,5405 5420,061 2498,9832 7298,691
1,9722296 B 815,8594 6909,2363 13978,548 5180,075 9302,99 11083,162 S 807,685 2574,329 6185,5405 5420,061 2498,9832 7298,691
1,9722617 B 815,8594 6909,2363 13978,548 5180,075 9302,99 11083,162 S 807,685 2574,329 6185,5405 5420,061 2498,9832 7298,691
1,9740002 B 815,8594 6909,2363 13978,548 5180,075 9302,99 11083,162 S 807,685 2574,329 6185,5405 5420,061 2498,9832 7298,691
1,974993 B 815,8594 6909,2363 13978,548 5180,075 9302,99 11083,162 S 807,685 2574,329 6185,5405 5420,061 2498,9832 7298,691
1,9767785 B 815,8594 6909,2363 13978,548 5180,075 9302,99 11083,162 S 807,685 2574,329 6185,5405 5420,061 2498,9832 7298,691
1,9770006 B 815,8594 6909,2363 13978,548 5180,075 9302,99 11083,162 S 807,685 2574,329 6185,5405 5420,061 2498,9832 7298,691
1,9769998 B 815,8594 6909,2363 13978,548 5180,075 9302,99 11083,162 S 807,685 2574,329 6185,5405 5420,061 2498,9832 7298,691
1,9769999 B 815,8594 6909,2363 13978,548 5180,075 9302,99 11083,162 S 807,685 2574,329 6185,5405 5420,061 2498,9832 7298,691
1,978619 B 815,8594 6909,2363 13978,548 5180,075 9302,99 11083,162 S 807,685 2574,329 6185,5405 5420,061 2498,9832 7298,691
1,9798315 B 815,8594 6909,2363 13978,548 5180,075 9302,99 11083,162 S 807,685 2574,329 6185,5405 5420,061 2498,9832 7298,691
1,9799999 B 815,8594 6909,2363 13978,548 5180,075 9302,99 11083,162 S 807,685 2574,329 6185,5405 5420,061 2498,9832 7298,691
1,9799999 B 815,8594 6909,2363 13978,548 5180,075 9302,99 11083,162 S 807,685 2574,329 6185,5405 5420,061 2498,9832 7298,691
1,9806771 B 815,8594 6909,2363 13978,548 5180,075 9302,99 11083,162 S 807,685 2574,329 6185,5405 5420,061 2498,9832 7298,691
1,9809996 B 815,8594 6909,2363 13978,548 5180,075 9302,99 11083,162 S 807,685 2574,329 6185,5405 5420,061 2498,9832 7298,691
1,9806846 B 815,8594 6909,2363 13978,548 5180,075 9302,99 11083,162 S 807,685 2574,329 6185,5405 5420,061 2498,9832 7298,691
1,9811832 B 815,8594 6909,2363 13978,548 5180,075 9302,99 11083,162 S 807,685 2574,329 6185,5405 5420,061 2498,9832 7298,691
1,9820693 B 815,8594 6909,2363 13978,548 5180,075 9302,99 11083,162 S 807,685 2574,329 6185,5405 5420,061 2498,9832 7298,691
1,9836502 B 815,8594 6909,2363 13978,548 5180,075 9302,99 11083,162 S 807,685 2574,329 6185,5405 5420,061 2498,9832 7298,691
1,9838401 B 815,8594 6909,2363 13978,548 5180,075 9302,99 11083,162 S 807,685 2574,329 6185,5405 5420,061 2498,9832 7298,691
1,9838026 B 815,8594 6909,2363 13978,548 5180,075 9302,99 11083,162 S 807,685 2574,329 6185,5405 5420,061 2498,9832 7298,691
1,983395 B 815,8594 6909,2363 13978,548 5180,075 9302,99 11083,162 S 807,685 2574,329 6185,5405 5420,061 2498,9832 7298,691
1,9833055 B 815,8594 6909,2363 13978,548 5180,075 9302,99 11083,162 S 807,685 2574,329 6185,5405 5420,061 2498,9832 7298,691
1,9840003 B 815,8594 6909,2363 13978,548 5180,075 9302,99 11083,162 S 807,685 2574,329 6185,5405 5420,061 2498,9832 7298,691
