2,004606
1,9970005 B 923,5162 5325,67 19992,102 8854,14 10706,444 17923,717 S 2415,0334 6835,425 12342,649 10084,991 10515,306 4819,3813
1,9976379 B 923,5162 5325,67 19992,102 8854,14 10706,444 17923,717 S 2415,0334 6835,425 12342,649 10084,991 10515,306 4819,3813
1,9989997 B 923,5162 5325,67 19992,102 8854,14 10706,444 17923,717 S 2415,0334 6835,425 12342,649 10084,991 10515,306 4819,3813
1,9999496 B 923,5162 5325,67 19992,102 8854,14 10706,444 17923,717 S 2415,0334 6835,425 12342,649 10084,991 10515,306 4819,3813
1,9996779 B 923,5162 5325,67 19992,102 8854,14 10706,444 17923,717 S 2415,0334 6835,425 12342,649 10084,991 10515,306 4819,3813
1,9987504 B 923,5162 5325,67 19992,102 8854,14 10706,444 17923,717 S 2415,0334 6835,425 12342,649 10084,991 10515,306 4819,3813
1,9980003 B 923,5162 5325,67 19992,102 8854,14 10706,444 17923,717 S 2415,0334 6835,425 12342,649 10084,991 10515,306 4819,3813
1,9980003 B 923,5162 5325,67 19992,102 8854,14 10706,444 17923,717 S 2415,0334 6835,425 12342,649 10084,991 10515,306 4819,3813
1,9979999 B 923,5162 5325,67 19992,102 8854,14 10706,444 17923,717 S 2415,0334 6835,425 12342,649 10084,991 10515,306 4819,3813
1,9993477 B 923,5162 5325,67 19992,102 8854,14 10706,444 17923,717 S 2415,0334 6835,425 12342,649 10084,991 10515,306 4819,3813
2 B 923,5162 5325,67 19992,102 8854,14 10706,444 17923,717 S 2415,0334 6835,425 12342,649 10084,991 10515,306 4819,3813
2 B 923,5162 5325,67 19992,102 8854,14 10706,444 17923,717 S 2415,0334 6835,425 12342,649 10084,991 10515,306 4819,3813
2 B 923,5162 5325,67 19992,102 8854,14 10706,444 17923,717 S 2415,0334 6835,425 12342,649 10084,991 10515,306 4819,3813
1,9981507 B 923,5162 5325,67 19992,102 8854,14 10706,444 17923,717 S 2415,0334 6835,425 12342,649 10084,991 10515,306 4819,3813
1,9980006 B 923,5162 5325,67 19992,102 8854,14 10706,444 17923,717 S 2415,0334 6835,425 12342,649 10084,991 10515,306 4819,3813
1,9979999 B 923,5162 5325,67 19992,102 8854,14 10706,444 17923,717 S 2415,0334 6835,425 12342,649 10084,991 10515,306 4819,3813
1,9980004 B 923,5162 5325,67 19992,102 8854,14 10706,444 17923,717 S 2415,0334 6835,425 12342,649 10084,991 10515,306 4819,3813
1,9984195 B 923,5162 5325,67 19992,102 8854,14 10706,444 17923,717 S 2415,0334 6835,425 12342,649 10084,991 10515,306 4819,3813
1,9989997 B 923,5162 5325,67 19992,102 8854,14 10706,444 17923,717 S 2415,0334 6835,425 12342,649 10084,991 10515,306 4819,3813
1,9990004 B 923,5162 5325,67 19992,102 8854,14 10706,444 17923,717 S 2415,0334 6835,425 12342,649 10084,991 10515,306 4819,3813
1,9997439 B 923,5162 5325,67 19992,102 8854,14 10706,444 17923,717 S 2415,0334 6835,425 12342,649 10084,991 10515,306 4819,3813
2 B 923,5162 5325,67 19992,102 8854,14 10706,444 17923,717 S 2415,0334 6835,425 12342,649 10084,991 10515,306 4819,3813
2 B 923,5162 5325,67 19992,102 8854,14 10706,444 17923,717 S 2415,0334 6835,425 12342,649 10084,991 10515,306 4819,3813
2 B 923,5162 5325,67 19992,102 8854,14 10706,444 17923,717 S 2415,0334 6835,425 12342,649 10084,991 10515,306 4819,3813
2 B 923,5162 5325,67 19992,102 8854,14 10706,444 17923,717 S 2415,0334 6835,425 12342,649 10084,991 10515,306 4819,3813
2 B 923,5162 5325,67 19992,102 8854,14 10706,444 17923,717 S 2415,0334 6835,425 12342,649 10084,991 10515,306 4819,3813
2 B 923,5162 5325,67 19992,102 8854,14 10706,444 17923,717 S 2415,0334 6835,425 12342,649 10084,991 10515,306 4819,3813
2 B 923,5162 5325,67 19992,102 8854,14 10706,444 17923,717 S 2415,0334 6835,425 12342,649 10084,991 10515,306 4819,3813
2 B 923,5162 5325,67 19992,102 8854,14 10706,444 17923,717 S 2415,0334 6835,425 12342,649 10084,991 10515,306 4819,3813
1,9991632 B 923,5162 5325,67 19992,102 8854,14 10706,444 17923,717 S 2415,0334 6835,425 12342,649 10084,991 10515,306 4819,3813
1,9990001 B 923,5162 5325,67 19992,102 8854,14 10706,444 17923,717 S 2415,0334 6835,425 12342,649 10084,991 10515,306 4819,3813
1,9990005 B 923,5162 5325,67 19992,102 8854,14 10706,444 17923,717 S 2415,0334 6835,425 12342,649 10084,991 10515,306 4819,3813
1,999 B 923,5162 5325,67 19992,102 8854,14 10706,444 17923,717 S 2415,0334 6835,425 12342,649 10084,991 10515,306 4819,3813
1,9990001 B 923,5162 5325,67 19992,102 8854,14 10706,444 17923,717 S 2415,0334 6835,425 12342,649 10084,991 10515,306 4819,3813
1,9990003 B 923,5162 5325,67 19992,102 8854,14 10706,444 17923,717 S 2415,0334 6835,425 12342,649 10084,991 10515,306 4819,3813
1,9990008 B 923,5162 5325,67 19992,102 8854,14 10706,444 17923,717 S 2415,0334 6835,425 12342,649 10084,991 10515,306 4819,3813
1,999743 B 923,5162 5325,67 19992,102 8854,14 10706,444 17923,717 S 2415,0334 6835,425 12342,649 10084,991 10515,306 4819,3813
2 B 923,5162 5325,67 19992,102 8854,14 10706,444 17923,717 S 2415,0334 6835,425 12342,649 10084,991 10515,306 4819,3813
2 B 923,5162 5325,67 19992,102 8854,14 10706,444 17923,717 S 2415,0334 6835,425 12342,649 10084,991 10515,306 4819,3813
2 B 923,5162 5325,67 19992,102 8854,14 10706,444 17923,717 S 2415,0334 6835,425 12342,649 10084,991 10515,306 4819,3813
2 B 923,5162 5325,67 19992,102 8854,14 10706,444 17923,717 S 2415,0334 6835,425 12342,649 10084,991 10515,306 4819,3813
2 B 923,5162 5325,67 19992,102 8854,14 10706,444 17923,717 S 2415,0334 6835,425 12342,649 10084,991 10515,306 4819,3813
2 B 923,5162 5325,67 19992,102 8854,14 10706,444 17923,717 S 2415,0334 6835,425 12342,649 10084,991 10515,306 4819,3813
2 B 923,5162 5325,67 19992,102 8854,14 10706,444 17923,717 S 2415,0334 6835,425 12342,649 10084,991 10515,306 4819,3813
2 B 923,5162 5325,67 19992,102 8854,14 10706,444 17923,717 S 2415,0334 6835,425 12342,649 10084,991 10515,306 4819,3813
2 B 923,5162 5325,67 19992,102 8854,14 10706,444 17923,717 S 2415,0334 6835,425 12342,649 10084,991 10515,306 4819,3813
2,002323 B 923,5162 5325,67 19992,102 8854,14 10706,444 17923,717 S 2415,0334 6835,425 12342,649 10084,991 10515,306 4819,3813
2,003514 B 923,5162 5325,67 19992,102 8854,14 10706,444 17923,717 S 2415,0334 6835,425 12342,649 10084,991 10515,306 4819,3813
2,0040002 B 923,5162 5325,67 19992,102 8854,14 10706,444 17923,717 S 2415,0334 6835,425 12342,649 10084,991 10515,306 4819,3813
2,004 B 923,5162 5325,67 19992,102 8854,14 10706,444 17923,717 S 2415,0334 6835,425 12342,649 10084,991 10515,306 4819,3813
2,003651 B 923,5162 5325,67 19992,102 8854,14 10706,444 17923,717 S 2415,0334 6835,425 12342,649 10084,991 10515,306 4819,3813
2,0019999 B 923,5162 5325,67 19992,102 8854,14 10706,444 17923,717 S 2415,0334 6835,425 12342,649 10084,991 10515,306 4819,3813
2,0019999 B 923,5162 5325,67 19992,102 8854,14 10706,444 17923,717 S 2415,0334 6835,425 12342,649 10084,991 10515,306 4819,3813
2,0019999 B 923,5162 5325,67 19992,102 8854,14 10706,444 17923,717 S 2415,0334 6835,425 12342,649 10084,991 10515,306 4819,3813
2,0019996 B 923,5162 5325,67 19992,102 8854,14 10706,444 17923,717 S 2415,0334 6835,425 12342,649 10084,991 10515,306 4819,3813
2,002 B 923,5162 5325,67 19992,102 8854,14 10706,444 17923,717 S 2415,0334 6835,425 12342,649 10084,991 10515,306 4819,3813
2,002613 B 923,5162 5325,67 19992,102 8854,14 10706,444 17923,717 S 2415,0334 6835,425 12342,649 10084,991 10515,306 4819,3813
2,0029998 B 923,5162 5325,67 19992,102 8854,14 10706,444 17923,717 S 2415,0334 6835,425 12342,649 10084,991 10515,306 4819,3813
2,003 B 923,5162 5325,67 19992,102 8854,14 10706,444 17923,717 S 2415,0334 6835,425 12342,649 10084,991 10515,306 4819,3813
2,00331 B 923,5162 5325,67 19992,102 8854,14 10706,444 17923,717 S 2415,0334 6835,425 12342,649 10084,991 10515,306 4819,3813
2,004 B 923,5162 5325,67 19992,102 8854,14 10706,444 17923,717 S 2415,0334 6835,425 12342,649 10084,991 10515,306 4819,3813
2,0039995 B 923,5162 5325,67 19992,102 8854,14 10706,444 17923,717 S 2415,0334 6835,425 12342,649 10084,991 10515,306 4819,3813
2,004766 B 923,5162 5325,67 19992,102 8854,14 10706,444 17923,717 S 2415,0334 6835,425 12342,649 10084,991 10515,306 4819,3813
2,005 B 923,5162 5325,67 19992,102 8854,14 10706,444 17923,717 S 2415,0334 6835,425 12342,649 10084,991 10515,306 4819,3813
2,0044475 B 923,5162 5325,67 19992,102 8854,14 10706,444 17923,717 S 2415,0334 6835,425 12342,649 10084,991 10515,306 4819,3813
2,0040002 B 923,5162 5325,67 19992,102 8854,14 10706,444 17923,717 S 2415,0334 6835,425 12342,649 10084,991 10515,306 4819,3813
2,003324 B 923,5162 5325,67 19992,102 8854,14 10706,444 17923,717 S 2415,0334 6835,425 12342,649 10084,991 10515,306 4819,3813
2,0029993 B 923,5162 5325,67 19992,102 8854,14 10706,444 17923,717 S 2415,0334 6835,425 12342,649 10084,991 10515,306 4819,3813
2,0023777 B 923,5162 5325,67 19992,102 8854,14 10706,444 17923,717 S 2415,0334 6835,425 12342,649 10084,991 10515,306 4819,3813
2 B 923,5162 5325,67 19992,102 8854,14 10706,444 17923,717 S 2415,0334 6835,425 12342,649 10084,991 10515,306 4819,3813
1,9980243 B 923,5162 5325,67 19992,102 8854,14 10706,444 17923,717 S 2415,0334 6835,425 12342,649 10084,991 10515,306 4819,3813
1,9988973 B 923,5162 5325,67 19992,102 8854,14 10706,444 17923,717 S 2415,0334 6835,425 12342,649 10084,991 10515,306 4819,3813
2 B 923,5162 5325,67 19992,102 8854,14 10706,444 17923,717 S 2415,0334 6835,425 12342,649 10084,991 10515,306 4819,3813
2 B 923,5162 5325,67 19992,102 8854,14 10706,444 17923,717 S 2415,0334 6835,425 12342,649 10084,991 10515,306 4819,3813
2 B 923,5162 5325,67 19992,102 8854,14 10706,444 17923,717 S 2415,0334 6835,425 12342,649 10084,991 10515,306 4819,3813
2 B 923,5162 5325,67 19992,102 8854,14 10706,444 17923,717 S 2415,0334 6835,425 12342,649 10084,991 10515,306 4819,3813
2 B 923,5162 5325,67 19992,102 8854,14 10706,444 17923,717 S 2415,0334 6835,425 12342,649 10084,991 10515,306 4819,3813
2 B 923,5162 5325,67 19992,102 8854,14 10706,444 17923,717 S 2415,0334 6835,425 12342,649 10084,991 10515,306 4819,3813
1,9990122 B 923,5162 5325,67 19992,102 8854,14 10706,444 17923,717 S 2415,0334 6835,425 12342,649 10084,991 10515,306 4819,3813
1,9969997 B 923,5162 5325,67 19992,102 8854,14 10706,444 17923,717 S 2415,0334 6835,425 12342,649 10084,991 10515,306 4819,3813
1,9962361 B 923,5162 5325,67 19992,102 8854,14 10706,444 17923,717 S 2415,0334 6835,425 12342,649 10084,991 10515,306 4819,3813
1,9951023 B 923,5162 5325,67 19992,102 8854,14 10706,444 17923,717 S 2415,0334 6835,425 12342,649 10084,991 10515,306 4819,3813
1,995039 B 923,5162 5325,67 19992,102 8854,14 10706,444 17923,717 S 2415,0334 6835,425 12342,649 10084,991 10515,306 4819,3813
1,9959999 B 923,5162 5325,67 19992,102 8854,14 10706,444 17923,717 S 2415,0334 6835,425 12342,649 10084,991 10515,306 4819,3813
1,9959997 B 923,5162 5325,67 19992,102 8854,14 10706,444 17923,717 S 2415,0334 6835,425 12342,649 10084,991 10515,306 4819,3813
1,9960002 B 923,5162 5325,67 19992,102 8854,14 10706,444 17923,717 S 2415,0334 6835,425 12342,649 10084,991 10515,306 4819,3813
1,9960004 B 923,5162 5325,67 19992,102 8854,14 10706,444 17923,717 S 2415,0334 6835,425 12342,649 10084,991 10515,306 4819,3813
1,9960002 B 923,5162 5325,67 19992,102 8854,14 10706,444 17923,717 S 2415,0334 6835,425 12342,649 10084,991 10515,306 4819,3813
1,9960004 B 923,5162 5325,67 19992,102 8854,14 10706,444 17923,717 S 2415,0334 6835,425 12342,649 10084,991 10515,306 4819,3813
1,996 B 923,5162 5325,67 19992,102 8854,14 10706,444 17923,717 S 2415,0334 6835,425 12342,649 10084,991 10515,306 4819,3813
1,9960005 B 923,5162 5325,67 19992,102 8854,14 10706,444 17923,717 S 2415,0334 6835,425 12342,649 10084,991 10515,306 4819,3813
1,996 B 923,5162 5325,67 19992,102 8854,14 10706,444 17923,717 S 2415,0334 6835,425 12342,649 10084,991 10515,306 4819,3813
1,9959999 B 923,5162 5325,67 19992,102 8854,14 10706,444 17923,717 S 2415,0334 6835,425 12342,649 10084,991 10515,306 4819,3813
1,9959999 B 923,5162 5325,67 19992,102 8854,14 10706,444 17923,717 S 2415,0334 6835,425 12342,649 10084,991 10515,306 4819,3813
1,9960002 B 923,5162 5325,67 19992,102 8854,14 10706,444 17923,717 S 2415,0334 6835,425 12342,649 10084,991 10515,306 4819,3813
1,9967749 B 923,5162 5325,67 19992,102 8854,14 10706,444 17923,717 S 2415,0334 6835,425 12342,649 10084,991 10515,306 4819,3813
1,9969999 B 923,5162 5325,67 19992,102 8854,14 10706,444 17923,717 S 2415,0334 6835,425 12342,649 10084,991 10515,306 4819,3813
1,997558 B 923,5162 5325,67 19992,102 8854,14 10706,444 17923,717 S 2415,0334 6835,425 12342,649 10084,991 10515,306 4819,3813
1,999 B 923,5162 5325,67 19992,102 8854,14 10706,444 17923,717 S 2415,0334 6835,425 12342,649 10084,991 10515,306 4819,3813
1,9990002 B 923,5162 5325,67 19992,102 8854,14 10706,444 17923,717 S 2415,0334 6835,425 12342,649 10084,991 10515,306 4819,3813
1,9990004 B 923,5162 5325,67 19992,102 8854,14 10706,444 17923,717 S 2415,0334 6835,425 12342,649 10084,991 10515,306 4819,3813
1,9990002 B 923,5162 5325,67 19992,102 8854,14 10706,444 17923,717 S 2415,0334 6835,425 12342,649 10084,991 10515,306 4819,3813
1,9990003 B 923,5162 5325,67 19992,102 8854,14 10706,444 17923,717 S 2415,0334 6835,425 12342,649 10084,991 10515,306 4819,3813
1,9990001 B 923,5162 5325,67 19992,102 8854,14 10706,444 17923,717 S 2415,0334 6835,425 12342,649 10084,991 10515,306 4819,3813
1,999 B 923,5162 5325,67 19992,102 8854,14 10706,444 17923,717 S 2415,0334 6835,425 12342,649 10084,991 10515,306 4819,3813
1,9983103 B 923,5162 5325,67 19992,102 8854,14 10706,444 17923,717 S 2415,0334 6835,425 12342,649 10084,991 10515,306 4819,3813
1,9979997 B 923,5162 5325,67 19992,102 8854,14 10706,444 17923,717 S 2415,0334 6835,425 12342,649 10084,991 10515,306 4819,3813
1,9980005 B 923,5162 5325,67 19992,102 8854,14 10706,444 17923,717 S 2415,0334 6835,425 12342,649 10084,991 10515,306 4819,3813
1,9980003 B 923,5162 5325,67 19992,102 8854,14 10706,444 17923,717 S 2415,0334 6835,425 12342,649 10084,991 10515,306 4819,3813
1,9975873 B 923,5162 5325,67 19992,102 8854,14 10706,444 17923,717 S 2415,0334 6835,425 12342,649 10084,991 10515,306 4819,3813
1,9970005 B 923,5162 5325,67 19992,102 8854,14 10706,444 17923,717 S 2415,0334 6835,425 12342,649 10084,991 10515,306 4819,3813
1,9956511 B 923,5162 5325,67 19992,102 8854,14 10706,444 17923,717 S 2415,0334 6835,425 12342,649 10084,991 10515,306 4819,3813
1,9950007 B 923,5162 5325,67 19992,102 8854,14 10706,444 17923,717 S 2415,0334 6835,425 12342,649 10084,991 10515,306 4819,3813
1,9949998 B 923,5162 5325,67 19992,102 8854,14 10706,444 17923,717 S 2415,0334 6835,425 12342,649 10084,991 10515,306 4819,3813
1,9945365 B 923,5162 5325,67 19992,102 8854,14 10706,444 17923,717 S 2415,0334 6835,425 12342,649 10084,991 10515,306 4819,3813
1,9950004 B 923,5162 5325,67 19992,102 8854,14 10706,444 17923,717 S 2415,0334 6835,425 12342,649 10084,991 10515,306 4819,3813
1,9963627 B 923,5162 5325,67 19992,102 8854,14 10706,444 17923,717 S 2415,0334 6835,425 12342,649 10084,991 10515,306 4819,3813
1,9970002 B 923,5162 5325,67 19992,102 8854,14 10706,444 17923,717 S 2415,0334 6835,425 12342,649 10084,991 10515,306 4819,3813
1,9970005 B 923,5162 5325,67 19992,102 8854,14 10706,444 17923,717 S 2415,0334 6835,425 12342,649 10084,991 10515,306 4819,3813
1,997 B 923,5162 5325,67 19992,102 8854,14 10706,444 17923,717 S 2415,0334 6835,425 12342,649 10084,991 10515,306 4819,3813
1,9970006 B 923,5162 5325,67 19992,102 8854,14 10706,444 17923,717 S 2415,0334 6835,425 12342,649 10084,991 10515,306 4819,3813
1,9970002 B 923,5162 5325,67 19992,102 8854,14 10706,444 17923,717 S 2415,0334 6835,425 12342,649 10084,991 10515,306 4819,3813
1,9970006 B 923,5162 5325,67 19992,102 8854,14 10706,444 17923,717 S 2415,0334 6835,425 12342,649 10084,991 10515,306 4819,3813
1,9970006 B 923,5162 5325,67 19992,102 8854,14 10706,444 17923,717 S 2415,0334 6835,425 12342,649 10084,991 10515,306 4819,3813
1,997 B 923,5162 5325,67 19992,102 8854,14 10706,444 17923,717 S 2415,0334 6835,425 12342,649 10084,991 10515,306 4819,3813
1,9970003 B 923,5162 5325,67 19992,102 8854,14 10706,444 17923,717 S 2415,0334 6835,425 12342,649 10084,991 10515,306 4819,3813
1,9971062 B 923,5162 5325,67 19992,102 8854,14 10706,444 17923,717 S 2415,0334 6835,425 12342,649 10084,991 10515,306 4819,3813
2,000777 B 923,5162 5325,67 19992,102 8854,14 10706,444 17923,717 S 2415,0334 6835,425 12342,649 10084,991 10515,306 4819,3813
2,0024126 B 923,5162 5325,67 19992,102 8854,14 10706,444 17923,717 S 2415,0334 6835,425 12342,649 10084,991 10515,306 4819,3813
2,0029995 B 923,5162 5325,67 19992,102 8854,14 10706,444 17923,717 S 2415,0334 6835,425 12342,649 10084,991 10515,306 4819,3813
2,0039766 B 923,5162 5325,67 19992,102 8854,14 10706,444 17923,717 S 2415,0334 6835,425 12342,649 10084,991 10515,306 4819,3813
2,0036156 B 923,5162 5325,67 19992,102 8854,14 10706,444 17923,717 S 2415,0334 6835,425 12342,649 10084,991 10515,306 4819,3813
2,0030437 B 923,5162 5325,67 19992,102 8854,14 10706,444 17923,717 S 2415,0334 6835,425 12342,649 10084,991 10515,306 4819,3813
2,0038805 B 923,5162 5325,67 19992,102 8854,14 10706,444 17923,717 S 2415,0334 6835,425 12342,649 10084,991 10515,306 4819,3813
2,0030003 B 923,5162 5325,67 19992,102 8854,14 10706,444 17923,717 S 2415,0334 6835,425 12342,649 10084,991 10515,306 4819,3813
2,0047033 B 923,5162 5325,67 19992,102 8854,14 10706,444 17923,717 S 2415,0334 6835,425 12342,649 10084,991 10515,306 4819,3813
2,006448 B 923,5162 5325,67 19992,102 8854,14 10706,444 17923,717 S 2415,0334 6835,425 12342,649 10084,991 10515,306 4819,3813
2,0070004 B 923,5162 5325,67 19992,102 8854,14 10706,444 17923,717 S 2415,0334 6835,425 12342,649 10084,991 10515,306 4819,3813
2,0069997 B 923,5162 5325,67 19992,102 8854,14 10706,444 17923,717 S 2415,0334 6835,425 12342,649 10084,991 10515,306 4819,3813
2,0070002 B 923,5162 5325,67 19992,102 8854,14 10706,444 17923,717 S 2415,0334 6835,425 12342,649 10084,991 10515,306 4819,3813
2,007119 B 923,5162 5325,67 19992,102 8854,14 10706,444 17923,717 S 2415,0334 6835,425 12342,649 10084,991 10515,306 4819,3813
2,0080001 B 923,5162 5325,67 19992,102 8854,14 10706,444 17923,717 S 2415,0334 6835,425 12342,649 10084,991 10515,306 4819,3813
2,008 B 923,5162 5325,67 19992,102 8854,14 10706,444 17923,717 S 2415,0334 6835,425 12342,649 10084,991 10515,306 4819,3813
2,0080006 B 923,5162 5325,67 19992,102 8854,14 10706,444 17923,717 S 2415,0334 6835,425 12342,649 10084,991 10515,306 4819,3813
2,0041487 B 923,5162 5325,67 19992,102 8854,14 10706,444 17923,717 S 2415,0334 6835,425 12342,649 10084,991 10515,306 4819,3813
2,0049999 B 923,5162 5325,67 19992,102 8854,14 10706,444 17923,717 S 2415,0334 6835,425 12342,649 10084,991 10515,306 4819,3813
2,0041673 B 923,5162 5325,67 19992,102 8854,14 10706,444 17923,717 S 2415,0334 6835,425 12342,649 10084,991 10515,306 4819,3813
2,0029998 B 923,5162 5325,67 19992,102 8854,14 10706,444 17923,717 S 2415,0334 6835,425 12342,649 10084,991 10515,306 4819,3813
2,0030003 B 923,5162 5325,67 19992,102 8854,14 10706,444 17923,717 S 2415,0334 6835,425 12342,649 10084,991 10515,306 4819,3813
2,003 B 923,5162 5325,67 19992,102 8854,14 10706,444 17923,717 S 2415,0334 6835,425 12342,649 10084,991 10515,306 4819,3813
2,0030005 B 923,5162 5325,67 19992,102 8854,14 10706,444 17923,717 S 2415,0334 6835,425 12342,649 10084,991 10515,306 4819,3813
2,0030007 B 923,5162 5325,67 19992,102 8854,14 10706,444 17923,717 S 2415,0334 6835,425 12342,649 10084,991 10515,306 4819,3813
2,0029998 B 923,5162 5325,67 19992,102 8854,14 10706,444 17923,717 S 2415,0334 6835,425 12342,649 10084,991 10515,306 4819,3813
2,0029995 B 923,5162 5325,67 19992,102 8854,14 10706,444 17923,717 S 2415,0334 6835,425 12342,649 10084,991 10515,306 4819,3813
2,003 B 923,5162 5325,67 19992,102 8854,14 10706,444 17923,717 S 2415,0334 6835,425 12342,649 10084,991 10515,306 4819,3813
2,0066936 B 923,5162 5325,67 19992,102 8854,14 10706,444 17923,717 S 2415,0334 6835,425 12342,649 10084,991 10515,306 4819,3813
2,0086722 B 923,5162 5325,67 19992,102 8854,14 10706,444 17923,717 S 2415,0334 6835,425 12342,649 10084,991 10515,306 4819,3813
2,0083272 B 923,5162 5325,67 19992,102 8854,14 10706,444 17923,717 S 2415,0334 6835,425 12342,649 10084,991 10515,306 4819,3813
2,0079997 B 923,5162 5325,67 19992,102 8854,14 10706,444 17923,717 S 2415,0334 6835,425 12342,649 10084,991 10515,306 4819,3813
2,0079997 B 923,5162 5325,67 19992,102 8854,14 10706,444 17923,717 S 2415,0334 6835,425 12342,649 10084,991 10515,306 4819,3813
2,0080001 B 923,5162 5325,67 19992,102 8854,14 10706,444 17923,717 S 2415,0334 6835,425 12342,649 10084,991 10515,306 4819,3813
2,008 B 923,5162 5325,67 19992,102 8854,14 10706,444 17923,717 S 2415,0334 6835,425 12342,649 10084,991 10515,306 4819,3813
2,0080006 B 923,5162 5325,67 19992,102 8854,14 10706,444 17923,717 S 2415,0334 6835,425 12342,649 10084,991 10515,306 4819,3813
2,0119727 B 923,5162 5325,67 19992,102 8854,14 10706,444 17923,717 S 2415,0334 6835,425 12342,649 10084,991 10515,306 4819,3813
2,0129998 B 923,5162 5325,67 19992,102 8854,14 10706,444 17923,717 S 2415,0334 6835,425 12342,649 10084,991 10515,306 4819,3813
2,0129998 B 923,5162 5325,67 19992,102 8854,14 10706,444 17923,717 S 2415,0334 6835,425 12342,649 10084,991 10515,306 4819,3813
2,0129998 B 923,5162 5325,67 19992,102 8854,14 10706,444 17923,717 S 2415,0334 6835,425 12342,649 10084,991 10515,306 4819,3813
2,0130002 B 923,5162 5325,67 19992,102 8854,14 10706,444 17923,717 S 2415,0334 6835,425 12342,649 10084,991 10515,306 4819,3813
2,0130002 B 923,5162 5325,67 19992,102 8854,14 10706,444 17923,717 S 2415,0334 6835,425 12342,649 10084,991 10515,306 4819,3813
2,0126843 B 923,5162 5325,67 19992,102 8854,14 10706,444 17923,717 S 2415,0334 6835,425 12342,649 10084,991 10515,306 4819,3813
2,011 B 923,5162 5325,67 19992,102 8854,14 10706,444 17923,717 S 2415,0334 6835,425 12342,649 10084,991 10515,306 4819,3813
2,011736 B 923,5162 5325,67 19992,102 8854,14 10706,444 17923,717 S 2415,0334 6835,425 12342,649 10084,991 10515,306 4819,3813
2,0126028 B 923,5162 5325,67 19992,102 8854,14 10706,444 17923,717 S 2415,0334 6835,425 12342,649 10084,991 10515,306 4819,3813
2,013 B 923,5162 5325,67 19992,102 8854,14 10706,444 17923,717 S 2415,0334 6835,425 12342,649 10084,991 10515,306 4819,3813
2,0130002 B 923,5162 5325,67 19992,102 8854,14 10706,444 17923,717 S 2415,0334 6835,425 12342,649 10084,991 10515,306 4819,3813
2,0129998 B 923,5162 5325,67 19992,102 8854,14 10706,444 17923,717 S 2415,0334 6835,425 12342,649 10084,991 10515,306 4819,3813
2,0130005 B 923,5162 5325,67 19992,102 8854,14 10706,444 17923,717 S 2415,0334 6835,425 12342,649 10084,991 10515,306 4819,3813
2,0139837 B 923,5162 5325,67 19992,102 8854,14 10706,444 17923,717 S 2415,0334 6835,425 12342,649 10084,991 10515,306 4819,3813
2,0140002 B 923,5162 5325,67 19992,102 8854,14 10706,444 17923,717 S 2415,0334 6835,425 12342,649 10084,991 10515,306 4819,3813
2,0139997 B 923,5162 5325,67 19992,102 8854,14 10706,444 17923,717 S 2415,0334 6835,425 12342,649 10084,991 10515,306 4819,3813
2,0140011 B 923,5162 5325,67 19992,102 8854,14 10706,444 17923,717 S 2415,0334 6835,425 12342,649 10084,991 10515,306 4819,3813
2,0139995 B 923,5162 5325,67 19992,102 8854,14 10706,444 17923,717 S 2415,0334 6835,425 12342,649 10084,991 10515,306 4819,3813
2,014622 B 923,5162 5325,67 19992,102 8854,14 10706,444 17923,717 S 2415,0334 6835,425 12342,649 10084,991 10515,306 4819,3813
2,014014 B 923,5162 5325,67 19992,102 8854,14 10706,444 17923,717 S 2415,0334 6835,425 12342,649 10084,991 10515,306 4819,3813
2,0166907 B 923,5162 5325,67 19992,102 8854,14 10706,444 17923,717 S 2415,0334 6835,425 12342,649 10084,991 10515,306 4819,3813
2,019074 B 923,5162 5325,67 19992,102 8854,14 10706,444 17923,717 S 2415,0334 6835,425 12342,649 10084,991 10515,306 4819,3813
2,0175989 B 923,5162 5325,67 19992,102 8854,14 10706,444 17923,717 S 2415,0334 6835,425 12342,649 10084,991 10515,306 4819,3813
2,0160224 B 923,5162 5325,67 19992,102 8854,14 10706,444 17923,717 S 2415,0334 6835,425 12342,649 10084,991 10515,306 4819,3813
2,0145633 B 923,5162 5325,67 19992,102 8854,14 10706,444 17923,717 S 2415,0334 6835,425 12342,649 10084,991 10515,306 4819,3813
2,0120873 B 923,5162 5325,67 19992,102 8854,14 10706,444 17923,717 S 2415,0334 6835,425 12342,649 10084,991 10515,306 4819,3813
2,0120003 B 923,5162 5325,67 19992,102 8854,14 10706,444 17923,717 S 2415,0334 6835,425 12342,649 10084,991 10515,306 4819,3813
2,0120003 B 923,5162 5325,67 19992,102 8854,14 10706,444 17923,717 S 2415,0334 6835,425 12342,649 10084,991 10515,306 4819,3813
2,0120003 B 923,5162 5325,67 19992,102 8854,14 10706,444 17923,717 S 2415,0334 6835,425 12342,649 10084,991 10515,306 4819,3813
2,012 B 923,5162 5325,67 19992,102 8854,14 10706,444 17923,717 S 2415,0334 6835,425 12342,649 10084,991 10515,306 4819,3813
2,0145595 B 923,5162 5325,67 19992,102 8854,14 10706,444 17923,717 S 2415,0334 6835,425 12342,649 10084,991 10515,306 4819,3813
2,016001 B 923,5162 5325,67 19992,102 8854,14 10706,444 17923,717 S 2415,0334 6835,425 12342,649 10084,991 10515,306 4819,3813
2,016001 B 923,5162 5325,67 19992,102 8854,14 10706,444 17923,717 S 2415,0334 6835,425 12342,649 10084,991 10515,306 4819,3813
2,0149605 B 923,5162 5325,67 19992,102 8854,14 10706,444 17923,717 S 2415,0334 6835,425 12342,649 10084,991 10515,306 4819,3813
2,0132847 B 923,5162 5325,67 19992,102 8854,14 10706,444 17923,717 S 2415,0334 6835,425 12342,649 10084,991 10515,306 4819,3813
2,013 B 923,5162 5325,67 19992,102 8854,14 10706,444 17923,717 S 2415,0334 6835,425 12342,649 10084,991 10515,306 4819,3813
2,0129998 B 923,5162 5325,67 19992,102 8854,14 10706,444 17923,717 S 2415,0334 6835,425 12342,649 10084,991 10515,306 4819,3813
2,013291 B 923,5162 5325,67 19992,102 8854,14 10706,444 17923,717 S 2415,0334 6835,425 12342,649 10084,991 10515,306 4819,3813
2,0128524 B 923,5162 5325,67 19992,102 8854,14 10706,444 17923,717 S 2415,0334 6835,425 12342,649 10084,991 10515,306 4819,3813
2,0133984 B 923,5162 5325,67 19992,102 8854,14 10706,444 17923,717 S 2415,0334 6835,425 12342,649 10084,991 10515,306 4819,3813
2,0145767 B 923,5162 5325,67 19992,102 8854,14 10706,444 17923,717 S 2415,0334 6835,425 12342,649 10084,991 10515,306 4819,3813
2,0144331 B 923,5162 5325,67 19992,102 8854,14 10706,444 17923,717 S 2415,0334 6835,425 12342,649 10084,991 10515,306 4819,3813
2,0150003 B 923,5162 5325,67 19992,102 8854,14 10706,444 17923,717 S 2415,0334 6835,425 12342,649 10084,991 10515,306 4819,3813
2,0150006 B 923,5162 5325,67 19992,102 8854,14 10706,444 17923,717 S 2415,0334 6835,425 12342,649 10084,991 10515,306 4819,3813
2,0149996 B 923,5162 5325,67 19992,102 8854,14 10706,444 17923,717 S 2415,0334 6835,425 12342,649 10084,991 10515,306 4819,3813
2,0149999 B 923,5162 5325,67 19992,102 8854,14 10706,444 17923,717 S 2415,0334 6835,425 12342,649 10084,991 10515,306 4819,3813
2,015 B 923,5162 5325,67 19992,102 8854,14 10706,444 17923,717 S 2415,0334 6835,425 12342,649 10084,991 10515,306 4819,3813
2,0149999 B 923,5162 5325,67 19992,102 8854,14 10706,444 17923,717 S 2415,0334 6835,425 12342,649 10084,991 10515,306 4819,3813
2,0150006 B 923,5162 5325,67 19992,102 8854,14 10706,444 17923,717 S 2415,0334 6835,425 12342,649 10084,991 10515,306 4819,3813
2,0138264 B 923,5162 5325,67 19992,102 8854,14 10706,444 17923,717 S 2415,0334 6835,425 12342,649 10084,991 10515,306 4819,3813
2,0130002 B 923,5162 5325,67 19992,102 8854,14 10706,444 17923,717 S 2415,0334 6835,425 12342,649 10084,991 10515,306 4819,3813
2,0130002 B 923,5162 5325,67 19992,102 8854,14 10706,444 17923,717 S 2415,0334 6835,425 12342,649 10084,991 10515,306 4819,3813
2,0130002 B 923,5162 5325,67 19992,102 8854,14 10706,444 17923,717 S 2415,0334 6835,425 12342,649 10084,991 10515,306 4819,3813
2,013 B 923,5162 5325,67 19992,102 8854,14 10706,444 17923,717 S 2415,0334 6835,425 12342,649 10084,991 10515,306 4819,3813
2,0130005 B 923,5162 5325,67 19992,102 8854,14 10706,444 17923,717 S 2415,0334 6835,425 12342,649 10084,991 10515,306 4819,3813
2,0130002 B 923,5162 5325,67 19992,102 8854,14 10706,444 17923,717 S 2415,0334 6835,425 12342,649 10084,991 10515,306 4819,3813
2,0117476 B 923,5162 5325,67 19992,102 8854,14 10706,444 17923,717 S 2415,0334 6835,425 12342,649 10084,991 10515,306 4819,3813
2,0109994 B 923,5162 5325,67 19992,102 8854,14 10706,444 17923,717 S 2415,0334 6835,425 12342,649 10084,991 10515,306 4819,3813
2,0109994 B 923,5162 5325,67 19992,102 8854,14 10706,444 17923,717 S 2415,0334 6835,425 12342,649 10084,991 10515,306 4819,3813
2,0110004 B 923,5162 5325,67 19992,102 8854,14 10706,444 17923,717 S 2415,0334 6835,425 12342,649 10084,991 10515,306 4819,3813
2,0109997 B 923,5162 5325,67 19992,102 8854,14 10706,444 17923,717 S 2415,0334 6835,425 12342,649 10084,991 10515,306 4819,3813
2,011 B 923,5162 5325,67 19992,102 8854,14 10706,444 17923,717 S 2415,0334 6835,425 12342,649 10084,991 10515,306 4819,3813
2,0110004 B 923,5162 5325,67 19992,102 8854,14 10706,444 17923,717 S 2415,0334 6835,425 12342,649 10084,991 10515,306 4819,3813
2,0110002 B 923,5162 5325,67 19992,102 8854,14 10706,444 17923,717 S 2415,0334 6835,425 12342,649 10084,991 10515,306 4819,3813
2,0110002 B 923,5162 5325,67 19992,102 8854,14 10706,444 17923,717 S 2415,0334 6835,425 12342,649 10084,991 10515,306 4819,3813
2,0109994 B 923,5162 5325,67 19992,102 8854,14 10706,444 17923,717 S 2415,0334 6835,425 12342,649 10084,991 10515,306 4819,3813
2,011 B 923,5162 5325,67 19992,102 8854,14 10706,444 17923,717 S 2415,0334 6835,425 12342,649 10084,991 10515,306 4819,3813
2,0109997 B 923,5162 5325,67 19992,102 8854,14 10706,444 17923,717 S 2415,0334 6835,425 12342,649 10084,991 10515,306 4819,3813
2,011 B 923,5162 5325,67 19992,102 8854,14 10706,444 17923,717 S 2415,0334 6835,425 12342,649 10084,991 10515,306 4819,3813
2,0116894 B 923,5162 5325,67 19992,102 8854,14 10706,444 17923,717 S 2415,0334 6835,425 12342,649 10084,991 10515,306 4819,3813
2,0141413 B 923,5162 5325,67 19992,102 8854,14 10706,444 17923,717 S 2415,0334 6835,425 12342,649 10084,991 10515,306 4819,3813
2,015 B 923,5162 5325,67 19992,102 8854,14 10706,444 17923,717 S 2415,0334 6835,425 12342,649 10084,991 10515,306 4819,3813
2,0150003 B 923,5162 5325,67 19992,102 8854,14 10706,444 17923,717 S 2415,0334 6835,425 12342,649 10084,991 10515,306 4819,3813
2,0153582 B 923,5162 5325,67 19992,102 8854,14 10706,444 17923,717 S 2415,0334 6835,425 12342,649 10084,991 10515,306 4819,3813
2,0159998 B 923,5162 5325,67 19992,102 8854,14 10706,444 17923,717 S 2415,0334 6835,425 12342,649 10084,991 10515,306 4819,3813
2,016001 B 923,5162 5325,67 19992,102 8854,14 10706,444 17923,717 S 2415,0334 6835,425 12342,649 10084,991 10515,306 4819,3813
