2,003653
1,9919999 B 1479,1401 9143,01 21850,008 5741,299 17918,477 13831,678 S 1308,6302 13758,795 11059,794 13361,427 9301,958 3846,1003
1,9919997 B 1479,1401 9143,01 21850,008 5741,299 17918,477 13831,678 S 1308,6302 13758,795 11059,794 13361,427 9301,958 3846,1003
1,9919999 B 1479,1401 9143,01 21850,008 5741,299 17918,477 13831,678 S 1308,6302 13758,795 11059,794 13361,427 9301,958 3846,1003
1,9919995 B 1479,1401 9143,01 21850,008 5741,299 17918,477 13831,678 S 1308,6302 13758,795 11059,794 13361,427 9301,958 3846,1003
1,9919994 B 1479,1401 9143,01 21850,008 5741,299 17918,477 13831,678 S 1308,6302 13758,795 11059,794 13361,427 9301,958 3846,1003
1,9919993 B 1479,1401 9143,01 21850,008 5741,299 17918,477 13831,678 S 1308,6302 13758,795 11059,794 13361,427 9301,958 3846,1003
1,9919995 B 1479,1401 9143,01 21850,008 5741,299 17918,477 13831,678 S 1308,6302 13758,795 11059,794 13361,427 9301,958 3846,1003
1,9919999 B 1479,1401 9143,01 21850,008 5741,299 17918,477 13831,678 S 1308,6302 13758,795 11059,794 13361,427 9301,958 3846,1003
1,9920006 B 1479,1401 9143,01 21850,008 5741,299 17918,477 13831,678 S 1308,6302 13758,795 11059,794 13361,427 9301,958 3846,1003
1,9920001 B 1479,1401 9143,01 21850,008 5741,299 17918,477 13831,678 S 1308,6302 13758,795 11059,794 13361,427 9301,958 3846,1003
1,992 B 1479,1401 9143,01 21850,008 5741,299 17918,477 13831,678 S 1308,6302 13758,795 11059,794 13361,427 9301,958 3846,1003
1,9920002 B 1479,1401 9143,01 21850,008 5741,299 17918,477 13831,678 S 1308,6302 13758,795 11059,794 13361,427 9301,958 3846,1003
1,9919995 B 1479,1401 9143,01 21850,008 5741,299 17918,477 13831,678 S 1308,6302 13758,795 11059,794 13361,427 9301,958 3846,1003
1,992 B 1479,1401 9143,01 21850,008 5741,299 17918,477 13831,678 S 1308,6302 13758,795 11059,794 13361,427 9301,958 3846,1003
1,9920002 B 1479,1401 9143,01 21850,008 5741,299 17918,477 13831,678 S 1308,6302 13758,795 11059,794 13361,427 9301,958 3846,1003
1,992 B 1479,1401 9143,01 21850,008 5741,299 17918,477 13831,678 S 1308,6302 13758,795 11059,794 13361,427 9301,958 3846,1003
1,9920001 B 1479,1401 9143,01 21850,008 5741,299 17918,477 13831,678 S 1308,6302 13758,795 11059,794 13361,427 9301,958 3846,1003
1,992 B 1479,1401 9143,01 21850,008 5741,299 17918,477 13831,678 S 1308,6302 13758,795 11059,794 13361,427 9301,958 3846,1003
1,9920002 B 1479,1401 9143,01 21850,008 5741,299 17918,477 13831,678 S 1308,6302 13758,795 11059,794 13361,427 9301,958 3846,1003
1,9927843 B 1479,1401 9143,01 21850,008 5741,299 17918,477 13831,678 S 1308,6302 13758,795 11059,794 13361,427 9301,958 3846,1003
1,9929994 B 1479,1401 9143,01 21850,008 5741,299 17918,477 13831,678 S 1308,6302 13758,795 11059,794 13361,427 9301,958 3846,1003
1,9929997 B 1479,1401 9143,01 21850,008 5741,299 17918,477 13831,678 S 1308,6302 13758,795 11059,794 13361,427 9301,958 3846,1003
1,9929997 B 1479,1401 9143,01 21850,008 5741,299 17918,477 13831,678 S 1308,6302 13758,795 11059,794 13361,427 9301,958 3846,1003
1,9939946 B 1479,1401 9143,01 21850,008 5741,299 17918,477 13831,678 S 1308,6302 13758,795 11059,794 13361,427 9301,958 3846,1003
1,9963987 B 1479,1401 9143,01 21850,008 5741,299 17918,477 13831,678 S 1308,6302 13758,795 11059,794 13361,427 9301,958 3846,1003
1,9990004 B 1479,1401 9143,01 21850,008 5741,299 17918,477 13831,678 S 1308,6302 13758,795 11059,794 13361,427 9301,958 3846,1003
1,9989997 B 1479,1401 9143,01 21850,008 5741,299 17918,477 13831,678 S 1308,6302 13758,795 11059,794 13361,427 9301,958 3846,1003
1,998372 B 1479,1401 9143,01 21850,008 5741,299 17918,477 13831,678 S 1308,6302 13758,795 11059,794 13361,427 9301,958 3846,1003
1,9979994 B 1479,1401 9143,01 21850,008 5741,299 17918,477 13831,678 S 1308,6302 13758,795 11059,794 13361,427 9301,958 3846,1003
1,9979999 B 1479,1401 9143,01 21850,008 5741,299 17918,477 13831,678 S 1308,6302 13758,795 11059,794 13361,427 9301,958 3846,1003
1,9993311 B 1479,1401 9143,01 21850,008 5741,299 17918,477 13831,678 S 1308,6302 13758,795 11059,794 13361,427 9301,958 3846,1003
2 B 1479,1401 9143,01 21850,008 5741,299 17918,477 13831,678 S 1308,6302 13758,795 11059,794 13361,427 9301,958 3846,1003
2 B 1479,1401 9143,01 21850,008 5741,299 17918,477 13831,678 S 1308,6302 13758,795 11059,794 13361,427 9301,958 3846,1003
2,000058 B 1479,1401 9143,01 21850,008 5741,299 17918,477 13831,678 S 1308,6302 13758,795 11059,794 13361,427 9301,958 3846,1003
2,001 B 1479,1401 9143,01 21850,008 5741,299 17918,477 13831,678 S 1308,6302 13758,795 11059,794 13361,427 9301,958 3846,1003
2,0009997 B 1479,1401 9143,01 21850,008 5741,299 17918,477 13831,678 S 1308,6302 13758,795 11059,794 13361,427 9301,958 3846,1003
2,0010002 B 1479,1401 9143,01 21850,008 5741,299 17918,477 13831,678 S 1308,6302 13758,795 11059,794 13361,427 9301,958 3846,1003
2,0010004 B 1479,1401 9143,01 21850,008 5741,299 17918,477 13831,678 S 1308,6302 13758,795 11059,794 13361,427 9301,958 3846,1003
2,001 B 1479,1401 9143,01 21850,008 5741,299 17918,477 13831,678 S 1308,6302 13758,795 11059,794 13361,427 9301,958 3846,1003
2,0009997 B 1479,1401 9143,01 21850,008 5741,299 17918,477 13831,678 S 1308,6302 13758,795 11059,794 13361,427 9301,958 3846,1003
2,0010004 B 1479,1401 9143,01 21850,008 5741,299 17918,477 13831,678 S 1308,6302 13758,795 11059,794 13361,427 9301,958 3846,1003
2,0010002 B 1479,1401 9143,01 21850,008 5741,299 17918,477 13831,678 S 1308,6302 13758,795 11059,794 13361,427 9301,958 3846,1003
2,001 B 1479,1401 9143,01 21850,008 5741,299 17918,477 13831,678 S 1308,6302 13758,795 11059,794 13361,427 9301,958 3846,1003
2,001 B 1479,1401 9143,01 21850,008 5741,299 17918,477 13831,678 S 1308,6302 13758,795 11059,794 13361,427 9301,958 3846,1003
2,001 B 1479,1401 9143,01 21850,008 5741,299 17918,477 13831,678 S 1308,6302 13758,795 11059,794 13361,427 9301,958 3846,1003
2,001 B 1479,1401 9143,01 21850,008 5741,299 17918,477 13831,678 S 1308,6302 13758,795 11059,794 13361,427 9301,958 3846,1003
2,0010002 B 1479,1401 9143,01 21850,008 5741,299 17918,477 13831,678 S 1308,6302 13758,795 11059,794 13361,427 9301,958 3846,1003
2,001 B 1479,1401 9143,01 21850,008 5741,299 17918,477 13831,678 S 1308,6302 13758,795 11059,794 13361,427 9301,958 3846,1003
2,0009995 B 1479,1401 9143,01 21850,008 5741,299 17918,477 13831,678 S 1308,6302 13758,795 11059,794 13361,427 9301,958 3846,1003
2,0009997 B 1479,1401 9143,01 21850,008 5741,299 17918,477 13831,678 S 1308,6302 13758,795 11059,794 13361,427 9301,958 3846,1003
2,0009997 B 1479,1401 9143,01 21850,008 5741,299 17918,477 13831,678 S 1308,6302 13758,795 11059,794 13361,427 9301,958 3846,1003
2,0010004 B 1479,1401 9143,01 21850,008 5741,299 17918,477 13831,678 S 1308,6302 13758,795 11059,794 13361,427 9301,958 3846,1003
2,001 B 1479,1401 9143,01 21850,008 5741,299 17918,477 13831,678 S 1308,6302 13758,795 11059,794 13361,427 9301,958 3846,1003
2,0001104 B 1479,1401 9143,01 21850,008 5741,299 17918,477 13831,678 S 1308,6302 13758,795 11059,794 13361,427 9301,958 3846,1003
2 B 1479,1401 9143,01 21850,008 5741,299 17918,477 13831,678 S 1308,6302 13758,795 11059,794 13361,427 9301,958 3846,1003
2 B 1479,1401 9143,01 21850,008 5741,299 17918,477 13831,678 S 1308,6302 13758,795 11059,794 13361,427 9301,958 3846,1003
2 B 1479,1401 9143,01 21850,008 5741,299 17918,477 13831,678 S 1308,6302 13758,795 11059,794 13361,427 9301,958 3846,1003
2 B 1479,1401 9143,01 21850,008 5741,299 17918,477 13831,678 S 1308,6302 13758,795 11059,794 13361,427 9301,958 3846,1003
2 B 1479,1401 9143,01 21850,008 5741,299 17918,477 13831,678 S 1308,6302 13758,795 11059,794 13361,427 9301,958 3846,1003
2 B 1479,1401 9143,01 21850,008 5741,299 17918,477 13831,678 S 1308,6302 13758,795 11059,794 13361,427 9301,958 3846,1003
1,9995487 B 1479,1401 9143,01 21850,008 5741,299 17918,477 13831,678 S 1308,6302 13758,795 11059,794 13361,427 9301,958 3846,1003
1,9990001 B 1479,1401 9143,01 21850,008 5741,299 17918,477 13831,678 S 1308,6302 13758,795 11059,794 13361,427 9301,958 3846,1003
1,9990002 B 1479,1401 9143,01 21850,008 5741,299 17918,477 13831,678 S 1308,6302 13758,795 11059,794 13361,427 9301,958 3846,1003
1,999 B 1479,1401 9143,01 21850,008 5741,299 17918,477 13831,678 S 1308,6302 13758,795 11059,794 13361,427 9301,958 3846,1003
1,9989998 B 1479,1401 9143,01 21850,008 5741,299 17918,477 13831,678 S 1308,6302 13758,795 11059,794 13361,427 9301,958 3846,1003
1,9990001 B 1479,1401 9143,01 21850,008 5741,299 17918,477 13831,678 S 1308,6302 13758,795 11059,794 13361,427 9301,958 3846,1003
1,9995611 B 1479,1401 9143,01 21850,008 5741,299 17918,477 13831,678 S 1308,6302 13758,795 11059,794 13361,427 9301,958 3846,1003
2,0019999 B 1479,1401 9143,01 21850,008 5741,299 17918,477 13831,678 S 1308,6302 13758,795 11059,794 13361,427 9301,958 3846,1003
2,002 B 1479,1401 9143,01 21850,008 5741,299 17918,477 13831,678 S 1308,6302 13758,795 11059,794 13361,427 9301,958 3846,1003
2,0020003 B 1479,1401 9143,01 21850,008 5741,299 17918,477 13831,678 S 1308,6302 13758,795 11059,794 13361,427 9301,958 3846,1003
2,0020003 B 1479,1401 9143,01 21850,008 5741,299 17918,477 13831,678 S 1308,6302 13758,795 11059,794 13361,427 9301,958 3846,1003
2,002 B 1479,1401 9143,01 21850,008 5741,299 17918,477 13831,678 S 1308,6302 13758,795 11059,794 13361,427 9301,958 3846,1003
2,0029826 B 1479,1401 9143,01 21850,008 5741,299 17918,477 13831,678 S 1308,6302 13758,795 11059,794 13361,427 9301,958 3846,1003
2,0029993 B 1479,1401 9143,01 21850,008 5741,299 17918,477 13831,678 S 1308,6302 13758,795 11059,794 13361,427 9301,958 3846,1003
2,003 B 1479,1401 9143,01 21850,008 5741,299 17918,477 13831,678 S 1308,6302 13758,795 11059,794 13361,427 9301,958 3846,1003
2,0029998 B 1479,1401 9143,01 21850,008 5741,299 17918,477 13831,678 S 1308,6302 13758,795 11059,794 13361,427 9301,958 3846,1003
2,003 B 1479,1401 9143,01 21850,008 5741,299 17918,477 13831,678 S 1308,6302 13758,795 11059,794 13361,427 9301,958 3846,1003
2,003 B 1479,1401 9143,01 21850,008 5741,299 17918,477 13831,678 S 1308,6302 13758,795 11059,794 13361,427 9301,958 3846,1003
2,0032454 B 1479,1401 9143,01 21850,008 5741,299 17918,477 13831,678 S 1308,6302 13758,795 11059,794 13361,427 9301,958 3846,1003
2,0040002 B 1479,1401 9143,01 21850,008 5741,299 17918,477 13831,678 S 1308,6302 13758,795 11059,794 13361,427 9301,958 3846,1003
2,002793 B 1479,1401 9143,01 21850,008 5741,299 17918,477 13831,678 S 1308,6302 13758,795 11059,794 13361,427 9301,958 3846,1003
2,003 B 1479,1401 9143,01 21850,008 5741,299 17918,477 13831,678 S 1308,6302 13758,795 11059,794 13361,427 9301,958 3846,1003
2,0029998 B 1479,1401 9143,01 21850,008 5741,299 17918,477 13831,678 S 1308,6302 13758,795 11059,794 13361,427 9301,958 3846,1003
2,0030005 B 1479,1401 9143,01 21850,008 5741,299 17918,477 13831,678 S 1308,6302 13758,795 11059,794 13361,427 9301,958 3846,1003
2,0030005 B 1479,1401 9143,01 21850,008 5741,299 17918,477 13831,678 S 1308,6302 13758,795 11059,794 13361,427 9301,958 3846,1003
2,0030003 B 1479,1401 9143,01 21850,008 5741,299 17918,477 13831,678 S 1308,6302 13758,795 11059,794 13361,427 9301,958 3846,1003
2,0029998 B 1479,1401 9143,01 21850,008 5741,299 17918,477 13831,678 S 1308,6302 13758,795 11059,794 13361,427 9301,958 3846,1003
2,003 B 1479,1401 9143,01 21850,008 5741,299 17918,477 13831,678 S 1308,6302 13758,795 11059,794 13361,427 9301,958 3846,1003
2,0030003 B 1479,1401 9143,01 21850,008 5741,299 17918,477 13831,678 S 1308,6302 13758,795 11059,794 13361,427 9301,958 3846,1003
2,003 B 1479,1401 9143,01 21850,008 5741,299 17918,477 13831,678 S 1308,6302 13758,795 11059,794 13361,427 9301,958 3846,1003
2,0029998 B 1479,1401 9143,01 21850,008 5741,299 17918,477 13831,678 S 1308,6302 13758,795 11059,794 13361,427 9301,958 3846,1003
2,0029998 B 1479,1401 9143,01 21850,008 5741,299 17918,477 13831,678 S 1308,6302 13758,795 11059,794 13361,427 9301,958 3846,1003
2,0030005 B 1479,1401 9143,01 21850,008 5741,299 17918,477 13831,678 S 1308,6302 13758,795 11059,794 13361,427 9301,958 3846,1003
2,003 B 1479,1401 9143,01 21850,008 5741,299 17918,477 13831,678 S 1308,6302 13758,795 11059,794 13361,427 9301,958 3846,1003
2,0029995 B 1479,1401 9143,01 21850,008 5741,299 17918,477 13831,678 S 1308,6302 13758,795 11059,794 13361,427 9301,958 3846,1003
2,0029995 B 1479,1401 9143,01 21850,008 5741,299 17918,477 13831,678 S 1308,6302 13758,795 11059,794 13361,427 9301,958 3846,1003
2,0033402 B 1479,1401 9143,01 21850,008 5741,299 17918,477 13831,678 S 1308,6302 13758,795 11059,794 13361,427 9301,958 3846,1003
2,0029998 B 1479,1401 9143,01 21850,008 5741,299 17918,477 13831,678 S 1308,6302 13758,795 11059,794 13361,427 9301,958 3846,1003
2,0029995 B 1479,1401 9143,01 21850,008 5741,299 17918,477 13831,678 S 1308,6302 13758,795 11059,794 13361,427 9301,958 3846,1003
2,003 B 1479,1401 9143,01 21850,008 5741,299 17918,477 13831,678 S 1308,6302 13758,795 11059,794 13361,427 9301,958 3846,1003
2,0029995 B 1479,1401 9143,01 21850,008 5741,299 17918,477 13831,678 S 1308,6302 13758,795 11059,794 13361,427 9301,958 3846,1003
2,0029995 B 1479,1401 9143,01 21850,008 5741,299 17918,477 13831,678 S 1308,6302 13758,795 11059,794 13361,427 9301,958 3846,1003
2,0029998 B 1479,1401 9143,01 21850,008 5741,299 17918,477 13831,678 S 1308,6302 13758,795 11059,794 13361,427 9301,958 3846,1003
2,0030005 B 1479,1401 9143,01 21850,008 5741,299 17918,477 13831,678 S 1308,6302 13758,795 11059,794 13361,427 9301,958 3846,1003
2,0029998 B 1479,1401 9143,01 21850,008 5741,299 17918,477 13831,678 S 1308,6302 13758,795 11059,794 13361,427 9301,958 3846,1003
2,0030005 B 1479,1401 9143,01 21850,008 5741,299 17918,477 13831,678 S 1308,6302 13758,795 11059,794 13361,427 9301,958 3846,1003
2,0029993 B 1479,1401 9143,01 21850,008 5741,299 17918,477 13831,678 S 1308,6302 13758,795 11059,794 13361,427 9301,958 3846,1003
2,003 B 1479,1401 9143,01 21850,008 5741,299 17918,477 13831,678 S 1308,6302 13758,795 11059,794 13361,427 9301,958 3846,1003
2,003 B 1479,1401 9143,01 21850,008 5741,299 17918,477 13831,678 S 1308,6302 13758,795 11059,794 13361,427 9301,958 3846,1003
2,0029995 B 1479,1401 9143,01 21850,008 5741,299 17918,477 13831,678 S 1308,6302 13758,795 11059,794 13361,427 9301,958 3846,1003
2,0029998 B 1479,1401 9143,01 21850,008 5741,299 17918,477 13831,678 S 1308,6302 13758,795 11059,794 13361,427 9301,958 3846,1003
2,0030005 B 1479,1401 9143,01 21850,008 5741,299 17918,477 13831,678 S 1308,6302 13758,795 11059,794 13361,427 9301,958 3846,1003
2,0029998 B 1479,1401 9143,01 21850,008 5741,299 17918,477 13831,678 S 1308,6302 13758,795 11059,794 13361,427 9301,958 3846,1003
2,0030005 B 1479,1401 9143,01 21850,008 5741,299 17918,477 13831,678 S 1308,6302 13758,795 11059,794 13361,427 9301,958 3846,1003
2,003 B 1479,1401 9143,01 21850,008 5741,299 17918,477 13831,678 S 1308,6302 13758,795 11059,794 13361,427 9301,958 3846,1003
2,0029998 B 1479,1401 9143,01 21850,008 5741,299 17918,477 13831,678 S 1308,6302 13758,795 11059,794 13361,427 9301,958 3846,1003
2,0029995 B 1479,1401 9143,01 21850,008 5741,299 17918,477 13831,678 S 1308,6302 13758,795 11059,794 13361,427 9301,958 3846,1003
2,0029998 B 1479,1401 9143,01 21850,008 5741,299 17918,477 13831,678 S 1308,6302 13758,795 11059,794 13361,427 9301,958 3846,1003
2,0031435 B 1479,1401 9143,01 21850,008 5741,299 17918,477 13831,678 S 1308,6302 13758,795 11059,794 13361,427 9301,958 3846,1003
2,0050006 B 1479,1401 9143,01 21850,008 5741,299 17918,477 13831,678 S 1308,6302 13758,795 11059,794 13361,427 9301,958 3846,1003
2,0049999 B 1479,1401 9143,01 21850,008 5741,299 17918,477 13831,678 S 1308,6302 13758,795 11059,794 13361,427 9301,958 3846,1003
2,0049999 B 1479,1401 9143,01 21850,008 5741,299 17918,477 13831,678 S 1308,6302 13758,795 11059,794 13361,427 9301,958 3846,1003
2,0050004 B 1479,1401 9143,01 21850,008 5741,299 17918,477 13831,678 S 1308,6302 13758,795 11059,794 13361,427 9301,958 3846,1003
2,005 B 1479,1401 9143,01 21850,008 5741,299 17918,477 13831,678 S 1308,6302 13758,795 11059,794 13361,427 9301,958 3846,1003
2,0050004 B 1479,1401 9143,01 21850,008 5741,299 17918,477 13831,678 S 1308,6302 13758,795 11059,794 13361,427 9301,958 3846,1003
2,0049999 B 1479,1401 9143,01 21850,008 5741,299 17918,477 13831,678 S 1308,6302 13758,795 11059,794 13361,427 9301,958 3846,1003
2,0049999 B 1479,1401 9143,01 21850,008 5741,299 17918,477 13831,678 S 1308,6302 13758,795 11059,794 13361,427 9301,958 3846,1003
2,0049999 B 1479,1401 9143,01 21850,008 5741,299 17918,477 13831,678 S 1308,6302 13758,795 11059,794 13361,427 9301,958 3846,1003
2,0049999 B 1479,1401 9143,01 21850,008 5741,299 17918,477 13831,678 S 1308,6302 13758,795 11059,794 13361,427 9301,958 3846,1003
2,0052536 B 1479,1401 9143,01 21850,008 5741,299 17918,477 13831,678 S 1308,6302 13758,795 11059,794 13361,427 9301,958 3846,1003
2,0072327 B 1479,1401 9143,01 21850,008 5741,299 17918,477 13831,678 S 1308,6302 13758,795 11059,794 13361,427 9301,958 3846,1003
2,008 B 1479,1401 9143,01 21850,008 5741,299 17918,477 13831,678 S 1308,6302 13758,795 11059,794 13361,427 9301,958 3846,1003
2,0087657 B 1479,1401 9143,01 21850,008 5741,299 17918,477 13831,678 S 1308,6302 13758,795 11059,794 13361,427 9301,958 3846,1003
2,0089011 B 1479,1401 9143,01 21850,008 5741,299 17918,477 13831,678 S 1308,6302 13758,795 11059,794 13361,427 9301,958 3846,1003
2,0090003 B 1479,1401 9143,01 21850,008 5741,299 17918,477 13831,678 S 1308,6302 13758,795 11059,794 13361,427 9301,958 3846,1003
2,0089998 B 1479,1401 9143,01 21850,008 5741,299 17918,477 13831,678 S 1308,6302 13758,795 11059,794 13361,427 9301,958 3846,1003
2,0090003 B 1479,1401 9143,01 21850,008 5741,299 17918,477 13831,678 S 1308,6302 13758,795 11059,794 13361,427 9301,958 3846,1003
2,0090005 B 1479,1401 9143,01 21850,008 5741,299 17918,477 13831,678 S 1308,6302 13758,795 11059,794 13361,427 9301,958 3846,1003
2,0090003 B 1479,1401 9143,01 21850,008 5741,299 17918,477 13831,678 S 1308,6302 13758,795 11059,794 13361,427 9301,958 3846,1003
2,009 B 1479,1401 9143,01 21850,008 5741,299 17918,477 13831,678 S 1308,6302 13758,795 11059,794 13361,427 9301,958 3846,1003
2,0089998 B 1479,1401 9143,01 21850,008 5741,299 17918,477 13831,678 S 1308,6302 13758,795 11059,794 13361,427 9301,958 3846,1003
2,009 B 1479,1401 9143,01 21850,008 5741,299 17918,477 13831,678 S 1308,6302 13758,795 11059,794 13361,427 9301,958 3846,1003
2,0090005 B 1479,1401 9143,01 21850,008 5741,299 17918,477 13831,678 S 1308,6302 13758,795 11059,794 13361,427 9301,958 3846,1003
2,0090003 B 1479,1401 9143,01 21850,008 5741,299 17918,477 13831,678 S 1308,6302 13758,795 11059,794 13361,427 9301,958 3846,1003
2,0090003 B 1479,1401 9143,01 21850,008 5741,299 17918,477 13831,678 S 1308,6302 13758,795 11059,794 13361,427 9301,958 3846,1003
2,0089998 B 1479,1401 9143,01 21850,008 5741,299 17918,477 13831,678 S 1308,6302 13758,795 11059,794 13361,427 9301,958 3846,1003
2,0089998 B 1479,1401 9143,01 21850,008 5741,299 17918,477 13831,678 S 1308,6302 13758,795 11059,794 13361,427 9301,958 3846,1003
2,0089996 B 1479,1401 9143,01 21850,008 5741,299 17918,477 13831,678 S 1308,6302 13758,795 11059,794 13361,427 9301,958 3846,1003
2,0089998 B 1479,1401 9143,01 21850,008 5741,299 17918,477 13831,678 S 1308,6302 13758,795 11059,794 13361,427 9301,958 3846,1003
2,0085847 B 1479,1401 9143,01 21850,008 5741,299 17918,477 13831,678 S 1308,6302 13758,795 11059,794 13361,427 9301,958 3846,1003
2,008 B 1479,1401 9143,01 21850,008 5741,299 17918,477 13831,678 S 1308,6302 13758,795 11059,794 13361,427 9301,958 3846,1003
2,0073454 B 1479,1401 9143,01 21850,008 5741,299 17918,477 13831,678 S 1308,6302 13758,795 11059,794 13361,427 9301,958 3846,1003
2,0070002 B 1479,1401 9143,01 21850,008 5741,299 17918,477 13831,678 S 1308,6302 13758,795 11059,794 13361,427 9301,958 3846,1003
2,007 B 1479,1401 9143,01 21850,008 5741,299 17918,477 13831,678 S 1308,6302 13758,795 11059,794 13361,427 9301,958 3846,1003
2,0069997 B 1479,1401 9143,01 21850,008 5741,299 17918,477 13831,678 S 1308,6302 13758,795 11059,794 13361,427 9301,958 3846,1003
2,0069997 B 1479,1401 9143,01 21850,008 5741,299 17918,477 13831,678 S 1308,6302 13758,795 11059,794 13361,427 9301,958 3846,1003
2,0069997 B 1479,1401 9143,01 21850,008 5741,299 17918,477 13831,678 S 1308,6302 13758,795 11059,794 13361,427 9301,958 3846,1003
2,0070002 B 1479,1401 9143,01 21850,008 5741,299 17918,477 13831,678 S 1308,6302 13758,795 11059,794 13361,427 9301,958 3846,1003
2,0070002 B 1479,1401 9143,01 21850,008 5741,299 17918,477 13831,678 S 1308,6302 13758,795 11059,794 13361,427 9301,958 3846,1003
2,0069997 B 1479,1401 9143,01 21850,008 5741,299 17918,477 13831,678 S 1308,6302 13758,795 11059,794 13361,427 9301,958 3846,1003
2,0069997 B 1479,1401 9143,01 21850,008 5741,299 17918,477 13831,678 S 1308,6302 13758,795 11059,794 13361,427 9301,958 3846,1003
2,007 B 1479,1401 9143,01 21850,008 5741,299 17918,477 13831,678 S 1308,6302 13758,795 11059,794 13361,427 9301,958 3846,1003
2,0069997 B 1479,1401 9143,01 21850,008 5741,299 17918,477 13831,678 S 1308,6302 13758,795 11059,794 13361,427 9301,958 3846,1003
2,007 B 1479,1401 9143,01 21850,008 5741,299 17918,477 13831,678 S 1308,6302 13758,795 11059,794 13361,427 9301,958 3846,1003
2,0070002 B 1479,1401 9143,01 21850,008 5741,299 17918,477 13831,678 S 1308,6302 13758,795 11059,794 13361,427 9301,958 3846,1003
2,0069997 B 1479,1401 9143,01 21850,008 5741,299 17918,477 13831,678 S 1308,6302 13758,795 11059,794 13361,427 9301,958 3846,1003
2,0069997 B 1479,1401 9143,01 21850,008 5741,299 17918,477 13831,678 S 1308,6302 13758,795 11059,794 13361,427 9301,958 3846,1003
2,0069997 B 1479,1401 9143,01 21850,008 5741,299 17918,477 13831,678 S 1308,6302 13758,795 11059,794 13361,427 9301,958 3846,1003
2,007 B 1479,1401 9143,01 21850,008 5741,299 17918,477 13831,678 S 1308,6302 13758,795 11059,794 13361,427 9301,958 3846,1003
2,0069995 B 1479,1401 9143,01 21850,008 5741,299 17918,477 13831,678 S 1308,6302 13758,795 11059,794 13361,427 9301,958 3846,1003
2,007 B 1479,1401 9143,01 21850,008 5741,299 17918,477 13831,678 S 1308,6302 13758,795 11059,794 13361,427 9301,958 3846,1003
2,007 B 1479,1401 9143,01 21850,008 5741,299 17918,477 13831,678 S 1308,6302 13758,795 11059,794 13361,427 9301,958 3846,1003
2,007 B 1479,1401 9143,01 21850,008 5741,299 17918,477 13831,678 S 1308,6302 13758,795 11059,794 13361,427 9301,958 3846,1003
2,007902 B 1479,1401 9143,01 21850,008 5741,299 17918,477 13831,678 S 1308,6302 13758,795 11059,794 13361,427 9301,958 3846,1003
2,008 B 1479,1401 9143,01 21850,008 5741,299 17918,477 13831,678 S 1308,6302 13758,795 11059,794 13361,427 9301,958 3846,1003
2,0080001 B 1479,1401 9143,01 21850,008 5741,299 17918,477 13831,678 S 1308,6302 13758,795 11059,794 13361,427 9301,958 3846,1003
2,0080001 B 1479,1401 9143,01 21850,008 5741,299 17918,477 13831,678 S 1308,6302 13758,795 11059,794 13361,427 9301,958 3846,1003
2,0080004 B 1479,1401 9143,01 21850,008 5741,299 17918,477 13831,678 S 1308,6302 13758,795 11059,794 13361,427 9301,958 3846,1003
2,0080004 B 1479,1401 9143,01 21850,008 5741,299 17918,477 13831,678 S 1308,6302 13758,795 11059,794 13361,427 9301,958 3846,1003
2,0079997 B 1479,1401 9143,01 21850,008 5741,299 17918,477 13831,678 S 1308,6302 13758,795 11059,794 13361,427 9301,958 3846,1003
2,0079994 B 1479,1401 9143,01 21850,008 5741,299 17918,477 13831,678 S 1308,6302 13758,795 11059,794 13361,427 9301,958 3846,1003
2,0079997 B 1479,1401 9143,01 21850,008 5741,299 17918,477 13831,678 S 1308,6302 13758,795 11059,794 13361,427 9301,958 3846,1003
2,0080004 B 1479,1401 9143,01 21850,008 5741,299 17918,477 13831,678 S 1308,6302 13758,795 11059,794 13361,427 9301,958 3846,1003
2,0079994 B 1479,1401 9143,01 21850,008 5741,299 17918,477 13831,678 S 1308,6302 13758,795 11059,794 13361,427 9301,958 3846,1003
2,0080001 B 1479,1401 9143,01 21850,008 5741,299 17918,477 13831,678 S 1308,6302 13758,795 11059,794 13361,427 9301,958 3846,1003
2,008 B 1479,1401 9143,01 21850,008 5741,299 17918,477 13831,678 S 1308,6302 13758,795 11059,794 13361,427 9301,958 3846,1003
2,0080001 B 1479,1401 9143,01 21850,008 5741,299 17918,477 13831,678 S 1308,6302 13758,795 11059,794 13361,427 9301,958 3846,1003
2,0079997 B 1479,1401 9143,01 21850,008 5741,299 17918,477 13831,678 S 1308,6302 13758,795 11059,794 13361,427 9301,958 3846,1003
2,0080001 B 1479,1401 9143,01 21850,008 5741,299 17918,477 13831,678 S 1308,6302 13758,795 11059,794 13361,427 9301,958 3846,1003
2,0079997 B 1479,1401 9143,01 21850,008 5741,299 17918,477 13831,678 S 1308,6302 13758,795 11059,794 13361,427 9301,958 3846,1003
2,0079997 B 1479,1401 9143,01 21850,008 5741,299 17918,477 13831,678 S 1308,6302 13758,795 11059,794 13361,427 9301,958 3846,1003
2,0063126 B 1479,1401 9143,01 21850,008 5741,299 17918,477 13831,678 S 1308,6302 13758,795 11059,794 13361,427 9301,958 3846,1003
2,0049999 B 1479,1401 9143,01 21850,008 5741,299 17918,477 13831,678 S 1308,6302 13758,795 11059,794 13361,427 9301,958 3846,1003
2,0049996 B 1479,1401 9143,01 21850,008 5741,299 17918,477 13831,678 S 1308,6302 13758,795 11059,794 13361,427 9301,958 3846,1003
2,005 B 1479,1401 9143,01 21850,008 5741,299 17918,477 13831,678 S 1308,6302 13758,795 11059,794 13361,427 9301,958 3846,1003
2,0050006 B 1479,1401 9143,01 21850,008 5741,299 17918,477 13831,678 S 1308,6302 13758,795 11059,794 13361,427 9301,958 3846,1003
2,0050008 B 1479,1401 9143,01 21850,008 5741,299 17918,477 13831,678 S 1308,6302 13758,795 11059,794 13361,427 9301,958 3846,1003
2,005 B 1479,1401 9143,01 21850,008 5741,299 17918,477 13831,678 S 1308,6302 13758,795 11059,794 13361,427 9301,958 3846,1003
2,0050004 B 1479,1401 9143,01 21850,008 5741,299 17918,477 13831,678 S 1308,6302 13758,795 11059,794 13361,427 9301,958 3846,1003
2,0049999 B 1479,1401 9143,01 21850,008 5741,299 17918,477 13831,678 S 1308,6302 13758,795 11059,794 13361,427 9301,958 3846,1003
2,0049996 B 1479,1401 9143,01 21850,008 5741,299 17918,477 13831,678 S 1308,6302 13758,795 11059,794 13361,427 9301,958 3846,1003
2,0056653 B 1479,1401 9143,01 21850,008 5741,299 17918,477 13831,678 S 1308,6302 13758,795 11059,794 13361,427 9301,958 3846,1003
2,0069997 B 1479,1401 9143,01 21850,008 5741,299 17918,477 13831,678 S 1308,6302 13758,795 11059,794 13361,427 9301,958 3846,1003
2,007 B 1479,1401 9143,01 21850,008 5741,299 17918,477 13831,678 S 1308,6302 13758,795 11059,794 13361,427 9301,958 3846,1003
2,0069995 B 1479,1401 9143,01 21850,008 5741,299 17918,477 13831,678 S 1308,6302 13758,795 11059,794 13361,427 9301,958 3846,1003
2,0069997 B 1479,1401 9143,01 21850,008 5741,299 17918,477 13831,678 S 1308,6302 13758,795 11059,794 13361,427 9301,958 3846,1003
2,006941 B 1479,1401 9143,01 21850,008 5741,299 17918,477 13831,678 S 1308,6302 13758,795 11059,794 13361,427 9301,958 3846,1003
2,0059998 B 1479,1401 9143,01 21850,008 5741,299 17918,477 13831,678 S 1308,6302 13758,795 11059,794 13361,427 9301,958 3846,1003
2,0060003 B 1479,1401 9143,01 21850,008 5741,299 17918,477 13831,678 S 1308,6302 13758,795 11059,794 13361,427 9301,958 3846,1003
2,006 B 1479,1401 9143,01 21850,008 5741,299 17918,477 13831,678 S 1308,6302 13758,795 11059,794 13361,427 9301,958 3846,1003
2,0060003 B 1479,1401 9143,01 21850,008 5741,299 17918,477 13831,678 S 1308,6302 13758,795 11059,794 13361,427 9301,958 3846,1003
2,0060005 B 1479,1401 9143,01 21850,008 5741,299 17918,477 13831,678 S 1308,6302 13758,795 11059,794 13361,427 9301,958 3846,1003
2,006 B 1479,1401 9143,01 21850,008 5741,299 17918,477 13831,678 S 1308,6302 13758,795 11059,794 13361,427 9301,958 3846,1003
2,0059993 B 1479,1401 9143,01 21850,008 5741,299 17918,477 13831,678 S 1308,6302 13758,795 11059,794 13361,427 9301,958 3846,1003
2,0060003 B 1479,1401 9143,01 21850,008 5741,299 17918,477 13831,678 S 1308,6302 13758,795 11059,794 13361,427 9301,958 3846,1003
2,0060003 B 1479,1401 9143,01 21850,008 5741,299 17918,477 13831,678 S 1308,6302 13758,795 11059,794 13361,427 9301,958 3846,1003
2,0059998 B 1479,1401 9143,01 21850,008 5741,299 17918,477 13831,678 S 1308,6302 13758,795 11059,794 13361,427 9301,958 3846,1003
2,0060003 B 1479,1401 9143,01 21850,008 5741,299 17918,477 13831,678 S 1308,6302 13758,795 11059,794 13361,427 9301,958 3846,1003
2,006 B 1479,1401 9143,01 21850,008 5741,299 17918,477 13831,678 S 1308,6302 13758,795 11059,794 13361,427 9301,958 3846,1003
2,00687 B 1479,1401 9143,01 21850,008 5741,299 17918,477 13831,678 S 1308,6302 13758,795 11059,794 13361,427 9301,958 3846,1003
2,01 B 1479,1401 9143,01 21850,008 5741,299 17918,477 13831,678 S 1308,6302 13758,795 11059,794 13361,427 9301,958 3846,1003
2,01 B 1479,1401 9143,01 21850,008 5741,299 17918,477 13831,678 S 1308,6302 13758,795 11059,794 13361,427 9301,958 3846,1003
2,01 B 1479,1401 9143,01 21850,008 5741,299 17918,477 13831,678 S 1308,6302 13758,795 11059,794 13361,427 9301,958 3846,1003
2,0100005 B 1479,1401 9143,01 21850,008 5741,299 17918,477 13831,678 S 1308,6302 13758,795 11059,794 13361,427 9301,958 3846,1003
2,0099995 B 1479,1401 9143,01 21850,008 5741,299 17918,477 13831,678 S 1308,6302 13758,795 11059,794 13361,427 9301,958 3846,1003
2,0099998 B 1479,1401 9143,01 21850,008 5741,299 17918,477 13831,678 S 1308,6302 13758,795 11059,794 13361,427 9301,958 3846,1003
2,0100005 B 1479,1401 9143,01 21850,008 5741,299 17918,477 13831,678 S 1308,6302 13758,795 11059,794 13361,427 9301,958 3846,1003
2,0100005 B 1479,1401 9143,01 21850,008 5741,299 17918,477 13831,678 S 1308,6302 13758,795 11059,794 13361,427 9301,958 3846,1003
2,0100002 B 1479,1401 9143,01 21850,008 5741,299 17918,477 13831,678 S 1308,6302 13758,795 11059,794 13361,427 9301,958 3846,1003
2,0100005 B 1479,1401 9143,01 21850,008 5741,299 17918,477 13831,678 S 1308,6302 13758,795 11059,794 13361,427 9301,958 3846,1003
2,0100002 B 1479,1401 9143,01 21850,008 5741,299 17918,477 13831,678 S 1308,6302 13758,795 11059,794 13361,427 9301,958 3846,1003
2,01 B 1479,1401 9143,01 21850,008 5741,299 17918,477 13831,678 S 1308,6302 13758,795 11059,794 13361,427 9301,958 3846,1003
2,0100002 B 1479,1401 9143,01 21850,008 5741,299 17918,477 13831,678 S 1308,6302 13758,795 11059,794 13361,427 9301,958 3846,1003
2,01 B 1479,1401 9143,01 21850,008 5741,299 17918,477 13831,678 S 1308,6302 13758,795 11059,794 13361,427 9301,958 3846,1003
2,01 B 1479,1401 9143,01 21850,008 5741,299 17918,477 13831,678 S 1308,6302 13758,795 11059,794 13361,427 9301,958 3846,1003
2,01 B 1479,1401 9143,01 21850,008 5741,299 17918,477 13831,678 S 1308,6302 13758,795 11059,794 13361,427 9301,958 3846,1003
2,0100002 B 1479,1401 9143,01 21850,008 5741,299 17918,477 13831,678 S 1308,6302 13758,795 11059,794 13361,427 9301,958 3846,1003
2,0099998 B 1479,1401 9143,01 21850,008 5741,299 17918,477 13831,678 S 1308,6302 13758,795 11059,794 13361,427 9301,958 3846,1003
2,01 B 1479,1401 9143,01 21850,008 5741,299 17918,477 13831,678 S 1308,6302 13758,795 11059,794 13361,427 9301,958 3846,1003
2,0099998 B 1479,1401 9143,01 21850,008 5741,299 17918,477 13831,678 S 1308,6302 13758,795 11059,794 13361,427 9301,958 3846,1003
