2,013203
2,016194 B 1813,6703 7055,337 12780,621 10368,567 5225,912 5613,3403 S 5155,3076 13467,009 7901,783 9534,474 7252,4277 1852,9395
2,016001 B 1813,6703 7055,337 12780,621 10368,567 5225,912 5613,3403 S 5155,3076 13467,009 7901,783 9534,474 7252,4277 1852,9395
2,016 B 1813,6703 7055,337 12780,621 10368,567 5225,912 5613,3403 S 5155,3076 13467,009 7901,783 9534,474 7252,4277 1852,9395
2,0163949 B 1813,6703 7055,337 12780,621 10368,567 5225,912 5613,3403 S 5155,3076 13467,009 7901,783 9534,474 7252,4277 1852,9395
2,018 B 1813,6703 7055,337 12780,621 10368,567 5225,912 5613,3403 S 5155,3076 13467,009 7901,783 9534,474 7252,4277 1852,9395
2,0180006 B 1813,6703 7055,337 12780,621 10368,567 5225,912 5613,3403 S 5155,3076 13467,009 7901,783 9534,474 7252,4277 1852,9395
2,0180006 B 1813,6703 7055,337 12780,621 10368,567 5225,912 5613,3403 S 5155,3076 13467,009 7901,783 9534,474 7252,4277 1852,9395
2,018433 B 1813,6703 7055,337 12780,621 10368,567 5225,912 5613,3403 S 5155,3076 13467,009 7901,783 9534,474 7252,4277 1852,9395
2,0189998 B 1813,6703 7055,337 12780,621 10368,567 5225,912 5613,3403 S 5155,3076 13467,009 7901,783 9534,474 7252,4277 1852,9395
2,0190003 B 1813,6703 7055,337 12780,621 10368,567 5225,912 5613,3403 S 5155,3076 13467,009 7901,783 9534,474 7252,4277 1852,9395
2,0199456 B 1813,6703 7055,337 12780,621 10368,567 5225,912 5613,3403 S 5155,3076 13467,009 7901,783 9534,474 7252,4277 1852,9395
2,0200002 B 1813,6703 7055,337 12780,621 10368,567 5225,912 5613,3403 S 5155,3076 13467,009 7901,783 9534,474 7252,4277 1852,9395
2,0199995 B 1813,6703 7055,337 12780,621 10368,567 5225,912 5613,3403 S 5155,3076 13467,009 7901,783 9534,474 7252,4277 1852,9395
2,0185137 B 1813,6703 7055,337 12780,621 10368,567 5225,912 5613,3403 S 5155,3076 13467,009 7901,783 9534,474 7252,4277 1852,9395
2,018211 B 1813,6703 7055,337 12780,621 10368,567 5225,912 5613,3403 S 5155,3076 13467,009 7901,783 9534,474 7252,4277 1852,9395
2,0203302 B 1813,6703 7055,337 12780,621 10368,567 5225,912 5613,3403 S 5155,3076 13467,009 7901,783 9534,474 7252,4277 1852,9395
2,019 B 1813,6703 7055,337 12780,621 10368,567 5225,912 5613,3403 S 5155,3076 13467,009 7901,783 9534,474 7252,4277 1852,9395
2,0189998 B 1813,6703 7055,337 12780,621 10368,567 5225,912 5613,3403 S 5155,3076 13467,009 7901,783 9534,474 7252,4277 1852,9395
2,0190003 B 1813,6703 7055,337 12780,621 10368,567 5225,912 5613,3403 S 5155,3076 13467,009 7901,783 9534,474 7252,4277 1852,9395
2,019 B 1813,6703 7055,337 12780,621 10368,567 5225,912 5613,3403 S 5155,3076 13467,009 7901,783 9534,474 7252,4277 1852,9395
2,0190003 B 1813,6703 7055,337 12780,621 10368,567 5225,912 5613,3403 S 5155,3076 13467,009 7901,783 9534,474 7252,4277 1852,9395
2,0190008 B 1813,6703 7055,337 12780,621 10368,567 5225,912 5613,3403 S 5155,3076 13467,009 7901,783 9534,474 7252,4277 1852,9395
2,019 B 1813,6703 7055,337 12780,621 10368,567 5225,912 5613,3403 S 5155,3076 13467,009 7901,783 9534,474 7252,4277 1852,9395
2,020722 B 1813,6703 7055,337 12780,621 10368,567 5225,912 5613,3403 S 5155,3076 13467,009 7901,783 9534,474 7252,4277 1852,9395
2,0209997 B 1813,6703 7055,337 12780,621 10368,567 5225,912 5613,3403 S 5155,3076 13467,009 7901,783 9534,474 7252,4277 1852,9395
2,0210004 B 1813,6703 7055,337 12780,621 10368,567 5225,912 5613,3403 S 5155,3076 13467,009 7901,783 9534,474 7252,4277 1852,9395
2,021 B 1813,6703 7055,337 12780,621 10368,567 5225,912 5613,3403 S 5155,3076 13467,009 7901,783 9534,474 7252,4277 1852,9395
2,0210001 B 1813,6703 7055,337 12780,621 10368,567 5225,912 5613,3403 S 5155,3076 13467,009 7901,783 9534,474 7252,4277 1852,9395
2,0205247 B 1813,6703 7055,337 12780,621 10368,567 5225,912 5613,3403 S 5155,3076 13467,009 7901,783 9534,474 7252,4277 1852,9395
2,017678 B 1813,6703 7055,337 12780,621 10368,567 5225,912 5613,3403 S 5155,3076 13467,009 7901,783 9534,474 7252,4277 1852,9395
2,0169997 B 1813,6703 7055,337 12780,621 10368,567 5225,912 5613,3403 S 5155,3076 13467,009 7901,783 9534,474 7252,4277 1852,9395
2,0169997 B 1813,6703 7055,337 12780,621 10368,567 5225,912 5613,3403 S 5155,3076 13467,009 7901,783 9534,474 7252,4277 1852,9395
2,0170004 B 1813,6703 7055,337 12780,621 10368,567 5225,912 5613,3403 S 5155,3076 13467,009 7901,783 9534,474 7252,4277 1852,9395
2,0169997 B 1813,6703 7055,337 12780,621 10368,567 5225,912 5613,3403 S 5155,3076 13467,009 7901,783 9534,474 7252,4277 1852,9395
2,0170004 B 1813,6703 7055,337 12780,621 10368,567 5225,912 5613,3403 S 5155,3076 13467,009 7901,783 9534,474 7252,4277 1852,9395
2,0169992 B 1813,6703 7055,337 12780,621 10368,567 5225,912 5613,3403 S 5155,3076 13467,009 7901,783 9534,474 7252,4277 1852,9395
2,017 B 1813,6703 7055,337 12780,621 10368,567 5225,912 5613,3403 S 5155,3076 13467,009 7901,783 9534,474 7252,4277 1852,9395
2,0177693 B 1813,6703 7055,337 12780,621 10368,567 5225,912 5613,3403 S 5155,3076 13467,009 7901,783 9534,474 7252,4277 1852,9395
2,0180004 B 1813,6703 7055,337 12780,621 10368,567 5225,912 5613,3403 S 5155,3076 13467,009 7901,783 9534,474 7252,4277 1852,9395
2,018 B 1813,6703 7055,337 12780,621 10368,567 5225,912 5613,3403 S 5155,3076 13467,009 7901,783 9534,474 7252,4277 1852,9395
2,0189316 B 1813,6703 7055,337 12780,621 10368,567 5225,912 5613,3403 S 5155,3076 13467,009 7901,783 9534,474 7252,4277 1852,9395
2,02 B 1813,6703 7055,337 12780,621 10368,567 5225,912 5613,3403 S 5155,3076 13467,009 7901,783 9534,474 7252,4277 1852,9395
2,02 B 1813,6703 7055,337 12780,621 10368,567 5225,912 5613,3403 S 5155,3076 13467,009 7901,783 9534,474 7252,4277 1852,9395
2,0200007 B 1813,6703 7055,337 12780,621 10368,567 5225,912 5613,3403 S 5155,3076 13467,009 7901,783 9534,474 7252,4277 1852,9395
2,0198503 B 1813,6703 7055,337 12780,621 10368,567 5225,912 5613,3403 S 5155,3076 13467,009 7901,783 9534,474 7252,4277 1852,9395
2,0182526 B 1813,6703 7055,337 12780,621 10368,567 5225,912 5613,3403 S 5155,3076 13467,009 7901,783 9534,474 7252,4277 1852,9395
2,02 B 1813,6703 7055,337 12780,621 10368,567 5225,912 5613,3403 S 5155,3076 13467,009 7901,783 9534,474 7252,4277 1852,9395
2,02 B 1813,6703 7055,337 12780,621 10368,567 5225,912 5613,3403 S 5155,3076 13467,009 7901,783 9534,474 7252,4277 1852,9395
2,0199997 B 1813,6703 7055,337 12780,621 10368,567 5225,912 5613,3403 S 5155,3076 13467,009 7901,783 9534,474 7252,4277 1852,9395
2,0167797 B 1813,6703 7055,337 12780,621 10368,567 5225,912 5613,3403 S 5155,3076 13467,009 7901,783 9534,474 7252,4277 1852,9395
2,0160003 B 1813,6703 7055,337 12780,621 10368,567 5225,912 5613,3403 S 5155,3076 13467,009 7901,783 9534,474 7252,4277 1852,9395
2,0162916 B 1813,6703 7055,337 12780,621 10368,567 5225,912 5613,3403 S 5155,3076 13467,009 7901,783 9534,474 7252,4277 1852,9395
2,0170002 B 1813,6703 7055,337 12780,621 10368,567 5225,912 5613,3403 S 5155,3076 13467,009 7901,783 9534,474 7252,4277 1852,9395
2,0169997 B 1813,6703 7055,337 12780,621 10368,567 5225,912 5613,3403 S 5155,3076 13467,009 7901,783 9534,474 7252,4277 1852,9395
2,0151947 B 1813,6703 7055,337 12780,621 10368,567 5225,912 5613,3403 S 5155,3076 13467,009 7901,783 9534,474 7252,4277 1852,9395
2,0139906 B 1813,6703 7055,337 12780,621 10368,567 5225,912 5613,3403 S 5155,3076 13467,009 7901,783 9534,474 7252,4277 1852,9395
2,0117474 B 1813,6703 7055,337 12780,621 10368,567 5225,912 5613,3403 S 5155,3076 13467,009 7901,783 9534,474 7252,4277 1852,9395
2,0112064 B 1813,6703 7055,337 12780,621 10368,567 5225,912 5613,3403 S 5155,3076 13467,009 7901,783 9534,474 7252,4277 1852,9395
2,0119998 B 1813,6703 7055,337 12780,621 10368,567 5225,912 5613,3403 S 5155,3076 13467,009 7901,783 9534,474 7252,4277 1852,9395
2,0102725 B 1813,6703 7055,337 12780,621 10368,567 5225,912 5613,3403 S 5155,3076 13467,009 7901,783 9534,474 7252,4277 1852,9395
2,0119343 B 1813,6703 7055,337 12780,621 10368,567 5225,912 5613,3403 S 5155,3076 13467,009 7901,783 9534,474 7252,4277 1852,9395
2,0130002 B 1813,6703 7055,337 12780,621 10368,567 5225,912 5613,3403 S 5155,3076 13467,009 7901,783 9534,474 7252,4277 1852,9395
2,013 B 1813,6703 7055,337 12780,621 10368,567 5225,912 5613,3403 S 5155,3076 13467,009 7901,783 9534,474 7252,4277 1852,9395
2,0122936 B 1813,6703 7055,337 12780,621 10368,567 5225,912 5613,3403 S 5155,3076 13467,009 7901,783 9534,474 7252,4277 1852,9395
2,0120003 B 1813,6703 7055,337 12780,621 10368,567 5225,912 5613,3403 S 5155,3076 13467,009 7901,783 9534,474 7252,4277 1852,9395
2,0120006 B 1813,6703 7055,337 12780,621 10368,567 5225,912 5613,3403 S 5155,3076 13467,009 7901,783 9534,474 7252,4277 1852,9395
2,0120003 B 1813,6703 7055,337 12780,621 10368,567 5225,912 5613,3403 S 5155,3076 13467,009 7901,783 9534,474 7252,4277 1852,9395
2,012854 B 1813,6703 7055,337 12780,621 10368,567 5225,912 5613,3403 S 5155,3076 13467,009 7901,783 9534,474 7252,4277 1852,9395
2,0140004 B 1813,6703 7055,337 12780,621 10368,567 5225,912 5613,3403 S 5155,3076 13467,009 7901,783 9534,474 7252,4277 1852,9395
2,014 B 1813,6703 7055,337 12780,621 10368,567 5225,912 5613,3403 S 5155,3076 13467,009 7901,783 9534,474 7252,4277 1852,9395
2,0139997 B 1813,6703 7055,337 12780,621 10368,567 5225,912 5613,3403 S 5155,3076 13467,009 7901,783 9534,474 7252,4277 1852,9395
2,0139997 B 1813,6703 7055,337 12780,621 10368,567 5225,912 5613,3403 S 5155,3076 13467,009 7901,783 9534,474 7252,4277 1852,9395
2,0140002 B 1813,6703 7055,337 12780,621 10368,567 5225,912 5613,3403 S 5155,3076 13467,009 7901,783 9534,474 7252,4277 1852,9395
2,0139997 B 1813,6703 7055,337 12780,621 10368,567 5225,912 5613,3403 S 5155,3076 13467,009 7901,783 9534,474 7252,4277 1852,9395
2,0140002 B 1813,6703 7055,337 12780,621 10368,567 5225,912 5613,3403 S 5155,3076 13467,009 7901,783 9534,474 7252,4277 1852,9395
2,0139995 B 1813,6703 7055,337 12780,621 10368,567 5225,912 5613,3403 S 5155,3076 13467,009 7901,783 9534,474 7252,4277 1852,9395
2,0139995 B 1813,6703 7055,337 12780,621 10368,567 5225,912 5613,3403 S 5155,3076 13467,009 7901,783 9534,474 7252,4277 1852,9395
2,0139995 B 1813,6703 7055,337 12780,621 10368,567 5225,912 5613,3403 S 5155,3076 13467,009 7901,783 9534,474 7252,4277 1852,9395
2,0140002 B 1813,6703 7055,337 12780,621 10368,567 5225,912 5613,3403 S 5155,3076 13467,009 7901,783 9534,474 7252,4277 1852,9395
2,0139997 B 1813,6703 7055,337 12780,621 10368,567 5225,912 5613,3403 S 5155,3076 13467,009 7901,783 9534,474 7252,4277 1852,9395
2,0139995 B 1813,6703 7055,337 12780,621 10368,567 5225,912 5613,3403 S 5155,3076 13467,009 7901,783 9534,474 7252,4277 1852,9395
2,014 B 1813,6703 7055,337 12780,621 10368,567 5225,912 5613,3403 S 5155,3076 13467,009 7901,783 9534,474 7252,4277 1852,9395
2,01316 B 1813,6703 7055,337 12780,621 10368,567 5225,912 5613,3403 S 5155,3076 13467,009 7901,783 9534,474 7252,4277 1852,9395
2,013984 B 1813,6703 7055,337 12780,621 10368,567 5225,912 5613,3403 S 5155,3076 13467,009 7901,783 9534,474 7252,4277 1852,9395
2,0139995 B 1813,6703 7055,337 12780,621 10368,567 5225,912 5613,3403 S 5155,3076 13467,009 7901,783 9534,474 7252,4277 1852,9395
2,0140002 B 1813,6703 7055,337 12780,621 10368,567 5225,912 5613,3403 S 5155,3076 13467,009 7901,783 9534,474 7252,4277 1852,9395
2,0139995 B 1813,6703 7055,337 12780,621 10368,567 5225,912 5613,3403 S 5155,3076 13467,009 7901,783 9534,474 7252,4277 1852,9395
2,0139997 B 1813,6703 7055,337 12780,621 10368,567 5225,912 5613,3403 S 5155,3076 13467,009 7901,783 9534,474 7252,4277 1852,9395
2,0139997 B 1813,6703 7055,337 12780,621 10368,567 5225,912 5613,3403 S 5155,3076 13467,009 7901,783 9534,474 7252,4277 1852,9395
2,0140004 B 1813,6703 7055,337 12780,621 10368,567 5225,912 5613,3403 S 5155,3076 13467,009 7901,783 9534,474 7252,4277 1852,9395
2,0140002 B 1813,6703 7055,337 12780,621 10368,567 5225,912 5613,3403 S 5155,3076 13467,009 7901,783 9534,474 7252,4277 1852,9395
2,0140004 B 1813,6703 7055,337 12780,621 10368,567 5225,912 5613,3403 S 5155,3076 13467,009 7901,783 9534,474 7252,4277 1852,9395
2,0140002 B 1813,6703 7055,337 12780,621 10368,567 5225,912 5613,3403 S 5155,3076 13467,009 7901,783 9534,474 7252,4277 1852,9395
2,0139995 B 1813,6703 7055,337 12780,621 10368,567 5225,912 5613,3403 S 5155,3076 13467,009 7901,783 9534,474 7252,4277 1852,9395
2,0120573 B 1813,6703 7055,337 12780,621 10368,567 5225,912 5613,3403 S 5155,3076 13467,009 7901,783 9534,474 7252,4277 1852,9395
2,0109997 B 1813,6703 7055,337 12780,621 10368,567 5225,912 5613,3403 S 5155,3076 13467,009 7901,783 9534,474 7252,4277 1852,9395
2,0109997 B 1813,6703 7055,337 12780,621 10368,567 5225,912 5613,3403 S 5155,3076 13467,009 7901,783 9534,474 7252,4277 1852,9395
2,0111396 B 1813,6703 7055,337 12780,621 10368,567 5225,912 5613,3403 S 5155,3076 13467,009 7901,783 9534,474 7252,4277 1852,9395
2,0119996 B 1813,6703 7055,337 12780,621 10368,567 5225,912 5613,3403 S 5155,3076 13467,009 7901,783 9534,474 7252,4277 1852,9395
2,012 B 1813,6703 7055,337 12780,621 10368,567 5225,912 5613,3403 S 5155,3076 13467,009 7901,783 9534,474 7252,4277 1852,9395
2,011111 B 1813,6703 7055,337 12780,621 10368,567 5225,912 5613,3403 S 5155,3076 13467,009 7901,783 9534,474 7252,4277 1852,9395
2,0110002 B 1813,6703 7055,337 12780,621 10368,567 5225,912 5613,3403 S 5155,3076 13467,009 7901,783 9534,474 7252,4277 1852,9395
2,0110004 B 1813,6703 7055,337 12780,621 10368,567 5225,912 5613,3403 S 5155,3076 13467,009 7901,783 9534,474 7252,4277 1852,9395
2,0110002 B 1813,6703 7055,337 12780,621 10368,567 5225,912 5613,3403 S 5155,3076 13467,009 7901,783 9534,474 7252,4277 1852,9395
2,0110004 B 1813,6703 7055,337 12780,621 10368,567 5225,912 5613,3403 S 5155,3076 13467,009 7901,783 9534,474 7252,4277 1852,9395
2,0110004 B 1813,6703 7055,337 12780,621 10368,567 5225,912 5613,3403 S 5155,3076 13467,009 7901,783 9534,474 7252,4277 1852,9395
2,0107024 B 1813,6703 7055,337 12780,621 10368,567 5225,912 5613,3403 S 5155,3076 13467,009 7901,783 9534,474 7252,4277 1852,9395
2,0100012 B 1813,6703 7055,337 12780,621 10368,567 5225,912 5613,3403 S 5155,3076 13467,009 7901,783 9534,474 7252,4277 1852,9395
2,0100005 B 1813,6703 7055,337 12780,621 10368,567 5225,912 5613,3403 S 5155,3076 13467,009 7901,783 9534,474 7252,4277 1852,9395
2,0105748 B 1813,6703 7055,337 12780,621 10368,567 5225,912 5613,3403 S 5155,3076 13467,009 7901,783 9534,474 7252,4277 1852,9395
2,011 B 1813,6703 7055,337 12780,621 10368,567 5225,912 5613,3403 S 5155,3076 13467,009 7901,783 9534,474 7252,4277 1852,9395
2,0110002 B 1813,6703 7055,337 12780,621 10368,567 5225,912 5613,3403 S 5155,3076 13467,009 7901,783 9534,474 7252,4277 1852,9395
2,0110002 B 1813,6703 7055,337 12780,621 10368,567 5225,912 5613,3403 S 5155,3076 13467,009 7901,783 9534,474 7252,4277 1852,9395
2,0109992 B 1813,6703 7055,337 12780,621 10368,567 5225,912 5613,3403 S 5155,3076 13467,009 7901,783 9534,474 7252,4277 1852,9395
2,011 B 1813,6703 7055,337 12780,621 10368,567 5225,912 5613,3403 S 5155,3076 13467,009 7901,783 9534,474 7252,4277 1852,9395
2,0110004 B 1813,6703 7055,337 12780,621 10368,567 5225,912 5613,3403 S 5155,3076 13467,009 7901,783 9534,474 7252,4277 1852,9395
2,0110002 B 1813,6703 7055,337 12780,621 10368,567 5225,912 5613,3403 S 5155,3076 13467,009 7901,783 9534,474 7252,4277 1852,9395
2,011 B 1813,6703 7055,337 12780,621 10368,567 5225,912 5613,3403 S 5155,3076 13467,009 7901,783 9534,474 7252,4277 1852,9395
2,0115478 B 1813,6703 7055,337 12780,621 10368,567 5225,912 5613,3403 S 5155,3076 13467,009 7901,783 9534,474 7252,4277 1852,9395
2,0128388 B 1813,6703 7055,337 12780,621 10368,567 5225,912 5613,3403 S 5155,3076 13467,009 7901,783 9534,474 7252,4277 1852,9395
2,012 B 1813,6703 7055,337 12780,621 10368,567 5225,912 5613,3403 S 5155,3076 13467,009 7901,783 9534,474 7252,4277 1852,9395
2,0120003 B 1813,6703 7055,337 12780,621 10368,567 5225,912 5613,3403 S 5155,3076 13467,009 7901,783 9534,474 7252,4277 1852,9395
2,0112207 B 1813,6703 7055,337 12780,621 10368,567 5225,912 5613,3403 S 5155,3076 13467,009 7901,783 9534,474 7252,4277 1852,9395
2,0110004 B 1813,6703 7055,337 12780,621 10368,567 5225,912 5613,3403 S 5155,3076 13467,009 7901,783 9534,474 7252,4277 1852,9395
2,011 B 1813,6703 7055,337 12780,621 10368,567 5225,912 5613,3403 S 5155,3076 13467,009 7901,783 9534,474 7252,4277 1852,9395
2,0110002 B 1813,6703 7055,337 12780,621 10368,567 5225,912 5613,3403 S 5155,3076 13467,009 7901,783 9534,474 7252,4277 1852,9395
2,011 B 1813,6703 7055,337 12780,621 10368,567 5225,912 5613,3403 S 5155,3076 13467,009 7901,783 9534,474 7252,4277 1852,9395
2,0110004 B 1813,6703 7055,337 12780,621 10368,567 5225,912 5613,3403 S 5155,3076 13467,009 7901,783 9534,474 7252,4277 1852,9395
2,0110004 B 1813,6703 7055,337 12780,621 10368,567 5225,912 5613,3403 S 5155,3076 13467,009 7901,783 9534,474 7252,4277 1852,9395
2,0100307 B 1813,6703 7055,337 12780,621 10368,567 5225,912 5613,3403 S 5155,3076 13467,009 7901,783 9534,474 7252,4277 1852,9395
2,0090003 B 1813,6703 7055,337 12780,621 10368,567 5225,912 5613,3403 S 5155,3076 13467,009 7901,783 9534,474 7252,4277 1852,9395
2,0090005 B 1813,6703 7055,337 12780,621 10368,567 5225,912 5613,3403 S 5155,3076 13467,009 7901,783 9534,474 7252,4277 1852,9395
2,0089998 B 1813,6703 7055,337 12780,621 10368,567 5225,912 5613,3403 S 5155,3076 13467,009 7901,783 9534,474 7252,4277 1852,9395
2,0090008 B 1813,6703 7055,337 12780,621 10368,567 5225,912 5613,3403 S 5155,3076 13467,009 7901,783 9534,474 7252,4277 1852,9395
2,0090003 B 1813,6703 7055,337 12780,621 10368,567 5225,912 5613,3403 S 5155,3076 13467,009 7901,783 9534,474 7252,4277 1852,9395
2,0089996 B 1813,6703 7055,337 12780,621 10368,567 5225,912 5613,3403 S 5155,3076 13467,009 7901,783 9534,474 7252,4277 1852,9395
2,0090005 B 1813,6703 7055,337 12780,621 10368,567 5225,912 5613,3403 S 5155,3076 13467,009 7901,783 9534,474 7252,4277 1852,9395
2,009 B 1813,6703 7055,337 12780,621 10368,567 5225,912 5613,3403 S 5155,3076 13467,009 7901,783 9534,474 7252,4277 1852,9395
2,0090535 B 1813,6703 7055,337 12780,621 10368,567 5225,912 5613,3403 S 5155,3076 13467,009 7901,783 9534,474 7252,4277 1852,9395
2,01 B 1813,6703 7055,337 12780,621 10368,567 5225,912 5613,3403 S 5155,3076 13467,009 7901,783 9534,474 7252,4277 1852,9395
2,0099995 B 1813,6703 7055,337 12780,621 10368,567 5225,912 5613,3403 S 5155,3076 13467,009 7901,783 9534,474 7252,4277 1852,9395
2,010001 B 1813,6703 7055,337 12780,621 10368,567 5225,912 5613,3403 S 5155,3076 13467,009 7901,783 9534,474 7252,4277 1852,9395
2,0096498 B 1813,6703 7055,337 12780,621 10368,567 5225,912 5613,3403 S 5155,3076 13467,009 7901,783 9534,474 7252,4277 1852,9395
2,0089998 B 1813,6703 7055,337 12780,621 10368,567 5225,912 5613,3403 S 5155,3076 13467,009 7901,783 9534,474 7252,4277 1852,9395
2,009 B 1813,6703 7055,337 12780,621 10368,567 5225,912 5613,3403 S 5155,3076 13467,009 7901,783 9534,474 7252,4277 1852,9395
2,009 B 1813,6703 7055,337 12780,621 10368,567 5225,912 5613,3403 S 5155,3076 13467,009 7901,783 9534,474 7252,4277 1852,9395
2,0090003 B 1813,6703 7055,337 12780,621 10368,567 5225,912 5613,3403 S 5155,3076 13467,009 7901,783 9534,474 7252,4277 1852,9395
2,0089998 B 1813,6703 7055,337 12780,621 10368,567 5225,912 5613,3403 S 5155,3076 13467,009 7901,783 9534,474 7252,4277 1852,9395
2,0090003 B 1813,6703 7055,337 12780,621 10368,567 5225,912 5613,3403 S 5155,3076 13467,009 7901,783 9534,474 7252,4277 1852,9395
2,009 B 1813,6703 7055,337 12780,621 10368,567 5225,912 5613,3403 S 5155,3076 13467,009 7901,783 9534,474 7252,4277 1852,9395
2,0085948 B 1813,6703 7055,337 12780,621 10368,567 5225,912 5613,3403 S 5155,3076 13467,009 7901,783 9534,474 7252,4277 1852,9395
2,0078127 B 1813,6703 7055,337 12780,621 10368,567 5225,912 5613,3403 S 5155,3076 13467,009 7901,783 9534,474 7252,4277 1852,9395
2,0055826 B 1813,6703 7055,337 12780,621 10368,567 5225,912 5613,3403 S 5155,3076 13467,009 7901,783 9534,474 7252,4277 1852,9395
2,004305 B 1813,6703 7055,337 12780,621 10368,567 5225,912 5613,3403 S 5155,3076 13467,009 7901,783 9534,474 7252,4277 1852,9395
2,0020006 B 1813,6703 7055,337 12780,621 10368,567 5225,912 5613,3403 S 5155,3076 13467,009 7901,783 9534,474 7252,4277 1852,9395
2,0012555 B 1813,6703 7055,337 12780,621 10368,567 5225,912 5613,3403 S 5155,3076 13467,009 7901,783 9534,474 7252,4277 1852,9395
2,0010004 B 1813,6703 7055,337 12780,621 10368,567 5225,912 5613,3403 S 5155,3076 13467,009 7901,783 9534,474 7252,4277 1852,9395
2,0034318 B 1813,6703 7055,337 12780,621 10368,567 5225,912 5613,3403 S 5155,3076 13467,009 7901,783 9534,474 7252,4277 1852,9395
2,0050004 B 1813,6703 7055,337 12780,621 10368,567 5225,912 5613,3403 S 5155,3076 13467,009 7901,783 9534,474 7252,4277 1852,9395
2,0050356 B 1813,6703 7055,337 12780,621 10368,567 5225,912 5613,3403 S 5155,3076 13467,009 7901,783 9534,474 7252,4277 1852,9395
2,0059998 B 1813,6703 7055,337 12780,621 10368,567 5225,912 5613,3403 S 5155,3076 13467,009 7901,783 9534,474 7252,4277 1852,9395
2,0059998 B 1813,6703 7055,337 12780,621 10368,567 5225,912 5613,3403 S 5155,3076 13467,009 7901,783 9534,474 7252,4277 1852,9395
2,0060005 B 1813,6703 7055,337 12780,621 10368,567 5225,912 5613,3403 S 5155,3076 13467,009 7901,783 9534,474 7252,4277 1852,9395
2,006 B 1813,6703 7055,337 12780,621 10368,567 5225,912 5613,3403 S 5155,3076 13467,009 7901,783 9534,474 7252,4277 1852,9395
2,0060005 B 1813,6703 7055,337 12780,621 10368,567 5225,912 5613,3403 S 5155,3076 13467,009 7901,783 9534,474 7252,4277 1852,9395
2,0060616 B 1813,6703 7055,337 12780,621 10368,567 5225,912 5613,3403 S 5155,3076 13467,009 7901,783 9534,474 7252,4277 1852,9395
2,007 B 1813,6703 7055,337 12780,621 10368,567 5225,912 5613,3403 S 5155,3076 13467,009 7901,783 9534,474 7252,4277 1852,9395
2,0069997 B 1813,6703 7055,337 12780,621 10368,567 5225,912 5613,3403 S 5155,3076 13467,009 7901,783 9534,474 7252,4277 1852,9395
2,0069997 B 1813,6703 7055,337 12780,621 10368,567 5225,912 5613,3403 S 5155,3076 13467,009 7901,783 9534,474 7252,4277 1852,9395
2,0069997 B 1813,6703 7055,337 12780,621 10368,567 5225,912 5613,3403 S 5155,3076 13467,009 7901,783 9534,474 7252,4277 1852,9395
2,0070004 B 1813,6703 7055,337 12780,621 10368,567 5225,912 5613,3403 S 5155,3076 13467,009 7901,783 9534,474 7252,4277 1852,9395
2,0077186 B 1813,6703 7055,337 12780,621 10368,567 5225,912 5613,3403 S 5155,3076 13467,009 7901,783 9534,474 7252,4277 1852,9395
2,008 B 1813,6703 7055,337 12780,621 10368,567 5225,912 5613,3403 S 5155,3076 13467,009 7901,783 9534,474 7252,4277 1852,9395
2,0079997 B 1813,6703 7055,337 12780,621 10368,567 5225,912 5613,3403 S 5155,3076 13467,009 7901,783 9534,474 7252,4277 1852,9395
2,0074394 B 1813,6703 7055,337 12780,621 10368,567 5225,912 5613,3403 S 5155,3076 13467,009 7901,783 9534,474 7252,4277 1852,9395
2,007457 B 1813,6703 7055,337 12780,621 10368,567 5225,912 5613,3403 S 5155,3076 13467,009 7901,783 9534,474 7252,4277 1852,9395
2,008 B 1813,6703 7055,337 12780,621 10368,567 5225,912 5613,3403 S 5155,3076 13467,009 7901,783 9534,474 7252,4277 1852,9395
2,008 B 1813,6703 7055,337 12780,621 10368,567 5225,912 5613,3403 S 5155,3076 13467,009 7901,783 9534,474 7252,4277 1852,9395
2,0079997 B 1813,6703 7055,337 12780,621 10368,567 5225,912 5613,3403 S 5155,3076 13467,009 7901,783 9534,474 7252,4277 1852,9395
2,0082827 B 1813,6703 7055,337 12780,621 10368,567 5225,912 5613,3403 S 5155,3076 13467,009 7901,783 9534,474 7252,4277 1852,9395
2,0089998 B 1813,6703 7055,337 12780,621 10368,567 5225,912 5613,3403 S 5155,3076 13467,009 7901,783 9534,474 7252,4277 1852,9395
2,0089996 B 1813,6703 7055,337 12780,621 10368,567 5225,912 5613,3403 S 5155,3076 13467,009 7901,783 9534,474 7252,4277 1852,9395
2,009 B 1813,6703 7055,337 12780,621 10368,567 5225,912 5613,3403 S 5155,3076 13467,009 7901,783 9534,474 7252,4277 1852,9395
2,009 B 1813,6703 7055,337 12780,621 10368,567 5225,912 5613,3403 S 5155,3076 13467,009 7901,783 9534,474 7252,4277 1852,9395
2,0090005 B 1813,6703 7055,337 12780,621 10368,567 5225,912 5613,3403 S 5155,3076 13467,009 7901,783 9534,474 7252,4277 1852,9395
2,0089998 B 1813,6703 7055,337 12780,621 10368,567 5225,912 5613,3403 S 5155,3076 13467,009 7901,783 9534,474 7252,4277 1852,9395
2,0090003 B 1813,6703 7055,337 12780,621 10368,567 5225,912 5613,3403 S 5155,3076 13467,009 7901,783 9534,474 7252,4277 1852,9395
2,0085704 B 1813,6703 7055,337 12780,621 10368,567 5225,912 5613,3403 S 5155,3076 13467,009 7901,783 9534,474 7252,4277 1852,9395
2,009 B 1813,6703 7055,337 12780,621 10368,567 5225,912 5613,3403 S 5155,3076 13467,009 7901,783 9534,474 7252,4277 1852,9395
2,009 B 1813,6703 7055,337 12780,621 10368,567 5225,912 5613,3403 S 5155,3076 13467,009 7901,783 9534,474 7252,4277 1852,9395
2,0089998 B 1813,6703 7055,337 12780,621 10368,567 5225,912 5613,3403 S 5155,3076 13467,009 7901,783 9534,474 7252,4277 1852,9395
2,0090003 B 1813,6703 7055,337 12780,621 10368,567 5225,912 5613,3403 S 5155,3076 13467,009 7901,783 9534,474 7252,4277 1852,9395
2,009 B 1813,6703 7055,337 12780,621 10368,567 5225,912 5613,3403 S 5155,3076 13467,009 7901,783 9534,474 7252,4277 1852,9395
2,0089998 B 1813,6703 7055,337 12780,621 10368,567 5225,912 5613,3403 S 5155,3076 13467,009 7901,783 9534,474 7252,4277 1852,9395
2,0090005 B 1813,6703 7055,337 12780,621 10368,567 5225,912 5613,3403 S 5155,3076 13467,009 7901,783 9534,474 7252,4277 1852,9395
2,0090003 B 1813,6703 7055,337 12780,621 10368,567 5225,912 5613,3403 S 5155,3076 13467,009 7901,783 9534,474 7252,4277 1852,9395
2,0089996 B 1813,6703 7055,337 12780,621 10368,567 5225,912 5613,3403 S 5155,3076 13467,009 7901,783 9534,474 7252,4277 1852,9395
2,009476 B 1813,6703 7055,337 12780,621 10368,567 5225,912 5613,3403 S 5155,3076 13467,009 7901,783 9534,474 7252,4277 1852,9395
2,0099998 B 1813,6703 7055,337 12780,621 10368,567 5225,912 5613,3403 S 5155,3076 13467,009 7901,783 9534,474 7252,4277 1852,9395
2,0100002 B 1813,6703 7055,337 12780,621 10368,567 5225,912 5613,3403 S 5155,3076 13467,009 7901,783 9534,474 7252,4277 1852,9395
2,0099998 B 1813,6703 7055,337 12780,621 10368,567 5225,912 5613,3403 S 5155,3076 13467,009 7901,783 9534,474 7252,4277 1852,9395
2,0102627 B 1813,6703 7055,337 12780,621 10368,567 5225,912 5613,3403 S 5155,3076 13467,009 7901,783 9534,474 7252,4277 1852,9395
2,0110009 B 1813,6703 7055,337 12780,621 10368,567 5225,912 5613,3403 S 5155,3076 13467,009 7901,783 9534,474 7252,4277 1852,9395
2,0114737 B 1813,6703 7055,337 12780,621 10368,567 5225,912 5613,3403 S 5155,3076 13467,009 7901,783 9534,474 7252,4277 1852,9395
2,0119998 B 1813,6703 7055,337 12780,621 10368,567 5225,912 5613,3403 S 5155,3076 13467,009 7901,783 9534,474 7252,4277 1852,9395
2,0119996 B 1813,6703 7055,337 12780,621 10368,567 5225,912 5613,3403 S 5155,3076 13467,009 7901,783 9534,474 7252,4277 1852,9395
2,0120008 B 1813,6703 7055,337 12780,621 10368,567 5225,912 5613,3403 S 5155,3076 13467,009 7901,783 9534,474 7252,4277 1852,9395
2,0119998 B 1813,6703 7055,337 12780,621 10368,567 5225,912 5613,3403 S 5155,3076 13467,009 7901,783 9534,474 7252,4277 1852,9395
2,0119998 B 1813,6703 7055,337 12780,621 10368,567 5225,912 5613,3403 S 5155,3076 13467,009 7901,783 9534,474 7252,4277 1852,9395
2,0119996 B 1813,6703 7055,337 12780,621 10368,567 5225,912 5613,3403 S 5155,3076 13467,009 7901,783 9534,474 7252,4277 1852,9395
2,0125642 B 1813,6703 7055,337 12780,621 10368,567 5225,912 5613,3403 S 5155,3076 13467,009 7901,783 9534,474 7252,4277 1852,9395
2,0144508 B 1813,6703 7055,337 12780,621 10368,567 5225,912 5613,3403 S 5155,3076 13467,009 7901,783 9534,474 7252,4277 1852,9395
2,0150003 B 1813,6703 7055,337 12780,621 10368,567 5225,912 5613,3403 S 5155,3076 13467,009 7901,783 9534,474 7252,4277 1852,9395
2,0156379 B 1813,6703 7055,337 12780,621 10368,567 5225,912 5613,3403 S 5155,3076 13467,009 7901,783 9534,474 7252,4277 1852,9395
2,0180008 B 1813,6703 7055,337 12780,621 10368,567 5225,912 5613,3403 S 5155,3076 13467,009 7901,783 9534,474 7252,4277 1852,9395
2,0180004 B 1813,6703 7055,337 12780,621 10368,567 5225,912 5613,3403 S 5155,3076 13467,009 7901,783 9534,474 7252,4277 1852,9395
2,018764 B 1813,6703 7055,337 12780,621 10368,567 5225,912 5613,3403 S 5155,3076 13467,009 7901,783 9534,474 7252,4277 1852,9395
2,0189998 B 1813,6703 7055,337 12780,621 10368,567 5225,912 5613,3403 S 5155,3076 13467,009 7901,783 9534,474 7252,4277 1852,9395
2,0189998 B 1813,6703 7055,337 12780,621 10368,567 5225,912 5613,3403 S 5155,3076 13467,009 7901,783 9534,474 7252,4277 1852,9395
2,019 B 1813,6703 7055,337 12780,621 10368,567 5225,912 5613,3403 S 5155,3076 13467,009 7901,783 9534,474 7252,4277 1852,9395
2,019 B 1813,6703 7055,337 12780,621 10368,567 5225,912 5613,3403 S 5155,3076 13467,009 7901,783 9534,474 7252,4277 1852,9395
2,0189996 B 1813,6703 7055,337 12780,621 10368,567 5225,912 5613,3403 S 5155,3076 13467,009 7901,783 9534,474 7252,4277 1852,9395
2,0189996 B 1813,6703 7055,337 12780,621 10368,567 5225,912 5613,3403 S 5155,3076 13467,009 7901,783 9534,474 7252,4277 1852,9395
2,0197628 B 1813,6703 7055,337 12780,621 10368,567 5225,912 5613,3403 S 5155,3076 13467,009 7901,783 9534,474 7252,4277 1852,9395
2,0200002 B 1813,6703 7055,337 12780,621 10368,567 5225,912 5613,3403 S 5155,3076 13467,009 7901,783 9534,474 7252,4277 1852,9395
2,0200007 B 1813,6703 7055,337 12780,621 10368,567 5225,912 5613,3403 S 5155,3076 13467,009 7901,783 9534,474 7252,4277 1852,9395
2,02 B 1813,6703 7055,337 12780,621 10368,567 5225,912 5613,3403 S 5155,3076 13467,009 7901,783 9534,474 7252,4277 1852,9395
2,02 B 1813,6703 7055,337 12780,621 10368,567 5225,912 5613,3403 S 5155,3076 13467,009 7901,783 9534,474 7252,4277 1852,9395
2,020758 B 1813,6703 7055,337 12780,621 10368,567 5225,912 5613,3403 S 5155,3076 13467,009 7901,783 9534,474 7252,4277 1852,9395
2,021 B 1813,6703 7055,337 12780,621 10368,567 5225,912 5613,3403 S 5155,3076 13467,009 7901,783 9534,474 7252,4277 1852,9395
2,0210001 B 1813,6703 7055,337 12780,621 10368,567 5225,912 5613,3403 S 5155,3076 13467,009 7901,783 9534,474 7252,4277 1852,9395
2,0210004 B 1813,6703 7055,337 12780,621 10368,567 5225,912 5613,3403 S 5155,3076 13467,009 7901,783 9534,474 7252,4277 1852,9395
2,0209997 B 1813,6703 7055,337 12780,621 10368,567 5225,912 5613,3403 S 5155,3076 13467,009 7901,783 9534,474 7252,4277 1852,9395
2,0210001 B 1813,6703 7055,337 12780,621 10368,567 5225,912 5613,3403 S 5155,3076 13467,009 7901,783 9534,474 7252,4277 1852,9395
2,0209994 B 1813,6703 7055,337 12780,621 10368,567 5225,912 5613,3403 S 5155,3076 13467,009 7901,783 9534,474 7252,4277 1852,9395
2,0195193 B 1813,6703 7055,337 12780,621 10368,567 5225,912 5613,3403 S 5155,3076 13467,009 7901,783 9534,474 7252,4277 1852,9395
2,0180004 B 1813,6703 7055,337 12780,621 10368,567 5225,912 5613,3403 S 5155,3076 13467,009 7901,783 9534,474 7252,4277 1852,9395
2,0180004 B 1813,6703 7055,337 12780,621 10368,567 5225,912 5613,3403 S 5155,3076 13467,009 7901,783 9534,474 7252,4277 1852,9395
2,018 B 1813,6703 7055,337 12780,621 10368,567 5225,912 5613,3403 S 5155,3076 13467,009 7901,783 9534,474 7252,4277 1852,9395
2,0179996 B 1813,6703 7055,337 12780,621 10368,567 5225,912 5613,3403 S 5155,3076 13467,009 7901,783 9534,474 7252,4277 1852,9395
