1,9761271
1,9774183 B 3851,6633 7956,77 7850,8794 11814,927 14597,499 9615,494 S 1556,1 4598,999 11887,564 13241,1875 7814,863 1505,3612
1,977709 B 3851,6633 7956,77 7850,8794 11814,927 14597,499 9615,494 S 1556,1 4598,999 11887,564 13241,1875 7814,863 1505,3612
1,977 B 3851,6633 7956,77 7850,8794 11814,927 14597,499 9615,494 S 1556,1 4598,999 11887,564 13241,1875 7814,863 1505,3612
1,9769998 B 3851,6633 7956,77 7850,8794 11814,927 14597,499 9615,494 S 1556,1 4598,999 11887,564 13241,1875 7814,863 1505,3612
1,9752017 B 3851,6633 7956,77 7850,8794 11814,927 14597,499 9615,494 S 1556,1 4598,999 11887,564 13241,1875 7814,863 1505,3612
1,9757748 B 3851,6633 7956,77 7850,8794 11814,927 14597,499 9615,494 S 1556,1 4598,999 11887,564 13241,1875 7814,863 1505,3612
1,975226 B 3851,6633 7956,77 7850,8794 11814,927 14597,499 9615,494 S 1556,1 4598,999 11887,564 13241,1875 7814,863 1505,3612
1,975 B 3851,6633 7956,77 7850,8794 11814,927 14597,499 9615,494 S 1556,1 4598,999 11887,564 13241,1875 7814,863 1505,3612
1,9758431 B 3851,6633 7956,77 7850,8794 11814,927 14597,499 9615,494 S 1556,1 4598,999 11887,564 13241,1875 7814,863 1505,3612
1,976 B 3851,6633 7956,77 7850,8794 11814,927 14597,499 9615,494 S 1556,1 4598,999 11887,564 13241,1875 7814,863 1505,3612
1,976001 B 3851,6633 7956,77 7850,8794 11814,927 14597,499 9615,494 S 1556,1 4598,999 11887,564 13241,1875 7814,863 1505,3612
1,9760002 B 3851,6633 7956,77 7850,8794 11814,927 14597,499 9615,494 S 1556,1 4598,999 11887,564 13241,1875 7814,863 1505,3612
1,9764777 B 3851,6633 7956,77 7850,8794 11814,927 14597,499 9615,494 S 1556,1 4598,999 11887,564 13241,1875 7814,863 1505,3612
1,9779999 B 3851,6633 7956,77 7850,8794 11814,927 14597,499 9615,494 S 1556,1 4598,999 11887,564 13241,1875 7814,863 1505,3612
1,977999 B 3851,6633 7956,77 7850,8794 11814,927 14597,499 9615,494 S 1556,1 4598,999 11887,564 13241,1875 7814,863 1505,3612
1,9780003 B 3851,6633 7956,77 7850,8794 11814,927 14597,499 9615,494 S 1556,1 4598,999 11887,564 13241,1875 7814,863 1505,3612
1,9776016 B 3851,6633 7956,77 7850,8794 11814,927 14597,499 9615,494 S 1556,1 4598,999 11887,564 13241,1875 7814,863 1505,3612
1,9770004 B 3851,6633 7956,77 7850,8794 11814,927 14597,499 9615,494 S 1556,1 4598,999 11887,564 13241,1875 7814,863 1505,3612
1,9755048 B 3851,6633 7956,77 7850,8794 11814,927 14597,499 9615,494 S 1556,1 4598,999 11887,564 13241,1875 7814,863 1505,3612
1,9744848 B 3851,6633 7956,77 7850,8794 11814,927 14597,499 9615,494 S 1556,1 4598,999 11887,564 13241,1875 7814,863 1505,3612
1,9730699 B 3851,6633 7956,77 7850,8794 11814,927 14597,499 9615,494 S 1556,1 4598,999 11887,564 13241,1875 7814,863 1505,3612
1,973 B 3851,6633 7956,77 7850,8794 11814,927 14597,499 9615,494 S 1556,1 4598,999 11887,564 13241,1875 7814,863 1505,3612
1,973301 B 3851,6633 7956,77 7850,8794 11814,927 14597,499 9615,494 S 1556,1 4598,999 11887,564 13241,1875 7814,863 1505,3612
1,9740002 B 3851,6633 7956,77 7850,8794 11814,927 14597,499 9615,494 S 1556,1 4598,999 11887,564 13241,1875 7814,863 1505,3612
1,9740008 B 3851,6633 7956,77 7850,8794 11814,927 14597,499 9615,494 S 1556,1 4598,999 11887,564 13241,1875 7814,863 1505,3612
1,9740001 B 3851,6633 7956,77 7850,8794 11814,927 14597,499 9615,494 S 1556,1 4598,999 11887,564 13241,1875 7814,863 1505,3612
1,9740001 B 3851,6633 7956,77 7850,8794 11814,927 14597,499 9615,494 S 1556,1 4598,999 11887,564 13241,1875 7814,863 1505,3612
1,9740005 B 3851,6633 7956,77 7850,8794 11814,927 14597,499 9615,494 S 1556,1 4598,999 11887,564 13241,1875 7814,863 1505,3612
1,9740005 B 3851,6633 7956,77 7850,8794 11814,927 14597,499 9615,494 S 1556,1 4598,999 11887,564 13241,1875 7814,863 1505,3612
1,9740002 B 3851,6633 7956,77 7850,8794 11814,927 14597,499 9615,494 S 1556,1 4598,999 11887,564 13241,1875 7814,863 1505,3612
1,972213 B 3851,6633 7956,77 7850,8794 11814,927 14597,499 9615,494 S 1556,1 4598,999 11887,564 13241,1875 7814,863 1505,3612
1,9709992 B 3851,6633 7956,77 7850,8794 11814,927 14597,499 9615,494 S 1556,1 4598,999 11887,564 13241,1875 7814,863 1505,3612
1,9710001 B 3851,6633 7956,77 7850,8794 11814,927 14597,499 9615,494 S 1556,1 4598,999 11887,564 13241,1875 7814,863 1505,3612
1,9683628 B 3851,6633 7956,77 7850,8794 11814,927 14597,499 9615,494 S 1556,1 4598,999 11887,564 13241,1875 7814,863 1505,3612
1,9684002 B 3851,6633 7956,77 7850,8794 11814,927 14597,499 9615,494 S 1556,1 4598,999 11887,564 13241,1875 7814,863 1505,3612
1,9691224 B 3851,6633 7956,77 7850,8794 11814,927 14597,499 9615,494 S 1556,1 4598,999 11887,564 13241,1875 7814,863 1505,3612
1,97 B 3851,6633 7956,77 7850,8794 11814,927 14597,499 9615,494 S 1556,1 4598,999 11887,564 13241,1875 7814,863 1505,3612
1,97 B 3851,6633 7956,77 7850,8794 11814,927 14597,499 9615,494 S 1556,1 4598,999 11887,564 13241,1875 7814,863 1505,3612
1,9699997 B 3851,6633 7956,77 7850,8794 11814,927 14597,499 9615,494 S 1556,1 4598,999 11887,564 13241,1875 7814,863 1505,3612
1,9699999 B 3851,6633 7956,77 7850,8794 11814,927 14597,499 9615,494 S 1556,1 4598,999 11887,564 13241,1875 7814,863 1505,3612
1,9705387 B 3851,6633 7956,77 7850,8794 11814,927 14597,499 9615,494 S 1556,1 4598,999 11887,564 13241,1875 7814,863 1505,3612
1,9710002 B 3851,6633 7956,77 7850,8794 11814,927 14597,499 9615,494 S 1556,1 4598,999 11887,564 13241,1875 7814,863 1505,3612
1,9716136 B 3851,6633 7956,77 7850,8794 11814,927 14597,499 9615,494 S 1556,1 4598,999 11887,564 13241,1875 7814,863 1505,3612
1,9704727 B 3851,6633 7956,77 7850,8794 11814,927 14597,499 9615,494 S 1556,1 4598,999 11887,564 13241,1875 7814,863 1505,3612
1,9690002 B 3851,6633 7956,77 7850,8794 11814,927 14597,499 9615,494 S 1556,1 4598,999 11887,564 13241,1875 7814,863 1505,3612
1,9690614 B 3851,6633 7956,77 7850,8794 11814,927 14597,499 9615,494 S 1556,1 4598,999 11887,564 13241,1875 7814,863 1505,3612
1,9692107 B 3851,6633 7956,77 7850,8794 11814,927 14597,499 9615,494 S 1556,1 4598,999 11887,564 13241,1875 7814,863 1505,3612
1,9679997 B 3851,6633 7956,77 7850,8794 11814,927 14597,499 9615,494 S 1556,1 4598,999 11887,564 13241,1875 7814,863 1505,3612
1,968 B 3851,6633 7956,77 7850,8794 11814,927 14597,499 9615,494 S 1556,1 4598,999 11887,564 13241,1875 7814,863 1505,3612
1,9679999 B 3851,6633 7956,77 7850,8794 11814,927 14597,499 9615,494 S 1556,1 4598,999 11887,564 13241,1875 7814,863 1505,3612
1,9679997 B 3851,6633 7956,77 7850,8794 11814,927 14597,499 9615,494 S 1556,1 4598,999 11887,564 13241,1875 7814,863 1505,3612
1,9680003 B 3851,6633 7956,77 7850,8794 11814,927 14597,499 9615,494 S 1556,1 4598,999 11887,564 13241,1875 7814,863 1505,3612
1,9680004 B 3851,6633 7956,77 7850,8794 11814,927 14597,499 9615,494 S 1556,1 4598,999 11887,564 13241,1875 7814,863 1505,3612
1,9680004 B 3851,6633 7956,77 7850,8794 11814,927 14597,499 9615,494 S 1556,1 4598,999 11887,564 13241,1875 7814,863 1505,3612
1,9679997 B 3851,6633 7956,77 7850,8794 11814,927 14597,499 9615,494 S 1556,1 4598,999 11887,564 13241,1875 7814,863 1505,3612
1,9680002 B 3851,6633 7956,77 7850,8794 11814,927 14597,499 9615,494 S 1556,1 4598,999 11887,564 13241,1875 7814,863 1505,3612
1,9679999 B 3851,6633 7956,77 7850,8794 11814,927 14597,499 9615,494 S 1556,1 4598,999 11887,564 13241,1875 7814,863 1505,3612
1,9679999 B 3851,6633 7956,77 7850,8794 11814,927 14597,499 9615,494 S 1556,1 4598,999 11887,564 13241,1875 7814,863 1505,3612
1,9679998 B 3851,6633 7956,77 7850,8794 11814,927 14597,499 9615,494 S 1556,1 4598,999 11887,564 13241,1875 7814,863 1505,3612
1,968 B 3851,6633 7956,77 7850,8794 11814,927 14597,499 9615,494 S 1556,1 4598,999 11887,564 13241,1875 7814,863 1505,3612
1,9679998 B 3851,6633 7956,77 7850,8794 11814,927 14597,499 9615,494 S 1556,1 4598,999 11887,564 13241,1875 7814,863 1505,3612
1,9680004 B 3851,6633 7956,77 7850,8794 11814,927 14597,499 9615,494 S 1556,1 4598,999 11887,564 13241,1875 7814,863 1505,3612
1,9680002 B 3851,6633 7956,77 7850,8794 11814,927 14597,499 9615,494 S 1556,1 4598,999 11887,564 13241,1875 7814,863 1505,3612
1,9707214 B 3851,6633 7956,77 7850,8794 11814,927 14597,499 9615,494 S 1556,1 4598,999 11887,564 13241,1875 7814,863 1505,3612
1,9720007 B 3851,6633 7956,77 7850,8794 11814,927 14597,499 9615,494 S 1556,1 4598,999 11887,564 13241,1875 7814,863 1505,3612
1,9719999 B 3851,6633 7956,77 7850,8794 11814,927 14597,499 9615,494 S 1556,1 4598,999 11887,564 13241,1875 7814,863 1505,3612
1,9720001 B 3851,6633 7956,77 7850,8794 11814,927 14597,499 9615,494 S 1556,1 4598,999 11887,564 13241,1875 7814,863 1505,3612
1,9720001 B 3851,6633 7956,77 7850,8794 11814,927 14597,499 9615,494 S 1556,1 4598,999 11887,564 13241,1875 7814,863 1505,3612
1,9720006 B 3851,6633 7956,77 7850,8794 11814,927 14597,499 9615,494 S 1556,1 4598,999 11887,564 13241,1875 7814,863 1505,3612
1,9720002 B 3851,6633 7956,77 7850,8794 11814,927 14597,499 9615,494 S 1556,1 4598,999 11887,564 13241,1875 7814,863 1505,3612
1,9720001 B 3851,6633 7956,77 7850,8794 11814,927 14597,499 9615,494 S 1556,1 4598,999 11887,564 13241,1875 7814,863 1505,3612
1,972 B 3851,6633 7956,77 7850,8794 11814,927 14597,499 9615,494 S 1556,1 4598,999 11887,564 13241,1875 7814,863 1505,3612
1,9720002 B 3851,6633 7956,77 7850,8794 11814,927 14597,499 9615,494 S 1556,1 4598,999 11887,564 13241,1875 7814,863 1505,3612
1,9719996 B 3851,6633 7956,77 7850,8794 11814,927 14597,499 9615,494 S 1556,1 4598,999 11887,564 13241,1875 7814,863 1505,3612
1,9719998 B 3851,6633 7956,77 7850,8794 11814,927 14597,499 9615,494 S 1556,1 4598,999 11887,564 13241,1875 7814,863 1505,3612
1,972 B 3851,6633 7956,77 7850,8794 11814,927 14597,499 9615,494 S 1556,1 4598,999 11887,564 13241,1875 7814,863 1505,3612
1,9719998 B 3851,6633 7956,77 7850,8794 11814,927 14597,499 9615,494 S 1556,1 4598,999 11887,564 13241,1875 7814,863 1505,3612
1,9720004 B 3851,6633 7956,77 7850,8794 11814,927 14597,499 9615,494 S 1556,1 4598,999 11887,564 13241,1875 7814,863 1505,3612
1,9720002 B 3851,6633 7956,77 7850,8794 11814,927 14597,499 9615,494 S 1556,1 4598,999 11887,564 13241,1875 7814,863 1505,3612
1,9719998 B 3851,6633 7956,77 7850,8794 11814,927 14597,499 9615,494 S 1556,1 4598,999 11887,564 13241,1875 7814,863 1505,3612
1,9698422 B 3851,6633 7956,77 7850,8794 11814,927 14597,499 9615,494 S 1556,1 4598,999 11887,564 13241,1875 7814,863 1505,3612
1,9690005 B 3851,6633 7956,77 7850,8794 11814,927 14597,499 9615,494 S 1556,1 4598,999 11887,564 13241,1875 7814,863 1505,3612
1,9714848 B 3851,6633 7956,77 7850,8794 11814,927 14597,499 9615,494 S 1556,1 4598,999 11887,564 13241,1875 7814,863 1505,3612
1,972 B 3851,6633 7956,77 7850,8794 11814,927 14597,499 9615,494 S 1556,1 4598,999 11887,564 13241,1875 7814,863 1505,3612
1,972 B 3851,6633 7956,77 7850,8794 11814,927 14597,499 9615,494 S 1556,1 4598,999 11887,564 13241,1875 7814,863 1505,3612
1,9720008 B 3851,6633 7956,77 7850,8794 11814,927 14597,499 9615,494 S 1556,1 4598,999 11887,564 13241,1875 7814,863 1505,3612
1,9730248 B 3851,6633 7956,77 7850,8794 11814,927 14597,499 9615,494 S 1556,1 4598,999 11887,564 13241,1875 7814,863 1505,3612
1,9740002 B 3851,6633 7956,77 7850,8794 11814,927 14597,499 9615,494 S 1556,1 4598,999 11887,564 13241,1875 7814,863 1505,3612
1,9739997 B 3851,6633 7956,77 7850,8794 11814,927 14597,499 9615,494 S 1556,1 4598,999 11887,564 13241,1875 7814,863 1505,3612
1,9739997 B 3851,6633 7956,77 7850,8794 11814,927 14597,499 9615,494 S 1556,1 4598,999 11887,564 13241,1875 7814,863 1505,3612
1,9740001 B 3851,6633 7956,77 7850,8794 11814,927 14597,499 9615,494 S 1556,1 4598,999 11887,564 13241,1875 7814,863 1505,3612
1,9740001 B 3851,6633 7956,77 7850,8794 11814,927 14597,499 9615,494 S 1556,1 4598,999 11887,564 13241,1875 7814,863 1505,3612
1,9739999 B 3851,6633 7956,77 7850,8794 11814,927 14597,499 9615,494 S 1556,1 4598,999 11887,564 13241,1875 7814,863 1505,3612
1,9739996 B 3851,6633 7956,77 7850,8794 11814,927 14597,499 9615,494 S 1556,1 4598,999 11887,564 13241,1875 7814,863 1505,3612
1,9740005 B 3851,6633 7956,77 7850,8794 11814,927 14597,499 9615,494 S 1556,1 4598,999 11887,564 13241,1875 7814,863 1505,3612
1,9739997 B 3851,6633 7956,77 7850,8794 11814,927 14597,499 9615,494 S 1556,1 4598,999 11887,564 13241,1875 7814,863 1505,3612
1,9741647 B 3851,6633 7956,77 7850,8794 11814,927 14597,499 9615,494 S 1556,1 4598,999 11887,564 13241,1875 7814,863 1505,3612
1,975 B 3851,6633 7956,77 7850,8794 11814,927 14597,499 9615,494 S 1556,1 4598,999 11887,564 13241,1875 7814,863 1505,3612
1,975 B 3851,6633 7956,77 7850,8794 11814,927 14597,499 9615,494 S 1556,1 4598,999 11887,564 13241,1875 7814,863 1505,3612
1,9750001 B 3851,6633 7956,77 7850,8794 11814,927 14597,499 9615,494 S 1556,1 4598,999 11887,564 13241,1875 7814,863 1505,3612
1,9749998 B 3851,6633 7956,77 7850,8794 11814,927 14597,499 9615,494 S 1556,1 4598,999 11887,564 13241,1875 7814,863 1505,3612
1,9750007 B 3851,6633 7956,77 7850,8794 11814,927 14597,499 9615,494 S 1556,1 4598,999 11887,564 13241,1875 7814,863 1505,3612
1,9750007 B 3851,6633 7956,77 7850,8794 11814,927 14597,499 9615,494 S 1556,1 4598,999 11887,564 13241,1875 7814,863 1505,3612
1,975 B 3851,6633 7956,77 7850,8794 11814,927 14597,499 9615,494 S 1556,1 4598,999 11887,564 13241,1875 7814,863 1505,3612
1,9758209 B 3851,6633 7956,77 7850,8794 11814,927 14597,499 9615,494 S 1556,1 4598,999 11887,564 13241,1875 7814,863 1505,3612
1,9760009 B 3851,6633 7956,77 7850,8794 11814,927 14597,499 9615,494 S 1556,1 4598,999 11887,564 13241,1875 7814,863 1505,3612
1,9760002 B 3851,6633 7956,77 7850,8794 11814,927 14597,499 9615,494 S 1556,1 4598,999 11887,564 13241,1875 7814,863 1505,3612
1,9760001 B 3851,6633 7956,77 7850,8794 11814,927 14597,499 9615,494 S 1556,1 4598,999 11887,564 13241,1875 7814,863 1505,3612
1,9767258 B 3851,6633 7956,77 7850,8794 11814,927 14597,499 9615,494 S 1556,1 4598,999 11887,564 13241,1875 7814,863 1505,3612
1,9770005 B 3851,6633 7956,77 7850,8794 11814,927 14597,499 9615,494 S 1556,1 4598,999 11887,564 13241,1875 7814,863 1505,3612
1,9769998 B 3851,6633 7956,77 7850,8794 11814,927 14597,499 9615,494 S 1556,1 4598,999 11887,564 13241,1875 7814,863 1505,3612
1,9769999 B 3851,6633 7956,77 7850,8794 11814,927 14597,499 9615,494 S 1556,1 4598,999 11887,564 13241,1875 7814,863 1505,3612
1,9770004 B 3851,6633 7956,77 7850,8794 11814,927 14597,499 9615,494 S 1556,1 4598,999 11887,564 13241,1875 7814,863 1505,3612
1,9770001 B 3851,6633 7956,77 7850,8794 11814,927 14597,499 9615,494 S 1556,1 4598,999 11887,564 13241,1875 7814,863 1505,3612
1,977 B 3851,6633 7956,77 7850,8794 11814,927 14597,499 9615,494 S 1556,1 4598,999 11887,564 13241,1875 7814,863 1505,3612
1,9769998 B 3851,6633 7956,77 7850,8794 11814,927 14597,499 9615,494 S 1556,1 4598,999 11887,564 13241,1875 7814,863 1505,3612
1,9770006 B 3851,6633 7956,77 7850,8794 11814,927 14597,499 9615,494 S 1556,1 4598,999 11887,564 13241,1875 7814,863 1505,3612
1,9769999 B 3851,6633 7956,77 7850,8794 11814,927 14597,499 9615,494 S 1556,1 4598,999 11887,564 13241,1875 7814,863 1505,3612
1,977 B 3851,6633 7956,77 7850,8794 11814,927 14597,499 9615,494 S 1556,1 4598,999 11887,564 13241,1875 7814,863 1505,3612
1,9770005 B 3851,6633 7956,77 7850,8794 11814,927 14597,499 9615,494 S 1556,1 4598,999 11887,564 13241,1875 7814,863 1505,3612
1,9769998 B 3851,6633 7956,77 7850,8794 11814,927 14597,499 9615,494 S 1556,1 4598,999 11887,564 13241,1875 7814,863 1505,3612
1,9771303 B 3851,6633 7956,77 7850,8794 11814,927 14597,499 9615,494 S 1556,1 4598,999 11887,564 13241,1875 7814,863 1505,3612
1,9791895 B 3851,6633 7956,77 7850,8794 11814,927 14597,499 9615,494 S 1556,1 4598,999 11887,564 13241,1875 7814,863 1505,3612
1,9799997 B 3851,6633 7956,77 7850,8794 11814,927 14597,499 9615,494 S 1556,1 4598,999 11887,564 13241,1875 7814,863 1505,3612
1,9800007 B 3851,6633 7956,77 7850,8794 11814,927 14597,499 9615,494 S 1556,1 4598,999 11887,564 13241,1875 7814,863 1505,3612
1,9800004 B 3851,6633 7956,77 7850,8794 11814,927 14597,499 9615,494 S 1556,1 4598,999 11887,564 13241,1875 7814,863 1505,3612
1,9797001 B 3851,6633 7956,77 7850,8794 11814,927 14597,499 9615,494 S 1556,1 4598,999 11887,564 13241,1875 7814,863 1505,3612
1,9780003 B 3851,6633 7956,77 7850,8794 11814,927 14597,499 9615,494 S 1556,1 4598,999 11887,564 13241,1875 7814,863 1505,3612
1,9781533 B 3851,6633 7956,77 7850,8794 11814,927 14597,499 9615,494 S 1556,1 4598,999 11887,564 13241,1875 7814,863 1505,3612
1,9789996 B 3851,6633 7956,77 7850,8794 11814,927 14597,499 9615,494 S 1556,1 4598,999 11887,564 13241,1875 7814,863 1505,3612
1,9790004 B 3851,6633 7956,77 7850,8794 11814,927 14597,499 9615,494 S 1556,1 4598,999 11887,564 13241,1875 7814,863 1505,3612
1,9789999 B 3851,6633 7956,77 7850,8794 11814,927 14597,499 9615,494 S 1556,1 4598,999 11887,564 13241,1875 7814,863 1505,3612
1,9790001 B 3851,6633 7956,77 7850,8794 11814,927 14597,499 9615,494 S 1556,1 4598,999 11887,564 13241,1875 7814,863 1505,3612
1,979 B 3851,6633 7956,77 7850,8794 11814,927 14597,499 9615,494 S 1556,1 4598,999 11887,564 13241,1875 7814,863 1505,3612
1,9790003 B 3851,6633 7956,77 7850,8794 11814,927 14597,499 9615,494 S 1556,1 4598,999 11887,564 13241,1875 7814,863 1505,3612
1,979 B 3851,6633 7956,77 7850,8794 11814,927 14597,499 9615,494 S 1556,1 4598,999 11887,564 13241,1875 7814,863 1505,3612
1,9788085 B 3851,6633 7956,77 7850,8794 11814,927 14597,499 9615,494 S 1556,1 4598,999 11887,564 13241,1875 7814,863 1505,3612
1,9780002 B 3851,6633 7956,77 7850,8794 11814,927 14597,499 9615,494 S 1556,1 4598,999 11887,564 13241,1875 7814,863 1505,3612
1,9779992 B 3851,6633 7956,77 7850,8794 11814,927 14597,499 9615,494 S 1556,1 4598,999 11887,564 13241,1875 7814,863 1505,3612
1,9766886 B 3851,6633 7956,77 7850,8794 11814,927 14597,499 9615,494 S 1556,1 4598,999 11887,564 13241,1875 7814,863 1505,3612
1,9752405 B 3851,6633 7956,77 7850,8794 11814,927 14597,499 9615,494 S 1556,1 4598,999 11887,564 13241,1875 7814,863 1505,3612
1,9750003 B 3851,6633 7956,77 7850,8794 11814,927 14597,499 9615,494 S 1556,1 4598,999 11887,564 13241,1875 7814,863 1505,3612
1,9772991 B 3851,6633 7956,77 7850,8794 11814,927 14597,499 9615,494 S 1556,1 4598,999 11887,564 13241,1875 7814,863 1505,3612
1,9779999 B 3851,6633 7956,77 7850,8794 11814,927 14597,499 9615,494 S 1556,1 4598,999 11887,564 13241,1875 7814,863 1505,3612
1,9780002 B 3851,6633 7956,77 7850,8794 11814,927 14597,499 9615,494 S 1556,1 4598,999 11887,564 13241,1875 7814,863 1505,3612
1,9779993 B 3851,6633 7956,77 7850,8794 11814,927 14597,499 9615,494 S 1556,1 4598,999 11887,564 13241,1875 7814,863 1505,3612
1,9771192 B 3851,6633 7956,77 7850,8794 11814,927 14597,499 9615,494 S 1556,1 4598,999 11887,564 13241,1875 7814,863 1505,3612
1,9777396 B 3851,6633 7956,77 7850,8794 11814,927 14597,499 9615,494 S 1556,1 4598,999 11887,564 13241,1875 7814,863 1505,3612
1,9791781 B 3851,6633 7956,77 7850,8794 11814,927 14597,499 9615,494 S 1556,1 4598,999 11887,564 13241,1875 7814,863 1505,3612
1,98 B 3851,6633 7956,77 7850,8794 11814,927 14597,499 9615,494 S 1556,1 4598,999 11887,564 13241,1875 7814,863 1505,3612
1,9799997 B 3851,6633 7956,77 7850,8794 11814,927 14597,499 9615,494 S 1556,1 4598,999 11887,564 13241,1875 7814,863 1505,3612
1,9800001 B 3851,6633 7956,77 7850,8794 11814,927 14597,499 9615,494 S 1556,1 4598,999 11887,564 13241,1875 7814,863 1505,3612
1,9800003 B 3851,6633 7956,77 7850,8794 11814,927 14597,499 9615,494 S 1556,1 4598,999 11887,564 13241,1875 7814,863 1505,3612
1,9799998 B 3851,6633 7956,77 7850,8794 11814,927 14597,499 9615,494 S 1556,1 4598,999 11887,564 13241,1875 7814,863 1505,3612
1,9800004 B 3851,6633 7956,77 7850,8794 11814,927 14597,499 9615,494 S 1556,1 4598,999 11887,564 13241,1875 7814,863 1505,3612
1,9800001 B 3851,6633 7956,77 7850,8794 11814,927 14597,499 9615,494 S 1556,1 4598,999 11887,564 13241,1875 7814,863 1505,3612
1,9799998 B 3851,6633 7956,77 7850,8794 11814,927 14597,499 9615,494 S 1556,1 4598,999 11887,564 13241,1875 7814,863 1505,3612
1,98 B 3851,6633 7956,77 7850,8794 11814,927 14597,499 9615,494 S 1556,1 4598,999 11887,564 13241,1875 7814,863 1505,3612
1,9799995 B 3851,6633 7956,77 7850,8794 11814,927 14597,499 9615,494 S 1556,1 4598,999 11887,564 13241,1875 7814,863 1505,3612
1,98 B 3851,6633 7956,77 7850,8794 11814,927 14597,499 9615,494 S 1556,1 4598,999 11887,564 13241,1875 7814,863 1505,3612
1,98 B 3851,6633 7956,77 7850,8794 11814,927 14597,499 9615,494 S 1556,1 4598,999 11887,564 13241,1875 7814,863 1505,3612
1,9800003 B 3851,6633 7956,77 7850,8794 11814,927 14597,499 9615,494 S 1556,1 4598,999 11887,564 13241,1875 7814,863 1505,3612
1,9800003 B 3851,6633 7956,77 7850,8794 11814,927 14597,499 9615,494 S 1556,1 4598,999 11887,564 13241,1875 7814,863 1505,3612
1,9799994 B 3851,6633 7956,77 7850,8794 11814,927 14597,499 9615,494 S 1556,1 4598,999 11887,564 13241,1875 7814,863 1505,3612
1,9800001 B 3851,6633 7956,77 7850,8794 11814,927 14597,499 9615,494 S 1556,1 4598,999 11887,564 13241,1875 7814,863 1505,3612
1,9800007 B 3851,6633 7956,77 7850,8794 11814,927 14597,499 9615,494 S 1556,1 4598,999 11887,564 13241,1875 7814,863 1505,3612
1,9799997 B 3851,6633 7956,77 7850,8794 11814,927 14597,499 9615,494 S 1556,1 4598,999 11887,564 13241,1875 7814,863 1505,3612
1,9800003 B 3851,6633 7956,77 7850,8794 11814,927 14597,499 9615,494 S 1556,1 4598,999 11887,564 13241,1875 7814,863 1505,3612
1,9800001 B 3851,6633 7956,77 7850,8794 11814,927 14597,499 9615,494 S 1556,1 4598,999 11887,564 13241,1875 7814,863 1505,3612
1,9799999 B 3851,6633 7956,77 7850,8794 11814,927 14597,499 9615,494 S 1556,1 4598,999 11887,564 13241,1875 7814,863 1505,3612
1,9800006 B 3851,6633 7956,77 7850,8794 11814,927 14597,499 9615,494 S 1556,1 4598,999 11887,564 13241,1875 7814,863 1505,3612
1,9799998 B 3851,6633 7956,77 7850,8794 11814,927 14597,499 9615,494 S 1556,1 4598,999 11887,564 13241,1875 7814,863 1505,3612
1,9799998 B 3851,6633 7956,77 7850,8794 11814,927 14597,499 9615,494 S 1556,1 4598,999 11887,564 13241,1875 7814,863 1505,3612
1,9799997 B 3851,6633 7956,77 7850,8794 11814,927 14597,499 9615,494 S 1556,1 4598,999 11887,564 13241,1875 7814,863 1505,3612
1,9801986 B 3851,6633 7956,77 7850,8794 11814,927 14597,499 9615,494 S 1556,1 4598,999 11887,564 13241,1875 7814,863 1505,3612
1,9807944 B 3851,6633 7956,77 7850,8794 11814,927 14597,499 9615,494 S 1556,1 4598,999 11887,564 13241,1875 7814,863 1505,3612
1,9799999 B 3851,6633 7956,77 7850,8794 11814,927 14597,499 9615,494 S 1556,1 4598,999 11887,564 13241,1875 7814,863 1505,3612
1,9799999 B 3851,6633 7956,77 7850,8794 11814,927 14597,499 9615,494 S 1556,1 4598,999 11887,564 13241,1875 7814,863 1505,3612
1,9800001 B 3851,6633 7956,77 7850,8794 11814,927 14597,499 9615,494 S 1556,1 4598,999 11887,564 13241,1875 7814,863 1505,3612
1,9800854 B 3851,6633 7956,77 7850,8794 11814,927 14597,499 9615,494 S 1556,1 4598,999 11887,564 13241,1875 7814,863 1505,3612
1,9799995 B 3851,6633 7956,77 7850,8794 11814,927 14597,499 9615,494 S 1556,1 4598,999 11887,564 13241,1875 7814,863 1505,3612
1,9786239 B 3851,6633 7956,77 7850,8794 11814,927 14597,499 9615,494 S 1556,1 4598,999 11887,564 13241,1875 7814,863 1505,3612
1,9780005 B 3851,6633 7956,77 7850,8794 11814,927 14597,499 9615,494 S 1556,1 4598,999 11887,564 13241,1875 7814,863 1505,3612
1,9780002 B 3851,6633 7956,77 7850,8794 11814,927 14597,499 9615,494 S 1556,1 4598,999 11887,564 13241,1875 7814,863 1505,3612
1,9774727 B 3851,6633 7956,77 7850,8794 11814,927 14597,499 9615,494 S 1556,1 4598,999 11887,564 13241,1875 7814,863 1505,3612
1,9760004 B 3851,6633 7956,77 7850,8794 11814,927 14597,499 9615,494 S 1556,1 4598,999 11887,564 13241,1875 7814,863 1505,3612
1,976001 B 3851,6633 7956,77 7850,8794 11814,927 14597,499 9615,494 S 1556,1 4598,999 11887,564 13241,1875 7814,863 1505,3612
1,9760005 B 3851,6633 7956,77 7850,8794 11814,927 14597,499 9615,494 S 1556,1 4598,999 11887,564 13241,1875 7814,863 1505,3612
1,9760009 B 3851,6633 7956,77 7850,8794 11814,927 14597,499 9615,494 S 1556,1 4598,999 11887,564 13241,1875 7814,863 1505,3612
1,9760005 B 3851,6633 7956,77 7850,8794 11814,927 14597,499 9615,494 S 1556,1 4598,999 11887,564 13241,1875 7814,863 1505,3612
1,9760007 B 3851,6633 7956,77 7850,8794 11814,927 14597,499 9615,494 S 1556,1 4598,999 11887,564 13241,1875 7814,863 1505,3612
1,9760007 B 3851,6633 7956,77 7850,8794 11814,927 14597,499 9615,494 S 1556,1 4598,999 11887,564 13241,1875 7814,863 1505,3612
1,9760007 B 3851,6633 7956,77 7850,8794 11814,927 14597,499 9615,494 S 1556,1 4598,999 11887,564 13241,1875 7814,863 1505,3612
1,9760004 B 3851,6633 7956,77 7850,8794 11814,927 14597,499 9615,494 S 1556,1 4598,999 11887,564 13241,1875 7814,863 1505,3612
1,9760003 B 3851,6633 7956,77 7850,8794 11814,927 14597,499 9615,494 S 1556,1 4598,999 11887,564 13241,1875 7814,863 1505,3612
1,976001 B 3851,6633 7956,77 7850,8794 11814,927 14597,499 9615,494 S 1556,1 4598,999 11887,564 13241,1875 7814,863 1505,3612
1,9760005 B 3851,6633 7956,77 7850,8794 11814,927 14597,499 9615,494 S 1556,1 4598,999 11887,564 13241,1875 7814,863 1505,3612
1,9760003 B 3851,6633 7956,77 7850,8794 11814,927 14597,499 9615,494 S 1556,1 4598,999 11887,564 13241,1875 7814,863 1505,3612
1,9760002 B 3851,6633 7956,77 7850,8794 11814,927 14597,499 9615,494 S 1556,1 4598,999 11887,564 13241,1875 7814,863 1505,3612
1,9760004 B 3851,6633 7956,77 7850,8794 11814,927 14597,499 9615,494 S 1556,1 4598,999 11887,564 13241,1875 7814,863 1505,3612
1,976 B 3851,6633 7956,77 7850,8794 11814,927 14597,499 9615,494 S 1556,1 4598,999 11887,564 13241,1875 7814,863 1505,3612
1,9760005 B 3851,6633 7956,77 7850,8794 11814,927 14597,499 9615,494 S 1556,1 4598,999 11887,564 13241,1875 7814,863 1505,3612
1,9760007 B 3851,6633 7956,77 7850,8794 11814,927 14597,499 9615,494 S 1556,1 4598,999 11887,564 13241,1875 7814,863 1505,3612
1,9763119 B 3851,6633 7956,77 7850,8794 11814,927 14597,499 9615,494 S 1556,1 4598,999 11887,564 13241,1875 7814,863 1505,3612
1,9799997 B 3851,6633 7956,77 7850,8794 11814,927 14597,499 9615,494 S 1556,1 4598,999 11887,564 13241,1875 7814,863 1505,3612
1,98 B 3851,6633 7956,77 7850,8794 11814,927 14597,499 9615,494 S 1556,1 4598,999 11887,564 13241,1875 7814,863 1505,3612
1,9800004 B 3851,6633 7956,77 7850,8794 11814,927 14597,499 9615,494 S 1556,1 4598,999 11887,564 13241,1875 7814,863 1505,3612
1,9800001 B 3851,6633 7956,77 7850,8794 11814,927 14597,499 9615,494 S 1556,1 4598,999 11887,564 13241,1875 7814,863 1505,3612
1,9799999 B 3851,6633 7956,77 7850,8794 11814,927 14597,499 9615,494 S 1556,1 4598,999 11887,564 13241,1875 7814,863 1505,3612
1,9799999 B 3851,6633 7956,77 7850,8794 11814,927 14597,499 9615,494 S 1556,1 4598,999 11887,564 13241,1875 7814,863 1505,3612
1,98 B 3851,6633 7956,77 7850,8794 11814,927 14597,499 9615,494 S 1556,1 4598,999 11887,564 13241,1875 7814,863 1505,3612
1,9799999 B 3851,6633 7956,77 7850,8794 11814,927 14597,499 9615,494 S 1556,1 4598,999 11887,564 13241,1875 7814,863 1505,3612
1,9819965 B 3851,6633 7956,77 7850,8794 11814,927 14597,499 9615,494 S 1556,1 4598,999 11887,564 13241,1875 7814,863 1505,3612
1,9819993 B 3851,6633 7956,77 7850,8794 11814,927 14597,499 9615,494 S 1556,1 4598,999 11887,564 13241,1875 7814,863 1505,3612
1,9819998 B 3851,6633 7956,77 7850,8794 11814,927 14597,499 9615,494 S 1556,1 4598,999 11887,564 13241,1875 7814,863 1505,3612
1,9820002 B 3851,6633 7956,77 7850,8794 11814,927 14597,499 9615,494 S 1556,1 4598,999 11887,564 13241,1875 7814,863 1505,3612
1,9819998 B 3851,6633 7956,77 7850,8794 11814,927 14597,499 9615,494 S 1556,1 4598,999 11887,564 13241,1875 7814,863 1505,3612
1,9819999 B 3851,6633 7956,77 7850,8794 11814,927 14597,499 9615,494 S 1556,1 4598,999 11887,564 13241,1875 7814,863 1505,3612
1,9819999 B 3851,6633 7956,77 7850,8794 11814,927 14597,499 9615,494 S 1556,1 4598,999 11887,564 13241,1875 7814,863 1505,3612
1,9820001 B 3851,6633 7956,77 7850,8794 11814,927 14597,499 9615,494 S 1556,1 4598,999 11887,564 13241,1875 7814,863 1505,3612
1,9820004 B 3851,6633 7956,77 7850,8794 11814,927 14597,499 9615,494 S 1556,1 4598,999 11887,564 13241,1875 7814,863 1505,3612
1,9819998 B 3851,6633 7956,77 7850,8794 11814,927 14597,499 9615,494 S 1556,1 4598,999 11887,564 13241,1875 7814,863 1505,3612
1,9819996 B 3851,6633 7956,77 7850,8794 11814,927 14597,499 9615,494 S 1556,1 4598,999 11887,564 13241,1875 7814,863 1505,3612
1,9819992 B 3851,6633 7956,77 7850,8794 11814,927 14597,499 9615,494 S 1556,1 4598,999 11887,564 13241,1875 7814,863 1505,3612
1,9819999 B 3851,6633 7956,77 7850,8794 11814,927 14597,499 9615,494 S 1556,1 4598,999 11887,564 13241,1875 7814,863 1505,3612
1,9819995 B 3851,6633 7956,77 7850,8794 11814,927 14597,499 9615,494 S 1556,1 4598,999 11887,564 13241,1875 7814,863 1505,3612
1,9820006 B 3851,6633 7956,77 7850,8794 11814,927 14597,499 9615,494 S 1556,1 4598,999 11887,564 13241,1875 7814,863 1505,3612
1,981921 B 3851,6633 7956,77 7850,8794 11814,927 14597,499 9615,494 S 1556,1 4598,999 11887,564 13241,1875 7814,863 1505,3612
1,9796354 B 3851,6633 7956,77 7850,8794 11814,927 14597,499 9615,494 S 1556,1 4598,999 11887,564 13241,1875 7814,863 1505,3612
1,9789997 B 3851,6633 7956,77 7850,8794 11814,927 14597,499 9615,494 S 1556,1 4598,999 11887,564 13241,1875 7814,863 1505,3612
1,9789997 B 3851,6633 7956,77 7850,8794 11814,927 14597,499 9615,494 S 1556,1 4598,999 11887,564 13241,1875 7814,863 1505,3612
1,9790002 B 3851,6633 7956,77 7850,8794 11814,927 14597,499 9615,494 S 1556,1 4598,999 11887,564 13241,1875 7814,863 1505,3612
1,9790003 B 3851,6633 7956,77 7850,8794 11814,927 14597,499 9615,494 S 1556,1 4598,999 11887,564 13241,1875 7814,863 1505,3612
1,9789999 B 3851,6633 7956,77 7850,8794 11814,927 14597,499 9615,494 S 1556,1 4598,999 11887,564 13241,1875 7814,863 1505,3612
1,9808247 B 3851,6633 7956,77 7850,8794 11814,927 14597,499 9615,494 S 1556,1 4598,999 11887,564 13241,1875 7814,863 1505,3612
1,9809997 B 3851,6633 7956,77 7850,8794 11814,927 14597,499 9615,494 S 1556,1 4598,999 11887,564 13241,1875 7814,863 1505,3612
1,9822332 B 3851,6633 7956,77 7850,8794 11814,927 14597,499 9615,494 S 1556,1 4598,999 11887,564 13241,1875 7814,863 1505,3612
1,984 B 3851,6633 7956,77 7850,8794 11814,927 14597,499 9615,494 S 1556,1 4598,999 11887,564 13241,1875 7814,863 1505,3612
1,984 B 3851,6633 7956,77 7850,8794 11814,927 14597,499 9615,494 S 1556,1 4598,999 11887,564 13241,1875 7814,863 1505,3612
1,9839998 B 3851,6633 7956,77 7850,8794 11814,927 14597,499 9615,494 S 1556,1 4598,999 11887,564 13241,1875 7814,863 1505,3612
