1,9890374
1,9919999 B 1580,8989 4705,6265 13998,801 10075,545 19080,62 17253,434 S 1515,1742 4778,666 16613,637 2685,6868 9311,647 8922,603
1,9919999 B 1580,8989 4705,6265 13998,801 10075,545 19080,62 17253,434 S 1515,1742 4778,666 16613,637 2685,6868 9311,647 8922,603
1,992 B 1580,8989 4705,6265 13998,801 10075,545 19080,62 17253,434 S 1515,1742 4778,666 16613,637 2685,6868 9311,647 8922,603
1,9919997 B 1580,8989 4705,6265 13998,801 10075,545 19080,62 17253,434 S 1515,1742 4778,666 16613,637 2685,6868 9311,647 8922,603
1,992 B 1580,8989 4705,6265 13998,801 10075,545 19080,62 17253,434 S 1515,1742 4778,666 16613,637 2685,6868 9311,647 8922,603
1,992 B 1580,8989 4705,6265 13998,801 10075,545 19080,62 17253,434 S 1515,1742 4778,666 16613,637 2685,6868 9311,647 8922,603
1,9919999 B 1580,8989 4705,6265 13998,801 10075,545 19080,62 17253,434 S 1515,1742 4778,666 16613,637 2685,6868 9311,647 8922,603
1,9918576 B 1580,8989 4705,6265 13998,801 10075,545 19080,62 17253,434 S 1515,1742 4778,666 16613,637 2685,6868 9311,647 8922,603
1,991 B 1580,8989 4705,6265 13998,801 10075,545 19080,62 17253,434 S 1515,1742 4778,666 16613,637 2685,6868 9311,647 8922,603
1,9909998 B 1580,8989 4705,6265 13998,801 10075,545 19080,62 17253,434 S 1515,1742 4778,666 16613,637 2685,6868 9311,647 8922,603
1,9894955 B 1580,8989 4705,6265 13998,801 10075,545 19080,62 17253,434 S 1515,1742 4778,666 16613,637 2685,6868 9311,647 8922,603
1,9890001 B 1580,8989 4705,6265 13998,801 10075,545 19080,62 17253,434 S 1515,1742 4778,666 16613,637 2685,6868 9311,647 8922,603
1,9889998 B 1580,8989 4705,6265 13998,801 10075,545 19080,62 17253,434 S 1515,1742 4778,666 16613,637 2685,6868 9311,647 8922,603
1,9893758 B 1580,8989 4705,6265 13998,801 10075,545 19080,62 17253,434 S 1515,1742 4778,666 16613,637 2685,6868 9311,647 8922,603
1,9900001 B 1580,8989 4705,6265 13998,801 10075,545 19080,62 17253,434 S 1515,1742 4778,666 16613,637 2685,6868 9311,647 8922,603
1,9900002 B 1580,8989 4705,6265 13998,801 10075,545 19080,62 17253,434 S 1515,1742 4778,666 16613,637 2685,6868 9311,647 8922,603
1,9900004 B 1580,8989 4705,6265 13998,801 10075,545 19080,62 17253,434 S 1515,1742 4778,666 16613,637 2685,6868 9311,647 8922,603
1,9900001 B 1580,8989 4705,6265 13998,801 10075,545 19080,62 17253,434 S 1515,1742 4778,666 16613,637 2685,6868 9311,647 8922,603
1,9902626 B 1580,8989 4705,6265 13998,801 10075,545 19080,62 17253,434 S 1515,1742 4778,666 16613,637 2685,6868 9311,647 8922,603
1,9919995 B 1580,8989 4705,6265 13998,801 10075,545 19080,62 17253,434 S 1515,1742 4778,666 16613,637 2685,6868 9311,647 8922,603
1,992 B 1580,8989 4705,6265 13998,801 10075,545 19080,62 17253,434 S 1515,1742 4778,666 16613,637 2685,6868 9311,647 8922,603
1,9919997 B 1580,8989 4705,6265 13998,801 10075,545 19080,62 17253,434 S 1515,1742 4778,666 16613,637 2685,6868 9311,647 8922,603
1,9920005 B 1580,8989 4705,6265 13998,801 10075,545 19080,62 17253,434 S 1515,1742 4778,666 16613,637 2685,6868 9311,647 8922,603
1,9919999 B 1580,8989 4705,6265 13998,801 10075,545 19080,62 17253,434 S 1515,1742 4778,666 16613,637 2685,6868 9311,647 8922,603
1,9920001 B 1580,8989 4705,6265 13998,801 10075,545 19080,62 17253,434 S 1515,1742 4778,666 16613,637 2685,6868 9311,647 8922,603
1,9919994 B 1580,8989 4705,6265 13998,801 10075,545 19080,62 17253,434 S 1515,1742 4778,666 16613,637 2685,6868 9311,647 8922,603
1,9921595 B 1580,8989 4705,6265 13998,801 10075,545 19080,62 17253,434 S 1515,1742 4778,666 16613,637 2685,6868 9311,647 8922,603
1,9929994 B 1580,8989 4705,6265 13998,801 10075,545 19080,62 17253,434 S 1515,1742 4778,666 16613,637 2685,6868 9311,647 8922,603
1,9929999 B 1580,8989 4705,6265 13998,801 10075,545 19080,62 17253,434 S 1515,1742 4778,666 16613,637 2685,6868 9311,647 8922,603
1,9930004 B 1580,8989 4705,6265 13998,801 10075,545 19080,62 17253,434 S 1515,1742 4778,666 16613,637 2685,6868 9311,647 8922,603
1,9929997 B 1580,8989 4705,6265 13998,801 10075,545 19080,62 17253,434 S 1515,1742 4778,666 16613,637 2685,6868 9311,647 8922,603
1,993 B 1580,8989 4705,6265 13998,801 10075,545 19080,62 17253,434 S 1515,1742 4778,666 16613,637 2685,6868 9311,647 8922,603
1,9929993 B 1580,8989 4705,6265 13998,801 10075,545 19080,62 17253,434 S 1515,1742 4778,666 16613,637 2685,6868 9311,647 8922,603
1,9930003 B 1580,8989 4705,6265 13998,801 10075,545 19080,62 17253,434 S 1515,1742 4778,666 16613,637 2685,6868 9311,647 8922,603
1,993 B 1580,8989 4705,6265 13998,801 10075,545 19080,62 17253,434 S 1515,1742 4778,666 16613,637 2685,6868 9311,647 8922,603
1,9930001 B 1580,8989 4705,6265 13998,801 10075,545 19080,62 17253,434 S 1515,1742 4778,666 16613,637 2685,6868 9311,647 8922,603
1,9939026 B 1580,8989 4705,6265 13998,801 10075,545 19080,62 17253,434 S 1515,1742 4778,666 16613,637 2685,6868 9311,647 8922,603
1,9945143 B 1580,8989 4705,6265 13998,801 10075,545 19080,62 17253,434 S 1515,1742 4778,666 16613,637 2685,6868 9311,647 8922,603
1,9950004 B 1580,8989 4705,6265 13998,801 10075,545 19080,62 17253,434 S 1515,1742 4778,666 16613,637 2685,6868 9311,647 8922,603
1,9949998 B 1580,8989 4705,6265 13998,801 10075,545 19080,62 17253,434 S 1515,1742 4778,666 16613,637 2685,6868 9311,647 8922,603
1,9957683 B 1580,8989 4705,6265 13998,801 10075,545 19080,62 17253,434 S 1515,1742 4778,666 16613,637 2685,6868 9311,647 8922,603
1,9959999 B 1580,8989 4705,6265 13998,801 10075,545 19080,62 17253,434 S 1515,1742 4778,666 16613,637 2685,6868 9311,647 8922,603
1,9960002 B 1580,8989 4705,6265 13998,801 10075,545 19080,62 17253,434 S 1515,1742 4778,666 16613,637 2685,6868 9311,647 8922,603
1,9960004 B 1580,8989 4705,6265 13998,801 10075,545 19080,62 17253,434 S 1515,1742 4778,666 16613,637 2685,6868 9311,647 8922,603
1,9960005 B 1580,8989 4705,6265 13998,801 10075,545 19080,62 17253,434 S 1515,1742 4778,666 16613,637 2685,6868 9311,647 8922,603
1,9959995 B 1580,8989 4705,6265 13998,801 10075,545 19080,62 17253,434 S 1515,1742 4778,666 16613,637 2685,6868 9311,647 8922,603
1,996 B 1580,8989 4705,6265 13998,801 10075,545 19080,62 17253,434 S 1515,1742 4778,666 16613,637 2685,6868 9311,647 8922,603
1,9960003 B 1580,8989 4705,6265 13998,801 10075,545 19080,62 17253,434 S 1515,1742 4778,666 16613,637 2685,6868 9311,647 8922,603
1,9959998 B 1580,8989 4705,6265 13998,801 10075,545 19080,62 17253,434 S 1515,1742 4778,666 16613,637 2685,6868 9311,647 8922,603
1,9955701 B 1580,8989 4705,6265 13998,801 10075,545 19080,62 17253,434 S 1515,1742 4778,666 16613,637 2685,6868 9311,647 8922,603
1,9950004 B 1580,8989 4705,6265 13998,801 10075,545 19080,62 17253,434 S 1515,1742 4778,666 16613,637 2685,6868 9311,647 8922,603
1,9943218 B 1580,8989 4705,6265 13998,801 10075,545 19080,62 17253,434 S 1515,1742 4778,666 16613,637 2685,6868 9311,647 8922,603
1,992 B 1580,8989 4705,6265 13998,801 10075,545 19080,62 17253,434 S 1515,1742 4778,666 16613,637 2685,6868 9311,647 8922,603
1,9919999 B 1580,8989 4705,6265 13998,801 10075,545 19080,62 17253,434 S 1515,1742 4778,666 16613,637 2685,6868 9311,647 8922,603
1,9919993 B 1580,8989 4705,6265 13998,801 10075,545 19080,62 17253,434 S 1515,1742 4778,666 16613,637 2685,6868 9311,647 8922,603
1,9920002 B 1580,8989 4705,6265 13998,801 10075,545 19080,62 17253,434 S 1515,1742 4778,666 16613,637 2685,6868 9311,647 8922,603
1,9919722 B 1580,8989 4705,6265 13998,801 10075,545 19080,62 17253,434 S 1515,1742 4778,666 16613,637 2685,6868 9311,647 8922,603
1,9909999 B 1580,8989 4705,6265 13998,801 10075,545 19080,62 17253,434 S 1515,1742 4778,666 16613,637 2685,6868 9311,647 8922,603
1,9909996 B 1580,8989 4705,6265 13998,801 10075,545 19080,62 17253,434 S 1515,1742 4778,666 16613,637 2685,6868 9311,647 8922,603
1,991 B 1580,8989 4705,6265 13998,801 10075,545 19080,62 17253,434 S 1515,1742 4778,666 16613,637 2685,6868 9311,647 8922,603
1,9909997 B 1580,8989 4705,6265 13998,801 10075,545 19080,62 17253,434 S 1515,1742 4778,666 16613,637 2685,6868 9311,647 8922,603
1,9909999 B 1580,8989 4705,6265 13998,801 10075,545 19080,62 17253,434 S 1515,1742 4778,666 16613,637 2685,6868 9311,647 8922,603
1,9909993 B 1580,8989 4705,6265 13998,801 10075,545 19080,62 17253,434 S 1515,1742 4778,666 16613,637 2685,6868 9311,647 8922,603
1,9909997 B 1580,8989 4705,6265 13998,801 10075,545 19080,62 17253,434 S 1515,1742 4778,666 16613,637 2685,6868 9311,647 8922,603
1,9909995 B 1580,8989 4705,6265 13998,801 10075,545 19080,62 17253,434 S 1515,1742 4778,666 16613,637 2685,6868 9311,647 8922,603
1,991 B 1580,8989 4705,6265 13998,801 10075,545 19080,62 17253,434 S 1515,1742 4778,666 16613,637 2685,6868 9311,647 8922,603
1,9911388 B 1580,8989 4705,6265 13998,801 10075,545 19080,62 17253,434 S 1515,1742 4778,666 16613,637 2685,6868 9311,647 8922,603
1,9919995 B 1580,8989 4705,6265 13998,801 10075,545 19080,62 17253,434 S 1515,1742 4778,666 16613,637 2685,6868 9311,647 8922,603
1,9920001 B 1580,8989 4705,6265 13998,801 10075,545 19080,62 17253,434 S 1515,1742 4778,666 16613,637 2685,6868 9311,647 8922,603
1,991924 B 1580,8989 4705,6265 13998,801 10075,545 19080,62 17253,434 S 1515,1742 4778,666 16613,637 2685,6868 9311,647 8922,603
1,9907825 B 1580,8989 4705,6265 13998,801 10075,545 19080,62 17253,434 S 1515,1742 4778,666 16613,637 2685,6868 9311,647 8922,603
1,9900002 B 1580,8989 4705,6265 13998,801 10075,545 19080,62 17253,434 S 1515,1742 4778,666 16613,637 2685,6868 9311,647 8922,603
1,9900002 B 1580,8989 4705,6265 13998,801 10075,545 19080,62 17253,434 S 1515,1742 4778,666 16613,637 2685,6868 9311,647 8922,603
1,9899997 B 1580,8989 4705,6265 13998,801 10075,545 19080,62 17253,434 S 1515,1742 4778,666 16613,637 2685,6868 9311,647 8922,603
1,99 B 1580,8989 4705,6265 13998,801 10075,545 19080,62 17253,434 S 1515,1742 4778,666 16613,637 2685,6868 9311,647 8922,603
1,99 B 1580,8989 4705,6265 13998,801 10075,545 19080,62 17253,434 S 1515,1742 4778,666 16613,637 2685,6868 9311,647 8922,603
1,9900008 B 1580,8989 4705,6265 13998,801 10075,545 19080,62 17253,434 S 1515,1742 4778,666 16613,637 2685,6868 9311,647 8922,603
1,9907202 B 1580,8989 4705,6265 13998,801 10075,545 19080,62 17253,434 S 1515,1742 4778,666 16613,637 2685,6868 9311,647 8922,603
1,9910005 B 1580,8989 4705,6265 13998,801 10075,545 19080,62 17253,434 S 1515,1742 4778,666 16613,637 2685,6868 9311,647 8922,603
1,9909997 B 1580,8989 4705,6265 13998,801 10075,545 19080,62 17253,434 S 1515,1742 4778,666 16613,637 2685,6868 9311,647 8922,603
1,991 B 1580,8989 4705,6265 13998,801 10075,545 19080,62 17253,434 S 1515,1742 4778,666 16613,637 2685,6868 9311,647 8922,603
1,9909999 B 1580,8989 4705,6265 13998,801 10075,545 19080,62 17253,434 S 1515,1742 4778,666 16613,637 2685,6868 9311,647 8922,603
1,9909997 B 1580,8989 4705,6265 13998,801 10075,545 19080,62 17253,434 S 1515,1742 4778,666 16613,637 2685,6868 9311,647 8922,603
1,9918187 B 1580,8989 4705,6265 13998,801 10075,545 19080,62 17253,434 S 1515,1742 4778,666 16613,637 2685,6868 9311,647 8922,603
1,992 B 1580,8989 4705,6265 13998,801 10075,545 19080,62 17253,434 S 1515,1742 4778,666 16613,637 2685,6868 9311,647 8922,603
1,9922589 B 1580,8989 4705,6265 13998,801 10075,545 19080,62 17253,434 S 1515,1742 4778,666 16613,637 2685,6868 9311,647 8922,603
1,9929999 B 1580,8989 4705,6265 13998,801 10075,545 19080,62 17253,434 S 1515,1742 4778,666 16613,637 2685,6868 9311,647 8922,603
1,9930003 B 1580,8989 4705,6265 13998,801 10075,545 19080,62 17253,434 S 1515,1742 4778,666 16613,637 2685,6868 9311,647 8922,603
1,9930004 B 1580,8989 4705,6265 13998,801 10075,545 19080,62 17253,434 S 1515,1742 4778,666 16613,637 2685,6868 9311,647 8922,603
1,9930001 B 1580,8989 4705,6265 13998,801 10075,545 19080,62 17253,434 S 1515,1742 4778,666 16613,637 2685,6868 9311,647 8922,603
1,9930004 B 1580,8989 4705,6265 13998,801 10075,545 19080,62 17253,434 S 1515,1742 4778,666 16613,637 2685,6868 9311,647 8922,603
1,9929997 B 1580,8989 4705,6265 13998,801 10075,545 19080,62 17253,434 S 1515,1742 4778,666 16613,637 2685,6868 9311,647 8922,603
1,9930001 B 1580,8989 4705,6265 13998,801 10075,545 19080,62 17253,434 S 1515,1742 4778,666 16613,637 2685,6868 9311,647 8922,603
1,9930004 B 1580,8989 4705,6265 13998,801 10075,545 19080,62 17253,434 S 1515,1742 4778,666 16613,637 2685,6868 9311,647 8922,603
1,9929998 B 1580,8989 4705,6265 13998,801 10075,545 19080,62 17253,434 S 1515,1742 4778,666 16613,637 2685,6868 9311,647 8922,603
1,9930005 B 1580,8989 4705,6265 13998,801 10075,545 19080,62 17253,434 S 1515,1742 4778,666 16613,637 2685,6868 9311,647 8922,603
1,9932951 B 1580,8989 4705,6265 13998,801 10075,545 19080,62 17253,434 S 1515,1742 4778,666 16613,637 2685,6868 9311,647 8922,603
1,9959992 B 1580,8989 4705,6265 13998,801 10075,545 19080,62 17253,434 S 1515,1742 4778,666 16613,637 2685,6868 9311,647 8922,603
1,9959996 B 1580,8989 4705,6265 13998,801 10075,545 19080,62 17253,434 S 1515,1742 4778,666 16613,637 2685,6868 9311,647 8922,603
1,996 B 1580,8989 4705,6265 13998,801 10075,545 19080,62 17253,434 S 1515,1742 4778,666 16613,637 2685,6868 9311,647 8922,603
1,9953364 B 1580,8989 4705,6265 13998,801 10075,545 19080,62 17253,434 S 1515,1742 4778,666 16613,637 2685,6868 9311,647 8922,603
1,9939998 B 1580,8989 4705,6265 13998,801 10075,545 19080,62 17253,434 S 1515,1742 4778,666 16613,637 2685,6868 9311,647 8922,603
1,9940001 B 1580,8989 4705,6265 13998,801 10075,545 19080,62 17253,434 S 1515,1742 4778,666 16613,637 2685,6868 9311,647 8922,603
1,9939998 B 1580,8989 4705,6265 13998,801 10075,545 19080,62 17253,434 S 1515,1742 4778,666 16613,637 2685,6868 9311,647 8922,603
1,9939998 B 1580,8989 4705,6265 13998,801 10075,545 19080,62 17253,434 S 1515,1742 4778,666 16613,637 2685,6868 9311,647 8922,603
1,9939998 B 1580,8989 4705,6265 13998,801 10075,545 19080,62 17253,434 S 1515,1742 4778,666 16613,637 2685,6868 9311,647 8922,603
1,9907812 B 1580,8989 4705,6265 13998,801 10075,545 19080,62 17253,434 S 1515,1742 4778,666 16613,637 2685,6868 9311,647 8922,603
1,9902047 B 1580,8989 4705,6265 13998,801 10075,545 19080,62 17253,434 S 1515,1742 4778,666 16613,637 2685,6868 9311,647 8922,603
1,9893252 B 1580,8989 4705,6265 13998,801 10075,545 19080,62 17253,434 S 1515,1742 4778,666 16613,637 2685,6868 9311,647 8922,603
1,988 B 1580,8989 4705,6265 13998,801 10075,545 19080,62 17253,434 S 1515,1742 4778,666 16613,637 2685,6868 9311,647 8922,603
1,9879997 B 1580,8989 4705,6265 13998,801 10075,545 19080,62 17253,434 S 1515,1742 4778,666 16613,637 2685,6868 9311,647 8922,603
1,9880002 B 1580,8989 4705,6265 13998,801 10075,545 19080,62 17253,434 S 1515,1742 4778,666 16613,637 2685,6868 9311,647 8922,603
1,988 B 1580,8989 4705,6265 13998,801 10075,545 19080,62 17253,434 S 1515,1742 4778,666 16613,637 2685,6868 9311,647 8922,603
1,9880003 B 1580,8989 4705,6265 13998,801 10075,545 19080,62 17253,434 S 1515,1742 4778,666 16613,637 2685,6868 9311,647 8922,603
1,9880003 B 1580,8989 4705,6265 13998,801 10075,545 19080,62 17253,434 S 1515,1742 4778,666 16613,637 2685,6868 9311,647 8922,603
1,988 B 1580,8989 4705,6265 13998,801 10075,545 19080,62 17253,434 S 1515,1742 4778,666 16613,637 2685,6868 9311,647 8922,603
1,9880004 B 1580,8989 4705,6265 13998,801 10075,545 19080,62 17253,434 S 1515,1742 4778,666 16613,637 2685,6868 9311,647 8922,603
1,9879994 B 1580,8989 4705,6265 13998,801 10075,545 19080,62 17253,434 S 1515,1742 4778,666 16613,637 2685,6868 9311,647 8922,603
1,9879996 B 1580,8989 4705,6265 13998,801 10075,545 19080,62 17253,434 S 1515,1742 4778,666 16613,637 2685,6868 9311,647 8922,603
1,9879998 B 1580,8989 4705,6265 13998,801 10075,545 19080,62 17253,434 S 1515,1742 4778,666 16613,637 2685,6868 9311,647 8922,603
1,9881026 B 1580,8989 4705,6265 13998,801 10075,545 19080,62 17253,434 S 1515,1742 4778,666 16613,637 2685,6868 9311,647 8922,603
1,9890002 B 1580,8989 4705,6265 13998,801 10075,545 19080,62 17253,434 S 1515,1742 4778,666 16613,637 2685,6868 9311,647 8922,603
1,989 B 1580,8989 4705,6265 13998,801 10075,545 19080,62 17253,434 S 1515,1742 4778,666 16613,637 2685,6868 9311,647 8922,603
1,9889997 B 1580,8989 4705,6265 13998,801 10075,545 19080,62 17253,434 S 1515,1742 4778,666 16613,637 2685,6868 9311,647 8922,603
1,9890002 B 1580,8989 4705,6265 13998,801 10075,545 19080,62 17253,434 S 1515,1742 4778,666 16613,637 2685,6868 9311,647 8922,603
1,9905438 B 1580,8989 4705,6265 13998,801 10075,545 19080,62 17253,434 S 1515,1742 4778,666 16613,637 2685,6868 9311,647 8922,603
1,9894248 B 1580,8989 4705,6265 13998,801 10075,545 19080,62 17253,434 S 1515,1742 4778,666 16613,637 2685,6868 9311,647 8922,603
1,9890004 B 1580,8989 4705,6265 13998,801 10075,545 19080,62 17253,434 S 1515,1742 4778,666 16613,637 2685,6868 9311,647 8922,603
1,9880985 B 1580,8989 4705,6265 13998,801 10075,545 19080,62 17253,434 S 1515,1742 4778,666 16613,637 2685,6868 9311,647 8922,603
1,9863598 B 1580,8989 4705,6265 13998,801 10075,545 19080,62 17253,434 S 1515,1742 4778,666 16613,637 2685,6868 9311,647 8922,603
1,984944 B 1580,8989 4705,6265 13998,801 10075,545 19080,62 17253,434 S 1515,1742 4778,666 16613,637 2685,6868 9311,647 8922,603
1,983663 B 1580,8989 4705,6265 13998,801 10075,545 19080,62 17253,434 S 1515,1742 4778,666 16613,637 2685,6868 9311,647 8922,603
1,9813955 B 1580,8989 4705,6265 13998,801 10075,545 19080,62 17253,434 S 1515,1742 4778,666 16613,637 2685,6868 9311,647 8922,603
1,9786671 B 1580,8989 4705,6265 13998,801 10075,545 19080,62 17253,434 S 1515,1742 4778,666 16613,637 2685,6868 9311,647 8922,603
1,9786856 B 1580,8989 4705,6265 13998,801 10075,545 19080,62 17253,434 S 1515,1742 4778,666 16613,637 2685,6868 9311,647 8922,603
1,9789996 B 1580,8989 4705,6265 13998,801 10075,545 19080,62 17253,434 S 1515,1742 4778,666 16613,637 2685,6868 9311,647 8922,603
1,98163 B 1580,8989 4705,6265 13998,801 10075,545 19080,62 17253,434 S 1515,1742 4778,666 16613,637 2685,6868 9311,647 8922,603
1,9845926 B 1580,8989 4705,6265 13998,801 10075,545 19080,62 17253,434 S 1515,1742 4778,666 16613,637 2685,6868 9311,647 8922,603
1,9850003 B 1580,8989 4705,6265 13998,801 10075,545 19080,62 17253,434 S 1515,1742 4778,666 16613,637 2685,6868 9311,647 8922,603
1,985 B 1580,8989 4705,6265 13998,801 10075,545 19080,62 17253,434 S 1515,1742 4778,666 16613,637 2685,6868 9311,647 8922,603
1,9849998 B 1580,8989 4705,6265 13998,801 10075,545 19080,62 17253,434 S 1515,1742 4778,666 16613,637 2685,6868 9311,647 8922,603
1,9850001 B 1580,8989 4705,6265 13998,801 10075,545 19080,62 17253,434 S 1515,1742 4778,666 16613,637 2685,6868 9311,647 8922,603
1,9850003 B 1580,8989 4705,6265 13998,801 10075,545 19080,62 17253,434 S 1515,1742 4778,666 16613,637 2685,6868 9311,647 8922,603
1,9834341 B 1580,8989 4705,6265 13998,801 10075,545 19080,62 17253,434 S 1515,1742 4778,666 16613,637 2685,6868 9311,647 8922,603
1,983 B 1580,8989 4705,6265 13998,801 10075,545 19080,62 17253,434 S 1515,1742 4778,666 16613,637 2685,6868 9311,647 8922,603
1,9829996 B 1580,8989 4705,6265 13998,801 10075,545 19080,62 17253,434 S 1515,1742 4778,666 16613,637 2685,6868 9311,647 8922,603
1,9829998 B 1580,8989 4705,6265 13998,801 10075,545 19080,62 17253,434 S 1515,1742 4778,666 16613,637 2685,6868 9311,647 8922,603
1,9830002 B 1580,8989 4705,6265 13998,801 10075,545 19080,62 17253,434 S 1515,1742 4778,666 16613,637 2685,6868 9311,647 8922,603
1,9830004 B 1580,8989 4705,6265 13998,801 10075,545 19080,62 17253,434 S 1515,1742 4778,666 16613,637 2685,6868 9311,647 8922,603
1,9823998 B 1580,8989 4705,6265 13998,801 10075,545 19080,62 17253,434 S 1515,1742 4778,666 16613,637 2685,6868 9311,647 8922,603
1,9819992 B 1580,8989 4705,6265 13998,801 10075,545 19080,62 17253,434 S 1515,1742 4778,666 16613,637 2685,6868 9311,647 8922,603
1,9820004 B 1580,8989 4705,6265 13998,801 10075,545 19080,62 17253,434 S 1515,1742 4778,666 16613,637 2685,6868 9311,647 8922,603
1,9820002 B 1580,8989 4705,6265 13998,801 10075,545 19080,62 17253,434 S 1515,1742 4778,666 16613,637 2685,6868 9311,647 8922,603
1,9820001 B 1580,8989 4705,6265 13998,801 10075,545 19080,62 17253,434 S 1515,1742 4778,666 16613,637 2685,6868 9311,647 8922,603
1,9820001 B 1580,8989 4705,6265 13998,801 10075,545 19080,62 17253,434 S 1515,1742 4778,666 16613,637 2685,6868 9311,647 8922,603
1,9820005 B 1580,8989 4705,6265 13998,801 10075,545 19080,62 17253,434 S 1515,1742 4778,666 16613,637 2685,6868 9311,647 8922,603
1,9816706 B 1580,8989 4705,6265 13998,801 10075,545 19080,62 17253,434 S 1515,1742 4778,666 16613,637 2685,6868 9311,647 8922,603
1,9810004 B 1580,8989 4705,6265 13998,801 10075,545 19080,62 17253,434 S 1515,1742 4778,666 16613,637 2685,6868 9311,647 8922,603
1,9810002 B 1580,8989 4705,6265 13998,801 10075,545 19080,62 17253,434 S 1515,1742 4778,666 16613,637 2685,6868 9311,647 8922,603
1,9810002 B 1580,8989 4705,6265 13998,801 10075,545 19080,62 17253,434 S 1515,1742 4778,666 16613,637 2685,6868 9311,647 8922,603
1,9810001 B 1580,8989 4705,6265 13998,801 10075,545 19080,62 17253,434 S 1515,1742 4778,666 16613,637 2685,6868 9311,647 8922,603
1,9815041 B 1580,8989 4705,6265 13998,801 10075,545 19080,62 17253,434 S 1515,1742 4778,666 16613,637 2685,6868 9311,647 8922,603
1,9830005 B 1580,8989 4705,6265 13998,801 10075,545 19080,62 17253,434 S 1515,1742 4778,666 16613,637 2685,6868 9311,647 8922,603
1,9830003 B 1580,8989 4705,6265 13998,801 10075,545 19080,62 17253,434 S 1515,1742 4778,666 16613,637 2685,6868 9311,647 8922,603
1,9830002 B 1580,8989 4705,6265 13998,801 10075,545 19080,62 17253,434 S 1515,1742 4778,666 16613,637 2685,6868 9311,647 8922,603
1,9830004 B 1580,8989 4705,6265 13998,801 10075,545 19080,62 17253,434 S 1515,1742 4778,666 16613,637 2685,6868 9311,647 8922,603
1,9832171 B 1580,8989 4705,6265 13998,801 10075,545 19080,62 17253,434 S 1515,1742 4778,666 16613,637 2685,6868 9311,647 8922,603
1,9860004 B 1580,8989 4705,6265 13998,801 10075,545 19080,62 17253,434 S 1515,1742 4778,666 16613,637 2685,6868 9311,647 8922,603
1,9863309 B 1580,8989 4705,6265 13998,801 10075,545 19080,62 17253,434 S 1515,1742 4778,666 16613,637 2685,6868 9311,647 8922,603
1,9869995 B 1580,8989 4705,6265 13998,801 10075,545 19080,62 17253,434 S 1515,1742 4778,666 16613,637 2685,6868 9311,647 8922,603
1,9870003 B 1580,8989 4705,6265 13998,801 10075,545 19080,62 17253,434 S 1515,1742 4778,666 16613,637 2685,6868 9311,647 8922,603
1,9860233 B 1580,8989 4705,6265 13998,801 10075,545 19080,62 17253,434 S 1515,1742 4778,666 16613,637 2685,6868 9311,647 8922,603
1,986 B 1580,8989 4705,6265 13998,801 10075,545 19080,62 17253,434 S 1515,1742 4778,666 16613,637 2685,6868 9311,647 8922,603
1,986 B 1580,8989 4705,6265 13998,801 10075,545 19080,62 17253,434 S 1515,1742 4778,666 16613,637 2685,6868 9311,647 8922,603
1,9860004 B 1580,8989 4705,6265 13998,801 10075,545 19080,62 17253,434 S 1515,1742 4778,666 16613,637 2685,6868 9311,647 8922,603
1,9859997 B 1580,8989 4705,6265 13998,801 10075,545 19080,62 17253,434 S 1515,1742 4778,666 16613,637 2685,6868 9311,647 8922,603
1,9859998 B 1580,8989 4705,6265 13998,801 10075,545 19080,62 17253,434 S 1515,1742 4778,666 16613,637 2685,6868 9311,647 8922,603
1,9860002 B 1580,8989 4705,6265 13998,801 10075,545 19080,62 17253,434 S 1515,1742 4778,666 16613,637 2685,6868 9311,647 8922,603
1,9859997 B 1580,8989 4705,6265 13998,801 10075,545 19080,62 17253,434 S 1515,1742 4778,666 16613,637 2685,6868 9311,647 8922,603
1,9859998 B 1580,8989 4705,6265 13998,801 10075,545 19080,62 17253,434 S 1515,1742 4778,666 16613,637 2685,6868 9311,647 8922,603
1,986 B 1580,8989 4705,6265 13998,801 10075,545 19080,62 17253,434 S 1515,1742 4778,666 16613,637 2685,6868 9311,647 8922,603
1,9859998 B 1580,8989 4705,6265 13998,801 10075,545 19080,62 17253,434 S 1515,1742 4778,666 16613,637 2685,6868 9311,647 8922,603
1,9848837 B 1580,8989 4705,6265 13998,801 10075,545 19080,62 17253,434 S 1515,1742 4778,666 16613,637 2685,6868 9311,647 8922,603
1,9829999 B 1580,8989 4705,6265 13998,801 10075,545 19080,62 17253,434 S 1515,1742 4778,666 16613,637 2685,6868 9311,647 8922,603
1,9829999 B 1580,8989 4705,6265 13998,801 10075,545 19080,62 17253,434 S 1515,1742 4778,666 16613,637 2685,6868 9311,647 8922,603
1,9822443 B 1580,8989 4705,6265 13998,801 10075,545 19080,62 17253,434 S 1515,1742 4778,666 16613,637 2685,6868 9311,647 8922,603
1,980806 B 1580,8989 4705,6265 13998,801 10075,545 19080,62 17253,434 S 1515,1742 4778,666 16613,637 2685,6868 9311,647 8922,603
1,9836301 B 1580,8989 4705,6265 13998,801 10075,545 19080,62 17253,434 S 1515,1742 4778,666 16613,637 2685,6868 9311,647 8922,603
1,9839996 B 1580,8989 4705,6265 13998,801 10075,545 19080,62 17253,434 S 1515,1742 4778,666 16613,637 2685,6868 9311,647 8922,603
1,9840678 B 1580,8989 4705,6265 13998,801 10075,545 19080,62 17253,434 S 1515,1742 4778,666 16613,637 2685,6868 9311,647 8922,603
1,9859997 B 1580,8989 4705,6265 13998,801 10075,545 19080,62 17253,434 S 1515,1742 4778,666 16613,637 2685,6868 9311,647 8922,603
1,9860001 B 1580,8989 4705,6265 13998,801 10075,545 19080,62 17253,434 S 1515,1742 4778,666 16613,637 2685,6868 9311,647 8922,603
1,9862628 B 1580,8989 4705,6265 13998,801 10075,545 19080,62 17253,434 S 1515,1742 4778,666 16613,637 2685,6868 9311,647 8922,603
1,9874662 B 1580,8989 4705,6265 13998,801 10075,545 19080,62 17253,434 S 1515,1742 4778,666 16613,637 2685,6868 9311,647 8922,603
1,9891136 B 1580,8989 4705,6265 13998,801 10075,545 19080,62 17253,434 S 1515,1742 4778,666 16613,637 2685,6868 9311,647 8922,603
1,9915509 B 1580,8989 4705,6265 13998,801 10075,545 19080,62 17253,434 S 1515,1742 4778,666 16613,637 2685,6868 9311,647 8922,603
1,992 B 1580,8989 4705,6265 13998,801 10075,545 19080,62 17253,434 S 1515,1742 4778,666 16613,637 2685,6868 9311,647 8922,603
1,992 B 1580,8989 4705,6265 13998,801 10075,545 19080,62 17253,434 S 1515,1742 4778,666 16613,637 2685,6868 9311,647 8922,603
1,9919999 B 1580,8989 4705,6265 13998,801 10075,545 19080,62 17253,434 S 1515,1742 4778,666 16613,637 2685,6868 9311,647 8922,603
1,9920002 B 1580,8989 4705,6265 13998,801 10075,545 19080,62 17253,434 S 1515,1742 4778,666 16613,637 2685,6868 9311,647 8922,603
1,9920002 B 1580,8989 4705,6265 13998,801 10075,545 19080,62 17253,434 S 1515,1742 4778,666 16613,637 2685,6868 9311,647 8922,603
1,9920001 B 1580,8989 4705,6265 13998,801 10075,545 19080,62 17253,434 S 1515,1742 4778,666 16613,637 2685,6868 9311,647 8922,603
1,992 B 1580,8989 4705,6265 13998,801 10075,545 19080,62 17253,434 S 1515,1742 4778,666 16613,637 2685,6868 9311,647 8922,603
1,98999 B 1580,8989 4705,6265 13998,801 10075,545 19080,62 17253,434 S 1515,1742 4778,666 16613,637 2685,6868 9311,647 8922,603
1,989 B 1580,8989 4705,6265 13998,801 10075,545 19080,62 17253,434 S 1515,1742 4778,666 16613,637 2685,6868 9311,647 8922,603
1,9889997 B 1580,8989 4705,6265 13998,801 10075,545 19080,62 17253,434 S 1515,1742 4778,666 16613,637 2685,6868 9311,647 8922,603
1,9890003 B 1580,8989 4705,6265 13998,801 10075,545 19080,62 17253,434 S 1515,1742 4778,666 16613,637 2685,6868 9311,647 8922,603
1,9890004 B 1580,8989 4705,6265 13998,801 10075,545 19080,62 17253,434 S 1515,1742 4778,666 16613,637 2685,6868 9311,647 8922,603
1,9889998 B 1580,8989 4705,6265 13998,801 10075,545 19080,62 17253,434 S 1515,1742 4778,666 16613,637 2685,6868 9311,647 8922,603
1,9890001 B 1580,8989 4705,6265 13998,801 10075,545 19080,62 17253,434 S 1515,1742 4778,666 16613,637 2685,6868 9311,647 8922,603
1,9890002 B 1580,8989 4705,6265 13998,801 10075,545 19080,62 17253,434 S 1515,1742 4778,666 16613,637 2685,6868 9311,647 8922,603
1,989 B 1580,8989 4705,6265 13998,801 10075,545 19080,62 17253,434 S 1515,1742 4778,666 16613,637 2685,6868 9311,647 8922,603
1,9890002 B 1580,8989 4705,6265 13998,801 10075,545 19080,62 17253,434 S 1515,1742 4778,666 16613,637 2685,6868 9311,647 8922,603
1,9889998 B 1580,8989 4705,6265 13998,801 10075,545 19080,62 17253,434 S 1515,1742 4778,666 16613,637 2685,6868 9311,647 8922,603
1,9889997 B 1580,8989 4705,6265 13998,801 10075,545 19080,62 17253,434 S 1515,1742 4778,666 16613,637 2685,6868 9311,647 8922,603
1,9888873 B 1580,8989 4705,6265 13998,801 10075,545 19080,62 17253,434 S 1515,1742 4778,666 16613,637 2685,6868 9311,647 8922,603
1,9880005 B 1580,8989 4705,6265 13998,801 10075,545 19080,62 17253,434 S 1515,1742 4778,666 16613,637 2685,6868 9311,647 8922,603
1,9879996 B 1580,8989 4705,6265 13998,801 10075,545 19080,62 17253,434 S 1515,1742 4778,666 16613,637 2685,6868 9311,647 8922,603
1,988 B 1580,8989 4705,6265 13998,801 10075,545 19080,62 17253,434 S 1515,1742 4778,666 16613,637 2685,6868 9311,647 8922,603
1,9879997 B 1580,8989 4705,6265 13998,801 10075,545 19080,62 17253,434 S 1515,1742 4778,666 16613,637 2685,6868 9311,647 8922,603
1,9880004 B 1580,8989 4705,6265 13998,801 10075,545 19080,62 17253,434 S 1515,1742 4778,666 16613,637 2685,6868 9311,647 8922,603
1,9879997 B 1580,8989 4705,6265 13998,801 10075,545 19080,62 17253,434 S 1515,1742 4778,666 16613,637 2685,6868 9311,647 8922,603
1,9879993 B 1580,8989 4705,6265 13998,801 10075,545 19080,62 17253,434 S 1515,1742 4778,666 16613,637 2685,6868 9311,647 8922,603
1,9879998 B 1580,8989 4705,6265 13998,801 10075,545 19080,62 17253,434 S 1515,1742 4778,666 16613,637 2685,6868 9311,647 8922,603
1,9879994 B 1580,8989 4705,6265 13998,801 10075,545 19080,62 17253,434 S 1515,1742 4778,666 16613,637 2685,6868 9311,647 8922,603
1,988 B 1580,8989 4705,6265 13998,801 10075,545 19080,62 17253,434 S 1515,1742 4778,666 16613,637 2685,6868 9311,647 8922,603
1,9879998 B 1580,8989 4705,6265 13998,801 10075,545 19080,62 17253,434 S 1515,1742 4778,666 16613,637 2685,6868 9311,647 8922,603
1,9880004 B 1580,8989 4705,6265 13998,801 10075,545 19080,62 17253,434 S 1515,1742 4778,666 16613,637 2685,6868 9311,647 8922,603
1,9880005 B 1580,8989 4705,6265 13998,801 10075,545 19080,62 17253,434 S 1515,1742 4778,666 16613,637 2685,6868 9311,647 8922,603
1,9880003 B 1580,8989 4705,6265 13998,801 10075,545 19080,62 17253,434 S 1515,1742 4778,666 16613,637 2685,6868 9311,647 8922,603
1,9883912 B 1580,8989 4705,6265 13998,801 10075,545 19080,62 17253,434 S 1515,1742 4778,666 16613,637 2685,6868 9311,647 8922,603
1,987093 B 1580,8989 4705,6265 13998,801 10075,545 19080,62 17253,434 S 1515,1742 4778,666 16613,637 2685,6868 9311,647 8922,603
1,987 B 1580,8989 4705,6265 13998,801 10075,545 19080,62 17253,434 S 1515,1742 4778,666 16613,637 2685,6868 9311,647 8922,603
1,9869995 B 1580,8989 4705,6265 13998,801 10075,545 19080,62 17253,434 S 1515,1742 4778,666 16613,637 2685,6868 9311,647 8922,603
1,9869998 B 1580,8989 4705,6265 13998,801 10075,545 19080,62 17253,434 S 1515,1742 4778,666 16613,637 2685,6868 9311,647 8922,603
1,9870001 B 1580,8989 4705,6265 13998,801 10075,545 19080,62 17253,434 S 1515,1742 4778,666 16613,637 2685,6868 9311,647 8922,603
1,987 B 1580,8989 4705,6265 13998,801 10075,545 19080,62 17253,434 S 1515,1742 4778,666 16613,637 2685,6868 9311,647 8922,603
1,9870001 B 1580,8989 4705,6265 13998,801 10075,545 19080,62 17253,434 S 1515,1742 4778,666 16613,637 2685,6868 9311,647 8922,603
1,9870001 B 1580,8989 4705,6265 13998,801 10075,545 19080,62 17253,434 S 1515,1742 4778,666 16613,637 2685,6868 9311,647 8922,603
1,9869995 B 1580,8989 4705,6265 13998,801 10075,545 19080,62 17253,434 S 1515,1742 4778,666 16613,637 2685,6868 9311,647 8922,603
