1,9872047
1,9830004 B 1303,7942 6759,521 11298,754 13799,316 8214,455 4773,5454 S 2347,6248 2235,1619 12841,146 3721,2854 11512,721 8769,073
1,98334 B 1303,7942 6759,521 11298,754 13799,316 8214,455 4773,5454 S 2347,6248 2235,1619 12841,146 3721,2854 11512,721 8769,073
1,9840003 B 1303,7942 6759,521 11298,754 13799,316 8214,455 4773,5454 S 2347,6248 2235,1619 12841,146 3721,2854 11512,721 8769,073
1,9839995 B 1303,7942 6759,521 11298,754 13799,316 8214,455 4773,5454 S 2347,6248 2235,1619 12841,146 3721,2854 11512,721 8769,073
1,9839996 B 1303,7942 6759,521 11298,754 13799,316 8214,455 4773,5454 S 2347,6248 2235,1619 12841,146 3721,2854 11512,721 8769,073
1,9839996 B 1303,7942 6759,521 11298,754 13799,316 8214,455 4773,5454 S 2347,6248 2235,1619 12841,146 3721,2854 11512,721 8769,073
1,9840001 B 1303,7942 6759,521 11298,754 13799,316 8214,455 4773,5454 S 2347,6248 2235,1619 12841,146 3721,2854 11512,721 8769,073
1,9848355 B 1303,7942 6759,521 11298,754 13799,316 8214,455 4773,5454 S 2347,6248 2235,1619 12841,146 3721,2854 11512,721 8769,073
1,9850003 B 1303,7942 6759,521 11298,754 13799,316 8214,455 4773,5454 S 2347,6248 2235,1619 12841,146 3721,2854 11512,721 8769,073
1,9850004 B 1303,7942 6759,521 11298,754 13799,316 8214,455 4773,5454 S 2347,6248 2235,1619 12841,146 3721,2854 11512,721 8769,073
1,9849999 B 1303,7942 6759,521 11298,754 13799,316 8214,455 4773,5454 S 2347,6248 2235,1619 12841,146 3721,2854 11512,721 8769,073
1,9845855 B 1303,7942 6759,521 11298,754 13799,316 8214,455 4773,5454 S 2347,6248 2235,1619 12841,146 3721,2854 11512,721 8769,073
1,9840006 B 1303,7942 6759,521 11298,754 13799,316 8214,455 4773,5454 S 2347,6248 2235,1619 12841,146 3721,2854 11512,721 8769,073
1,9839994 B 1303,7942 6759,521 11298,754 13799,316 8214,455 4773,5454 S 2347,6248 2235,1619 12841,146 3721,2854 11512,721 8769,073
1,9839998 B 1303,7942 6759,521 11298,754 13799,316 8214,455 4773,5454 S 2347,6248 2235,1619 12841,146 3721,2854 11512,721 8769,073
1,9840006 B 1303,7942 6759,521 11298,754 13799,316 8214,455 4773,5454 S 2347,6248 2235,1619 12841,146 3721,2854 11512,721 8769,073
1,9839996 B 1303,7942 6759,521 11298,754 13799,316 8214,455 4773,5454 S 2347,6248 2235,1619 12841,146 3721,2854 11512,721 8769,073
1,9839997 B 1303,7942 6759,521 11298,754 13799,316 8214,455 4773,5454 S 2347,6248 2235,1619 12841,146 3721,2854 11512,721 8769,073
1,984 B 1303,7942 6759,521 11298,754 13799,316 8214,455 4773,5454 S 2347,6248 2235,1619 12841,146 3721,2854 11512,721 8769,073
1,9848636 B 1303,7942 6759,521 11298,754 13799,316 8214,455 4773,5454 S 2347,6248 2235,1619 12841,146 3721,2854 11512,721 8769,073
1,9850004 B 1303,7942 6759,521 11298,754 13799,316 8214,455 4773,5454 S 2347,6248 2235,1619 12841,146 3721,2854 11512,721 8769,073
1,9850129 B 1303,7942 6759,521 11298,754 13799,316 8214,455 4773,5454 S 2347,6248 2235,1619 12841,146 3721,2854 11512,721 8769,073
1,9860003 B 1303,7942 6759,521 11298,754 13799,316 8214,455 4773,5454 S 2347,6248 2235,1619 12841,146 3721,2854 11512,721 8769,073
1,9859998 B 1303,7942 6759,521 11298,754 13799,316 8214,455 4773,5454 S 2347,6248 2235,1619 12841,146 3721,2854 11512,721 8769,073
1,986 B 1303,7942 6759,521 11298,754 13799,316 8214,455 4773,5454 S 2347,6248 2235,1619 12841,146 3721,2854 11512,721 8769,073
1,986 B 1303,7942 6759,521 11298,754 13799,316 8214,455 4773,5454 S 2347,6248 2235,1619 12841,146 3721,2854 11512,721 8769,073
1,9859995 B 1303,7942 6759,521 11298,754 13799,316 8214,455 4773,5454 S 2347,6248 2235,1619 12841,146 3721,2854 11512,721 8769,073
1,9882413 B 1303,7942 6759,521 11298,754 13799,316 8214,455 4773,5454 S 2347,6248 2235,1619 12841,146 3721,2854 11512,721 8769,073
1,9890003 B 1303,7942 6759,521 11298,754 13799,316 8214,455 4773,5454 S 2347,6248 2235,1619 12841,146 3721,2854 11512,721 8769,073
1,9889997 B 1303,7942 6759,521 11298,754 13799,316 8214,455 4773,5454 S 2347,6248 2235,1619 12841,146 3721,2854 11512,721 8769,073
1,9890004 B 1303,7942 6759,521 11298,754 13799,316 8214,455 4773,5454 S 2347,6248 2235,1619 12841,146 3721,2854 11512,721 8769,073
1,9890126 B 1303,7942 6759,521 11298,754 13799,316 8214,455 4773,5454 S 2347,6248 2235,1619 12841,146 3721,2854 11512,721 8769,073
1,9900004 B 1303,7942 6759,521 11298,754 13799,316 8214,455 4773,5454 S 2347,6248 2235,1619 12841,146 3721,2854 11512,721 8769,073
1,9899998 B 1303,7942 6759,521 11298,754 13799,316 8214,455 4773,5454 S 2347,6248 2235,1619 12841,146 3721,2854 11512,721 8769,073
1,9902756 B 1303,7942 6759,521 11298,754 13799,316 8214,455 4773,5454 S 2347,6248 2235,1619 12841,146 3721,2854 11512,721 8769,073
1,9909999 B 1303,7942 6759,521 11298,754 13799,316 8214,455 4773,5454 S 2347,6248 2235,1619 12841,146 3721,2854 11512,721 8769,073
1,9909999 B 1303,7942 6759,521 11298,754 13799,316 8214,455 4773,5454 S 2347,6248 2235,1619 12841,146 3721,2854 11512,721 8769,073
1,991 B 1303,7942 6759,521 11298,754 13799,316 8214,455 4773,5454 S 2347,6248 2235,1619 12841,146 3721,2854 11512,721 8769,073
1,9909999 B 1303,7942 6759,521 11298,754 13799,316 8214,455 4773,5454 S 2347,6248 2235,1619 12841,146 3721,2854 11512,721 8769,073
1,9895166 B 1303,7942 6759,521 11298,754 13799,316 8214,455 4773,5454 S 2347,6248 2235,1619 12841,146 3721,2854 11512,721 8769,073
1,990038 B 1303,7942 6759,521 11298,754 13799,316 8214,455 4773,5454 S 2347,6248 2235,1619 12841,146 3721,2854 11512,721 8769,073
1,9918224 B 1303,7942 6759,521 11298,754 13799,316 8214,455 4773,5454 S 2347,6248 2235,1619 12841,146 3721,2854 11512,721 8769,073
1,9919997 B 1303,7942 6759,521 11298,754 13799,316 8214,455 4773,5454 S 2347,6248 2235,1619 12841,146 3721,2854 11512,721 8769,073
1,9920006 B 1303,7942 6759,521 11298,754 13799,316 8214,455 4773,5454 S 2347,6248 2235,1619 12841,146 3721,2854 11512,721 8769,073
1,9917301 B 1303,7942 6759,521 11298,754 13799,316 8214,455 4773,5454 S 2347,6248 2235,1619 12841,146 3721,2854 11512,721 8769,073
1,992 B 1303,7942 6759,521 11298,754 13799,316 8214,455 4773,5454 S 2347,6248 2235,1619 12841,146 3721,2854 11512,721 8769,073
1,9920005 B 1303,7942 6759,521 11298,754 13799,316 8214,455 4773,5454 S 2347,6248 2235,1619 12841,146 3721,2854 11512,721 8769,073
1,9920002 B 1303,7942 6759,521 11298,754 13799,316 8214,455 4773,5454 S 2347,6248 2235,1619 12841,146 3721,2854 11512,721 8769,073
1,9906507 B 1303,7942 6759,521 11298,754 13799,316 8214,455 4773,5454 S 2347,6248 2235,1619 12841,146 3721,2854 11512,721 8769,073
1,9900002 B 1303,7942 6759,521 11298,754 13799,316 8214,455 4773,5454 S 2347,6248 2235,1619 12841,146 3721,2854 11512,721 8769,073
1,99 B 1303,7942 6759,521 11298,754 13799,316 8214,455 4773,5454 S 2347,6248 2235,1619 12841,146 3721,2854 11512,721 8769,073
1,9900004 B 1303,7942 6759,521 11298,754 13799,316 8214,455 4773,5454 S 2347,6248 2235,1619 12841,146 3721,2854 11512,721 8769,073
1,9900005 B 1303,7942 6759,521 11298,754 13799,316 8214,455 4773,5454 S 2347,6248 2235,1619 12841,146 3721,2854 11512,721 8769,073
1,99 B 1303,7942 6759,521 11298,754 13799,316 8214,455 4773,5454 S 2347,6248 2235,1619 12841,146 3721,2854 11512,721 8769,073
1,9899999 B 1303,7942 6759,521 11298,754 13799,316 8214,455 4773,5454 S 2347,6248 2235,1619 12841,146 3721,2854 11512,721 8769,073
1,989184 B 1303,7942 6759,521 11298,754 13799,316 8214,455 4773,5454 S 2347,6248 2235,1619 12841,146 3721,2854 11512,721 8769,073
1,9890002 B 1303,7942 6759,521 11298,754 13799,316 8214,455 4773,5454 S 2347,6248 2235,1619 12841,146 3721,2854 11512,721 8769,073
1,989 B 1303,7942 6759,521 11298,754 13799,316 8214,455 4773,5454 S 2347,6248 2235,1619 12841,146 3721,2854 11512,721 8769,073
1,9890003 B 1303,7942 6759,521 11298,754 13799,316 8214,455 4773,5454 S 2347,6248 2235,1619 12841,146 3721,2854 11512,721 8769,073
1,9896733 B 1303,7942 6759,521 11298,754 13799,316 8214,455 4773,5454 S 2347,6248 2235,1619 12841,146 3721,2854 11512,721 8769,073
1,9900004 B 1303,7942 6759,521 11298,754 13799,316 8214,455 4773,5454 S 2347,6248 2235,1619 12841,146 3721,2854 11512,721 8769,073
1,9900008 B 1303,7942 6759,521 11298,754 13799,316 8214,455 4773,5454 S 2347,6248 2235,1619 12841,146 3721,2854 11512,721 8769,073
1,9899997 B 1303,7942 6759,521 11298,754 13799,316 8214,455 4773,5454 S 2347,6248 2235,1619 12841,146 3721,2854 11512,721 8769,073
1,9900004 B 1303,7942 6759,521 11298,754 13799,316 8214,455 4773,5454 S 2347,6248 2235,1619 12841,146 3721,2854 11512,721 8769,073
1,9900002 B 1303,7942 6759,521 11298,754 13799,316 8214,455 4773,5454 S 2347,6248 2235,1619 12841,146 3721,2854 11512,721 8769,073
1,9900001 B 1303,7942 6759,521 11298,754 13799,316 8214,455 4773,5454 S 2347,6248 2235,1619 12841,146 3721,2854 11512,721 8769,073
1,9900006 B 1303,7942 6759,521 11298,754 13799,316 8214,455 4773,5454 S 2347,6248 2235,1619 12841,146 3721,2854 11512,721 8769,073
1,9900004 B 1303,7942 6759,521 11298,754 13799,316 8214,455 4773,5454 S 2347,6248 2235,1619 12841,146 3721,2854 11512,721 8769,073
1,9900002 B 1303,7942 6759,521 11298,754 13799,316 8214,455 4773,5454 S 2347,6248 2235,1619 12841,146 3721,2854 11512,721 8769,073
1,9899998 B 1303,7942 6759,521 11298,754 13799,316 8214,455 4773,5454 S 2347,6248 2235,1619 12841,146 3721,2854 11512,721 8769,073
1,9900001 B 1303,7942 6759,521 11298,754 13799,316 8214,455 4773,5454 S 2347,6248 2235,1619 12841,146 3721,2854 11512,721 8769,073
1,9900004 B 1303,7942 6759,521 11298,754 13799,316 8214,455 4773,5454 S 2347,6248 2235,1619 12841,146 3721,2854 11512,721 8769,073
1,9900002 B 1303,7942 6759,521 11298,754 13799,316 8214,455 4773,5454 S 2347,6248 2235,1619 12841,146 3721,2854 11512,721 8769,073
1,9899998 B 1303,7942 6759,521 11298,754 13799,316 8214,455 4773,5454 S 2347,6248 2235,1619 12841,146 3721,2854 11512,721 8769,073
1,9900005 B 1303,7942 6759,521 11298,754 13799,316 8214,455 4773,5454 S 2347,6248 2235,1619 12841,146 3721,2854 11512,721 8769,073
1,9900002 B 1303,7942 6759,521 11298,754 13799,316 8214,455 4773,5454 S 2347,6248 2235,1619 12841,146 3721,2854 11512,721 8769,073
1,9900005 B 1303,7942 6759,521 11298,754 13799,316 8214,455 4773,5454 S 2347,6248 2235,1619 12841,146 3721,2854 11512,721 8769,073
1,9899999 B 1303,7942 6759,521 11298,754 13799,316 8214,455 4773,5454 S 2347,6248 2235,1619 12841,146 3721,2854 11512,721 8769,073
1,9900001 B 1303,7942 6759,521 11298,754 13799,316 8214,455 4773,5454 S 2347,6248 2235,1619 12841,146 3721,2854 11512,721 8769,073
1,9902527 B 1303,7942 6759,521 11298,754 13799,316 8214,455 4773,5454 S 2347,6248 2235,1619 12841,146 3721,2854 11512,721 8769,073
1,9899998 B 1303,7942 6759,521 11298,754 13799,316 8214,455 4773,5454 S 2347,6248 2235,1619 12841,146 3721,2854 11512,721 8769,073
1,9900006 B 1303,7942 6759,521 11298,754 13799,316 8214,455 4773,5454 S 2347,6248 2235,1619 12841,146 3721,2854 11512,721 8769,073
1,9900005 B 1303,7942 6759,521 11298,754 13799,316 8214,455 4773,5454 S 2347,6248 2235,1619 12841,146 3721,2854 11512,721 8769,073
1,9891924 B 1303,7942 6759,521 11298,754 13799,316 8214,455 4773,5454 S 2347,6248 2235,1619 12841,146 3721,2854 11512,721 8769,073
1,9889998 B 1303,7942 6759,521 11298,754 13799,316 8214,455 4773,5454 S 2347,6248 2235,1619 12841,146 3721,2854 11512,721 8769,073
1,989 B 1303,7942 6759,521 11298,754 13799,316 8214,455 4773,5454 S 2347,6248 2235,1619 12841,146 3721,2854 11512,721 8769,073
1,9880788 B 1303,7942 6759,521 11298,754 13799,316 8214,455 4773,5454 S 2347,6248 2235,1619 12841,146 3721,2854 11512,721 8769,073
1,9880002 B 1303,7942 6759,521 11298,754 13799,316 8214,455 4773,5454 S 2347,6248 2235,1619 12841,146 3721,2854 11512,721 8769,073
1,9888613 B 1303,7942 6759,521 11298,754 13799,316 8214,455 4773,5454 S 2347,6248 2235,1619 12841,146 3721,2854 11512,721 8769,073
1,9889996 B 1303,7942 6759,521 11298,754 13799,316 8214,455 4773,5454 S 2347,6248 2235,1619 12841,146 3721,2854 11512,721 8769,073
1,989 B 1303,7942 6759,521 11298,754 13799,316 8214,455 4773,5454 S 2347,6248 2235,1619 12841,146 3721,2854 11512,721 8769,073
1,9890002 B 1303,7942 6759,521 11298,754 13799,316 8214,455 4773,5454 S 2347,6248 2235,1619 12841,146 3721,2854 11512,721 8769,073
1,9873534 B 1303,7942 6759,521 11298,754 13799,316 8214,455 4773,5454 S 2347,6248 2235,1619 12841,146 3721,2854 11512,721 8769,073
1,9869994 B 1303,7942 6759,521 11298,754 13799,316 8214,455 4773,5454 S 2347,6248 2235,1619 12841,146 3721,2854 11512,721 8769,073
1,9869996 B 1303,7942 6759,521 11298,754 13799,316 8214,455 4773,5454 S 2347,6248 2235,1619 12841,146 3721,2854 11512,721 8769,073
1,9870001 B 1303,7942 6759,521 11298,754 13799,316 8214,455 4773,5454 S 2347,6248 2235,1619 12841,146 3721,2854 11512,721 8769,073
1,9863261 B 1303,7942 6759,521 11298,754 13799,316 8214,455 4773,5454 S 2347,6248 2235,1619 12841,146 3721,2854 11512,721 8769,073
1,9859993 B 1303,7942 6759,521 11298,754 13799,316 8214,455 4773,5454 S 2347,6248 2235,1619 12841,146 3721,2854 11512,721 8769,073
1,9862862 B 1303,7942 6759,521 11298,754 13799,316 8214,455 4773,5454 S 2347,6248 2235,1619 12841,146 3721,2854 11512,721 8769,073
1,9870008 B 1303,7942 6759,521 11298,754 13799,316 8214,455 4773,5454 S 2347,6248 2235,1619 12841,146 3721,2854 11512,721 8769,073
1,9870001 B 1303,7942 6759,521 11298,754 13799,316 8214,455 4773,5454 S 2347,6248 2235,1619 12841,146 3721,2854 11512,721 8769,073
1,9870001 B 1303,7942 6759,521 11298,754 13799,316 8214,455 4773,5454 S 2347,6248 2235,1619 12841,146 3721,2854 11512,721 8769,073
1,9869998 B 1303,7942 6759,521 11298,754 13799,316 8214,455 4773,5454 S 2347,6248 2235,1619 12841,146 3721,2854 11512,721 8769,073
1,9870002 B 1303,7942 6759,521 11298,754 13799,316 8214,455 4773,5454 S 2347,6248 2235,1619 12841,146 3721,2854 11512,721 8769,073
1,9870007 B 1303,7942 6759,521 11298,754 13799,316 8214,455 4773,5454 S 2347,6248 2235,1619 12841,146 3721,2854 11512,721 8769,073
1,987 B 1303,7942 6759,521 11298,754 13799,316 8214,455 4773,5454 S 2347,6248 2235,1619 12841,146 3721,2854 11512,721 8769,073
1,9870003 B 1303,7942 6759,521 11298,754 13799,316 8214,455 4773,5454 S 2347,6248 2235,1619 12841,146 3721,2854 11512,721 8769,073
1,9870002 B 1303,7942 6759,521 11298,754 13799,316 8214,455 4773,5454 S 2347,6248 2235,1619 12841,146 3721,2854 11512,721 8769,073
1,987 B 1303,7942 6759,521 11298,754 13799,316 8214,455 4773,5454 S 2347,6248 2235,1619 12841,146 3721,2854 11512,721 8769,073
1,9869999 B 1303,7942 6759,521 11298,754 13799,316 8214,455 4773,5454 S 2347,6248 2235,1619 12841,146 3721,2854 11512,721 8769,073
1,9882376 B 1303,7942 6759,521 11298,754 13799,316 8214,455 4773,5454 S 2347,6248 2235,1619 12841,146 3721,2854 11512,721 8769,073
1,9894085 B 1303,7942 6759,521 11298,754 13799,316 8214,455 4773,5454 S 2347,6248 2235,1619 12841,146 3721,2854 11512,721 8769,073
1,9924488 B 1303,7942 6759,521 11298,754 13799,316 8214,455 4773,5454 S 2347,6248 2235,1619 12841,146 3721,2854 11512,721 8769,073
1,9924217 B 1303,7942 6759,521 11298,754 13799,316 8214,455 4773,5454 S 2347,6248 2235,1619 12841,146 3721,2854 11512,721 8769,073
1,9919999 B 1303,7942 6759,521 11298,754 13799,316 8214,455 4773,5454 S 2347,6248 2235,1619 12841,146 3721,2854 11512,721 8769,073
1,9903897 B 1303,7942 6759,521 11298,754 13799,316 8214,455 4773,5454 S 2347,6248 2235,1619 12841,146 3721,2854 11512,721 8769,073
1,9873981 B 1303,7942 6759,521 11298,754 13799,316 8214,455 4773,5454 S 2347,6248 2235,1619 12841,146 3721,2854 11512,721 8769,073
1,9870001 B 1303,7942 6759,521 11298,754 13799,316 8214,455 4773,5454 S 2347,6248 2235,1619 12841,146 3721,2854 11512,721 8769,073
1,9870001 B 1303,7942 6759,521 11298,754 13799,316 8214,455 4773,5454 S 2347,6248 2235,1619 12841,146 3721,2854 11512,721 8769,073
1,986231 B 1303,7942 6759,521 11298,754 13799,316 8214,455 4773,5454 S 2347,6248 2235,1619 12841,146 3721,2854 11512,721 8769,073
1,986 B 1303,7942 6759,521 11298,754 13799,316 8214,455 4773,5454 S 2347,6248 2235,1619 12841,146 3721,2854 11512,721 8769,073
1,9859998 B 1303,7942 6759,521 11298,754 13799,316 8214,455 4773,5454 S 2347,6248 2235,1619 12841,146 3721,2854 11512,721 8769,073
1,9852287 B 1303,7942 6759,521 11298,754 13799,316 8214,455 4773,5454 S 2347,6248 2235,1619 12841,146 3721,2854 11512,721 8769,073
1,9850001 B 1303,7942 6759,521 11298,754 13799,316 8214,455 4773,5454 S 2347,6248 2235,1619 12841,146 3721,2854 11512,721 8769,073
1,9850005 B 1303,7942 6759,521 11298,754 13799,316 8214,455 4773,5454 S 2347,6248 2235,1619 12841,146 3721,2854 11512,721 8769,073
1,9850001 B 1303,7942 6759,521 11298,754 13799,316 8214,455 4773,5454 S 2347,6248 2235,1619 12841,146 3721,2854 11512,721 8769,073
1,9849998 B 1303,7942 6759,521 11298,754 13799,316 8214,455 4773,5454 S 2347,6248 2235,1619 12841,146 3721,2854 11512,721 8769,073
1,9849999 B 1303,7942 6759,521 11298,754 13799,316 8214,455 4773,5454 S 2347,6248 2235,1619 12841,146 3721,2854 11512,721 8769,073
1,9850003 B 1303,7942 6759,521 11298,754 13799,316 8214,455 4773,5454 S 2347,6248 2235,1619 12841,146 3721,2854 11512,721 8769,073
1,9850001 B 1303,7942 6759,521 11298,754 13799,316 8214,455 4773,5454 S 2347,6248 2235,1619 12841,146 3721,2854 11512,721 8769,073
1,9850007 B 1303,7942 6759,521 11298,754 13799,316 8214,455 4773,5454 S 2347,6248 2235,1619 12841,146 3721,2854 11512,721 8769,073
1,9850001 B 1303,7942 6759,521 11298,754 13799,316 8214,455 4773,5454 S 2347,6248 2235,1619 12841,146 3721,2854 11512,721 8769,073
1,985 B 1303,7942 6759,521 11298,754 13799,316 8214,455 4773,5454 S 2347,6248 2235,1619 12841,146 3721,2854 11512,721 8769,073
1,9850001 B 1303,7942 6759,521 11298,754 13799,316 8214,455 4773,5454 S 2347,6248 2235,1619 12841,146 3721,2854 11512,721 8769,073
1,9849998 B 1303,7942 6759,521 11298,754 13799,316 8214,455 4773,5454 S 2347,6248 2235,1619 12841,146 3721,2854 11512,721 8769,073
1,9849999 B 1303,7942 6759,521 11298,754 13799,316 8214,455 4773,5454 S 2347,6248 2235,1619 12841,146 3721,2854 11512,721 8769,073
1,9847027 B 1303,7942 6759,521 11298,754 13799,316 8214,455 4773,5454 S 2347,6248 2235,1619 12841,146 3721,2854 11512,721 8769,073
1,9833753 B 1303,7942 6759,521 11298,754 13799,316 8214,455 4773,5454 S 2347,6248 2235,1619 12841,146 3721,2854 11512,721 8769,073
1,9816762 B 1303,7942 6759,521 11298,754 13799,316 8214,455 4773,5454 S 2347,6248 2235,1619 12841,146 3721,2854 11512,721 8769,073
1,9819993 B 1303,7942 6759,521 11298,754 13799,316 8214,455 4773,5454 S 2347,6248 2235,1619 12841,146 3721,2854 11512,721 8769,073
1,9830536 B 1303,7942 6759,521 11298,754 13799,316 8214,455 4773,5454 S 2347,6248 2235,1619 12841,146 3721,2854 11512,721 8769,073
1,9839997 B 1303,7942 6759,521 11298,754 13799,316 8214,455 4773,5454 S 2347,6248 2235,1619 12841,146 3721,2854 11512,721 8769,073
1,9825099 B 1303,7942 6759,521 11298,754 13799,316 8214,455 4773,5454 S 2347,6248 2235,1619 12841,146 3721,2854 11512,721 8769,073
1,9820001 B 1303,7942 6759,521 11298,754 13799,316 8214,455 4773,5454 S 2347,6248 2235,1619 12841,146 3721,2854 11512,721 8769,073
1,9819995 B 1303,7942 6759,521 11298,754 13799,316 8214,455 4773,5454 S 2347,6248 2235,1619 12841,146 3721,2854 11512,721 8769,073
1,982 B 1303,7942 6759,521 11298,754 13799,316 8214,455 4773,5454 S 2347,6248 2235,1619 12841,146 3721,2854 11512,721 8769,073
1,982 B 1303,7942 6759,521 11298,754 13799,316 8214,455 4773,5454 S 2347,6248 2235,1619 12841,146 3721,2854 11512,721 8769,073
1,9820004 B 1303,7942 6759,521 11298,754 13799,316 8214,455 4773,5454 S 2347,6248 2235,1619 12841,146 3721,2854 11512,721 8769,073
1,9819993 B 1303,7942 6759,521 11298,754 13799,316 8214,455 4773,5454 S 2347,6248 2235,1619 12841,146 3721,2854 11512,721 8769,073
1,9819998 B 1303,7942 6759,521 11298,754 13799,316 8214,455 4773,5454 S 2347,6248 2235,1619 12841,146 3721,2854 11512,721 8769,073
1,982 B 1303,7942 6759,521 11298,754 13799,316 8214,455 4773,5454 S 2347,6248 2235,1619 12841,146 3721,2854 11512,721 8769,073
1,9822489 B 1303,7942 6759,521 11298,754 13799,316 8214,455 4773,5454 S 2347,6248 2235,1619 12841,146 3721,2854 11512,721 8769,073
1,9820005 B 1303,7942 6759,521 11298,754 13799,316 8214,455 4773,5454 S 2347,6248 2235,1619 12841,146 3721,2854 11512,721 8769,073
1,9820004 B 1303,7942 6759,521 11298,754 13799,316 8214,455 4773,5454 S 2347,6248 2235,1619 12841,146 3721,2854 11512,721 8769,073
1,9820008 B 1303,7942 6759,521 11298,754 13799,316 8214,455 4773,5454 S 2347,6248 2235,1619 12841,146 3721,2854 11512,721 8769,073
1,9819995 B 1303,7942 6759,521 11298,754 13799,316 8214,455 4773,5454 S 2347,6248 2235,1619 12841,146 3721,2854 11512,721 8769,073
1,9820002 B 1303,7942 6759,521 11298,754 13799,316 8214,455 4773,5454 S 2347,6248 2235,1619 12841,146 3721,2854 11512,721 8769,073
1,9819996 B 1303,7942 6759,521 11298,754 13799,316 8214,455 4773,5454 S 2347,6248 2235,1619 12841,146 3721,2854 11512,721 8769,073
1,9813824 B 1303,7942 6759,521 11298,754 13799,316 8214,455 4773,5454 S 2347,6248 2235,1619 12841,146 3721,2854 11512,721 8769,073
1,9809995 B 1303,7942 6759,521 11298,754 13799,316 8214,455 4773,5454 S 2347,6248 2235,1619 12841,146 3721,2854 11512,721 8769,073
1,9809998 B 1303,7942 6759,521 11298,754 13799,316 8214,455 4773,5454 S 2347,6248 2235,1619 12841,146 3721,2854 11512,721 8769,073
1,9810001 B 1303,7942 6759,521 11298,754 13799,316 8214,455 4773,5454 S 2347,6248 2235,1619 12841,146 3721,2854 11512,721 8769,073
1,9809997 B 1303,7942 6759,521 11298,754 13799,316 8214,455 4773,5454 S 2347,6248 2235,1619 12841,146 3721,2854 11512,721 8769,073
1,9809997 B 1303,7942 6759,521 11298,754 13799,316 8214,455 4773,5454 S 2347,6248 2235,1619 12841,146 3721,2854 11512,721 8769,073
1,9809998 B 1303,7942 6759,521 11298,754 13799,316 8214,455 4773,5454 S 2347,6248 2235,1619 12841,146 3721,2854 11512,721 8769,073
1,9810001 B 1303,7942 6759,521 11298,754 13799,316 8214,455 4773,5454 S 2347,6248 2235,1619 12841,146 3721,2854 11512,721 8769,073
1,9810005 B 1303,7942 6759,521 11298,754 13799,316 8214,455 4773,5454 S 2347,6248 2235,1619 12841,146 3721,2854 11512,721 8769,073
1,9816823 B 1303,7942 6759,521 11298,754 13799,316 8214,455 4773,5454 S 2347,6248 2235,1619 12841,146 3721,2854 11512,721 8769,073
1,9830002 B 1303,7942 6759,521 11298,754 13799,316 8214,455 4773,5454 S 2347,6248 2235,1619 12841,146 3721,2854 11512,721 8769,073
1,9830002 B 1303,7942 6759,521 11298,754 13799,316 8214,455 4773,5454 S 2347,6248 2235,1619 12841,146 3721,2854 11512,721 8769,073
1,9822999 B 1303,7942 6759,521 11298,754 13799,316 8214,455 4773,5454 S 2347,6248 2235,1619 12841,146 3721,2854 11512,721 8769,073
1,9819996 B 1303,7942 6759,521 11298,754 13799,316 8214,455 4773,5454 S 2347,6248 2235,1619 12841,146 3721,2854 11512,721 8769,073
1,982 B 1303,7942 6759,521 11298,754 13799,316 8214,455 4773,5454 S 2347,6248 2235,1619 12841,146 3721,2854 11512,721 8769,073
1,9820002 B 1303,7942 6759,521 11298,754 13799,316 8214,455 4773,5454 S 2347,6248 2235,1619 12841,146 3721,2854 11512,721 8769,073
1,9822581 B 1303,7942 6759,521 11298,754 13799,316 8214,455 4773,5454 S 2347,6248 2235,1619 12841,146 3721,2854 11512,721 8769,073
1,9841472 B 1303,7942 6759,521 11298,754 13799,316 8214,455 4773,5454 S 2347,6248 2235,1619 12841,146 3721,2854 11512,721 8769,073
1,9860002 B 1303,7942 6759,521 11298,754 13799,316 8214,455 4773,5454 S 2347,6248 2235,1619 12841,146 3721,2854 11512,721 8769,073
1,9860003 B 1303,7942 6759,521 11298,754 13799,316 8214,455 4773,5454 S 2347,6248 2235,1619 12841,146 3721,2854 11512,721 8769,073
1,9860001 B 1303,7942 6759,521 11298,754 13799,316 8214,455 4773,5454 S 2347,6248 2235,1619 12841,146 3721,2854 11512,721 8769,073
1,986 B 1303,7942 6759,521 11298,754 13799,316 8214,455 4773,5454 S 2347,6248 2235,1619 12841,146 3721,2854 11512,721 8769,073
1,9868076 B 1303,7942 6759,521 11298,754 13799,316 8214,455 4773,5454 S 2347,6248 2235,1619 12841,146 3721,2854 11512,721 8769,073
1,9869999 B 1303,7942 6759,521 11298,754 13799,316 8214,455 4773,5454 S 2347,6248 2235,1619 12841,146 3721,2854 11512,721 8769,073
1,986004 B 1303,7942 6759,521 11298,754 13799,316 8214,455 4773,5454 S 2347,6248 2235,1619 12841,146 3721,2854 11512,721 8769,073
1,9859996 B 1303,7942 6759,521 11298,754 13799,316 8214,455 4773,5454 S 2347,6248 2235,1619 12841,146 3721,2854 11512,721 8769,073
1,9860001 B 1303,7942 6759,521 11298,754 13799,316 8214,455 4773,5454 S 2347,6248 2235,1619 12841,146 3721,2854 11512,721 8769,073
1,9840435 B 1303,7942 6759,521 11298,754 13799,316 8214,455 4773,5454 S 2347,6248 2235,1619 12841,146 3721,2854 11512,721 8769,073
1,9845622 B 1303,7942 6759,521 11298,754 13799,316 8214,455 4773,5454 S 2347,6248 2235,1619 12841,146 3721,2854 11512,721 8769,073
1,9860001 B 1303,7942 6759,521 11298,754 13799,316 8214,455 4773,5454 S 2347,6248 2235,1619 12841,146 3721,2854 11512,721 8769,073
1,9863793 B 1303,7942 6759,521 11298,754 13799,316 8214,455 4773,5454 S 2347,6248 2235,1619 12841,146 3721,2854 11512,721 8769,073
1,9869998 B 1303,7942 6759,521 11298,754 13799,316 8214,455 4773,5454 S 2347,6248 2235,1619 12841,146 3721,2854 11512,721 8769,073
1,9869999 B 1303,7942 6759,521 11298,754 13799,316 8214,455 4773,5454 S 2347,6248 2235,1619 12841,146 3721,2854 11512,721 8769,073
1,9870002 B 1303,7942 6759,521 11298,754 13799,316 8214,455 4773,5454 S 2347,6248 2235,1619 12841,146 3721,2854 11512,721 8769,073
1,9869999 B 1303,7942 6759,521 11298,754 13799,316 8214,455 4773,5454 S 2347,6248 2235,1619 12841,146 3721,2854 11512,721 8769,073
1,9870001 B 1303,7942 6759,521 11298,754 13799,316 8214,455 4773,5454 S 2347,6248 2235,1619 12841,146 3721,2854 11512,721 8769,073
1,9875296 B 1303,7942 6759,521 11298,754 13799,316 8214,455 4773,5454 S 2347,6248 2235,1619 12841,146 3721,2854 11512,721 8769,073
1,9880002 B 1303,7942 6759,521 11298,754 13799,316 8214,455 4773,5454 S 2347,6248 2235,1619 12841,146 3721,2854 11512,721 8769,073
1,988 B 1303,7942 6759,521 11298,754 13799,316 8214,455 4773,5454 S 2347,6248 2235,1619 12841,146 3721,2854 11512,721 8769,073
1,9879994 B 1303,7942 6759,521 11298,754 13799,316 8214,455 4773,5454 S 2347,6248 2235,1619 12841,146 3721,2854 11512,721 8769,073
1,9879998 B 1303,7942 6759,521 11298,754 13799,316 8214,455 4773,5454 S 2347,6248 2235,1619 12841,146 3721,2854 11512,721 8769,073
1,9880003 B 1303,7942 6759,521 11298,754 13799,316 8214,455 4773,5454 S 2347,6248 2235,1619 12841,146 3721,2854 11512,721 8769,073
1,9879993 B 1303,7942 6759,521 11298,754 13799,316 8214,455 4773,5454 S 2347,6248 2235,1619 12841,146 3721,2854 11512,721 8769,073
1,9879992 B 1303,7942 6759,521 11298,754 13799,316 8214,455 4773,5454 S 2347,6248 2235,1619 12841,146 3721,2854 11512,721 8769,073
1,9879996 B 1303,7942 6759,521 11298,754 13799,316 8214,455 4773,5454 S 2347,6248 2235,1619 12841,146 3721,2854 11512,721 8769,073
1,9880003 B 1303,7942 6759,521 11298,754 13799,316 8214,455 4773,5454 S 2347,6248 2235,1619 12841,146 3721,2854 11512,721 8769,073
1,9879994 B 1303,7942 6759,521 11298,754 13799,316 8214,455 4773,5454 S 2347,6248 2235,1619 12841,146 3721,2854 11512,721 8769,073
1,9879996 B 1303,7942 6759,521 11298,754 13799,316 8214,455 4773,5454 S 2347,6248 2235,1619 12841,146 3721,2854 11512,721 8769,073
1,9880452 B 1303,7942 6759,521 11298,754 13799,316 8214,455 4773,5454 S 2347,6248 2235,1619 12841,146 3721,2854 11512,721 8769,073
1,9900001 B 1303,7942 6759,521 11298,754 13799,316 8214,455 4773,5454 S 2347,6248 2235,1619 12841,146 3721,2854 11512,721 8769,073
1,9900002 B 1303,7942 6759,521 11298,754 13799,316 8214,455 4773,5454 S 2347,6248 2235,1619 12841,146 3721,2854 11512,721 8769,073
1,9899999 B 1303,7942 6759,521 11298,754 13799,316 8214,455 4773,5454 S 2347,6248 2235,1619 12841,146 3721,2854 11512,721 8769,073
1,9900002 B 1303,7942 6759,521 11298,754 13799,316 8214,455 4773,5454 S 2347,6248 2235,1619 12841,146 3721,2854 11512,721 8769,073
1,9900004 B 1303,7942 6759,521 11298,754 13799,316 8214,455 4773,5454 S 2347,6248 2235,1619 12841,146 3721,2854 11512,721 8769,073
1,9900002 B 1303,7942 6759,521 11298,754 13799,316 8214,455 4773,5454 S 2347,6248 2235,1619 12841,146 3721,2854 11512,721 8769,073
1,9900002 B 1303,7942 6759,521 11298,754 13799,316 8214,455 4773,5454 S 2347,6248 2235,1619 12841,146 3721,2854 11512,721 8769,073
1,9903537 B 1303,7942 6759,521 11298,754 13799,316 8214,455 4773,5454 S 2347,6248 2235,1619 12841,146 3721,2854 11512,721 8769,073
1,9899998 B 1303,7942 6759,521 11298,754 13799,316 8214,455 4773,5454 S 2347,6248 2235,1619 12841,146 3721,2854 11512,721 8769,073
1,9899998 B 1303,7942 6759,521 11298,754 13799,316 8214,455 4773,5454 S 2347,6248 2235,1619 12841,146 3721,2854 11512,721 8769,073
1,9900002 B 1303,7942 6759,521 11298,754 13799,316 8214,455 4773,5454 S 2347,6248 2235,1619 12841,146 3721,2854 11512,721 8769,073
1,9900004 B 1303,7942 6759,521 11298,754 13799,316 8214,455 4773,5454 S 2347,6248 2235,1619 12841,146 3721,2854 11512,721 8769,073
1,9900001 B 1303,7942 6759,521 11298,754 13799,316 8214,455 4773,5454 S 2347,6248 2235,1619 12841,146 3721,2854 11512,721 8769,073
1,990395 B 1303,7942 6759,521 11298,754 13799,316 8214,455 4773,5454 S 2347,6248 2235,1619 12841,146 3721,2854 11512,721 8769,073
1,9909997 B 1303,7942 6759,521 11298,754 13799,316 8214,455 4773,5454 S 2347,6248 2235,1619 12841,146 3721,2854 11512,721 8769,073
1,9909998 B 1303,7942 6759,521 11298,754 13799,316 8214,455 4773,5454 S 2347,6248 2235,1619 12841,146 3721,2854 11512,721 8769,073
1,9909999 B 1303,7942 6759,521 11298,754 13799,316 8214,455 4773,5454 S 2347,6248 2235,1619 12841,146 3721,2854 11512,721 8769,073
1,9909997 B 1303,7942 6759,521 11298,754 13799,316 8214,455 4773,5454 S 2347,6248 2235,1619 12841,146 3721,2854 11512,721 8769,073
1,9909995 B 1303,7942 6759,521 11298,754 13799,316 8214,455 4773,5454 S 2347,6248 2235,1619 12841,146 3721,2854 11512,721 8769,073
1,9909992 B 1303,7942 6759,521 11298,754 13799,316 8214,455 4773,5454 S 2347,6248 2235,1619 12841,146 3721,2854 11512,721 8769,073
1,9917523 B 1303,7942 6759,521 11298,754 13799,316 8214,455 4773,5454 S 2347,6248 2235,1619 12841,146 3721,2854 11512,721 8769,073
1,9919997 B 1303,7942 6759,521 11298,754 13799,316 8214,455 4773,5454 S 2347,6248 2235,1619 12841,146 3721,2854 11512,721 8769,073
1,9919997 B 1303,7942 6759,521 11298,754 13799,316 8214,455 4773,5454 S 2347,6248 2235,1619 12841,146 3721,2854 11512,721 8769,073
1,9920006 B 1303,7942 6759,521 11298,754 13799,316 8214,455 4773,5454 S 2347,6248 2235,1619 12841,146 3721,2854 11512,721 8769,073
1,9920001 B 1303,7942 6759,521 11298,754 13799,316 8214,455 4773,5454 S 2347,6248 2235,1619 12841,146 3721,2854 11512,721 8769,073
1,9919999 B 1303,7942 6759,521 11298,754 13799,316 8214,455 4773,5454 S 2347,6248 2235,1619 12841,146 3721,2854 11512,721 8769,073
1,9919997 B 1303,7942 6759,521 11298,754 13799,316 8214,455 4773,5454 S 2347,6248 2235,1619 12841,146 3721,2854 11512,721 8769,073
1,9920003 B 1303,7942 6759,521 11298,754 13799,316 8214,455 4773,5454 S 2347,6248 2235,1619 12841,146 3721,2854 11512,721 8769,073
1,9919999 B 1303,7942 6759,521 11298,754 13799,316 8214,455 4773,5454 S 2347,6248 2235,1619 12841,146 3721,2854 11512,721 8769,073
1,9920001 B 1303,7942 6759,521 11298,754 13799,316 8214,455 4773,5454 S 2347,6248 2235,1619 12841,146 3721,2854 11512,721 8769,073
1,9919997 B 1303,7942 6759,521 11298,754 13799,316 8214,455 4773,5454 S 2347,6248 2235,1619 12841,146 3721,2854 11512,721 8769,073
1,9919999 B 1303,7942 6759,521 11298,754 13799,316 8214,455 4773,5454 S 2347,6248 2235,1619 12841,146 3721,2854 11512,721 8769,073
1,9903083 B 1303,7942 6759,521 11298,754 13799,316 8214,455 4773,5454 S 2347,6248 2235,1619 12841,146 3721,2854 11512,721 8769,073
