1,9780765
1,9850112 B 1775,0153 5588,511 13168,756 7280,5146 7681,395 18145,03 S 1813,5935 7232,216 12536,661 10946,516 4182,9355 9205,811
1,9830004 B 1775,0153 5588,511 13168,756 7280,5146 7681,395 18145,03 S 1813,5935 7232,216 12536,661 10946,516 4182,9355 9205,811
1,9818254 B 1775,0153 5588,511 13168,756 7280,5146 7681,395 18145,03 S 1813,5935 7232,216 12536,661 10946,516 4182,9355 9205,811
1,9809996 B 1775,0153 5588,511 13168,756 7280,5146 7681,395 18145,03 S 1813,5935 7232,216 12536,661 10946,516 4182,9355 9205,811
1,9810004 B 1775,0153 5588,511 13168,756 7280,5146 7681,395 18145,03 S 1813,5935 7232,216 12536,661 10946,516 4182,9355 9205,811
1,980224 B 1775,0153 5588,511 13168,756 7280,5146 7681,395 18145,03 S 1813,5935 7232,216 12536,661 10946,516 4182,9355 9205,811
1,9799997 B 1775,0153 5588,511 13168,756 7280,5146 7681,395 18145,03 S 1813,5935 7232,216 12536,661 10946,516 4182,9355 9205,811
1,9800003 B 1775,0153 5588,511 13168,756 7280,5146 7681,395 18145,03 S 1813,5935 7232,216 12536,661 10946,516 4182,9355 9205,811
1,9797308 B 1775,0153 5588,511 13168,756 7280,5146 7681,395 18145,03 S 1813,5935 7232,216 12536,661 10946,516 4182,9355 9205,811
1,9789997 B 1775,0153 5588,511 13168,756 7280,5146 7681,395 18145,03 S 1813,5935 7232,216 12536,661 10946,516 4182,9355 9205,811
1,9789996 B 1775,0153 5588,511 13168,756 7280,5146 7681,395 18145,03 S 1813,5935 7232,216 12536,661 10946,516 4182,9355 9205,811
1,9790219 B 1775,0153 5588,511 13168,756 7280,5146 7681,395 18145,03 S 1813,5935 7232,216 12536,661 10946,516 4182,9355 9205,811
1,980001 B 1775,0153 5588,511 13168,756 7280,5146 7681,395 18145,03 S 1813,5935 7232,216 12536,661 10946,516 4182,9355 9205,811
1,9799999 B 1775,0153 5588,511 13168,756 7280,5146 7681,395 18145,03 S 1813,5935 7232,216 12536,661 10946,516 4182,9355 9205,811
1,9799997 B 1775,0153 5588,511 13168,756 7280,5146 7681,395 18145,03 S 1813,5935 7232,216 12536,661 10946,516 4182,9355 9205,811
1,9799994 B 1775,0153 5588,511 13168,756 7280,5146 7681,395 18145,03 S 1813,5935 7232,216 12536,661 10946,516 4182,9355 9205,811
1,9797591 B 1775,0153 5588,511 13168,756 7280,5146 7681,395 18145,03 S 1813,5935 7232,216 12536,661 10946,516 4182,9355 9205,811
1,9789997 B 1775,0153 5588,511 13168,756 7280,5146 7681,395 18145,03 S 1813,5935 7232,216 12536,661 10946,516 4182,9355 9205,811
1,9790006 B 1775,0153 5588,511 13168,756 7280,5146 7681,395 18145,03 S 1813,5935 7232,216 12536,661 10946,516 4182,9355 9205,811
1,9790002 B 1775,0153 5588,511 13168,756 7280,5146 7681,395 18145,03 S 1813,5935 7232,216 12536,661 10946,516 4182,9355 9205,811
1,979 B 1775,0153 5588,511 13168,756 7280,5146 7681,395 18145,03 S 1813,5935 7232,216 12536,661 10946,516 4182,9355 9205,811
1,9781404 B 1775,0153 5588,511 13168,756 7280,5146 7681,395 18145,03 S 1813,5935 7232,216 12536,661 10946,516 4182,9355 9205,811
1,978 B 1775,0153 5588,511 13168,756 7280,5146 7681,395 18145,03 S 1813,5935 7232,216 12536,661 10946,516 4182,9355 9205,811
1,9780004 B 1775,0153 5588,511 13168,756 7280,5146 7681,395 18145,03 S 1813,5935 7232,216 12536,661 10946,516 4182,9355 9205,811
1,9779998 B 1775,0153 5588,511 13168,756 7280,5146 7681,395 18145,03 S 1813,5935 7232,216 12536,661 10946,516 4182,9355 9205,811
1,9779999 B 1775,0153 5588,511 13168,756 7280,5146 7681,395 18145,03 S 1813,5935 7232,216 12536,661 10946,516 4182,9355 9205,811
1,978 B 1775,0153 5588,511 13168,756 7280,5146 7681,395 18145,03 S 1813,5935 7232,216 12536,661 10946,516 4182,9355 9205,811
1,9779994 B 1775,0153 5588,511 13168,756 7280,5146 7681,395 18145,03 S 1813,5935 7232,216 12536,661 10946,516 4182,9355 9205,811
1,9763913 B 1775,0153 5588,511 13168,756 7280,5146 7681,395 18145,03 S 1813,5935 7232,216 12536,661 10946,516 4182,9355 9205,811
1,9750001 B 1775,0153 5588,511 13168,756 7280,5146 7681,395 18145,03 S 1813,5935 7232,216 12536,661 10946,516 4182,9355 9205,811
1,9750003 B 1775,0153 5588,511 13168,756 7280,5146 7681,395 18145,03 S 1813,5935 7232,216 12536,661 10946,516 4182,9355 9205,811
1,975 B 1775,0153 5588,511 13168,756 7280,5146 7681,395 18145,03 S 1813,5935 7232,216 12536,661 10946,516 4182,9355 9205,811
1,9749998 B 1775,0153 5588,511 13168,756 7280,5146 7681,395 18145,03 S 1813,5935 7232,216 12536,661 10946,516 4182,9355 9205,811
1,9750001 B 1775,0153 5588,511 13168,756 7280,5146 7681,395 18145,03 S 1813,5935 7232,216 12536,661 10946,516 4182,9355 9205,811
1,9741875 B 1775,0153 5588,511 13168,756 7280,5146 7681,395 18145,03 S 1813,5935 7232,216 12536,661 10946,516 4182,9355 9205,811
1,9740006 B 1775,0153 5588,511 13168,756 7280,5146 7681,395 18145,03 S 1813,5935 7232,216 12536,661 10946,516 4182,9355 9205,811
1,9740001 B 1775,0153 5588,511 13168,756 7280,5146 7681,395 18145,03 S 1813,5935 7232,216 12536,661 10946,516 4182,9355 9205,811
1,9740003 B 1775,0153 5588,511 13168,756 7280,5146 7681,395 18145,03 S 1813,5935 7232,216 12536,661 10946,516 4182,9355 9205,811
1,9740002 B 1775,0153 5588,511 13168,756 7280,5146 7681,395 18145,03 S 1813,5935 7232,216 12536,661 10946,516 4182,9355 9205,811
1,9739997 B 1775,0153 5588,511 13168,756 7280,5146 7681,395 18145,03 S 1813,5935 7232,216 12536,661 10946,516 4182,9355 9205,811
1,9739996 B 1775,0153 5588,511 13168,756 7280,5146 7681,395 18145,03 S 1813,5935 7232,216 12536,661 10946,516 4182,9355 9205,811
1,9739999 B 1775,0153 5588,511 13168,756 7280,5146 7681,395 18145,03 S 1813,5935 7232,216 12536,661 10946,516 4182,9355 9205,811
1,9739997 B 1775,0153 5588,511 13168,756 7280,5146 7681,395 18145,03 S 1813,5935 7232,216 12536,661 10946,516 4182,9355 9205,811
1,9740005 B 1775,0153 5588,511 13168,756 7280,5146 7681,395 18145,03 S 1813,5935 7232,216 12536,661 10946,516 4182,9355 9205,811
1,9740003 B 1775,0153 5588,511 13168,756 7280,5146 7681,395 18145,03 S 1813,5935 7232,216 12536,661 10946,516 4182,9355 9205,811
1,9740005 B 1775,0153 5588,511 13168,756 7280,5146 7681,395 18145,03 S 1813,5935 7232,216 12536,661 10946,516 4182,9355 9205,811
1,9740001 B 1775,0153 5588,511 13168,756 7280,5146 7681,395 18145,03 S 1813,5935 7232,216 12536,661 10946,516 4182,9355 9205,811
1,9740001 B 1775,0153 5588,511 13168,756 7280,5146 7681,395 18145,03 S 1813,5935 7232,216 12536,661 10946,516 4182,9355 9205,811
1,9742484 B 1775,0153 5588,511 13168,756 7280,5146 7681,395 18145,03 S 1813,5935 7232,216 12536,661 10946,516 4182,9355 9205,811
1,9751148 B 1775,0153 5588,511 13168,756 7280,5146 7681,395 18145,03 S 1813,5935 7232,216 12536,661 10946,516 4182,9355 9205,811
1,9770008 B 1775,0153 5588,511 13168,756 7280,5146 7681,395 18145,03 S 1813,5935 7232,216 12536,661 10946,516 4182,9355 9205,811
1,9769996 B 1775,0153 5588,511 13168,756 7280,5146 7681,395 18145,03 S 1813,5935 7232,216 12536,661 10946,516 4182,9355 9205,811
1,9770001 B 1775,0153 5588,511 13168,756 7280,5146 7681,395 18145,03 S 1813,5935 7232,216 12536,661 10946,516 4182,9355 9205,811
1,9769999 B 1775,0153 5588,511 13168,756 7280,5146 7681,395 18145,03 S 1813,5935 7232,216 12536,661 10946,516 4182,9355 9205,811
1,9769998 B 1775,0153 5588,511 13168,756 7280,5146 7681,395 18145,03 S 1813,5935 7232,216 12536,661 10946,516 4182,9355 9205,811
1,9770001 B 1775,0153 5588,511 13168,756 7280,5146 7681,395 18145,03 S 1813,5935 7232,216 12536,661 10946,516 4182,9355 9205,811
1,9762404 B 1775,0153 5588,511 13168,756 7280,5146 7681,395 18145,03 S 1813,5935 7232,216 12536,661 10946,516 4182,9355 9205,811
1,9760007 B 1775,0153 5588,511 13168,756 7280,5146 7681,395 18145,03 S 1813,5935 7232,216 12536,661 10946,516 4182,9355 9205,811
1,9760003 B 1775,0153 5588,511 13168,756 7280,5146 7681,395 18145,03 S 1813,5935 7232,216 12536,661 10946,516 4182,9355 9205,811
1,9749471 B 1775,0153 5588,511 13168,756 7280,5146 7681,395 18145,03 S 1813,5935 7232,216 12536,661 10946,516 4182,9355 9205,811
1,9730856 B 1775,0153 5588,511 13168,756 7280,5146 7681,395 18145,03 S 1813,5935 7232,216 12536,661 10946,516 4182,9355 9205,811
1,9729999 B 1775,0153 5588,511 13168,756 7280,5146 7681,395 18145,03 S 1813,5935 7232,216 12536,661 10946,516 4182,9355 9205,811
1,9729995 B 1775,0153 5588,511 13168,756 7280,5146 7681,395 18145,03 S 1813,5935 7232,216 12536,661 10946,516 4182,9355 9205,811
1,9707601 B 1775,0153 5588,511 13168,756 7280,5146 7681,395 18145,03 S 1813,5935 7232,216 12536,661 10946,516 4182,9355 9205,811
1,9700001 B 1775,0153 5588,511 13168,756 7280,5146 7681,395 18145,03 S 1813,5935 7232,216 12536,661 10946,516 4182,9355 9205,811
1,9699997 B 1775,0153 5588,511 13168,756 7280,5146 7681,395 18145,03 S 1813,5935 7232,216 12536,661 10946,516 4182,9355 9205,811
1,9699999 B 1775,0153 5588,511 13168,756 7280,5146 7681,395 18145,03 S 1813,5935 7232,216 12536,661 10946,516 4182,9355 9205,811
1,9717282 B 1775,0153 5588,511 13168,756 7280,5146 7681,395 18145,03 S 1813,5935 7232,216 12536,661 10946,516 4182,9355 9205,811
1,9731255 B 1775,0153 5588,511 13168,756 7280,5146 7681,395 18145,03 S 1813,5935 7232,216 12536,661 10946,516 4182,9355 9205,811
1,9729996 B 1775,0153 5588,511 13168,756 7280,5146 7681,395 18145,03 S 1813,5935 7232,216 12536,661 10946,516 4182,9355 9205,811
1,9729998 B 1775,0153 5588,511 13168,756 7280,5146 7681,395 18145,03 S 1813,5935 7232,216 12536,661 10946,516 4182,9355 9205,811
1,9730003 B 1775,0153 5588,511 13168,756 7280,5146 7681,395 18145,03 S 1813,5935 7232,216 12536,661 10946,516 4182,9355 9205,811
1,9730004 B 1775,0153 5588,511 13168,756 7280,5146 7681,395 18145,03 S 1813,5935 7232,216 12536,661 10946,516 4182,9355 9205,811
1,9729997 B 1775,0153 5588,511 13168,756 7280,5146 7681,395 18145,03 S 1813,5935 7232,216 12536,661 10946,516 4182,9355 9205,811
1,9729998 B 1775,0153 5588,511 13168,756 7280,5146 7681,395 18145,03 S 1813,5935 7232,216 12536,661 10946,516 4182,9355 9205,811
1,9729999 B 1775,0153 5588,511 13168,756 7280,5146 7681,395 18145,03 S 1813,5935 7232,216 12536,661 10946,516 4182,9355 9205,811
1,9730002 B 1775,0153 5588,511 13168,756 7280,5146 7681,395 18145,03 S 1813,5935 7232,216 12536,661 10946,516 4182,9355 9205,811
1,9729999 B 1775,0153 5588,511 13168,756 7280,5146 7681,395 18145,03 S 1813,5935 7232,216 12536,661 10946,516 4182,9355 9205,811
1,9729996 B 1775,0153 5588,511 13168,756 7280,5146 7681,395 18145,03 S 1813,5935 7232,216 12536,661 10946,516 4182,9355 9205,811
1,9729999 B 1775,0153 5588,511 13168,756 7280,5146 7681,395 18145,03 S 1813,5935 7232,216 12536,661 10946,516 4182,9355 9205,811
1,9751354 B 1775,0153 5588,511 13168,756 7280,5146 7681,395 18145,03 S 1813,5935 7232,216 12536,661 10946,516 4182,9355 9205,811
1,9760004 B 1775,0153 5588,511 13168,756 7280,5146 7681,395 18145,03 S 1813,5935 7232,216 12536,661 10946,516 4182,9355 9205,811
1,9760003 B 1775,0153 5588,511 13168,756 7280,5146 7681,395 18145,03 S 1813,5935 7232,216 12536,661 10946,516 4182,9355 9205,811
1,9760005 B 1775,0153 5588,511 13168,756 7280,5146 7681,395 18145,03 S 1813,5935 7232,216 12536,661 10946,516 4182,9355 9205,811
1,976 B 1775,0153 5588,511 13168,756 7280,5146 7681,395 18145,03 S 1813,5935 7232,216 12536,661 10946,516 4182,9355 9205,811
1,9750425 B 1775,0153 5588,511 13168,756 7280,5146 7681,395 18145,03 S 1813,5935 7232,216 12536,661 10946,516 4182,9355 9205,811
1,9750003 B 1775,0153 5588,511 13168,756 7280,5146 7681,395 18145,03 S 1813,5935 7232,216 12536,661 10946,516 4182,9355 9205,811
1,9750006 B 1775,0153 5588,511 13168,756 7280,5146 7681,395 18145,03 S 1813,5935 7232,216 12536,661 10946,516 4182,9355 9205,811
1,9723341 B 1775,0153 5588,511 13168,756 7280,5146 7681,395 18145,03 S 1813,5935 7232,216 12536,661 10946,516 4182,9355 9205,811
1,9710006 B 1775,0153 5588,511 13168,756 7280,5146 7681,395 18145,03 S 1813,5935 7232,216 12536,661 10946,516 4182,9355 9205,811
1,971 B 1775,0153 5588,511 13168,756 7280,5146 7681,395 18145,03 S 1813,5935 7232,216 12536,661 10946,516 4182,9355 9205,811
1,9709998 B 1775,0153 5588,511 13168,756 7280,5146 7681,395 18145,03 S 1813,5935 7232,216 12536,661 10946,516 4182,9355 9205,811
1,971 B 1775,0153 5588,511 13168,756 7280,5146 7681,395 18145,03 S 1813,5935 7232,216 12536,661 10946,516 4182,9355 9205,811
1,9710002 B 1775,0153 5588,511 13168,756 7280,5146 7681,395 18145,03 S 1813,5935 7232,216 12536,661 10946,516 4182,9355 9205,811
1,9710003 B 1775,0153 5588,511 13168,756 7280,5146 7681,395 18145,03 S 1813,5935 7232,216 12536,661 10946,516 4182,9355 9205,811
1,9710001 B 1775,0153 5588,511 13168,756 7280,5146 7681,395 18145,03 S 1813,5935 7232,216 12536,661 10946,516 4182,9355 9205,811
1,9709992 B 1775,0153 5588,511 13168,756 7280,5146 7681,395 18145,03 S 1813,5935 7232,216 12536,661 10946,516 4182,9355 9205,811
1,9709998 B 1775,0153 5588,511 13168,756 7280,5146 7681,395 18145,03 S 1813,5935 7232,216 12536,661 10946,516 4182,9355 9205,811
1,9710001 B 1775,0153 5588,511 13168,756 7280,5146 7681,395 18145,03 S 1813,5935 7232,216 12536,661 10946,516 4182,9355 9205,811
1,9710002 B 1775,0153 5588,511 13168,756 7280,5146 7681,395 18145,03 S 1813,5935 7232,216 12536,661 10946,516 4182,9355 9205,811
1,9709998 B 1775,0153 5588,511 13168,756 7280,5146 7681,395 18145,03 S 1813,5935 7232,216 12536,661 10946,516 4182,9355 9205,811
1,9710002 B 1775,0153 5588,511 13168,756 7280,5146 7681,395 18145,03 S 1813,5935 7232,216 12536,661 10946,516 4182,9355 9205,811
1,971 B 1775,0153 5588,511 13168,756 7280,5146 7681,395 18145,03 S 1813,5935 7232,216 12536,661 10946,516 4182,9355 9205,811
1,9710004 B 1775,0153 5588,511 13168,756 7280,5146 7681,395 18145,03 S 1813,5935 7232,216 12536,661 10946,516 4182,9355 9205,811
1,9721324 B 1775,0153 5588,511 13168,756 7280,5146 7681,395 18145,03 S 1813,5935 7232,216 12536,661 10946,516 4182,9355 9205,811
1,9729998 B 1775,0153 5588,511 13168,756 7280,5146 7681,395 18145,03 S 1813,5935 7232,216 12536,661 10946,516 4182,9355 9205,811
1,9729992 B 1775,0153 5588,511 13168,756 7280,5146 7681,395 18145,03 S 1813,5935 7232,216 12536,661 10946,516 4182,9355 9205,811
1,9729998 B 1775,0153 5588,511 13168,756 7280,5146 7681,395 18145,03 S 1813,5935 7232,216 12536,661 10946,516 4182,9355 9205,811
1,973656 B 1775,0153 5588,511 13168,756 7280,5146 7681,395 18145,03 S 1813,5935 7232,216 12536,661 10946,516 4182,9355 9205,811
1,9740005 B 1775,0153 5588,511 13168,756 7280,5146 7681,395 18145,03 S 1813,5935 7232,216 12536,661 10946,516 4182,9355 9205,811
1,9739995 B 1775,0153 5588,511 13168,756 7280,5146 7681,395 18145,03 S 1813,5935 7232,216 12536,661 10946,516 4182,9355 9205,811
1,9739996 B 1775,0153 5588,511 13168,756 7280,5146 7681,395 18145,03 S 1813,5935 7232,216 12536,661 10946,516 4182,9355 9205,811
1,9720095 B 1775,0153 5588,511 13168,756 7280,5146 7681,395 18145,03 S 1813,5935 7232,216 12536,661 10946,516 4182,9355 9205,811
1,9709996 B 1775,0153 5588,511 13168,756 7280,5146 7681,395 18145,03 S 1813,5935 7232,216 12536,661 10946,516 4182,9355 9205,811
1,9710001 B 1775,0153 5588,511 13168,756 7280,5146 7681,395 18145,03 S 1813,5935 7232,216 12536,661 10946,516 4182,9355 9205,811
1,9710003 B 1775,0153 5588,511 13168,756 7280,5146 7681,395 18145,03 S 1813,5935 7232,216 12536,661 10946,516 4182,9355 9205,811
1,9710002 B 1775,0153 5588,511 13168,756 7280,5146 7681,395 18145,03 S 1813,5935 7232,216 12536,661 10946,516 4182,9355 9205,811
1,9703349 B 1775,0153 5588,511 13168,756 7280,5146 7681,395 18145,03 S 1813,5935 7232,216 12536,661 10946,516 4182,9355 9205,811
1,9690007 B 1775,0153 5588,511 13168,756 7280,5146 7681,395 18145,03 S 1813,5935 7232,216 12536,661 10946,516 4182,9355 9205,811
1,9689997 B 1775,0153 5588,511 13168,756 7280,5146 7681,395 18145,03 S 1813,5935 7232,216 12536,661 10946,516 4182,9355 9205,811
1,9692541 B 1775,0153 5588,511 13168,756 7280,5146 7681,395 18145,03 S 1813,5935 7232,216 12536,661 10946,516 4182,9355 9205,811
1,9700001 B 1775,0153 5588,511 13168,756 7280,5146 7681,395 18145,03 S 1813,5935 7232,216 12536,661 10946,516 4182,9355 9205,811
1,9700001 B 1775,0153 5588,511 13168,756 7280,5146 7681,395 18145,03 S 1813,5935 7232,216 12536,661 10946,516 4182,9355 9205,811
1,97 B 1775,0153 5588,511 13168,756 7280,5146 7681,395 18145,03 S 1813,5935 7232,216 12536,661 10946,516 4182,9355 9205,811
1,9699998 B 1775,0153 5588,511 13168,756 7280,5146 7681,395 18145,03 S 1813,5935 7232,216 12536,661 10946,516 4182,9355 9205,811
1,9700006 B 1775,0153 5588,511 13168,756 7280,5146 7681,395 18145,03 S 1813,5935 7232,216 12536,661 10946,516 4182,9355 9205,811
1,9699997 B 1775,0153 5588,511 13168,756 7280,5146 7681,395 18145,03 S 1813,5935 7232,216 12536,661 10946,516 4182,9355 9205,811
1,970747 B 1775,0153 5588,511 13168,756 7280,5146 7681,395 18145,03 S 1813,5935 7232,216 12536,661 10946,516 4182,9355 9205,811
1,9709998 B 1775,0153 5588,511 13168,756 7280,5146 7681,395 18145,03 S 1813,5935 7232,216 12536,661 10946,516 4182,9355 9205,811
1,9710729 B 1775,0153 5588,511 13168,756 7280,5146 7681,395 18145,03 S 1813,5935 7232,216 12536,661 10946,516 4182,9355 9205,811
1,9739999 B 1775,0153 5588,511 13168,756 7280,5146 7681,395 18145,03 S 1813,5935 7232,216 12536,661 10946,516 4182,9355 9205,811
1,9740003 B 1775,0153 5588,511 13168,756 7280,5146 7681,395 18145,03 S 1813,5935 7232,216 12536,661 10946,516 4182,9355 9205,811
1,9740006 B 1775,0153 5588,511 13168,756 7280,5146 7681,395 18145,03 S 1813,5935 7232,216 12536,661 10946,516 4182,9355 9205,811
1,9739999 B 1775,0153 5588,511 13168,756 7280,5146 7681,395 18145,03 S 1813,5935 7232,216 12536,661 10946,516 4182,9355 9205,811
1,9740003 B 1775,0153 5588,511 13168,756 7280,5146 7681,395 18145,03 S 1813,5935 7232,216 12536,661 10946,516 4182,9355 9205,811
1,975422 B 1775,0153 5588,511 13168,756 7280,5146 7681,395 18145,03 S 1813,5935 7232,216 12536,661 10946,516 4182,9355 9205,811
1,9760003 B 1775,0153 5588,511 13168,756 7280,5146 7681,395 18145,03 S 1813,5935 7232,216 12536,661 10946,516 4182,9355 9205,811
1,9768475 B 1775,0153 5588,511 13168,756 7280,5146 7681,395 18145,03 S 1813,5935 7232,216 12536,661 10946,516 4182,9355 9205,811
1,9774717 B 1775,0153 5588,511 13168,756 7280,5146 7681,395 18145,03 S 1813,5935 7232,216 12536,661 10946,516 4182,9355 9205,811
1,9780002 B 1775,0153 5588,511 13168,756 7280,5146 7681,395 18145,03 S 1813,5935 7232,216 12536,661 10946,516 4182,9355 9205,811
1,9779996 B 1775,0153 5588,511 13168,756 7280,5146 7681,395 18145,03 S 1813,5935 7232,216 12536,661 10946,516 4182,9355 9205,811
1,978 B 1775,0153 5588,511 13168,756 7280,5146 7681,395 18145,03 S 1813,5935 7232,216 12536,661 10946,516 4182,9355 9205,811
1,9780008 B 1775,0153 5588,511 13168,756 7280,5146 7681,395 18145,03 S 1813,5935 7232,216 12536,661 10946,516 4182,9355 9205,811
1,9780002 B 1775,0153 5588,511 13168,756 7280,5146 7681,395 18145,03 S 1813,5935 7232,216 12536,661 10946,516 4182,9355 9205,811
1,9780003 B 1775,0153 5588,511 13168,756 7280,5146 7681,395 18145,03 S 1813,5935 7232,216 12536,661 10946,516 4182,9355 9205,811
1,9780004 B 1775,0153 5588,511 13168,756 7280,5146 7681,395 18145,03 S 1813,5935 7232,216 12536,661 10946,516 4182,9355 9205,811
1,9779999 B 1775,0153 5588,511 13168,756 7280,5146 7681,395 18145,03 S 1813,5935 7232,216 12536,661 10946,516 4182,9355 9205,811
1,9779998 B 1775,0153 5588,511 13168,756 7280,5146 7681,395 18145,03 S 1813,5935 7232,216 12536,661 10946,516 4182,9355 9205,811
1,978001 B 1775,0153 5588,511 13168,756 7280,5146 7681,395 18145,03 S 1813,5935 7232,216 12536,661 10946,516 4182,9355 9205,811
1,978 B 1775,0153 5588,511 13168,756 7280,5146 7681,395 18145,03 S 1813,5935 7232,216 12536,661 10946,516 4182,9355 9205,811
1,9779994 B 1775,0153 5588,511 13168,756 7280,5146 7681,395 18145,03 S 1813,5935 7232,216 12536,661 10946,516 4182,9355 9205,811
1,9779996 B 1775,0153 5588,511 13168,756 7280,5146 7681,395 18145,03 S 1813,5935 7232,216 12536,661 10946,516 4182,9355 9205,811
1,9772842 B 1775,0153 5588,511 13168,756 7280,5146 7681,395 18145,03 S 1813,5935 7232,216 12536,661 10946,516 4182,9355 9205,811
1,9770004 B 1775,0153 5588,511 13168,756 7280,5146 7681,395 18145,03 S 1813,5935 7232,216 12536,661 10946,516 4182,9355 9205,811
1,977 B 1775,0153 5588,511 13168,756 7280,5146 7681,395 18145,03 S 1813,5935 7232,216 12536,661 10946,516 4182,9355 9205,811
1,9770006 B 1775,0153 5588,511 13168,756 7280,5146 7681,395 18145,03 S 1813,5935 7232,216 12536,661 10946,516 4182,9355 9205,811
1,9769994 B 1775,0153 5588,511 13168,756 7280,5146 7681,395 18145,03 S 1813,5935 7232,216 12536,661 10946,516 4182,9355 9205,811
1,9769998 B 1775,0153 5588,511 13168,756 7280,5146 7681,395 18145,03 S 1813,5935 7232,216 12536,661 10946,516 4182,9355 9205,811
1,9769999 B 1775,0153 5588,511 13168,756 7280,5146 7681,395 18145,03 S 1813,5935 7232,216 12536,661 10946,516 4182,9355 9205,811
1,9770001 B 1775,0153 5588,511 13168,756 7280,5146 7681,395 18145,03 S 1813,5935 7232,216 12536,661 10946,516 4182,9355 9205,811
1,9770005 B 1775,0153 5588,511 13168,756 7280,5146 7681,395 18145,03 S 1813,5935 7232,216 12536,661 10946,516 4182,9355 9205,811
1,9769998 B 1775,0153 5588,511 13168,756 7280,5146 7681,395 18145,03 S 1813,5935 7232,216 12536,661 10946,516 4182,9355 9205,811
1,9770001 B 1775,0153 5588,511 13168,756 7280,5146 7681,395 18145,03 S 1813,5935 7232,216 12536,661 10946,516 4182,9355 9205,811
1,9770007 B 1775,0153 5588,511 13168,756 7280,5146 7681,395 18145,03 S 1813,5935 7232,216 12536,661 10946,516 4182,9355 9205,811
1,9770001 B 1775,0153 5588,511 13168,756 7280,5146 7681,395 18145,03 S 1813,5935 7232,216 12536,661 10946,516 4182,9355 9205,811
1,9769999 B 1775,0153 5588,511 13168,756 7280,5146 7681,395 18145,03 S 1813,5935 7232,216 12536,661 10946,516 4182,9355 9205,811
1,9769996 B 1775,0153 5588,511 13168,756 7280,5146 7681,395 18145,03 S 1813,5935 7232,216 12536,661 10946,516 4182,9355 9205,811
1,9779252 B 1775,0153 5588,511 13168,756 7280,5146 7681,395 18145,03 S 1813,5935 7232,216 12536,661 10946,516 4182,9355 9205,811
1,9780003 B 1775,0153 5588,511 13168,756 7280,5146 7681,395 18145,03 S 1813,5935 7232,216 12536,661 10946,516 4182,9355 9205,811
1,9780774 B 1775,0153 5588,511 13168,756 7280,5146 7681,395 18145,03 S 1813,5935 7232,216 12536,661 10946,516 4182,9355 9205,811
1,9790001 B 1775,0153 5588,511 13168,756 7280,5146 7681,395 18145,03 S 1813,5935 7232,216 12536,661 10946,516 4182,9355 9205,811
1,979376 B 1775,0153 5588,511 13168,756 7280,5146 7681,395 18145,03 S 1813,5935 7232,216 12536,661 10946,516 4182,9355 9205,811
1,9817084 B 1775,0153 5588,511 13168,756 7280,5146 7681,395 18145,03 S 1813,5935 7232,216 12536,661 10946,516 4182,9355 9205,811
1,9818128 B 1775,0153 5588,511 13168,756 7280,5146 7681,395 18145,03 S 1813,5935 7232,216 12536,661 10946,516 4182,9355 9205,811
1,9809998 B 1775,0153 5588,511 13168,756 7280,5146 7681,395 18145,03 S 1813,5935 7232,216 12536,661 10946,516 4182,9355 9205,811
1,98085 B 1775,0153 5588,511 13168,756 7280,5146 7681,395 18145,03 S 1813,5935 7232,216 12536,661 10946,516 4182,9355 9205,811
1,9815068 B 1775,0153 5588,511 13168,756 7280,5146 7681,395 18145,03 S 1813,5935 7232,216 12536,661 10946,516 4182,9355 9205,811
1,9829537 B 1775,0153 5588,511 13168,756 7280,5146 7681,395 18145,03 S 1813,5935 7232,216 12536,661 10946,516 4182,9355 9205,811
1,9819998 B 1775,0153 5588,511 13168,756 7280,5146 7681,395 18145,03 S 1813,5935 7232,216 12536,661 10946,516 4182,9355 9205,811
1,982 B 1775,0153 5588,511 13168,756 7280,5146 7681,395 18145,03 S 1813,5935 7232,216 12536,661 10946,516 4182,9355 9205,811
1,9819995 B 1775,0153 5588,511 13168,756 7280,5146 7681,395 18145,03 S 1813,5935 7232,216 12536,661 10946,516 4182,9355 9205,811
1,982 B 1775,0153 5588,511 13168,756 7280,5146 7681,395 18145,03 S 1813,5935 7232,216 12536,661 10946,516 4182,9355 9205,811
1,9820005 B 1775,0153 5588,511 13168,756 7280,5146 7681,395 18145,03 S 1813,5935 7232,216 12536,661 10946,516 4182,9355 9205,811
1,982 B 1775,0153 5588,511 13168,756 7280,5146 7681,395 18145,03 S 1813,5935 7232,216 12536,661 10946,516 4182,9355 9205,811
1,9819993 B 1775,0153 5588,511 13168,756 7280,5146 7681,395 18145,03 S 1813,5935 7232,216 12536,661 10946,516 4182,9355 9205,811
1,9819998 B 1775,0153 5588,511 13168,756 7280,5146 7681,395 18145,03 S 1813,5935 7232,216 12536,661 10946,516 4182,9355 9205,811
1,982 B 1775,0153 5588,511 13168,756 7280,5146 7681,395 18145,03 S 1813,5935 7232,216 12536,661 10946,516 4182,9355 9205,811
1,9819999 B 1775,0153 5588,511 13168,756 7280,5146 7681,395 18145,03 S 1813,5935 7232,216 12536,661 10946,516 4182,9355 9205,811
1,9819998 B 1775,0153 5588,511 13168,756 7280,5146 7681,395 18145,03 S 1813,5935 7232,216 12536,661 10946,516 4182,9355 9205,811
1,9819995 B 1775,0153 5588,511 13168,756 7280,5146 7681,395 18145,03 S 1813,5935 7232,216 12536,661 10946,516 4182,9355 9205,811
1,9820002 B 1775,0153 5588,511 13168,756 7280,5146 7681,395 18145,03 S 1813,5935 7232,216 12536,661 10946,516 4182,9355 9205,811
1,9820001 B 1775,0153 5588,511 13168,756 7280,5146 7681,395 18145,03 S 1813,5935 7232,216 12536,661 10946,516 4182,9355 9205,811
1,9819999 B 1775,0153 5588,511 13168,756 7280,5146 7681,395 18145,03 S 1813,5935 7232,216 12536,661 10946,516 4182,9355 9205,811
1,9819999 B 1775,0153 5588,511 13168,756 7280,5146 7681,395 18145,03 S 1813,5935 7232,216 12536,661 10946,516 4182,9355 9205,811
1,9819998 B 1775,0153 5588,511 13168,756 7280,5146 7681,395 18145,03 S 1813,5935 7232,216 12536,661 10946,516 4182,9355 9205,811
1,9824437 B 1775,0153 5588,511 13168,756 7280,5146 7681,395 18145,03 S 1813,5935 7232,216 12536,661 10946,516 4182,9355 9205,811
1,9839994 B 1775,0153 5588,511 13168,756 7280,5146 7681,395 18145,03 S 1813,5935 7232,216 12536,661 10946,516 4182,9355 9205,811
1,9849396 B 1775,0153 5588,511 13168,756 7280,5146 7681,395 18145,03 S 1813,5935 7232,216 12536,661 10946,516 4182,9355 9205,811
1,985 B 1775,0153 5588,511 13168,756 7280,5146 7681,395 18145,03 S 1813,5935 7232,216 12536,661 10946,516 4182,9355 9205,811
1,9850003 B 1775,0153 5588,511 13168,756 7280,5146 7681,395 18145,03 S 1813,5935 7232,216 12536,661 10946,516 4182,9355 9205,811
1,9853745 B 1775,0153 5588,511 13168,756 7280,5146 7681,395 18145,03 S 1813,5935 7232,216 12536,661 10946,516 4182,9355 9205,811
1,9859998 B 1775,0153 5588,511 13168,756 7280,5146 7681,395 18145,03 S 1813,5935 7232,216 12536,661 10946,516 4182,9355 9205,811
1,9860004 B 1775,0153 5588,511 13168,756 7280,5146 7681,395 18145,03 S 1813,5935 7232,216 12536,661 10946,516 4182,9355 9205,811
1,9859998 B 1775,0153 5588,511 13168,756 7280,5146 7681,395 18145,03 S 1813,5935 7232,216 12536,661 10946,516 4182,9355 9205,811
1,986 B 1775,0153 5588,511 13168,756 7280,5146 7681,395 18145,03 S 1813,5935 7232,216 12536,661 10946,516 4182,9355 9205,811
1,9859997 B 1775,0153 5588,511 13168,756 7280,5146 7681,395 18145,03 S 1813,5935 7232,216 12536,661 10946,516 4182,9355 9205,811
1,9860001 B 1775,0153 5588,511 13168,756 7280,5146 7681,395 18145,03 S 1813,5935 7232,216 12536,661 10946,516 4182,9355 9205,811
1,9859995 B 1775,0153 5588,511 13168,756 7280,5146 7681,395 18145,03 S 1813,5935 7232,216 12536,661 10946,516 4182,9355 9205,811
1,9859998 B 1775,0153 5588,511 13168,756 7280,5146 7681,395 18145,03 S 1813,5935 7232,216 12536,661 10946,516 4182,9355 9205,811
1,986 B 1775,0153 5588,511 13168,756 7280,5146 7681,395 18145,03 S 1813,5935 7232,216 12536,661 10946,516 4182,9355 9205,811
1,9867954 B 1775,0153 5588,511 13168,756 7280,5146 7681,395 18145,03 S 1813,5935 7232,216 12536,661 10946,516 4182,9355 9205,811
1,987 B 1775,0153 5588,511 13168,756 7280,5146 7681,395 18145,03 S 1813,5935 7232,216 12536,661 10946,516 4182,9355 9205,811
1,9887168 B 1775,0153 5588,511 13168,756 7280,5146 7681,395 18145,03 S 1813,5935 7232,216 12536,661 10946,516 4182,9355 9205,811
1,9890002 B 1775,0153 5588,511 13168,756 7280,5146 7681,395 18145,03 S 1813,5935 7232,216 12536,661 10946,516 4182,9355 9205,811
1,9889996 B 1775,0153 5588,511 13168,756 7280,5146 7681,395 18145,03 S 1813,5935 7232,216 12536,661 10946,516 4182,9355 9205,811
1,9890001 B 1775,0153 5588,511 13168,756 7280,5146 7681,395 18145,03 S 1813,5935 7232,216 12536,661 10946,516 4182,9355 9205,811
1,9890457 B 1775,0153 5588,511 13168,756 7280,5146 7681,395 18145,03 S 1813,5935 7232,216 12536,661 10946,516 4182,9355 9205,811
1,9900008 B 1775,0153 5588,511 13168,756 7280,5146 7681,395 18145,03 S 1813,5935 7232,216 12536,661 10946,516 4182,9355 9205,811
1,9900004 B 1775,0153 5588,511 13168,756 7280,5146 7681,395 18145,03 S 1813,5935 7232,216 12536,661 10946,516 4182,9355 9205,811
1,9900004 B 1775,0153 5588,511 13168,756 7280,5146 7681,395 18145,03 S 1813,5935 7232,216 12536,661 10946,516 4182,9355 9205,811
1,9900002 B 1775,0153 5588,511 13168,756 7280,5146 7681,395 18145,03 S 1813,5935 7232,216 12536,661 10946,516 4182,9355 9205,811
1,9900005 B 1775,0153 5588,511 13168,756 7280,5146 7681,395 18145,03 S 1813,5935 7232,216 12536,661 10946,516 4182,9355 9205,811
1,99 B 1775,0153 5588,511 13168,756 7280,5146 7681,395 18145,03 S 1813,5935 7232,216 12536,661 10946,516 4182,9355 9205,811
1,9900004 B 1775,0153 5588,511 13168,756 7280,5146 7681,395 18145,03 S 1813,5935 7232,216 12536,661 10946,516 4182,9355 9205,811
1,9900005 B 1775,0153 5588,511 13168,756 7280,5146 7681,395 18145,03 S 1813,5935 7232,216 12536,661 10946,516 4182,9355 9205,811
1,99 B 1775,0153 5588,511 13168,756 7280,5146 7681,395 18145,03 S 1813,5935 7232,216 12536,661 10946,516 4182,9355 9205,811
1,9899998 B 1775,0153 5588,511 13168,756 7280,5146 7681,395 18145,03 S 1813,5935 7232,216 12536,661 10946,516 4182,9355 9205,811
1,9900002 B 1775,0153 5588,511 13168,756 7280,5146 7681,395 18145,03 S 1813,5935 7232,216 12536,661 10946,516 4182,9355 9205,811
1,9900006 B 1775,0153 5588,511 13168,756 7280,5146 7681,395 18145,03 S 1813,5935 7232,216 12536,661 10946,516 4182,9355 9205,811
1,9900004 B 1775,0153 5588,511 13168,756 7280,5146 7681,395 18145,03 S 1813,5935 7232,216 12536,661 10946,516 4182,9355 9205,811
1,9900004 B 1775,0153 5588,511 13168,756 7280,5146 7681,395 18145,03 S 1813,5935 7232,216 12536,661 10946,516 4182,9355 9205,811
1,9886742 B 1775,0153 5588,511 13168,756 7280,5146 7681,395 18145,03 S 1813,5935 7232,216 12536,661 10946,516 4182,9355 9205,811
1,9869999 B 1775,0153 5588,511 13168,756 7280,5146 7681,395 18145,03 S 1813,5935 7232,216 12536,661 10946,516 4182,9355 9205,811
1,987 B 1775,0153 5588,511 13168,756 7280,5146 7681,395 18145,03 S 1813,5935 7232,216 12536,661 10946,516 4182,9355 9205,811
1,9869999 B 1775,0153 5588,511 13168,756 7280,5146 7681,395 18145,03 S 1813,5935 7232,216 12536,661 10946,516 4182,9355 9205,811
1,9870003 B 1775,0153 5588,511 13168,756 7280,5146 7681,395 18145,03 S 1813,5935 7232,216 12536,661 10946,516 4182,9355 9205,811
1,9870007 B 1775,0153 5588,511 13168,756 7280,5146 7681,395 18145,03 S 1813,5935 7232,216 12536,661 10946,516 4182,9355 9205,811
1,9870002 B 1775,0153 5588,511 13168,756 7280,5146 7681,395 18145,03 S 1813,5935 7232,216 12536,661 10946,516 4182,9355 9205,811
1,9864608 B 1775,0153 5588,511 13168,756 7280,5146 7681,395 18145,03 S 1813,5935 7232,216 12536,661 10946,516 4182,9355 9205,811
1,9860001 B 1775,0153 5588,511 13168,756 7280,5146 7681,395 18145,03 S 1813,5935 7232,216 12536,661 10946,516 4182,9355 9205,811
