1,998861
2,0005276 B 1474,0776 10024,038 19327,697 7876,007 10815,997 10538,297 S 1410,0559 10251,291 10150,182 18694,957 10851,069 746,9937
2 B 1474,0776 10024,038 19327,697 7876,007 10815,997 10538,297 S 1410,0559 10251,291 10150,182 18694,957 10851,069 746,9937
2 B 1474,0776 10024,038 19327,697 7876,007 10815,997 10538,297 S 1410,0559 10251,291 10150,182 18694,957 10851,069 746,9937
2 B 1474,0776 10024,038 19327,697 7876,007 10815,997 10538,297 S 1410,0559 10251,291 10150,182 18694,957 10851,069 746,9937
2 B 1474,0776 10024,038 19327,697 7876,007 10815,997 10538,297 S 1410,0559 10251,291 10150,182 18694,957 10851,069 746,9937
2 B 1474,0776 10024,038 19327,697 7876,007 10815,997 10538,297 S 1410,0559 10251,291 10150,182 18694,957 10851,069 746,9937
2 B 1474,0776 10024,038 19327,697 7876,007 10815,997 10538,297 S 1410,0559 10251,291 10150,182 18694,957 10851,069 746,9937
2,0004742 B 1474,0776 10024,038 19327,697 7876,007 10815,997 10538,297 S 1410,0559 10251,291 10150,182 18694,957 10851,069 746,9937
2,0005784 B 1474,0776 10024,038 19327,697 7876,007 10815,997 10538,297 S 1410,0559 10251,291 10150,182 18694,957 10851,069 746,9937
2 B 1474,0776 10024,038 19327,697 7876,007 10815,997 10538,297 S 1410,0559 10251,291 10150,182 18694,957 10851,069 746,9937
2 B 1474,0776 10024,038 19327,697 7876,007 10815,997 10538,297 S 1410,0559 10251,291 10150,182 18694,957 10851,069 746,9937
2 B 1474,0776 10024,038 19327,697 7876,007 10815,997 10538,297 S 1410,0559 10251,291 10150,182 18694,957 10851,069 746,9937
2 B 1474,0776 10024,038 19327,697 7876,007 10815,997 10538,297 S 1410,0559 10251,291 10150,182 18694,957 10851,069 746,9937
2 B 1474,0776 10024,038 19327,697 7876,007 10815,997 10538,297 S 1410,0559 10251,291 10150,182 18694,957 10851,069 746,9937
1,9981638 B 1474,0776 10024,038 19327,697 7876,007 10815,997 10538,297 S 1410,0559 10251,291 10150,182 18694,957 10851,069 746,9937
1,9980003 B 1474,0776 10024,038 19327,697 7876,007 10815,997 10538,297 S 1410,0559 10251,291 10150,182 18694,957 10851,069 746,9937
1,9979998 B 1474,0776 10024,038 19327,697 7876,007 10815,997 10538,297 S 1410,0559 10251,291 10150,182 18694,957 10851,069 746,9937
1,998 B 1474,0776 10024,038 19327,697 7876,007 10815,997 10538,297 S 1410,0559 10251,291 10150,182 18694,957 10851,069 746,9937
1,998 B 1474,0776 10024,038 19327,697 7876,007 10815,997 10538,297 S 1410,0559 10251,291 10150,182 18694,957 10851,069 746,9937
1,998 B 1474,0776 10024,038 19327,697 7876,007 10815,997 10538,297 S 1410,0559 10251,291 10150,182 18694,957 10851,069 746,9937
1,998 B 1474,0776 10024,038 19327,697 7876,007 10815,997 10538,297 S 1410,0559 10251,291 10150,182 18694,957 10851,069 746,9937
1,9979999 B 1474,0776 10024,038 19327,697 7876,007 10815,997 10538,297 S 1410,0559 10251,291 10150,182 18694,957 10851,069 746,9937
1,9979997 B 1474,0776 10024,038 19327,697 7876,007 10815,997 10538,297 S 1410,0559 10251,291 10150,182 18694,957 10851,069 746,9937
1,9991615 B 1474,0776 10024,038 19327,697 7876,007 10815,997 10538,297 S 1410,0559 10251,291 10150,182 18694,957 10851,069 746,9937
2,0010004 B 1474,0776 10024,038 19327,697 7876,007 10815,997 10538,297 S 1410,0559 10251,291 10150,182 18694,957 10851,069 746,9937
2,0010002 B 1474,0776 10024,038 19327,697 7876,007 10815,997 10538,297 S 1410,0559 10251,291 10150,182 18694,957 10851,069 746,9937
2,0010002 B 1474,0776 10024,038 19327,697 7876,007 10815,997 10538,297 S 1410,0559 10251,291 10150,182 18694,957 10851,069 746,9937
2,001 B 1474,0776 10024,038 19327,697 7876,007 10815,997 10538,297 S 1410,0559 10251,291 10150,182 18694,957 10851,069 746,9937
2,0010006 B 1474,0776 10024,038 19327,697 7876,007 10815,997 10538,297 S 1410,0559 10251,291 10150,182 18694,957 10851,069 746,9937
2,0009992 B 1474,0776 10024,038 19327,697 7876,007 10815,997 10538,297 S 1410,0559 10251,291 10150,182 18694,957 10851,069 746,9937
2,0010004 B 1474,0776 10024,038 19327,697 7876,007 10815,997 10538,297 S 1410,0559 10251,291 10150,182 18694,957 10851,069 746,9937
2,001 B 1474,0776 10024,038 19327,697 7876,007 10815,997 10538,297 S 1410,0559 10251,291 10150,182 18694,957 10851,069 746,9937
2,00052 B 1474,0776 10024,038 19327,697 7876,007 10815,997 10538,297 S 1410,0559 10251,291 10150,182 18694,957 10851,069 746,9937
2 B 1474,0776 10024,038 19327,697 7876,007 10815,997 10538,297 S 1410,0559 10251,291 10150,182 18694,957 10851,069 746,9937
2 B 1474,0776 10024,038 19327,697 7876,007 10815,997 10538,297 S 1410,0559 10251,291 10150,182 18694,957 10851,069 746,9937
2 B 1474,0776 10024,038 19327,697 7876,007 10815,997 10538,297 S 1410,0559 10251,291 10150,182 18694,957 10851,069 746,9937
2 B 1474,0776 10024,038 19327,697 7876,007 10815,997 10538,297 S 1410,0559 10251,291 10150,182 18694,957 10851,069 746,9937
2 B 1474,0776 10024,038 19327,697 7876,007 10815,997 10538,297 S 1410,0559 10251,291 10150,182 18694,957 10851,069 746,9937
2 B 1474,0776 10024,038 19327,697 7876,007 10815,997 10538,297 S 1410,0559 10251,291 10150,182 18694,957 10851,069 746,9937
2 B 1474,0776 10024,038 19327,697 7876,007 10815,997 10538,297 S 1410,0559 10251,291 10150,182 18694,957 10851,069 746,9937
2 B 1474,0776 10024,038 19327,697 7876,007 10815,997 10538,297 S 1410,0559 10251,291 10150,182 18694,957 10851,069 746,9937
2 B 1474,0776 10024,038 19327,697 7876,007 10815,997 10538,297 S 1410,0559 10251,291 10150,182 18694,957 10851,069 746,9937
1,9999821 B 1474,0776 10024,038 19327,697 7876,007 10815,997 10538,297 S 1410,0559 10251,291 10150,182 18694,957 10851,069 746,9937
1,9969999 B 1474,0776 10024,038 19327,697 7876,007 10815,997 10538,297 S 1410,0559 10251,291 10150,182 18694,957 10851,069 746,9937
1,9965694 B 1474,0776 10024,038 19327,697 7876,007 10815,997 10538,297 S 1410,0559 10251,291 10150,182 18694,957 10851,069 746,9937
1,9970005 B 1474,0776 10024,038 19327,697 7876,007 10815,997 10538,297 S 1410,0559 10251,291 10150,182 18694,957 10851,069 746,9937
1,997498 B 1474,0776 10024,038 19327,697 7876,007 10815,997 10538,297 S 1410,0559 10251,291 10150,182 18694,957 10851,069 746,9937
1,998 B 1474,0776 10024,038 19327,697 7876,007 10815,997 10538,297 S 1410,0559 10251,291 10150,182 18694,957 10851,069 746,9937
1,9979998 B 1474,0776 10024,038 19327,697 7876,007 10815,997 10538,297 S 1410,0559 10251,291 10150,182 18694,957 10851,069 746,9937
1,9993248 B 1474,0776 10024,038 19327,697 7876,007 10815,997 10538,297 S 1410,0559 10251,291 10150,182 18694,957 10851,069 746,9937
2 B 1474,0776 10024,038 19327,697 7876,007 10815,997 10538,297 S 1410,0559 10251,291 10150,182 18694,957 10851,069 746,9937
2 B 1474,0776 10024,038 19327,697 7876,007 10815,997 10538,297 S 1410,0559 10251,291 10150,182 18694,957 10851,069 746,9937
2 B 1474,0776 10024,038 19327,697 7876,007 10815,997 10538,297 S 1410,0559 10251,291 10150,182 18694,957 10851,069 746,9937
2 B 1474,0776 10024,038 19327,697 7876,007 10815,997 10538,297 S 1410,0559 10251,291 10150,182 18694,957 10851,069 746,9937
2 B 1474,0776 10024,038 19327,697 7876,007 10815,997 10538,297 S 1410,0559 10251,291 10150,182 18694,957 10851,069 746,9937
2 B 1474,0776 10024,038 19327,697 7876,007 10815,997 10538,297 S 1410,0559 10251,291 10150,182 18694,957 10851,069 746,9937
2 B 1474,0776 10024,038 19327,697 7876,007 10815,997 10538,297 S 1410,0559 10251,291 10150,182 18694,957 10851,069 746,9937
2 B 1474,0776 10024,038 19327,697 7876,007 10815,997 10538,297 S 1410,0559 10251,291 10150,182 18694,957 10851,069 746,9937
2 B 1474,0776 10024,038 19327,697 7876,007 10815,997 10538,297 S 1410,0559 10251,291 10150,182 18694,957 10851,069 746,9937
2 B 1474,0776 10024,038 19327,697 7876,007 10815,997 10538,297 S 1410,0559 10251,291 10150,182 18694,957 10851,069 746,9937
1,9979594 B 1474,0776 10024,038 19327,697 7876,007 10815,997 10538,297 S 1410,0559 10251,291 10150,182 18694,957 10851,069 746,9937
1,9970003 B 1474,0776 10024,038 19327,697 7876,007 10815,997 10538,297 S 1410,0559 10251,291 10150,182 18694,957 10851,069 746,9937
1,9969945 B 1474,0776 10024,038 19327,697 7876,007 10815,997 10538,297 S 1410,0559 10251,291 10150,182 18694,957 10851,069 746,9937
1,9959999 B 1474,0776 10024,038 19327,697 7876,007 10815,997 10538,297 S 1410,0559 10251,291 10150,182 18694,957 10851,069 746,9937
1,9959998 B 1474,0776 10024,038 19327,697 7876,007 10815,997 10538,297 S 1410,0559 10251,291 10150,182 18694,957 10851,069 746,9937
1,9960353 B 1474,0776 10024,038 19327,697 7876,007 10815,997 10538,297 S 1410,0559 10251,291 10150,182 18694,957 10851,069 746,9937
1,9970012 B 1474,0776 10024,038 19327,697 7876,007 10815,997 10538,297 S 1410,0559 10251,291 10150,182 18694,957 10851,069 746,9937
1,9970005 B 1474,0776 10024,038 19327,697 7876,007 10815,997 10538,297 S 1410,0559 10251,291 10150,182 18694,957 10851,069 746,9937
1,9970003 B 1474,0776 10024,038 19327,697 7876,007 10815,997 10538,297 S 1410,0559 10251,291 10150,182 18694,957 10851,069 746,9937
1,997001 B 1474,0776 10024,038 19327,697 7876,007 10815,997 10538,297 S 1410,0559 10251,291 10150,182 18694,957 10851,069 746,9937
1,9970006 B 1474,0776 10024,038 19327,697 7876,007 10815,997 10538,297 S 1410,0559 10251,291 10150,182 18694,957 10851,069 746,9937
1,9971573 B 1474,0776 10024,038 19327,697 7876,007 10815,997 10538,297 S 1410,0559 10251,291 10150,182 18694,957 10851,069 746,9937
1,9980005 B 1474,0776 10024,038 19327,697 7876,007 10815,997 10538,297 S 1410,0559 10251,291 10150,182 18694,957 10851,069 746,9937
1,9980342 B 1474,0776 10024,038 19327,697 7876,007 10815,997 10538,297 S 1410,0559 10251,291 10150,182 18694,957 10851,069 746,9937
1,9990004 B 1474,0776 10024,038 19327,697 7876,007 10815,997 10538,297 S 1410,0559 10251,291 10150,182 18694,957 10851,069 746,9937
1,9989995 B 1474,0776 10024,038 19327,697 7876,007 10815,997 10538,297 S 1410,0559 10251,291 10150,182 18694,957 10851,069 746,9937
1,9990008 B 1474,0776 10024,038 19327,697 7876,007 10815,997 10538,297 S 1410,0559 10251,291 10150,182 18694,957 10851,069 746,9937
1,999 B 1474,0776 10024,038 19327,697 7876,007 10815,997 10538,297 S 1410,0559 10251,291 10150,182 18694,957 10851,069 746,9937
1,9989998 B 1474,0776 10024,038 19327,697 7876,007 10815,997 10538,297 S 1410,0559 10251,291 10150,182 18694,957 10851,069 746,9937
1,9989997 B 1474,0776 10024,038 19327,697 7876,007 10815,997 10538,297 S 1410,0559 10251,291 10150,182 18694,957 10851,069 746,9937
1,9990007 B 1474,0776 10024,038 19327,697 7876,007 10815,997 10538,297 S 1410,0559 10251,291 10150,182 18694,957 10851,069 746,9937
1,9990004 B 1474,0776 10024,038 19327,697 7876,007 10815,997 10538,297 S 1410,0559 10251,291 10150,182 18694,957 10851,069 746,9937
1,9983331 B 1474,0776 10024,038 19327,697 7876,007 10815,997 10538,297 S 1410,0559 10251,291 10150,182 18694,957 10851,069 746,9937
1,9979999 B 1474,0776 10024,038 19327,697 7876,007 10815,997 10538,297 S 1410,0559 10251,291 10150,182 18694,957 10851,069 746,9937
1,9980005 B 1474,0776 10024,038 19327,697 7876,007 10815,997 10538,297 S 1410,0559 10251,291 10150,182 18694,957 10851,069 746,9937
1,9980003 B 1474,0776 10024,038 19327,697 7876,007 10815,997 10538,297 S 1410,0559 10251,291 10150,182 18694,957 10851,069 746,9937
1,9980004 B 1474,0776 10024,038 19327,697 7876,007 10815,997 10538,297 S 1410,0559 10251,291 10150,182 18694,957 10851,069 746,9937
1,9979997 B 1474,0776 10024,038 19327,697 7876,007 10815,997 10538,297 S 1410,0559 10251,291 10150,182 18694,957 10851,069 746,9937
1,9979998 B 1474,0776 10024,038 19327,697 7876,007 10815,997 10538,297 S 1410,0559 10251,291 10150,182 18694,957 10851,069 746,9937
1,9979998 B 1474,0776 10024,038 19327,697 7876,007 10815,997 10538,297 S 1410,0559 10251,291 10150,182 18694,957 10851,069 746,9937
1,9979997 B 1474,0776 10024,038 19327,697 7876,007 10815,997 10538,297 S 1410,0559 10251,291 10150,182 18694,957 10851,069 746,9937
1,9973142 B 1474,0776 10024,038 19327,697 7876,007 10815,997 10538,297 S 1410,0559 10251,291 10150,182 18694,957 10851,069 746,9937
1,9970006 B 1474,0776 10024,038 19327,697 7876,007 10815,997 10538,297 S 1410,0559 10251,291 10150,182 18694,957 10851,069 746,9937
1,994969 B 1474,0776 10024,038 19327,697 7876,007 10815,997 10538,297 S 1410,0559 10251,291 10150,182 18694,957 10851,069 746,9937
1,9940001 B 1474,0776 10024,038 19327,697 7876,007 10815,997 10538,297 S 1410,0559 10251,291 10150,182 18694,957 10851,069 746,9937
1,9953456 B 1474,0776 10024,038 19327,697 7876,007 10815,997 10538,297 S 1410,0559 10251,291 10150,182 18694,957 10851,069 746,9937
1,9959998 B 1474,0776 10024,038 19327,697 7876,007 10815,997 10538,297 S 1410,0559 10251,291 10150,182 18694,957 10851,069 746,9937
1,9960014 B 1474,0776 10024,038 19327,697 7876,007 10815,997 10538,297 S 1410,0559 10251,291 10150,182 18694,957 10851,069 746,9937
1,9959999 B 1474,0776 10024,038 19327,697 7876,007 10815,997 10538,297 S 1410,0559 10251,291 10150,182 18694,957 10851,069 746,9937
1,9959997 B 1474,0776 10024,038 19327,697 7876,007 10815,997 10538,297 S 1410,0559 10251,291 10150,182 18694,957 10851,069 746,9937
1,9959999 B 1474,0776 10024,038 19327,697 7876,007 10815,997 10538,297 S 1410,0559 10251,291 10150,182 18694,957 10851,069 746,9937
1,9959992 B 1474,0776 10024,038 19327,697 7876,007 10815,997 10538,297 S 1410,0559 10251,291 10150,182 18694,957 10851,069 746,9937
1,9960004 B 1474,0776 10024,038 19327,697 7876,007 10815,997 10538,297 S 1410,0559 10251,291 10150,182 18694,957 10851,069 746,9937
1,9959998 B 1474,0776 10024,038 19327,697 7876,007 10815,997 10538,297 S 1410,0559 10251,291 10150,182 18694,957 10851,069 746,9937
1,9959999 B 1474,0776 10024,038 19327,697 7876,007 10815,997 10538,297 S 1410,0559 10251,291 10150,182 18694,957 10851,069 746,9937
1,9959997 B 1474,0776 10024,038 19327,697 7876,007 10815,997 10538,297 S 1410,0559 10251,291 10150,182 18694,957 10851,069 746,9937
1,9959996 B 1474,0776 10024,038 19327,697 7876,007 10815,997 10538,297 S 1410,0559 10251,291 10150,182 18694,957 10851,069 746,9937
1,9960004 B 1474,0776 10024,038 19327,697 7876,007 10815,997 10538,297 S 1410,0559 10251,291 10150,182 18694,957 10851,069 746,9937
1,996 B 1474,0776 10024,038 19327,697 7876,007 10815,997 10538,297 S 1410,0559 10251,291 10150,182 18694,957 10851,069 746,9937
1,9959998 B 1474,0776 10024,038 19327,697 7876,007 10815,997 10538,297 S 1410,0559 10251,291 10150,182 18694,957 10851,069 746,9937
1,9959995 B 1474,0776 10024,038 19327,697 7876,007 10815,997 10538,297 S 1410,0559 10251,291 10150,182 18694,957 10851,069 746,9937
1,996 B 1474,0776 10024,038 19327,697 7876,007 10815,997 10538,297 S 1410,0559 10251,291 10150,182 18694,957 10851,069 746,9937
1,9960004 B 1474,0776 10024,038 19327,697 7876,007 10815,997 10538,297 S 1410,0559 10251,291 10150,182 18694,957 10851,069 746,9937
1,9959997 B 1474,0776 10024,038 19327,697 7876,007 10815,997 10538,297 S 1410,0559 10251,291 10150,182 18694,957 10851,069 746,9937
1,996683 B 1474,0776 10024,038 19327,697 7876,007 10815,997 10538,297 S 1410,0559 10251,291 10150,182 18694,957 10851,069 746,9937
1,9979999 B 1474,0776 10024,038 19327,697 7876,007 10815,997 10538,297 S 1410,0559 10251,291 10150,182 18694,957 10851,069 746,9937
1,9979999 B 1474,0776 10024,038 19327,697 7876,007 10815,997 10538,297 S 1410,0559 10251,291 10150,182 18694,957 10851,069 746,9937
1,9979995 B 1474,0776 10024,038 19327,697 7876,007 10815,997 10538,297 S 1410,0559 10251,291 10150,182 18694,957 10851,069 746,9937
1,9980003 B 1474,0776 10024,038 19327,697 7876,007 10815,997 10538,297 S 1410,0559 10251,291 10150,182 18694,957 10851,069 746,9937
1,9980004 B 1474,0776 10024,038 19327,697 7876,007 10815,997 10538,297 S 1410,0559 10251,291 10150,182 18694,957 10851,069 746,9937
1,9979997 B 1474,0776 10024,038 19327,697 7876,007 10815,997 10538,297 S 1410,0559 10251,291 10150,182 18694,957 10851,069 746,9937
1,9979999 B 1474,0776 10024,038 19327,697 7876,007 10815,997 10538,297 S 1410,0559 10251,291 10150,182 18694,957 10851,069 746,9937
1,9980004 B 1474,0776 10024,038 19327,697 7876,007 10815,997 10538,297 S 1410,0559 10251,291 10150,182 18694,957 10851,069 746,9937
1,998 B 1474,0776 10024,038 19327,697 7876,007 10815,997 10538,297 S 1410,0559 10251,291 10150,182 18694,957 10851,069 746,9937
1,9979998 B 1474,0776 10024,038 19327,697 7876,007 10815,997 10538,297 S 1410,0559 10251,291 10150,182 18694,957 10851,069 746,9937
1,9979995 B 1474,0776 10024,038 19327,697 7876,007 10815,997 10538,297 S 1410,0559 10251,291 10150,182 18694,957 10851,069 746,9937
1,9980003 B 1474,0776 10024,038 19327,697 7876,007 10815,997 10538,297 S 1410,0559 10251,291 10150,182 18694,957 10851,069 746,9937
1,9979999 B 1474,0776 10024,038 19327,697 7876,007 10815,997 10538,297 S 1410,0559 10251,291 10150,182 18694,957 10851,069 746,9937
1,9979998 B 1474,0776 10024,038 19327,697 7876,007 10815,997 10538,297 S 1410,0559 10251,291 10150,182 18694,957 10851,069 746,9937
1,9980003 B 1474,0776 10024,038 19327,697 7876,007 10815,997 10538,297 S 1410,0559 10251,291 10150,182 18694,957 10851,069 746,9937
1,9979999 B 1474,0776 10024,038 19327,697 7876,007 10815,997 10538,297 S 1410,0559 10251,291 10150,182 18694,957 10851,069 746,9937
1,9979999 B 1474,0776 10024,038 19327,697 7876,007 10815,997 10538,297 S 1410,0559 10251,291 10150,182 18694,957 10851,069 746,9937
1,9979997 B 1474,0776 10024,038 19327,697 7876,007 10815,997 10538,297 S 1410,0559 10251,291 10150,182 18694,957 10851,069 746,9937
1,9980003 B 1474,0776 10024,038 19327,697 7876,007 10815,997 10538,297 S 1410,0559 10251,291 10150,182 18694,957 10851,069 746,9937
1,9979999 B 1474,0776 10024,038 19327,697 7876,007 10815,997 10538,297 S 1410,0559 10251,291 10150,182 18694,957 10851,069 746,9937
1,998 B 1474,0776 10024,038 19327,697 7876,007 10815,997 10538,297 S 1410,0559 10251,291 10150,182 18694,957 10851,069 746,9937
1,9980004 B 1474,0776 10024,038 19327,697 7876,007 10815,997 10538,297 S 1410,0559 10251,291 10150,182 18694,957 10851,069 746,9937
1,9980003 B 1474,0776 10024,038 19327,697 7876,007 10815,997 10538,297 S 1410,0559 10251,291 10150,182 18694,957 10851,069 746,9937
1,9980003 B 1474,0776 10024,038 19327,697 7876,007 10815,997 10538,297 S 1410,0559 10251,291 10150,182 18694,957 10851,069 746,9937
1,9980006 B 1474,0776 10024,038 19327,697 7876,007 10815,997 10538,297 S 1410,0559 10251,291 10150,182 18694,957 10851,069 746,9937
1,9972743 B 1474,0776 10024,038 19327,697 7876,007 10815,997 10538,297 S 1410,0559 10251,291 10150,182 18694,957 10851,069 746,9937
1,9970012 B 1474,0776 10024,038 19327,697 7876,007 10815,997 10538,297 S 1410,0559 10251,291 10150,182 18694,957 10851,069 746,9937
1,9970005 B 1474,0776 10024,038 19327,697 7876,007 10815,997 10538,297 S 1410,0559 10251,291 10150,182 18694,957 10851,069 746,9937
1,9970003 B 1474,0776 10024,038 19327,697 7876,007 10815,997 10538,297 S 1410,0559 10251,291 10150,182 18694,957 10851,069 746,9937
1,9968668 B 1474,0776 10024,038 19327,697 7876,007 10815,997 10538,297 S 1410,0559 10251,291 10150,182 18694,957 10851,069 746,9937
1,9950002 B 1474,0776 10024,038 19327,697 7876,007 10815,997 10538,297 S 1410,0559 10251,291 10150,182 18694,957 10851,069 746,9937
1,9950005 B 1474,0776 10024,038 19327,697 7876,007 10815,997 10538,297 S 1410,0559 10251,291 10150,182 18694,957 10851,069 746,9937
1,9950004 B 1474,0776 10024,038 19327,697 7876,007 10815,997 10538,297 S 1410,0559 10251,291 10150,182 18694,957 10851,069 746,9937
1,9950006 B 1474,0776 10024,038 19327,697 7876,007 10815,997 10538,297 S 1410,0559 10251,291 10150,182 18694,957 10851,069 746,9937
1,9950004 B 1474,0776 10024,038 19327,697 7876,007 10815,997 10538,297 S 1410,0559 10251,291 10150,182 18694,957 10851,069 746,9937
1,995 B 1474,0776 10024,038 19327,697 7876,007 10815,997 10538,297 S 1410,0559 10251,291 10150,182 18694,957 10851,069 746,9937
1,9950001 B 1474,0776 10024,038 19327,697 7876,007 10815,997 10538,297 S 1410,0559 10251,291 10150,182 18694,957 10851,069 746,9937
1,9950001 B 1474,0776 10024,038 19327,697 7876,007 10815,997 10538,297 S 1410,0559 10251,291 10150,182 18694,957 10851,069 746,9937
1,9950002 B 1474,0776 10024,038 19327,697 7876,007 10815,997 10538,297 S 1410,0559 10251,291 10150,182 18694,957 10851,069 746,9937
1,9949998 B 1474,0776 10024,038 19327,697 7876,007 10815,997 10538,297 S 1410,0559 10251,291 10150,182 18694,957 10851,069 746,9937
1,9950004 B 1474,0776 10024,038 19327,697 7876,007 10815,997 10538,297 S 1410,0559 10251,291 10150,182 18694,957 10851,069 746,9937
1,9950004 B 1474,0776 10024,038 19327,697 7876,007 10815,997 10538,297 S 1410,0559 10251,291 10150,182 18694,957 10851,069 746,9937
1,9950002 B 1474,0776 10024,038 19327,697 7876,007 10815,997 10538,297 S 1410,0559 10251,291 10150,182 18694,957 10851,069 746,9937
1,995 B 1474,0776 10024,038 19327,697 7876,007 10815,997 10538,297 S 1410,0559 10251,291 10150,182 18694,957 10851,069 746,9937
1,9949995 B 1474,0776 10024,038 19327,697 7876,007 10815,997 10538,297 S 1410,0559 10251,291 10150,182 18694,957 10851,069 746,9937
1,9949998 B 1474,0776 10024,038 19327,697 7876,007 10815,997 10538,297 S 1410,0559 10251,291 10150,182 18694,957 10851,069 746,9937
1,996823 B 1474,0776 10024,038 19327,697 7876,007 10815,997 10538,297 S 1410,0559 10251,291 10150,182 18694,957 10851,069 746,9937
1,9970006 B 1474,0776 10024,038 19327,697 7876,007 10815,997 10538,297 S 1410,0559 10251,291 10150,182 18694,957 10851,069 746,9937
1,9970008 B 1474,0776 10024,038 19327,697 7876,007 10815,997 10538,297 S 1410,0559 10251,291 10150,182 18694,957 10851,069 746,9937
1,9970013 B 1474,0776 10024,038 19327,697 7876,007 10815,997 10538,297 S 1410,0559 10251,291 10150,182 18694,957 10851,069 746,9937
1,9970009 B 1474,0776 10024,038 19327,697 7876,007 10815,997 10538,297 S 1410,0559 10251,291 10150,182 18694,957 10851,069 746,9937
1,997001 B 1474,0776 10024,038 19327,697 7876,007 10815,997 10538,297 S 1410,0559 10251,291 10150,182 18694,957 10851,069 746,9937
1,9970009 B 1474,0776 10024,038 19327,697 7876,007 10815,997 10538,297 S 1410,0559 10251,291 10150,182 18694,957 10851,069 746,9937
1,9970009 B 1474,0776 10024,038 19327,697 7876,007 10815,997 10538,297 S 1410,0559 10251,291 10150,182 18694,957 10851,069 746,9937
1,9970003 B 1474,0776 10024,038 19327,697 7876,007 10815,997 10538,297 S 1410,0559 10251,291 10150,182 18694,957 10851,069 746,9937
1,9970005 B 1474,0776 10024,038 19327,697 7876,007 10815,997 10538,297 S 1410,0559 10251,291 10150,182 18694,957 10851,069 746,9937
1,9970003 B 1474,0776 10024,038 19327,697 7876,007 10815,997 10538,297 S 1410,0559 10251,291 10150,182 18694,957 10851,069 746,9937
1,9980024 B 1474,0776 10024,038 19327,697 7876,007 10815,997 10538,297 S 1410,0559 10251,291 10150,182 18694,957 10851,069 746,9937
2 B 1474,0776 10024,038 19327,697 7876,007 10815,997 10538,297 S 1410,0559 10251,291 10150,182 18694,957 10851,069 746,9937
2 B 1474,0776 10024,038 19327,697 7876,007 10815,997 10538,297 S 1410,0559 10251,291 10150,182 18694,957 10851,069 746,9937
2,0000708 B 1474,0776 10024,038 19327,697 7876,007 10815,997 10538,297 S 1410,0559 10251,291 10150,182 18694,957 10851,069 746,9937
2,001 B 1474,0776 10024,038 19327,697 7876,007 10815,997 10538,297 S 1410,0559 10251,291 10150,182 18694,957 10851,069 746,9937
2,0010002 B 1474,0776 10024,038 19327,697 7876,007 10815,997 10538,297 S 1410,0559 10251,291 10150,182 18694,957 10851,069 746,9937
2,001 B 1474,0776 10024,038 19327,697 7876,007 10815,997 10538,297 S 1410,0559 10251,291 10150,182 18694,957 10851,069 746,9937
2,0010004 B 1474,0776 10024,038 19327,697 7876,007 10815,997 10538,297 S 1410,0559 10251,291 10150,182 18694,957 10851,069 746,9937
2,0013368 B 1474,0776 10024,038 19327,697 7876,007 10815,997 10538,297 S 1410,0559 10251,291 10150,182 18694,957 10851,069 746,9937
2,0020008 B 1474,0776 10024,038 19327,697 7876,007 10815,997 10538,297 S 1410,0559 10251,291 10150,182 18694,957 10851,069 746,9937
2,0020006 B 1474,0776 10024,038 19327,697 7876,007 10815,997 10538,297 S 1410,0559 10251,291 10150,182 18694,957 10851,069 746,9937
2,0026636 B 1474,0776 10024,038 19327,697 7876,007 10815,997 10538,297 S 1410,0559 10251,291 10150,182 18694,957 10851,069 746,9937
2,0030005 B 1474,0776 10024,038 19327,697 7876,007 10815,997 10538,297 S 1410,0559 10251,291 10150,182 18694,957 10851,069 746,9937
2,0030003 B 1474,0776 10024,038 19327,697 7876,007 10815,997 10538,297 S 1410,0559 10251,291 10150,182 18694,957 10851,069 746,9937
2,0029876 B 1474,0776 10024,038 19327,697 7876,007 10815,997 10538,297 S 1410,0559 10251,291 10150,182 18694,957 10851,069 746,9937
2,0019999 B 1474,0776 10024,038 19327,697 7876,007 10815,997 10538,297 S 1410,0559 10251,291 10150,182 18694,957 10851,069 746,9937
2,0020006 B 1474,0776 10024,038 19327,697 7876,007 10815,997 10538,297 S 1410,0559 10251,291 10150,182 18694,957 10851,069 746,9937
2,0019999 B 1474,0776 10024,038 19327,697 7876,007 10815,997 10538,297 S 1410,0559 10251,291 10150,182 18694,957 10851,069 746,9937
2,0020006 B 1474,0776 10024,038 19327,697 7876,007 10815,997 10538,297 S 1410,0559 10251,291 10150,182 18694,957 10851,069 746,9937
2,0019999 B 1474,0776 10024,038 19327,697 7876,007 10815,997 10538,297 S 1410,0559 10251,291 10150,182 18694,957 10851,069 746,9937
2,0020006 B 1474,0776 10024,038 19327,697 7876,007 10815,997 10538,297 S 1410,0559 10251,291 10150,182 18694,957 10851,069 746,9937
2,002 B 1474,0776 10024,038 19327,697 7876,007 10815,997 10538,297 S 1410,0559 10251,291 10150,182 18694,957 10851,069 746,9937
2,0019999 B 1474,0776 10024,038 19327,697 7876,007 10815,997 10538,297 S 1410,0559 10251,291 10150,182 18694,957 10851,069 746,9937
2,0019999 B 1474,0776 10024,038 19327,697 7876,007 10815,997 10538,297 S 1410,0559 10251,291 10150,182 18694,957 10851,069 746,9937
2,0019999 B 1474,0776 10024,038 19327,697 7876,007 10815,997 10538,297 S 1410,0559 10251,291 10150,182 18694,957 10851,069 746,9937
2,0020003 B 1474,0776 10024,038 19327,697 7876,007 10815,997 10538,297 S 1410,0559 10251,291 10150,182 18694,957 10851,069 746,9937
2,002 B 1474,0776 10024,038 19327,697 7876,007 10815,997 10538,297 S 1410,0559 10251,291 10150,182 18694,957 10851,069 746,9937
2,0020006 B 1474,0776 10024,038 19327,697 7876,007 10815,997 10538,297 S 1410,0559 10251,291 10150,182 18694,957 10851,069 746,9937
2,0019999 B 1474,0776 10024,038 19327,697 7876,007 10815,997 10538,297 S 1410,0559 10251,291 10150,182 18694,957 10851,069 746,9937
2,0025535 B 1474,0776 10024,038 19327,697 7876,007 10815,997 10538,297 S 1410,0559 10251,291 10150,182 18694,957 10851,069 746,9937
2,0029995 B 1474,0776 10024,038 19327,697 7876,007 10815,997 10538,297 S 1410,0559 10251,291 10150,182 18694,957 10851,069 746,9937
2,0030005 B 1474,0776 10024,038 19327,697 7876,007 10815,997 10538,297 S 1410,0559 10251,291 10150,182 18694,957 10851,069 746,9937
2,0030003 B 1474,0776 10024,038 19327,697 7876,007 10815,997 10538,297 S 1410,0559 10251,291 10150,182 18694,957 10851,069 746,9937
2,0030005 B 1474,0776 10024,038 19327,697 7876,007 10815,997 10538,297 S 1410,0559 10251,291 10150,182 18694,957 10851,069 746,9937
2,0024366 B 1474,0776 10024,038 19327,697 7876,007 10815,997 10538,297 S 1410,0559 10251,291 10150,182 18694,957 10851,069 746,9937
2,0019996 B 1474,0776 10024,038 19327,697 7876,007 10815,997 10538,297 S 1410,0559 10251,291 10150,182 18694,957 10851,069 746,9937
2,0019999 B 1474,0776 10024,038 19327,697 7876,007 10815,997 10538,297 S 1410,0559 10251,291 10150,182 18694,957 10851,069 746,9937
2,001222 B 1474,0776 10024,038 19327,697 7876,007 10815,997 10538,297 S 1410,0559 10251,291 10150,182 18694,957 10851,069 746,9937
2,0009997 B 1474,0776 10024,038 19327,697 7876,007 10815,997 10538,297 S 1410,0559 10251,291 10150,182 18694,957 10851,069 746,9937
2,001 B 1474,0776 10024,038 19327,697 7876,007 10815,997 10538,297 S 1410,0559 10251,291 10150,182 18694,957 10851,069 746,9937
2,001 B 1474,0776 10024,038 19327,697 7876,007 10815,997 10538,297 S 1410,0559 10251,291 10150,182 18694,957 10851,069 746,9937
2,0009997 B 1474,0776 10024,038 19327,697 7876,007 10815,997 10538,297 S 1410,0559 10251,291 10150,182 18694,957 10851,069 746,9937
2,001 B 1474,0776 10024,038 19327,697 7876,007 10815,997 10538,297 S 1410,0559 10251,291 10150,182 18694,957 10851,069 746,9937
2,0010002 B 1474,0776 10024,038 19327,697 7876,007 10815,997 10538,297 S 1410,0559 10251,291 10150,182 18694,957 10851,069 746,9937
2,0009997 B 1474,0776 10024,038 19327,697 7876,007 10815,997 10538,297 S 1410,0559 10251,291 10150,182 18694,957 10851,069 746,9937
2,0010002 B 1474,0776 10024,038 19327,697 7876,007 10815,997 10538,297 S 1410,0559 10251,291 10150,182 18694,957 10851,069 746,9937
2,0009997 B 1474,0776 10024,038 19327,697 7876,007 10815,997 10538,297 S 1410,0559 10251,291 10150,182 18694,957 10851,069 746,9937
2,0010004 B 1474,0776 10024,038 19327,697 7876,007 10815,997 10538,297 S 1410,0559 10251,291 10150,182 18694,957 10851,069 746,9937
2,0009997 B 1474,0776 10024,038 19327,697 7876,007 10815,997 10538,297 S 1410,0559 10251,291 10150,182 18694,957 10851,069 746,9937
2,0010002 B 1474,0776 10024,038 19327,697 7876,007 10815,997 10538,297 S 1410,0559 10251,291 10150,182 18694,957 10851,069 746,9937
2,0010002 B 1474,0776 10024,038 19327,697 7876,007 10815,997 10538,297 S 1410,0559 10251,291 10150,182 18694,957 10851,069 746,9937
2,0010004 B 1474,0776 10024,038 19327,697 7876,007 10815,997 10538,297 S 1410,0559 10251,291 10150,182 18694,957 10851,069 746,9937
2,0010002 B 1474,0776 10024,038 19327,697 7876,007 10815,997 10538,297 S 1410,0559 10251,291 10150,182 18694,957 10851,069 746,9937
2,0009992 B 1474,0776 10024,038 19327,697 7876,007 10815,997 10538,297 S 1410,0559 10251,291 10150,182 18694,957 10851,069 746,9937
2,0010002 B 1474,0776 10024,038 19327,697 7876,007 10815,997 10538,297 S 1410,0559 10251,291 10150,182 18694,957 10851,069 746,9937
2,0009997 B 1474,0776 10024,038 19327,697 7876,007 10815,997 10538,297 S 1410,0559 10251,291 10150,182 18694,957 10851,069 746,9937
2,001 B 1474,0776 10024,038 19327,697 7876,007 10815,997 10538,297 S 1410,0559 10251,291 10150,182 18694,957 10851,069 746,9937
2,0009997 B 1474,0776 10024,038 19327,697 7876,007 10815,997 10538,297 S 1410,0559 10251,291 10150,182 18694,957 10851,069 746,9937
2,0009997 B 1474,0776 10024,038 19327,697 7876,007 10815,997 10538,297 S 1410,0559 10251,291 10150,182 18694,957 10851,069 746,9937
2,0009995 B 1474,0776 10024,038 19327,697 7876,007 10815,997 10538,297 S 1410,0559 10251,291 10150,182 18694,957 10851,069 746,9937
2,0010002 B 1474,0776 10024,038 19327,697 7876,007 10815,997 10538,297 S 1410,0559 10251,291 10150,182 18694,957 10851,069 746,9937
2,0010002 B 1474,0776 10024,038 19327,697 7876,007 10815,997 10538,297 S 1410,0559 10251,291 10150,182 18694,957 10851,069 746,9937
2,0004263 B 1474,0776 10024,038 19327,697 7876,007 10815,997 10538,297 S 1410,0559 10251,291 10150,182 18694,957 10851,069 746,9937
2 B 1474,0776 10024,038 19327,697 7876,007 10815,997 10538,297 S 1410,0559 10251,291 10150,182 18694,957 10851,069 746,9937
2 B 1474,0776 10024,038 19327,697 7876,007 10815,997 10538,297 S 1410,0559 10251,291 10150,182 18694,957 10851,069 746,9937
2 B 1474,0776 10024,038 19327,697 7876,007 10815,997 10538,297 S 1410,0559 10251,291 10150,182 18694,957 10851,069 746,9937
2 B 1474,0776 10024,038 19327,697 7876,007 10815,997 10538,297 S 1410,0559 10251,291 10150,182 18694,957 10851,069 746,9937
2 B 1474,0776 10024,038 19327,697 7876,007 10815,997 10538,297 S 1410,0559 10251,291 10150,182 18694,957 10851,069 746,9937
