2,0338445
2,0460396 B 2393,9895 21239,037 9528,837 11722,737 14205,785 3148,3293 S 1237,5388 3006,1667 14922,247 10304,119 10724,116 11258,881
2,0450003 B 2393,9895 21239,037 9528,837 11722,737 14205,785 3148,3293 S 1237,5388 3006,1667 14922,247 10304,119 10724,116 11258,881
2,0437353 B 2393,9895 21239,037 9528,837 11722,737 14205,785 3148,3293 S 1237,5388 3006,1667 14922,247 10304,119 10724,116 11258,881
2,0423863 B 2393,9895 21239,037 9528,837 11722,737 14205,785 3148,3293 S 1237,5388 3006,1667 14922,247 10304,119 10724,116 11258,881
2,0406902 B 2393,9895 21239,037 9528,837 11722,737 14205,785 3148,3293 S 1237,5388 3006,1667 14922,247 10304,119 10724,116 11258,881
2,040772 B 2393,9895 21239,037 9528,837 11722,737 14205,785 3148,3293 S 1237,5388 3006,1667 14922,247 10304,119 10724,116 11258,881
2,0419993 B 2393,9895 21239,037 9528,837 11722,737 14205,785 3148,3293 S 1237,5388 3006,1667 14922,247 10304,119 10724,116 11258,881
2,042 B 2393,9895 21239,037 9528,837 11722,737 14205,785 3148,3293 S 1237,5388 3006,1667 14922,247 10304,119 10724,116 11258,881
2,0420463 B 2393,9895 21239,037 9528,837 11722,737 14205,785 3148,3293 S 1237,5388 3006,1667 14922,247 10304,119 10724,116 11258,881
2,0420005 B 2393,9895 21239,037 9528,837 11722,737 14205,785 3148,3293 S 1237,5388 3006,1667 14922,247 10304,119 10724,116 11258,881
2,0419996 B 2393,9895 21239,037 9528,837 11722,737 14205,785 3148,3293 S 1237,5388 3006,1667 14922,247 10304,119 10724,116 11258,881
2,041186 B 2393,9895 21239,037 9528,837 11722,737 14205,785 3148,3293 S 1237,5388 3006,1667 14922,247 10304,119 10724,116 11258,881
2,0410006 B 2393,9895 21239,037 9528,837 11722,737 14205,785 3148,3293 S 1237,5388 3006,1667 14922,247 10304,119 10724,116 11258,881
2,0409997 B 2393,9895 21239,037 9528,837 11722,737 14205,785 3148,3293 S 1237,5388 3006,1667 14922,247 10304,119 10724,116 11258,881
2,042609 B 2393,9895 21239,037 9528,837 11722,737 14205,785 3148,3293 S 1237,5388 3006,1667 14922,247 10304,119 10724,116 11258,881
2,044 B 2393,9895 21239,037 9528,837 11722,737 14205,785 3148,3293 S 1237,5388 3006,1667 14922,247 10304,119 10724,116 11258,881
2,045468 B 2393,9895 21239,037 9528,837 11722,737 14205,785 3148,3293 S 1237,5388 3006,1667 14922,247 10304,119 10724,116 11258,881
2,046 B 2393,9895 21239,037 9528,837 11722,737 14205,785 3148,3293 S 1237,5388 3006,1667 14922,247 10304,119 10724,116 11258,881
2,0453653 B 2393,9895 21239,037 9528,837 11722,737 14205,785 3148,3293 S 1237,5388 3006,1667 14922,247 10304,119 10724,116 11258,881
2,0435634 B 2393,9895 21239,037 9528,837 11722,737 14205,785 3148,3293 S 1237,5388 3006,1667 14922,247 10304,119 10724,116 11258,881
2,042 B 2393,9895 21239,037 9528,837 11722,737 14205,785 3148,3293 S 1237,5388 3006,1667 14922,247 10304,119 10724,116 11258,881
2,0419998 B 2393,9895 21239,037 9528,837 11722,737 14205,785 3148,3293 S 1237,5388 3006,1667 14922,247 10304,119 10724,116 11258,881
2,0419998 B 2393,9895 21239,037 9528,837 11722,737 14205,785 3148,3293 S 1237,5388 3006,1667 14922,247 10304,119 10724,116 11258,881
2,0420003 B 2393,9895 21239,037 9528,837 11722,737 14205,785 3148,3293 S 1237,5388 3006,1667 14922,247 10304,119 10724,116 11258,881
2,0420003 B 2393,9895 21239,037 9528,837 11722,737 14205,785 3148,3293 S 1237,5388 3006,1667 14922,247 10304,119 10724,116 11258,881
2,042 B 2393,9895 21239,037 9528,837 11722,737 14205,785 3148,3293 S 1237,5388 3006,1667 14922,247 10304,119 10724,116 11258,881
2,0419993 B 2393,9895 21239,037 9528,837 11722,737 14205,785 3148,3293 S 1237,5388 3006,1667 14922,247 10304,119 10724,116 11258,881
2,0420003 B 2393,9895 21239,037 9528,837 11722,737 14205,785 3148,3293 S 1237,5388 3006,1667 14922,247 10304,119 10724,116 11258,881
2,0420003 B 2393,9895 21239,037 9528,837 11722,737 14205,785 3148,3293 S 1237,5388 3006,1667 14922,247 10304,119 10724,116 11258,881
2,0420003 B 2393,9895 21239,037 9528,837 11722,737 14205,785 3148,3293 S 1237,5388 3006,1667 14922,247 10304,119 10724,116 11258,881
2,040532 B 2393,9895 21239,037 9528,837 11722,737 14205,785 3148,3293 S 1237,5388 3006,1667 14922,247 10304,119 10724,116 11258,881
2,0390005 B 2393,9895 21239,037 9528,837 11722,737 14205,785 3148,3293 S 1237,5388 3006,1667 14922,247 10304,119 10724,116 11258,881
2,0390003 B 2393,9895 21239,037 9528,837 11722,737 14205,785 3148,3293 S 1237,5388 3006,1667 14922,247 10304,119 10724,116 11258,881
2,0390003 B 2393,9895 21239,037 9528,837 11722,737 14205,785 3148,3293 S 1237,5388 3006,1667 14922,247 10304,119 10724,116 11258,881
2,0390005 B 2393,9895 21239,037 9528,837 11722,737 14205,785 3148,3293 S 1237,5388 3006,1667 14922,247 10304,119 10724,116 11258,881
2,0390003 B 2393,9895 21239,037 9528,837 11722,737 14205,785 3148,3293 S 1237,5388 3006,1667 14922,247 10304,119 10724,116 11258,881
2,0390003 B 2393,9895 21239,037 9528,837 11722,737 14205,785 3148,3293 S 1237,5388 3006,1667 14922,247 10304,119 10724,116 11258,881
2,0390005 B 2393,9895 21239,037 9528,837 11722,737 14205,785 3148,3293 S 1237,5388 3006,1667 14922,247 10304,119 10724,116 11258,881
2,039 B 2393,9895 21239,037 9528,837 11722,737 14205,785 3148,3293 S 1237,5388 3006,1667 14922,247 10304,119 10724,116 11258,881
2,0390005 B 2393,9895 21239,037 9528,837 11722,737 14205,785 3148,3293 S 1237,5388 3006,1667 14922,247 10304,119 10724,116 11258,881
2,0382853 B 2393,9895 21239,037 9528,837 11722,737 14205,785 3148,3293 S 1237,5388 3006,1667 14922,247 10304,119 10724,116 11258,881
2,0381405 B 2393,9895 21239,037 9528,837 11722,737 14205,785 3148,3293 S 1237,5388 3006,1667 14922,247 10304,119 10724,116 11258,881
2,0390007 B 2393,9895 21239,037 9528,837 11722,737 14205,785 3148,3293 S 1237,5388 3006,1667 14922,247 10304,119 10724,116 11258,881
2,0389998 B 2393,9895 21239,037 9528,837 11722,737 14205,785 3148,3293 S 1237,5388 3006,1667 14922,247 10304,119 10724,116 11258,881
2,0390003 B 2393,9895 21239,037 9528,837 11722,737 14205,785 3148,3293 S 1237,5388 3006,1667 14922,247 10304,119 10724,116 11258,881
2,0390005 B 2393,9895 21239,037 9528,837 11722,737 14205,785 3148,3293 S 1237,5388 3006,1667 14922,247 10304,119 10724,116 11258,881
2,0390007 B 2393,9895 21239,037 9528,837 11722,737 14205,785 3148,3293 S 1237,5388 3006,1667 14922,247 10304,119 10724,116 11258,881
2,0390003 B 2393,9895 21239,037 9528,837 11722,737 14205,785 3148,3293 S 1237,5388 3006,1667 14922,247 10304,119 10724,116 11258,881
2,0390007 B 2393,9895 21239,037 9528,837 11722,737 14205,785 3148,3293 S 1237,5388 3006,1667 14922,247 10304,119 10724,116 11258,881
2,0390005 B 2393,9895 21239,037 9528,837 11722,737 14205,785 3148,3293 S 1237,5388 3006,1667 14922,247 10304,119 10724,116 11258,881
2,0375388 B 2393,9895 21239,037 9528,837 11722,737 14205,785 3148,3293 S 1237,5388 3006,1667 14922,247 10304,119 10724,116 11258,881
2,0370004 B 2393,9895 21239,037 9528,837 11722,737 14205,785 3148,3293 S 1237,5388 3006,1667 14922,247 10304,119 10724,116 11258,881
2,0359626 B 2393,9895 21239,037 9528,837 11722,737 14205,785 3148,3293 S 1237,5388 3006,1667 14922,247 10304,119 10724,116 11258,881
2,0350006 B 2393,9895 21239,037 9528,837 11722,737 14205,785 3148,3293 S 1237,5388 3006,1667 14922,247 10304,119 10724,116 11258,881
2,0350008 B 2393,9895 21239,037 9528,837 11722,737 14205,785 3148,3293 S 1237,5388 3006,1667 14922,247 10304,119 10724,116 11258,881
2,035 B 2393,9895 21239,037 9528,837 11722,737 14205,785 3148,3293 S 1237,5388 3006,1667 14922,247 10304,119 10724,116 11258,881
2,035 B 2393,9895 21239,037 9528,837 11722,737 14205,785 3148,3293 S 1237,5388 3006,1667 14922,247 10304,119 10724,116 11258,881
2,0350006 B 2393,9895 21239,037 9528,837 11722,737 14205,785 3148,3293 S 1237,5388 3006,1667 14922,247 10304,119 10724,116 11258,881
2,0350006 B 2393,9895 21239,037 9528,837 11722,737 14205,785 3148,3293 S 1237,5388 3006,1667 14922,247 10304,119 10724,116 11258,881
2,0334427 B 2393,9895 21239,037 9528,837 11722,737 14205,785 3148,3293 S 1237,5388 3006,1667 14922,247 10304,119 10724,116 11258,881
2,033 B 2393,9895 21239,037 9528,837 11722,737 14205,785 3148,3293 S 1237,5388 3006,1667 14922,247 10304,119 10724,116 11258,881
2,0329998 B 2393,9895 21239,037 9528,837 11722,737 14205,785 3148,3293 S 1237,5388 3006,1667 14922,247 10304,119 10724,116 11258,881
2,0322275 B 2393,9895 21239,037 9528,837 11722,737 14205,785 3148,3293 S 1237,5388 3006,1667 14922,247 10304,119 10724,116 11258,881
2,033946 B 2393,9895 21239,037 9528,837 11722,737 14205,785 3148,3293 S 1237,5388 3006,1667 14922,247 10304,119 10724,116 11258,881
2,0350003 B 2393,9895 21239,037 9528,837 11722,737 14205,785 3148,3293 S 1237,5388 3006,1667 14922,247 10304,119 10724,116 11258,881
2,0350008 B 2393,9895 21239,037 9528,837 11722,737 14205,785 3148,3293 S 1237,5388 3006,1667 14922,247 10304,119 10724,116 11258,881
2,0350006 B 2393,9895 21239,037 9528,837 11722,737 14205,785 3148,3293 S 1237,5388 3006,1667 14922,247 10304,119 10724,116 11258,881
2,035 B 2393,9895 21239,037 9528,837 11722,737 14205,785 3148,3293 S 1237,5388 3006,1667 14922,247 10304,119 10724,116 11258,881
2,035 B 2393,9895 21239,037 9528,837 11722,737 14205,785 3148,3293 S 1237,5388 3006,1667 14922,247 10304,119 10724,116 11258,881
2,0349998 B 2393,9895 21239,037 9528,837 11722,737 14205,785 3148,3293 S 1237,5388 3006,1667 14922,247 10304,119 10724,116 11258,881
2,0350008 B 2393,9895 21239,037 9528,837 11722,737 14205,785 3148,3293 S 1237,5388 3006,1667 14922,247 10304,119 10724,116 11258,881
2,0350006 B 2393,9895 21239,037 9528,837 11722,737 14205,785 3148,3293 S 1237,5388 3006,1667 14922,247 10304,119 10724,116 11258,881
2,035 B 2393,9895 21239,037 9528,837 11722,737 14205,785 3148,3293 S 1237,5388 3006,1667 14922,247 10304,119 10724,116 11258,881
2,0350003 B 2393,9895 21239,037 9528,837 11722,737 14205,785 3148,3293 S 1237,5388 3006,1667 14922,247 10304,119 10724,116 11258,881
2,0350003 B 2393,9895 21239,037 9528,837 11722,737 14205,785 3148,3293 S 1237,5388 3006,1667 14922,247 10304,119 10724,116 11258,881
2,035 B 2393,9895 21239,037 9528,837 11722,737 14205,785 3148,3293 S 1237,5388 3006,1667 14922,247 10304,119 10724,116 11258,881
2,0350008 B 2393,9895 21239,037 9528,837 11722,737 14205,785 3148,3293 S 1237,5388 3006,1667 14922,247 10304,119 10724,116 11258,881
2,0349996 B 2393,9895 21239,037 9528,837 11722,737 14205,785 3148,3293 S 1237,5388 3006,1667 14922,247 10304,119 10724,116 11258,881
2,0350006 B 2393,9895 21239,037 9528,837 11722,737 14205,785 3148,3293 S 1237,5388 3006,1667 14922,247 10304,119 10724,116 11258,881
2,0350006 B 2393,9895 21239,037 9528,837 11722,737 14205,785 3148,3293 S 1237,5388 3006,1667 14922,247 10304,119 10724,116 11258,881
2,0349996 B 2393,9895 21239,037 9528,837 11722,737 14205,785 3148,3293 S 1237,5388 3006,1667 14922,247 10304,119 10724,116 11258,881
2,0346522 B 2393,9895 21239,037 9528,837 11722,737 14205,785 3148,3293 S 1237,5388 3006,1667 14922,247 10304,119 10724,116 11258,881
2,0339994 B 2393,9895 21239,037 9528,837 11722,737 14205,785 3148,3293 S 1237,5388 3006,1667 14922,247 10304,119 10724,116 11258,881
2,0340004 B 2393,9895 21239,037 9528,837 11722,737 14205,785 3148,3293 S 1237,5388 3006,1667 14922,247 10304,119 10724,116 11258,881
2,0340002 B 2393,9895 21239,037 9528,837 11722,737 14205,785 3148,3293 S 1237,5388 3006,1667 14922,247 10304,119 10724,116 11258,881
2,0340002 B 2393,9895 21239,037 9528,837 11722,737 14205,785 3148,3293 S 1237,5388 3006,1667 14922,247 10304,119 10724,116 11258,881
2,034 B 2393,9895 21239,037 9528,837 11722,737 14205,785 3148,3293 S 1237,5388 3006,1667 14922,247 10304,119 10724,116 11258,881
2,034128 B 2393,9895 21239,037 9528,837 11722,737 14205,785 3148,3293 S 1237,5388 3006,1667 14922,247 10304,119 10724,116 11258,881
2,035 B 2393,9895 21239,037 9528,837 11722,737 14205,785 3148,3293 S 1237,5388 3006,1667 14922,247 10304,119 10724,116 11258,881
2,0350003 B 2393,9895 21239,037 9528,837 11722,737 14205,785 3148,3293 S 1237,5388 3006,1667 14922,247 10304,119 10724,116 11258,881
2,0349998 B 2393,9895 21239,037 9528,837 11722,737 14205,785 3148,3293 S 1237,5388 3006,1667 14922,247 10304,119 10724,116 11258,881
2,035 B 2393,9895 21239,037 9528,837 11722,737 14205,785 3148,3293 S 1237,5388 3006,1667 14922,247 10304,119 10724,116 11258,881
2,0350006 B 2393,9895 21239,037 9528,837 11722,737 14205,785 3148,3293 S 1237,5388 3006,1667 14922,247 10304,119 10724,116 11258,881
2,035 B 2393,9895 21239,037 9528,837 11722,737 14205,785 3148,3293 S 1237,5388 3006,1667 14922,247 10304,119 10724,116 11258,881
2,034964 B 2393,9895 21239,037 9528,837 11722,737 14205,785 3148,3293 S 1237,5388 3006,1667 14922,247 10304,119 10724,116 11258,881
2,0330005 B 2393,9895 21239,037 9528,837 11722,737 14205,785 3148,3293 S 1237,5388 3006,1667 14922,247 10304,119 10724,116 11258,881
2,0330002 B 2393,9895 21239,037 9528,837 11722,737 14205,785 3148,3293 S 1237,5388 3006,1667 14922,247 10304,119 10724,116 11258,881
2,033 B 2393,9895 21239,037 9528,837 11722,737 14205,785 3148,3293 S 1237,5388 3006,1667 14922,247 10304,119 10724,116 11258,881
2,033 B 2393,9895 21239,037 9528,837 11722,737 14205,785 3148,3293 S 1237,5388 3006,1667 14922,247 10304,119 10724,116 11258,881
2,0330002 B 2393,9895 21239,037 9528,837 11722,737 14205,785 3148,3293 S 1237,5388 3006,1667 14922,247 10304,119 10724,116 11258,881
2,033 B 2393,9895 21239,037 9528,837 11722,737 14205,785 3148,3293 S 1237,5388 3006,1667 14922,247 10304,119 10724,116 11258,881
2,0330005 B 2393,9895 21239,037 9528,837 11722,737 14205,785 3148,3293 S 1237,5388 3006,1667 14922,247 10304,119 10724,116 11258,881
2,0330002 B 2393,9895 21239,037 9528,837 11722,737 14205,785 3148,3293 S 1237,5388 3006,1667 14922,247 10304,119 10724,116 11258,881
2,033 B 2393,9895 21239,037 9528,837 11722,737 14205,785 3148,3293 S 1237,5388 3006,1667 14922,247 10304,119 10724,116 11258,881
2,0330002 B 2393,9895 21239,037 9528,837 11722,737 14205,785 3148,3293 S 1237,5388 3006,1667 14922,247 10304,119 10724,116 11258,881
2,033982 B 2393,9895 21239,037 9528,837 11722,737 14205,785 3148,3293 S 1237,5388 3006,1667 14922,247 10304,119 10724,116 11258,881
2,0359998 B 2393,9895 21239,037 9528,837 11722,737 14205,785 3148,3293 S 1237,5388 3006,1667 14922,247 10304,119 10724,116 11258,881
2,0334399 B 2393,9895 21239,037 9528,837 11722,737 14205,785 3148,3293 S 1237,5388 3006,1667 14922,247 10304,119 10724,116 11258,881
2,0330007 B 2393,9895 21239,037 9528,837 11722,737 14205,785 3148,3293 S 1237,5388 3006,1667 14922,247 10304,119 10724,116 11258,881
2,032945 B 2393,9895 21239,037 9528,837 11722,737 14205,785 3148,3293 S 1237,5388 3006,1667 14922,247 10304,119 10724,116 11258,881
2,0319998 B 2393,9895 21239,037 9528,837 11722,737 14205,785 3148,3293 S 1237,5388 3006,1667 14922,247 10304,119 10724,116 11258,881
2,032 B 2393,9895 21239,037 9528,837 11722,737 14205,785 3148,3293 S 1237,5388 3006,1667 14922,247 10304,119 10724,116 11258,881
2,0319998 B 2393,9895 21239,037 9528,837 11722,737 14205,785 3148,3293 S 1237,5388 3006,1667 14922,247 10304,119 10724,116 11258,881
2,0319998 B 2393,9895 21239,037 9528,837 11722,737 14205,785 3148,3293 S 1237,5388 3006,1667 14922,247 10304,119 10724,116 11258,881
2,0320003 B 2393,9895 21239,037 9528,837 11722,737 14205,785 3148,3293 S 1237,5388 3006,1667 14922,247 10304,119 10724,116 11258,881
2,032 B 2393,9895 21239,037 9528,837 11722,737 14205,785 3148,3293 S 1237,5388 3006,1667 14922,247 10304,119 10724,116 11258,881
2,032 B 2393,9895 21239,037 9528,837 11722,737 14205,785 3148,3293 S 1237,5388 3006,1667 14922,247 10304,119 10724,116 11258,881
2,0319998 B 2393,9895 21239,037 9528,837 11722,737 14205,785 3148,3293 S 1237,5388 3006,1667 14922,247 10304,119 10724,116 11258,881
2,0319998 B 2393,9895 21239,037 9528,837 11722,737 14205,785 3148,3293 S 1237,5388 3006,1667 14922,247 10304,119 10724,116 11258,881
2,032 B 2393,9895 21239,037 9528,837 11722,737 14205,785 3148,3293 S 1237,5388 3006,1667 14922,247 10304,119 10724,116 11258,881
2,032 B 2393,9895 21239,037 9528,837 11722,737 14205,785 3148,3293 S 1237,5388 3006,1667 14922,247 10304,119 10724,116 11258,881
2,031999 B 2393,9895 21239,037 9528,837 11722,737 14205,785 3148,3293 S 1237,5388 3006,1667 14922,247 10304,119 10724,116 11258,881
2,0319993 B 2393,9895 21239,037 9528,837 11722,737 14205,785 3148,3293 S 1237,5388 3006,1667 14922,247 10304,119 10724,116 11258,881
2,032 B 2393,9895 21239,037 9528,837 11722,737 14205,785 3148,3293 S 1237,5388 3006,1667 14922,247 10304,119 10724,116 11258,881
2,0320003 B 2393,9895 21239,037 9528,837 11722,737 14205,785 3148,3293 S 1237,5388 3006,1667 14922,247 10304,119 10724,116 11258,881
2,0320003 B 2393,9895 21239,037 9528,837 11722,737 14205,785 3148,3293 S 1237,5388 3006,1667 14922,247 10304,119 10724,116 11258,881
2,032001 B 2393,9895 21239,037 9528,837 11722,737 14205,785 3148,3293 S 1237,5388 3006,1667 14922,247 10304,119 10724,116 11258,881
2,0320003 B 2393,9895 21239,037 9528,837 11722,737 14205,785 3148,3293 S 1237,5388 3006,1667 14922,247 10304,119 10724,116 11258,881
2,0319998 B 2393,9895 21239,037 9528,837 11722,737 14205,785 3148,3293 S 1237,5388 3006,1667 14922,247 10304,119 10724,116 11258,881
2,032 B 2393,9895 21239,037 9528,837 11722,737 14205,785 3148,3293 S 1237,5388 3006,1667 14922,247 10304,119 10724,116 11258,881
2,0319998 B 2393,9895 21239,037 9528,837 11722,737 14205,785 3148,3293 S 1237,5388 3006,1667 14922,247 10304,119 10724,116 11258,881
2,0319998 B 2393,9895 21239,037 9528,837 11722,737 14205,785 3148,3293 S 1237,5388 3006,1667 14922,247 10304,119 10724,116 11258,881
2,037802 B 2393,9895 21239,037 9528,837 11722,737 14205,785 3148,3293 S 1237,5388 3006,1667 14922,247 10304,119 10724,116 11258,881
2,0380003 B 2393,9895 21239,037 9528,837 11722,737 14205,785 3148,3293 S 1237,5388 3006,1667 14922,247 10304,119 10724,116 11258,881
2,0380008 B 2393,9895 21239,037 9528,837 11722,737 14205,785 3148,3293 S 1237,5388 3006,1667 14922,247 10304,119 10724,116 11258,881
2,0379996 B 2393,9895 21239,037 9528,837 11722,737 14205,785 3148,3293 S 1237,5388 3006,1667 14922,247 10304,119 10724,116 11258,881
2,0379996 B 2393,9895 21239,037 9528,837 11722,737 14205,785 3148,3293 S 1237,5388 3006,1667 14922,247 10304,119 10724,116 11258,881
2,037503 B 2393,9895 21239,037 9528,837 11722,737 14205,785 3148,3293 S 1237,5388 3006,1667 14922,247 10304,119 10724,116 11258,881
2,0369997 B 2393,9895 21239,037 9528,837 11722,737 14205,785 3148,3293 S 1237,5388 3006,1667 14922,247 10304,119 10724,116 11258,881
2,0370004 B 2393,9895 21239,037 9528,837 11722,737 14205,785 3148,3293 S 1237,5388 3006,1667 14922,247 10304,119 10724,116 11258,881
2,0369997 B 2393,9895 21239,037 9528,837 11722,737 14205,785 3148,3293 S 1237,5388 3006,1667 14922,247 10304,119 10724,116 11258,881
2,0370004 B 2393,9895 21239,037 9528,837 11722,737 14205,785 3148,3293 S 1237,5388 3006,1667 14922,247 10304,119 10724,116 11258,881
2,0369997 B 2393,9895 21239,037 9528,837 11722,737 14205,785 3148,3293 S 1237,5388 3006,1667 14922,247 10304,119 10724,116 11258,881
2,0370002 B 2393,9895 21239,037 9528,837 11722,737 14205,785 3148,3293 S 1237,5388 3006,1667 14922,247 10304,119 10724,116 11258,881
2,0379105 B 2393,9895 21239,037 9528,837 11722,737 14205,785 3148,3293 S 1237,5388 3006,1667 14922,247 10304,119 10724,116 11258,881
2,038001 B 2393,9895 21239,037 9528,837 11722,737 14205,785 3148,3293 S 1237,5388 3006,1667 14922,247 10304,119 10724,116 11258,881
2,0379996 B 2393,9895 21239,037 9528,837 11722,737 14205,785 3148,3293 S 1237,5388 3006,1667 14922,247 10304,119 10724,116 11258,881
2,0380008 B 2393,9895 21239,037 9528,837 11722,737 14205,785 3148,3293 S 1237,5388 3006,1667 14922,247 10304,119 10724,116 11258,881
2,0379999 B 2393,9895 21239,037 9528,837 11722,737 14205,785 3148,3293 S 1237,5388 3006,1667 14922,247 10304,119 10724,116 11258,881
2,0380006 B 2393,9895 21239,037 9528,837 11722,737 14205,785 3148,3293 S 1237,5388 3006,1667 14922,247 10304,119 10724,116 11258,881
2,0380006 B 2393,9895 21239,037 9528,837 11722,737 14205,785 3148,3293 S 1237,5388 3006,1667 14922,247 10304,119 10724,116 11258,881
2,0380006 B 2393,9895 21239,037 9528,837 11722,737 14205,785 3148,3293 S 1237,5388 3006,1667 14922,247 10304,119 10724,116 11258,881
2,0350783 B 2393,9895 21239,037 9528,837 11722,737 14205,785 3148,3293 S 1237,5388 3006,1667 14922,247 10304,119 10724,116 11258,881
2,035 B 2393,9895 21239,037 9528,837 11722,737 14205,785 3148,3293 S 1237,5388 3006,1667 14922,247 10304,119 10724,116 11258,881
2,035 B 2393,9895 21239,037 9528,837 11722,737 14205,785 3148,3293 S 1237,5388 3006,1667 14922,247 10304,119 10724,116 11258,881
2,0343199 B 2393,9895 21239,037 9528,837 11722,737 14205,785 3148,3293 S 1237,5388 3006,1667 14922,247 10304,119 10724,116 11258,881
2,034 B 2393,9895 21239,037 9528,837 11722,737 14205,785 3148,3293 S 1237,5388 3006,1667 14922,247 10304,119 10724,116 11258,881
2,0339997 B 2393,9895 21239,037 9528,837 11722,737 14205,785 3148,3293 S 1237,5388 3006,1667 14922,247 10304,119 10724,116 11258,881
2,0340002 B 2393,9895 21239,037 9528,837 11722,737 14205,785 3148,3293 S 1237,5388 3006,1667 14922,247 10304,119 10724,116 11258,881
2,0339699 B 2393,9895 21239,037 9528,837 11722,737 14205,785 3148,3293 S 1237,5388 3006,1667 14922,247 10304,119 10724,116 11258,881
2,0319998 B 2393,9895 21239,037 9528,837 11722,737 14205,785 3148,3293 S 1237,5388 3006,1667 14922,247 10304,119 10724,116 11258,881
2,0316508 B 2393,9895 21239,037 9528,837 11722,737 14205,785 3148,3293 S 1237,5388 3006,1667 14922,247 10304,119 10724,116 11258,881
2,0308387 B 2393,9895 21239,037 9528,837 11722,737 14205,785 3148,3293 S 1237,5388 3006,1667 14922,247 10304,119 10724,116 11258,881
2,0300002 B 2393,9895 21239,037 9528,837 11722,737 14205,785 3148,3293 S 1237,5388 3006,1667 14922,247 10304,119 10724,116 11258,881
2,0300004 B 2393,9895 21239,037 9528,837 11722,737 14205,785 3148,3293 S 1237,5388 3006,1667 14922,247 10304,119 10724,116 11258,881
2,0299995 B 2393,9895 21239,037 9528,837 11722,737 14205,785 3148,3293 S 1237,5388 3006,1667 14922,247 10304,119 10724,116 11258,881
2,03 B 2393,9895 21239,037 9528,837 11722,737 14205,785 3148,3293 S 1237,5388 3006,1667 14922,247 10304,119 10724,116 11258,881
2,0300002 B 2393,9895 21239,037 9528,837 11722,737 14205,785 3148,3293 S 1237,5388 3006,1667 14922,247 10304,119 10724,116 11258,881
2,0299997 B 2393,9895 21239,037 9528,837 11722,737 14205,785 3148,3293 S 1237,5388 3006,1667 14922,247 10304,119 10724,116 11258,881
2,0300002 B 2393,9895 21239,037 9528,837 11722,737 14205,785 3148,3293 S 1237,5388 3006,1667 14922,247 10304,119 10724,116 11258,881
2,031638 B 2393,9895 21239,037 9528,837 11722,737 14205,785 3148,3293 S 1237,5388 3006,1667 14922,247 10304,119 10724,116 11258,881
2,0320005 B 2393,9895 21239,037 9528,837 11722,737 14205,785 3148,3293 S 1237,5388 3006,1667 14922,247 10304,119 10724,116 11258,881
2,0319998 B 2393,9895 21239,037 9528,837 11722,737 14205,785 3148,3293 S 1237,5388 3006,1667 14922,247 10304,119 10724,116 11258,881
2,0311308 B 2393,9895 21239,037 9528,837 11722,737 14205,785 3148,3293 S 1237,5388 3006,1667 14922,247 10304,119 10724,116 11258,881
2,0309994 B 2393,9895 21239,037 9528,837 11722,737 14205,785 3148,3293 S 1237,5388 3006,1667 14922,247 10304,119 10724,116 11258,881
2,0310004 B 2393,9895 21239,037 9528,837 11722,737 14205,785 3148,3293 S 1237,5388 3006,1667 14922,247 10304,119 10724,116 11258,881
2,031 B 2393,9895 21239,037 9528,837 11722,737 14205,785 3148,3293 S 1237,5388 3006,1667 14922,247 10304,119 10724,116 11258,881
2,031 B 2393,9895 21239,037 9528,837 11722,737 14205,785 3148,3293 S 1237,5388 3006,1667 14922,247 10304,119 10724,116 11258,881
2,031 B 2393,9895 21239,037 9528,837 11722,737 14205,785 3148,3293 S 1237,5388 3006,1667 14922,247 10304,119 10724,116 11258,881
2,0309997 B 2393,9895 21239,037 9528,837 11722,737 14205,785 3148,3293 S 1237,5388 3006,1667 14922,247 10304,119 10724,116 11258,881
2,031 B 2393,9895 21239,037 9528,837 11722,737 14205,785 3148,3293 S 1237,5388 3006,1667 14922,247 10304,119 10724,116 11258,881
2,0310004 B 2393,9895 21239,037 9528,837 11722,737 14205,785 3148,3293 S 1237,5388 3006,1667 14922,247 10304,119 10724,116 11258,881
2,0301461 B 2393,9895 21239,037 9528,837 11722,737 14205,785 3148,3293 S 1237,5388 3006,1667 14922,247 10304,119 10724,116 11258,881
2,030026 B 2393,9895 21239,037 9528,837 11722,737 14205,785 3148,3293 S 1237,5388 3006,1667 14922,247 10304,119 10724,116 11258,881
2,0310001 B 2393,9895 21239,037 9528,837 11722,737 14205,785 3148,3293 S 1237,5388 3006,1667 14922,247 10304,119 10724,116 11258,881
2,0310009 B 2393,9895 21239,037 9528,837 11722,737 14205,785 3148,3293 S 1237,5388 3006,1667 14922,247 10304,119 10724,116 11258,881
2,030084 B 2393,9895 21239,037 9528,837 11722,737 14205,785 3148,3293 S 1237,5388 3006,1667 14922,247 10304,119 10724,116 11258,881
2,0298178 B 2393,9895 21239,037 9528,837 11722,737 14205,785 3148,3293 S 1237,5388 3006,1667 14922,247 10304,119 10724,116 11258,881
2,029 B 2393,9895 21239,037 9528,837 11722,737 14205,785 3148,3293 S 1237,5388 3006,1667 14922,247 10304,119 10724,116 11258,881
2,0289998 B 2393,9895 21239,037 9528,837 11722,737 14205,785 3148,3293 S 1237,5388 3006,1667 14922,247 10304,119 10724,116 11258,881
2,0289998 B 2393,9895 21239,037 9528,837 11722,737 14205,785 3148,3293 S 1237,5388 3006,1667 14922,247 10304,119 10724,116 11258,881
2,029 B 2393,9895 21239,037 9528,837 11722,737 14205,785 3148,3293 S 1237,5388 3006,1667 14922,247 10304,119 10724,116 11258,881
2,0289996 B 2393,9895 21239,037 9528,837 11722,737 14205,785 3148,3293 S 1237,5388 3006,1667 14922,247 10304,119 10724,116 11258,881
2,0290005 B 2393,9895 21239,037 9528,837 11722,737 14205,785 3148,3293 S 1237,5388 3006,1667 14922,247 10304,119 10724,116 11258,881
2,0290003 B 2393,9895 21239,037 9528,837 11722,737 14205,785 3148,3293 S 1237,5388 3006,1667 14922,247 10304,119 10724,116 11258,881
2,0289998 B 2393,9895 21239,037 9528,837 11722,737 14205,785 3148,3293 S 1237,5388 3006,1667 14922,247 10304,119 10724,116 11258,881
2,0289998 B 2393,9895 21239,037 9528,837 11722,737 14205,785 3148,3293 S 1237,5388 3006,1667 14922,247 10304,119 10724,116 11258,881
2,0290003 B 2393,9895 21239,037 9528,837 11722,737 14205,785 3148,3293 S 1237,5388 3006,1667 14922,247 10304,119 10724,116 11258,881
2,0289998 B 2393,9895 21239,037 9528,837 11722,737 14205,785 3148,3293 S 1237,5388 3006,1667 14922,247 10304,119 10724,116 11258,881
2,0289998 B 2393,9895 21239,037 9528,837 11722,737 14205,785 3148,3293 S 1237,5388 3006,1667 14922,247 10304,119 10724,116 11258,881
2,0289998 B 2393,9895 21239,037 9528,837 11722,737 14205,785 3148,3293 S 1237,5388 3006,1667 14922,247 10304,119 10724,116 11258,881
2,0289998 B 2393,9895 21239,037 9528,837 11722,737 14205,785 3148,3293 S 1237,5388 3006,1667 14922,247 10304,119 10724,116 11258,881
2,0290003 B 2393,9895 21239,037 9528,837 11722,737 14205,785 3148,3293 S 1237,5388 3006,1667 14922,247 10304,119 10724,116 11258,881
2,0289996 B 2393,9895 21239,037 9528,837 11722,737 14205,785 3148,3293 S 1237,5388 3006,1667 14922,247 10304,119 10724,116 11258,881
2,029 B 2393,9895 21239,037 9528,837 11722,737 14205,785 3148,3293 S 1237,5388 3006,1667 14922,247 10304,119 10724,116 11258,881
2,029 B 2393,9895 21239,037 9528,837 11722,737 14205,785 3148,3293 S 1237,5388 3006,1667 14922,247 10304,119 10724,116 11258,881
2,0285203 B 2393,9895 21239,037 9528,837 11722,737 14205,785 3148,3293 S 1237,5388 3006,1667 14922,247 10304,119 10724,116 11258,881
2,0279996 B 2393,9895 21239,037 9528,837 11722,737 14205,785 3148,3293 S 1237,5388 3006,1667 14922,247 10304,119 10724,116 11258,881
2,028 B 2393,9895 21239,037 9528,837 11722,737 14205,785 3148,3293 S 1237,5388 3006,1667 14922,247 10304,119 10724,116 11258,881
2,0280004 B 2393,9895 21239,037 9528,837 11722,737 14205,785 3148,3293 S 1237,5388 3006,1667 14922,247 10304,119 10724,116 11258,881
2,028 B 2393,9895 21239,037 9528,837 11722,737 14205,785 3148,3293 S 1237,5388 3006,1667 14922,247 10304,119 10724,116 11258,881
2,0279994 B 2393,9895 21239,037 9528,837 11722,737 14205,785 3148,3293 S 1237,5388 3006,1667 14922,247 10304,119 10724,116 11258,881
2,028 B 2393,9895 21239,037 9528,837 11722,737 14205,785 3148,3293 S 1237,5388 3006,1667 14922,247 10304,119 10724,116 11258,881
2,0279136 B 2393,9895 21239,037 9528,837 11722,737 14205,785 3148,3293 S 1237,5388 3006,1667 14922,247 10304,119 10724,116 11258,881
2,0258982 B 2393,9895 21239,037 9528,837 11722,737 14205,785 3148,3293 S 1237,5388 3006,1667 14922,247 10304,119 10724,116 11258,881
2,0249999 B 2393,9895 21239,037 9528,837 11722,737 14205,785 3148,3293 S 1237,5388 3006,1667 14922,247 10304,119 10724,116 11258,881
2,0250006 B 2393,9895 21239,037 9528,837 11722,737 14205,785 3148,3293 S 1237,5388 3006,1667 14922,247 10304,119 10724,116 11258,881
2,0249994 B 2393,9895 21239,037 9528,837 11722,737 14205,785 3148,3293 S 1237,5388 3006,1667 14922,247 10304,119 10724,116 11258,881
2,0249994 B 2393,9895 21239,037 9528,837 11722,737 14205,785 3148,3293 S 1237,5388 3006,1667 14922,247 10304,119 10724,116 11258,881
2,0244877 B 2393,9895 21239,037 9528,837 11722,737 14205,785 3148,3293 S 1237,5388 3006,1667 14922,247 10304,119 10724,116 11258,881
2,0239995 B 2393,9895 21239,037 9528,837 11722,737 14205,785 3148,3293 S 1237,5388 3006,1667 14922,247 10304,119 10724,116 11258,881
2,0232697 B 2393,9895 21239,037 9528,837 11722,737 14205,785 3148,3293 S 1237,5388 3006,1667 14922,247 10304,119 10724,116 11258,881
2,0230002 B 2393,9895 21239,037 9528,837 11722,737 14205,785 3148,3293 S 1237,5388 3006,1667 14922,247 10304,119 10724,116 11258,881
2,023 B 2393,9895 21239,037 9528,837 11722,737 14205,785 3148,3293 S 1237,5388 3006,1667 14922,247 10304,119 10724,116 11258,881
2,0229998 B 2393,9895 21239,037 9528,837 11722,737 14205,785 3148,3293 S 1237,5388 3006,1667 14922,247 10304,119 10724,116 11258,881
2,023 B 2393,9895 21239,037 9528,837 11722,737 14205,785 3148,3293 S 1237,5388 3006,1667 14922,247 10304,119 10724,116 11258,881
2,0230002 B 2393,9895 21239,037 9528,837 11722,737 14205,785 3148,3293 S 1237,5388 3006,1667 14922,247 10304,119 10724,116 11258,881
2,0238929 B 2393,9895 21239,037 9528,837 11722,737 14205,785 3148,3293 S 1237,5388 3006,1667 14922,247 10304,119 10724,116 11258,881
2,0254672 B 2393,9895 21239,037 9528,837 11722,737 14205,785 3148,3293 S 1237,5388 3006,1667 14922,247 10304,119 10724,116 11258,881
2,0270002 B 2393,9895 21239,037 9528,837 11722,737 14205,785 3148,3293 S 1237,5388 3006,1667 14922,247 10304,119 10724,116 11258,881
2,027 B 2393,9895 21239,037 9528,837 11722,737 14205,785 3148,3293 S 1237,5388 3006,1667 14922,247 10304,119 10724,116 11258,881
2,0270002 B 2393,9895 21239,037 9528,837 11722,737 14205,785 3148,3293 S 1237,5388 3006,1667 14922,247 10304,119 10724,116 11258,881
2,027 B 2393,9895 21239,037 9528,837 11722,737 14205,785 3148,3293 S 1237,5388 3006,1667 14922,247 10304,119 10724,116 11258,881
2,0270002 B 2393,9895 21239,037 9528,837 11722,737 14205,785 3148,3293 S 1237,5388 3006,1667 14922,247 10304,119 10724,116 11258,881
2,027 B 2393,9895 21239,037 9528,837 11722,737 14205,785 3148,3293 S 1237,5388 3006,1667 14922,247 10304,119 10724,116 11258,881
2,0270002 B 2393,9895 21239,037 9528,837 11722,737 14205,785 3148,3293 S 1237,5388 3006,1667 14922,247 10304,119 10724,116 11258,881
2,0270007 B 2393,9895 21239,037 9528,837 11722,737 14205,785 3148,3293 S 1237,5388 3006,1667 14922,247 10304,119 10724,116 11258,881
2,0270002 B 2393,9895 21239,037 9528,837 11722,737 14205,785 3148,3293 S 1237,5388 3006,1667 14922,247 10304,119 10724,116 11258,881
2,0269997 B 2393,9895 21239,037 9528,837 11722,737 14205,785 3148,3293 S 1237,5388 3006,1667 14922,247 10304,119 10724,116 11258,881
2,0269995 B 2393,9895 21239,037 9528,837 11722,737 14205,785 3148,3293 S 1237,5388 3006,1667 14922,247 10304,119 10724,116 11258,881
