2,0065103
2,0089993 B 2315,0671 7033,743 14890,053 9029,517 11914,09 710,69324 S 3406,7874 2283,6611 9391,026 12631,036 8091,82 5347,204
2,00887 B 2315,0671 7033,743 14890,053 9029,517 11914,09 710,69324 S 3406,7874 2283,6611 9391,026 12631,036 8091,82 5347,204
2,0065227 B 2315,0671 7033,743 14890,053 9029,517 11914,09 710,69324 S 3406,7874 2283,6611 9391,026 12631,036 8091,82 5347,204
2,0079997 B 2315,0671 7033,743 14890,053 9029,517 11914,09 710,69324 S 3406,7874 2283,6611 9391,026 12631,036 8091,82 5347,204
2,0080004 B 2315,0671 7033,743 14890,053 9029,517 11914,09 710,69324 S 3406,7874 2283,6611 9391,026 12631,036 8091,82 5347,204
2,009 B 2315,0671 7033,743 14890,053 9029,517 11914,09 710,69324 S 3406,7874 2283,6611 9391,026 12631,036 8091,82 5347,204
2,0089993 B 2315,0671 7033,743 14890,053 9029,517 11914,09 710,69324 S 3406,7874 2283,6611 9391,026 12631,036 8091,82 5347,204
2,008211 B 2315,0671 7033,743 14890,053 9029,517 11914,09 710,69324 S 3406,7874 2283,6611 9391,026 12631,036 8091,82 5347,204
2,0079837 B 2315,0671 7033,743 14890,053 9029,517 11914,09 710,69324 S 3406,7874 2283,6611 9391,026 12631,036 8091,82 5347,204
2,0070002 B 2315,0671 7033,743 14890,053 9029,517 11914,09 710,69324 S 3406,7874 2283,6611 9391,026 12631,036 8091,82 5347,204
2,0056996 B 2315,0671 7033,743 14890,053 9029,517 11914,09 710,69324 S 3406,7874 2283,6611 9391,026 12631,036 8091,82 5347,204
2,0059993 B 2315,0671 7033,743 14890,053 9029,517 11914,09 710,69324 S 3406,7874 2283,6611 9391,026 12631,036 8091,82 5347,204
2,0060003 B 2315,0671 7033,743 14890,053 9029,517 11914,09 710,69324 S 3406,7874 2283,6611 9391,026 12631,036 8091,82 5347,204
2,005407 B 2315,0671 7033,743 14890,053 9029,517 11914,09 710,69324 S 3406,7874 2283,6611 9391,026 12631,036 8091,82 5347,204
2,004 B 2315,0671 7033,743 14890,053 9029,517 11914,09 710,69324 S 3406,7874 2283,6611 9391,026 12631,036 8091,82 5347,204
2,0039997 B 2315,0671 7033,743 14890,053 9029,517 11914,09 710,69324 S 3406,7874 2283,6611 9391,026 12631,036 8091,82 5347,204
2,0039997 B 2315,0671 7033,743 14890,053 9029,517 11914,09 710,69324 S 3406,7874 2283,6611 9391,026 12631,036 8091,82 5347,204
2,0040002 B 2315,0671 7033,743 14890,053 9029,517 11914,09 710,69324 S 3406,7874 2283,6611 9391,026 12631,036 8091,82 5347,204
2,0045629 B 2315,0671 7033,743 14890,053 9029,517 11914,09 710,69324 S 3406,7874 2283,6611 9391,026 12631,036 8091,82 5347,204
2,0049999 B 2315,0671 7033,743 14890,053 9029,517 11914,09 710,69324 S 3406,7874 2283,6611 9391,026 12631,036 8091,82 5347,204
2,0050004 B 2315,0671 7033,743 14890,053 9029,517 11914,09 710,69324 S 3406,7874 2283,6611 9391,026 12631,036 8091,82 5347,204
2,005 B 2315,0671 7033,743 14890,053 9029,517 11914,09 710,69324 S 3406,7874 2283,6611 9391,026 12631,036 8091,82 5347,204
2,0055695 B 2315,0671 7033,743 14890,053 9029,517 11914,09 710,69324 S 3406,7874 2283,6611 9391,026 12631,036 8091,82 5347,204
2,008 B 2315,0671 7033,743 14890,053 9029,517 11914,09 710,69324 S 3406,7874 2283,6611 9391,026 12631,036 8091,82 5347,204
2,009521 B 2315,0671 7033,743 14890,053 9029,517 11914,09 710,69324 S 3406,7874 2283,6611 9391,026 12631,036 8091,82 5347,204
2,0099995 B 2315,0671 7033,743 14890,053 9029,517 11914,09 710,69324 S 3406,7874 2283,6611 9391,026 12631,036 8091,82 5347,204
2,009825 B 2315,0671 7033,743 14890,053 9029,517 11914,09 710,69324 S 3406,7874 2283,6611 9391,026 12631,036 8091,82 5347,204
2,009 B 2315,0671 7033,743 14890,053 9029,517 11914,09 710,69324 S 3406,7874 2283,6611 9391,026 12631,036 8091,82 5347,204
2,0075786 B 2315,0671 7033,743 14890,053 9029,517 11914,09 710,69324 S 3406,7874 2283,6611 9391,026 12631,036 8091,82 5347,204
2,0069997 B 2315,0671 7033,743 14890,053 9029,517 11914,09 710,69324 S 3406,7874 2283,6611 9391,026 12631,036 8091,82 5347,204
2,0097322 B 2315,0671 7033,743 14890,053 9029,517 11914,09 710,69324 S 3406,7874 2283,6611 9391,026 12631,036 8091,82 5347,204
2,0099993 B 2315,0671 7033,743 14890,053 9029,517 11914,09 710,69324 S 3406,7874 2283,6611 9391,026 12631,036 8091,82 5347,204
2,0099993 B 2315,0671 7033,743 14890,053 9029,517 11914,09 710,69324 S 3406,7874 2283,6611 9391,026 12631,036 8091,82 5347,204
2,0100005 B 2315,0671 7033,743 14890,053 9029,517 11914,09 710,69324 S 3406,7874 2283,6611 9391,026 12631,036 8091,82 5347,204
2,01 B 2315,0671 7033,743 14890,053 9029,517 11914,09 710,69324 S 3406,7874 2283,6611 9391,026 12631,036 8091,82 5347,204
2,0100005 B 2315,0671 7033,743 14890,053 9029,517 11914,09 710,69324 S 3406,7874 2283,6611 9391,026 12631,036 8091,82 5347,204
2,01 B 2315,0671 7033,743 14890,053 9029,517 11914,09 710,69324 S 3406,7874 2283,6611 9391,026 12631,036 8091,82 5347,204
2,0099998 B 2315,0671 7033,743 14890,053 9029,517 11914,09 710,69324 S 3406,7874 2283,6611 9391,026 12631,036 8091,82 5347,204
2,0100002 B 2315,0671 7033,743 14890,053 9029,517 11914,09 710,69324 S 3406,7874 2283,6611 9391,026 12631,036 8091,82 5347,204
2,0100007 B 2315,0671 7033,743 14890,053 9029,517 11914,09 710,69324 S 3406,7874 2283,6611 9391,026 12631,036 8091,82 5347,204
2,0100224 B 2315,0671 7033,743 14890,053 9029,517 11914,09 710,69324 S 3406,7874 2283,6611 9391,026 12631,036 8091,82 5347,204
2,0119998 B 2315,0671 7033,743 14890,053 9029,517 11914,09 710,69324 S 3406,7874 2283,6611 9391,026 12631,036 8091,82 5347,204
2,012 B 2315,0671 7033,743 14890,053 9029,517 11914,09 710,69324 S 3406,7874 2283,6611 9391,026 12631,036 8091,82 5347,204
2,012528 B 2315,0671 7033,743 14890,053 9029,517 11914,09 710,69324 S 3406,7874 2283,6611 9391,026 12631,036 8091,82 5347,204
2,0112183 B 2315,0671 7033,743 14890,053 9029,517 11914,09 710,69324 S 3406,7874 2283,6611 9391,026 12631,036 8091,82 5347,204
2,0099819 B 2315,0671 7033,743 14890,053 9029,517 11914,09 710,69324 S 3406,7874 2283,6611 9391,026 12631,036 8091,82 5347,204
2,007393 B 2315,0671 7033,743 14890,053 9029,517 11914,09 710,69324 S 3406,7874 2283,6611 9391,026 12631,036 8091,82 5347,204
2,0038793 B 2315,0671 7033,743 14890,053 9029,517 11914,09 710,69324 S 3406,7874 2283,6611 9391,026 12631,036 8091,82 5347,204
2,0026064 B 2315,0671 7033,743 14890,053 9029,517 11914,09 710,69324 S 3406,7874 2283,6611 9391,026 12631,036 8091,82 5347,204
1,9992558 B 2315,0671 7033,743 14890,053 9029,517 11914,09 710,69324 S 3406,7874 2283,6611 9391,026 12631,036 8091,82 5347,204
1,998063 B 2315,0671 7033,743 14890,053 9029,517 11914,09 710,69324 S 3406,7874 2283,6611 9391,026 12631,036 8091,82 5347,204
1,998776 B 2315,0671 7033,743 14890,053 9029,517 11914,09 710,69324 S 3406,7874 2283,6611 9391,026 12631,036 8091,82 5347,204
1,9996935 B 2315,0671 7033,743 14890,053 9029,517 11914,09 710,69324 S 3406,7874 2283,6611 9391,026 12631,036 8091,82 5347,204
1,9996749 B 2315,0671 7033,743 14890,053 9029,517 11914,09 710,69324 S 3406,7874 2283,6611 9391,026 12631,036 8091,82 5347,204
2,0012858 B 2315,0671 7033,743 14890,053 9029,517 11914,09 710,69324 S 3406,7874 2283,6611 9391,026 12631,036 8091,82 5347,204
2,0037203 B 2315,0671 7033,743 14890,053 9029,517 11914,09 710,69324 S 3406,7874 2283,6611 9391,026 12631,036 8091,82 5347,204
2,0039992 B 2315,0671 7033,743 14890,053 9029,517 11914,09 710,69324 S 3406,7874 2283,6611 9391,026 12631,036 8091,82 5347,204
2,0020308 B 2315,0671 7033,743 14890,053 9029,517 11914,09 710,69324 S 3406,7874 2283,6611 9391,026 12631,036 8091,82 5347,204
2,0019994 B 2315,0671 7033,743 14890,053 9029,517 11914,09 710,69324 S 3406,7874 2283,6611 9391,026 12631,036 8091,82 5347,204
2,0031013 B 2315,0671 7033,743 14890,053 9029,517 11914,09 710,69324 S 3406,7874 2283,6611 9391,026 12631,036 8091,82 5347,204
2,004 B 2315,0671 7033,743 14890,053 9029,517 11914,09 710,69324 S 3406,7874 2283,6611 9391,026 12631,036 8091,82 5347,204
2,0040002 B 2315,0671 7033,743 14890,053 9029,517 11914,09 710,69324 S 3406,7874 2283,6611 9391,026 12631,036 8091,82 5347,204
2,004265 B 2315,0671 7033,743 14890,053 9029,517 11914,09 710,69324 S 3406,7874 2283,6611 9391,026 12631,036 8091,82 5347,204
2,0077214 B 2315,0671 7033,743 14890,053 9029,517 11914,09 710,69324 S 3406,7874 2283,6611 9391,026 12631,036 8091,82 5347,204
2,0085833 B 2315,0671 7033,743 14890,053 9029,517 11914,09 710,69324 S 3406,7874 2283,6611 9391,026 12631,036 8091,82 5347,204
2,009 B 2315,0671 7033,743 14890,053 9029,517 11914,09 710,69324 S 3406,7874 2283,6611 9391,026 12631,036 8091,82 5347,204
2,0094557 B 2315,0671 7033,743 14890,053 9029,517 11914,09 710,69324 S 3406,7874 2283,6611 9391,026 12631,036 8091,82 5347,204
2,0084631 B 2315,0671 7033,743 14890,053 9029,517 11914,09 710,69324 S 3406,7874 2283,6611 9391,026 12631,036 8091,82 5347,204
2,0079503 B 2315,0671 7033,743 14890,053 9029,517 11914,09 710,69324 S 3406,7874 2283,6611 9391,026 12631,036 8091,82 5347,204
2,0080006 B 2315,0671 7033,743 14890,053 9029,517 11914,09 710,69324 S 3406,7874 2283,6611 9391,026 12631,036 8091,82 5347,204
2,0076778 B 2315,0671 7033,743 14890,053 9029,517 11914,09 710,69324 S 3406,7874 2283,6611 9391,026 12631,036 8091,82 5347,204
2,0071502 B 2315,0671 7033,743 14890,053 9029,517 11914,09 710,69324 S 3406,7874 2283,6611 9391,026 12631,036 8091,82 5347,204
2,010434 B 2315,0671 7033,743 14890,053 9029,517 11914,09 710,69324 S 3406,7874 2283,6611 9391,026 12631,036 8091,82 5347,204
2,010701 B 2315,0671 7033,743 14890,053 9029,517 11914,09 710,69324 S 3406,7874 2283,6611 9391,026 12631,036 8091,82 5347,204
2,0079997 B 2315,0671 7033,743 14890,053 9029,517 11914,09 710,69324 S 3406,7874 2283,6611 9391,026 12631,036 8091,82 5347,204
2,0080464 B 2315,0671 7033,743 14890,053 9029,517 11914,09 710,69324 S 3406,7874 2283,6611 9391,026 12631,036 8091,82 5347,204
2,0118005 B 2315,0671 7033,743 14890,053 9029,517 11914,09 710,69324 S 3406,7874 2283,6611 9391,026 12631,036 8091,82 5347,204
2,0125375 B 2315,0671 7033,743 14890,053 9029,517 11914,09 710,69324 S 3406,7874 2283,6611 9391,026 12631,036 8091,82 5347,204
2,0136807 B 2315,0671 7033,743 14890,053 9029,517 11914,09 710,69324 S 3406,7874 2283,6611 9391,026 12631,036 8091,82 5347,204
2,0141675 B 2315,0671 7033,743 14890,053 9029,517 11914,09 710,69324 S 3406,7874 2283,6611 9391,026 12631,036 8091,82 5347,204
2,0145633 B 2315,0671 7033,743 14890,053 9029,517 11914,09 710,69324 S 3406,7874 2283,6611 9391,026 12631,036 8091,82 5347,204
2,0146215 B 2315,0671 7033,743 14890,053 9029,517 11914,09 710,69324 S 3406,7874 2283,6611 9391,026 12631,036 8091,82 5347,204
2,0142984 B 2315,0671 7033,743 14890,053 9029,517 11914,09 710,69324 S 3406,7874 2283,6611 9391,026 12631,036 8091,82 5347,204
2,0150888 B 2315,0671 7033,743 14890,053 9029,517 11914,09 710,69324 S 3406,7874 2283,6611 9391,026 12631,036 8091,82 5347,204
2,0147607 B 2315,0671 7033,743 14890,053 9029,517 11914,09 710,69324 S 3406,7874 2283,6611 9391,026 12631,036 8091,82 5347,204
2,014 B 2315,0671 7033,743 14890,053 9029,517 11914,09 710,69324 S 3406,7874 2283,6611 9391,026 12631,036 8091,82 5347,204
2,0140004 B 2315,0671 7033,743 14890,053 9029,517 11914,09 710,69324 S 3406,7874 2283,6611 9391,026 12631,036 8091,82 5347,204
2,0139995 B 2315,0671 7033,743 14890,053 9029,517 11914,09 710,69324 S 3406,7874 2283,6611 9391,026 12631,036 8091,82 5347,204
2,0141597 B 2315,0671 7033,743 14890,053 9029,517 11914,09 710,69324 S 3406,7874 2283,6611 9391,026 12631,036 8091,82 5347,204
2,013919 B 2315,0671 7033,743 14890,053 9029,517 11914,09 710,69324 S 3406,7874 2283,6611 9391,026 12631,036 8091,82 5347,204
2,0145016 B 2315,0671 7033,743 14890,053 9029,517 11914,09 710,69324 S 3406,7874 2283,6611 9391,026 12631,036 8091,82 5347,204
2,013758 B 2315,0671 7033,743 14890,053 9029,517 11914,09 710,69324 S 3406,7874 2283,6611 9391,026 12631,036 8091,82 5347,204
2,0110002 B 2315,0671 7033,743 14890,053 9029,517 11914,09 710,69324 S 3406,7874 2283,6611 9391,026 12631,036 8091,82 5347,204
2,011 B 2315,0671 7033,743 14890,053 9029,517 11914,09 710,69324 S 3406,7874 2283,6611 9391,026 12631,036 8091,82 5347,204
2,0109994 B 2315,0671 7033,743 14890,053 9029,517 11914,09 710,69324 S 3406,7874 2283,6611 9391,026 12631,036 8091,82 5347,204
2,0110002 B 2315,0671 7033,743 14890,053 9029,517 11914,09 710,69324 S 3406,7874 2283,6611 9391,026 12631,036 8091,82 5347,204
2,0090787 B 2315,0671 7033,743 14890,053 9029,517 11914,09 710,69324 S 3406,7874 2283,6611 9391,026 12631,036 8091,82 5347,204
2,0065708 B 2315,0671 7033,743 14890,053 9029,517 11914,09 710,69324 S 3406,7874 2283,6611 9391,026 12631,036 8091,82 5347,204
2,0063434 B 2315,0671 7033,743 14890,053 9029,517 11914,09 710,69324 S 3406,7874 2283,6611 9391,026 12631,036 8091,82 5347,204
2,004 B 2315,0671 7033,743 14890,053 9029,517 11914,09 710,69324 S 3406,7874 2283,6611 9391,026 12631,036 8091,82 5347,204
2,0060155 B 2315,0671 7033,743 14890,053 9029,517 11914,09 710,69324 S 3406,7874 2283,6611 9391,026 12631,036 8091,82 5347,204
2,0069997 B 2315,0671 7033,743 14890,053 9029,517 11914,09 710,69324 S 3406,7874 2283,6611 9391,026 12631,036 8091,82 5347,204
2,0076678 B 2315,0671 7033,743 14890,053 9029,517 11914,09 710,69324 S 3406,7874 2283,6611 9391,026 12631,036 8091,82 5347,204
2,0080004 B 2315,0671 7033,743 14890,053 9029,517 11914,09 710,69324 S 3406,7874 2283,6611 9391,026 12631,036 8091,82 5347,204
2,007217 B 2315,0671 7033,743 14890,053 9029,517 11914,09 710,69324 S 3406,7874 2283,6611 9391,026 12631,036 8091,82 5347,204
2,0070004 B 2315,0671 7033,743 14890,053 9029,517 11914,09 710,69324 S 3406,7874 2283,6611 9391,026 12631,036 8091,82 5347,204
2,0069997 B 2315,0671 7033,743 14890,053 9029,517 11914,09 710,69324 S 3406,7874 2283,6611 9391,026 12631,036 8091,82 5347,204
2,0069997 B 2315,0671 7033,743 14890,053 9029,517 11914,09 710,69324 S 3406,7874 2283,6611 9391,026 12631,036 8091,82 5347,204
2,0069997 B 2315,0671 7033,743 14890,053 9029,517 11914,09 710,69324 S 3406,7874 2283,6611 9391,026 12631,036 8091,82 5347,204
2,0069995 B 2315,0671 7033,743 14890,053 9029,517 11914,09 710,69324 S 3406,7874 2283,6611 9391,026 12631,036 8091,82 5347,204
2,0069995 B 2315,0671 7033,743 14890,053 9029,517 11914,09 710,69324 S 3406,7874 2283,6611 9391,026 12631,036 8091,82 5347,204
2,0070002 B 2315,0671 7033,743 14890,053 9029,517 11914,09 710,69324 S 3406,7874 2283,6611 9391,026 12631,036 8091,82 5347,204
2,0069995 B 2315,0671 7033,743 14890,053 9029,517 11914,09 710,69324 S 3406,7874 2283,6611 9391,026 12631,036 8091,82 5347,204
2,0069997 B 2315,0671 7033,743 14890,053 9029,517 11914,09 710,69324 S 3406,7874 2283,6611 9391,026 12631,036 8091,82 5347,204
2,007 B 2315,0671 7033,743 14890,053 9029,517 11914,09 710,69324 S 3406,7874 2283,6611 9391,026 12631,036 8091,82 5347,204
2,0071478 B 2315,0671 7033,743 14890,053 9029,517 11914,09 710,69324 S 3406,7874 2283,6611 9391,026 12631,036 8091,82 5347,204
2,01 B 2315,0671 7033,743 14890,053 9029,517 11914,09 710,69324 S 3406,7874 2283,6611 9391,026 12631,036 8091,82 5347,204
2,0100005 B 2315,0671 7033,743 14890,053 9029,517 11914,09 710,69324 S 3406,7874 2283,6611 9391,026 12631,036 8091,82 5347,204
2,0090055 B 2315,0671 7033,743 14890,053 9029,517 11914,09 710,69324 S 3406,7874 2283,6611 9391,026 12631,036 8091,82 5347,204
2,0064032 B 2315,0671 7033,743 14890,053 9029,517 11914,09 710,69324 S 3406,7874 2283,6611 9391,026 12631,036 8091,82 5347,204
2,0082438 B 2315,0671 7033,743 14890,053 9029,517 11914,09 710,69324 S 3406,7874 2283,6611 9391,026 12631,036 8091,82 5347,204
2,0092893 B 2315,0671 7033,743 14890,053 9029,517 11914,09 710,69324 S 3406,7874 2283,6611 9391,026 12631,036 8091,82 5347,204
2,008548 B 2315,0671 7033,743 14890,053 9029,517 11914,09 710,69324 S 3406,7874 2283,6611 9391,026 12631,036 8091,82 5347,204
2,008 B 2315,0671 7033,743 14890,053 9029,517 11914,09 710,69324 S 3406,7874 2283,6611 9391,026 12631,036 8091,82 5347,204
2,008 B 2315,0671 7033,743 14890,053 9029,517 11914,09 710,69324 S 3406,7874 2283,6611 9391,026 12631,036 8091,82 5347,204
2,0079992 B 2315,0671 7033,743 14890,053 9029,517 11914,09 710,69324 S 3406,7874 2283,6611 9391,026 12631,036 8091,82 5347,204
2,0079997 B 2315,0671 7033,743 14890,053 9029,517 11914,09 710,69324 S 3406,7874 2283,6611 9391,026 12631,036 8091,82 5347,204
2,0079997 B 2315,0671 7033,743 14890,053 9029,517 11914,09 710,69324 S 3406,7874 2283,6611 9391,026 12631,036 8091,82 5347,204
2,0080004 B 2315,0671 7033,743 14890,053 9029,517 11914,09 710,69324 S 3406,7874 2283,6611 9391,026 12631,036 8091,82 5347,204
2,0080004 B 2315,0671 7033,743 14890,053 9029,517 11914,09 710,69324 S 3406,7874 2283,6611 9391,026 12631,036 8091,82 5347,204
2,008 B 2315,0671 7033,743 14890,053 9029,517 11914,09 710,69324 S 3406,7874 2283,6611 9391,026 12631,036 8091,82 5347,204
2,0079997 B 2315,0671 7033,743 14890,053 9029,517 11914,09 710,69324 S 3406,7874 2283,6611 9391,026 12631,036 8091,82 5347,204
2,0079997 B 2315,0671 7033,743 14890,053 9029,517 11914,09 710,69324 S 3406,7874 2283,6611 9391,026 12631,036 8091,82 5347,204
2,0080004 B 2315,0671 7033,743 14890,053 9029,517 11914,09 710,69324 S 3406,7874 2283,6611 9391,026 12631,036 8091,82 5347,204
2,0079997 B 2315,0671 7033,743 14890,053 9029,517 11914,09 710,69324 S 3406,7874 2283,6611 9391,026 12631,036 8091,82 5347,204
2,008 B 2315,0671 7033,743 14890,053 9029,517 11914,09 710,69324 S 3406,7874 2283,6611 9391,026 12631,036 8091,82 5347,204
2,008 B 2315,0671 7033,743 14890,053 9029,517 11914,09 710,69324 S 3406,7874 2283,6611 9391,026 12631,036 8091,82 5347,204
2,0079994 B 2315,0671 7033,743 14890,053 9029,517 11914,09 710,69324 S 3406,7874 2283,6611 9391,026 12631,036 8091,82 5347,204
2,008 B 2315,0671 7033,743 14890,053 9029,517 11914,09 710,69324 S 3406,7874 2283,6611 9391,026 12631,036 8091,82 5347,204
2,008 B 2315,0671 7033,743 14890,053 9029,517 11914,09 710,69324 S 3406,7874 2283,6611 9391,026 12631,036 8091,82 5347,204
2,0080006 B 2315,0671 7033,743 14890,053 9029,517 11914,09 710,69324 S 3406,7874 2283,6611 9391,026 12631,036 8091,82 5347,204
2,008 B 2315,0671 7033,743 14890,053 9029,517 11914,09 710,69324 S 3406,7874 2283,6611 9391,026 12631,036 8091,82 5347,204
2,0080001 B 2315,0671 7033,743 14890,053 9029,517 11914,09 710,69324 S 3406,7874 2283,6611 9391,026 12631,036 8091,82 5347,204
2,0071757 B 2315,0671 7033,743 14890,053 9029,517 11914,09 710,69324 S 3406,7874 2283,6611 9391,026 12631,036 8091,82 5347,204
2,0069997 B 2315,0671 7033,743 14890,053 9029,517 11914,09 710,69324 S 3406,7874 2283,6611 9391,026 12631,036 8091,82 5347,204
2,006999 B 2315,0671 7033,743 14890,053 9029,517 11914,09 710,69324 S 3406,7874 2283,6611 9391,026 12631,036 8091,82 5347,204
2,0069993 B 2315,0671 7033,743 14890,053 9029,517 11914,09 710,69324 S 3406,7874 2283,6611 9391,026 12631,036 8091,82 5347,204
2,0042958 B 2315,0671 7033,743 14890,053 9029,517 11914,09 710,69324 S 3406,7874 2283,6611 9391,026 12631,036 8091,82 5347,204
2,0039997 B 2315,0671 7033,743 14890,053 9029,517 11914,09 710,69324 S 3406,7874 2283,6611 9391,026 12631,036 8091,82 5347,204
2,0040002 B 2315,0671 7033,743 14890,053 9029,517 11914,09 710,69324 S 3406,7874 2283,6611 9391,026 12631,036 8091,82 5347,204
2,004 B 2315,0671 7033,743 14890,053 9029,517 11914,09 710,69324 S 3406,7874 2283,6611 9391,026 12631,036 8091,82 5347,204
2,0040002 B 2315,0671 7033,743 14890,053 9029,517 11914,09 710,69324 S 3406,7874 2283,6611 9391,026 12631,036 8091,82 5347,204
2,0054224 B 2315,0671 7033,743 14890,053 9029,517 11914,09 710,69324 S 3406,7874 2283,6611 9391,026 12631,036 8091,82 5347,204
2,0059998 B 2315,0671 7033,743 14890,053 9029,517 11914,09 710,69324 S 3406,7874 2283,6611 9391,026 12631,036 8091,82 5347,204
2,006314 B 2315,0671 7033,743 14890,053 9029,517 11914,09 710,69324 S 3406,7874 2283,6611 9391,026 12631,036 8091,82 5347,204
2,0069993 B 2315,0671 7033,743 14890,053 9029,517 11914,09 710,69324 S 3406,7874 2283,6611 9391,026 12631,036 8091,82 5347,204
2,006999 B 2315,0671 7033,743 14890,053 9029,517 11914,09 710,69324 S 3406,7874 2283,6611 9391,026 12631,036 8091,82 5347,204
2,007 B 2315,0671 7033,743 14890,053 9029,517 11914,09 710,69324 S 3406,7874 2283,6611 9391,026 12631,036 8091,82 5347,204
2,0069997 B 2315,0671 7033,743 14890,053 9029,517 11914,09 710,69324 S 3406,7874 2283,6611 9391,026 12631,036 8091,82 5347,204
2,0069995 B 2315,0671 7033,743 14890,053 9029,517 11914,09 710,69324 S 3406,7874 2283,6611 9391,026 12631,036 8091,82 5347,204
2,007 B 2315,0671 7033,743 14890,053 9029,517 11914,09 710,69324 S 3406,7874 2283,6611 9391,026 12631,036 8091,82 5347,204
2,0069997 B 2315,0671 7033,743 14890,053 9029,517 11914,09 710,69324 S 3406,7874 2283,6611 9391,026 12631,036 8091,82 5347,204
2,0069997 B 2315,0671 7033,743 14890,053 9029,517 11914,09 710,69324 S 3406,7874 2283,6611 9391,026 12631,036 8091,82 5347,204
2,0069997 B 2315,0671 7033,743 14890,053 9029,517 11914,09 710,69324 S 3406,7874 2283,6611 9391,026 12631,036 8091,82 5347,204
2,0069997 B 2315,0671 7033,743 14890,053 9029,517 11914,09 710,69324 S 3406,7874 2283,6611 9391,026 12631,036 8091,82 5347,204
2,0069208 B 2315,0671 7033,743 14890,053 9029,517 11914,09 710,69324 S 3406,7874 2283,6611 9391,026 12631,036 8091,82 5347,204
2,0059998 B 2315,0671 7033,743 14890,053 9029,517 11914,09 710,69324 S 3406,7874 2283,6611 9391,026 12631,036 8091,82 5347,204
2,0060008 B 2315,0671 7033,743 14890,053 9029,517 11914,09 710,69324 S 3406,7874 2283,6611 9391,026 12631,036 8091,82 5347,204
2,0059996 B 2315,0671 7033,743 14890,053 9029,517 11914,09 710,69324 S 3406,7874 2283,6611 9391,026 12631,036 8091,82 5347,204
2,0054102 B 2315,0671 7033,743 14890,053 9029,517 11914,09 710,69324 S 3406,7874 2283,6611 9391,026 12631,036 8091,82 5347,204
2,0041113 B 2315,0671 7033,743 14890,053 9029,517 11914,09 710,69324 S 3406,7874 2283,6611 9391,026 12631,036 8091,82 5347,204
2,0035434 B 2315,0671 7033,743 14890,053 9029,517 11914,09 710,69324 S 3406,7874 2283,6611 9391,026 12631,036 8091,82 5347,204
2,001 B 2315,0671 7033,743 14890,053 9029,517 11914,09 710,69324 S 3406,7874 2283,6611 9391,026 12631,036 8091,82 5347,204
2,0016263 B 2315,0671 7033,743 14890,053 9029,517 11914,09 710,69324 S 3406,7874 2283,6611 9391,026 12631,036 8091,82 5347,204
2,003001 B 2315,0671 7033,743 14890,053 9029,517 11914,09 710,69324 S 3406,7874 2283,6611 9391,026 12631,036 8091,82 5347,204
2,0030003 B 2315,0671 7033,743 14890,053 9029,517 11914,09 710,69324 S 3406,7874 2283,6611 9391,026 12631,036 8091,82 5347,204
2,0030003 B 2315,0671 7033,743 14890,053 9029,517 11914,09 710,69324 S 3406,7874 2283,6611 9391,026 12631,036 8091,82 5347,204
2,0039742 B 2315,0671 7033,743 14890,053 9029,517 11914,09 710,69324 S 3406,7874 2283,6611 9391,026 12631,036 8091,82 5347,204
2,004 B 2315,0671 7033,743 14890,053 9029,517 11914,09 710,69324 S 3406,7874 2283,6611 9391,026 12631,036 8091,82 5347,204
2,0039997 B 2315,0671 7033,743 14890,053 9029,517 11914,09 710,69324 S 3406,7874 2283,6611 9391,026 12631,036 8091,82 5347,204
2,0040004 B 2315,0671 7033,743 14890,053 9029,517 11914,09 710,69324 S 3406,7874 2283,6611 9391,026 12631,036 8091,82 5347,204
2,0040002 B 2315,0671 7033,743 14890,053 9029,517 11914,09 710,69324 S 3406,7874 2283,6611 9391,026 12631,036 8091,82 5347,204
2,004 B 2315,0671 7033,743 14890,053 9029,517 11914,09 710,69324 S 3406,7874 2283,6611 9391,026 12631,036 8091,82 5347,204
2,004 B 2315,0671 7033,743 14890,053 9029,517 11914,09 710,69324 S 3406,7874 2283,6611 9391,026 12631,036 8091,82 5347,204
2,001111 B 2315,0671 7033,743 14890,053 9029,517 11914,09 710,69324 S 3406,7874 2283,6611 9391,026 12631,036 8091,82 5347,204
2 B 2315,0671 7033,743 14890,053 9029,517 11914,09 710,69324 S 3406,7874 2283,6611 9391,026 12631,036 8091,82 5347,204
1,9997021 B 2315,0671 7033,743 14890,053 9029,517 11914,09 710,69324 S 3406,7874 2283,6611 9391,026 12631,036 8091,82 5347,204
1,9989997 B 2315,0671 7033,743 14890,053 9029,517 11914,09 710,69324 S 3406,7874 2283,6611 9391,026 12631,036 8091,82 5347,204
1,9989997 B 2315,0671 7033,743 14890,053 9029,517 11914,09 710,69324 S 3406,7874 2283,6611 9391,026 12631,036 8091,82 5347,204
1,9990004 B 2315,0671 7033,743 14890,053 9029,517 11914,09 710,69324 S 3406,7874 2283,6611 9391,026 12631,036 8091,82 5347,204
1,9993012 B 2315,0671 7033,743 14890,053 9029,517 11914,09 710,69324 S 3406,7874 2283,6611 9391,026 12631,036 8091,82 5347,204
2 B 2315,0671 7033,743 14890,053 9029,517 11914,09 710,69324 S 3406,7874 2283,6611 9391,026 12631,036 8091,82 5347,204
2 B 2315,0671 7033,743 14890,053 9029,517 11914,09 710,69324 S 3406,7874 2283,6611 9391,026 12631,036 8091,82 5347,204
2 B 2315,0671 7033,743 14890,053 9029,517 11914,09 710,69324 S 3406,7874 2283,6611 9391,026 12631,036 8091,82 5347,204
2,001443 B 2315,0671 7033,743 14890,053 9029,517 11914,09 710,69324 S 3406,7874 2283,6611 9391,026 12631,036 8091,82 5347,204
2,0020003 B 2315,0671 7033,743 14890,053 9029,517 11914,09 710,69324 S 3406,7874 2283,6611 9391,026 12631,036 8091,82 5347,204
2,0020003 B 2315,0671 7033,743 14890,053 9029,517 11914,09 710,69324 S 3406,7874 2283,6611 9391,026 12631,036 8091,82 5347,204
2,002 B 2315,0671 7033,743 14890,053 9029,517 11914,09 710,69324 S 3406,7874 2283,6611 9391,026 12631,036 8091,82 5347,204
2,0020003 B 2315,0671 7033,743 14890,053 9029,517 11914,09 710,69324 S 3406,7874 2283,6611 9391,026 12631,036 8091,82 5347,204
2,0020008 B 2315,0671 7033,743 14890,053 9029,517 11914,09 710,69324 S 3406,7874 2283,6611 9391,026 12631,036 8091,82 5347,204
2,0020003 B 2315,0671 7033,743 14890,053 9029,517 11914,09 710,69324 S 3406,7874 2283,6611 9391,026 12631,036 8091,82 5347,204
2,0020003 B 2315,0671 7033,743 14890,053 9029,517 11914,09 710,69324 S 3406,7874 2283,6611 9391,026 12631,036 8091,82 5347,204
2,002 B 2315,0671 7033,743 14890,053 9029,517 11914,09 710,69324 S 3406,7874 2283,6611 9391,026 12631,036 8091,82 5347,204
2,0019996 B 2315,0671 7033,743 14890,053 9029,517 11914,09 710,69324 S 3406,7874 2283,6611 9391,026 12631,036 8091,82 5347,204
2,0019999 B 2315,0671 7033,743 14890,053 9029,517 11914,09 710,69324 S 3406,7874 2283,6611 9391,026 12631,036 8091,82 5347,204
2,002001 B 2315,0671 7033,743 14890,053 9029,517 11914,09 710,69324 S 3406,7874 2283,6611 9391,026 12631,036 8091,82 5347,204
2,0020003 B 2315,0671 7033,743 14890,053 9029,517 11914,09 710,69324 S 3406,7874 2283,6611 9391,026 12631,036 8091,82 5347,204
2,0019994 B 2315,0671 7033,743 14890,053 9029,517 11914,09 710,69324 S 3406,7874 2283,6611 9391,026 12631,036 8091,82 5347,204
2,002 B 2315,0671 7033,743 14890,053 9029,517 11914,09 710,69324 S 3406,7874 2283,6611 9391,026 12631,036 8091,82 5347,204
2,002 B 2315,0671 7033,743 14890,053 9029,517 11914,09 710,69324 S 3406,7874 2283,6611 9391,026 12631,036 8091,82 5347,204
2,003404 B 2315,0671 7033,743 14890,053 9029,517 11914,09 710,69324 S 3406,7874 2283,6611 9391,026 12631,036 8091,82 5347,204
2,0040002 B 2315,0671 7033,743 14890,053 9029,517 11914,09 710,69324 S 3406,7874 2283,6611 9391,026 12631,036 8091,82 5347,204
2,0040593 B 2315,0671 7033,743 14890,053 9029,517 11914,09 710,69324 S 3406,7874 2283,6611 9391,026 12631,036 8091,82 5347,204
2,0059998 B 2315,0671 7033,743 14890,053 9029,517 11914,09 710,69324 S 3406,7874 2283,6611 9391,026 12631,036 8091,82 5347,204
2,0059998 B 2315,0671 7033,743 14890,053 9029,517 11914,09 710,69324 S 3406,7874 2283,6611 9391,026 12631,036 8091,82 5347,204
2,0069075 B 2315,0671 7033,743 14890,053 9029,517 11914,09 710,69324 S 3406,7874 2283,6611 9391,026 12631,036 8091,82 5347,204
2,0069993 B 2315,0671 7033,743 14890,053 9029,517 11914,09 710,69324 S 3406,7874 2283,6611 9391,026 12631,036 8091,82 5347,204
2,0069993 B 2315,0671 7033,743 14890,053 9029,517 11914,09 710,69324 S 3406,7874 2283,6611 9391,026 12631,036 8091,82 5347,204
2,0069997 B 2315,0671 7033,743 14890,053 9029,517 11914,09 710,69324 S 3406,7874 2283,6611 9391,026 12631,036 8091,82 5347,204
2,0069993 B 2315,0671 7033,743 14890,053 9029,517 11914,09 710,69324 S 3406,7874 2283,6611 9391,026 12631,036 8091,82 5347,204
2,0070002 B 2315,0671 7033,743 14890,053 9029,517 11914,09 710,69324 S 3406,7874 2283,6611 9391,026 12631,036 8091,82 5347,204
2,0069997 B 2315,0671 7033,743 14890,053 9029,517 11914,09 710,69324 S 3406,7874 2283,6611 9391,026 12631,036 8091,82 5347,204
2,0069997 B 2315,0671 7033,743 14890,053 9029,517 11914,09 710,69324 S 3406,7874 2283,6611 9391,026 12631,036 8091,82 5347,204
2,0069995 B 2315,0671 7033,743 14890,053 9029,517 11914,09 710,69324 S 3406,7874 2283,6611 9391,026 12631,036 8091,82 5347,204
2,0069997 B 2315,0671 7033,743 14890,053 9029,517 11914,09 710,69324 S 3406,7874 2283,6611 9391,026 12631,036 8091,82 5347,204
2,0069997 B 2315,0671 7033,743 14890,053 9029,517 11914,09 710,69324 S 3406,7874 2283,6611 9391,026 12631,036 8091,82 5347,204
2,0072782 B 2315,0671 7033,743 14890,053 9029,517 11914,09 710,69324 S 3406,7874 2283,6611 9391,026 12631,036 8091,82 5347,204
2,0075257 B 2315,0671 7033,743 14890,053 9029,517 11914,09 710,69324 S 3406,7874 2283,6611 9391,026 12631,036 8091,82 5347,204
2,0069995 B 2315,0671 7033,743 14890,053 9029,517 11914,09 710,69324 S 3406,7874 2283,6611 9391,026 12631,036 8091,82 5347,204
2,0069997 B 2315,0671 7033,743 14890,053 9029,517 11914,09 710,69324 S 3406,7874 2283,6611 9391,026 12631,036 8091,82 5347,204
2,0065076 B 2315,0671 7033,743 14890,053 9029,517 11914,09 710,69324 S 3406,7874 2283,6611 9391,026 12631,036 8091,82 5347,204
2,0050004 B 2315,0671 7033,743 14890,053 9029,517 11914,09 710,69324 S 3406,7874 2283,6611 9391,026 12631,036 8091,82 5347,204
2,0047615 B 2315,0671 7033,743 14890,053 9029,517 11914,09 710,69324 S 3406,7874 2283,6611 9391,026 12631,036 8091,82 5347,204
2,0040004 B 2315,0671 7033,743 14890,053 9029,517 11914,09 710,69324 S 3406,7874 2283,6611 9391,026 12631,036 8091,82 5347,204
2,0040004 B 2315,0671 7033,743 14890,053 9029,517 11914,09 710,69324 S 3406,7874 2283,6611 9391,026 12631,036 8091,82 5347,204
2,0039988 B 2315,0671 7033,743 14890,053 9029,517 11914,09 710,69324 S 3406,7874 2283,6611 9391,026 12631,036 8091,82 5347,204
2,003884 B 2315,0671 7033,743 14890,053 9029,517 11914,09 710,69324 S 3406,7874 2283,6611 9391,026 12631,036 8091,82 5347,204
2,0030005 B 2315,0671 7033,743 14890,053 9029,517 11914,09 710,69324 S 3406,7874 2283,6611 9391,026 12631,036 8091,82 5347,204
2,0030003 B 2315,0671 7033,743 14890,053 9029,517 11914,09 710,69324 S 3406,7874 2283,6611 9391,026 12631,036 8091,82 5347,204
2,0013921 B 2315,0671 7033,743 14890,053 9029,517 11914,09 710,69324 S 3406,7874 2283,6611 9391,026 12631,036 8091,82 5347,204
