1,983379
1,9860004 B 2869,2056 8593,746 13795,672 12529,815 13927,946 11463,767 S 1670,4211 5845,7603 11707,199 6654,1353 6018,9604 10986,673
1,9870696 B 2869,2056 8593,746 13795,672 12529,815 13927,946 11463,767 S 1670,4211 5845,7603 11707,199 6654,1353 6018,9604 10986,673
1,9879998 B 2869,2056 8593,746 13795,672 12529,815 13927,946 11463,767 S 1670,4211 5845,7603 11707,199 6654,1353 6018,9604 10986,673
1,9880005 B 2869,2056 8593,746 13795,672 12529,815 13927,946 11463,767 S 1670,4211 5845,7603 11707,199 6654,1353 6018,9604 10986,673
1,9880005 B 2869,2056 8593,746 13795,672 12529,815 13927,946 11463,767 S 1670,4211 5845,7603 11707,199 6654,1353 6018,9604 10986,673
1,9879997 B 2869,2056 8593,746 13795,672 12529,815 13927,946 11463,767 S 1670,4211 5845,7603 11707,199 6654,1353 6018,9604 10986,673
1,9880003 B 2869,2056 8593,746 13795,672 12529,815 13927,946 11463,767 S 1670,4211 5845,7603 11707,199 6654,1353 6018,9604 10986,673
1,9875511 B 2869,2056 8593,746 13795,672 12529,815 13927,946 11463,767 S 1670,4211 5845,7603 11707,199 6654,1353 6018,9604 10986,673
1,9840001 B 2869,2056 8593,746 13795,672 12529,815 13927,946 11463,767 S 1670,4211 5845,7603 11707,199 6654,1353 6018,9604 10986,673
1,9839997 B 2869,2056 8593,746 13795,672 12529,815 13927,946 11463,767 S 1670,4211 5845,7603 11707,199 6654,1353 6018,9604 10986,673
1,9839996 B 2869,2056 8593,746 13795,672 12529,815 13927,946 11463,767 S 1670,4211 5845,7603 11707,199 6654,1353 6018,9604 10986,673
1,9840001 B 2869,2056 8593,746 13795,672 12529,815 13927,946 11463,767 S 1670,4211 5845,7603 11707,199 6654,1353 6018,9604 10986,673
1,9856879 B 2869,2056 8593,746 13795,672 12529,815 13927,946 11463,767 S 1670,4211 5845,7603 11707,199 6654,1353 6018,9604 10986,673
1,9870001 B 2869,2056 8593,746 13795,672 12529,815 13927,946 11463,767 S 1670,4211 5845,7603 11707,199 6654,1353 6018,9604 10986,673
1,9870001 B 2869,2056 8593,746 13795,672 12529,815 13927,946 11463,767 S 1670,4211 5845,7603 11707,199 6654,1353 6018,9604 10986,673
1,9870006 B 2869,2056 8593,746 13795,672 12529,815 13927,946 11463,767 S 1670,4211 5845,7603 11707,199 6654,1353 6018,9604 10986,673
1,9870002 B 2869,2056 8593,746 13795,672 12529,815 13927,946 11463,767 S 1670,4211 5845,7603 11707,199 6654,1353 6018,9604 10986,673
1,9870007 B 2869,2056 8593,746 13795,672 12529,815 13927,946 11463,767 S 1670,4211 5845,7603 11707,199 6654,1353 6018,9604 10986,673
1,9870001 B 2869,2056 8593,746 13795,672 12529,815 13927,946 11463,767 S 1670,4211 5845,7603 11707,199 6654,1353 6018,9604 10986,673
1,98838 B 2869,2056 8593,746 13795,672 12529,815 13927,946 11463,767 S 1670,4211 5845,7603 11707,199 6654,1353 6018,9604 10986,673
1,99 B 2869,2056 8593,746 13795,672 12529,815 13927,946 11463,767 S 1670,4211 5845,7603 11707,199 6654,1353 6018,9604 10986,673
1,9900004 B 2869,2056 8593,746 13795,672 12529,815 13927,946 11463,767 S 1670,4211 5845,7603 11707,199 6654,1353 6018,9604 10986,673
1,9900004 B 2869,2056 8593,746 13795,672 12529,815 13927,946 11463,767 S 1670,4211 5845,7603 11707,199 6654,1353 6018,9604 10986,673
1,9900001 B 2869,2056 8593,746 13795,672 12529,815 13927,946 11463,767 S 1670,4211 5845,7603 11707,199 6654,1353 6018,9604 10986,673
1,9900005 B 2869,2056 8593,746 13795,672 12529,815 13927,946 11463,767 S 1670,4211 5845,7603 11707,199 6654,1353 6018,9604 10986,673
1,9900008 B 2869,2056 8593,746 13795,672 12529,815 13927,946 11463,767 S 1670,4211 5845,7603 11707,199 6654,1353 6018,9604 10986,673
1,9900005 B 2869,2056 8593,746 13795,672 12529,815 13927,946 11463,767 S 1670,4211 5845,7603 11707,199 6654,1353 6018,9604 10986,673
1,9900005 B 2869,2056 8593,746 13795,672 12529,815 13927,946 11463,767 S 1670,4211 5845,7603 11707,199 6654,1353 6018,9604 10986,673
1,9912803 B 2869,2056 8593,746 13795,672 12529,815 13927,946 11463,767 S 1670,4211 5845,7603 11707,199 6654,1353 6018,9604 10986,673
1,9920003 B 2869,2056 8593,746 13795,672 12529,815 13927,946 11463,767 S 1670,4211 5845,7603 11707,199 6654,1353 6018,9604 10986,673
1,9920001 B 2869,2056 8593,746 13795,672 12529,815 13927,946 11463,767 S 1670,4211 5845,7603 11707,199 6654,1353 6018,9604 10986,673
1,9914616 B 2869,2056 8593,746 13795,672 12529,815 13927,946 11463,767 S 1670,4211 5845,7603 11707,199 6654,1353 6018,9604 10986,673
1,9909999 B 2869,2056 8593,746 13795,672 12529,815 13927,946 11463,767 S 1670,4211 5845,7603 11707,199 6654,1353 6018,9604 10986,673
1,9909998 B 2869,2056 8593,746 13795,672 12529,815 13927,946 11463,767 S 1670,4211 5845,7603 11707,199 6654,1353 6018,9604 10986,673
1,9909998 B 2869,2056 8593,746 13795,672 12529,815 13927,946 11463,767 S 1670,4211 5845,7603 11707,199 6654,1353 6018,9604 10986,673
1,9909999 B 2869,2056 8593,746 13795,672 12529,815 13927,946 11463,767 S 1670,4211 5845,7603 11707,199 6654,1353 6018,9604 10986,673
1,9909996 B 2869,2056 8593,746 13795,672 12529,815 13927,946 11463,767 S 1670,4211 5845,7603 11707,199 6654,1353 6018,9604 10986,673
1,991 B 2869,2056 8593,746 13795,672 12529,815 13927,946 11463,767 S 1670,4211 5845,7603 11707,199 6654,1353 6018,9604 10986,673
1,9900863 B 2869,2056 8593,746 13795,672 12529,815 13927,946 11463,767 S 1670,4211 5845,7603 11707,199 6654,1353 6018,9604 10986,673
1,9900004 B 2869,2056 8593,746 13795,672 12529,815 13927,946 11463,767 S 1670,4211 5845,7603 11707,199 6654,1353 6018,9604 10986,673
1,99 B 2869,2056 8593,746 13795,672 12529,815 13927,946 11463,767 S 1670,4211 5845,7603 11707,199 6654,1353 6018,9604 10986,673
1,99 B 2869,2056 8593,746 13795,672 12529,815 13927,946 11463,767 S 1670,4211 5845,7603 11707,199 6654,1353 6018,9604 10986,673
1,9898255 B 2869,2056 8593,746 13795,672 12529,815 13927,946 11463,767 S 1670,4211 5845,7603 11707,199 6654,1353 6018,9604 10986,673
1,9889998 B 2869,2056 8593,746 13795,672 12529,815 13927,946 11463,767 S 1670,4211 5845,7603 11707,199 6654,1353 6018,9604 10986,673
1,9890004 B 2869,2056 8593,746 13795,672 12529,815 13927,946 11463,767 S 1670,4211 5845,7603 11707,199 6654,1353 6018,9604 10986,673
1,9890002 B 2869,2056 8593,746 13795,672 12529,815 13927,946 11463,767 S 1670,4211 5845,7603 11707,199 6654,1353 6018,9604 10986,673
1,9890006 B 2869,2056 8593,746 13795,672 12529,815 13927,946 11463,767 S 1670,4211 5845,7603 11707,199 6654,1353 6018,9604 10986,673
1,9889998 B 2869,2056 8593,746 13795,672 12529,815 13927,946 11463,767 S 1670,4211 5845,7603 11707,199 6654,1353 6018,9604 10986,673
1,9889998 B 2869,2056 8593,746 13795,672 12529,815 13927,946 11463,767 S 1670,4211 5845,7603 11707,199 6654,1353 6018,9604 10986,673
1,988997 B 2869,2056 8593,746 13795,672 12529,815 13927,946 11463,767 S 1670,4211 5845,7603 11707,199 6654,1353 6018,9604 10986,673
1,9867165 B 2869,2056 8593,746 13795,672 12529,815 13927,946 11463,767 S 1670,4211 5845,7603 11707,199 6654,1353 6018,9604 10986,673
1,9860001 B 2869,2056 8593,746 13795,672 12529,815 13927,946 11463,767 S 1670,4211 5845,7603 11707,199 6654,1353 6018,9604 10986,673
1,9859997 B 2869,2056 8593,746 13795,672 12529,815 13927,946 11463,767 S 1670,4211 5845,7603 11707,199 6654,1353 6018,9604 10986,673
1,9860002 B 2869,2056 8593,746 13795,672 12529,815 13927,946 11463,767 S 1670,4211 5845,7603 11707,199 6654,1353 6018,9604 10986,673
1,986 B 2869,2056 8593,746 13795,672 12529,815 13927,946 11463,767 S 1670,4211 5845,7603 11707,199 6654,1353 6018,9604 10986,673
1,986 B 2869,2056 8593,746 13795,672 12529,815 13927,946 11463,767 S 1670,4211 5845,7603 11707,199 6654,1353 6018,9604 10986,673
1,9867928 B 2869,2056 8593,746 13795,672 12529,815 13927,946 11463,767 S 1670,4211 5845,7603 11707,199 6654,1353 6018,9604 10986,673
1,9870002 B 2869,2056 8593,746 13795,672 12529,815 13927,946 11463,767 S 1670,4211 5845,7603 11707,199 6654,1353 6018,9604 10986,673
1,987 B 2869,2056 8593,746 13795,672 12529,815 13927,946 11463,767 S 1670,4211 5845,7603 11707,199 6654,1353 6018,9604 10986,673
1,9870001 B 2869,2056 8593,746 13795,672 12529,815 13927,946 11463,767 S 1670,4211 5845,7603 11707,199 6654,1353 6018,9604 10986,673
1,9870001 B 2869,2056 8593,746 13795,672 12529,815 13927,946 11463,767 S 1670,4211 5845,7603 11707,199 6654,1353 6018,9604 10986,673
1,9870003 B 2869,2056 8593,746 13795,672 12529,815 13927,946 11463,767 S 1670,4211 5845,7603 11707,199 6654,1353 6018,9604 10986,673
1,9870006 B 2869,2056 8593,746 13795,672 12529,815 13927,946 11463,767 S 1670,4211 5845,7603 11707,199 6654,1353 6018,9604 10986,673
1,9870002 B 2869,2056 8593,746 13795,672 12529,815 13927,946 11463,767 S 1670,4211 5845,7603 11707,199 6654,1353 6018,9604 10986,673
1,987 B 2869,2056 8593,746 13795,672 12529,815 13927,946 11463,767 S 1670,4211 5845,7603 11707,199 6654,1353 6018,9604 10986,673
1,9869996 B 2869,2056 8593,746 13795,672 12529,815 13927,946 11463,767 S 1670,4211 5845,7603 11707,199 6654,1353 6018,9604 10986,673
1,987 B 2869,2056 8593,746 13795,672 12529,815 13927,946 11463,767 S 1670,4211 5845,7603 11707,199 6654,1353 6018,9604 10986,673
1,9869996 B 2869,2056 8593,746 13795,672 12529,815 13927,946 11463,767 S 1670,4211 5845,7603 11707,199 6654,1353 6018,9604 10986,673
1,9870006 B 2869,2056 8593,746 13795,672 12529,815 13927,946 11463,767 S 1670,4211 5845,7603 11707,199 6654,1353 6018,9604 10986,673
1,9870006 B 2869,2056 8593,746 13795,672 12529,815 13927,946 11463,767 S 1670,4211 5845,7603 11707,199 6654,1353 6018,9604 10986,673
1,9870006 B 2869,2056 8593,746 13795,672 12529,815 13927,946 11463,767 S 1670,4211 5845,7603 11707,199 6654,1353 6018,9604 10986,673
1,9870007 B 2869,2056 8593,746 13795,672 12529,815 13927,946 11463,767 S 1670,4211 5845,7603 11707,199 6654,1353 6018,9604 10986,673
1,9870006 B 2869,2056 8593,746 13795,672 12529,815 13927,946 11463,767 S 1670,4211 5845,7603 11707,199 6654,1353 6018,9604 10986,673
1,987 B 2869,2056 8593,746 13795,672 12529,815 13927,946 11463,767 S 1670,4211 5845,7603 11707,199 6654,1353 6018,9604 10986,673
1,985036 B 2869,2056 8593,746 13795,672 12529,815 13927,946 11463,767 S 1670,4211 5845,7603 11707,199 6654,1353 6018,9604 10986,673
1,9839998 B 2869,2056 8593,746 13795,672 12529,815 13927,946 11463,767 S 1670,4211 5845,7603 11707,199 6654,1353 6018,9604 10986,673
1,9839998 B 2869,2056 8593,746 13795,672 12529,815 13927,946 11463,767 S 1670,4211 5845,7603 11707,199 6654,1353 6018,9604 10986,673
1,9839997 B 2869,2056 8593,746 13795,672 12529,815 13927,946 11463,767 S 1670,4211 5845,7603 11707,199 6654,1353 6018,9604 10986,673
1,9840003 B 2869,2056 8593,746 13795,672 12529,815 13927,946 11463,767 S 1670,4211 5845,7603 11707,199 6654,1353 6018,9604 10986,673
1,984 B 2869,2056 8593,746 13795,672 12529,815 13927,946 11463,767 S 1670,4211 5845,7603 11707,199 6654,1353 6018,9604 10986,673
1,9839996 B 2869,2056 8593,746 13795,672 12529,815 13927,946 11463,767 S 1670,4211 5845,7603 11707,199 6654,1353 6018,9604 10986,673
1,9839997 B 2869,2056 8593,746 13795,672 12529,815 13927,946 11463,767 S 1670,4211 5845,7603 11707,199 6654,1353 6018,9604 10986,673
1,9839997 B 2869,2056 8593,746 13795,672 12529,815 13927,946 11463,767 S 1670,4211 5845,7603 11707,199 6654,1353 6018,9604 10986,673
1,9839998 B 2869,2056 8593,746 13795,672 12529,815 13927,946 11463,767 S 1670,4211 5845,7603 11707,199 6654,1353 6018,9604 10986,673
1,984 B 2869,2056 8593,746 13795,672 12529,815 13927,946 11463,767 S 1670,4211 5845,7603 11707,199 6654,1353 6018,9604 10986,673
1,9839997 B 2869,2056 8593,746 13795,672 12529,815 13927,946 11463,767 S 1670,4211 5845,7603 11707,199 6654,1353 6018,9604 10986,673
1,9839997 B 2869,2056 8593,746 13795,672 12529,815 13927,946 11463,767 S 1670,4211 5845,7603 11707,199 6654,1353 6018,9604 10986,673
1,9839997 B 2869,2056 8593,746 13795,672 12529,815 13927,946 11463,767 S 1670,4211 5845,7603 11707,199 6654,1353 6018,9604 10986,673
1,9839996 B 2869,2056 8593,746 13795,672 12529,815 13927,946 11463,767 S 1670,4211 5845,7603 11707,199 6654,1353 6018,9604 10986,673
1,9840001 B 2869,2056 8593,746 13795,672 12529,815 13927,946 11463,767 S 1670,4211 5845,7603 11707,199 6654,1353 6018,9604 10986,673
1,984 B 2869,2056 8593,746 13795,672 12529,815 13927,946 11463,767 S 1670,4211 5845,7603 11707,199 6654,1353 6018,9604 10986,673
1,9840003 B 2869,2056 8593,746 13795,672 12529,815 13927,946 11463,767 S 1670,4211 5845,7603 11707,199 6654,1353 6018,9604 10986,673
1,9840003 B 2869,2056 8593,746 13795,672 12529,815 13927,946 11463,767 S 1670,4211 5845,7603 11707,199 6654,1353 6018,9604 10986,673
1,9839998 B 2869,2056 8593,746 13795,672 12529,815 13927,946 11463,767 S 1670,4211 5845,7603 11707,199 6654,1353 6018,9604 10986,673
1,9840001 B 2869,2056 8593,746 13795,672 12529,815 13927,946 11463,767 S 1670,4211 5845,7603 11707,199 6654,1353 6018,9604 10986,673
1,9839995 B 2869,2056 8593,746 13795,672 12529,815 13927,946 11463,767 S 1670,4211 5845,7603 11707,199 6654,1353 6018,9604 10986,673
1,9839386 B 2869,2056 8593,746 13795,672 12529,815 13927,946 11463,767 S 1670,4211 5845,7603 11707,199 6654,1353 6018,9604 10986,673
1,9830004 B 2869,2056 8593,746 13795,672 12529,815 13927,946 11463,767 S 1670,4211 5845,7603 11707,199 6654,1353 6018,9604 10986,673
1,9822618 B 2869,2056 8593,746 13795,672 12529,815 13927,946 11463,767 S 1670,4211 5845,7603 11707,199 6654,1353 6018,9604 10986,673
1,9819998 B 2869,2056 8593,746 13795,672 12529,815 13927,946 11463,767 S 1670,4211 5845,7603 11707,199 6654,1353 6018,9604 10986,673
1,9812073 B 2869,2056 8593,746 13795,672 12529,815 13927,946 11463,767 S 1670,4211 5845,7603 11707,199 6654,1353 6018,9604 10986,673
1,9810002 B 2869,2056 8593,746 13795,672 12529,815 13927,946 11463,767 S 1670,4211 5845,7603 11707,199 6654,1353 6018,9604 10986,673
1,9810001 B 2869,2056 8593,746 13795,672 12529,815 13927,946 11463,767 S 1670,4211 5845,7603 11707,199 6654,1353 6018,9604 10986,673
1,9810002 B 2869,2056 8593,746 13795,672 12529,815 13927,946 11463,767 S 1670,4211 5845,7603 11707,199 6654,1353 6018,9604 10986,673
1,9810001 B 2869,2056 8593,746 13795,672 12529,815 13927,946 11463,767 S 1670,4211 5845,7603 11707,199 6654,1353 6018,9604 10986,673
1,982925 B 2869,2056 8593,746 13795,672 12529,815 13927,946 11463,767 S 1670,4211 5845,7603 11707,199 6654,1353 6018,9604 10986,673
1,983001 B 2869,2056 8593,746 13795,672 12529,815 13927,946 11463,767 S 1670,4211 5845,7603 11707,199 6654,1353 6018,9604 10986,673
1,9822377 B 2869,2056 8593,746 13795,672 12529,815 13927,946 11463,767 S 1670,4211 5845,7603 11707,199 6654,1353 6018,9604 10986,673
1,9820004 B 2869,2056 8593,746 13795,672 12529,815 13927,946 11463,767 S 1670,4211 5845,7603 11707,199 6654,1353 6018,9604 10986,673
1,9819995 B 2869,2056 8593,746 13795,672 12529,815 13927,946 11463,767 S 1670,4211 5845,7603 11707,199 6654,1353 6018,9604 10986,673
1,9829831 B 2869,2056 8593,746 13795,672 12529,815 13927,946 11463,767 S 1670,4211 5845,7603 11707,199 6654,1353 6018,9604 10986,673
1,9830003 B 2869,2056 8593,746 13795,672 12529,815 13927,946 11463,767 S 1670,4211 5845,7603 11707,199 6654,1353 6018,9604 10986,673
1,9830014 B 2869,2056 8593,746 13795,672 12529,815 13927,946 11463,767 S 1670,4211 5845,7603 11707,199 6654,1353 6018,9604 10986,673
1,9829997 B 2869,2056 8593,746 13795,672 12529,815 13927,946 11463,767 S 1670,4211 5845,7603 11707,199 6654,1353 6018,9604 10986,673
1,9829999 B 2869,2056 8593,746 13795,672 12529,815 13927,946 11463,767 S 1670,4211 5845,7603 11707,199 6654,1353 6018,9604 10986,673
1,9829998 B 2869,2056 8593,746 13795,672 12529,815 13927,946 11463,767 S 1670,4211 5845,7603 11707,199 6654,1353 6018,9604 10986,673
1,9829998 B 2869,2056 8593,746 13795,672 12529,815 13927,946 11463,767 S 1670,4211 5845,7603 11707,199 6654,1353 6018,9604 10986,673
1,9829999 B 2869,2056 8593,746 13795,672 12529,815 13927,946 11463,767 S 1670,4211 5845,7603 11707,199 6654,1353 6018,9604 10986,673
1,9830002 B 2869,2056 8593,746 13795,672 12529,815 13927,946 11463,767 S 1670,4211 5845,7603 11707,199 6654,1353 6018,9604 10986,673
1,9830003 B 2869,2056 8593,746 13795,672 12529,815 13927,946 11463,767 S 1670,4211 5845,7603 11707,199 6654,1353 6018,9604 10986,673
1,9825432 B 2869,2056 8593,746 13795,672 12529,815 13927,946 11463,767 S 1670,4211 5845,7603 11707,199 6654,1353 6018,9604 10986,673
1,9820002 B 2869,2056 8593,746 13795,672 12529,815 13927,946 11463,767 S 1670,4211 5845,7603 11707,199 6654,1353 6018,9604 10986,673
1,9819998 B 2869,2056 8593,746 13795,672 12529,815 13927,946 11463,767 S 1670,4211 5845,7603 11707,199 6654,1353 6018,9604 10986,673
1,9819998 B 2869,2056 8593,746 13795,672 12529,815 13927,946 11463,767 S 1670,4211 5845,7603 11707,199 6654,1353 6018,9604 10986,673
1,9820004 B 2869,2056 8593,746 13795,672 12529,815 13927,946 11463,767 S 1670,4211 5845,7603 11707,199 6654,1353 6018,9604 10986,673
1,9819999 B 2869,2056 8593,746 13795,672 12529,815 13927,946 11463,767 S 1670,4211 5845,7603 11707,199 6654,1353 6018,9604 10986,673
1,9825922 B 2869,2056 8593,746 13795,672 12529,815 13927,946 11463,767 S 1670,4211 5845,7603 11707,199 6654,1353 6018,9604 10986,673
1,9830003 B 2869,2056 8593,746 13795,672 12529,815 13927,946 11463,767 S 1670,4211 5845,7603 11707,199 6654,1353 6018,9604 10986,673
1,9830003 B 2869,2056 8593,746 13795,672 12529,815 13927,946 11463,767 S 1670,4211 5845,7603 11707,199 6654,1353 6018,9604 10986,673
1,9830005 B 2869,2056 8593,746 13795,672 12529,815 13927,946 11463,767 S 1670,4211 5845,7603 11707,199 6654,1353 6018,9604 10986,673
1,9830002 B 2869,2056 8593,746 13795,672 12529,815 13927,946 11463,767 S 1670,4211 5845,7603 11707,199 6654,1353 6018,9604 10986,673
1,981712 B 2869,2056 8593,746 13795,672 12529,815 13927,946 11463,767 S 1670,4211 5845,7603 11707,199 6654,1353 6018,9604 10986,673
1,9804924 B 2869,2056 8593,746 13795,672 12529,815 13927,946 11463,767 S 1670,4211 5845,7603 11707,199 6654,1353 6018,9604 10986,673
1,9810003 B 2869,2056 8593,746 13795,672 12529,815 13927,946 11463,767 S 1670,4211 5845,7603 11707,199 6654,1353 6018,9604 10986,673
1,9810001 B 2869,2056 8593,746 13795,672 12529,815 13927,946 11463,767 S 1670,4211 5845,7603 11707,199 6654,1353 6018,9604 10986,673
1,9824606 B 2869,2056 8593,746 13795,672 12529,815 13927,946 11463,767 S 1670,4211 5845,7603 11707,199 6654,1353 6018,9604 10986,673
1,9830009 B 2869,2056 8593,746 13795,672 12529,815 13927,946 11463,767 S 1670,4211 5845,7603 11707,199 6654,1353 6018,9604 10986,673
1,9831681 B 2869,2056 8593,746 13795,672 12529,815 13927,946 11463,767 S 1670,4211 5845,7603 11707,199 6654,1353 6018,9604 10986,673
1,9839996 B 2869,2056 8593,746 13795,672 12529,815 13927,946 11463,767 S 1670,4211 5845,7603 11707,199 6654,1353 6018,9604 10986,673
1,9839997 B 2869,2056 8593,746 13795,672 12529,815 13927,946 11463,767 S 1670,4211 5845,7603 11707,199 6654,1353 6018,9604 10986,673
1,984 B 2869,2056 8593,746 13795,672 12529,815 13927,946 11463,767 S 1670,4211 5845,7603 11707,199 6654,1353 6018,9604 10986,673
1,9839998 B 2869,2056 8593,746 13795,672 12529,815 13927,946 11463,767 S 1670,4211 5845,7603 11707,199 6654,1353 6018,9604 10986,673
1,9840001 B 2869,2056 8593,746 13795,672 12529,815 13927,946 11463,767 S 1670,4211 5845,7603 11707,199 6654,1353 6018,9604 10986,673
1,9840003 B 2869,2056 8593,746 13795,672 12529,815 13927,946 11463,767 S 1670,4211 5845,7603 11707,199 6654,1353 6018,9604 10986,673
1,9839997 B 2869,2056 8593,746 13795,672 12529,815 13927,946 11463,767 S 1670,4211 5845,7603 11707,199 6654,1353 6018,9604 10986,673
1,9839993 B 2869,2056 8593,746 13795,672 12529,815 13927,946 11463,767 S 1670,4211 5845,7603 11707,199 6654,1353 6018,9604 10986,673
1,9838365 B 2869,2056 8593,746 13795,672 12529,815 13927,946 11463,767 S 1670,4211 5845,7603 11707,199 6654,1353 6018,9604 10986,673
1,9829999 B 2869,2056 8593,746 13795,672 12529,815 13927,946 11463,767 S 1670,4211 5845,7603 11707,199 6654,1353 6018,9604 10986,673
1,9830009 B 2869,2056 8593,746 13795,672 12529,815 13927,946 11463,767 S 1670,4211 5845,7603 11707,199 6654,1353 6018,9604 10986,673
1,9829997 B 2869,2056 8593,746 13795,672 12529,815 13927,946 11463,767 S 1670,4211 5845,7603 11707,199 6654,1353 6018,9604 10986,673
1,983 B 2869,2056 8593,746 13795,672 12529,815 13927,946 11463,767 S 1670,4211 5845,7603 11707,199 6654,1353 6018,9604 10986,673
1,9829993 B 2869,2056 8593,746 13795,672 12529,815 13927,946 11463,767 S 1670,4211 5845,7603 11707,199 6654,1353 6018,9604 10986,673
1,9829267 B 2869,2056 8593,746 13795,672 12529,815 13927,946 11463,767 S 1670,4211 5845,7603 11707,199 6654,1353 6018,9604 10986,673
1,9819996 B 2869,2056 8593,746 13795,672 12529,815 13927,946 11463,767 S 1670,4211 5845,7603 11707,199 6654,1353 6018,9604 10986,673
1,9810655 B 2869,2056 8593,746 13795,672 12529,815 13927,946 11463,767 S 1670,4211 5845,7603 11707,199 6654,1353 6018,9604 10986,673
1,9790001 B 2869,2056 8593,746 13795,672 12529,815 13927,946 11463,767 S 1670,4211 5845,7603 11707,199 6654,1353 6018,9604 10986,673
1,9790002 B 2869,2056 8593,746 13795,672 12529,815 13927,946 11463,767 S 1670,4211 5845,7603 11707,199 6654,1353 6018,9604 10986,673
1,9790001 B 2869,2056 8593,746 13795,672 12529,815 13927,946 11463,767 S 1670,4211 5845,7603 11707,199 6654,1353 6018,9604 10986,673
1,9789995 B 2869,2056 8593,746 13795,672 12529,815 13927,946 11463,767 S 1670,4211 5845,7603 11707,199 6654,1353 6018,9604 10986,673
1,979 B 2869,2056 8593,746 13795,672 12529,815 13927,946 11463,767 S 1670,4211 5845,7603 11707,199 6654,1353 6018,9604 10986,673
1,9789997 B 2869,2056 8593,746 13795,672 12529,815 13927,946 11463,767 S 1670,4211 5845,7603 11707,199 6654,1353 6018,9604 10986,673
1,979 B 2869,2056 8593,746 13795,672 12529,815 13927,946 11463,767 S 1670,4211 5845,7603 11707,199 6654,1353 6018,9604 10986,673
1,9790001 B 2869,2056 8593,746 13795,672 12529,815 13927,946 11463,767 S 1670,4211 5845,7603 11707,199 6654,1353 6018,9604 10986,673
1,9790002 B 2869,2056 8593,746 13795,672 12529,815 13927,946 11463,767 S 1670,4211 5845,7603 11707,199 6654,1353 6018,9604 10986,673
1,9789997 B 2869,2056 8593,746 13795,672 12529,815 13927,946 11463,767 S 1670,4211 5845,7603 11707,199 6654,1353 6018,9604 10986,673
1,979 B 2869,2056 8593,746 13795,672 12529,815 13927,946 11463,767 S 1670,4211 5845,7603 11707,199 6654,1353 6018,9604 10986,673
1,9780076 B 2869,2056 8593,746 13795,672 12529,815 13927,946 11463,767 S 1670,4211 5845,7603 11707,199 6654,1353 6018,9604 10986,673
1,9789411 B 2869,2056 8593,746 13795,672 12529,815 13927,946 11463,767 S 1670,4211 5845,7603 11707,199 6654,1353 6018,9604 10986,673
1,9810526 B 2869,2056 8593,746 13795,672 12529,815 13927,946 11463,767 S 1670,4211 5845,7603 11707,199 6654,1353 6018,9604 10986,673
1,9819999 B 2869,2056 8593,746 13795,672 12529,815 13927,946 11463,767 S 1670,4211 5845,7603 11707,199 6654,1353 6018,9604 10986,673
1,9820002 B 2869,2056 8593,746 13795,672 12529,815 13927,946 11463,767 S 1670,4211 5845,7603 11707,199 6654,1353 6018,9604 10986,673
1,9819996 B 2869,2056 8593,746 13795,672 12529,815 13927,946 11463,767 S 1670,4211 5845,7603 11707,199 6654,1353 6018,9604 10986,673
1,982 B 2869,2056 8593,746 13795,672 12529,815 13927,946 11463,767 S 1670,4211 5845,7603 11707,199 6654,1353 6018,9604 10986,673
1,9812896 B 2869,2056 8593,746 13795,672 12529,815 13927,946 11463,767 S 1670,4211 5845,7603 11707,199 6654,1353 6018,9604 10986,673
1,9810002 B 2869,2056 8593,746 13795,672 12529,815 13927,946 11463,767 S 1670,4211 5845,7603 11707,199 6654,1353 6018,9604 10986,673
1,9810001 B 2869,2056 8593,746 13795,672 12529,815 13927,946 11463,767 S 1670,4211 5845,7603 11707,199 6654,1353 6018,9604 10986,673
1,9810003 B 2869,2056 8593,746 13795,672 12529,815 13927,946 11463,767 S 1670,4211 5845,7603 11707,199 6654,1353 6018,9604 10986,673
1,9809994 B 2869,2056 8593,746 13795,672 12529,815 13927,946 11463,767 S 1670,4211 5845,7603 11707,199 6654,1353 6018,9604 10986,673
1,9810003 B 2869,2056 8593,746 13795,672 12529,815 13927,946 11463,767 S 1670,4211 5845,7603 11707,199 6654,1353 6018,9604 10986,673
1,9810001 B 2869,2056 8593,746 13795,672 12529,815 13927,946 11463,767 S 1670,4211 5845,7603 11707,199 6654,1353 6018,9604 10986,673
1,9810001 B 2869,2056 8593,746 13795,672 12529,815 13927,946 11463,767 S 1670,4211 5845,7603 11707,199 6654,1353 6018,9604 10986,673
1,9809992 B 2869,2056 8593,746 13795,672 12529,815 13927,946 11463,767 S 1670,4211 5845,7603 11707,199 6654,1353 6018,9604 10986,673
1,9810001 B 2869,2056 8593,746 13795,672 12529,815 13927,946 11463,767 S 1670,4211 5845,7603 11707,199 6654,1353 6018,9604 10986,673
1,9810005 B 2869,2056 8593,746 13795,672 12529,815 13927,946 11463,767 S 1670,4211 5845,7603 11707,199 6654,1353 6018,9604 10986,673
1,9809998 B 2869,2056 8593,746 13795,672 12529,815 13927,946 11463,767 S 1670,4211 5845,7603 11707,199 6654,1353 6018,9604 10986,673
1,9809996 B 2869,2056 8593,746 13795,672 12529,815 13927,946 11463,767 S 1670,4211 5845,7603 11707,199 6654,1353 6018,9604 10986,673
1,9810002 B 2869,2056 8593,746 13795,672 12529,815 13927,946 11463,767 S 1670,4211 5845,7603 11707,199 6654,1353 6018,9604 10986,673
1,9818472 B 2869,2056 8593,746 13795,672 12529,815 13927,946 11463,767 S 1670,4211 5845,7603 11707,199 6654,1353 6018,9604 10986,673
1,9819998 B 2869,2056 8593,746 13795,672 12529,815 13927,946 11463,767 S 1670,4211 5845,7603 11707,199 6654,1353 6018,9604 10986,673
1,9819993 B 2869,2056 8593,746 13795,672 12529,815 13927,946 11463,767 S 1670,4211 5845,7603 11707,199 6654,1353 6018,9604 10986,673
1,9819992 B 2869,2056 8593,746 13795,672 12529,815 13927,946 11463,767 S 1670,4211 5845,7603 11707,199 6654,1353 6018,9604 10986,673
1,9816415 B 2869,2056 8593,746 13795,672 12529,815 13927,946 11463,767 S 1670,4211 5845,7603 11707,199 6654,1353 6018,9604 10986,673
1,9809998 B 2869,2056 8593,746 13795,672 12529,815 13927,946 11463,767 S 1670,4211 5845,7603 11707,199 6654,1353 6018,9604 10986,673
1,9810001 B 2869,2056 8593,746 13795,672 12529,815 13927,946 11463,767 S 1670,4211 5845,7603 11707,199 6654,1353 6018,9604 10986,673
1,9800156 B 2869,2056 8593,746 13795,672 12529,815 13927,946 11463,767 S 1670,4211 5845,7603 11707,199 6654,1353 6018,9604 10986,673
1,9790004 B 2869,2056 8593,746 13795,672 12529,815 13927,946 11463,767 S 1670,4211 5845,7603 11707,199 6654,1353 6018,9604 10986,673
1,979 B 2869,2056 8593,746 13795,672 12529,815 13927,946 11463,767 S 1670,4211 5845,7603 11707,199 6654,1353 6018,9604 10986,673
1,9790001 B 2869,2056 8593,746 13795,672 12529,815 13927,946 11463,767 S 1670,4211 5845,7603 11707,199 6654,1353 6018,9604 10986,673
1,9790001 B 2869,2056 8593,746 13795,672 12529,815 13927,946 11463,767 S 1670,4211 5845,7603 11707,199 6654,1353 6018,9604 10986,673
1,9796379 B 2869,2056 8593,746 13795,672 12529,815 13927,946 11463,767 S 1670,4211 5845,7603 11707,199 6654,1353 6018,9604 10986,673
1,9800001 B 2869,2056 8593,746 13795,672 12529,815 13927,946 11463,767 S 1670,4211 5845,7603 11707,199 6654,1353 6018,9604 10986,673
1,98 B 2869,2056 8593,746 13795,672 12529,815 13927,946 11463,767 S 1670,4211 5845,7603 11707,199 6654,1353 6018,9604 10986,673
1,9800001 B 2869,2056 8593,746 13795,672 12529,815 13927,946 11463,767 S 1670,4211 5845,7603 11707,199 6654,1353 6018,9604 10986,673
1,9799993 B 2869,2056 8593,746 13795,672 12529,815 13927,946 11463,767 S 1670,4211 5845,7603 11707,199 6654,1353 6018,9604 10986,673
1,9799997 B 2869,2056 8593,746 13795,672 12529,815 13927,946 11463,767 S 1670,4211 5845,7603 11707,199 6654,1353 6018,9604 10986,673
1,9800004 B 2869,2056 8593,746 13795,672 12529,815 13927,946 11463,767 S 1670,4211 5845,7603 11707,199 6654,1353 6018,9604 10986,673
1,98 B 2869,2056 8593,746 13795,672 12529,815 13927,946 11463,767 S 1670,4211 5845,7603 11707,199 6654,1353 6018,9604 10986,673
1,9799998 B 2869,2056 8593,746 13795,672 12529,815 13927,946 11463,767 S 1670,4211 5845,7603 11707,199 6654,1353 6018,9604 10986,673
1,9799997 B 2869,2056 8593,746 13795,672 12529,815 13927,946 11463,767 S 1670,4211 5845,7603 11707,199 6654,1353 6018,9604 10986,673
1,9800006 B 2869,2056 8593,746 13795,672 12529,815 13927,946 11463,767 S 1670,4211 5845,7603 11707,199 6654,1353 6018,9604 10986,673
1,9799999 B 2869,2056 8593,746 13795,672 12529,815 13927,946 11463,767 S 1670,4211 5845,7603 11707,199 6654,1353 6018,9604 10986,673
1,9805375 B 2869,2056 8593,746 13795,672 12529,815 13927,946 11463,767 S 1670,4211 5845,7603 11707,199 6654,1353 6018,9604 10986,673
1,9809997 B 2869,2056 8593,746 13795,672 12529,815 13927,946 11463,767 S 1670,4211 5845,7603 11707,199 6654,1353 6018,9604 10986,673
1,9809996 B 2869,2056 8593,746 13795,672 12529,815 13927,946 11463,767 S 1670,4211 5845,7603 11707,199 6654,1353 6018,9604 10986,673
1,980593 B 2869,2056 8593,746 13795,672 12529,815 13927,946 11463,767 S 1670,4211 5845,7603 11707,199 6654,1353 6018,9604 10986,673
1,9783868 B 2869,2056 8593,746 13795,672 12529,815 13927,946 11463,767 S 1670,4211 5845,7603 11707,199 6654,1353 6018,9604 10986,673
1,9780002 B 2869,2056 8593,746 13795,672 12529,815 13927,946 11463,767 S 1670,4211 5845,7603 11707,199 6654,1353 6018,9604 10986,673
1,9779996 B 2869,2056 8593,746 13795,672 12529,815 13927,946 11463,767 S 1670,4211 5845,7603 11707,199 6654,1353 6018,9604 10986,673
1,978 B 2869,2056 8593,746 13795,672 12529,815 13927,946 11463,767 S 1670,4211 5845,7603 11707,199 6654,1353 6018,9604 10986,673
1,9779998 B 2869,2056 8593,746 13795,672 12529,815 13927,946 11463,767 S 1670,4211 5845,7603 11707,199 6654,1353 6018,9604 10986,673
1,9777944 B 2869,2056 8593,746 13795,672 12529,815 13927,946 11463,767 S 1670,4211 5845,7603 11707,199 6654,1353 6018,9604 10986,673
1,9770004 B 2869,2056 8593,746 13795,672 12529,815 13927,946 11463,767 S 1670,4211 5845,7603 11707,199 6654,1353 6018,9604 10986,673
1,9770001 B 2869,2056 8593,746 13795,672 12529,815 13927,946 11463,767 S 1670,4211 5845,7603 11707,199 6654,1353 6018,9604 10986,673
1,9770004 B 2869,2056 8593,746 13795,672 12529,815 13927,946 11463,767 S 1670,4211 5845,7603 11707,199 6654,1353 6018,9604 10986,673
1,9770006 B 2869,2056 8593,746 13795,672 12529,815 13927,946 11463,767 S 1670,4211 5845,7603 11707,199 6654,1353 6018,9604 10986,673
1,9771277 B 2869,2056 8593,746 13795,672 12529,815 13927,946 11463,767 S 1670,4211 5845,7603 11707,199 6654,1353 6018,9604 10986,673
1,9770004 B 2869,2056 8593,746 13795,672 12529,815 13927,946 11463,767 S 1670,4211 5845,7603 11707,199 6654,1353 6018,9604 10986,673
1,977 B 2869,2056 8593,746 13795,672 12529,815 13927,946 11463,767 S 1670,4211 5845,7603 11707,199 6654,1353 6018,9604 10986,673
1,9775805 B 2869,2056 8593,746 13795,672 12529,815 13927,946 11463,767 S 1670,4211 5845,7603 11707,199 6654,1353 6018,9604 10986,673
1,978 B 2869,2056 8593,746 13795,672 12529,815 13927,946 11463,767 S 1670,4211 5845,7603 11707,199 6654,1353 6018,9604 10986,673
1,9784906 B 2869,2056 8593,746 13795,672 12529,815 13927,946 11463,767 S 1670,4211 5845,7603 11707,199 6654,1353 6018,9604 10986,673
1,9798805 B 2869,2056 8593,746 13795,672 12529,815 13927,946 11463,767 S 1670,4211 5845,7603 11707,199 6654,1353 6018,9604 10986,673
1,9809996 B 2869,2056 8593,746 13795,672 12529,815 13927,946 11463,767 S 1670,4211 5845,7603 11707,199 6654,1353 6018,9604 10986,673
1,97878 B 2869,2056 8593,746 13795,672 12529,815 13927,946 11463,767 S 1670,4211 5845,7603 11707,199 6654,1353 6018,9604 10986,673
1,9790003 B 2869,2056 8593,746 13795,672 12529,815 13927,946 11463,767 S 1670,4211 5845,7603 11707,199 6654,1353 6018,9604 10986,673
1,9780023 B 2869,2056 8593,746 13795,672 12529,815 13927,946 11463,767 S 1670,4211 5845,7603 11707,199 6654,1353 6018,9604 10986,673
1,9780347 B 2869,2056 8593,746 13795,672 12529,815 13927,946 11463,767 S 1670,4211 5845,7603 11707,199 6654,1353 6018,9604 10986,673
1,9779214 B 2869,2056 8593,746 13795,672 12529,815 13927,946 11463,767 S 1670,4211 5845,7603 11707,199 6654,1353 6018,9604 10986,673
1,9764253 B 2869,2056 8593,746 13795,672 12529,815 13927,946 11463,767 S 1670,4211 5845,7603 11707,199 6654,1353 6018,9604 10986,673
1,9760001 B 2869,2056 8593,746 13795,672 12529,815 13927,946 11463,767 S 1670,4211 5845,7603 11707,199 6654,1353 6018,9604 10986,673
