2,0209517
2,0339997 B 200,0774 2711,1306 9600,4 19194,375 11004,432 14935,567 S 8114,226 11381,766 9479,496 8523,818 4190,8706 1620,6692
2,0340002 B 200,0774 2711,1306 9600,4 19194,375 11004,432 14935,567 S 8114,226 11381,766 9479,496 8523,818 4190,8706 1620,6692
2,0339997 B 200,0774 2711,1306 9600,4 19194,375 11004,432 14935,567 S 8114,226 11381,766 9479,496 8523,818 4190,8706 1620,6692
2,0339997 B 200,0774 2711,1306 9600,4 19194,375 11004,432 14935,567 S 8114,226 11381,766 9479,496 8523,818 4190,8706 1620,6692
2,0340002 B 200,0774 2711,1306 9600,4 19194,375 11004,432 14935,567 S 8114,226 11381,766 9479,496 8523,818 4190,8706 1620,6692
2,034 B 200,0774 2711,1306 9600,4 19194,375 11004,432 14935,567 S 8114,226 11381,766 9479,496 8523,818 4190,8706 1620,6692
2,0330362 B 200,0774 2711,1306 9600,4 19194,375 11004,432 14935,567 S 8114,226 11381,766 9479,496 8523,818 4190,8706 1620,6692
2,0320003 B 200,0774 2711,1306 9600,4 19194,375 11004,432 14935,567 S 8114,226 11381,766 9479,496 8523,818 4190,8706 1620,6692
2,0320003 B 200,0774 2711,1306 9600,4 19194,375 11004,432 14935,567 S 8114,226 11381,766 9479,496 8523,818 4190,8706 1620,6692
2,0320005 B 200,0774 2711,1306 9600,4 19194,375 11004,432 14935,567 S 8114,226 11381,766 9479,496 8523,818 4190,8706 1620,6692
2,032 B 200,0774 2711,1306 9600,4 19194,375 11004,432 14935,567 S 8114,226 11381,766 9479,496 8523,818 4190,8706 1620,6692
2,0320003 B 200,0774 2711,1306 9600,4 19194,375 11004,432 14935,567 S 8114,226 11381,766 9479,496 8523,818 4190,8706 1620,6692
2,0310109 B 200,0774 2711,1306 9600,4 19194,375 11004,432 14935,567 S 8114,226 11381,766 9479,496 8523,818 4190,8706 1620,6692
2,0307302 B 200,0774 2711,1306 9600,4 19194,375 11004,432 14935,567 S 8114,226 11381,766 9479,496 8523,818 4190,8706 1620,6692
2,0310004 B 200,0774 2711,1306 9600,4 19194,375 11004,432 14935,567 S 8114,226 11381,766 9479,496 8523,818 4190,8706 1620,6692
2,0309994 B 200,0774 2711,1306 9600,4 19194,375 11004,432 14935,567 S 8114,226 11381,766 9479,496 8523,818 4190,8706 1620,6692
2,031 B 200,0774 2711,1306 9600,4 19194,375 11004,432 14935,567 S 8114,226 11381,766 9479,496 8523,818 4190,8706 1620,6692
2,0314171 B 200,0774 2711,1306 9600,4 19194,375 11004,432 14935,567 S 8114,226 11381,766 9479,496 8523,818 4190,8706 1620,6692
2,0330355 B 200,0774 2711,1306 9600,4 19194,375 11004,432 14935,567 S 8114,226 11381,766 9479,496 8523,818 4190,8706 1620,6692
2,0348406 B 200,0774 2711,1306 9600,4 19194,375 11004,432 14935,567 S 8114,226 11381,766 9479,496 8523,818 4190,8706 1620,6692
2,0358946 B 200,0774 2711,1306 9600,4 19194,375 11004,432 14935,567 S 8114,226 11381,766 9479,496 8523,818 4190,8706 1620,6692
2,036 B 200,0774 2711,1306 9600,4 19194,375 11004,432 14935,567 S 8114,226 11381,766 9479,496 8523,818 4190,8706 1620,6692
2,0354674 B 200,0774 2711,1306 9600,4 19194,375 11004,432 14935,567 S 8114,226 11381,766 9479,496 8523,818 4190,8706 1620,6692
2,034615 B 200,0774 2711,1306 9600,4 19194,375 11004,432 14935,567 S 8114,226 11381,766 9479,496 8523,818 4190,8706 1620,6692
2,0342715 B 200,0774 2711,1306 9600,4 19194,375 11004,432 14935,567 S 8114,226 11381,766 9479,496 8523,818 4190,8706 1620,6692
2,0322027 B 200,0774 2711,1306 9600,4 19194,375 11004,432 14935,567 S 8114,226 11381,766 9479,496 8523,818 4190,8706 1620,6692
2,0320673 B 200,0774 2711,1306 9600,4 19194,375 11004,432 14935,567 S 8114,226 11381,766 9479,496 8523,818 4190,8706 1620,6692
2,0330613 B 200,0774 2711,1306 9600,4 19194,375 11004,432 14935,567 S 8114,226 11381,766 9479,496 8523,818 4190,8706 1620,6692
2,0347865 B 200,0774 2711,1306 9600,4 19194,375 11004,432 14935,567 S 8114,226 11381,766 9479,496 8523,818 4190,8706 1620,6692
2,0339994 B 200,0774 2711,1306 9600,4 19194,375 11004,432 14935,567 S 8114,226 11381,766 9479,496 8523,818 4190,8706 1620,6692
2,0280912 B 200,0774 2711,1306 9600,4 19194,375 11004,432 14935,567 S 8114,226 11381,766 9479,496 8523,818 4190,8706 1620,6692
2,0255446 B 200,0774 2711,1306 9600,4 19194,375 11004,432 14935,567 S 8114,226 11381,766 9479,496 8523,818 4190,8706 1620,6692
2,0249374 B 200,0774 2711,1306 9600,4 19194,375 11004,432 14935,567 S 8114,226 11381,766 9479,496 8523,818 4190,8706 1620,6692
2,024 B 200,0774 2711,1306 9600,4 19194,375 11004,432 14935,567 S 8114,226 11381,766 9479,496 8523,818 4190,8706 1620,6692
2,0242612 B 200,0774 2711,1306 9600,4 19194,375 11004,432 14935,567 S 8114,226 11381,766 9479,496 8523,818 4190,8706 1620,6692
2,0249336 B 200,0774 2711,1306 9600,4 19194,375 11004,432 14935,567 S 8114,226 11381,766 9479,496 8523,818 4190,8706 1620,6692
2,0239997 B 200,0774 2711,1306 9600,4 19194,375 11004,432 14935,567 S 8114,226 11381,766 9479,496 8523,818 4190,8706 1620,6692
2,0265563 B 200,0774 2711,1306 9600,4 19194,375 11004,432 14935,567 S 8114,226 11381,766 9479,496 8523,818 4190,8706 1620,6692
2,0268595 B 200,0774 2711,1306 9600,4 19194,375 11004,432 14935,567 S 8114,226 11381,766 9479,496 8523,818 4190,8706 1620,6692
2,0260003 B 200,0774 2711,1306 9600,4 19194,375 11004,432 14935,567 S 8114,226 11381,766 9479,496 8523,818 4190,8706 1620,6692
2,0260003 B 200,0774 2711,1306 9600,4 19194,375 11004,432 14935,567 S 8114,226 11381,766 9479,496 8523,818 4190,8706 1620,6692
2,026 B 200,0774 2711,1306 9600,4 19194,375 11004,432 14935,567 S 8114,226 11381,766 9479,496 8523,818 4190,8706 1620,6692
2,026 B 200,0774 2711,1306 9600,4 19194,375 11004,432 14935,567 S 8114,226 11381,766 9479,496 8523,818 4190,8706 1620,6692
2,0259995 B 200,0774 2711,1306 9600,4 19194,375 11004,432 14935,567 S 8114,226 11381,766 9479,496 8523,818 4190,8706 1620,6692
2,0260003 B 200,0774 2711,1306 9600,4 19194,375 11004,432 14935,567 S 8114,226 11381,766 9479,496 8523,818 4190,8706 1620,6692
2,026579 B 200,0774 2711,1306 9600,4 19194,375 11004,432 14935,567 S 8114,226 11381,766 9479,496 8523,818 4190,8706 1620,6692
2,0290005 B 200,0774 2711,1306 9600,4 19194,375 11004,432 14935,567 S 8114,226 11381,766 9479,496 8523,818 4190,8706 1620,6692
2,029 B 200,0774 2711,1306 9600,4 19194,375 11004,432 14935,567 S 8114,226 11381,766 9479,496 8523,818 4190,8706 1620,6692
2,029 B 200,0774 2711,1306 9600,4 19194,375 11004,432 14935,567 S 8114,226 11381,766 9479,496 8523,818 4190,8706 1620,6692
2,029 B 200,0774 2711,1306 9600,4 19194,375 11004,432 14935,567 S 8114,226 11381,766 9479,496 8523,818 4190,8706 1620,6692
2,0287902 B 200,0774 2711,1306 9600,4 19194,375 11004,432 14935,567 S 8114,226 11381,766 9479,496 8523,818 4190,8706 1620,6692
2,0284312 B 200,0774 2711,1306 9600,4 19194,375 11004,432 14935,567 S 8114,226 11381,766 9479,496 8523,818 4190,8706 1620,6692
2,0290005 B 200,0774 2711,1306 9600,4 19194,375 11004,432 14935,567 S 8114,226 11381,766 9479,496 8523,818 4190,8706 1620,6692
2,0290005 B 200,0774 2711,1306 9600,4 19194,375 11004,432 14935,567 S 8114,226 11381,766 9479,496 8523,818 4190,8706 1620,6692
2,0290003 B 200,0774 2711,1306 9600,4 19194,375 11004,432 14935,567 S 8114,226 11381,766 9479,496 8523,818 4190,8706 1620,6692
2,0288837 B 200,0774 2711,1306 9600,4 19194,375 11004,432 14935,567 S 8114,226 11381,766 9479,496 8523,818 4190,8706 1620,6692
2,0280004 B 200,0774 2711,1306 9600,4 19194,375 11004,432 14935,567 S 8114,226 11381,766 9479,496 8523,818 4190,8706 1620,6692
2,028 B 200,0774 2711,1306 9600,4 19194,375 11004,432 14935,567 S 8114,226 11381,766 9479,496 8523,818 4190,8706 1620,6692
2,028 B 200,0774 2711,1306 9600,4 19194,375 11004,432 14935,567 S 8114,226 11381,766 9479,496 8523,818 4190,8706 1620,6692
2,0280006 B 200,0774 2711,1306 9600,4 19194,375 11004,432 14935,567 S 8114,226 11381,766 9479,496 8523,818 4190,8706 1620,6692
2,0277717 B 200,0774 2711,1306 9600,4 19194,375 11004,432 14935,567 S 8114,226 11381,766 9479,496 8523,818 4190,8706 1620,6692
2,0269995 B 200,0774 2711,1306 9600,4 19194,375 11004,432 14935,567 S 8114,226 11381,766 9479,496 8523,818 4190,8706 1620,6692
2,0269997 B 200,0774 2711,1306 9600,4 19194,375 11004,432 14935,567 S 8114,226 11381,766 9479,496 8523,818 4190,8706 1620,6692
2,0269995 B 200,0774 2711,1306 9600,4 19194,375 11004,432 14935,567 S 8114,226 11381,766 9479,496 8523,818 4190,8706 1620,6692
2,027 B 200,0774 2711,1306 9600,4 19194,375 11004,432 14935,567 S 8114,226 11381,766 9479,496 8523,818 4190,8706 1620,6692
2,0269995 B 200,0774 2711,1306 9600,4 19194,375 11004,432 14935,567 S 8114,226 11381,766 9479,496 8523,818 4190,8706 1620,6692
2,0270002 B 200,0774 2711,1306 9600,4 19194,375 11004,432 14935,567 S 8114,226 11381,766 9479,496 8523,818 4190,8706 1620,6692
2,0254724 B 200,0774 2711,1306 9600,4 19194,375 11004,432 14935,567 S 8114,226 11381,766 9479,496 8523,818 4190,8706 1620,6692
2,0249994 B 200,0774 2711,1306 9600,4 19194,375 11004,432 14935,567 S 8114,226 11381,766 9479,496 8523,818 4190,8706 1620,6692
2,0250003 B 200,0774 2711,1306 9600,4 19194,375 11004,432 14935,567 S 8114,226 11381,766 9479,496 8523,818 4190,8706 1620,6692
2,025 B 200,0774 2711,1306 9600,4 19194,375 11004,432 14935,567 S 8114,226 11381,766 9479,496 8523,818 4190,8706 1620,6692
2,0246236 B 200,0774 2711,1306 9600,4 19194,375 11004,432 14935,567 S 8114,226 11381,766 9479,496 8523,818 4190,8706 1620,6692
2,024 B 200,0774 2711,1306 9600,4 19194,375 11004,432 14935,567 S 8114,226 11381,766 9479,496 8523,818 4190,8706 1620,6692
2,024 B 200,0774 2711,1306 9600,4 19194,375 11004,432 14935,567 S 8114,226 11381,766 9479,496 8523,818 4190,8706 1620,6692
2,024 B 200,0774 2711,1306 9600,4 19194,375 11004,432 14935,567 S 8114,226 11381,766 9479,496 8523,818 4190,8706 1620,6692
2,024 B 200,0774 2711,1306 9600,4 19194,375 11004,432 14935,567 S 8114,226 11381,766 9479,496 8523,818 4190,8706 1620,6692
2,0240004 B 200,0774 2711,1306 9600,4 19194,375 11004,432 14935,567 S 8114,226 11381,766 9479,496 8523,818 4190,8706 1620,6692
2,023999 B 200,0774 2711,1306 9600,4 19194,375 11004,432 14935,567 S 8114,226 11381,766 9479,496 8523,818 4190,8706 1620,6692
2,0239997 B 200,0774 2711,1306 9600,4 19194,375 11004,432 14935,567 S 8114,226 11381,766 9479,496 8523,818 4190,8706 1620,6692
2,023999 B 200,0774 2711,1306 9600,4 19194,375 11004,432 14935,567 S 8114,226 11381,766 9479,496 8523,818 4190,8706 1620,6692
2,0240006 B 200,0774 2711,1306 9600,4 19194,375 11004,432 14935,567 S 8114,226 11381,766 9479,496 8523,818 4190,8706 1620,6692
2,024 B 200,0774 2711,1306 9600,4 19194,375 11004,432 14935,567 S 8114,226 11381,766 9479,496 8523,818 4190,8706 1620,6692
2,0239997 B 200,0774 2711,1306 9600,4 19194,375 11004,432 14935,567 S 8114,226 11381,766 9479,496 8523,818 4190,8706 1620,6692
2,0240002 B 200,0774 2711,1306 9600,4 19194,375 11004,432 14935,567 S 8114,226 11381,766 9479,496 8523,818 4190,8706 1620,6692
2,0231497 B 200,0774 2711,1306 9600,4 19194,375 11004,432 14935,567 S 8114,226 11381,766 9479,496 8523,818 4190,8706 1620,6692
2,0229998 B 200,0774 2711,1306 9600,4 19194,375 11004,432 14935,567 S 8114,226 11381,766 9479,496 8523,818 4190,8706 1620,6692
2,0229998 B 200,0774 2711,1306 9600,4 19194,375 11004,432 14935,567 S 8114,226 11381,766 9479,496 8523,818 4190,8706 1620,6692
2,023 B 200,0774 2711,1306 9600,4 19194,375 11004,432 14935,567 S 8114,226 11381,766 9479,496 8523,818 4190,8706 1620,6692
2,0230002 B 200,0774 2711,1306 9600,4 19194,375 11004,432 14935,567 S 8114,226 11381,766 9479,496 8523,818 4190,8706 1620,6692
2,0229995 B 200,0774 2711,1306 9600,4 19194,375 11004,432 14935,567 S 8114,226 11381,766 9479,496 8523,818 4190,8706 1620,6692
2,0230007 B 200,0774 2711,1306 9600,4 19194,375 11004,432 14935,567 S 8114,226 11381,766 9479,496 8523,818 4190,8706 1620,6692
2,0229998 B 200,0774 2711,1306 9600,4 19194,375 11004,432 14935,567 S 8114,226 11381,766 9479,496 8523,818 4190,8706 1620,6692
2,0229995 B 200,0774 2711,1306 9600,4 19194,375 11004,432 14935,567 S 8114,226 11381,766 9479,496 8523,818 4190,8706 1620,6692
2,023 B 200,0774 2711,1306 9600,4 19194,375 11004,432 14935,567 S 8114,226 11381,766 9479,496 8523,818 4190,8706 1620,6692
2,0229998 B 200,0774 2711,1306 9600,4 19194,375 11004,432 14935,567 S 8114,226 11381,766 9479,496 8523,818 4190,8706 1620,6692
2,0229995 B 200,0774 2711,1306 9600,4 19194,375 11004,432 14935,567 S 8114,226 11381,766 9479,496 8523,818 4190,8706 1620,6692
2,0230005 B 200,0774 2711,1306 9600,4 19194,375 11004,432 14935,567 S 8114,226 11381,766 9479,496 8523,818 4190,8706 1620,6692
2,0230002 B 200,0774 2711,1306 9600,4 19194,375 11004,432 14935,567 S 8114,226 11381,766 9479,496 8523,818 4190,8706 1620,6692
2,0230002 B 200,0774 2711,1306 9600,4 19194,375 11004,432 14935,567 S 8114,226 11381,766 9479,496 8523,818 4190,8706 1620,6692
2,0230002 B 200,0774 2711,1306 9600,4 19194,375 11004,432 14935,567 S 8114,226 11381,766 9479,496 8523,818 4190,8706 1620,6692
2,0229998 B 200,0774 2711,1306 9600,4 19194,375 11004,432 14935,567 S 8114,226 11381,766 9479,496 8523,818 4190,8706 1620,6692
2,0229998 B 200,0774 2711,1306 9600,4 19194,375 11004,432 14935,567 S 8114,226 11381,766 9479,496 8523,818 4190,8706 1620,6692
2,022999 B 200,0774 2711,1306 9600,4 19194,375 11004,432 14935,567 S 8114,226 11381,766 9479,496 8523,818 4190,8706 1620,6692
2,0230002 B 200,0774 2711,1306 9600,4 19194,375 11004,432 14935,567 S 8114,226 11381,766 9479,496 8523,818 4190,8706 1620,6692
2,0229998 B 200,0774 2711,1306 9600,4 19194,375 11004,432 14935,567 S 8114,226 11381,766 9479,496 8523,818 4190,8706 1620,6692
2,0230002 B 200,0774 2711,1306 9600,4 19194,375 11004,432 14935,567 S 8114,226 11381,766 9479,496 8523,818 4190,8706 1620,6692
2,0229998 B 200,0774 2711,1306 9600,4 19194,375 11004,432 14935,567 S 8114,226 11381,766 9479,496 8523,818 4190,8706 1620,6692
2,0230002 B 200,0774 2711,1306 9600,4 19194,375 11004,432 14935,567 S 8114,226 11381,766 9479,496 8523,818 4190,8706 1620,6692
2,0230005 B 200,0774 2711,1306 9600,4 19194,375 11004,432 14935,567 S 8114,226 11381,766 9479,496 8523,818 4190,8706 1620,6692
2,0236917 B 200,0774 2711,1306 9600,4 19194,375 11004,432 14935,567 S 8114,226 11381,766 9479,496 8523,818 4190,8706 1620,6692
2,0240004 B 200,0774 2711,1306 9600,4 19194,375 11004,432 14935,567 S 8114,226 11381,766 9479,496 8523,818 4190,8706 1620,6692
2,024 B 200,0774 2711,1306 9600,4 19194,375 11004,432 14935,567 S 8114,226 11381,766 9479,496 8523,818 4190,8706 1620,6692
2,0239322 B 200,0774 2711,1306 9600,4 19194,375 11004,432 14935,567 S 8114,226 11381,766 9479,496 8523,818 4190,8706 1620,6692
2,0239997 B 200,0774 2711,1306 9600,4 19194,375 11004,432 14935,567 S 8114,226 11381,766 9479,496 8523,818 4190,8706 1620,6692
2,0239997 B 200,0774 2711,1306 9600,4 19194,375 11004,432 14935,567 S 8114,226 11381,766 9479,496 8523,818 4190,8706 1620,6692
2,024337 B 200,0774 2711,1306 9600,4 19194,375 11004,432 14935,567 S 8114,226 11381,766 9479,496 8523,818 4190,8706 1620,6692
2,0249999 B 200,0774 2711,1306 9600,4 19194,375 11004,432 14935,567 S 8114,226 11381,766 9479,496 8523,818 4190,8706 1620,6692
2,0249584 B 200,0774 2711,1306 9600,4 19194,375 11004,432 14935,567 S 8114,226 11381,766 9479,496 8523,818 4190,8706 1620,6692
2,0242865 B 200,0774 2711,1306 9600,4 19194,375 11004,432 14935,567 S 8114,226 11381,766 9479,496 8523,818 4190,8706 1620,6692
2,024 B 200,0774 2711,1306 9600,4 19194,375 11004,432 14935,567 S 8114,226 11381,766 9479,496 8523,818 4190,8706 1620,6692
2,0240002 B 200,0774 2711,1306 9600,4 19194,375 11004,432 14935,567 S 8114,226 11381,766 9479,496 8523,818 4190,8706 1620,6692
2,024 B 200,0774 2711,1306 9600,4 19194,375 11004,432 14935,567 S 8114,226 11381,766 9479,496 8523,818 4190,8706 1620,6692
2,0229897 B 200,0774 2711,1306 9600,4 19194,375 11004,432 14935,567 S 8114,226 11381,766 9479,496 8523,818 4190,8706 1620,6692
2,022185 B 200,0774 2711,1306 9600,4 19194,375 11004,432 14935,567 S 8114,226 11381,766 9479,496 8523,818 4190,8706 1620,6692
2,0210001 B 200,0774 2711,1306 9600,4 19194,375 11004,432 14935,567 S 8114,226 11381,766 9479,496 8523,818 4190,8706 1620,6692
2,0215027 B 200,0774 2711,1306 9600,4 19194,375 11004,432 14935,567 S 8114,226 11381,766 9479,496 8523,818 4190,8706 1620,6692
2,0222194 B 200,0774 2711,1306 9600,4 19194,375 11004,432 14935,567 S 8114,226 11381,766 9479,496 8523,818 4190,8706 1620,6692
2,0224106 B 200,0774 2711,1306 9600,4 19194,375 11004,432 14935,567 S 8114,226 11381,766 9479,496 8523,818 4190,8706 1620,6692
2,0238662 B 200,0774 2711,1306 9600,4 19194,375 11004,432 14935,567 S 8114,226 11381,766 9479,496 8523,818 4190,8706 1620,6692
2,0250003 B 200,0774 2711,1306 9600,4 19194,375 11004,432 14935,567 S 8114,226 11381,766 9479,496 8523,818 4190,8706 1620,6692
2,0250006 B 200,0774 2711,1306 9600,4 19194,375 11004,432 14935,567 S 8114,226 11381,766 9479,496 8523,818 4190,8706 1620,6692
2,0249076 B 200,0774 2711,1306 9600,4 19194,375 11004,432 14935,567 S 8114,226 11381,766 9479,496 8523,818 4190,8706 1620,6692
2,022867 B 200,0774 2711,1306 9600,4 19194,375 11004,432 14935,567 S 8114,226 11381,766 9479,496 8523,818 4190,8706 1620,6692
2,021874 B 200,0774 2711,1306 9600,4 19194,375 11004,432 14935,567 S 8114,226 11381,766 9479,496 8523,818 4190,8706 1620,6692
2,022 B 200,0774 2711,1306 9600,4 19194,375 11004,432 14935,567 S 8114,226 11381,766 9479,496 8523,818 4190,8706 1620,6692
2,0220003 B 200,0774 2711,1306 9600,4 19194,375 11004,432 14935,567 S 8114,226 11381,766 9479,496 8523,818 4190,8706 1620,6692
2,023567 B 200,0774 2711,1306 9600,4 19194,375 11004,432 14935,567 S 8114,226 11381,766 9479,496 8523,818 4190,8706 1620,6692
2,0240004 B 200,0774 2711,1306 9600,4 19194,375 11004,432 14935,567 S 8114,226 11381,766 9479,496 8523,818 4190,8706 1620,6692
2,0239997 B 200,0774 2711,1306 9600,4 19194,375 11004,432 14935,567 S 8114,226 11381,766 9479,496 8523,818 4190,8706 1620,6692
2,0239997 B 200,0774 2711,1306 9600,4 19194,375 11004,432 14935,567 S 8114,226 11381,766 9479,496 8523,818 4190,8706 1620,6692
2,0239997 B 200,0774 2711,1306 9600,4 19194,375 11004,432 14935,567 S 8114,226 11381,766 9479,496 8523,818 4190,8706 1620,6692
2,023062 B 200,0774 2711,1306 9600,4 19194,375 11004,432 14935,567 S 8114,226 11381,766 9479,496 8523,818 4190,8706 1620,6692
2,0219998 B 200,0774 2711,1306 9600,4 19194,375 11004,432 14935,567 S 8114,226 11381,766 9479,496 8523,818 4190,8706 1620,6692
2,0219994 B 200,0774 2711,1306 9600,4 19194,375 11004,432 14935,567 S 8114,226 11381,766 9479,496 8523,818 4190,8706 1620,6692
2,0206804 B 200,0774 2711,1306 9600,4 19194,375 11004,432 14935,567 S 8114,226 11381,766 9479,496 8523,818 4190,8706 1620,6692
2,0189996 B 200,0774 2711,1306 9600,4 19194,375 11004,432 14935,567 S 8114,226 11381,766 9479,496 8523,818 4190,8706 1620,6692
2,0181987 B 200,0774 2711,1306 9600,4 19194,375 11004,432 14935,567 S 8114,226 11381,766 9479,496 8523,818 4190,8706 1620,6692
2,0180001 B 200,0774 2711,1306 9600,4 19194,375 11004,432 14935,567 S 8114,226 11381,766 9479,496 8523,818 4190,8706 1620,6692
2,018 B 200,0774 2711,1306 9600,4 19194,375 11004,432 14935,567 S 8114,226 11381,766 9479,496 8523,818 4190,8706 1620,6692
2,0180004 B 200,0774 2711,1306 9600,4 19194,375 11004,432 14935,567 S 8114,226 11381,766 9479,496 8523,818 4190,8706 1620,6692
2,0180006 B 200,0774 2711,1306 9600,4 19194,375 11004,432 14935,567 S 8114,226 11381,766 9479,496 8523,818 4190,8706 1620,6692
2,0180008 B 200,0774 2711,1306 9600,4 19194,375 11004,432 14935,567 S 8114,226 11381,766 9479,496 8523,818 4190,8706 1620,6692
2,0180006 B 200,0774 2711,1306 9600,4 19194,375 11004,432 14935,567 S 8114,226 11381,766 9479,496 8523,818 4190,8706 1620,6692
2,016396 B 200,0774 2711,1306 9600,4 19194,375 11004,432 14935,567 S 8114,226 11381,766 9479,496 8523,818 4190,8706 1620,6692
2,0153246 B 200,0774 2711,1306 9600,4 19194,375 11004,432 14935,567 S 8114,226 11381,766 9479,496 8523,818 4190,8706 1620,6692
2,0160005 B 200,0774 2711,1306 9600,4 19194,375 11004,432 14935,567 S 8114,226 11381,766 9479,496 8523,818 4190,8706 1620,6692
2,0154793 B 200,0774 2711,1306 9600,4 19194,375 11004,432 14935,567 S 8114,226 11381,766 9479,496 8523,818 4190,8706 1620,6692
2,0150003 B 200,0774 2711,1306 9600,4 19194,375 11004,432 14935,567 S 8114,226 11381,766 9479,496 8523,818 4190,8706 1620,6692
2,013199 B 200,0774 2711,1306 9600,4 19194,375 11004,432 14935,567 S 8114,226 11381,766 9479,496 8523,818 4190,8706 1620,6692
2,0112417 B 200,0774 2711,1306 9600,4 19194,375 11004,432 14935,567 S 8114,226 11381,766 9479,496 8523,818 4190,8706 1620,6692
2,015 B 200,0774 2711,1306 9600,4 19194,375 11004,432 14935,567 S 8114,226 11381,766 9479,496 8523,818 4190,8706 1620,6692
2,0151362 B 200,0774 2711,1306 9600,4 19194,375 11004,432 14935,567 S 8114,226 11381,766 9479,496 8523,818 4190,8706 1620,6692
2,0160553 B 200,0774 2711,1306 9600,4 19194,375 11004,432 14935,567 S 8114,226 11381,766 9479,496 8523,818 4190,8706 1620,6692
2,017 B 200,0774 2711,1306 9600,4 19194,375 11004,432 14935,567 S 8114,226 11381,766 9479,496 8523,818 4190,8706 1620,6692
2,017 B 200,0774 2711,1306 9600,4 19194,375 11004,432 14935,567 S 8114,226 11381,766 9479,496 8523,818 4190,8706 1620,6692
2,0159645 B 200,0774 2711,1306 9600,4 19194,375 11004,432 14935,567 S 8114,226 11381,766 9479,496 8523,818 4190,8706 1620,6692
2,0140002 B 200,0774 2711,1306 9600,4 19194,375 11004,432 14935,567 S 8114,226 11381,766 9479,496 8523,818 4190,8706 1620,6692
2,0139997 B 200,0774 2711,1306 9600,4 19194,375 11004,432 14935,567 S 8114,226 11381,766 9479,496 8523,818 4190,8706 1620,6692
2,0139995 B 200,0774 2711,1306 9600,4 19194,375 11004,432 14935,567 S 8114,226 11381,766 9479,496 8523,818 4190,8706 1620,6692
2,0139997 B 200,0774 2711,1306 9600,4 19194,375 11004,432 14935,567 S 8114,226 11381,766 9479,496 8523,818 4190,8706 1620,6692
2,0140007 B 200,0774 2711,1306 9600,4 19194,375 11004,432 14935,567 S 8114,226 11381,766 9479,496 8523,818 4190,8706 1620,6692
2,0139997 B 200,0774 2711,1306 9600,4 19194,375 11004,432 14935,567 S 8114,226 11381,766 9479,496 8523,818 4190,8706 1620,6692
2,0139995 B 200,0774 2711,1306 9600,4 19194,375 11004,432 14935,567 S 8114,226 11381,766 9479,496 8523,818 4190,8706 1620,6692
2,0140002 B 200,0774 2711,1306 9600,4 19194,375 11004,432 14935,567 S 8114,226 11381,766 9479,496 8523,818 4190,8706 1620,6692
2,0140004 B 200,0774 2711,1306 9600,4 19194,375 11004,432 14935,567 S 8114,226 11381,766 9479,496 8523,818 4190,8706 1620,6692
2,0153916 B 200,0774 2711,1306 9600,4 19194,375 11004,432 14935,567 S 8114,226 11381,766 9479,496 8523,818 4190,8706 1620,6692
2,016 B 200,0774 2711,1306 9600,4 19194,375 11004,432 14935,567 S 8114,226 11381,766 9479,496 8523,818 4190,8706 1620,6692
2,0159998 B 200,0774 2711,1306 9600,4 19194,375 11004,432 14935,567 S 8114,226 11381,766 9479,496 8523,818 4190,8706 1620,6692
2,0160005 B 200,0774 2711,1306 9600,4 19194,375 11004,432 14935,567 S 8114,226 11381,766 9479,496 8523,818 4190,8706 1620,6692
2,016 B 200,0774 2711,1306 9600,4 19194,375 11004,432 14935,567 S 8114,226 11381,766 9479,496 8523,818 4190,8706 1620,6692
2,0158496 B 200,0774 2711,1306 9600,4 19194,375 11004,432 14935,567 S 8114,226 11381,766 9479,496 8523,818 4190,8706 1620,6692
2,0150003 B 200,0774 2711,1306 9600,4 19194,375 11004,432 14935,567 S 8114,226 11381,766 9479,496 8523,818 4190,8706 1620,6692
2,0150006 B 200,0774 2711,1306 9600,4 19194,375 11004,432 14935,567 S 8114,226 11381,766 9479,496 8523,818 4190,8706 1620,6692
2,0149996 B 200,0774 2711,1306 9600,4 19194,375 11004,432 14935,567 S 8114,226 11381,766 9479,496 8523,818 4190,8706 1620,6692
2,0140314 B 200,0774 2711,1306 9600,4 19194,375 11004,432 14935,567 S 8114,226 11381,766 9479,496 8523,818 4190,8706 1620,6692
2,0132911 B 200,0774 2711,1306 9600,4 19194,375 11004,432 14935,567 S 8114,226 11381,766 9479,496 8523,818 4190,8706 1620,6692
2,0129998 B 200,0774 2711,1306 9600,4 19194,375 11004,432 14935,567 S 8114,226 11381,766 9479,496 8523,818 4190,8706 1620,6692
2,0124862 B 200,0774 2711,1306 9600,4 19194,375 11004,432 14935,567 S 8114,226 11381,766 9479,496 8523,818 4190,8706 1620,6692
2,0100567 B 200,0774 2711,1306 9600,4 19194,375 11004,432 14935,567 S 8114,226 11381,766 9479,496 8523,818 4190,8706 1620,6692
2,01 B 200,0774 2711,1306 9600,4 19194,375 11004,432 14935,567 S 8114,226 11381,766 9479,496 8523,818 4190,8706 1620,6692
2,0100005 B 200,0774 2711,1306 9600,4 19194,375 11004,432 14935,567 S 8114,226 11381,766 9479,496 8523,818 4190,8706 1620,6692
2,0100005 B 200,0774 2711,1306 9600,4 19194,375 11004,432 14935,567 S 8114,226 11381,766 9479,496 8523,818 4190,8706 1620,6692
2,0119483 B 200,0774 2711,1306 9600,4 19194,375 11004,432 14935,567 S 8114,226 11381,766 9479,496 8523,818 4190,8706 1620,6692
2,0119996 B 200,0774 2711,1306 9600,4 19194,375 11004,432 14935,567 S 8114,226 11381,766 9479,496 8523,818 4190,8706 1620,6692
2,0122523 B 200,0774 2711,1306 9600,4 19194,375 11004,432 14935,567 S 8114,226 11381,766 9479,496 8523,818 4190,8706 1620,6692
2,014 B 200,0774 2711,1306 9600,4 19194,375 11004,432 14935,567 S 8114,226 11381,766 9479,496 8523,818 4190,8706 1620,6692
2,0139995 B 200,0774 2711,1306 9600,4 19194,375 11004,432 14935,567 S 8114,226 11381,766 9479,496 8523,818 4190,8706 1620,6692
2,0140002 B 200,0774 2711,1306 9600,4 19194,375 11004,432 14935,567 S 8114,226 11381,766 9479,496 8523,818 4190,8706 1620,6692
2,0140002 B 200,0774 2711,1306 9600,4 19194,375 11004,432 14935,567 S 8114,226 11381,766 9479,496 8523,818 4190,8706 1620,6692
2,0140004 B 200,0774 2711,1306 9600,4 19194,375 11004,432 14935,567 S 8114,226 11381,766 9479,496 8523,818 4190,8706 1620,6692
2,0140002 B 200,0774 2711,1306 9600,4 19194,375 11004,432 14935,567 S 8114,226 11381,766 9479,496 8523,818 4190,8706 1620,6692
2,0140002 B 200,0774 2711,1306 9600,4 19194,375 11004,432 14935,567 S 8114,226 11381,766 9479,496 8523,818 4190,8706 1620,6692
2,0132737 B 200,0774 2711,1306 9600,4 19194,375 11004,432 14935,567 S 8114,226 11381,766 9479,496 8523,818 4190,8706 1620,6692
2,0120008 B 200,0774 2711,1306 9600,4 19194,375 11004,432 14935,567 S 8114,226 11381,766 9479,496 8523,818 4190,8706 1620,6692
2,0111537 B 200,0774 2711,1306 9600,4 19194,375 11004,432 14935,567 S 8114,226 11381,766 9479,496 8523,818 4190,8706 1620,6692
2,0110006 B 200,0774 2711,1306 9600,4 19194,375 11004,432 14935,567 S 8114,226 11381,766 9479,496 8523,818 4190,8706 1620,6692
2,011 B 200,0774 2711,1306 9600,4 19194,375 11004,432 14935,567 S 8114,226 11381,766 9479,496 8523,818 4190,8706 1620,6692
2,0102096 B 200,0774 2711,1306 9600,4 19194,375 11004,432 14935,567 S 8114,226 11381,766 9479,496 8523,818 4190,8706 1620,6692
2,009486 B 200,0774 2711,1306 9600,4 19194,375 11004,432 14935,567 S 8114,226 11381,766 9479,496 8523,818 4190,8706 1620,6692
2,0090005 B 200,0774 2711,1306 9600,4 19194,375 11004,432 14935,567 S 8114,226 11381,766 9479,496 8523,818 4190,8706 1620,6692
2,0089993 B 200,0774 2711,1306 9600,4 19194,375 11004,432 14935,567 S 8114,226 11381,766 9479,496 8523,818 4190,8706 1620,6692
2,0096412 B 200,0774 2711,1306 9600,4 19194,375 11004,432 14935,567 S 8114,226 11381,766 9479,496 8523,818 4190,8706 1620,6692
2,0099998 B 200,0774 2711,1306 9600,4 19194,375 11004,432 14935,567 S 8114,226 11381,766 9479,496 8523,818 4190,8706 1620,6692
2,0099998 B 200,0774 2711,1306 9600,4 19194,375 11004,432 14935,567 S 8114,226 11381,766 9479,496 8523,818 4190,8706 1620,6692
2,01 B 200,0774 2711,1306 9600,4 19194,375 11004,432 14935,567 S 8114,226 11381,766 9479,496 8523,818 4190,8706 1620,6692
2,0099998 B 200,0774 2711,1306 9600,4 19194,375 11004,432 14935,567 S 8114,226 11381,766 9479,496 8523,818 4190,8706 1620,6692
2,0100005 B 200,0774 2711,1306 9600,4 19194,375 11004,432 14935,567 S 8114,226 11381,766 9479,496 8523,818 4190,8706 1620,6692
2,0109363 B 200,0774 2711,1306 9600,4 19194,375 11004,432 14935,567 S 8114,226 11381,766 9479,496 8523,818 4190,8706 1620,6692
2,009274 B 200,0774 2711,1306 9600,4 19194,375 11004,432 14935,567 S 8114,226 11381,766 9479,496 8523,818 4190,8706 1620,6692
2,009 B 200,0774 2711,1306 9600,4 19194,375 11004,432 14935,567 S 8114,226 11381,766 9479,496 8523,818 4190,8706 1620,6692
2,0089996 B 200,0774 2711,1306 9600,4 19194,375 11004,432 14935,567 S 8114,226 11381,766 9479,496 8523,818 4190,8706 1620,6692
2,0089078 B 200,0774 2711,1306 9600,4 19194,375 11004,432 14935,567 S 8114,226 11381,766 9479,496 8523,818 4190,8706 1620,6692
2,0079992 B 200,0774 2711,1306 9600,4 19194,375 11004,432 14935,567 S 8114,226 11381,766 9479,496 8523,818 4190,8706 1620,6692
2,0057132 B 200,0774 2711,1306 9600,4 19194,375 11004,432 14935,567 S 8114,226 11381,766 9479,496 8523,818 4190,8706 1620,6692
2,0050004 B 200,0774 2711,1306 9600,4 19194,375 11004,432 14935,567 S 8114,226 11381,766 9479,496 8523,818 4190,8706 1620,6692
2,0050004 B 200,0774 2711,1306 9600,4 19194,375 11004,432 14935,567 S 8114,226 11381,766 9479,496 8523,818 4190,8706 1620,6692
2,0049996 B 200,0774 2711,1306 9600,4 19194,375 11004,432 14935,567 S 8114,226 11381,766 9479,496 8523,818 4190,8706 1620,6692
2,005 B 200,0774 2711,1306 9600,4 19194,375 11004,432 14935,567 S 8114,226 11381,766 9479,496 8523,818 4190,8706 1620,6692
2,0049999 B 200,0774 2711,1306 9600,4 19194,375 11004,432 14935,567 S 8114,226 11381,766 9479,496 8523,818 4190,8706 1620,6692
2,0049999 B 200,0774 2711,1306 9600,4 19194,375 11004,432 14935,567 S 8114,226 11381,766 9479,496 8523,818 4190,8706 1620,6692
2,0050004 B 200,0774 2711,1306 9600,4 19194,375 11004,432 14935,567 S 8114,226 11381,766 9479,496 8523,818 4190,8706 1620,6692
2,0076106 B 200,0774 2711,1306 9600,4 19194,375 11004,432 14935,567 S 8114,226 11381,766 9479,496 8523,818 4190,8706 1620,6692
2,0116587 B 200,0774 2711,1306 9600,4 19194,375 11004,432 14935,567 S 8114,226 11381,766 9479,496 8523,818 4190,8706 1620,6692
2,0141556 B 200,0774 2711,1306 9600,4 19194,375 11004,432 14935,567 S 8114,226 11381,766 9479,496 8523,818 4190,8706 1620,6692
2,015 B 200,0774 2711,1306 9600,4 19194,375 11004,432 14935,567 S 8114,226 11381,766 9479,496 8523,818 4190,8706 1620,6692
2,0135653 B 200,0774 2711,1306 9600,4 19194,375 11004,432 14935,567 S 8114,226 11381,766 9479,496 8523,818 4190,8706 1620,6692
2,0130005 B 200,0774 2711,1306 9600,4 19194,375 11004,432 14935,567 S 8114,226 11381,766 9479,496 8523,818 4190,8706 1620,6692
2,0128446 B 200,0774 2711,1306 9600,4 19194,375 11004,432 14935,567 S 8114,226 11381,766 9479,496 8523,818 4190,8706 1620,6692
2,0119998 B 200,0774 2711,1306 9600,4 19194,375 11004,432 14935,567 S 8114,226 11381,766 9479,496 8523,818 4190,8706 1620,6692
2,0139232 B 200,0774 2711,1306 9600,4 19194,375 11004,432 14935,567 S 8114,226 11381,766 9479,496 8523,818 4190,8706 1620,6692
