2,030418
2,0299997 B 1042,5825 15717,956 13230,463 4911,3506 19620,404 1492,6503 S 743,43005 4391,8955 17972,174 11563,095 14038,193 2940,1704
2,0299997 B 1042,5825 15717,956 13230,463 4911,3506 19620,404 1492,6503 S 743,43005 4391,8955 17972,174 11563,095 14038,193 2940,1704
2,0299997 B 1042,5825 15717,956 13230,463 4911,3506 19620,404 1492,6503 S 743,43005 4391,8955 17972,174 11563,095 14038,193 2940,1704
2,03 B 1042,5825 15717,956 13230,463 4911,3506 19620,404 1492,6503 S 743,43005 4391,8955 17972,174 11563,095 14038,193 2940,1704
2,0299993 B 1042,5825 15717,956 13230,463 4911,3506 19620,404 1492,6503 S 743,43005 4391,8955 17972,174 11563,095 14038,193 2940,1704
2,0300002 B 1042,5825 15717,956 13230,463 4911,3506 19620,404 1492,6503 S 743,43005 4391,8955 17972,174 11563,095 14038,193 2940,1704
2,03 B 1042,5825 15717,956 13230,463 4911,3506 19620,404 1492,6503 S 743,43005 4391,8955 17972,174 11563,095 14038,193 2940,1704
2,03 B 1042,5825 15717,956 13230,463 4911,3506 19620,404 1492,6503 S 743,43005 4391,8955 17972,174 11563,095 14038,193 2940,1704
2,03 B 1042,5825 15717,956 13230,463 4911,3506 19620,404 1492,6503 S 743,43005 4391,8955 17972,174 11563,095 14038,193 2940,1704
2,0300002 B 1042,5825 15717,956 13230,463 4911,3506 19620,404 1492,6503 S 743,43005 4391,8955 17972,174 11563,095 14038,193 2940,1704
2,0300002 B 1042,5825 15717,956 13230,463 4911,3506 19620,404 1492,6503 S 743,43005 4391,8955 17972,174 11563,095 14038,193 2940,1704
2,0300004 B 1042,5825 15717,956 13230,463 4911,3506 19620,404 1492,6503 S 743,43005 4391,8955 17972,174 11563,095 14038,193 2940,1704
2,0299995 B 1042,5825 15717,956 13230,463 4911,3506 19620,404 1492,6503 S 743,43005 4391,8955 17972,174 11563,095 14038,193 2940,1704
2,0306575 B 1042,5825 15717,956 13230,463 4911,3506 19620,404 1492,6503 S 743,43005 4391,8955 17972,174 11563,095 14038,193 2940,1704
2,0310001 B 1042,5825 15717,956 13230,463 4911,3506 19620,404 1492,6503 S 743,43005 4391,8955 17972,174 11563,095 14038,193 2940,1704
2,0310009 B 1042,5825 15717,956 13230,463 4911,3506 19620,404 1492,6503 S 743,43005 4391,8955 17972,174 11563,095 14038,193 2940,1704
2,0309992 B 1042,5825 15717,956 13230,463 4911,3506 19620,404 1492,6503 S 743,43005 4391,8955 17972,174 11563,095 14038,193 2940,1704
2,0310004 B 1042,5825 15717,956 13230,463 4911,3506 19620,404 1492,6503 S 743,43005 4391,8955 17972,174 11563,095 14038,193 2940,1704
2,0310004 B 1042,5825 15717,956 13230,463 4911,3506 19620,404 1492,6503 S 743,43005 4391,8955 17972,174 11563,095 14038,193 2940,1704
2,0310004 B 1042,5825 15717,956 13230,463 4911,3506 19620,404 1492,6503 S 743,43005 4391,8955 17972,174 11563,095 14038,193 2940,1704
2,029678 B 1042,5825 15717,956 13230,463 4911,3506 19620,404 1492,6503 S 743,43005 4391,8955 17972,174 11563,095 14038,193 2940,1704
2,029 B 1042,5825 15717,956 13230,463 4911,3506 19620,404 1492,6503 S 743,43005 4391,8955 17972,174 11563,095 14038,193 2940,1704
2,0289998 B 1042,5825 15717,956 13230,463 4911,3506 19620,404 1492,6503 S 743,43005 4391,8955 17972,174 11563,095 14038,193 2940,1704
2,0289998 B 1042,5825 15717,956 13230,463 4911,3506 19620,404 1492,6503 S 743,43005 4391,8955 17972,174 11563,095 14038,193 2940,1704
2,029 B 1042,5825 15717,956 13230,463 4911,3506 19620,404 1492,6503 S 743,43005 4391,8955 17972,174 11563,095 14038,193 2940,1704
2,0283113 B 1042,5825 15717,956 13230,463 4911,3506 19620,404 1492,6503 S 743,43005 4391,8955 17972,174 11563,095 14038,193 2940,1704
2,0270002 B 1042,5825 15717,956 13230,463 4911,3506 19620,404 1492,6503 S 743,43005 4391,8955 17972,174 11563,095 14038,193 2940,1704
2,027 B 1042,5825 15717,956 13230,463 4911,3506 19620,404 1492,6503 S 743,43005 4391,8955 17972,174 11563,095 14038,193 2940,1704
2,0270002 B 1042,5825 15717,956 13230,463 4911,3506 19620,404 1492,6503 S 743,43005 4391,8955 17972,174 11563,095 14038,193 2940,1704
2,0270004 B 1042,5825 15717,956 13230,463 4911,3506 19620,404 1492,6503 S 743,43005 4391,8955 17972,174 11563,095 14038,193 2940,1704
2,027 B 1042,5825 15717,956 13230,463 4911,3506 19620,404 1492,6503 S 743,43005 4391,8955 17972,174 11563,095 14038,193 2940,1704
2,0270002 B 1042,5825 15717,956 13230,463 4911,3506 19620,404 1492,6503 S 743,43005 4391,8955 17972,174 11563,095 14038,193 2940,1704
2,0269992 B 1042,5825 15717,956 13230,463 4911,3506 19620,404 1492,6503 S 743,43005 4391,8955 17972,174 11563,095 14038,193 2940,1704
2,0270002 B 1042,5825 15717,956 13230,463 4911,3506 19620,404 1492,6503 S 743,43005 4391,8955 17972,174 11563,095 14038,193 2940,1704
2,0261998 B 1042,5825 15717,956 13230,463 4911,3506 19620,404 1492,6503 S 743,43005 4391,8955 17972,174 11563,095 14038,193 2940,1704
2,025993 B 1042,5825 15717,956 13230,463 4911,3506 19620,404 1492,6503 S 743,43005 4391,8955 17972,174 11563,095 14038,193 2940,1704
2,0246964 B 1042,5825 15717,956 13230,463 4911,3506 19620,404 1492,6503 S 743,43005 4391,8955 17972,174 11563,095 14038,193 2940,1704
2,0236712 B 1042,5825 15717,956 13230,463 4911,3506 19620,404 1492,6503 S 743,43005 4391,8955 17972,174 11563,095 14038,193 2940,1704
2,0240002 B 1042,5825 15717,956 13230,463 4911,3506 19620,404 1492,6503 S 743,43005 4391,8955 17972,174 11563,095 14038,193 2940,1704
2,0239997 B 1042,5825 15717,956 13230,463 4911,3506 19620,404 1492,6503 S 743,43005 4391,8955 17972,174 11563,095 14038,193 2940,1704
2,0239997 B 1042,5825 15717,956 13230,463 4911,3506 19620,404 1492,6503 S 743,43005 4391,8955 17972,174 11563,095 14038,193 2940,1704
2,0240004 B 1042,5825 15717,956 13230,463 4911,3506 19620,404 1492,6503 S 743,43005 4391,8955 17972,174 11563,095 14038,193 2940,1704
2,0239997 B 1042,5825 15717,956 13230,463 4911,3506 19620,404 1492,6503 S 743,43005 4391,8955 17972,174 11563,095 14038,193 2940,1704
2,0240004 B 1042,5825 15717,956 13230,463 4911,3506 19620,404 1492,6503 S 743,43005 4391,8955 17972,174 11563,095 14038,193 2940,1704
2,0239997 B 1042,5825 15717,956 13230,463 4911,3506 19620,404 1492,6503 S 743,43005 4391,8955 17972,174 11563,095 14038,193 2940,1704
2,024 B 1042,5825 15717,956 13230,463 4911,3506 19620,404 1492,6503 S 743,43005 4391,8955 17972,174 11563,095 14038,193 2940,1704
2,0241709 B 1042,5825 15717,956 13230,463 4911,3506 19620,404 1492,6503 S 743,43005 4391,8955 17972,174 11563,095 14038,193 2940,1704
2,025 B 1042,5825 15717,956 13230,463 4911,3506 19620,404 1492,6503 S 743,43005 4391,8955 17972,174 11563,095 14038,193 2940,1704
2,0249999 B 1042,5825 15717,956 13230,463 4911,3506 19620,404 1492,6503 S 743,43005 4391,8955 17972,174 11563,095 14038,193 2940,1704
2,0249996 B 1042,5825 15717,956 13230,463 4911,3506 19620,404 1492,6503 S 743,43005 4391,8955 17972,174 11563,095 14038,193 2940,1704
2,025 B 1042,5825 15717,956 13230,463 4911,3506 19620,404 1492,6503 S 743,43005 4391,8955 17972,174 11563,095 14038,193 2940,1704
2,0250006 B 1042,5825 15717,956 13230,463 4911,3506 19620,404 1492,6503 S 743,43005 4391,8955 17972,174 11563,095 14038,193 2940,1704
2,0249991 B 1042,5825 15717,956 13230,463 4911,3506 19620,404 1492,6503 S 743,43005 4391,8955 17972,174 11563,095 14038,193 2940,1704
2,0250003 B 1042,5825 15717,956 13230,463 4911,3506 19620,404 1492,6503 S 743,43005 4391,8955 17972,174 11563,095 14038,193 2940,1704
2,025 B 1042,5825 15717,956 13230,463 4911,3506 19620,404 1492,6503 S 743,43005 4391,8955 17972,174 11563,095 14038,193 2940,1704
2,0249999 B 1042,5825 15717,956 13230,463 4911,3506 19620,404 1492,6503 S 743,43005 4391,8955 17972,174 11563,095 14038,193 2940,1704
2,0250006 B 1042,5825 15717,956 13230,463 4911,3506 19620,404 1492,6503 S 743,43005 4391,8955 17972,174 11563,095 14038,193 2940,1704
2,0249999 B 1042,5825 15717,956 13230,463 4911,3506 19620,404 1492,6503 S 743,43005 4391,8955 17972,174 11563,095 14038,193 2940,1704
2,0250003 B 1042,5825 15717,956 13230,463 4911,3506 19620,404 1492,6503 S 743,43005 4391,8955 17972,174 11563,095 14038,193 2940,1704
2,0250006 B 1042,5825 15717,956 13230,463 4911,3506 19620,404 1492,6503 S 743,43005 4391,8955 17972,174 11563,095 14038,193 2940,1704
2,025 B 1042,5825 15717,956 13230,463 4911,3506 19620,404 1492,6503 S 743,43005 4391,8955 17972,174 11563,095 14038,193 2940,1704
2,0250006 B 1042,5825 15717,956 13230,463 4911,3506 19620,404 1492,6503 S 743,43005 4391,8955 17972,174 11563,095 14038,193 2940,1704
2,0257304 B 1042,5825 15717,956 13230,463 4911,3506 19620,404 1492,6503 S 743,43005 4391,8955 17972,174 11563,095 14038,193 2940,1704
2,026 B 1042,5825 15717,956 13230,463 4911,3506 19620,404 1492,6503 S 743,43005 4391,8955 17972,174 11563,095 14038,193 2940,1704
2,0260005 B 1042,5825 15717,956 13230,463 4911,3506 19620,404 1492,6503 S 743,43005 4391,8955 17972,174 11563,095 14038,193 2940,1704
2,026 B 1042,5825 15717,956 13230,463 4911,3506 19620,404 1492,6503 S 743,43005 4391,8955 17972,174 11563,095 14038,193 2940,1704
2,0260003 B 1042,5825 15717,956 13230,463 4911,3506 19620,404 1492,6503 S 743,43005 4391,8955 17972,174 11563,095 14038,193 2940,1704
2,026 B 1042,5825 15717,956 13230,463 4911,3506 19620,404 1492,6503 S 743,43005 4391,8955 17972,174 11563,095 14038,193 2940,1704
2,0260003 B 1042,5825 15717,956 13230,463 4911,3506 19620,404 1492,6503 S 743,43005 4391,8955 17972,174 11563,095 14038,193 2940,1704
2,0259998 B 1042,5825 15717,956 13230,463 4911,3506 19620,404 1492,6503 S 743,43005 4391,8955 17972,174 11563,095 14038,193 2940,1704
2,026 B 1042,5825 15717,956 13230,463 4911,3506 19620,404 1492,6503 S 743,43005 4391,8955 17972,174 11563,095 14038,193 2940,1704
2,026 B 1042,5825 15717,956 13230,463 4911,3506 19620,404 1492,6503 S 743,43005 4391,8955 17972,174 11563,095 14038,193 2940,1704
2,0266616 B 1042,5825 15717,956 13230,463 4911,3506 19620,404 1492,6503 S 743,43005 4391,8955 17972,174 11563,095 14038,193 2940,1704
2,0262103 B 1042,5825 15717,956 13230,463 4911,3506 19620,404 1492,6503 S 743,43005 4391,8955 17972,174 11563,095 14038,193 2940,1704
2,0260003 B 1042,5825 15717,956 13230,463 4911,3506 19620,404 1492,6503 S 743,43005 4391,8955 17972,174 11563,095 14038,193 2940,1704
2,0259998 B 1042,5825 15717,956 13230,463 4911,3506 19620,404 1492,6503 S 743,43005 4391,8955 17972,174 11563,095 14038,193 2940,1704
2,0260003 B 1042,5825 15717,956 13230,463 4911,3506 19620,404 1492,6503 S 743,43005 4391,8955 17972,174 11563,095 14038,193 2940,1704
2,026 B 1042,5825 15717,956 13230,463 4911,3506 19620,404 1492,6503 S 743,43005 4391,8955 17972,174 11563,095 14038,193 2940,1704
2,0260003 B 1042,5825 15717,956 13230,463 4911,3506 19620,404 1492,6503 S 743,43005 4391,8955 17972,174 11563,095 14038,193 2940,1704
2,0260003 B 1042,5825 15717,956 13230,463 4911,3506 19620,404 1492,6503 S 743,43005 4391,8955 17972,174 11563,095 14038,193 2940,1704
2,0260003 B 1042,5825 15717,956 13230,463 4911,3506 19620,404 1492,6503 S 743,43005 4391,8955 17972,174 11563,095 14038,193 2940,1704
2,0269308 B 1042,5825 15717,956 13230,463 4911,3506 19620,404 1492,6503 S 743,43005 4391,8955 17972,174 11563,095 14038,193 2940,1704
2,027 B 1042,5825 15717,956 13230,463 4911,3506 19620,404 1492,6503 S 743,43005 4391,8955 17972,174 11563,095 14038,193 2940,1704
2,0269997 B 1042,5825 15717,956 13230,463 4911,3506 19620,404 1492,6503 S 743,43005 4391,8955 17972,174 11563,095 14038,193 2940,1704
2,0269995 B 1042,5825 15717,956 13230,463 4911,3506 19620,404 1492,6503 S 743,43005 4391,8955 17972,174 11563,095 14038,193 2940,1704
2,027 B 1042,5825 15717,956 13230,463 4911,3506 19620,404 1492,6503 S 743,43005 4391,8955 17972,174 11563,095 14038,193 2940,1704
2,0252056 B 1042,5825 15717,956 13230,463 4911,3506 19620,404 1492,6503 S 743,43005 4391,8955 17972,174 11563,095 14038,193 2940,1704
2,0249999 B 1042,5825 15717,956 13230,463 4911,3506 19620,404 1492,6503 S 743,43005 4391,8955 17972,174 11563,095 14038,193 2940,1704
2,025 B 1042,5825 15717,956 13230,463 4911,3506 19620,404 1492,6503 S 743,43005 4391,8955 17972,174 11563,095 14038,193 2940,1704
2,0250006 B 1042,5825 15717,956 13230,463 4911,3506 19620,404 1492,6503 S 743,43005 4391,8955 17972,174 11563,095 14038,193 2940,1704
2,025 B 1042,5825 15717,956 13230,463 4911,3506 19620,404 1492,6503 S 743,43005 4391,8955 17972,174 11563,095 14038,193 2940,1704
2,0266423 B 1042,5825 15717,956 13230,463 4911,3506 19620,404 1492,6503 S 743,43005 4391,8955 17972,174 11563,095 14038,193 2940,1704
2,0289302 B 1042,5825 15717,956 13230,463 4911,3506 19620,404 1492,6503 S 743,43005 4391,8955 17972,174 11563,095 14038,193 2940,1704
2,0290008 B 1042,5825 15717,956 13230,463 4911,3506 19620,404 1492,6503 S 743,43005 4391,8955 17972,174 11563,095 14038,193 2940,1704
2,0289998 B 1042,5825 15717,956 13230,463 4911,3506 19620,404 1492,6503 S 743,43005 4391,8955 17972,174 11563,095 14038,193 2940,1704
2,029868 B 1042,5825 15717,956 13230,463 4911,3506 19620,404 1492,6503 S 743,43005 4391,8955 17972,174 11563,095 14038,193 2940,1704
2,0309997 B 1042,5825 15717,956 13230,463 4911,3506 19620,404 1492,6503 S 743,43005 4391,8955 17972,174 11563,095 14038,193 2940,1704
2,031 B 1042,5825 15717,956 13230,463 4911,3506 19620,404 1492,6503 S 743,43005 4391,8955 17972,174 11563,095 14038,193 2940,1704
2,0310004 B 1042,5825 15717,956 13230,463 4911,3506 19620,404 1492,6503 S 743,43005 4391,8955 17972,174 11563,095 14038,193 2940,1704
2,0310001 B 1042,5825 15717,956 13230,463 4911,3506 19620,404 1492,6503 S 743,43005 4391,8955 17972,174 11563,095 14038,193 2940,1704
2,031 B 1042,5825 15717,956 13230,463 4911,3506 19620,404 1492,6503 S 743,43005 4391,8955 17972,174 11563,095 14038,193 2940,1704
2,031 B 1042,5825 15717,956 13230,463 4911,3506 19620,404 1492,6503 S 743,43005 4391,8955 17972,174 11563,095 14038,193 2940,1704
2,0310004 B 1042,5825 15717,956 13230,463 4911,3506 19620,404 1492,6503 S 743,43005 4391,8955 17972,174 11563,095 14038,193 2940,1704
2,031 B 1042,5825 15717,956 13230,463 4911,3506 19620,404 1492,6503 S 743,43005 4391,8955 17972,174 11563,095 14038,193 2940,1704
2,031 B 1042,5825 15717,956 13230,463 4911,3506 19620,404 1492,6503 S 743,43005 4391,8955 17972,174 11563,095 14038,193 2940,1704
2,0309997 B 1042,5825 15717,956 13230,463 4911,3506 19620,404 1492,6503 S 743,43005 4391,8955 17972,174 11563,095 14038,193 2940,1704
2,0310004 B 1042,5825 15717,956 13230,463 4911,3506 19620,404 1492,6503 S 743,43005 4391,8955 17972,174 11563,095 14038,193 2940,1704
2,031 B 1042,5825 15717,956 13230,463 4911,3506 19620,404 1492,6503 S 743,43005 4391,8955 17972,174 11563,095 14038,193 2940,1704
2,0310571 B 1042,5825 15717,956 13230,463 4911,3506 19620,404 1492,6503 S 743,43005 4391,8955 17972,174 11563,095 14038,193 2940,1704
2,0320003 B 1042,5825 15717,956 13230,463 4911,3506 19620,404 1492,6503 S 743,43005 4391,8955 17972,174 11563,095 14038,193 2940,1704
2,0320003 B 1042,5825 15717,956 13230,463 4911,3506 19620,404 1492,6503 S 743,43005 4391,8955 17972,174 11563,095 14038,193 2940,1704
2,032 B 1042,5825 15717,956 13230,463 4911,3506 19620,404 1492,6503 S 743,43005 4391,8955 17972,174 11563,095 14038,193 2940,1704
2,0319998 B 1042,5825 15717,956 13230,463 4911,3506 19620,404 1492,6503 S 743,43005 4391,8955 17972,174 11563,095 14038,193 2940,1704
2,0319993 B 1042,5825 15717,956 13230,463 4911,3506 19620,404 1492,6503 S 743,43005 4391,8955 17972,174 11563,095 14038,193 2940,1704
2,0320008 B 1042,5825 15717,956 13230,463 4911,3506 19620,404 1492,6503 S 743,43005 4391,8955 17972,174 11563,095 14038,193 2940,1704
2,0320005 B 1042,5825 15717,956 13230,463 4911,3506 19620,404 1492,6503 S 743,43005 4391,8955 17972,174 11563,095 14038,193 2940,1704
2,032 B 1042,5825 15717,956 13230,463 4911,3506 19620,404 1492,6503 S 743,43005 4391,8955 17972,174 11563,095 14038,193 2940,1704
2,0320003 B 1042,5825 15717,956 13230,463 4911,3506 19620,404 1492,6503 S 743,43005 4391,8955 17972,174 11563,095 14038,193 2940,1704
2,032 B 1042,5825 15717,956 13230,463 4911,3506 19620,404 1492,6503 S 743,43005 4391,8955 17972,174 11563,095 14038,193 2940,1704
2,0318313 B 1042,5825 15717,956 13230,463 4911,3506 19620,404 1492,6503 S 743,43005 4391,8955 17972,174 11563,095 14038,193 2940,1704
2,0300002 B 1042,5825 15717,956 13230,463 4911,3506 19620,404 1492,6503 S 743,43005 4391,8955 17972,174 11563,095 14038,193 2940,1704
2,03 B 1042,5825 15717,956 13230,463 4911,3506 19620,404 1492,6503 S 743,43005 4391,8955 17972,174 11563,095 14038,193 2940,1704
2,0290701 B 1042,5825 15717,956 13230,463 4911,3506 19620,404 1492,6503 S 743,43005 4391,8955 17972,174 11563,095 14038,193 2940,1704
2,0289996 B 1042,5825 15717,956 13230,463 4911,3506 19620,404 1492,6503 S 743,43005 4391,8955 17972,174 11563,095 14038,193 2940,1704
2,0290003 B 1042,5825 15717,956 13230,463 4911,3506 19620,404 1492,6503 S 743,43005 4391,8955 17972,174 11563,095 14038,193 2940,1704
2,0290003 B 1042,5825 15717,956 13230,463 4911,3506 19620,404 1492,6503 S 743,43005 4391,8955 17972,174 11563,095 14038,193 2940,1704
2,029 B 1042,5825 15717,956 13230,463 4911,3506 19620,404 1492,6503 S 743,43005 4391,8955 17972,174 11563,095 14038,193 2940,1704
2,0289998 B 1042,5825 15717,956 13230,463 4911,3506 19620,404 1492,6503 S 743,43005 4391,8955 17972,174 11563,095 14038,193 2940,1704
2,0290003 B 1042,5825 15717,956 13230,463 4911,3506 19620,404 1492,6503 S 743,43005 4391,8955 17972,174 11563,095 14038,193 2940,1704
2,0289996 B 1042,5825 15717,956 13230,463 4911,3506 19620,404 1492,6503 S 743,43005 4391,8955 17972,174 11563,095 14038,193 2940,1704
2,0289996 B 1042,5825 15717,956 13230,463 4911,3506 19620,404 1492,6503 S 743,43005 4391,8955 17972,174 11563,095 14038,193 2940,1704
2,0289996 B 1042,5825 15717,956 13230,463 4911,3506 19620,404 1492,6503 S 743,43005 4391,8955 17972,174 11563,095 14038,193 2940,1704
2,029578 B 1042,5825 15717,956 13230,463 4911,3506 19620,404 1492,6503 S 743,43005 4391,8955 17972,174 11563,095 14038,193 2940,1704
2,0280004 B 1042,5825 15717,956 13230,463 4911,3506 19620,404 1492,6503 S 743,43005 4391,8955 17972,174 11563,095 14038,193 2940,1704
2,0280006 B 1042,5825 15717,956 13230,463 4911,3506 19620,404 1492,6503 S 743,43005 4391,8955 17972,174 11563,095 14038,193 2940,1704
2,0280004 B 1042,5825 15717,956 13230,463 4911,3506 19620,404 1492,6503 S 743,43005 4391,8955 17972,174 11563,095 14038,193 2940,1704
2,0281987 B 1042,5825 15717,956 13230,463 4911,3506 19620,404 1492,6503 S 743,43005 4391,8955 17972,174 11563,095 14038,193 2940,1704
2,0290005 B 1042,5825 15717,956 13230,463 4911,3506 19620,404 1492,6503 S 743,43005 4391,8955 17972,174 11563,095 14038,193 2940,1704
2,029 B 1042,5825 15717,956 13230,463 4911,3506 19620,404 1492,6503 S 743,43005 4391,8955 17972,174 11563,095 14038,193 2940,1704
2,029 B 1042,5825 15717,956 13230,463 4911,3506 19620,404 1492,6503 S 743,43005 4391,8955 17972,174 11563,095 14038,193 2940,1704
2,029759 B 1042,5825 15717,956 13230,463 4911,3506 19620,404 1492,6503 S 743,43005 4391,8955 17972,174 11563,095 14038,193 2940,1704
2,0299997 B 1042,5825 15717,956 13230,463 4911,3506 19620,404 1492,6503 S 743,43005 4391,8955 17972,174 11563,095 14038,193 2940,1704
2,0299995 B 1042,5825 15717,956 13230,463 4911,3506 19620,404 1492,6503 S 743,43005 4391,8955 17972,174 11563,095 14038,193 2940,1704
2,03 B 1042,5825 15717,956 13230,463 4911,3506 19620,404 1492,6503 S 743,43005 4391,8955 17972,174 11563,095 14038,193 2940,1704
2,03 B 1042,5825 15717,956 13230,463 4911,3506 19620,404 1492,6503 S 743,43005 4391,8955 17972,174 11563,095 14038,193 2940,1704
2,0300002 B 1042,5825 15717,956 13230,463 4911,3506 19620,404 1492,6503 S 743,43005 4391,8955 17972,174 11563,095 14038,193 2940,1704
2,03 B 1042,5825 15717,956 13230,463 4911,3506 19620,404 1492,6503 S 743,43005 4391,8955 17972,174 11563,095 14038,193 2940,1704
2,03 B 1042,5825 15717,956 13230,463 4911,3506 19620,404 1492,6503 S 743,43005 4391,8955 17972,174 11563,095 14038,193 2940,1704
2,0299997 B 1042,5825 15717,956 13230,463 4911,3506 19620,404 1492,6503 S 743,43005 4391,8955 17972,174 11563,095 14038,193 2940,1704
2,03 B 1042,5825 15717,956 13230,463 4911,3506 19620,404 1492,6503 S 743,43005 4391,8955 17972,174 11563,095 14038,193 2940,1704
2,03 B 1042,5825 15717,956 13230,463 4911,3506 19620,404 1492,6503 S 743,43005 4391,8955 17972,174 11563,095 14038,193 2940,1704
2,03 B 1042,5825 15717,956 13230,463 4911,3506 19620,404 1492,6503 S 743,43005 4391,8955 17972,174 11563,095 14038,193 2940,1704
2,03 B 1042,5825 15717,956 13230,463 4911,3506 19620,404 1492,6503 S 743,43005 4391,8955 17972,174 11563,095 14038,193 2940,1704
2,03 B 1042,5825 15717,956 13230,463 4911,3506 19620,404 1492,6503 S 743,43005 4391,8955 17972,174 11563,095 14038,193 2940,1704
2,0299997 B 1042,5825 15717,956 13230,463 4911,3506 19620,404 1492,6503 S 743,43005 4391,8955 17972,174 11563,095 14038,193 2940,1704
2,0299997 B 1042,5825 15717,956 13230,463 4911,3506 19620,404 1492,6503 S 743,43005 4391,8955 17972,174 11563,095 14038,193 2940,1704
2,0301225 B 1042,5825 15717,956 13230,463 4911,3506 19620,404 1492,6503 S 743,43005 4391,8955 17972,174 11563,095 14038,193 2940,1704
2,0310001 B 1042,5825 15717,956 13230,463 4911,3506 19620,404 1492,6503 S 743,43005 4391,8955 17972,174 11563,095 14038,193 2940,1704
2,0312128 B 1042,5825 15717,956 13230,463 4911,3506 19620,404 1492,6503 S 743,43005 4391,8955 17972,174 11563,095 14038,193 2940,1704
2,031555 B 1042,5825 15717,956 13230,463 4911,3506 19620,404 1492,6503 S 743,43005 4391,8955 17972,174 11563,095 14038,193 2940,1704
2,031 B 1042,5825 15717,956 13230,463 4911,3506 19620,404 1492,6503 S 743,43005 4391,8955 17972,174 11563,095 14038,193 2940,1704
2,0309997 B 1042,5825 15717,956 13230,463 4911,3506 19620,404 1492,6503 S 743,43005 4391,8955 17972,174 11563,095 14038,193 2940,1704
2,031 B 1042,5825 15717,956 13230,463 4911,3506 19620,404 1492,6503 S 743,43005 4391,8955 17972,174 11563,095 14038,193 2940,1704
2,031 B 1042,5825 15717,956 13230,463 4911,3506 19620,404 1492,6503 S 743,43005 4391,8955 17972,174 11563,095 14038,193 2940,1704
2,0310001 B 1042,5825 15717,956 13230,463 4911,3506 19620,404 1492,6503 S 743,43005 4391,8955 17972,174 11563,095 14038,193 2940,1704
2,0309994 B 1042,5825 15717,956 13230,463 4911,3506 19620,404 1492,6503 S 743,43005 4391,8955 17972,174 11563,095 14038,193 2940,1704
2,0310004 B 1042,5825 15717,956 13230,463 4911,3506 19620,404 1492,6503 S 743,43005 4391,8955 17972,174 11563,095 14038,193 2940,1704
2,0310001 B 1042,5825 15717,956 13230,463 4911,3506 19620,404 1492,6503 S 743,43005 4391,8955 17972,174 11563,095 14038,193 2940,1704
2,0309994 B 1042,5825 15717,956 13230,463 4911,3506 19620,404 1492,6503 S 743,43005 4391,8955 17972,174 11563,095 14038,193 2940,1704
2,0329633 B 1042,5825 15717,956 13230,463 4911,3506 19620,404 1492,6503 S 743,43005 4391,8955 17972,174 11563,095 14038,193 2940,1704
2,033 B 1042,5825 15717,956 13230,463 4911,3506 19620,404 1492,6503 S 743,43005 4391,8955 17972,174 11563,095 14038,193 2940,1704
2,0329998 B 1042,5825 15717,956 13230,463 4911,3506 19620,404 1492,6503 S 743,43005 4391,8955 17972,174 11563,095 14038,193 2940,1704
2,0329998 B 1042,5825 15717,956 13230,463 4911,3506 19620,404 1492,6503 S 743,43005 4391,8955 17972,174 11563,095 14038,193 2940,1704
2,0329998 B 1042,5825 15717,956 13230,463 4911,3506 19620,404 1492,6503 S 743,43005 4391,8955 17972,174 11563,095 14038,193 2940,1704
2,033 B 1042,5825 15717,956 13230,463 4911,3506 19620,404 1492,6503 S 743,43005 4391,8955 17972,174 11563,095 14038,193 2940,1704
2,0330002 B 1042,5825 15717,956 13230,463 4911,3506 19620,404 1492,6503 S 743,43005 4391,8955 17972,174 11563,095 14038,193 2940,1704
2,033 B 1042,5825 15717,956 13230,463 4911,3506 19620,404 1492,6503 S 743,43005 4391,8955 17972,174 11563,095 14038,193 2940,1704
2,0330007 B 1042,5825 15717,956 13230,463 4911,3506 19620,404 1492,6503 S 743,43005 4391,8955 17972,174 11563,095 14038,193 2940,1704
2,0329998 B 1042,5825 15717,956 13230,463 4911,3506 19620,404 1492,6503 S 743,43005 4391,8955 17972,174 11563,095 14038,193 2940,1704
2,033 B 1042,5825 15717,956 13230,463 4911,3506 19620,404 1492,6503 S 743,43005 4391,8955 17972,174 11563,095 14038,193 2940,1704
2,0329998 B 1042,5825 15717,956 13230,463 4911,3506 19620,404 1492,6503 S 743,43005 4391,8955 17972,174 11563,095 14038,193 2940,1704
2,033 B 1042,5825 15717,956 13230,463 4911,3506 19620,404 1492,6503 S 743,43005 4391,8955 17972,174 11563,095 14038,193 2940,1704
2,0330977 B 1042,5825 15717,956 13230,463 4911,3506 19620,404 1492,6503 S 743,43005 4391,8955 17972,174 11563,095 14038,193 2940,1704
2,034 B 1042,5825 15717,956 13230,463 4911,3506 19620,404 1492,6503 S 743,43005 4391,8955 17972,174 11563,095 14038,193 2940,1704
2,0340002 B 1042,5825 15717,956 13230,463 4911,3506 19620,404 1492,6503 S 743,43005 4391,8955 17972,174 11563,095 14038,193 2940,1704
2,0339997 B 1042,5825 15717,956 13230,463 4911,3506 19620,404 1492,6503 S 743,43005 4391,8955 17972,174 11563,095 14038,193 2940,1704
2,0341945 B 1042,5825 15717,956 13230,463 4911,3506 19620,404 1492,6503 S 743,43005 4391,8955 17972,174 11563,095 14038,193 2940,1704
2,0349998 B 1042,5825 15717,956 13230,463 4911,3506 19620,404 1492,6503 S 743,43005 4391,8955 17972,174 11563,095 14038,193 2940,1704
2,0350003 B 1042,5825 15717,956 13230,463 4911,3506 19620,404 1492,6503 S 743,43005 4391,8955 17972,174 11563,095 14038,193 2940,1704
2,0349998 B 1042,5825 15717,956 13230,463 4911,3506 19620,404 1492,6503 S 743,43005 4391,8955 17972,174 11563,095 14038,193 2940,1704
2,035 B 1042,5825 15717,956 13230,463 4911,3506 19620,404 1492,6503 S 743,43005 4391,8955 17972,174 11563,095 14038,193 2940,1704
2,0350003 B 1042,5825 15717,956 13230,463 4911,3506 19620,404 1492,6503 S 743,43005 4391,8955 17972,174 11563,095 14038,193 2940,1704
2,0350003 B 1042,5825 15717,956 13230,463 4911,3506 19620,404 1492,6503 S 743,43005 4391,8955 17972,174 11563,095 14038,193 2940,1704
2,0350003 B 1042,5825 15717,956 13230,463 4911,3506 19620,404 1492,6503 S 743,43005 4391,8955 17972,174 11563,095 14038,193 2940,1704
2,035 B 1042,5825 15717,956 13230,463 4911,3506 19620,404 1492,6503 S 743,43005 4391,8955 17972,174 11563,095 14038,193 2940,1704
2,0350003 B 1042,5825 15717,956 13230,463 4911,3506 19620,404 1492,6503 S 743,43005 4391,8955 17972,174 11563,095 14038,193 2940,1704
2,0350003 B 1042,5825 15717,956 13230,463 4911,3506 19620,404 1492,6503 S 743,43005 4391,8955 17972,174 11563,095 14038,193 2940,1704
2,035 B 1042,5825 15717,956 13230,463 4911,3506 19620,404 1492,6503 S 743,43005 4391,8955 17972,174 11563,095 14038,193 2940,1704
2,0349998 B 1042,5825 15717,956 13230,463 4911,3506 19620,404 1492,6503 S 743,43005 4391,8955 17972,174 11563,095 14038,193 2940,1704
2,0350003 B 1042,5825 15717,956 13230,463 4911,3506 19620,404 1492,6503 S 743,43005 4391,8955 17972,174 11563,095 14038,193 2940,1704
2,0352206 B 1042,5825 15717,956 13230,463 4911,3506 19620,404 1492,6503 S 743,43005 4391,8955 17972,174 11563,095 14038,193 2940,1704
2,0360003 B 1042,5825 15717,956 13230,463 4911,3506 19620,404 1492,6503 S 743,43005 4391,8955 17972,174 11563,095 14038,193 2940,1704
2,036 B 1042,5825 15717,956 13230,463 4911,3506 19620,404 1492,6503 S 743,43005 4391,8955 17972,174 11563,095 14038,193 2940,1704
2,0360003 B 1042,5825 15717,956 13230,463 4911,3506 19620,404 1492,6503 S 743,43005 4391,8955 17972,174 11563,095 14038,193 2940,1704
2,0360003 B 1042,5825 15717,956 13230,463 4911,3506 19620,404 1492,6503 S 743,43005 4391,8955 17972,174 11563,095 14038,193 2940,1704
2,036 B 1042,5825 15717,956 13230,463 4911,3506 19620,404 1492,6503 S 743,43005 4391,8955 17972,174 11563,095 14038,193 2940,1704
2,036949 B 1042,5825 15717,956 13230,463 4911,3506 19620,404 1492,6503 S 743,43005 4391,8955 17972,174 11563,095 14038,193 2940,1704
2,0370007 B 1042,5825 15717,956 13230,463 4911,3506 19620,404 1492,6503 S 743,43005 4391,8955 17972,174 11563,095 14038,193 2940,1704
2,0370004 B 1042,5825 15717,956 13230,463 4911,3506 19620,404 1492,6503 S 743,43005 4391,8955 17972,174 11563,095 14038,193 2940,1704
2,037 B 1042,5825 15717,956 13230,463 4911,3506 19620,404 1492,6503 S 743,43005 4391,8955 17972,174 11563,095 14038,193 2940,1704
2,037001 B 1042,5825 15717,956 13230,463 4911,3506 19620,404 1492,6503 S 743,43005 4391,8955 17972,174 11563,095 14038,193 2940,1704
2,037 B 1042,5825 15717,956 13230,463 4911,3506 19620,404 1492,6503 S 743,43005 4391,8955 17972,174 11563,095 14038,193 2940,1704
2,0370004 B 1042,5825 15717,956 13230,463 4911,3506 19620,404 1492,6503 S 743,43005 4391,8955 17972,174 11563,095 14038,193 2940,1704
2,0369997 B 1042,5825 15717,956 13230,463 4911,3506 19620,404 1492,6503 S 743,43005 4391,8955 17972,174 11563,095 14038,193 2940,1704
2,0370014 B 1042,5825 15717,956 13230,463 4911,3506 19620,404 1492,6503 S 743,43005 4391,8955 17972,174 11563,095 14038,193 2940,1704
2,0370004 B 1042,5825 15717,956 13230,463 4911,3506 19620,404 1492,6503 S 743,43005 4391,8955 17972,174 11563,095 14038,193 2940,1704
2,0370002 B 1042,5825 15717,956 13230,463 4911,3506 19620,404 1492,6503 S 743,43005 4391,8955 17972,174 11563,095 14038,193 2940,1704
2,0370007 B 1042,5825 15717,956 13230,463 4911,3506 19620,404 1492,6503 S 743,43005 4391,8955 17972,174 11563,095 14038,193 2940,1704
2,0377507 B 1042,5825 15717,956 13230,463 4911,3506 19620,404 1492,6503 S 743,43005 4391,8955 17972,174 11563,095 14038,193 2940,1704
2,0380003 B 1042,5825 15717,956 13230,463 4911,3506 19620,404 1492,6503 S 743,43005 4391,8955 17972,174 11563,095 14038,193 2940,1704
2,0379999 B 1042,5825 15717,956 13230,463 4911,3506 19620,404 1492,6503 S 743,43005 4391,8955 17972,174 11563,095 14038,193 2940,1704
2,0381 B 1042,5825 15717,956 13230,463 4911,3506 19620,404 1492,6503 S 743,43005 4391,8955 17972,174 11563,095 14038,193 2940,1704
2,039001 B 1042,5825 15717,956 13230,463 4911,3506 19620,404 1492,6503 S 743,43005 4391,8955 17972,174 11563,095 14038,193 2940,1704
2,0390003 B 1042,5825 15717,956 13230,463 4911,3506 19620,404 1492,6503 S 743,43005 4391,8955 17972,174 11563,095 14038,193 2940,1704
2,0390007 B 1042,5825 15717,956 13230,463 4911,3506 19620,404 1492,6503 S 743,43005 4391,8955 17972,174 11563,095 14038,193 2940,1704
2,0376945 B 1042,5825 15717,956 13230,463 4911,3506 19620,404 1492,6503 S 743,43005 4391,8955 17972,174 11563,095 14038,193 2940,1704
2,0359998 B 1042,5825 15717,956 13230,463 4911,3506 19620,404 1492,6503 S 743,43005 4391,8955 17972,174 11563,095 14038,193 2940,1704
2,0345435 B 1042,5825 15717,956 13230,463 4911,3506 19620,404 1492,6503 S 743,43005 4391,8955 17972,174 11563,095 14038,193 2940,1704
2,0340009 B 1042,5825 15717,956 13230,463 4911,3506 19620,404 1492,6503 S 743,43005 4391,8955 17972,174 11563,095 14038,193 2940,1704
2,0340004 B 1042,5825 15717,956 13230,463 4911,3506 19620,404 1492,6503 S 743,43005 4391,8955 17972,174 11563,095 14038,193 2940,1704
2,0339997 B 1042,5825 15717,956 13230,463 4911,3506 19620,404 1492,6503 S 743,43005 4391,8955 17972,174 11563,095 14038,193 2940,1704
2,0340002 B 1042,5825 15717,956 13230,463 4911,3506 19620,404 1492,6503 S 743,43005 4391,8955 17972,174 11563,095 14038,193 2940,1704
2,034 B 1042,5825 15717,956 13230,463 4911,3506 19620,404 1492,6503 S 743,43005 4391,8955 17972,174 11563,095 14038,193 2940,1704
2,0340002 B 1042,5825 15717,956 13230,463 4911,3506 19620,404 1492,6503 S 743,43005 4391,8955 17972,174 11563,095 14038,193 2940,1704
2,0340002 B 1042,5825 15717,956 13230,463 4911,3506 19620,404 1492,6503 S 743,43005 4391,8955 17972,174 11563,095 14038,193 2940,1704
2,034 B 1042,5825 15717,956 13230,463 4911,3506 19620,404 1492,6503 S 743,43005 4391,8955 17972,174 11563,095 14038,193 2940,1704
2,0340002 B 1042,5825 15717,956 13230,463 4911,3506 19620,404 1492,6503 S 743,43005 4391,8955 17972,174 11563,095 14038,193 2940,1704
2,034 B 1042,5825 15717,956 13230,463 4911,3506 19620,404 1492,6503 S 743,43005 4391,8955 17972,174 11563,095 14038,193 2940,1704
2,034 B 1042,5825 15717,956 13230,463 4911,3506 19620,404 1492,6503 S 743,43005 4391,8955 17972,174 11563,095 14038,193 2940,1704
2,0340004 B 1042,5825 15717,956 13230,463 4911,3506 19620,404 1492,6503 S 743,43005 4391,8955 17972,174 11563,095 14038,193 2940,1704
