2,0265205
2,0129995 B 1419,3058 3174,2646 27397,596 18866,613 12213,2705 1190,4001 S 3161,9648 8175,7993 12755,225 14812,601 8491,244 9899,91
2,0136218 B 1419,3058 3174,2646 27397,596 18866,613 12213,2705 1190,4001 S 3161,9648 8175,7993 12755,225 14812,601 8491,244 9899,91
2,0152864 B 1419,3058 3174,2646 27397,596 18866,613 12213,2705 1190,4001 S 3161,9648 8175,7993 12755,225 14812,601 8491,244 9899,91
2,0160003 B 1419,3058 3174,2646 27397,596 18866,613 12213,2705 1190,4001 S 3161,9648 8175,7993 12755,225 14812,601 8491,244 9899,91
2,016 B 1419,3058 3174,2646 27397,596 18866,613 12213,2705 1190,4001 S 3161,9648 8175,7993 12755,225 14812,601 8491,244 9899,91
2,0159998 B 1419,3058 3174,2646 27397,596 18866,613 12213,2705 1190,4001 S 3161,9648 8175,7993 12755,225 14812,601 8491,244 9899,91
2,0160005 B 1419,3058 3174,2646 27397,596 18866,613 12213,2705 1190,4001 S 3161,9648 8175,7993 12755,225 14812,601 8491,244 9899,91
2,016001 B 1419,3058 3174,2646 27397,596 18866,613 12213,2705 1190,4001 S 3161,9648 8175,7993 12755,225 14812,601 8491,244 9899,91
2,0166092 B 1419,3058 3174,2646 27397,596 18866,613 12213,2705 1190,4001 S 3161,9648 8175,7993 12755,225 14812,601 8491,244 9899,91
2,0172164 B 1419,3058 3174,2646 27397,596 18866,613 12213,2705 1190,4001 S 3161,9648 8175,7993 12755,225 14812,601 8491,244 9899,91
2,0188649 B 1419,3058 3174,2646 27397,596 18866,613 12213,2705 1190,4001 S 3161,9648 8175,7993 12755,225 14812,601 8491,244 9899,91
2,0189998 B 1419,3058 3174,2646 27397,596 18866,613 12213,2705 1190,4001 S 3161,9648 8175,7993 12755,225 14812,601 8491,244 9899,91
2,019 B 1419,3058 3174,2646 27397,596 18866,613 12213,2705 1190,4001 S 3161,9648 8175,7993 12755,225 14812,601 8491,244 9899,91
2,0190003 B 1419,3058 3174,2646 27397,596 18866,613 12213,2705 1190,4001 S 3161,9648 8175,7993 12755,225 14812,601 8491,244 9899,91
2,0190003 B 1419,3058 3174,2646 27397,596 18866,613 12213,2705 1190,4001 S 3161,9648 8175,7993 12755,225 14812,601 8491,244 9899,91
2,0190005 B 1419,3058 3174,2646 27397,596 18866,613 12213,2705 1190,4001 S 3161,9648 8175,7993 12755,225 14812,601 8491,244 9899,91
2,0181246 B 1419,3058 3174,2646 27397,596 18866,613 12213,2705 1190,4001 S 3161,9648 8175,7993 12755,225 14812,601 8491,244 9899,91
2,017 B 1419,3058 3174,2646 27397,596 18866,613 12213,2705 1190,4001 S 3161,9648 8175,7993 12755,225 14812,601 8491,244 9899,91
2,0169997 B 1419,3058 3174,2646 27397,596 18866,613 12213,2705 1190,4001 S 3161,9648 8175,7993 12755,225 14812,601 8491,244 9899,91
2,0179546 B 1419,3058 3174,2646 27397,596 18866,613 12213,2705 1190,4001 S 3161,9648 8175,7993 12755,225 14812,601 8491,244 9899,91
2,0181527 B 1419,3058 3174,2646 27397,596 18866,613 12213,2705 1190,4001 S 3161,9648 8175,7993 12755,225 14812,601 8491,244 9899,91
2,0190854 B 1419,3058 3174,2646 27397,596 18866,613 12213,2705 1190,4001 S 3161,9648 8175,7993 12755,225 14812,601 8491,244 9899,91
2,0199995 B 1419,3058 3174,2646 27397,596 18866,613 12213,2705 1190,4001 S 3161,9648 8175,7993 12755,225 14812,601 8491,244 9899,91
2,0199997 B 1419,3058 3174,2646 27397,596 18866,613 12213,2705 1190,4001 S 3161,9648 8175,7993 12755,225 14812,601 8491,244 9899,91
2,02 B 1419,3058 3174,2646 27397,596 18866,613 12213,2705 1190,4001 S 3161,9648 8175,7993 12755,225 14812,601 8491,244 9899,91
2,02 B 1419,3058 3174,2646 27397,596 18866,613 12213,2705 1190,4001 S 3161,9648 8175,7993 12755,225 14812,601 8491,244 9899,91
2,02 B 1419,3058 3174,2646 27397,596 18866,613 12213,2705 1190,4001 S 3161,9648 8175,7993 12755,225 14812,601 8491,244 9899,91
2,0200007 B 1419,3058 3174,2646 27397,596 18866,613 12213,2705 1190,4001 S 3161,9648 8175,7993 12755,225 14812,601 8491,244 9899,91
2,0199997 B 1419,3058 3174,2646 27397,596 18866,613 12213,2705 1190,4001 S 3161,9648 8175,7993 12755,225 14812,601 8491,244 9899,91
2,02 B 1419,3058 3174,2646 27397,596 18866,613 12213,2705 1190,4001 S 3161,9648 8175,7993 12755,225 14812,601 8491,244 9899,91
2,0199997 B 1419,3058 3174,2646 27397,596 18866,613 12213,2705 1190,4001 S 3161,9648 8175,7993 12755,225 14812,601 8491,244 9899,91
2,0200002 B 1419,3058 3174,2646 27397,596 18866,613 12213,2705 1190,4001 S 3161,9648 8175,7993 12755,225 14812,601 8491,244 9899,91
2,0200002 B 1419,3058 3174,2646 27397,596 18866,613 12213,2705 1190,4001 S 3161,9648 8175,7993 12755,225 14812,601 8491,244 9899,91
2,0199997 B 1419,3058 3174,2646 27397,596 18866,613 12213,2705 1190,4001 S 3161,9648 8175,7993 12755,225 14812,601 8491,244 9899,91
2,0200002 B 1419,3058 3174,2646 27397,596 18866,613 12213,2705 1190,4001 S 3161,9648 8175,7993 12755,225 14812,601 8491,244 9899,91
2,0200005 B 1419,3058 3174,2646 27397,596 18866,613 12213,2705 1190,4001 S 3161,9648 8175,7993 12755,225 14812,601 8491,244 9899,91
2,0200002 B 1419,3058 3174,2646 27397,596 18866,613 12213,2705 1190,4001 S 3161,9648 8175,7993 12755,225 14812,601 8491,244 9899,91
2,0199997 B 1419,3058 3174,2646 27397,596 18866,613 12213,2705 1190,4001 S 3161,9648 8175,7993 12755,225 14812,601 8491,244 9899,91
2,0200002 B 1419,3058 3174,2646 27397,596 18866,613 12213,2705 1190,4001 S 3161,9648 8175,7993 12755,225 14812,601 8491,244 9899,91
2,0209992 B 1419,3058 3174,2646 27397,596 18866,613 12213,2705 1190,4001 S 3161,9648 8175,7993 12755,225 14812,601 8491,244 9899,91
2,0209994 B 1419,3058 3174,2646 27397,596 18866,613 12213,2705 1190,4001 S 3161,9648 8175,7993 12755,225 14812,601 8491,244 9899,91
2,0209994 B 1419,3058 3174,2646 27397,596 18866,613 12213,2705 1190,4001 S 3161,9648 8175,7993 12755,225 14812,601 8491,244 9899,91
2,0209997 B 1419,3058 3174,2646 27397,596 18866,613 12213,2705 1190,4001 S 3161,9648 8175,7993 12755,225 14812,601 8491,244 9899,91
2,0207536 B 1419,3058 3174,2646 27397,596 18866,613 12213,2705 1190,4001 S 3161,9648 8175,7993 12755,225 14812,601 8491,244 9899,91
2,02 B 1419,3058 3174,2646 27397,596 18866,613 12213,2705 1190,4001 S 3161,9648 8175,7993 12755,225 14812,601 8491,244 9899,91
2,0200002 B 1419,3058 3174,2646 27397,596 18866,613 12213,2705 1190,4001 S 3161,9648 8175,7993 12755,225 14812,601 8491,244 9899,91
2,0200002 B 1419,3058 3174,2646 27397,596 18866,613 12213,2705 1190,4001 S 3161,9648 8175,7993 12755,225 14812,601 8491,244 9899,91
2,02 B 1419,3058 3174,2646 27397,596 18866,613 12213,2705 1190,4001 S 3161,9648 8175,7993 12755,225 14812,601 8491,244 9899,91
2,0200002 B 1419,3058 3174,2646 27397,596 18866,613 12213,2705 1190,4001 S 3161,9648 8175,7993 12755,225 14812,601 8491,244 9899,91
2,0200007 B 1419,3058 3174,2646 27397,596 18866,613 12213,2705 1190,4001 S 3161,9648 8175,7993 12755,225 14812,601 8491,244 9899,91
2,02 B 1419,3058 3174,2646 27397,596 18866,613 12213,2705 1190,4001 S 3161,9648 8175,7993 12755,225 14812,601 8491,244 9899,91
2,0200005 B 1419,3058 3174,2646 27397,596 18866,613 12213,2705 1190,4001 S 3161,9648 8175,7993 12755,225 14812,601 8491,244 9899,91
2,0199997 B 1419,3058 3174,2646 27397,596 18866,613 12213,2705 1190,4001 S 3161,9648 8175,7993 12755,225 14812,601 8491,244 9899,91
2,0200002 B 1419,3058 3174,2646 27397,596 18866,613 12213,2705 1190,4001 S 3161,9648 8175,7993 12755,225 14812,601 8491,244 9899,91
2,0221415 B 1419,3058 3174,2646 27397,596 18866,613 12213,2705 1190,4001 S 3161,9648 8175,7993 12755,225 14812,601 8491,244 9899,91
2,0229998 B 1419,3058 3174,2646 27397,596 18866,613 12213,2705 1190,4001 S 3161,9648 8175,7993 12755,225 14812,601 8491,244 9899,91
2,023 B 1419,3058 3174,2646 27397,596 18866,613 12213,2705 1190,4001 S 3161,9648 8175,7993 12755,225 14812,601 8491,244 9899,91
2,0230002 B 1419,3058 3174,2646 27397,596 18866,613 12213,2705 1190,4001 S 3161,9648 8175,7993 12755,225 14812,601 8491,244 9899,91
2,0230002 B 1419,3058 3174,2646 27397,596 18866,613 12213,2705 1190,4001 S 3161,9648 8175,7993 12755,225 14812,601 8491,244 9899,91
2,0225286 B 1419,3058 3174,2646 27397,596 18866,613 12213,2705 1190,4001 S 3161,9648 8175,7993 12755,225 14812,601 8491,244 9899,91
2,0221472 B 1419,3058 3174,2646 27397,596 18866,613 12213,2705 1190,4001 S 3161,9648 8175,7993 12755,225 14812,601 8491,244 9899,91
2,0230002 B 1419,3058 3174,2646 27397,596 18866,613 12213,2705 1190,4001 S 3161,9648 8175,7993 12755,225 14812,601 8491,244 9899,91
2,023 B 1419,3058 3174,2646 27397,596 18866,613 12213,2705 1190,4001 S 3161,9648 8175,7993 12755,225 14812,601 8491,244 9899,91
2,023 B 1419,3058 3174,2646 27397,596 18866,613 12213,2705 1190,4001 S 3161,9648 8175,7993 12755,225 14812,601 8491,244 9899,91
2,023 B 1419,3058 3174,2646 27397,596 18866,613 12213,2705 1190,4001 S 3161,9648 8175,7993 12755,225 14812,601 8491,244 9899,91
2,0230005 B 1419,3058 3174,2646 27397,596 18866,613 12213,2705 1190,4001 S 3161,9648 8175,7993 12755,225 14812,601 8491,244 9899,91
2,0234606 B 1419,3058 3174,2646 27397,596 18866,613 12213,2705 1190,4001 S 3161,9648 8175,7993 12755,225 14812,601 8491,244 9899,91
2,0247293 B 1419,3058 3174,2646 27397,596 18866,613 12213,2705 1190,4001 S 3161,9648 8175,7993 12755,225 14812,601 8491,244 9899,91
2,025 B 1419,3058 3174,2646 27397,596 18866,613 12213,2705 1190,4001 S 3161,9648 8175,7993 12755,225 14812,601 8491,244 9899,91
2,025 B 1419,3058 3174,2646 27397,596 18866,613 12213,2705 1190,4001 S 3161,9648 8175,7993 12755,225 14812,601 8491,244 9899,91
2,0247543 B 1419,3058 3174,2646 27397,596 18866,613 12213,2705 1190,4001 S 3161,9648 8175,7993 12755,225 14812,601 8491,244 9899,91
2,025 B 1419,3058 3174,2646 27397,596 18866,613 12213,2705 1190,4001 S 3161,9648 8175,7993 12755,225 14812,601 8491,244 9899,91
2,025 B 1419,3058 3174,2646 27397,596 18866,613 12213,2705 1190,4001 S 3161,9648 8175,7993 12755,225 14812,601 8491,244 9899,91
2,0250003 B 1419,3058 3174,2646 27397,596 18866,613 12213,2705 1190,4001 S 3161,9648 8175,7993 12755,225 14812,601 8491,244 9899,91
2,025 B 1419,3058 3174,2646 27397,596 18866,613 12213,2705 1190,4001 S 3161,9648 8175,7993 12755,225 14812,601 8491,244 9899,91
2,0249996 B 1419,3058 3174,2646 27397,596 18866,613 12213,2705 1190,4001 S 3161,9648 8175,7993 12755,225 14812,601 8491,244 9899,91
2,025 B 1419,3058 3174,2646 27397,596 18866,613 12213,2705 1190,4001 S 3161,9648 8175,7993 12755,225 14812,601 8491,244 9899,91
2,025 B 1419,3058 3174,2646 27397,596 18866,613 12213,2705 1190,4001 S 3161,9648 8175,7993 12755,225 14812,601 8491,244 9899,91
2,0249999 B 1419,3058 3174,2646 27397,596 18866,613 12213,2705 1190,4001 S 3161,9648 8175,7993 12755,225 14812,601 8491,244 9899,91
2,0249994 B 1419,3058 3174,2646 27397,596 18866,613 12213,2705 1190,4001 S 3161,9648 8175,7993 12755,225 14812,601 8491,244 9899,91
2,025 B 1419,3058 3174,2646 27397,596 18866,613 12213,2705 1190,4001 S 3161,9648 8175,7993 12755,225 14812,601 8491,244 9899,91
2,025 B 1419,3058 3174,2646 27397,596 18866,613 12213,2705 1190,4001 S 3161,9648 8175,7993 12755,225 14812,601 8491,244 9899,91
2,025 B 1419,3058 3174,2646 27397,596 18866,613 12213,2705 1190,4001 S 3161,9648 8175,7993 12755,225 14812,601 8491,244 9899,91
2,0249999 B 1419,3058 3174,2646 27397,596 18866,613 12213,2705 1190,4001 S 3161,9648 8175,7993 12755,225 14812,601 8491,244 9899,91
2,022168 B 1419,3058 3174,2646 27397,596 18866,613 12213,2705 1190,4001 S 3161,9648 8175,7993 12755,225 14812,601 8491,244 9899,91
2,0220003 B 1419,3058 3174,2646 27397,596 18866,613 12213,2705 1190,4001 S 3161,9648 8175,7993 12755,225 14812,601 8491,244 9899,91
2,0224862 B 1419,3058 3174,2646 27397,596 18866,613 12213,2705 1190,4001 S 3161,9648 8175,7993 12755,225 14812,601 8491,244 9899,91
2,0229998 B 1419,3058 3174,2646 27397,596 18866,613 12213,2705 1190,4001 S 3161,9648 8175,7993 12755,225 14812,601 8491,244 9899,91
2,023 B 1419,3058 3174,2646 27397,596 18866,613 12213,2705 1190,4001 S 3161,9648 8175,7993 12755,225 14812,601 8491,244 9899,91
2,0229998 B 1419,3058 3174,2646 27397,596 18866,613 12213,2705 1190,4001 S 3161,9648 8175,7993 12755,225 14812,601 8491,244 9899,91
2,0229998 B 1419,3058 3174,2646 27397,596 18866,613 12213,2705 1190,4001 S 3161,9648 8175,7993 12755,225 14812,601 8491,244 9899,91
2,023 B 1419,3058 3174,2646 27397,596 18866,613 12213,2705 1190,4001 S 3161,9648 8175,7993 12755,225 14812,601 8491,244 9899,91
2,0230002 B 1419,3058 3174,2646 27397,596 18866,613 12213,2705 1190,4001 S 3161,9648 8175,7993 12755,225 14812,601 8491,244 9899,91
2,0233862 B 1419,3058 3174,2646 27397,596 18866,613 12213,2705 1190,4001 S 3161,9648 8175,7993 12755,225 14812,601 8491,244 9899,91
2,024 B 1419,3058 3174,2646 27397,596 18866,613 12213,2705 1190,4001 S 3161,9648 8175,7993 12755,225 14812,601 8491,244 9899,91
2,0239997 B 1419,3058 3174,2646 27397,596 18866,613 12213,2705 1190,4001 S 3161,9648 8175,7993 12755,225 14812,601 8491,244 9899,91
2,025602 B 1419,3058 3174,2646 27397,596 18866,613 12213,2705 1190,4001 S 3161,9648 8175,7993 12755,225 14812,601 8491,244 9899,91
2,0280004 B 1419,3058 3174,2646 27397,596 18866,613 12213,2705 1190,4001 S 3161,9648 8175,7993 12755,225 14812,601 8491,244 9899,91
2,0279999 B 1419,3058 3174,2646 27397,596 18866,613 12213,2705 1190,4001 S 3161,9648 8175,7993 12755,225 14812,601 8491,244 9899,91
2,0279994 B 1419,3058 3174,2646 27397,596 18866,613 12213,2705 1190,4001 S 3161,9648 8175,7993 12755,225 14812,601 8491,244 9899,91
2,0280004 B 1419,3058 3174,2646 27397,596 18866,613 12213,2705 1190,4001 S 3161,9648 8175,7993 12755,225 14812,601 8491,244 9899,91
2,0284104 B 1419,3058 3174,2646 27397,596 18866,613 12213,2705 1190,4001 S 3161,9648 8175,7993 12755,225 14812,601 8491,244 9899,91
2,0280154 B 1419,3058 3174,2646 27397,596 18866,613 12213,2705 1190,4001 S 3161,9648 8175,7993 12755,225 14812,601 8491,244 9899,91
2,028 B 1419,3058 3174,2646 27397,596 18866,613 12213,2705 1190,4001 S 3161,9648 8175,7993 12755,225 14812,601 8491,244 9899,91
2,0279994 B 1419,3058 3174,2646 27397,596 18866,613 12213,2705 1190,4001 S 3161,9648 8175,7993 12755,225 14812,601 8491,244 9899,91
2,0280004 B 1419,3058 3174,2646 27397,596 18866,613 12213,2705 1190,4001 S 3161,9648 8175,7993 12755,225 14812,601 8491,244 9899,91
2,0280004 B 1419,3058 3174,2646 27397,596 18866,613 12213,2705 1190,4001 S 3161,9648 8175,7993 12755,225 14812,601 8491,244 9899,91
2,0280004 B 1419,3058 3174,2646 27397,596 18866,613 12213,2705 1190,4001 S 3161,9648 8175,7993 12755,225 14812,601 8491,244 9899,91
2,0280004 B 1419,3058 3174,2646 27397,596 18866,613 12213,2705 1190,4001 S 3161,9648 8175,7993 12755,225 14812,601 8491,244 9899,91
2,0271742 B 1419,3058 3174,2646 27397,596 18866,613 12213,2705 1190,4001 S 3161,9648 8175,7993 12755,225 14812,601 8491,244 9899,91
2,0262735 B 1419,3058 3174,2646 27397,596 18866,613 12213,2705 1190,4001 S 3161,9648 8175,7993 12755,225 14812,601 8491,244 9899,91
2,0260003 B 1419,3058 3174,2646 27397,596 18866,613 12213,2705 1190,4001 S 3161,9648 8175,7993 12755,225 14812,601 8491,244 9899,91
2,0260003 B 1419,3058 3174,2646 27397,596 18866,613 12213,2705 1190,4001 S 3161,9648 8175,7993 12755,225 14812,601 8491,244 9899,91
2,0252707 B 1419,3058 3174,2646 27397,596 18866,613 12213,2705 1190,4001 S 3161,9648 8175,7993 12755,225 14812,601 8491,244 9899,91
2,0249999 B 1419,3058 3174,2646 27397,596 18866,613 12213,2705 1190,4001 S 3161,9648 8175,7993 12755,225 14812,601 8491,244 9899,91
2,0249994 B 1419,3058 3174,2646 27397,596 18866,613 12213,2705 1190,4001 S 3161,9648 8175,7993 12755,225 14812,601 8491,244 9899,91
2,0249999 B 1419,3058 3174,2646 27397,596 18866,613 12213,2705 1190,4001 S 3161,9648 8175,7993 12755,225 14812,601 8491,244 9899,91
2,025 B 1419,3058 3174,2646 27397,596 18866,613 12213,2705 1190,4001 S 3161,9648 8175,7993 12755,225 14812,601 8491,244 9899,91
2,0249999 B 1419,3058 3174,2646 27397,596 18866,613 12213,2705 1190,4001 S 3161,9648 8175,7993 12755,225 14812,601 8491,244 9899,91
2,025146 B 1419,3058 3174,2646 27397,596 18866,613 12213,2705 1190,4001 S 3161,9648 8175,7993 12755,225 14812,601 8491,244 9899,91
2,026 B 1419,3058 3174,2646 27397,596 18866,613 12213,2705 1190,4001 S 3161,9648 8175,7993 12755,225 14812,601 8491,244 9899,91
2,0260003 B 1419,3058 3174,2646 27397,596 18866,613 12213,2705 1190,4001 S 3161,9648 8175,7993 12755,225 14812,601 8491,244 9899,91
2,0260003 B 1419,3058 3174,2646 27397,596 18866,613 12213,2705 1190,4001 S 3161,9648 8175,7993 12755,225 14812,601 8491,244 9899,91
2,0242105 B 1419,3058 3174,2646 27397,596 18866,613 12213,2705 1190,4001 S 3161,9648 8175,7993 12755,225 14812,601 8491,244 9899,91
2,0239995 B 1419,3058 3174,2646 27397,596 18866,613 12213,2705 1190,4001 S 3161,9648 8175,7993 12755,225 14812,601 8491,244 9899,91
2,0240002 B 1419,3058 3174,2646 27397,596 18866,613 12213,2705 1190,4001 S 3161,9648 8175,7993 12755,225 14812,601 8491,244 9899,91
2,024 B 1419,3058 3174,2646 27397,596 18866,613 12213,2705 1190,4001 S 3161,9648 8175,7993 12755,225 14812,601 8491,244 9899,91
2,0240004 B 1419,3058 3174,2646 27397,596 18866,613 12213,2705 1190,4001 S 3161,9648 8175,7993 12755,225 14812,601 8491,244 9899,91
2,024 B 1419,3058 3174,2646 27397,596 18866,613 12213,2705 1190,4001 S 3161,9648 8175,7993 12755,225 14812,601 8491,244 9899,91
2,0239997 B 1419,3058 3174,2646 27397,596 18866,613 12213,2705 1190,4001 S 3161,9648 8175,7993 12755,225 14812,601 8491,244 9899,91
2,0239997 B 1419,3058 3174,2646 27397,596 18866,613 12213,2705 1190,4001 S 3161,9648 8175,7993 12755,225 14812,601 8491,244 9899,91
2,0239997 B 1419,3058 3174,2646 27397,596 18866,613 12213,2705 1190,4001 S 3161,9648 8175,7993 12755,225 14812,601 8491,244 9899,91
2,024 B 1419,3058 3174,2646 27397,596 18866,613 12213,2705 1190,4001 S 3161,9648 8175,7993 12755,225 14812,601 8491,244 9899,91
2,0240002 B 1419,3058 3174,2646 27397,596 18866,613 12213,2705 1190,4001 S 3161,9648 8175,7993 12755,225 14812,601 8491,244 9899,91
2,024 B 1419,3058 3174,2646 27397,596 18866,613 12213,2705 1190,4001 S 3161,9648 8175,7993 12755,225 14812,601 8491,244 9899,91
2,0239997 B 1419,3058 3174,2646 27397,596 18866,613 12213,2705 1190,4001 S 3161,9648 8175,7993 12755,225 14812,601 8491,244 9899,91
2,0239997 B 1419,3058 3174,2646 27397,596 18866,613 12213,2705 1190,4001 S 3161,9648 8175,7993 12755,225 14812,601 8491,244 9899,91
2,0240002 B 1419,3058 3174,2646 27397,596 18866,613 12213,2705 1190,4001 S 3161,9648 8175,7993 12755,225 14812,601 8491,244 9899,91
2,024 B 1419,3058 3174,2646 27397,596 18866,613 12213,2705 1190,4001 S 3161,9648 8175,7993 12755,225 14812,601 8491,244 9899,91
2,0240967 B 1419,3058 3174,2646 27397,596 18866,613 12213,2705 1190,4001 S 3161,9648 8175,7993 12755,225 14812,601 8491,244 9899,91
2,0260005 B 1419,3058 3174,2646 27397,596 18866,613 12213,2705 1190,4001 S 3161,9648 8175,7993 12755,225 14812,601 8491,244 9899,91
2,0262506 B 1419,3058 3174,2646 27397,596 18866,613 12213,2705 1190,4001 S 3161,9648 8175,7993 12755,225 14812,601 8491,244 9899,91
2,0280004 B 1419,3058 3174,2646 27397,596 18866,613 12213,2705 1190,4001 S 3161,9648 8175,7993 12755,225 14812,601 8491,244 9899,91
2,0280633 B 1419,3058 3174,2646 27397,596 18866,613 12213,2705 1190,4001 S 3161,9648 8175,7993 12755,225 14812,601 8491,244 9899,91
2,029 B 1419,3058 3174,2646 27397,596 18866,613 12213,2705 1190,4001 S 3161,9648 8175,7993 12755,225 14812,601 8491,244 9899,91
2,0290008 B 1419,3058 3174,2646 27397,596 18866,613 12213,2705 1190,4001 S 3161,9648 8175,7993 12755,225 14812,601 8491,244 9899,91
2,0285993 B 1419,3058 3174,2646 27397,596 18866,613 12213,2705 1190,4001 S 3161,9648 8175,7993 12755,225 14812,601 8491,244 9899,91
2,028 B 1419,3058 3174,2646 27397,596 18866,613 12213,2705 1190,4001 S 3161,9648 8175,7993 12755,225 14812,601 8491,244 9899,91
2,0280004 B 1419,3058 3174,2646 27397,596 18866,613 12213,2705 1190,4001 S 3161,9648 8175,7993 12755,225 14812,601 8491,244 9899,91
2,0286515 B 1419,3058 3174,2646 27397,596 18866,613 12213,2705 1190,4001 S 3161,9648 8175,7993 12755,225 14812,601 8491,244 9899,91
2,0294673 B 1419,3058 3174,2646 27397,596 18866,613 12213,2705 1190,4001 S 3161,9648 8175,7993 12755,225 14812,601 8491,244 9899,91
2,0300002 B 1419,3058 3174,2646 27397,596 18866,613 12213,2705 1190,4001 S 3161,9648 8175,7993 12755,225 14812,601 8491,244 9899,91
2,03 B 1419,3058 3174,2646 27397,596 18866,613 12213,2705 1190,4001 S 3161,9648 8175,7993 12755,225 14812,601 8491,244 9899,91
2,0300002 B 1419,3058 3174,2646 27397,596 18866,613 12213,2705 1190,4001 S 3161,9648 8175,7993 12755,225 14812,601 8491,244 9899,91
2,0300004 B 1419,3058 3174,2646 27397,596 18866,613 12213,2705 1190,4001 S 3161,9648 8175,7993 12755,225 14812,601 8491,244 9899,91
2,0300007 B 1419,3058 3174,2646 27397,596 18866,613 12213,2705 1190,4001 S 3161,9648 8175,7993 12755,225 14812,601 8491,244 9899,91
2,0300004 B 1419,3058 3174,2646 27397,596 18866,613 12213,2705 1190,4001 S 3161,9648 8175,7993 12755,225 14812,601 8491,244 9899,91
2,029999 B 1419,3058 3174,2646 27397,596 18866,613 12213,2705 1190,4001 S 3161,9648 8175,7993 12755,225 14812,601 8491,244 9899,91
2,0299997 B 1419,3058 3174,2646 27397,596 18866,613 12213,2705 1190,4001 S 3161,9648 8175,7993 12755,225 14812,601 8491,244 9899,91
2,0308492 B 1419,3058 3174,2646 27397,596 18866,613 12213,2705 1190,4001 S 3161,9648 8175,7993 12755,225 14812,601 8491,244 9899,91
2,0309997 B 1419,3058 3174,2646 27397,596 18866,613 12213,2705 1190,4001 S 3161,9648 8175,7993 12755,225 14812,601 8491,244 9899,91
2,0309997 B 1419,3058 3174,2646 27397,596 18866,613 12213,2705 1190,4001 S 3161,9648 8175,7993 12755,225 14812,601 8491,244 9899,91
2,0310001 B 1419,3058 3174,2646 27397,596 18866,613 12213,2705 1190,4001 S 3161,9648 8175,7993 12755,225 14812,601 8491,244 9899,91
2,0309992 B 1419,3058 3174,2646 27397,596 18866,613 12213,2705 1190,4001 S 3161,9648 8175,7993 12755,225 14812,601 8491,244 9899,91
2,0310001 B 1419,3058 3174,2646 27397,596 18866,613 12213,2705 1190,4001 S 3161,9648 8175,7993 12755,225 14812,601 8491,244 9899,91
2,031 B 1419,3058 3174,2646 27397,596 18866,613 12213,2705 1190,4001 S 3161,9648 8175,7993 12755,225 14812,601 8491,244 9899,91
2,0310001 B 1419,3058 3174,2646 27397,596 18866,613 12213,2705 1190,4001 S 3161,9648 8175,7993 12755,225 14812,601 8491,244 9899,91
2,031 B 1419,3058 3174,2646 27397,596 18866,613 12213,2705 1190,4001 S 3161,9648 8175,7993 12755,225 14812,601 8491,244 9899,91
2,0315738 B 1419,3058 3174,2646 27397,596 18866,613 12213,2705 1190,4001 S 3161,9648 8175,7993 12755,225 14812,601 8491,244 9899,91
2,0320005 B 1419,3058 3174,2646 27397,596 18866,613 12213,2705 1190,4001 S 3161,9648 8175,7993 12755,225 14812,601 8491,244 9899,91
2,0325012 B 1419,3058 3174,2646 27397,596 18866,613 12213,2705 1190,4001 S 3161,9648 8175,7993 12755,225 14812,601 8491,244 9899,91
2,0329995 B 1419,3058 3174,2646 27397,596 18866,613 12213,2705 1190,4001 S 3161,9648 8175,7993 12755,225 14812,601 8491,244 9899,91
2,0329998 B 1419,3058 3174,2646 27397,596 18866,613 12213,2705 1190,4001 S 3161,9648 8175,7993 12755,225 14812,601 8491,244 9899,91
2,033 B 1419,3058 3174,2646 27397,596 18866,613 12213,2705 1190,4001 S 3161,9648 8175,7993 12755,225 14812,601 8491,244 9899,91
2,033 B 1419,3058 3174,2646 27397,596 18866,613 12213,2705 1190,4001 S 3161,9648 8175,7993 12755,225 14812,601 8491,244 9899,91
2,0330002 B 1419,3058 3174,2646 27397,596 18866,613 12213,2705 1190,4001 S 3161,9648 8175,7993 12755,225 14812,601 8491,244 9899,91
2,0329545 B 1419,3058 3174,2646 27397,596 18866,613 12213,2705 1190,4001 S 3161,9648 8175,7993 12755,225 14812,601 8491,244 9899,91
2,0318234 B 1419,3058 3174,2646 27397,596 18866,613 12213,2705 1190,4001 S 3161,9648 8175,7993 12755,225 14812,601 8491,244 9899,91
2,0309994 B 1419,3058 3174,2646 27397,596 18866,613 12213,2705 1190,4001 S 3161,9648 8175,7993 12755,225 14812,601 8491,244 9899,91
2,031 B 1419,3058 3174,2646 27397,596 18866,613 12213,2705 1190,4001 S 3161,9648 8175,7993 12755,225 14812,601 8491,244 9899,91
2,0309997 B 1419,3058 3174,2646 27397,596 18866,613 12213,2705 1190,4001 S 3161,9648 8175,7993 12755,225 14812,601 8491,244 9899,91
2,031 B 1419,3058 3174,2646 27397,596 18866,613 12213,2705 1190,4001 S 3161,9648 8175,7993 12755,225 14812,601 8491,244 9899,91
2,0313284 B 1419,3058 3174,2646 27397,596 18866,613 12213,2705 1190,4001 S 3161,9648 8175,7993 12755,225 14812,601 8491,244 9899,91
2,0320003 B 1419,3058 3174,2646 27397,596 18866,613 12213,2705 1190,4001 S 3161,9648 8175,7993 12755,225 14812,601 8491,244 9899,91
2,032 B 1419,3058 3174,2646 27397,596 18866,613 12213,2705 1190,4001 S 3161,9648 8175,7993 12755,225 14812,601 8491,244 9899,91
2,032 B 1419,3058 3174,2646 27397,596 18866,613 12213,2705 1190,4001 S 3161,9648 8175,7993 12755,225 14812,601 8491,244 9899,91
2,0319998 B 1419,3058 3174,2646 27397,596 18866,613 12213,2705 1190,4001 S 3161,9648 8175,7993 12755,225 14812,601 8491,244 9899,91
2,0319998 B 1419,3058 3174,2646 27397,596 18866,613 12213,2705 1190,4001 S 3161,9648 8175,7993 12755,225 14812,601 8491,244 9899,91
2,0320003 B 1419,3058 3174,2646 27397,596 18866,613 12213,2705 1190,4001 S 3161,9648 8175,7993 12755,225 14812,601 8491,244 9899,91
2,032 B 1419,3058 3174,2646 27397,596 18866,613 12213,2705 1190,4001 S 3161,9648 8175,7993 12755,225 14812,601 8491,244 9899,91
2,0341473 B 1419,3058 3174,2646 27397,596 18866,613 12213,2705 1190,4001 S 3161,9648 8175,7993 12755,225 14812,601 8491,244 9899,91
2,035766 B 1419,3058 3174,2646 27397,596 18866,613 12213,2705 1190,4001 S 3161,9648 8175,7993 12755,225 14812,601 8491,244 9899,91
2,0368445 B 1419,3058 3174,2646 27397,596 18866,613 12213,2705 1190,4001 S 3161,9648 8175,7993 12755,225 14812,601 8491,244 9899,91
2,0369868 B 1419,3058 3174,2646 27397,596 18866,613 12213,2705 1190,4001 S 3161,9648 8175,7993 12755,225 14812,601 8491,244 9899,91
2,0360003 B 1419,3058 3174,2646 27397,596 18866,613 12213,2705 1190,4001 S 3161,9648 8175,7993 12755,225 14812,601 8491,244 9899,91
2,0355084 B 1419,3058 3174,2646 27397,596 18866,613 12213,2705 1190,4001 S 3161,9648 8175,7993 12755,225 14812,601 8491,244 9899,91
2,0350006 B 1419,3058 3174,2646 27397,596 18866,613 12213,2705 1190,4001 S 3161,9648 8175,7993 12755,225 14812,601 8491,244 9899,91
2,0350008 B 1419,3058 3174,2646 27397,596 18866,613 12213,2705 1190,4001 S 3161,9648 8175,7993 12755,225 14812,601 8491,244 9899,91
2,035 B 1419,3058 3174,2646 27397,596 18866,613 12213,2705 1190,4001 S 3161,9648 8175,7993 12755,225 14812,601 8491,244 9899,91
2,0350003 B 1419,3058 3174,2646 27397,596 18866,613 12213,2705 1190,4001 S 3161,9648 8175,7993 12755,225 14812,601 8491,244 9899,91
2,0350003 B 1419,3058 3174,2646 27397,596 18866,613 12213,2705 1190,4001 S 3161,9648 8175,7993 12755,225 14812,601 8491,244 9899,91
2,0349998 B 1419,3058 3174,2646 27397,596 18866,613 12213,2705 1190,4001 S 3161,9648 8175,7993 12755,225 14812,601 8491,244 9899,91
2,0350003 B 1419,3058 3174,2646 27397,596 18866,613 12213,2705 1190,4001 S 3161,9648 8175,7993 12755,225 14812,601 8491,244 9899,91
2,0341 B 1419,3058 3174,2646 27397,596 18866,613 12213,2705 1190,4001 S 3161,9648 8175,7993 12755,225 14812,601 8491,244 9899,91
2,0340002 B 1419,3058 3174,2646 27397,596 18866,613 12213,2705 1190,4001 S 3161,9648 8175,7993 12755,225 14812,601 8491,244 9899,91
2,0340009 B 1419,3058 3174,2646 27397,596 18866,613 12213,2705 1190,4001 S 3161,9648 8175,7993 12755,225 14812,601 8491,244 9899,91
2,0340004 B 1419,3058 3174,2646 27397,596 18866,613 12213,2705 1190,4001 S 3161,9648 8175,7993 12755,225 14812,601 8491,244 9899,91
2,0349894 B 1419,3058 3174,2646 27397,596 18866,613 12213,2705 1190,4001 S 3161,9648 8175,7993 12755,225 14812,601 8491,244 9899,91
2,0349996 B 1419,3058 3174,2646 27397,596 18866,613 12213,2705 1190,4001 S 3161,9648 8175,7993 12755,225 14812,601 8491,244 9899,91
2,0350006 B 1419,3058 3174,2646 27397,596 18866,613 12213,2705 1190,4001 S 3161,9648 8175,7993 12755,225 14812,601 8491,244 9899,91
2,035 B 1419,3058 3174,2646 27397,596 18866,613 12213,2705 1190,4001 S 3161,9648 8175,7993 12755,225 14812,601 8491,244 9899,91
2,035 B 1419,3058 3174,2646 27397,596 18866,613 12213,2705 1190,4001 S 3161,9648 8175,7993 12755,225 14812,601 8491,244 9899,91
2,035 B 1419,3058 3174,2646 27397,596 18866,613 12213,2705 1190,4001 S 3161,9648 8175,7993 12755,225 14812,601 8491,244 9899,91
2,0350006 B 1419,3058 3174,2646 27397,596 18866,613 12213,2705 1190,4001 S 3161,9648 8175,7993 12755,225 14812,601 8491,244 9899,91
2,0349998 B 1419,3058 3174,2646 27397,596 18866,613 12213,2705 1190,4001 S 3161,9648 8175,7993 12755,225 14812,601 8491,244 9899,91
2,0350003 B 1419,3058 3174,2646 27397,596 18866,613 12213,2705 1190,4001 S 3161,9648 8175,7993 12755,225 14812,601 8491,244 9899,91
2,0343704 B 1419,3058 3174,2646 27397,596 18866,613 12213,2705 1190,4001 S 3161,9648 8175,7993 12755,225 14812,601 8491,244 9899,91
2,0320003 B 1419,3058 3174,2646 27397,596 18866,613 12213,2705 1190,4001 S 3161,9648 8175,7993 12755,225 14812,601 8491,244 9899,91
2,0319998 B 1419,3058 3174,2646 27397,596 18866,613 12213,2705 1190,4001 S 3161,9648 8175,7993 12755,225 14812,601 8491,244 9899,91
2,0320003 B 1419,3058 3174,2646 27397,596 18866,613 12213,2705 1190,4001 S 3161,9648 8175,7993 12755,225 14812,601 8491,244 9899,91
2,032 B 1419,3058 3174,2646 27397,596 18866,613 12213,2705 1190,4001 S 3161,9648 8175,7993 12755,225 14812,601 8491,244 9899,91
2,03215 B 1419,3058 3174,2646 27397,596 18866,613 12213,2705 1190,4001 S 3161,9648 8175,7993 12755,225 14812,601 8491,244 9899,91
2,034 B 1419,3058 3174,2646 27397,596 18866,613 12213,2705 1190,4001 S 3161,9648 8175,7993 12755,225 14812,601 8491,244 9899,91
2,034 B 1419,3058 3174,2646 27397,596 18866,613 12213,2705 1190,4001 S 3161,9648 8175,7993 12755,225 14812,601 8491,244 9899,91
2,034 B 1419,3058 3174,2646 27397,596 18866,613 12213,2705 1190,4001 S 3161,9648 8175,7993 12755,225 14812,601 8491,244 9899,91
2,033456 B 1419,3058 3174,2646 27397,596 18866,613 12213,2705 1190,4001 S 3161,9648 8175,7993 12755,225 14812,601 8491,244 9899,91
2,033 B 1419,3058 3174,2646 27397,596 18866,613 12213,2705 1190,4001 S 3161,9648 8175,7993 12755,225 14812,601 8491,244 9899,91
2,0330005 B 1419,3058 3174,2646 27397,596 18866,613 12213,2705 1190,4001 S 3161,9648 8175,7993 12755,225 14812,601 8491,244 9899,91
2,0330002 B 1419,3058 3174,2646 27397,596 18866,613 12213,2705 1190,4001 S 3161,9648 8175,7993 12755,225 14812,601 8491,244 9899,91
2,0328658 B 1419,3058 3174,2646 27397,596 18866,613 12213,2705 1190,4001 S 3161,9648 8175,7993 12755,225 14812,601 8491,244 9899,91
2,0310001 B 1419,3058 3174,2646 27397,596 18866,613 12213,2705 1190,4001 S 3161,9648 8175,7993 12755,225 14812,601 8491,244 9899,91
2,031 B 1419,3058 3174,2646 27397,596 18866,613 12213,2705 1190,4001 S 3161,9648 8175,7993 12755,225 14812,601 8491,244 9899,91
2,0310004 B 1419,3058 3174,2646 27397,596 18866,613 12213,2705 1190,4001 S 3161,9648 8175,7993 12755,225 14812,601 8491,244 9899,91
2,0309994 B 1419,3058 3174,2646 27397,596 18866,613 12213,2705 1190,4001 S 3161,9648 8175,7993 12755,225 14812,601 8491,244 9899,91
2,031 B 1419,3058 3174,2646 27397,596 18866,613 12213,2705 1190,4001 S 3161,9648 8175,7993 12755,225 14812,601 8491,244 9899,91
2,031 B 1419,3058 3174,2646 27397,596 18866,613 12213,2705 1190,4001 S 3161,9648 8175,7993 12755,225 14812,601 8491,244 9899,91
2,031 B 1419,3058 3174,2646 27397,596 18866,613 12213,2705 1190,4001 S 3161,9648 8175,7993 12755,225 14812,601 8491,244 9899,91
2,031 B 1419,3058 3174,2646 27397,596 18866,613 12213,2705 1190,4001 S 3161,9648 8175,7993 12755,225 14812,601 8491,244 9899,91
2,0310001 B 1419,3058 3174,2646 27397,596 18866,613 12213,2705 1190,4001 S 3161,9648 8175,7993 12755,225 14812,601 8491,244 9899,91
2,0309997 B 1419,3058 3174,2646 27397,596 18866,613 12213,2705 1190,4001 S 3161,9648 8175,7993 12755,225 14812,601 8491,244 9899,91
