2,0317564
2,0429997 B 1647,0818 4459,7417 17578,686 13355,386 8556,955 4504,7344 S 5431,4546 12408,861 7800,403 14468,83 10135,808 11488,476
2,0429997 B 1647,0818 4459,7417 17578,686 13355,386 8556,955 4504,7344 S 5431,4546 12408,861 7800,403 14468,83 10135,808 11488,476
2,0430002 B 1647,0818 4459,7417 17578,686 13355,386 8556,955 4504,7344 S 5431,4546 12408,861 7800,403 14468,83 10135,808 11488,476
2,0430007 B 1647,0818 4459,7417 17578,686 13355,386 8556,955 4504,7344 S 5431,4546 12408,861 7800,403 14468,83 10135,808 11488,476
2,0430002 B 1647,0818 4459,7417 17578,686 13355,386 8556,955 4504,7344 S 5431,4546 12408,861 7800,403 14468,83 10135,808 11488,476
2,0410626 B 1647,0818 4459,7417 17578,686 13355,386 8556,955 4504,7344 S 5431,4546 12408,861 7800,403 14468,83 10135,808 11488,476
2,0400002 B 1647,0818 4459,7417 17578,686 13355,386 8556,955 4504,7344 S 5431,4546 12408,861 7800,403 14468,83 10135,808 11488,476
2,0399623 B 1647,0818 4459,7417 17578,686 13355,386 8556,955 4504,7344 S 5431,4546 12408,861 7800,403 14468,83 10135,808 11488,476
2,0383477 B 1647,0818 4459,7417 17578,686 13355,386 8556,955 4504,7344 S 5431,4546 12408,861 7800,403 14468,83 10135,808 11488,476
2,035127 B 1647,0818 4459,7417 17578,686 13355,386 8556,955 4504,7344 S 5431,4546 12408,861 7800,403 14468,83 10135,808 11488,476
2,035001 B 1647,0818 4459,7417 17578,686 13355,386 8556,955 4504,7344 S 5431,4546 12408,861 7800,403 14468,83 10135,808 11488,476
2,035 B 1647,0818 4459,7417 17578,686 13355,386 8556,955 4504,7344 S 5431,4546 12408,861 7800,403 14468,83 10135,808 11488,476
2,0349998 B 1647,0818 4459,7417 17578,686 13355,386 8556,955 4504,7344 S 5431,4546 12408,861 7800,403 14468,83 10135,808 11488,476
2,0350003 B 1647,0818 4459,7417 17578,686 13355,386 8556,955 4504,7344 S 5431,4546 12408,861 7800,403 14468,83 10135,808 11488,476
2,0350003 B 1647,0818 4459,7417 17578,686 13355,386 8556,955 4504,7344 S 5431,4546 12408,861 7800,403 14468,83 10135,808 11488,476
2,0349996 B 1647,0818 4459,7417 17578,686 13355,386 8556,955 4504,7344 S 5431,4546 12408,861 7800,403 14468,83 10135,808 11488,476
2,0350003 B 1647,0818 4459,7417 17578,686 13355,386 8556,955 4504,7344 S 5431,4546 12408,861 7800,403 14468,83 10135,808 11488,476
2,0335763 B 1647,0818 4459,7417 17578,686 13355,386 8556,955 4504,7344 S 5431,4546 12408,861 7800,403 14468,83 10135,808 11488,476
2,032 B 1647,0818 4459,7417 17578,686 13355,386 8556,955 4504,7344 S 5431,4546 12408,861 7800,403 14468,83 10135,808 11488,476
2,032 B 1647,0818 4459,7417 17578,686 13355,386 8556,955 4504,7344 S 5431,4546 12408,861 7800,403 14468,83 10135,808 11488,476
2,0319998 B 1647,0818 4459,7417 17578,686 13355,386 8556,955 4504,7344 S 5431,4546 12408,861 7800,403 14468,83 10135,808 11488,476
2,0320003 B 1647,0818 4459,7417 17578,686 13355,386 8556,955 4504,7344 S 5431,4546 12408,861 7800,403 14468,83 10135,808 11488,476
2,0319996 B 1647,0818 4459,7417 17578,686 13355,386 8556,955 4504,7344 S 5431,4546 12408,861 7800,403 14468,83 10135,808 11488,476
2,032 B 1647,0818 4459,7417 17578,686 13355,386 8556,955 4504,7344 S 5431,4546 12408,861 7800,403 14468,83 10135,808 11488,476
2,032 B 1647,0818 4459,7417 17578,686 13355,386 8556,955 4504,7344 S 5431,4546 12408,861 7800,403 14468,83 10135,808 11488,476
2,0344954 B 1647,0818 4459,7417 17578,686 13355,386 8556,955 4504,7344 S 5431,4546 12408,861 7800,403 14468,83 10135,808 11488,476
2,0350008 B 1647,0818 4459,7417 17578,686 13355,386 8556,955 4504,7344 S 5431,4546 12408,861 7800,403 14468,83 10135,808 11488,476
2,0349996 B 1647,0818 4459,7417 17578,686 13355,386 8556,955 4504,7344 S 5431,4546 12408,861 7800,403 14468,83 10135,808 11488,476
2,0350006 B 1647,0818 4459,7417 17578,686 13355,386 8556,955 4504,7344 S 5431,4546 12408,861 7800,403 14468,83 10135,808 11488,476
2,0350003 B 1647,0818 4459,7417 17578,686 13355,386 8556,955 4504,7344 S 5431,4546 12408,861 7800,403 14468,83 10135,808 11488,476
2,035 B 1647,0818 4459,7417 17578,686 13355,386 8556,955 4504,7344 S 5431,4546 12408,861 7800,403 14468,83 10135,808 11488,476
2,0350008 B 1647,0818 4459,7417 17578,686 13355,386 8556,955 4504,7344 S 5431,4546 12408,861 7800,403 14468,83 10135,808 11488,476
2,0350003 B 1647,0818 4459,7417 17578,686 13355,386 8556,955 4504,7344 S 5431,4546 12408,861 7800,403 14468,83 10135,808 11488,476
2,033265 B 1647,0818 4459,7417 17578,686 13355,386 8556,955 4504,7344 S 5431,4546 12408,861 7800,403 14468,83 10135,808 11488,476
2,032 B 1647,0818 4459,7417 17578,686 13355,386 8556,955 4504,7344 S 5431,4546 12408,861 7800,403 14468,83 10135,808 11488,476
2,0319998 B 1647,0818 4459,7417 17578,686 13355,386 8556,955 4504,7344 S 5431,4546 12408,861 7800,403 14468,83 10135,808 11488,476
2,0329576 B 1647,0818 4459,7417 17578,686 13355,386 8556,955 4504,7344 S 5431,4546 12408,861 7800,403 14468,83 10135,808 11488,476
2,0340004 B 1647,0818 4459,7417 17578,686 13355,386 8556,955 4504,7344 S 5431,4546 12408,861 7800,403 14468,83 10135,808 11488,476
2,034 B 1647,0818 4459,7417 17578,686 13355,386 8556,955 4504,7344 S 5431,4546 12408,861 7800,403 14468,83 10135,808 11488,476
2,034 B 1647,0818 4459,7417 17578,686 13355,386 8556,955 4504,7344 S 5431,4546 12408,861 7800,403 14468,83 10135,808 11488,476
2,034 B 1647,0818 4459,7417 17578,686 13355,386 8556,955 4504,7344 S 5431,4546 12408,861 7800,403 14468,83 10135,808 11488,476
2,0340004 B 1647,0818 4459,7417 17578,686 13355,386 8556,955 4504,7344 S 5431,4546 12408,861 7800,403 14468,83 10135,808 11488,476
2,034 B 1647,0818 4459,7417 17578,686 13355,386 8556,955 4504,7344 S 5431,4546 12408,861 7800,403 14468,83 10135,808 11488,476
2,0340002 B 1647,0818 4459,7417 17578,686 13355,386 8556,955 4504,7344 S 5431,4546 12408,861 7800,403 14468,83 10135,808 11488,476
2,0340002 B 1647,0818 4459,7417 17578,686 13355,386 8556,955 4504,7344 S 5431,4546 12408,861 7800,403 14468,83 10135,808 11488,476
2,0348732 B 1647,0818 4459,7417 17578,686 13355,386 8556,955 4504,7344 S 5431,4546 12408,861 7800,403 14468,83 10135,808 11488,476
2,0351024 B 1647,0818 4459,7417 17578,686 13355,386 8556,955 4504,7344 S 5431,4546 12408,861 7800,403 14468,83 10135,808 11488,476
2,036 B 1647,0818 4459,7417 17578,686 13355,386 8556,955 4504,7344 S 5431,4546 12408,861 7800,403 14468,83 10135,808 11488,476
2,036 B 1647,0818 4459,7417 17578,686 13355,386 8556,955 4504,7344 S 5431,4546 12408,861 7800,403 14468,83 10135,808 11488,476
2,036 B 1647,0818 4459,7417 17578,686 13355,386 8556,955 4504,7344 S 5431,4546 12408,861 7800,403 14468,83 10135,808 11488,476
2,036 B 1647,0818 4459,7417 17578,686 13355,386 8556,955 4504,7344 S 5431,4546 12408,861 7800,403 14468,83 10135,808 11488,476
2,0359995 B 1647,0818 4459,7417 17578,686 13355,386 8556,955 4504,7344 S 5431,4546 12408,861 7800,403 14468,83 10135,808 11488,476
2,0359998 B 1647,0818 4459,7417 17578,686 13355,386 8556,955 4504,7344 S 5431,4546 12408,861 7800,403 14468,83 10135,808 11488,476
2,0359201 B 1647,0818 4459,7417 17578,686 13355,386 8556,955 4504,7344 S 5431,4546 12408,861 7800,403 14468,83 10135,808 11488,476
2,0350006 B 1647,0818 4459,7417 17578,686 13355,386 8556,955 4504,7344 S 5431,4546 12408,861 7800,403 14468,83 10135,808 11488,476
2,0350003 B 1647,0818 4459,7417 17578,686 13355,386 8556,955 4504,7344 S 5431,4546 12408,861 7800,403 14468,83 10135,808 11488,476
2,0350003 B 1647,0818 4459,7417 17578,686 13355,386 8556,955 4504,7344 S 5431,4546 12408,861 7800,403 14468,83 10135,808 11488,476
2,0349998 B 1647,0818 4459,7417 17578,686 13355,386 8556,955 4504,7344 S 5431,4546 12408,861 7800,403 14468,83 10135,808 11488,476
2,035001 B 1647,0818 4459,7417 17578,686 13355,386 8556,955 4504,7344 S 5431,4546 12408,861 7800,403 14468,83 10135,808 11488,476
2,0350003 B 1647,0818 4459,7417 17578,686 13355,386 8556,955 4504,7344 S 5431,4546 12408,861 7800,403 14468,83 10135,808 11488,476
2,0350003 B 1647,0818 4459,7417 17578,686 13355,386 8556,955 4504,7344 S 5431,4546 12408,861 7800,403 14468,83 10135,808 11488,476
2,0349994 B 1647,0818 4459,7417 17578,686 13355,386 8556,955 4504,7344 S 5431,4546 12408,861 7800,403 14468,83 10135,808 11488,476
2,0349994 B 1647,0818 4459,7417 17578,686 13355,386 8556,955 4504,7344 S 5431,4546 12408,861 7800,403 14468,83 10135,808 11488,476
2,035 B 1647,0818 4459,7417 17578,686 13355,386 8556,955 4504,7344 S 5431,4546 12408,861 7800,403 14468,83 10135,808 11488,476
2,0349996 B 1647,0818 4459,7417 17578,686 13355,386 8556,955 4504,7344 S 5431,4546 12408,861 7800,403 14468,83 10135,808 11488,476
2,035 B 1647,0818 4459,7417 17578,686 13355,386 8556,955 4504,7344 S 5431,4546 12408,861 7800,403 14468,83 10135,808 11488,476
2,035 B 1647,0818 4459,7417 17578,686 13355,386 8556,955 4504,7344 S 5431,4546 12408,861 7800,403 14468,83 10135,808 11488,476
2,0331218 B 1647,0818 4459,7417 17578,686 13355,386 8556,955 4504,7344 S 5431,4546 12408,861 7800,403 14468,83 10135,808 11488,476
2,0330005 B 1647,0818 4459,7417 17578,686 13355,386 8556,955 4504,7344 S 5431,4546 12408,861 7800,403 14468,83 10135,808 11488,476
2,033 B 1647,0818 4459,7417 17578,686 13355,386 8556,955 4504,7344 S 5431,4546 12408,861 7800,403 14468,83 10135,808 11488,476
2,033 B 1647,0818 4459,7417 17578,686 13355,386 8556,955 4504,7344 S 5431,4546 12408,861 7800,403 14468,83 10135,808 11488,476
2,0330002 B 1647,0818 4459,7417 17578,686 13355,386 8556,955 4504,7344 S 5431,4546 12408,861 7800,403 14468,83 10135,808 11488,476
2,033001 B 1647,0818 4459,7417 17578,686 13355,386 8556,955 4504,7344 S 5431,4546 12408,861 7800,403 14468,83 10135,808 11488,476
2,0330002 B 1647,0818 4459,7417 17578,686 13355,386 8556,955 4504,7344 S 5431,4546 12408,861 7800,403 14468,83 10135,808 11488,476
2,0330002 B 1647,0818 4459,7417 17578,686 13355,386 8556,955 4504,7344 S 5431,4546 12408,861 7800,403 14468,83 10135,808 11488,476
2,0329998 B 1647,0818 4459,7417 17578,686 13355,386 8556,955 4504,7344 S 5431,4546 12408,861 7800,403 14468,83 10135,808 11488,476
2,0326252 B 1647,0818 4459,7417 17578,686 13355,386 8556,955 4504,7344 S 5431,4546 12408,861 7800,403 14468,83 10135,808 11488,476
2,032 B 1647,0818 4459,7417 17578,686 13355,386 8556,955 4504,7344 S 5431,4546 12408,861 7800,403 14468,83 10135,808 11488,476
2,0319996 B 1647,0818 4459,7417 17578,686 13355,386 8556,955 4504,7344 S 5431,4546 12408,861 7800,403 14468,83 10135,808 11488,476
2,0319998 B 1647,0818 4459,7417 17578,686 13355,386 8556,955 4504,7344 S 5431,4546 12408,861 7800,403 14468,83 10135,808 11488,476
2,0320003 B 1647,0818 4459,7417 17578,686 13355,386 8556,955 4504,7344 S 5431,4546 12408,861 7800,403 14468,83 10135,808 11488,476
2,0310736 B 1647,0818 4459,7417 17578,686 13355,386 8556,955 4504,7344 S 5431,4546 12408,861 7800,403 14468,83 10135,808 11488,476
2,029 B 1647,0818 4459,7417 17578,686 13355,386 8556,955 4504,7344 S 5431,4546 12408,861 7800,403 14468,83 10135,808 11488,476
2,0290005 B 1647,0818 4459,7417 17578,686 13355,386 8556,955 4504,7344 S 5431,4546 12408,861 7800,403 14468,83 10135,808 11488,476
2,029 B 1647,0818 4459,7417 17578,686 13355,386 8556,955 4504,7344 S 5431,4546 12408,861 7800,403 14468,83 10135,808 11488,476
2,029 B 1647,0818 4459,7417 17578,686 13355,386 8556,955 4504,7344 S 5431,4546 12408,861 7800,403 14468,83 10135,808 11488,476
2,0289998 B 1647,0818 4459,7417 17578,686 13355,386 8556,955 4504,7344 S 5431,4546 12408,861 7800,403 14468,83 10135,808 11488,476
2,0290003 B 1647,0818 4459,7417 17578,686 13355,386 8556,955 4504,7344 S 5431,4546 12408,861 7800,403 14468,83 10135,808 11488,476
2,029 B 1647,0818 4459,7417 17578,686 13355,386 8556,955 4504,7344 S 5431,4546 12408,861 7800,403 14468,83 10135,808 11488,476
2,0290003 B 1647,0818 4459,7417 17578,686 13355,386 8556,955 4504,7344 S 5431,4546 12408,861 7800,403 14468,83 10135,808 11488,476
2,0283659 B 1647,0818 4459,7417 17578,686 13355,386 8556,955 4504,7344 S 5431,4546 12408,861 7800,403 14468,83 10135,808 11488,476
2,026304 B 1647,0818 4459,7417 17578,686 13355,386 8556,955 4504,7344 S 5431,4546 12408,861 7800,403 14468,83 10135,808 11488,476
2,026 B 1647,0818 4459,7417 17578,686 13355,386 8556,955 4504,7344 S 5431,4546 12408,861 7800,403 14468,83 10135,808 11488,476
2,0246465 B 1647,0818 4459,7417 17578,686 13355,386 8556,955 4504,7344 S 5431,4546 12408,861 7800,403 14468,83 10135,808 11488,476
2,024 B 1647,0818 4459,7417 17578,686 13355,386 8556,955 4504,7344 S 5431,4546 12408,861 7800,403 14468,83 10135,808 11488,476
2,024029 B 1647,0818 4459,7417 17578,686 13355,386 8556,955 4504,7344 S 5431,4546 12408,861 7800,403 14468,83 10135,808 11488,476
2,0280004 B 1647,0818 4459,7417 17578,686 13355,386 8556,955 4504,7344 S 5431,4546 12408,861 7800,403 14468,83 10135,808 11488,476
2,0279999 B 1647,0818 4459,7417 17578,686 13355,386 8556,955 4504,7344 S 5431,4546 12408,861 7800,403 14468,83 10135,808 11488,476
2,0290904 B 1647,0818 4459,7417 17578,686 13355,386 8556,955 4504,7344 S 5431,4546 12408,861 7800,403 14468,83 10135,808 11488,476
2,0300002 B 1647,0818 4459,7417 17578,686 13355,386 8556,955 4504,7344 S 5431,4546 12408,861 7800,403 14468,83 10135,808 11488,476
2,03 B 1647,0818 4459,7417 17578,686 13355,386 8556,955 4504,7344 S 5431,4546 12408,861 7800,403 14468,83 10135,808 11488,476
2,0300002 B 1647,0818 4459,7417 17578,686 13355,386 8556,955 4504,7344 S 5431,4546 12408,861 7800,403 14468,83 10135,808 11488,476
2,03 B 1647,0818 4459,7417 17578,686 13355,386 8556,955 4504,7344 S 5431,4546 12408,861 7800,403 14468,83 10135,808 11488,476
2,0301108 B 1647,0818 4459,7417 17578,686 13355,386 8556,955 4504,7344 S 5431,4546 12408,861 7800,403 14468,83 10135,808 11488,476
2,0312893 B 1647,0818 4459,7417 17578,686 13355,386 8556,955 4504,7344 S 5431,4546 12408,861 7800,403 14468,83 10135,808 11488,476
2,03112 B 1647,0818 4459,7417 17578,686 13355,386 8556,955 4504,7344 S 5431,4546 12408,861 7800,403 14468,83 10135,808 11488,476
2,0319998 B 1647,0818 4459,7417 17578,686 13355,386 8556,955 4504,7344 S 5431,4546 12408,861 7800,403 14468,83 10135,808 11488,476
2,0320003 B 1647,0818 4459,7417 17578,686 13355,386 8556,955 4504,7344 S 5431,4546 12408,861 7800,403 14468,83 10135,808 11488,476
2,0319998 B 1647,0818 4459,7417 17578,686 13355,386 8556,955 4504,7344 S 5431,4546 12408,861 7800,403 14468,83 10135,808 11488,476
2,0317435 B 1647,0818 4459,7417 17578,686 13355,386 8556,955 4504,7344 S 5431,4546 12408,861 7800,403 14468,83 10135,808 11488,476
2,0310006 B 1647,0818 4459,7417 17578,686 13355,386 8556,955 4504,7344 S 5431,4546 12408,861 7800,403 14468,83 10135,808 11488,476
2,0309997 B 1647,0818 4459,7417 17578,686 13355,386 8556,955 4504,7344 S 5431,4546 12408,861 7800,403 14468,83 10135,808 11488,476
2,0309997 B 1647,0818 4459,7417 17578,686 13355,386 8556,955 4504,7344 S 5431,4546 12408,861 7800,403 14468,83 10135,808 11488,476
2,0310006 B 1647,0818 4459,7417 17578,686 13355,386 8556,955 4504,7344 S 5431,4546 12408,861 7800,403 14468,83 10135,808 11488,476
2,0305316 B 1647,0818 4459,7417 17578,686 13355,386 8556,955 4504,7344 S 5431,4546 12408,861 7800,403 14468,83 10135,808 11488,476
2,0299995 B 1647,0818 4459,7417 17578,686 13355,386 8556,955 4504,7344 S 5431,4546 12408,861 7800,403 14468,83 10135,808 11488,476
2,0299995 B 1647,0818 4459,7417 17578,686 13355,386 8556,955 4504,7344 S 5431,4546 12408,861 7800,403 14468,83 10135,808 11488,476
2,0299997 B 1647,0818 4459,7417 17578,686 13355,386 8556,955 4504,7344 S 5431,4546 12408,861 7800,403 14468,83 10135,808 11488,476
2,0299997 B 1647,0818 4459,7417 17578,686 13355,386 8556,955 4504,7344 S 5431,4546 12408,861 7800,403 14468,83 10135,808 11488,476
2,0299995 B 1647,0818 4459,7417 17578,686 13355,386 8556,955 4504,7344 S 5431,4546 12408,861 7800,403 14468,83 10135,808 11488,476
2,0300004 B 1647,0818 4459,7417 17578,686 13355,386 8556,955 4504,7344 S 5431,4546 12408,861 7800,403 14468,83 10135,808 11488,476
2,0299995 B 1647,0818 4459,7417 17578,686 13355,386 8556,955 4504,7344 S 5431,4546 12408,861 7800,403 14468,83 10135,808 11488,476
2,029999 B 1647,0818 4459,7417 17578,686 13355,386 8556,955 4504,7344 S 5431,4546 12408,861 7800,403 14468,83 10135,808 11488,476
2,0299997 B 1647,0818 4459,7417 17578,686 13355,386 8556,955 4504,7344 S 5431,4546 12408,861 7800,403 14468,83 10135,808 11488,476
2,03 B 1647,0818 4459,7417 17578,686 13355,386 8556,955 4504,7344 S 5431,4546 12408,861 7800,403 14468,83 10135,808 11488,476
2,02902 B 1647,0818 4459,7417 17578,686 13355,386 8556,955 4504,7344 S 5431,4546 12408,861 7800,403 14468,83 10135,808 11488,476
2,0289793 B 1647,0818 4459,7417 17578,686 13355,386 8556,955 4504,7344 S 5431,4546 12408,861 7800,403 14468,83 10135,808 11488,476
2,028 B 1647,0818 4459,7417 17578,686 13355,386 8556,955 4504,7344 S 5431,4546 12408,861 7800,403 14468,83 10135,808 11488,476
2,0280006 B 1647,0818 4459,7417 17578,686 13355,386 8556,955 4504,7344 S 5431,4546 12408,861 7800,403 14468,83 10135,808 11488,476
2,028 B 1647,0818 4459,7417 17578,686 13355,386 8556,955 4504,7344 S 5431,4546 12408,861 7800,403 14468,83 10135,808 11488,476
2,028 B 1647,0818 4459,7417 17578,686 13355,386 8556,955 4504,7344 S 5431,4546 12408,861 7800,403 14468,83 10135,808 11488,476
2,028 B 1647,0818 4459,7417 17578,686 13355,386 8556,955 4504,7344 S 5431,4546 12408,861 7800,403 14468,83 10135,808 11488,476
2,0280006 B 1647,0818 4459,7417 17578,686 13355,386 8556,955 4504,7344 S 5431,4546 12408,861 7800,403 14468,83 10135,808 11488,476
2,0279999 B 1647,0818 4459,7417 17578,686 13355,386 8556,955 4504,7344 S 5431,4546 12408,861 7800,403 14468,83 10135,808 11488,476
2,0280006 B 1647,0818 4459,7417 17578,686 13355,386 8556,955 4504,7344 S 5431,4546 12408,861 7800,403 14468,83 10135,808 11488,476
2,0280004 B 1647,0818 4459,7417 17578,686 13355,386 8556,955 4504,7344 S 5431,4546 12408,861 7800,403 14468,83 10135,808 11488,476
2,028 B 1647,0818 4459,7417 17578,686 13355,386 8556,955 4504,7344 S 5431,4546 12408,861 7800,403 14468,83 10135,808 11488,476
2,0280008 B 1647,0818 4459,7417 17578,686 13355,386 8556,955 4504,7344 S 5431,4546 12408,861 7800,403 14468,83 10135,808 11488,476
2,0285134 B 1647,0818 4459,7417 17578,686 13355,386 8556,955 4504,7344 S 5431,4546 12408,861 7800,403 14468,83 10135,808 11488,476
2,0299997 B 1647,0818 4459,7417 17578,686 13355,386 8556,955 4504,7344 S 5431,4546 12408,861 7800,403 14468,83 10135,808 11488,476
2,0300002 B 1647,0818 4459,7417 17578,686 13355,386 8556,955 4504,7344 S 5431,4546 12408,861 7800,403 14468,83 10135,808 11488,476
2,0299995 B 1647,0818 4459,7417 17578,686 13355,386 8556,955 4504,7344 S 5431,4546 12408,861 7800,403 14468,83 10135,808 11488,476
2,03 B 1647,0818 4459,7417 17578,686 13355,386 8556,955 4504,7344 S 5431,4546 12408,861 7800,403 14468,83 10135,808 11488,476
2,0299997 B 1647,0818 4459,7417 17578,686 13355,386 8556,955 4504,7344 S 5431,4546 12408,861 7800,403 14468,83 10135,808 11488,476
2,029983 B 1647,0818 4459,7417 17578,686 13355,386 8556,955 4504,7344 S 5431,4546 12408,861 7800,403 14468,83 10135,808 11488,476
2,0260003 B 1647,0818 4459,7417 17578,686 13355,386 8556,955 4504,7344 S 5431,4546 12408,861 7800,403 14468,83 10135,808 11488,476
2,026 B 1647,0818 4459,7417 17578,686 13355,386 8556,955 4504,7344 S 5431,4546 12408,861 7800,403 14468,83 10135,808 11488,476
2,0259998 B 1647,0818 4459,7417 17578,686 13355,386 8556,955 4504,7344 S 5431,4546 12408,861 7800,403 14468,83 10135,808 11488,476
2,0260005 B 1647,0818 4459,7417 17578,686 13355,386 8556,955 4504,7344 S 5431,4546 12408,861 7800,403 14468,83 10135,808 11488,476
2,026 B 1647,0818 4459,7417 17578,686 13355,386 8556,955 4504,7344 S 5431,4546 12408,861 7800,403 14468,83 10135,808 11488,476
2,026 B 1647,0818 4459,7417 17578,686 13355,386 8556,955 4504,7344 S 5431,4546 12408,861 7800,403 14468,83 10135,808 11488,476
2,026 B 1647,0818 4459,7417 17578,686 13355,386 8556,955 4504,7344 S 5431,4546 12408,861 7800,403 14468,83 10135,808 11488,476
2,0261369 B 1647,0818 4459,7417 17578,686 13355,386 8556,955 4504,7344 S 5431,4546 12408,861 7800,403 14468,83 10135,808 11488,476
2,0280006 B 1647,0818 4459,7417 17578,686 13355,386 8556,955 4504,7344 S 5431,4546 12408,861 7800,403 14468,83 10135,808 11488,476
2,0265758 B 1647,0818 4459,7417 17578,686 13355,386 8556,955 4504,7344 S 5431,4546 12408,861 7800,403 14468,83 10135,808 11488,476
2,02404 B 1647,0818 4459,7417 17578,686 13355,386 8556,955 4504,7344 S 5431,4546 12408,861 7800,403 14468,83 10135,808 11488,476
2,0255713 B 1647,0818 4459,7417 17578,686 13355,386 8556,955 4504,7344 S 5431,4546 12408,861 7800,403 14468,83 10135,808 11488,476
2,0241911 B 1647,0818 4459,7417 17578,686 13355,386 8556,955 4504,7344 S 5431,4546 12408,861 7800,403 14468,83 10135,808 11488,476
2,0240004 B 1647,0818 4459,7417 17578,686 13355,386 8556,955 4504,7344 S 5431,4546 12408,861 7800,403 14468,83 10135,808 11488,476
2,0253272 B 1647,0818 4459,7417 17578,686 13355,386 8556,955 4504,7344 S 5431,4546 12408,861 7800,403 14468,83 10135,808 11488,476
2,0259995 B 1647,0818 4459,7417 17578,686 13355,386 8556,955 4504,7344 S 5431,4546 12408,861 7800,403 14468,83 10135,808 11488,476
2,0260003 B 1647,0818 4459,7417 17578,686 13355,386 8556,955 4504,7344 S 5431,4546 12408,861 7800,403 14468,83 10135,808 11488,476
2,0260003 B 1647,0818 4459,7417 17578,686 13355,386 8556,955 4504,7344 S 5431,4546 12408,861 7800,403 14468,83 10135,808 11488,476
2,0256503 B 1647,0818 4459,7417 17578,686 13355,386 8556,955 4504,7344 S 5431,4546 12408,861 7800,403 14468,83 10135,808 11488,476
2,025 B 1647,0818 4459,7417 17578,686 13355,386 8556,955 4504,7344 S 5431,4546 12408,861 7800,403 14468,83 10135,808 11488,476
2,0255046 B 1647,0818 4459,7417 17578,686 13355,386 8556,955 4504,7344 S 5431,4546 12408,861 7800,403 14468,83 10135,808 11488,476
2,0259995 B 1647,0818 4459,7417 17578,686 13355,386 8556,955 4504,7344 S 5431,4546 12408,861 7800,403 14468,83 10135,808 11488,476
2,0259998 B 1647,0818 4459,7417 17578,686 13355,386 8556,955 4504,7344 S 5431,4546 12408,861 7800,403 14468,83 10135,808 11488,476
2,0260005 B 1647,0818 4459,7417 17578,686 13355,386 8556,955 4504,7344 S 5431,4546 12408,861 7800,403 14468,83 10135,808 11488,476
2,026 B 1647,0818 4459,7417 17578,686 13355,386 8556,955 4504,7344 S 5431,4546 12408,861 7800,403 14468,83 10135,808 11488,476
2,0266726 B 1647,0818 4459,7417 17578,686 13355,386 8556,955 4504,7344 S 5431,4546 12408,861 7800,403 14468,83 10135,808 11488,476
2,0282528 B 1647,0818 4459,7417 17578,686 13355,386 8556,955 4504,7344 S 5431,4546 12408,861 7800,403 14468,83 10135,808 11488,476
2,029 B 1647,0818 4459,7417 17578,686 13355,386 8556,955 4504,7344 S 5431,4546 12408,861 7800,403 14468,83 10135,808 11488,476
2,029 B 1647,0818 4459,7417 17578,686 13355,386 8556,955 4504,7344 S 5431,4546 12408,861 7800,403 14468,83 10135,808 11488,476
2,029317 B 1647,0818 4459,7417 17578,686 13355,386 8556,955 4504,7344 S 5431,4546 12408,861 7800,403 14468,83 10135,808 11488,476
2,031 B 1647,0818 4459,7417 17578,686 13355,386 8556,955 4504,7344 S 5431,4546 12408,861 7800,403 14468,83 10135,808 11488,476
2,031152 B 1647,0818 4459,7417 17578,686 13355,386 8556,955 4504,7344 S 5431,4546 12408,861 7800,403 14468,83 10135,808 11488,476
2,032 B 1647,0818 4459,7417 17578,686 13355,386 8556,955 4504,7344 S 5431,4546 12408,861 7800,403 14468,83 10135,808 11488,476
2,032 B 1647,0818 4459,7417 17578,686 13355,386 8556,955 4504,7344 S 5431,4546 12408,861 7800,403 14468,83 10135,808 11488,476
2,0320003 B 1647,0818 4459,7417 17578,686 13355,386 8556,955 4504,7344 S 5431,4546 12408,861 7800,403 14468,83 10135,808 11488,476
2,0327928 B 1647,0818 4459,7417 17578,686 13355,386 8556,955 4504,7344 S 5431,4546 12408,861 7800,403 14468,83 10135,808 11488,476
2,033 B 1647,0818 4459,7417 17578,686 13355,386 8556,955 4504,7344 S 5431,4546 12408,861 7800,403 14468,83 10135,808 11488,476
2,0305796 B 1647,0818 4459,7417 17578,686 13355,386 8556,955 4504,7344 S 5431,4546 12408,861 7800,403 14468,83 10135,808 11488,476
2,0299995 B 1647,0818 4459,7417 17578,686 13355,386 8556,955 4504,7344 S 5431,4546 12408,861 7800,403 14468,83 10135,808 11488,476
2,0311816 B 1647,0818 4459,7417 17578,686 13355,386 8556,955 4504,7344 S 5431,4546 12408,861 7800,403 14468,83 10135,808 11488,476
2,032 B 1647,0818 4459,7417 17578,686 13355,386 8556,955 4504,7344 S 5431,4546 12408,861 7800,403 14468,83 10135,808 11488,476
2,0320005 B 1647,0818 4459,7417 17578,686 13355,386 8556,955 4504,7344 S 5431,4546 12408,861 7800,403 14468,83 10135,808 11488,476
2,032 B 1647,0818 4459,7417 17578,686 13355,386 8556,955 4504,7344 S 5431,4546 12408,861 7800,403 14468,83 10135,808 11488,476
2,0319998 B 1647,0818 4459,7417 17578,686 13355,386 8556,955 4504,7344 S 5431,4546 12408,861 7800,403 14468,83 10135,808 11488,476
2,032 B 1647,0818 4459,7417 17578,686 13355,386 8556,955 4504,7344 S 5431,4546 12408,861 7800,403 14468,83 10135,808 11488,476
2,0320005 B 1647,0818 4459,7417 17578,686 13355,386 8556,955 4504,7344 S 5431,4546 12408,861 7800,403 14468,83 10135,808 11488,476
2,0319993 B 1647,0818 4459,7417 17578,686 13355,386 8556,955 4504,7344 S 5431,4546 12408,861 7800,403 14468,83 10135,808 11488,476
2,0319998 B 1647,0818 4459,7417 17578,686 13355,386 8556,955 4504,7344 S 5431,4546 12408,861 7800,403 14468,83 10135,808 11488,476
2,0320003 B 1647,0818 4459,7417 17578,686 13355,386 8556,955 4504,7344 S 5431,4546 12408,861 7800,403 14468,83 10135,808 11488,476
2,0320005 B 1647,0818 4459,7417 17578,686 13355,386 8556,955 4504,7344 S 5431,4546 12408,861 7800,403 14468,83 10135,808 11488,476
2,0319993 B 1647,0818 4459,7417 17578,686 13355,386 8556,955 4504,7344 S 5431,4546 12408,861 7800,403 14468,83 10135,808 11488,476
2,031999 B 1647,0818 4459,7417 17578,686 13355,386 8556,955 4504,7344 S 5431,4546 12408,861 7800,403 14468,83 10135,808 11488,476
2,032 B 1647,0818 4459,7417 17578,686 13355,386 8556,955 4504,7344 S 5431,4546 12408,861 7800,403 14468,83 10135,808 11488,476
2,032 B 1647,0818 4459,7417 17578,686 13355,386 8556,955 4504,7344 S 5431,4546 12408,861 7800,403 14468,83 10135,808 11488,476
2,032 B 1647,0818 4459,7417 17578,686 13355,386 8556,955 4504,7344 S 5431,4546 12408,861 7800,403 14468,83 10135,808 11488,476
2,0319998 B 1647,0818 4459,7417 17578,686 13355,386 8556,955 4504,7344 S 5431,4546 12408,861 7800,403 14468,83 10135,808 11488,476
2,0320003 B 1647,0818 4459,7417 17578,686 13355,386 8556,955 4504,7344 S 5431,4546 12408,861 7800,403 14468,83 10135,808 11488,476
2,0319998 B 1647,0818 4459,7417 17578,686 13355,386 8556,955 4504,7344 S 5431,4546 12408,861 7800,403 14468,83 10135,808 11488,476
2,0319998 B 1647,0818 4459,7417 17578,686 13355,386 8556,955 4504,7344 S 5431,4546 12408,861 7800,403 14468,83 10135,808 11488,476
2,0320005 B 1647,0818 4459,7417 17578,686 13355,386 8556,955 4504,7344 S 5431,4546 12408,861 7800,403 14468,83 10135,808 11488,476
2,032 B 1647,0818 4459,7417 17578,686 13355,386 8556,955 4504,7344 S 5431,4546 12408,861 7800,403 14468,83 10135,808 11488,476
2,032 B 1647,0818 4459,7417 17578,686 13355,386 8556,955 4504,7344 S 5431,4546 12408,861 7800,403 14468,83 10135,808 11488,476
2,0320005 B 1647,0818 4459,7417 17578,686 13355,386 8556,955 4504,7344 S 5431,4546 12408,861 7800,403 14468,83 10135,808 11488,476
2,0320005 B 1647,0818 4459,7417 17578,686 13355,386 8556,955 4504,7344 S 5431,4546 12408,861 7800,403 14468,83 10135,808 11488,476
2,0319998 B 1647,0818 4459,7417 17578,686 13355,386 8556,955 4504,7344 S 5431,4546 12408,861 7800,403 14468,83 10135,808 11488,476
2,0319998 B 1647,0818 4459,7417 17578,686 13355,386 8556,955 4504,7344 S 5431,4546 12408,861 7800,403 14468,83 10135,808 11488,476
2,0319998 B 1647,0818 4459,7417 17578,686 13355,386 8556,955 4504,7344 S 5431,4546 12408,861 7800,403 14468,83 10135,808 11488,476
2,0319998 B 1647,0818 4459,7417 17578,686 13355,386 8556,955 4504,7344 S 5431,4546 12408,861 7800,403 14468,83 10135,808 11488,476
2,032 B 1647,0818 4459,7417 17578,686 13355,386 8556,955 4504,7344 S 5431,4546 12408,861 7800,403 14468,83 10135,808 11488,476
2,032 B 1647,0818 4459,7417 17578,686 13355,386 8556,955 4504,7344 S 5431,4546 12408,861 7800,403 14468,83 10135,808 11488,476
2,032001 B 1647,0818 4459,7417 17578,686 13355,386 8556,955 4504,7344 S 5431,4546 12408,861 7800,403 14468,83 10135,808 11488,476
2,032 B 1647,0818 4459,7417 17578,686 13355,386 8556,955 4504,7344 S 5431,4546 12408,861 7800,403 14468,83 10135,808 11488,476
2,032 B 1647,0818 4459,7417 17578,686 13355,386 8556,955 4504,7344 S 5431,4546 12408,861 7800,403 14468,83 10135,808 11488,476
2,032 B 1647,0818 4459,7417 17578,686 13355,386 8556,955 4504,7344 S 5431,4546 12408,861 7800,403 14468,83 10135,808 11488,476
2,0321438 B 1647,0818 4459,7417 17578,686 13355,386 8556,955 4504,7344 S 5431,4546 12408,861 7800,403 14468,83 10135,808 11488,476
2,0340002 B 1647,0818 4459,7417 17578,686 13355,386 8556,955 4504,7344 S 5431,4546 12408,861 7800,403 14468,83 10135,808 11488,476
2,0340002 B 1647,0818 4459,7417 17578,686 13355,386 8556,955 4504,7344 S 5431,4546 12408,861 7800,403 14468,83 10135,808 11488,476
2,0339997 B 1647,0818 4459,7417 17578,686 13355,386 8556,955 4504,7344 S 5431,4546 12408,861 7800,403 14468,83 10135,808 11488,476
2,0340002 B 1647,0818 4459,7417 17578,686 13355,386 8556,955 4504,7344 S 5431,4546 12408,861 7800,403 14468,83 10135,808 11488,476
2,0354264 B 1647,0818 4459,7417 17578,686 13355,386 8556,955 4504,7344 S 5431,4546 12408,861 7800,403 14468,83 10135,808 11488,476
2,036 B 1647,0818 4459,7417 17578,686 13355,386 8556,955 4504,7344 S 5431,4546 12408,861 7800,403 14468,83 10135,808 11488,476
2,036 B 1647,0818 4459,7417 17578,686 13355,386 8556,955 4504,7344 S 5431,4546 12408,861 7800,403 14468,83 10135,808 11488,476
2,036 B 1647,0818 4459,7417 17578,686 13355,386 8556,955 4504,7344 S 5431,4546 12408,861 7800,403 14468,83 10135,808 11488,476
2,0360003 B 1647,0818 4459,7417 17578,686 13355,386 8556,955 4504,7344 S 5431,4546 12408,861 7800,403 14468,83 10135,808 11488,476
2,0360003 B 1647,0818 4459,7417 17578,686 13355,386 8556,955 4504,7344 S 5431,4546 12408,861 7800,403 14468,83 10135,808 11488,476
2,0358293 B 1647,0818 4459,7417 17578,686 13355,386 8556,955 4504,7344 S 5431,4546 12408,861 7800,403 14468,83 10135,808 11488,476
2,035 B 1647,0818 4459,7417 17578,686 13355,386 8556,955 4504,7344 S 5431,4546 12408,861 7800,403 14468,83 10135,808 11488,476
2,0350003 B 1647,0818 4459,7417 17578,686 13355,386 8556,955 4504,7344 S 5431,4546 12408,861 7800,403 14468,83 10135,808 11488,476
2,0350003 B 1647,0818 4459,7417 17578,686 13355,386 8556,955 4504,7344 S 5431,4546 12408,861 7800,403 14468,83 10135,808 11488,476
2,0350006 B 1647,0818 4459,7417 17578,686 13355,386 8556,955 4504,7344 S 5431,4546 12408,861 7800,403 14468,83 10135,808 11488,476
2,0350003 B 1647,0818 4459,7417 17578,686 13355,386 8556,955 4504,7344 S 5431,4546 12408,861 7800,403 14468,83 10135,808 11488,476
2,0350003 B 1647,0818 4459,7417 17578,686 13355,386 8556,955 4504,7344 S 5431,4546 12408,861 7800,403 14468,83 10135,808 11488,476
2,0350003 B 1647,0818 4459,7417 17578,686 13355,386 8556,955 4504,7344 S 5431,4546 12408,861 7800,403 14468,83 10135,808 11488,476
2,0349998 B 1647,0818 4459,7417 17578,686 13355,386 8556,955 4504,7344 S 5431,4546 12408,861 7800,403 14468,83 10135,808 11488,476
2,032097 B 1647,0818 4459,7417 17578,686 13355,386 8556,955 4504,7344 S 5431,4546 12408,861 7800,403 14468,83 10135,808 11488,476
