2,033852
2,032 B 3176,976 5937,066 5574,558 5636,439 17644,2 10109,612 S 732,7435 4992,963 13100,28 16509,744 15836,128 6236,1797
2,0311198 B 3176,976 5937,066 5574,558 5636,439 17644,2 10109,612 S 732,7435 4992,963 13100,28 16509,744 15836,128 6236,1797
2,0315557 B 3176,976 5937,066 5574,558 5636,439 17644,2 10109,612 S 732,7435 4992,963 13100,28 16509,744 15836,128 6236,1797
2,0319998 B 3176,976 5937,066 5574,558 5636,439 17644,2 10109,612 S 732,7435 4992,963 13100,28 16509,744 15836,128 6236,1797
2,0320005 B 3176,976 5937,066 5574,558 5636,439 17644,2 10109,612 S 732,7435 4992,963 13100,28 16509,744 15836,128 6236,1797
2,032 B 3176,976 5937,066 5574,558 5636,439 17644,2 10109,612 S 732,7435 4992,963 13100,28 16509,744 15836,128 6236,1797
2,032734 B 3176,976 5937,066 5574,558 5636,439 17644,2 10109,612 S 732,7435 4992,963 13100,28 16509,744 15836,128 6236,1797
2,0330002 B 3176,976 5937,066 5574,558 5636,439 17644,2 10109,612 S 732,7435 4992,963 13100,28 16509,744 15836,128 6236,1797
2,033 B 3176,976 5937,066 5574,558 5636,439 17644,2 10109,612 S 732,7435 4992,963 13100,28 16509,744 15836,128 6236,1797
2,033 B 3176,976 5937,066 5574,558 5636,439 17644,2 10109,612 S 732,7435 4992,963 13100,28 16509,744 15836,128 6236,1797
2,0330005 B 3176,976 5937,066 5574,558 5636,439 17644,2 10109,612 S 732,7435 4992,963 13100,28 16509,744 15836,128 6236,1797
2,0329998 B 3176,976 5937,066 5574,558 5636,439 17644,2 10109,612 S 732,7435 4992,963 13100,28 16509,744 15836,128 6236,1797
2,0329998 B 3176,976 5937,066 5574,558 5636,439 17644,2 10109,612 S 732,7435 4992,963 13100,28 16509,744 15836,128 6236,1797
2,0330002 B 3176,976 5937,066 5574,558 5636,439 17644,2 10109,612 S 732,7435 4992,963 13100,28 16509,744 15836,128 6236,1797
2,0327046 B 3176,976 5937,066 5574,558 5636,439 17644,2 10109,612 S 732,7435 4992,963 13100,28 16509,744 15836,128 6236,1797
2,0330005 B 3176,976 5937,066 5574,558 5636,439 17644,2 10109,612 S 732,7435 4992,963 13100,28 16509,744 15836,128 6236,1797
2,0329995 B 3176,976 5937,066 5574,558 5636,439 17644,2 10109,612 S 732,7435 4992,963 13100,28 16509,744 15836,128 6236,1797
2,0329998 B 3176,976 5937,066 5574,558 5636,439 17644,2 10109,612 S 732,7435 4992,963 13100,28 16509,744 15836,128 6236,1797
2,0329998 B 3176,976 5937,066 5574,558 5636,439 17644,2 10109,612 S 732,7435 4992,963 13100,28 16509,744 15836,128 6236,1797
2,034676 B 3176,976 5937,066 5574,558 5636,439 17644,2 10109,612 S 732,7435 4992,963 13100,28 16509,744 15836,128 6236,1797
2,0370004 B 3176,976 5937,066 5574,558 5636,439 17644,2 10109,612 S 732,7435 4992,963 13100,28 16509,744 15836,128 6236,1797
2,0370002 B 3176,976 5937,066 5574,558 5636,439 17644,2 10109,612 S 732,7435 4992,963 13100,28 16509,744 15836,128 6236,1797
2,037951 B 3176,976 5937,066 5574,558 5636,439 17644,2 10109,612 S 732,7435 4992,963 13100,28 16509,744 15836,128 6236,1797
2,0408907 B 3176,976 5937,066 5574,558 5636,439 17644,2 10109,612 S 732,7435 4992,963 13100,28 16509,744 15836,128 6236,1797
2,0419996 B 3176,976 5937,066 5574,558 5636,439 17644,2 10109,612 S 732,7435 4992,963 13100,28 16509,744 15836,128 6236,1797
2,0444613 B 3176,976 5937,066 5574,558 5636,439 17644,2 10109,612 S 732,7435 4992,963 13100,28 16509,744 15836,128 6236,1797
2,0467045 B 3176,976 5937,066 5574,558 5636,439 17644,2 10109,612 S 732,7435 4992,963 13100,28 16509,744 15836,128 6236,1797
2,044708 B 3176,976 5937,066 5574,558 5636,439 17644,2 10109,612 S 732,7435 4992,963 13100,28 16509,744 15836,128 6236,1797
2,044 B 3176,976 5937,066 5574,558 5636,439 17644,2 10109,612 S 732,7435 4992,963 13100,28 16509,744 15836,128 6236,1797
2,043975 B 3176,976 5937,066 5574,558 5636,439 17644,2 10109,612 S 732,7435 4992,963 13100,28 16509,744 15836,128 6236,1797
2,0410001 B 3176,976 5937,066 5574,558 5636,439 17644,2 10109,612 S 732,7435 4992,963 13100,28 16509,744 15836,128 6236,1797
2,040175 B 3176,976 5937,066 5574,558 5636,439 17644,2 10109,612 S 732,7435 4992,963 13100,28 16509,744 15836,128 6236,1797
2,0379326 B 3176,976 5937,066 5574,558 5636,439 17644,2 10109,612 S 732,7435 4992,963 13100,28 16509,744 15836,128 6236,1797
2,0348456 B 3176,976 5937,066 5574,558 5636,439 17644,2 10109,612 S 732,7435 4992,963 13100,28 16509,744 15836,128 6236,1797
2,0322256 B 3176,976 5937,066 5574,558 5636,439 17644,2 10109,612 S 732,7435 4992,963 13100,28 16509,744 15836,128 6236,1797
2,0306826 B 3176,976 5937,066 5574,558 5636,439 17644,2 10109,612 S 732,7435 4992,963 13100,28 16509,744 15836,128 6236,1797
2,0310001 B 3176,976 5937,066 5574,558 5636,439 17644,2 10109,612 S 732,7435 4992,963 13100,28 16509,744 15836,128 6236,1797
2,0309994 B 3176,976 5937,066 5574,558 5636,439 17644,2 10109,612 S 732,7435 4992,963 13100,28 16509,744 15836,128 6236,1797
2,0310001 B 3176,976 5937,066 5574,558 5636,439 17644,2 10109,612 S 732,7435 4992,963 13100,28 16509,744 15836,128 6236,1797
2,0305154 B 3176,976 5937,066 5574,558 5636,439 17644,2 10109,612 S 732,7435 4992,963 13100,28 16509,744 15836,128 6236,1797
2,0299995 B 3176,976 5937,066 5574,558 5636,439 17644,2 10109,612 S 732,7435 4992,963 13100,28 16509,744 15836,128 6236,1797
2,0309253 B 3176,976 5937,066 5574,558 5636,439 17644,2 10109,612 S 732,7435 4992,963 13100,28 16509,744 15836,128 6236,1797
2,031 B 3176,976 5937,066 5574,558 5636,439 17644,2 10109,612 S 732,7435 4992,963 13100,28 16509,744 15836,128 6236,1797
2,0310001 B 3176,976 5937,066 5574,558 5636,439 17644,2 10109,612 S 732,7435 4992,963 13100,28 16509,744 15836,128 6236,1797
2,0309994 B 3176,976 5937,066 5574,558 5636,439 17644,2 10109,612 S 732,7435 4992,963 13100,28 16509,744 15836,128 6236,1797
2,0306733 B 3176,976 5937,066 5574,558 5636,439 17644,2 10109,612 S 732,7435 4992,963 13100,28 16509,744 15836,128 6236,1797
2,0299995 B 3176,976 5937,066 5574,558 5636,439 17644,2 10109,612 S 732,7435 4992,963 13100,28 16509,744 15836,128 6236,1797
2,0303793 B 3176,976 5937,066 5574,558 5636,439 17644,2 10109,612 S 732,7435 4992,963 13100,28 16509,744 15836,128 6236,1797
2,031 B 3176,976 5937,066 5574,558 5636,439 17644,2 10109,612 S 732,7435 4992,963 13100,28 16509,744 15836,128 6236,1797
2,0310001 B 3176,976 5937,066 5574,558 5636,439 17644,2 10109,612 S 732,7435 4992,963 13100,28 16509,744 15836,128 6236,1797
2,0309997 B 3176,976 5937,066 5574,558 5636,439 17644,2 10109,612 S 732,7435 4992,963 13100,28 16509,744 15836,128 6236,1797
2,031 B 3176,976 5937,066 5574,558 5636,439 17644,2 10109,612 S 732,7435 4992,963 13100,28 16509,744 15836,128 6236,1797
2,0310004 B 3176,976 5937,066 5574,558 5636,439 17644,2 10109,612 S 732,7435 4992,963 13100,28 16509,744 15836,128 6236,1797
2,031 B 3176,976 5937,066 5574,558 5636,439 17644,2 10109,612 S 732,7435 4992,963 13100,28 16509,744 15836,128 6236,1797
2,0310001 B 3176,976 5937,066 5574,558 5636,439 17644,2 10109,612 S 732,7435 4992,963 13100,28 16509,744 15836,128 6236,1797
2,0310001 B 3176,976 5937,066 5574,558 5636,439 17644,2 10109,612 S 732,7435 4992,963 13100,28 16509,744 15836,128 6236,1797
2,0310004 B 3176,976 5937,066 5574,558 5636,439 17644,2 10109,612 S 732,7435 4992,963 13100,28 16509,744 15836,128 6236,1797
2,031 B 3176,976 5937,066 5574,558 5636,439 17644,2 10109,612 S 732,7435 4992,963 13100,28 16509,744 15836,128 6236,1797
2,0316312 B 3176,976 5937,066 5574,558 5636,439 17644,2 10109,612 S 732,7435 4992,963 13100,28 16509,744 15836,128 6236,1797
2,032 B 3176,976 5937,066 5574,558 5636,439 17644,2 10109,612 S 732,7435 4992,963 13100,28 16509,744 15836,128 6236,1797
2,032 B 3176,976 5937,066 5574,558 5636,439 17644,2 10109,612 S 732,7435 4992,963 13100,28 16509,744 15836,128 6236,1797
2,0319998 B 3176,976 5937,066 5574,558 5636,439 17644,2 10109,612 S 732,7435 4992,963 13100,28 16509,744 15836,128 6236,1797
2,0320003 B 3176,976 5937,066 5574,558 5636,439 17644,2 10109,612 S 732,7435 4992,963 13100,28 16509,744 15836,128 6236,1797
2,0320005 B 3176,976 5937,066 5574,558 5636,439 17644,2 10109,612 S 732,7435 4992,963 13100,28 16509,744 15836,128 6236,1797
2,0319998 B 3176,976 5937,066 5574,558 5636,439 17644,2 10109,612 S 732,7435 4992,963 13100,28 16509,744 15836,128 6236,1797
2,0319989 B 3176,976 5937,066 5574,558 5636,439 17644,2 10109,612 S 732,7435 4992,963 13100,28 16509,744 15836,128 6236,1797
2,0319998 B 3176,976 5937,066 5574,558 5636,439 17644,2 10109,612 S 732,7435 4992,963 13100,28 16509,744 15836,128 6236,1797
2,032 B 3176,976 5937,066 5574,558 5636,439 17644,2 10109,612 S 732,7435 4992,963 13100,28 16509,744 15836,128 6236,1797
2,0319993 B 3176,976 5937,066 5574,558 5636,439 17644,2 10109,612 S 732,7435 4992,963 13100,28 16509,744 15836,128 6236,1797
2,032124 B 3176,976 5937,066 5574,558 5636,439 17644,2 10109,612 S 732,7435 4992,963 13100,28 16509,744 15836,128 6236,1797
2,033 B 3176,976 5937,066 5574,558 5636,439 17644,2 10109,612 S 732,7435 4992,963 13100,28 16509,744 15836,128 6236,1797
2,033 B 3176,976 5937,066 5574,558 5636,439 17644,2 10109,612 S 732,7435 4992,963 13100,28 16509,744 15836,128 6236,1797
2,033 B 3176,976 5937,066 5574,558 5636,439 17644,2 10109,612 S 732,7435 4992,963 13100,28 16509,744 15836,128 6236,1797
2,0321288 B 3176,976 5937,066 5574,558 5636,439 17644,2 10109,612 S 732,7435 4992,963 13100,28 16509,744 15836,128 6236,1797
2,0313075 B 3176,976 5937,066 5574,558 5636,439 17644,2 10109,612 S 732,7435 4992,963 13100,28 16509,744 15836,128 6236,1797
2,0300004 B 3176,976 5937,066 5574,558 5636,439 17644,2 10109,612 S 732,7435 4992,963 13100,28 16509,744 15836,128 6236,1797
2,0299995 B 3176,976 5937,066 5574,558 5636,439 17644,2 10109,612 S 732,7435 4992,963 13100,28 16509,744 15836,128 6236,1797
2,030001 B 3176,976 5937,066 5574,558 5636,439 17644,2 10109,612 S 732,7435 4992,963 13100,28 16509,744 15836,128 6236,1797
2,03 B 3176,976 5937,066 5574,558 5636,439 17644,2 10109,612 S 732,7435 4992,963 13100,28 16509,744 15836,128 6236,1797
2,0299997 B 3176,976 5937,066 5574,558 5636,439 17644,2 10109,612 S 732,7435 4992,963 13100,28 16509,744 15836,128 6236,1797
2,0299995 B 3176,976 5937,066 5574,558 5636,439 17644,2 10109,612 S 732,7435 4992,963 13100,28 16509,744 15836,128 6236,1797
2,0300002 B 3176,976 5937,066 5574,558 5636,439 17644,2 10109,612 S 732,7435 4992,963 13100,28 16509,744 15836,128 6236,1797
2,0296261 B 3176,976 5937,066 5574,558 5636,439 17644,2 10109,612 S 732,7435 4992,963 13100,28 16509,744 15836,128 6236,1797
2,0290003 B 3176,976 5937,066 5574,558 5636,439 17644,2 10109,612 S 732,7435 4992,963 13100,28 16509,744 15836,128 6236,1797
2,0289998 B 3176,976 5937,066 5574,558 5636,439 17644,2 10109,612 S 732,7435 4992,963 13100,28 16509,744 15836,128 6236,1797
2,029 B 3176,976 5937,066 5574,558 5636,439 17644,2 10109,612 S 732,7435 4992,963 13100,28 16509,744 15836,128 6236,1797
2,0288637 B 3176,976 5937,066 5574,558 5636,439 17644,2 10109,612 S 732,7435 4992,963 13100,28 16509,744 15836,128 6236,1797
2,0274873 B 3176,976 5937,066 5574,558 5636,439 17644,2 10109,612 S 732,7435 4992,963 13100,28 16509,744 15836,128 6236,1797
2,027 B 3176,976 5937,066 5574,558 5636,439 17644,2 10109,612 S 732,7435 4992,963 13100,28 16509,744 15836,128 6236,1797
2,0270002 B 3176,976 5937,066 5574,558 5636,439 17644,2 10109,612 S 732,7435 4992,963 13100,28 16509,744 15836,128 6236,1797
2,0269997 B 3176,976 5937,066 5574,558 5636,439 17644,2 10109,612 S 732,7435 4992,963 13100,28 16509,744 15836,128 6236,1797
2,0269997 B 3176,976 5937,066 5574,558 5636,439 17644,2 10109,612 S 732,7435 4992,963 13100,28 16509,744 15836,128 6236,1797
2,0269997 B 3176,976 5937,066 5574,558 5636,439 17644,2 10109,612 S 732,7435 4992,963 13100,28 16509,744 15836,128 6236,1797
2,0270004 B 3176,976 5937,066 5574,558 5636,439 17644,2 10109,612 S 732,7435 4992,963 13100,28 16509,744 15836,128 6236,1797
2,027 B 3176,976 5937,066 5574,558 5636,439 17644,2 10109,612 S 732,7435 4992,963 13100,28 16509,744 15836,128 6236,1797
2,0270004 B 3176,976 5937,066 5574,558 5636,439 17644,2 10109,612 S 732,7435 4992,963 13100,28 16509,744 15836,128 6236,1797
2,0269995 B 3176,976 5937,066 5574,558 5636,439 17644,2 10109,612 S 732,7435 4992,963 13100,28 16509,744 15836,128 6236,1797
2,027 B 3176,976 5937,066 5574,558 5636,439 17644,2 10109,612 S 732,7435 4992,963 13100,28 16509,744 15836,128 6236,1797
2,0270004 B 3176,976 5937,066 5574,558 5636,439 17644,2 10109,612 S 732,7435 4992,963 13100,28 16509,744 15836,128 6236,1797
2,0270002 B 3176,976 5937,066 5574,558 5636,439 17644,2 10109,612 S 732,7435 4992,963 13100,28 16509,744 15836,128 6236,1797
2,0271468 B 3176,976 5937,066 5574,558 5636,439 17644,2 10109,612 S 732,7435 4992,963 13100,28 16509,744 15836,128 6236,1797
2,0290003 B 3176,976 5937,066 5574,558 5636,439 17644,2 10109,612 S 732,7435 4992,963 13100,28 16509,744 15836,128 6236,1797
2,0290003 B 3176,976 5937,066 5574,558 5636,439 17644,2 10109,612 S 732,7435 4992,963 13100,28 16509,744 15836,128 6236,1797
2,0290005 B 3176,976 5937,066 5574,558 5636,439 17644,2 10109,612 S 732,7435 4992,963 13100,28 16509,744 15836,128 6236,1797
2,029 B 3176,976 5937,066 5574,558 5636,439 17644,2 10109,612 S 732,7435 4992,963 13100,28 16509,744 15836,128 6236,1797
2,029 B 3176,976 5937,066 5574,558 5636,439 17644,2 10109,612 S 732,7435 4992,963 13100,28 16509,744 15836,128 6236,1797
2,029 B 3176,976 5937,066 5574,558 5636,439 17644,2 10109,612 S 732,7435 4992,963 13100,28 16509,744 15836,128 6236,1797
2,0289996 B 3176,976 5937,066 5574,558 5636,439 17644,2 10109,612 S 732,7435 4992,963 13100,28 16509,744 15836,128 6236,1797
2,0289996 B 3176,976 5937,066 5574,558 5636,439 17644,2 10109,612 S 732,7435 4992,963 13100,28 16509,744 15836,128 6236,1797
2,0290003 B 3176,976 5937,066 5574,558 5636,439 17644,2 10109,612 S 732,7435 4992,963 13100,28 16509,744 15836,128 6236,1797
2,028115 B 3176,976 5937,066 5574,558 5636,439 17644,2 10109,612 S 732,7435 4992,963 13100,28 16509,744 15836,128 6236,1797
2,028947 B 3176,976 5937,066 5574,558 5636,439 17644,2 10109,612 S 732,7435 4992,963 13100,28 16509,744 15836,128 6236,1797
2,0300007 B 3176,976 5937,066 5574,558 5636,439 17644,2 10109,612 S 732,7435 4992,963 13100,28 16509,744 15836,128 6236,1797
2,03 B 3176,976 5937,066 5574,558 5636,439 17644,2 10109,612 S 732,7435 4992,963 13100,28 16509,744 15836,128 6236,1797
2,0305402 B 3176,976 5937,066 5574,558 5636,439 17644,2 10109,612 S 732,7435 4992,963 13100,28 16509,744 15836,128 6236,1797
2,0327108 B 3176,976 5937,066 5574,558 5636,439 17644,2 10109,612 S 732,7435 4992,963 13100,28 16509,744 15836,128 6236,1797
2,033 B 3176,976 5937,066 5574,558 5636,439 17644,2 10109,612 S 732,7435 4992,963 13100,28 16509,744 15836,128 6236,1797
2,0342243 B 3176,976 5937,066 5574,558 5636,439 17644,2 10109,612 S 732,7435 4992,963 13100,28 16509,744 15836,128 6236,1797
2,0307229 B 3176,976 5937,066 5574,558 5636,439 17644,2 10109,612 S 732,7435 4992,963 13100,28 16509,744 15836,128 6236,1797
2,0309992 B 3176,976 5937,066 5574,558 5636,439 17644,2 10109,612 S 732,7435 4992,963 13100,28 16509,744 15836,128 6236,1797
2,031 B 3176,976 5937,066 5574,558 5636,439 17644,2 10109,612 S 732,7435 4992,963 13100,28 16509,744 15836,128 6236,1797
2,0292027 B 3176,976 5937,066 5574,558 5636,439 17644,2 10109,612 S 732,7435 4992,963 13100,28 16509,744 15836,128 6236,1797
2,029215 B 3176,976 5937,066 5574,558 5636,439 17644,2 10109,612 S 732,7435 4992,963 13100,28 16509,744 15836,128 6236,1797
2,029781 B 3176,976 5937,066 5574,558 5636,439 17644,2 10109,612 S 732,7435 4992,963 13100,28 16509,744 15836,128 6236,1797
2,029 B 3176,976 5937,066 5574,558 5636,439 17644,2 10109,612 S 732,7435 4992,963 13100,28 16509,744 15836,128 6236,1797
2,0290005 B 3176,976 5937,066 5574,558 5636,439 17644,2 10109,612 S 732,7435 4992,963 13100,28 16509,744 15836,128 6236,1797
2,029933 B 3176,976 5937,066 5574,558 5636,439 17644,2 10109,612 S 732,7435 4992,963 13100,28 16509,744 15836,128 6236,1797
2,033521 B 3176,976 5937,066 5574,558 5636,439 17644,2 10109,612 S 732,7435 4992,963 13100,28 16509,744 15836,128 6236,1797
2,0348966 B 3176,976 5937,066 5574,558 5636,439 17644,2 10109,612 S 732,7435 4992,963 13100,28 16509,744 15836,128 6236,1797
2,036 B 3176,976 5937,066 5574,558 5636,439 17644,2 10109,612 S 732,7435 4992,963 13100,28 16509,744 15836,128 6236,1797
2,0360003 B 3176,976 5937,066 5574,558 5636,439 17644,2 10109,612 S 732,7435 4992,963 13100,28 16509,744 15836,128 6236,1797
2,0367339 B 3176,976 5937,066 5574,558 5636,439 17644,2 10109,612 S 732,7435 4992,963 13100,28 16509,744 15836,128 6236,1797
2,0379858 B 3176,976 5937,066 5574,558 5636,439 17644,2 10109,612 S 732,7435 4992,963 13100,28 16509,744 15836,128 6236,1797
2,035769 B 3176,976 5937,066 5574,558 5636,439 17644,2 10109,612 S 732,7435 4992,963 13100,28 16509,744 15836,128 6236,1797
2,0350003 B 3176,976 5937,066 5574,558 5636,439 17644,2 10109,612 S 732,7435 4992,963 13100,28 16509,744 15836,128 6236,1797
2,03422 B 3176,976 5937,066 5574,558 5636,439 17644,2 10109,612 S 732,7435 4992,963 13100,28 16509,744 15836,128 6236,1797
2,0339997 B 3176,976 5937,066 5574,558 5636,439 17644,2 10109,612 S 732,7435 4992,963 13100,28 16509,744 15836,128 6236,1797
2,034 B 3176,976 5937,066 5574,558 5636,439 17644,2 10109,612 S 732,7435 4992,963 13100,28 16509,744 15836,128 6236,1797
2,0339994 B 3176,976 5937,066 5574,558 5636,439 17644,2 10109,612 S 732,7435 4992,963 13100,28 16509,744 15836,128 6236,1797
2,0340006 B 3176,976 5937,066 5574,558 5636,439 17644,2 10109,612 S 732,7435 4992,963 13100,28 16509,744 15836,128 6236,1797
2,034 B 3176,976 5937,066 5574,558 5636,439 17644,2 10109,612 S 732,7435 4992,963 13100,28 16509,744 15836,128 6236,1797
2,0341856 B 3176,976 5937,066 5574,558 5636,439 17644,2 10109,612 S 732,7435 4992,963 13100,28 16509,744 15836,128 6236,1797
2,0349996 B 3176,976 5937,066 5574,558 5636,439 17644,2 10109,612 S 732,7435 4992,963 13100,28 16509,744 15836,128 6236,1797
2,0349996 B 3176,976 5937,066 5574,558 5636,439 17644,2 10109,612 S 732,7435 4992,963 13100,28 16509,744 15836,128 6236,1797
2,0360658 B 3176,976 5937,066 5574,558 5636,439 17644,2 10109,612 S 732,7435 4992,963 13100,28 16509,744 15836,128 6236,1797
2,0370004 B 3176,976 5937,066 5574,558 5636,439 17644,2 10109,612 S 732,7435 4992,963 13100,28 16509,744 15836,128 6236,1797
2,037001 B 3176,976 5937,066 5574,558 5636,439 17644,2 10109,612 S 732,7435 4992,963 13100,28 16509,744 15836,128 6236,1797
2,0370002 B 3176,976 5937,066 5574,558 5636,439 17644,2 10109,612 S 732,7435 4992,963 13100,28 16509,744 15836,128 6236,1797
2,037 B 3176,976 5937,066 5574,558 5636,439 17644,2 10109,612 S 732,7435 4992,963 13100,28 16509,744 15836,128 6236,1797
2,0370002 B 3176,976 5937,066 5574,558 5636,439 17644,2 10109,612 S 732,7435 4992,963 13100,28 16509,744 15836,128 6236,1797
2,0369332 B 3176,976 5937,066 5574,558 5636,439 17644,2 10109,612 S 732,7435 4992,963 13100,28 16509,744 15836,128 6236,1797
2,0365076 B 3176,976 5937,066 5574,558 5636,439 17644,2 10109,612 S 732,7435 4992,963 13100,28 16509,744 15836,128 6236,1797
2,0370002 B 3176,976 5937,066 5574,558 5636,439 17644,2 10109,612 S 732,7435 4992,963 13100,28 16509,744 15836,128 6236,1797
2,0370007 B 3176,976 5937,066 5574,558 5636,439 17644,2 10109,612 S 732,7435 4992,963 13100,28 16509,744 15836,128 6236,1797
2,0369997 B 3176,976 5937,066 5574,558 5636,439 17644,2 10109,612 S 732,7435 4992,963 13100,28 16509,744 15836,128 6236,1797
2,0370004 B 3176,976 5937,066 5574,558 5636,439 17644,2 10109,612 S 732,7435 4992,963 13100,28 16509,744 15836,128 6236,1797
2,0370007 B 3176,976 5937,066 5574,558 5636,439 17644,2 10109,612 S 732,7435 4992,963 13100,28 16509,744 15836,128 6236,1797
2,037 B 3176,976 5937,066 5574,558 5636,439 17644,2 10109,612 S 732,7435 4992,963 13100,28 16509,744 15836,128 6236,1797
2,0370004 B 3176,976 5937,066 5574,558 5636,439 17644,2 10109,612 S 732,7435 4992,963 13100,28 16509,744 15836,128 6236,1797
2,0370004 B 3176,976 5937,066 5574,558 5636,439 17644,2 10109,612 S 732,7435 4992,963 13100,28 16509,744 15836,128 6236,1797
2,0370004 B 3176,976 5937,066 5574,558 5636,439 17644,2 10109,612 S 732,7435 4992,963 13100,28 16509,744 15836,128 6236,1797
2,0370002 B 3176,976 5937,066 5574,558 5636,439 17644,2 10109,612 S 732,7435 4992,963 13100,28 16509,744 15836,128 6236,1797
2,0370004 B 3176,976 5937,066 5574,558 5636,439 17644,2 10109,612 S 732,7435 4992,963 13100,28 16509,744 15836,128 6236,1797
2,0370007 B 3176,976 5937,066 5574,558 5636,439 17644,2 10109,612 S 732,7435 4992,963 13100,28 16509,744 15836,128 6236,1797
2,0370002 B 3176,976 5937,066 5574,558 5636,439 17644,2 10109,612 S 732,7435 4992,963 13100,28 16509,744 15836,128 6236,1797
2,0370007 B 3176,976 5937,066 5574,558 5636,439 17644,2 10109,612 S 732,7435 4992,963 13100,28 16509,744 15836,128 6236,1797
2,037001 B 3176,976 5937,066 5574,558 5636,439 17644,2 10109,612 S 732,7435 4992,963 13100,28 16509,744 15836,128 6236,1797
2,0389802 B 3176,976 5937,066 5574,558 5636,439 17644,2 10109,612 S 732,7435 4992,963 13100,28 16509,744 15836,128 6236,1797
2,0391934 B 3176,976 5937,066 5574,558 5636,439 17644,2 10109,612 S 732,7435 4992,963 13100,28 16509,744 15836,128 6236,1797
2,040171 B 3176,976 5937,066 5574,558 5636,439 17644,2 10109,612 S 732,7435 4992,963 13100,28 16509,744 15836,128 6236,1797
2,0409994 B 3176,976 5937,066 5574,558 5636,439 17644,2 10109,612 S 732,7435 4992,963 13100,28 16509,744 15836,128 6236,1797
2,041 B 3176,976 5937,066 5574,558 5636,439 17644,2 10109,612 S 732,7435 4992,963 13100,28 16509,744 15836,128 6236,1797
2,0409994 B 3176,976 5937,066 5574,558 5636,439 17644,2 10109,612 S 732,7435 4992,963 13100,28 16509,744 15836,128 6236,1797
2,0404794 B 3176,976 5937,066 5574,558 5636,439 17644,2 10109,612 S 732,7435 4992,963 13100,28 16509,744 15836,128 6236,1797
2,0390007 B 3176,976 5937,066 5574,558 5636,439 17644,2 10109,612 S 732,7435 4992,963 13100,28 16509,744 15836,128 6236,1797
2,0390005 B 3176,976 5937,066 5574,558 5636,439 17644,2 10109,612 S 732,7435 4992,963 13100,28 16509,744 15836,128 6236,1797
2,0386288 B 3176,976 5937,066 5574,558 5636,439 17644,2 10109,612 S 732,7435 4992,963 13100,28 16509,744 15836,128 6236,1797
2,0370004 B 3176,976 5937,066 5574,558 5636,439 17644,2 10109,612 S 732,7435 4992,963 13100,28 16509,744 15836,128 6236,1797
2,0370004 B 3176,976 5937,066 5574,558 5636,439 17644,2 10109,612 S 732,7435 4992,963 13100,28 16509,744 15836,128 6236,1797
2,0378215 B 3176,976 5937,066 5574,558 5636,439 17644,2 10109,612 S 732,7435 4992,963 13100,28 16509,744 15836,128 6236,1797
2,0380003 B 3176,976 5937,066 5574,558 5636,439 17644,2 10109,612 S 732,7435 4992,963 13100,28 16509,744 15836,128 6236,1797
2,0361476 B 3176,976 5937,066 5574,558 5636,439 17644,2 10109,612 S 732,7435 4992,963 13100,28 16509,744 15836,128 6236,1797
2,0350003 B 3176,976 5937,066 5574,558 5636,439 17644,2 10109,612 S 732,7435 4992,963 13100,28 16509,744 15836,128 6236,1797
2,035 B 3176,976 5937,066 5574,558 5636,439 17644,2 10109,612 S 732,7435 4992,963 13100,28 16509,744 15836,128 6236,1797
2,0350003 B 3176,976 5937,066 5574,558 5636,439 17644,2 10109,612 S 732,7435 4992,963 13100,28 16509,744 15836,128 6236,1797
2,035 B 3176,976 5937,066 5574,558 5636,439 17644,2 10109,612 S 732,7435 4992,963 13100,28 16509,744 15836,128 6236,1797
2,035 B 3176,976 5937,066 5574,558 5636,439 17644,2 10109,612 S 732,7435 4992,963 13100,28 16509,744 15836,128 6236,1797
2,0350003 B 3176,976 5937,066 5574,558 5636,439 17644,2 10109,612 S 732,7435 4992,963 13100,28 16509,744 15836,128 6236,1797
2,035 B 3176,976 5937,066 5574,558 5636,439 17644,2 10109,612 S 732,7435 4992,963 13100,28 16509,744 15836,128 6236,1797
2,035 B 3176,976 5937,066 5574,558 5636,439 17644,2 10109,612 S 732,7435 4992,963 13100,28 16509,744 15836,128 6236,1797
2,0350003 B 3176,976 5937,066 5574,558 5636,439 17644,2 10109,612 S 732,7435 4992,963 13100,28 16509,744 15836,128 6236,1797
2,0350006 B 3176,976 5937,066 5574,558 5636,439 17644,2 10109,612 S 732,7435 4992,963 13100,28 16509,744 15836,128 6236,1797
2,0350003 B 3176,976 5937,066 5574,558 5636,439 17644,2 10109,612 S 732,7435 4992,963 13100,28 16509,744 15836,128 6236,1797
2,035 B 3176,976 5937,066 5574,558 5636,439 17644,2 10109,612 S 732,7435 4992,963 13100,28 16509,744 15836,128 6236,1797
2,0350006 B 3176,976 5937,066 5574,558 5636,439 17644,2 10109,612 S 732,7435 4992,963 13100,28 16509,744 15836,128 6236,1797
2,0350003 B 3176,976 5937,066 5574,558 5636,439 17644,2 10109,612 S 732,7435 4992,963 13100,28 16509,744 15836,128 6236,1797
2,0350003 B 3176,976 5937,066 5574,558 5636,439 17644,2 10109,612 S 732,7435 4992,963 13100,28 16509,744 15836,128 6236,1797
2,0350003 B 3176,976 5937,066 5574,558 5636,439 17644,2 10109,612 S 732,7435 4992,963 13100,28 16509,744 15836,128 6236,1797
2,0349998 B 3176,976 5937,066 5574,558 5636,439 17644,2 10109,612 S 732,7435 4992,963 13100,28 16509,744 15836,128 6236,1797
2,035 B 3176,976 5937,066 5574,558 5636,439 17644,2 10109,612 S 732,7435 4992,963 13100,28 16509,744 15836,128 6236,1797
2,0350003 B 3176,976 5937,066 5574,558 5636,439 17644,2 10109,612 S 732,7435 4992,963 13100,28 16509,744 15836,128 6236,1797
2,0350006 B 3176,976 5937,066 5574,558 5636,439 17644,2 10109,612 S 732,7435 4992,963 13100,28 16509,744 15836,128 6236,1797
2,0349996 B 3176,976 5937,066 5574,558 5636,439 17644,2 10109,612 S 732,7435 4992,963 13100,28 16509,744 15836,128 6236,1797
2,0347438 B 3176,976 5937,066 5574,558 5636,439 17644,2 10109,612 S 732,7435 4992,963 13100,28 16509,744 15836,128 6236,1797
2,0340006 B 3176,976 5937,066 5574,558 5636,439 17644,2 10109,612 S 732,7435 4992,963 13100,28 16509,744 15836,128 6236,1797
2,0339997 B 3176,976 5937,066 5574,558 5636,439 17644,2 10109,612 S 732,7435 4992,963 13100,28 16509,744 15836,128 6236,1797
2,034 B 3176,976 5937,066 5574,558 5636,439 17644,2 10109,612 S 732,7435 4992,963 13100,28 16509,744 15836,128 6236,1797
2,034 B 3176,976 5937,066 5574,558 5636,439 17644,2 10109,612 S 732,7435 4992,963 13100,28 16509,744 15836,128 6236,1797
2,034 B 3176,976 5937,066 5574,558 5636,439 17644,2 10109,612 S 732,7435 4992,963 13100,28 16509,744 15836,128 6236,1797
2,0339992 B 3176,976 5937,066 5574,558 5636,439 17644,2 10109,612 S 732,7435 4992,963 13100,28 16509,744 15836,128 6236,1797
2,0339997 B 3176,976 5937,066 5574,558 5636,439 17644,2 10109,612 S 732,7435 4992,963 13100,28 16509,744 15836,128 6236,1797
2,0339997 B 3176,976 5937,066 5574,558 5636,439 17644,2 10109,612 S 732,7435 4992,963 13100,28 16509,744 15836,128 6236,1797
2,0340002 B 3176,976 5937,066 5574,558 5636,439 17644,2 10109,612 S 732,7435 4992,963 13100,28 16509,744 15836,128 6236,1797
2,034 B 3176,976 5937,066 5574,558 5636,439 17644,2 10109,612 S 732,7435 4992,963 13100,28 16509,744 15836,128 6236,1797
2,034 B 3176,976 5937,066 5574,558 5636,439 17644,2 10109,612 S 732,7435 4992,963 13100,28 16509,744 15836,128 6236,1797
2,0339997 B 3176,976 5937,066 5574,558 5636,439 17644,2 10109,612 S 732,7435 4992,963 13100,28 16509,744 15836,128 6236,1797
2,0340006 B 3176,976 5937,066 5574,558 5636,439 17644,2 10109,612 S 732,7435 4992,963 13100,28 16509,744 15836,128 6236,1797
2,0348935 B 3176,976 5937,066 5574,558 5636,439 17644,2 10109,612 S 732,7435 4992,963 13100,28 16509,744 15836,128 6236,1797
2,0350003 B 3176,976 5937,066 5574,558 5636,439 17644,2 10109,612 S 732,7435 4992,963 13100,28 16509,744 15836,128 6236,1797
2,035 B 3176,976 5937,066 5574,558 5636,439 17644,2 10109,612 S 732,7435 4992,963 13100,28 16509,744 15836,128 6236,1797
2,0350003 B 3176,976 5937,066 5574,558 5636,439 17644,2 10109,612 S 732,7435 4992,963 13100,28 16509,744 15836,128 6236,1797
2,0350003 B 3176,976 5937,066 5574,558 5636,439 17644,2 10109,612 S 732,7435 4992,963 13100,28 16509,744 15836,128 6236,1797
2,0350003 B 3176,976 5937,066 5574,558 5636,439 17644,2 10109,612 S 732,7435 4992,963 13100,28 16509,744 15836,128 6236,1797
2,0354538 B 3176,976 5937,066 5574,558 5636,439 17644,2 10109,612 S 732,7435 4992,963 13100,28 16509,744 15836,128 6236,1797
2,0360005 B 3176,976 5937,066 5574,558 5636,439 17644,2 10109,612 S 732,7435 4992,963 13100,28 16509,744 15836,128 6236,1797
2,0360007 B 3176,976 5937,066 5574,558 5636,439 17644,2 10109,612 S 732,7435 4992,963 13100,28 16509,744 15836,128 6236,1797
2,0360003 B 3176,976 5937,066 5574,558 5636,439 17644,2 10109,612 S 732,7435 4992,963 13100,28 16509,744 15836,128 6236,1797
2,0360003 B 3176,976 5937,066 5574,558 5636,439 17644,2 10109,612 S 732,7435 4992,963 13100,28 16509,744 15836,128 6236,1797
2,0360007 B 3176,976 5937,066 5574,558 5636,439 17644,2 10109,612 S 732,7435 4992,963 13100,28 16509,744 15836,128 6236,1797
2,0359993 B 3176,976 5937,066 5574,558 5636,439 17644,2 10109,612 S 732,7435 4992,963 13100,28 16509,744 15836,128 6236,1797
2,0367775 B 3176,976 5937,066 5574,558 5636,439 17644,2 10109,612 S 732,7435 4992,963 13100,28 16509,744 15836,128 6236,1797
2,0399997 B 3176,976 5937,066 5574,558 5636,439 17644,2 10109,612 S 732,7435 4992,963 13100,28 16509,744 15836,128 6236,1797
2,0400002 B 3176,976 5937,066 5574,558 5636,439 17644,2 10109,612 S 732,7435 4992,963 13100,28 16509,744 15836,128 6236,1797
2,0399992 B 3176,976 5937,066 5574,558 5636,439 17644,2 10109,612 S 732,7435 4992,963 13100,28 16509,744 15836,128 6236,1797
2,0394163 B 3176,976 5937,066 5574,558 5636,439 17644,2 10109,612 S 732,7435 4992,963 13100,28 16509,744 15836,128 6236,1797
2,0390005 B 3176,976 5937,066 5574,558 5636,439 17644,2 10109,612 S 732,7435 4992,963 13100,28 16509,744 15836,128 6236,1797
2,039858 B 3176,976 5937,066 5574,558 5636,439 17644,2 10109,612 S 732,7435 4992,963 13100,28 16509,744 15836,128 6236,1797
2,0400004 B 3176,976 5937,066 5574,558 5636,439 17644,2 10109,612 S 732,7435 4992,963 13100,28 16509,744 15836,128 6236,1797
2,0408006 B 3176,976 5937,066 5574,558 5636,439 17644,2 10109,612 S 732,7435 4992,963 13100,28 16509,744 15836,128 6236,1797
2,0419993 B 3176,976 5937,066 5574,558 5636,439 17644,2 10109,612 S 732,7435 4992,963 13100,28 16509,744 15836,128 6236,1797
