1,9904321
1,9870354 B 1329,564 5684,4272 9169,444 14249,751 6531,9814 16780,166 S 1104,4098 9199,202 12223,479 10705,537 9560,955 575,3123
1,9870007 B 1329,564 5684,4272 9169,444 14249,751 6531,9814 16780,166 S 1104,4098 9199,202 12223,479 10705,537 9560,955 575,3123
1,9869999 B 1329,564 5684,4272 9169,444 14249,751 6531,9814 16780,166 S 1104,4098 9199,202 12223,479 10705,537 9560,955 575,3123
1,9869999 B 1329,564 5684,4272 9169,444 14249,751 6531,9814 16780,166 S 1104,4098 9199,202 12223,479 10705,537 9560,955 575,3123
1,9869998 B 1329,564 5684,4272 9169,444 14249,751 6531,9814 16780,166 S 1104,4098 9199,202 12223,479 10705,537 9560,955 575,3123
1,9870001 B 1329,564 5684,4272 9169,444 14249,751 6531,9814 16780,166 S 1104,4098 9199,202 12223,479 10705,537 9560,955 575,3123
1,9870002 B 1329,564 5684,4272 9169,444 14249,751 6531,9814 16780,166 S 1104,4098 9199,202 12223,479 10705,537 9560,955 575,3123
1,9870003 B 1329,564 5684,4272 9169,444 14249,751 6531,9814 16780,166 S 1104,4098 9199,202 12223,479 10705,537 9560,955 575,3123
1,9869999 B 1329,564 5684,4272 9169,444 14249,751 6531,9814 16780,166 S 1104,4098 9199,202 12223,479 10705,537 9560,955 575,3123
1,9882447 B 1329,564 5684,4272 9169,444 14249,751 6531,9814 16780,166 S 1104,4098 9199,202 12223,479 10705,537 9560,955 575,3123
1,9883595 B 1329,564 5684,4272 9169,444 14249,751 6531,9814 16780,166 S 1104,4098 9199,202 12223,479 10705,537 9560,955 575,3123
1,9880005 B 1329,564 5684,4272 9169,444 14249,751 6531,9814 16780,166 S 1104,4098 9199,202 12223,479 10705,537 9560,955 575,3123
1,9880003 B 1329,564 5684,4272 9169,444 14249,751 6531,9814 16780,166 S 1104,4098 9199,202 12223,479 10705,537 9560,955 575,3123
1,9880004 B 1329,564 5684,4272 9169,444 14249,751 6531,9814 16780,166 S 1104,4098 9199,202 12223,479 10705,537 9560,955 575,3123
1,9879997 B 1329,564 5684,4272 9169,444 14249,751 6531,9814 16780,166 S 1104,4098 9199,202 12223,479 10705,537 9560,955 575,3123
1,9880002 B 1329,564 5684,4272 9169,444 14249,751 6531,9814 16780,166 S 1104,4098 9199,202 12223,479 10705,537 9560,955 575,3123
1,988 B 1329,564 5684,4272 9169,444 14249,751 6531,9814 16780,166 S 1104,4098 9199,202 12223,479 10705,537 9560,955 575,3123
1,988 B 1329,564 5684,4272 9169,444 14249,751 6531,9814 16780,166 S 1104,4098 9199,202 12223,479 10705,537 9560,955 575,3123
1,9880002 B 1329,564 5684,4272 9169,444 14249,751 6531,9814 16780,166 S 1104,4098 9199,202 12223,479 10705,537 9560,955 575,3123
1,988 B 1329,564 5684,4272 9169,444 14249,751 6531,9814 16780,166 S 1104,4098 9199,202 12223,479 10705,537 9560,955 575,3123
1,9880003 B 1329,564 5684,4272 9169,444 14249,751 6531,9814 16780,166 S 1104,4098 9199,202 12223,479 10705,537 9560,955 575,3123
1,9880003 B 1329,564 5684,4272 9169,444 14249,751 6531,9814 16780,166 S 1104,4098 9199,202 12223,479 10705,537 9560,955 575,3123
1,9879997 B 1329,564 5684,4272 9169,444 14249,751 6531,9814 16780,166 S 1104,4098 9199,202 12223,479 10705,537 9560,955 575,3123
1,9879996 B 1329,564 5684,4272 9169,444 14249,751 6531,9814 16780,166 S 1104,4098 9199,202 12223,479 10705,537 9560,955 575,3123
1,9879997 B 1329,564 5684,4272 9169,444 14249,751 6531,9814 16780,166 S 1104,4098 9199,202 12223,479 10705,537 9560,955 575,3123
1,9880003 B 1329,564 5684,4272 9169,444 14249,751 6531,9814 16780,166 S 1104,4098 9199,202 12223,479 10705,537 9560,955 575,3123
1,9879996 B 1329,564 5684,4272 9169,444 14249,751 6531,9814 16780,166 S 1104,4098 9199,202 12223,479 10705,537 9560,955 575,3123
1,9879998 B 1329,564 5684,4272 9169,444 14249,751 6531,9814 16780,166 S 1104,4098 9199,202 12223,479 10705,537 9560,955 575,3123
1,9879997 B 1329,564 5684,4272 9169,444 14249,751 6531,9814 16780,166 S 1104,4098 9199,202 12223,479 10705,537 9560,955 575,3123
1,9879998 B 1329,564 5684,4272 9169,444 14249,751 6531,9814 16780,166 S 1104,4098 9199,202 12223,479 10705,537 9560,955 575,3123
1,9880003 B 1329,564 5684,4272 9169,444 14249,751 6531,9814 16780,166 S 1104,4098 9199,202 12223,479 10705,537 9560,955 575,3123
1,9914783 B 1329,564 5684,4272 9169,444 14249,751 6531,9814 16780,166 S 1104,4098 9199,202 12223,479 10705,537 9560,955 575,3123
1,9919993 B 1329,564 5684,4272 9169,444 14249,751 6531,9814 16780,166 S 1104,4098 9199,202 12223,479 10705,537 9560,955 575,3123
1,9920001 B 1329,564 5684,4272 9169,444 14249,751 6531,9814 16780,166 S 1104,4098 9199,202 12223,479 10705,537 9560,955 575,3123
1,992 B 1329,564 5684,4272 9169,444 14249,751 6531,9814 16780,166 S 1104,4098 9199,202 12223,479 10705,537 9560,955 575,3123
1,9920001 B 1329,564 5684,4272 9169,444 14249,751 6531,9814 16780,166 S 1104,4098 9199,202 12223,479 10705,537 9560,955 575,3123
1,9920003 B 1329,564 5684,4272 9169,444 14249,751 6531,9814 16780,166 S 1104,4098 9199,202 12223,479 10705,537 9560,955 575,3123
1,9919999 B 1329,564 5684,4272 9169,444 14249,751 6531,9814 16780,166 S 1104,4098 9199,202 12223,479 10705,537 9560,955 575,3123
1,992 B 1329,564 5684,4272 9169,444 14249,751 6531,9814 16780,166 S 1104,4098 9199,202 12223,479 10705,537 9560,955 575,3123
1,9919999 B 1329,564 5684,4272 9169,444 14249,751 6531,9814 16780,166 S 1104,4098 9199,202 12223,479 10705,537 9560,955 575,3123
1,9919995 B 1329,564 5684,4272 9169,444 14249,751 6531,9814 16780,166 S 1104,4098 9199,202 12223,479 10705,537 9560,955 575,3123
1,9920002 B 1329,564 5684,4272 9169,444 14249,751 6531,9814 16780,166 S 1104,4098 9199,202 12223,479 10705,537 9560,955 575,3123
1,9920002 B 1329,564 5684,4272 9169,444 14249,751 6531,9814 16780,166 S 1104,4098 9199,202 12223,479 10705,537 9560,955 575,3123
1,9919999 B 1329,564 5684,4272 9169,444 14249,751 6531,9814 16780,166 S 1104,4098 9199,202 12223,479 10705,537 9560,955 575,3123
1,9919999 B 1329,564 5684,4272 9169,444 14249,751 6531,9814 16780,166 S 1104,4098 9199,202 12223,479 10705,537 9560,955 575,3123
1,9920001 B 1329,564 5684,4272 9169,444 14249,751 6531,9814 16780,166 S 1104,4098 9199,202 12223,479 10705,537 9560,955 575,3123
1,9924368 B 1329,564 5684,4272 9169,444 14249,751 6531,9814 16780,166 S 1104,4098 9199,202 12223,479 10705,537 9560,955 575,3123
1,9929997 B 1329,564 5684,4272 9169,444 14249,751 6531,9814 16780,166 S 1104,4098 9199,202 12223,479 10705,537 9560,955 575,3123
1,9930001 B 1329,564 5684,4272 9169,444 14249,751 6531,9814 16780,166 S 1104,4098 9199,202 12223,479 10705,537 9560,955 575,3123
1,9929999 B 1329,564 5684,4272 9169,444 14249,751 6531,9814 16780,166 S 1104,4098 9199,202 12223,479 10705,537 9560,955 575,3123
1,9929998 B 1329,564 5684,4272 9169,444 14249,751 6531,9814 16780,166 S 1104,4098 9199,202 12223,479 10705,537 9560,955 575,3123
1,9933122 B 1329,564 5684,4272 9169,444 14249,751 6531,9814 16780,166 S 1104,4098 9199,202 12223,479 10705,537 9560,955 575,3123
1,994 B 1329,564 5684,4272 9169,444 14249,751 6531,9814 16780,166 S 1104,4098 9199,202 12223,479 10705,537 9560,955 575,3123
1,9939996 B 1329,564 5684,4272 9169,444 14249,751 6531,9814 16780,166 S 1104,4098 9199,202 12223,479 10705,537 9560,955 575,3123
1,9940003 B 1329,564 5684,4272 9169,444 14249,751 6531,9814 16780,166 S 1104,4098 9199,202 12223,479 10705,537 9560,955 575,3123
1,9935724 B 1329,564 5684,4272 9169,444 14249,751 6531,9814 16780,166 S 1104,4098 9199,202 12223,479 10705,537 9560,955 575,3123
1,9930001 B 1329,564 5684,4272 9169,444 14249,751 6531,9814 16780,166 S 1104,4098 9199,202 12223,479 10705,537 9560,955 575,3123
1,9929998 B 1329,564 5684,4272 9169,444 14249,751 6531,9814 16780,166 S 1104,4098 9199,202 12223,479 10705,537 9560,955 575,3123
1,9929998 B 1329,564 5684,4272 9169,444 14249,751 6531,9814 16780,166 S 1104,4098 9199,202 12223,479 10705,537 9560,955 575,3123
1,9930004 B 1329,564 5684,4272 9169,444 14249,751 6531,9814 16780,166 S 1104,4098 9199,202 12223,479 10705,537 9560,955 575,3123
1,9929999 B 1329,564 5684,4272 9169,444 14249,751 6531,9814 16780,166 S 1104,4098 9199,202 12223,479 10705,537 9560,955 575,3123
1,993 B 1329,564 5684,4272 9169,444 14249,751 6531,9814 16780,166 S 1104,4098 9199,202 12223,479 10705,537 9560,955 575,3123
1,9930001 B 1329,564 5684,4272 9169,444 14249,751 6531,9814 16780,166 S 1104,4098 9199,202 12223,479 10705,537 9560,955 575,3123
1,9914315 B 1329,564 5684,4272 9169,444 14249,751 6531,9814 16780,166 S 1104,4098 9199,202 12223,479 10705,537 9560,955 575,3123
1,9890001 B 1329,564 5684,4272 9169,444 14249,751 6531,9814 16780,166 S 1104,4098 9199,202 12223,479 10705,537 9560,955 575,3123
1,9889992 B 1329,564 5684,4272 9169,444 14249,751 6531,9814 16780,166 S 1104,4098 9199,202 12223,479 10705,537 9560,955 575,3123
1,9889996 B 1329,564 5684,4272 9169,444 14249,751 6531,9814 16780,166 S 1104,4098 9199,202 12223,479 10705,537 9560,955 575,3123
1,9890001 B 1329,564 5684,4272 9169,444 14249,751 6531,9814 16780,166 S 1104,4098 9199,202 12223,479 10705,537 9560,955 575,3123
1,989 B 1329,564 5684,4272 9169,444 14249,751 6531,9814 16780,166 S 1104,4098 9199,202 12223,479 10705,537 9560,955 575,3123
1,9890002 B 1329,564 5684,4272 9169,444 14249,751 6531,9814 16780,166 S 1104,4098 9199,202 12223,479 10705,537 9560,955 575,3123
1,9890001 B 1329,564 5684,4272 9169,444 14249,751 6531,9814 16780,166 S 1104,4098 9199,202 12223,479 10705,537 9560,955 575,3123
1,9889997 B 1329,564 5684,4272 9169,444 14249,751 6531,9814 16780,166 S 1104,4098 9199,202 12223,479 10705,537 9560,955 575,3123
1,9889998 B 1329,564 5684,4272 9169,444 14249,751 6531,9814 16780,166 S 1104,4098 9199,202 12223,479 10705,537 9560,955 575,3123
1,9915956 B 1329,564 5684,4272 9169,444 14249,751 6531,9814 16780,166 S 1104,4098 9199,202 12223,479 10705,537 9560,955 575,3123
1,992 B 1329,564 5684,4272 9169,444 14249,751 6531,9814 16780,166 S 1104,4098 9199,202 12223,479 10705,537 9560,955 575,3123
1,9920003 B 1329,564 5684,4272 9169,444 14249,751 6531,9814 16780,166 S 1104,4098 9199,202 12223,479 10705,537 9560,955 575,3123
1,9920003 B 1329,564 5684,4272 9169,444 14249,751 6531,9814 16780,166 S 1104,4098 9199,202 12223,479 10705,537 9560,955 575,3123
1,992 B 1329,564 5684,4272 9169,444 14249,751 6531,9814 16780,166 S 1104,4098 9199,202 12223,479 10705,537 9560,955 575,3123
1,9920005 B 1329,564 5684,4272 9169,444 14249,751 6531,9814 16780,166 S 1104,4098 9199,202 12223,479 10705,537 9560,955 575,3123
1,9920003 B 1329,564 5684,4272 9169,444 14249,751 6531,9814 16780,166 S 1104,4098 9199,202 12223,479 10705,537 9560,955 575,3123
1,9920002 B 1329,564 5684,4272 9169,444 14249,751 6531,9814 16780,166 S 1104,4098 9199,202 12223,479 10705,537 9560,955 575,3123
1,9919995 B 1329,564 5684,4272 9169,444 14249,751 6531,9814 16780,166 S 1104,4098 9199,202 12223,479 10705,537 9560,955 575,3123
1,9920002 B 1329,564 5684,4272 9169,444 14249,751 6531,9814 16780,166 S 1104,4098 9199,202 12223,479 10705,537 9560,955 575,3123
1,9920005 B 1329,564 5684,4272 9169,444 14249,751 6531,9814 16780,166 S 1104,4098 9199,202 12223,479 10705,537 9560,955 575,3123
1,9919994 B 1329,564 5684,4272 9169,444 14249,751 6531,9814 16780,166 S 1104,4098 9199,202 12223,479 10705,537 9560,955 575,3123
1,9919994 B 1329,564 5684,4272 9169,444 14249,751 6531,9814 16780,166 S 1104,4098 9199,202 12223,479 10705,537 9560,955 575,3123
1,9920005 B 1329,564 5684,4272 9169,444 14249,751 6531,9814 16780,166 S 1104,4098 9199,202 12223,479 10705,537 9560,955 575,3123
1,9919994 B 1329,564 5684,4272 9169,444 14249,751 6531,9814 16780,166 S 1104,4098 9199,202 12223,479 10705,537 9560,955 575,3123
1,992 B 1329,564 5684,4272 9169,444 14249,751 6531,9814 16780,166 S 1104,4098 9199,202 12223,479 10705,537 9560,955 575,3123
1,9919993 B 1329,564 5684,4272 9169,444 14249,751 6531,9814 16780,166 S 1104,4098 9199,202 12223,479 10705,537 9560,955 575,3123
1,9919997 B 1329,564 5684,4272 9169,444 14249,751 6531,9814 16780,166 S 1104,4098 9199,202 12223,479 10705,537 9560,955 575,3123
1,9920002 B 1329,564 5684,4272 9169,444 14249,751 6531,9814 16780,166 S 1104,4098 9199,202 12223,479 10705,537 9560,955 575,3123
1,9919999 B 1329,564 5684,4272 9169,444 14249,751 6531,9814 16780,166 S 1104,4098 9199,202 12223,479 10705,537 9560,955 575,3123
1,9919999 B 1329,564 5684,4272 9169,444 14249,751 6531,9814 16780,166 S 1104,4098 9199,202 12223,479 10705,537 9560,955 575,3123
1,9920003 B 1329,564 5684,4272 9169,444 14249,751 6531,9814 16780,166 S 1104,4098 9199,202 12223,479 10705,537 9560,955 575,3123
1,9919999 B 1329,564 5684,4272 9169,444 14249,751 6531,9814 16780,166 S 1104,4098 9199,202 12223,479 10705,537 9560,955 575,3123
1,9920003 B 1329,564 5684,4272 9169,444 14249,751 6531,9814 16780,166 S 1104,4098 9199,202 12223,479 10705,537 9560,955 575,3123
1,9914669 B 1329,564 5684,4272 9169,444 14249,751 6531,9814 16780,166 S 1104,4098 9199,202 12223,479 10705,537 9560,955 575,3123
1,9880003 B 1329,564 5684,4272 9169,444 14249,751 6531,9814 16780,166 S 1104,4098 9199,202 12223,479 10705,537 9560,955 575,3123
1,9870957 B 1329,564 5684,4272 9169,444 14249,751 6531,9814 16780,166 S 1104,4098 9199,202 12223,479 10705,537 9560,955 575,3123
1,987 B 1329,564 5684,4272 9169,444 14249,751 6531,9814 16780,166 S 1104,4098 9199,202 12223,479 10705,537 9560,955 575,3123
1,9869998 B 1329,564 5684,4272 9169,444 14249,751 6531,9814 16780,166 S 1104,4098 9199,202 12223,479 10705,537 9560,955 575,3123
1,987 B 1329,564 5684,4272 9169,444 14249,751 6531,9814 16780,166 S 1104,4098 9199,202 12223,479 10705,537 9560,955 575,3123
1,9870001 B 1329,564 5684,4272 9169,444 14249,751 6531,9814 16780,166 S 1104,4098 9199,202 12223,479 10705,537 9560,955 575,3123
1,9870002 B 1329,564 5684,4272 9169,444 14249,751 6531,9814 16780,166 S 1104,4098 9199,202 12223,479 10705,537 9560,955 575,3123
1,9870007 B 1329,564 5684,4272 9169,444 14249,751 6531,9814 16780,166 S 1104,4098 9199,202 12223,479 10705,537 9560,955 575,3123
1,9870006 B 1329,564 5684,4272 9169,444 14249,751 6531,9814 16780,166 S 1104,4098 9199,202 12223,479 10705,537 9560,955 575,3123
1,9870002 B 1329,564 5684,4272 9169,444 14249,751 6531,9814 16780,166 S 1104,4098 9199,202 12223,479 10705,537 9560,955 575,3123
1,987 B 1329,564 5684,4272 9169,444 14249,751 6531,9814 16780,166 S 1104,4098 9199,202 12223,479 10705,537 9560,955 575,3123
1,9870001 B 1329,564 5684,4272 9169,444 14249,751 6531,9814 16780,166 S 1104,4098 9199,202 12223,479 10705,537 9560,955 575,3123
1,9870007 B 1329,564 5684,4272 9169,444 14249,751 6531,9814 16780,166 S 1104,4098 9199,202 12223,479 10705,537 9560,955 575,3123
1,9870001 B 1329,564 5684,4272 9169,444 14249,751 6531,9814 16780,166 S 1104,4098 9199,202 12223,479 10705,537 9560,955 575,3123
1,9883717 B 1329,564 5684,4272 9169,444 14249,751 6531,9814 16780,166 S 1104,4098 9199,202 12223,479 10705,537 9560,955 575,3123
1,9889995 B 1329,564 5684,4272 9169,444 14249,751 6531,9814 16780,166 S 1104,4098 9199,202 12223,479 10705,537 9560,955 575,3123
1,9889997 B 1329,564 5684,4272 9169,444 14249,751 6531,9814 16780,166 S 1104,4098 9199,202 12223,479 10705,537 9560,955 575,3123
1,989 B 1329,564 5684,4272 9169,444 14249,751 6531,9814 16780,166 S 1104,4098 9199,202 12223,479 10705,537 9560,955 575,3123
1,9889997 B 1329,564 5684,4272 9169,444 14249,751 6531,9814 16780,166 S 1104,4098 9199,202 12223,479 10705,537 9560,955 575,3123
1,9888402 B 1329,564 5684,4272 9169,444 14249,751 6531,9814 16780,166 S 1104,4098 9199,202 12223,479 10705,537 9560,955 575,3123
1,988 B 1329,564 5684,4272 9169,444 14249,751 6531,9814 16780,166 S 1104,4098 9199,202 12223,479 10705,537 9560,955 575,3123
1,988 B 1329,564 5684,4272 9169,444 14249,751 6531,9814 16780,166 S 1104,4098 9199,202 12223,479 10705,537 9560,955 575,3123
1,9879997 B 1329,564 5684,4272 9169,444 14249,751 6531,9814 16780,166 S 1104,4098 9199,202 12223,479 10705,537 9560,955 575,3123
1,988 B 1329,564 5684,4272 9169,444 14249,751 6531,9814 16780,166 S 1104,4098 9199,202 12223,479 10705,537 9560,955 575,3123
1,9879994 B 1329,564 5684,4272 9169,444 14249,751 6531,9814 16780,166 S 1104,4098 9199,202 12223,479 10705,537 9560,955 575,3123
1,9880003 B 1329,564 5684,4272 9169,444 14249,751 6531,9814 16780,166 S 1104,4098 9199,202 12223,479 10705,537 9560,955 575,3123
1,9880002 B 1329,564 5684,4272 9169,444 14249,751 6531,9814 16780,166 S 1104,4098 9199,202 12223,479 10705,537 9560,955 575,3123
1,988 B 1329,564 5684,4272 9169,444 14249,751 6531,9814 16780,166 S 1104,4098 9199,202 12223,479 10705,537 9560,955 575,3123
1,9880002 B 1329,564 5684,4272 9169,444 14249,751 6531,9814 16780,166 S 1104,4098 9199,202 12223,479 10705,537 9560,955 575,3123
1,9879993 B 1329,564 5684,4272 9169,444 14249,751 6531,9814 16780,166 S 1104,4098 9199,202 12223,479 10705,537 9560,955 575,3123
1,9879998 B 1329,564 5684,4272 9169,444 14249,751 6531,9814 16780,166 S 1104,4098 9199,202 12223,479 10705,537 9560,955 575,3123
1,9880002 B 1329,564 5684,4272 9169,444 14249,751 6531,9814 16780,166 S 1104,4098 9199,202 12223,479 10705,537 9560,955 575,3123
1,9880006 B 1329,564 5684,4272 9169,444 14249,751 6531,9814 16780,166 S 1104,4098 9199,202 12223,479 10705,537 9560,955 575,3123
1,9880003 B 1329,564 5684,4272 9169,444 14249,751 6531,9814 16780,166 S 1104,4098 9199,202 12223,479 10705,537 9560,955 575,3123
1,9880005 B 1329,564 5684,4272 9169,444 14249,751 6531,9814 16780,166 S 1104,4098 9199,202 12223,479 10705,537 9560,955 575,3123
1,9871339 B 1329,564 5684,4272 9169,444 14249,751 6531,9814 16780,166 S 1104,4098 9199,202 12223,479 10705,537 9560,955 575,3123
1,9869996 B 1329,564 5684,4272 9169,444 14249,751 6531,9814 16780,166 S 1104,4098 9199,202 12223,479 10705,537 9560,955 575,3123
1,987 B 1329,564 5684,4272 9169,444 14249,751 6531,9814 16780,166 S 1104,4098 9199,202 12223,479 10705,537 9560,955 575,3123
1,9885737 B 1329,564 5684,4272 9169,444 14249,751 6531,9814 16780,166 S 1104,4098 9199,202 12223,479 10705,537 9560,955 575,3123
1,989 B 1329,564 5684,4272 9169,444 14249,751 6531,9814 16780,166 S 1104,4098 9199,202 12223,479 10705,537 9560,955 575,3123
1,9889996 B 1329,564 5684,4272 9169,444 14249,751 6531,9814 16780,166 S 1104,4098 9199,202 12223,479 10705,537 9560,955 575,3123
1,989 B 1329,564 5684,4272 9169,444 14249,751 6531,9814 16780,166 S 1104,4098 9199,202 12223,479 10705,537 9560,955 575,3123
1,9890002 B 1329,564 5684,4272 9169,444 14249,751 6531,9814 16780,166 S 1104,4098 9199,202 12223,479 10705,537 9560,955 575,3123
1,989 B 1329,564 5684,4272 9169,444 14249,751 6531,9814 16780,166 S 1104,4098 9199,202 12223,479 10705,537 9560,955 575,3123
1,989 B 1329,564 5684,4272 9169,444 14249,751 6531,9814 16780,166 S 1104,4098 9199,202 12223,479 10705,537 9560,955 575,3123
1,9890002 B 1329,564 5684,4272 9169,444 14249,751 6531,9814 16780,166 S 1104,4098 9199,202 12223,479 10705,537 9560,955 575,3123
1,9895047 B 1329,564 5684,4272 9169,444 14249,751 6531,9814 16780,166 S 1104,4098 9199,202 12223,479 10705,537 9560,955 575,3123
1,9900006 B 1329,564 5684,4272 9169,444 14249,751 6531,9814 16780,166 S 1104,4098 9199,202 12223,479 10705,537 9560,955 575,3123
1,990001 B 1329,564 5684,4272 9169,444 14249,751 6531,9814 16780,166 S 1104,4098 9199,202 12223,479 10705,537 9560,955 575,3123
1,9899998 B 1329,564 5684,4272 9169,444 14249,751 6531,9814 16780,166 S 1104,4098 9199,202 12223,479 10705,537 9560,955 575,3123
1,9900005 B 1329,564 5684,4272 9169,444 14249,751 6531,9814 16780,166 S 1104,4098 9199,202 12223,479 10705,537 9560,955 575,3123
1,9900006 B 1329,564 5684,4272 9169,444 14249,751 6531,9814 16780,166 S 1104,4098 9199,202 12223,479 10705,537 9560,955 575,3123
1,9900969 B 1329,564 5684,4272 9169,444 14249,751 6531,9814 16780,166 S 1104,4098 9199,202 12223,479 10705,537 9560,955 575,3123
1,9909999 B 1329,564 5684,4272 9169,444 14249,751 6531,9814 16780,166 S 1104,4098 9199,202 12223,479 10705,537 9560,955 575,3123
1,9910008 B 1329,564 5684,4272 9169,444 14249,751 6531,9814 16780,166 S 1104,4098 9199,202 12223,479 10705,537 9560,955 575,3123
1,9912828 B 1329,564 5684,4272 9169,444 14249,751 6531,9814 16780,166 S 1104,4098 9199,202 12223,479 10705,537 9560,955 575,3123
1,9919999 B 1329,564 5684,4272 9169,444 14249,751 6531,9814 16780,166 S 1104,4098 9199,202 12223,479 10705,537 9560,955 575,3123
1,9920001 B 1329,564 5684,4272 9169,444 14249,751 6531,9814 16780,166 S 1104,4098 9199,202 12223,479 10705,537 9560,955 575,3123
1,9920005 B 1329,564 5684,4272 9169,444 14249,751 6531,9814 16780,166 S 1104,4098 9199,202 12223,479 10705,537 9560,955 575,3123
1,9919999 B 1329,564 5684,4272 9169,444 14249,751 6531,9814 16780,166 S 1104,4098 9199,202 12223,479 10705,537 9560,955 575,3123
1,9920003 B 1329,564 5684,4272 9169,444 14249,751 6531,9814 16780,166 S 1104,4098 9199,202 12223,479 10705,537 9560,955 575,3123
1,9919993 B 1329,564 5684,4272 9169,444 14249,751 6531,9814 16780,166 S 1104,4098 9199,202 12223,479 10705,537 9560,955 575,3123
1,9920001 B 1329,564 5684,4272 9169,444 14249,751 6531,9814 16780,166 S 1104,4098 9199,202 12223,479 10705,537 9560,955 575,3123
1,9919994 B 1329,564 5684,4272 9169,444 14249,751 6531,9814 16780,166 S 1104,4098 9199,202 12223,479 10705,537 9560,955 575,3123
1,9919995 B 1329,564 5684,4272 9169,444 14249,751 6531,9814 16780,166 S 1104,4098 9199,202 12223,479 10705,537 9560,955 575,3123
1,9919997 B 1329,564 5684,4272 9169,444 14249,751 6531,9814 16780,166 S 1104,4098 9199,202 12223,479 10705,537 9560,955 575,3123
1,992 B 1329,564 5684,4272 9169,444 14249,751 6531,9814 16780,166 S 1104,4098 9199,202 12223,479 10705,537 9560,955 575,3123
1,9920002 B 1329,564 5684,4272 9169,444 14249,751 6531,9814 16780,166 S 1104,4098 9199,202 12223,479 10705,537 9560,955 575,3123
1,9920003 B 1329,564 5684,4272 9169,444 14249,751 6531,9814 16780,166 S 1104,4098 9199,202 12223,479 10705,537 9560,955 575,3123
1,9919995 B 1329,564 5684,4272 9169,444 14249,751 6531,9814 16780,166 S 1104,4098 9199,202 12223,479 10705,537 9560,955 575,3123
1,9919999 B 1329,564 5684,4272 9169,444 14249,751 6531,9814 16780,166 S 1104,4098 9199,202 12223,479 10705,537 9560,955 575,3123
1,9920001 B 1329,564 5684,4272 9169,444 14249,751 6531,9814 16780,166 S 1104,4098 9199,202 12223,479 10705,537 9560,955 575,3123
1,9919999 B 1329,564 5684,4272 9169,444 14249,751 6531,9814 16780,166 S 1104,4098 9199,202 12223,479 10705,537 9560,955 575,3123
1,9920003 B 1329,564 5684,4272 9169,444 14249,751 6531,9814 16780,166 S 1104,4098 9199,202 12223,479 10705,537 9560,955 575,3123
1,992 B 1329,564 5684,4272 9169,444 14249,751 6531,9814 16780,166 S 1104,4098 9199,202 12223,479 10705,537 9560,955 575,3123
1,9920003 B 1329,564 5684,4272 9169,444 14249,751 6531,9814 16780,166 S 1104,4098 9199,202 12223,479 10705,537 9560,955 575,3123
1,9919995 B 1329,564 5684,4272 9169,444 14249,751 6531,9814 16780,166 S 1104,4098 9199,202 12223,479 10705,537 9560,955 575,3123
1,9919999 B 1329,564 5684,4272 9169,444 14249,751 6531,9814 16780,166 S 1104,4098 9199,202 12223,479 10705,537 9560,955 575,3123
1,9920002 B 1329,564 5684,4272 9169,444 14249,751 6531,9814 16780,166 S 1104,4098 9199,202 12223,479 10705,537 9560,955 575,3123
1,992 B 1329,564 5684,4272 9169,444 14249,751 6531,9814 16780,166 S 1104,4098 9199,202 12223,479 10705,537 9560,955 575,3123
1,9919997 B 1329,564 5684,4272 9169,444 14249,751 6531,9814 16780,166 S 1104,4098 9199,202 12223,479 10705,537 9560,955 575,3123
1,9919995 B 1329,564 5684,4272 9169,444 14249,751 6531,9814 16780,166 S 1104,4098 9199,202 12223,479 10705,537 9560,955 575,3123
1,9919999 B 1329,564 5684,4272 9169,444 14249,751 6531,9814 16780,166 S 1104,4098 9199,202 12223,479 10705,537 9560,955 575,3123
1,9920003 B 1329,564 5684,4272 9169,444 14249,751 6531,9814 16780,166 S 1104,4098 9199,202 12223,479 10705,537 9560,955 575,3123
1,992 B 1329,564 5684,4272 9169,444 14249,751 6531,9814 16780,166 S 1104,4098 9199,202 12223,479 10705,537 9560,955 575,3123
1,9920002 B 1329,564 5684,4272 9169,444 14249,751 6531,9814 16780,166 S 1104,4098 9199,202 12223,479 10705,537 9560,955 575,3123
1,9919999 B 1329,564 5684,4272 9169,444 14249,751 6531,9814 16780,166 S 1104,4098 9199,202 12223,479 10705,537 9560,955 575,3123
1,9920001 B 1329,564 5684,4272 9169,444 14249,751 6531,9814 16780,166 S 1104,4098 9199,202 12223,479 10705,537 9560,955 575,3123
1,9920006 B 1329,564 5684,4272 9169,444 14249,751 6531,9814 16780,166 S 1104,4098 9199,202 12223,479 10705,537 9560,955 575,3123
1,9920003 B 1329,564 5684,4272 9169,444 14249,751 6531,9814 16780,166 S 1104,4098 9199,202 12223,479 10705,537 9560,955 575,3123
1,9920003 B 1329,564 5684,4272 9169,444 14249,751 6531,9814 16780,166 S 1104,4098 9199,202 12223,479 10705,537 9560,955 575,3123
1,992 B 1329,564 5684,4272 9169,444 14249,751 6531,9814 16780,166 S 1104,4098 9199,202 12223,479 10705,537 9560,955 575,3123
1,992 B 1329,564 5684,4272 9169,444 14249,751 6531,9814 16780,166 S 1104,4098 9199,202 12223,479 10705,537 9560,955 575,3123
1,9920001 B 1329,564 5684,4272 9169,444 14249,751 6531,9814 16780,166 S 1104,4098 9199,202 12223,479 10705,537 9560,955 575,3123
1,991301 B 1329,564 5684,4272 9169,444 14249,751 6531,9814 16780,166 S 1104,4098 9199,202 12223,479 10705,537 9560,955 575,3123
1,991 B 1329,564 5684,4272 9169,444 14249,751 6531,9814 16780,166 S 1104,4098 9199,202 12223,479 10705,537 9560,955 575,3123
1,9909993 B 1329,564 5684,4272 9169,444 14249,751 6531,9814 16780,166 S 1104,4098 9199,202 12223,479 10705,537 9560,955 575,3123
1,991 B 1329,564 5684,4272 9169,444 14249,751 6531,9814 16780,166 S 1104,4098 9199,202 12223,479 10705,537 9560,955 575,3123
1,9909993 B 1329,564 5684,4272 9169,444 14249,751 6531,9814 16780,166 S 1104,4098 9199,202 12223,479 10705,537 9560,955 575,3123
1,9910003 B 1329,564 5684,4272 9169,444 14249,751 6531,9814 16780,166 S 1104,4098 9199,202 12223,479 10705,537 9560,955 575,3123
1,9910003 B 1329,564 5684,4272 9169,444 14249,751 6531,9814 16780,166 S 1104,4098 9199,202 12223,479 10705,537 9560,955 575,3123
1,990079 B 1329,564 5684,4272 9169,444 14249,751 6531,9814 16780,166 S 1104,4098 9199,202 12223,479 10705,537 9560,955 575,3123
1,9899999 B 1329,564 5684,4272 9169,444 14249,751 6531,9814 16780,166 S 1104,4098 9199,202 12223,479 10705,537 9560,955 575,3123
1,99 B 1329,564 5684,4272 9169,444 14249,751 6531,9814 16780,166 S 1104,4098 9199,202 12223,479 10705,537 9560,955 575,3123
1,9899999 B 1329,564 5684,4272 9169,444 14249,751 6531,9814 16780,166 S 1104,4098 9199,202 12223,479 10705,537 9560,955 575,3123
1,9900011 B 1329,564 5684,4272 9169,444 14249,751 6531,9814 16780,166 S 1104,4098 9199,202 12223,479 10705,537 9560,955 575,3123
1,9907501 B 1329,564 5684,4272 9169,444 14249,751 6531,9814 16780,166 S 1104,4098 9199,202 12223,479 10705,537 9560,955 575,3123
1,9909999 B 1329,564 5684,4272 9169,444 14249,751 6531,9814 16780,166 S 1104,4098 9199,202 12223,479 10705,537 9560,955 575,3123
1,9909998 B 1329,564 5684,4272 9169,444 14249,751 6531,9814 16780,166 S 1104,4098 9199,202 12223,479 10705,537 9560,955 575,3123
1,9909996 B 1329,564 5684,4272 9169,444 14249,751 6531,9814 16780,166 S 1104,4098 9199,202 12223,479 10705,537 9560,955 575,3123
1,9909997 B 1329,564 5684,4272 9169,444 14249,751 6531,9814 16780,166 S 1104,4098 9199,202 12223,479 10705,537 9560,955 575,3123
1,9909995 B 1329,564 5684,4272 9169,444 14249,751 6531,9814 16780,166 S 1104,4098 9199,202 12223,479 10705,537 9560,955 575,3123
1,9909997 B 1329,564 5684,4272 9169,444 14249,751 6531,9814 16780,166 S 1104,4098 9199,202 12223,479 10705,537 9560,955 575,3123
1,9909999 B 1329,564 5684,4272 9169,444 14249,751 6531,9814 16780,166 S 1104,4098 9199,202 12223,479 10705,537 9560,955 575,3123
1,9909998 B 1329,564 5684,4272 9169,444 14249,751 6531,9814 16780,166 S 1104,4098 9199,202 12223,479 10705,537 9560,955 575,3123
1,9909997 B 1329,564 5684,4272 9169,444 14249,751 6531,9814 16780,166 S 1104,4098 9199,202 12223,479 10705,537 9560,955 575,3123
1,9909998 B 1329,564 5684,4272 9169,444 14249,751 6531,9814 16780,166 S 1104,4098 9199,202 12223,479 10705,537 9560,955 575,3123
1,9919714 B 1329,564 5684,4272 9169,444 14249,751 6531,9814 16780,166 S 1104,4098 9199,202 12223,479 10705,537 9560,955 575,3123
1,992 B 1329,564 5684,4272 9169,444 14249,751 6531,9814 16780,166 S 1104,4098 9199,202 12223,479 10705,537 9560,955 575,3123
1,9919995 B 1329,564 5684,4272 9169,444 14249,751 6531,9814 16780,166 S 1104,4098 9199,202 12223,479 10705,537 9560,955 575,3123
1,9919991 B 1329,564 5684,4272 9169,444 14249,751 6531,9814 16780,166 S 1104,4098 9199,202 12223,479 10705,537 9560,955 575,3123
1,9920001 B 1329,564 5684,4272 9169,444 14249,751 6531,9814 16780,166 S 1104,4098 9199,202 12223,479 10705,537 9560,955 575,3123
1,992 B 1329,564 5684,4272 9169,444 14249,751 6531,9814 16780,166 S 1104,4098 9199,202 12223,479 10705,537 9560,955 575,3123
1,9919993 B 1329,564 5684,4272 9169,444 14249,751 6531,9814 16780,166 S 1104,4098 9199,202 12223,479 10705,537 9560,955 575,3123
1,9919999 B 1329,564 5684,4272 9169,444 14249,751 6531,9814 16780,166 S 1104,4098 9199,202 12223,479 10705,537 9560,955 575,3123
1,992 B 1329,564 5684,4272 9169,444 14249,751 6531,9814 16780,166 S 1104,4098 9199,202 12223,479 10705,537 9560,955 575,3123
1,9913718 B 1329,564 5684,4272 9169,444 14249,751 6531,9814 16780,166 S 1104,4098 9199,202 12223,479 10705,537 9560,955 575,3123
1,9909995 B 1329,564 5684,4272 9169,444 14249,751 6531,9814 16780,166 S 1104,4098 9199,202 12223,479 10705,537 9560,955 575,3123
1,9909998 B 1329,564 5684,4272 9169,444 14249,751 6531,9814 16780,166 S 1104,4098 9199,202 12223,479 10705,537 9560,955 575,3123
1,9910003 B 1329,564 5684,4272 9169,444 14249,751 6531,9814 16780,166 S 1104,4098 9199,202 12223,479 10705,537 9560,955 575,3123
1,9921005 B 1329,564 5684,4272 9169,444 14249,751 6531,9814 16780,166 S 1104,4098 9199,202 12223,479 10705,537 9560,955 575,3123
1,9920002 B 1329,564 5684,4272 9169,444 14249,751 6531,9814 16780,166 S 1104,4098 9199,202 12223,479 10705,537 9560,955 575,3123
1,992 B 1329,564 5684,4272 9169,444 14249,751 6531,9814 16780,166 S 1104,4098 9199,202 12223,479 10705,537 9560,955 575,3123
1,9919999 B 1329,564 5684,4272 9169,444 14249,751 6531,9814 16780,166 S 1104,4098 9199,202 12223,479 10705,537 9560,955 575,3123
1,9919997 B 1329,564 5684,4272 9169,444 14249,751 6531,9814 16780,166 S 1104,4098 9199,202 12223,479 10705,537 9560,955 575,3123
1,9920002 B 1329,564 5684,4272 9169,444 14249,751 6531,9814 16780,166 S 1104,4098 9199,202 12223,479 10705,537 9560,955 575,3123
1,9920001 B 1329,564 5684,4272 9169,444 14249,751 6531,9814 16780,166 S 1104,4098 9199,202 12223,479 10705,537 9560,955 575,3123
1,9920002 B 1329,564 5684,4272 9169,444 14249,751 6531,9814 16780,166 S 1104,4098 9199,202 12223,479 10705,537 9560,955 575,3123
1,992 B 1329,564 5684,4272 9169,444 14249,751 6531,9814 16780,166 S 1104,4098 9199,202 12223,479 10705,537 9560,955 575,3123
1,992001 B 1329,564 5684,4272 9169,444 14249,751 6531,9814 16780,166 S 1104,4098 9199,202 12223,479 10705,537 9560,955 575,3123
1,992 B 1329,564 5684,4272 9169,444 14249,751 6531,9814 16780,166 S 1104,4098 9199,202 12223,479 10705,537 9560,955 575,3123
1,9919995 B 1329,564 5684,4272 9169,444 14249,751 6531,9814 16780,166 S 1104,4098 9199,202 12223,479 10705,537 9560,955 575,3123
