2,0374138
2,029 B 1206,6917 11148,7705 17156,793 7946,8853 19805,32 2999,278 S 4177,8506 8425,818 9233,22 13797,543 15464,566 2624,8503
2,0290003 B 1206,6917 11148,7705 17156,793 7946,8853 19805,32 2999,278 S 4177,8506 8425,818 9233,22 13797,543 15464,566 2624,8503
2,0290003 B 1206,6917 11148,7705 17156,793 7946,8853 19805,32 2999,278 S 4177,8506 8425,818 9233,22 13797,543 15464,566 2624,8503
2,029 B 1206,6917 11148,7705 17156,793 7946,8853 19805,32 2999,278 S 4177,8506 8425,818 9233,22 13797,543 15464,566 2624,8503
2,0289996 B 1206,6917 11148,7705 17156,793 7946,8853 19805,32 2999,278 S 4177,8506 8425,818 9233,22 13797,543 15464,566 2624,8503
2,0289996 B 1206,6917 11148,7705 17156,793 7946,8853 19805,32 2999,278 S 4177,8506 8425,818 9233,22 13797,543 15464,566 2624,8503
2,0289996 B 1206,6917 11148,7705 17156,793 7946,8853 19805,32 2999,278 S 4177,8506 8425,818 9233,22 13797,543 15464,566 2624,8503
2,0290005 B 1206,6917 11148,7705 17156,793 7946,8853 19805,32 2999,278 S 4177,8506 8425,818 9233,22 13797,543 15464,566 2624,8503
2,0289998 B 1206,6917 11148,7705 17156,793 7946,8853 19805,32 2999,278 S 4177,8506 8425,818 9233,22 13797,543 15464,566 2624,8503
2,0290005 B 1206,6917 11148,7705 17156,793 7946,8853 19805,32 2999,278 S 4177,8506 8425,818 9233,22 13797,543 15464,566 2624,8503
2,0290003 B 1206,6917 11148,7705 17156,793 7946,8853 19805,32 2999,278 S 4177,8506 8425,818 9233,22 13797,543 15464,566 2624,8503
2,029 B 1206,6917 11148,7705 17156,793 7946,8853 19805,32 2999,278 S 4177,8506 8425,818 9233,22 13797,543 15464,566 2624,8503
2,0290003 B 1206,6917 11148,7705 17156,793 7946,8853 19805,32 2999,278 S 4177,8506 8425,818 9233,22 13797,543 15464,566 2624,8503
2,0290005 B 1206,6917 11148,7705 17156,793 7946,8853 19805,32 2999,278 S 4177,8506 8425,818 9233,22 13797,543 15464,566 2624,8503
2,029 B 1206,6917 11148,7705 17156,793 7946,8853 19805,32 2999,278 S 4177,8506 8425,818 9233,22 13797,543 15464,566 2624,8503
2,0344598 B 1206,6917 11148,7705 17156,793 7946,8853 19805,32 2999,278 S 4177,8506 8425,818 9233,22 13797,543 15464,566 2624,8503
2,0335798 B 1206,6917 11148,7705 17156,793 7946,8853 19805,32 2999,278 S 4177,8506 8425,818 9233,22 13797,543 15464,566 2624,8503
2,0329998 B 1206,6917 11148,7705 17156,793 7946,8853 19805,32 2999,278 S 4177,8506 8425,818 9233,22 13797,543 15464,566 2624,8503
2,032847 B 1206,6917 11148,7705 17156,793 7946,8853 19805,32 2999,278 S 4177,8506 8425,818 9233,22 13797,543 15464,566 2624,8503
2,0309997 B 1206,6917 11148,7705 17156,793 7946,8853 19805,32 2999,278 S 4177,8506 8425,818 9233,22 13797,543 15464,566 2624,8503
2,0309057 B 1206,6917 11148,7705 17156,793 7946,8853 19805,32 2999,278 S 4177,8506 8425,818 9233,22 13797,543 15464,566 2624,8503
2,0300004 B 1206,6917 11148,7705 17156,793 7946,8853 19805,32 2999,278 S 4177,8506 8425,818 9233,22 13797,543 15464,566 2624,8503
2,0299995 B 1206,6917 11148,7705 17156,793 7946,8853 19805,32 2999,278 S 4177,8506 8425,818 9233,22 13797,543 15464,566 2624,8503
2,03 B 1206,6917 11148,7705 17156,793 7946,8853 19805,32 2999,278 S 4177,8506 8425,818 9233,22 13797,543 15464,566 2624,8503
2,030081 B 1206,6917 11148,7705 17156,793 7946,8853 19805,32 2999,278 S 4177,8506 8425,818 9233,22 13797,543 15464,566 2624,8503
2,0309994 B 1206,6917 11148,7705 17156,793 7946,8853 19805,32 2999,278 S 4177,8506 8425,818 9233,22 13797,543 15464,566 2624,8503
2,0310001 B 1206,6917 11148,7705 17156,793 7946,8853 19805,32 2999,278 S 4177,8506 8425,818 9233,22 13797,543 15464,566 2624,8503
2,030999 B 1206,6917 11148,7705 17156,793 7946,8853 19805,32 2999,278 S 4177,8506 8425,818 9233,22 13797,543 15464,566 2624,8503
2,0309997 B 1206,6917 11148,7705 17156,793 7946,8853 19805,32 2999,278 S 4177,8506 8425,818 9233,22 13797,543 15464,566 2624,8503
2,031 B 1206,6917 11148,7705 17156,793 7946,8853 19805,32 2999,278 S 4177,8506 8425,818 9233,22 13797,543 15464,566 2624,8503
2,0309994 B 1206,6917 11148,7705 17156,793 7946,8853 19805,32 2999,278 S 4177,8506 8425,818 9233,22 13797,543 15464,566 2624,8503
2,0309992 B 1206,6917 11148,7705 17156,793 7946,8853 19805,32 2999,278 S 4177,8506 8425,818 9233,22 13797,543 15464,566 2624,8503
2,031 B 1206,6917 11148,7705 17156,793 7946,8853 19805,32 2999,278 S 4177,8506 8425,818 9233,22 13797,543 15464,566 2624,8503
2,0336487 B 1206,6917 11148,7705 17156,793 7946,8853 19805,32 2999,278 S 4177,8506 8425,818 9233,22 13797,543 15464,566 2624,8503
2,0350006 B 1206,6917 11148,7705 17156,793 7946,8853 19805,32 2999,278 S 4177,8506 8425,818 9233,22 13797,543 15464,566 2624,8503
2,0359704 B 1206,6917 11148,7705 17156,793 7946,8853 19805,32 2999,278 S 4177,8506 8425,818 9233,22 13797,543 15464,566 2624,8503
2,036 B 1206,6917 11148,7705 17156,793 7946,8853 19805,32 2999,278 S 4177,8506 8425,818 9233,22 13797,543 15464,566 2624,8503
2,036 B 1206,6917 11148,7705 17156,793 7946,8853 19805,32 2999,278 S 4177,8506 8425,818 9233,22 13797,543 15464,566 2624,8503
2,0360005 B 1206,6917 11148,7705 17156,793 7946,8853 19805,32 2999,278 S 4177,8506 8425,818 9233,22 13797,543 15464,566 2624,8503
2,0341566 B 1206,6917 11148,7705 17156,793 7946,8853 19805,32 2999,278 S 4177,8506 8425,818 9233,22 13797,543 15464,566 2624,8503
2,034 B 1206,6917 11148,7705 17156,793 7946,8853 19805,32 2999,278 S 4177,8506 8425,818 9233,22 13797,543 15464,566 2624,8503
2,0339997 B 1206,6917 11148,7705 17156,793 7946,8853 19805,32 2999,278 S 4177,8506 8425,818 9233,22 13797,543 15464,566 2624,8503
2,0339997 B 1206,6917 11148,7705 17156,793 7946,8853 19805,32 2999,278 S 4177,8506 8425,818 9233,22 13797,543 15464,566 2624,8503
2,0332642 B 1206,6917 11148,7705 17156,793 7946,8853 19805,32 2999,278 S 4177,8506 8425,818 9233,22 13797,543 15464,566 2624,8503
2,0330005 B 1206,6917 11148,7705 17156,793 7946,8853 19805,32 2999,278 S 4177,8506 8425,818 9233,22 13797,543 15464,566 2624,8503
2,0329995 B 1206,6917 11148,7705 17156,793 7946,8853 19805,32 2999,278 S 4177,8506 8425,818 9233,22 13797,543 15464,566 2624,8503
2,0330002 B 1206,6917 11148,7705 17156,793 7946,8853 19805,32 2999,278 S 4177,8506 8425,818 9233,22 13797,543 15464,566 2624,8503
2,0343378 B 1206,6917 11148,7705 17156,793 7946,8853 19805,32 2999,278 S 4177,8506 8425,818 9233,22 13797,543 15464,566 2624,8503
2,037 B 1206,6917 11148,7705 17156,793 7946,8853 19805,32 2999,278 S 4177,8506 8425,818 9233,22 13797,543 15464,566 2624,8503
2,0371373 B 1206,6917 11148,7705 17156,793 7946,8853 19805,32 2999,278 S 4177,8506 8425,818 9233,22 13797,543 15464,566 2624,8503
2,0379999 B 1206,6917 11148,7705 17156,793 7946,8853 19805,32 2999,278 S 4177,8506 8425,818 9233,22 13797,543 15464,566 2624,8503
2,0385807 B 1206,6917 11148,7705 17156,793 7946,8853 19805,32 2999,278 S 4177,8506 8425,818 9233,22 13797,543 15464,566 2624,8503
2,0389998 B 1206,6917 11148,7705 17156,793 7946,8853 19805,32 2999,278 S 4177,8506 8425,818 9233,22 13797,543 15464,566 2624,8503
2,0390007 B 1206,6917 11148,7705 17156,793 7946,8853 19805,32 2999,278 S 4177,8506 8425,818 9233,22 13797,543 15464,566 2624,8503
2,039 B 1206,6917 11148,7705 17156,793 7946,8853 19805,32 2999,278 S 4177,8506 8425,818 9233,22 13797,543 15464,566 2624,8503
2,0390003 B 1206,6917 11148,7705 17156,793 7946,8853 19805,32 2999,278 S 4177,8506 8425,818 9233,22 13797,543 15464,566 2624,8503
2,039 B 1206,6917 11148,7705 17156,793 7946,8853 19805,32 2999,278 S 4177,8506 8425,818 9233,22 13797,543 15464,566 2624,8503
2,039001 B 1206,6917 11148,7705 17156,793 7946,8853 19805,32 2999,278 S 4177,8506 8425,818 9233,22 13797,543 15464,566 2624,8503
2,0390007 B 1206,6917 11148,7705 17156,793 7946,8853 19805,32 2999,278 S 4177,8506 8425,818 9233,22 13797,543 15464,566 2624,8503
2,0390005 B 1206,6917 11148,7705 17156,793 7946,8853 19805,32 2999,278 S 4177,8506 8425,818 9233,22 13797,543 15464,566 2624,8503
2,0381246 B 1206,6917 11148,7705 17156,793 7946,8853 19805,32 2999,278 S 4177,8506 8425,818 9233,22 13797,543 15464,566 2624,8503
2,0380006 B 1206,6917 11148,7705 17156,793 7946,8853 19805,32 2999,278 S 4177,8506 8425,818 9233,22 13797,543 15464,566 2624,8503
2,0380006 B 1206,6917 11148,7705 17156,793 7946,8853 19805,32 2999,278 S 4177,8506 8425,818 9233,22 13797,543 15464,566 2624,8503
2,0381248 B 1206,6917 11148,7705 17156,793 7946,8853 19805,32 2999,278 S 4177,8506 8425,818 9233,22 13797,543 15464,566 2624,8503
2,039 B 1206,6917 11148,7705 17156,793 7946,8853 19805,32 2999,278 S 4177,8506 8425,818 9233,22 13797,543 15464,566 2624,8503
2,0390003 B 1206,6917 11148,7705 17156,793 7946,8853 19805,32 2999,278 S 4177,8506 8425,818 9233,22 13797,543 15464,566 2624,8503
2,0390003 B 1206,6917 11148,7705 17156,793 7946,8853 19805,32 2999,278 S 4177,8506 8425,818 9233,22 13797,543 15464,566 2624,8503
2,0390003 B 1206,6917 11148,7705 17156,793 7946,8853 19805,32 2999,278 S 4177,8506 8425,818 9233,22 13797,543 15464,566 2624,8503
2,0390005 B 1206,6917 11148,7705 17156,793 7946,8853 19805,32 2999,278 S 4177,8506 8425,818 9233,22 13797,543 15464,566 2624,8503
2,0370338 B 1206,6917 11148,7705 17156,793 7946,8853 19805,32 2999,278 S 4177,8506 8425,818 9233,22 13797,543 15464,566 2624,8503
2,037 B 1206,6917 11148,7705 17156,793 7946,8853 19805,32 2999,278 S 4177,8506 8425,818 9233,22 13797,543 15464,566 2624,8503
2,0370004 B 1206,6917 11148,7705 17156,793 7946,8853 19805,32 2999,278 S 4177,8506 8425,818 9233,22 13797,543 15464,566 2624,8503
2,0370002 B 1206,6917 11148,7705 17156,793 7946,8853 19805,32 2999,278 S 4177,8506 8425,818 9233,22 13797,543 15464,566 2624,8503
2,0370004 B 1206,6917 11148,7705 17156,793 7946,8853 19805,32 2999,278 S 4177,8506 8425,818 9233,22 13797,543 15464,566 2624,8503
2,0370004 B 1206,6917 11148,7705 17156,793 7946,8853 19805,32 2999,278 S 4177,8506 8425,818 9233,22 13797,543 15464,566 2624,8503
2,0370002 B 1206,6917 11148,7705 17156,793 7946,8853 19805,32 2999,278 S 4177,8506 8425,818 9233,22 13797,543 15464,566 2624,8503
2,037 B 1206,6917 11148,7705 17156,793 7946,8853 19805,32 2999,278 S 4177,8506 8425,818 9233,22 13797,543 15464,566 2624,8503
2,0370007 B 1206,6917 11148,7705 17156,793 7946,8853 19805,32 2999,278 S 4177,8506 8425,818 9233,22 13797,543 15464,566 2624,8503
2,037001 B 1206,6917 11148,7705 17156,793 7946,8853 19805,32 2999,278 S 4177,8506 8425,818 9233,22 13797,543 15464,566 2624,8503
2,0370007 B 1206,6917 11148,7705 17156,793 7946,8853 19805,32 2999,278 S 4177,8506 8425,818 9233,22 13797,543 15464,566 2624,8503
2,037 B 1206,6917 11148,7705 17156,793 7946,8853 19805,32 2999,278 S 4177,8506 8425,818 9233,22 13797,543 15464,566 2624,8503
2,037 B 1206,6917 11148,7705 17156,793 7946,8853 19805,32 2999,278 S 4177,8506 8425,818 9233,22 13797,543 15464,566 2624,8503
2,0370002 B 1206,6917 11148,7705 17156,793 7946,8853 19805,32 2999,278 S 4177,8506 8425,818 9233,22 13797,543 15464,566 2624,8503
2,0370002 B 1206,6917 11148,7705 17156,793 7946,8853 19805,32 2999,278 S 4177,8506 8425,818 9233,22 13797,543 15464,566 2624,8503
2,0370004 B 1206,6917 11148,7705 17156,793 7946,8853 19805,32 2999,278 S 4177,8506 8425,818 9233,22 13797,543 15464,566 2624,8503
2,0378087 B 1206,6917 11148,7705 17156,793 7946,8853 19805,32 2999,278 S 4177,8506 8425,818 9233,22 13797,543 15464,566 2624,8503
2,0387619 B 1206,6917 11148,7705 17156,793 7946,8853 19805,32 2999,278 S 4177,8506 8425,818 9233,22 13797,543 15464,566 2624,8503
2,0390005 B 1206,6917 11148,7705 17156,793 7946,8853 19805,32 2999,278 S 4177,8506 8425,818 9233,22 13797,543 15464,566 2624,8503
2,039001 B 1206,6917 11148,7705 17156,793 7946,8853 19805,32 2999,278 S 4177,8506 8425,818 9233,22 13797,543 15464,566 2624,8503
2,0390005 B 1206,6917 11148,7705 17156,793 7946,8853 19805,32 2999,278 S 4177,8506 8425,818 9233,22 13797,543 15464,566 2624,8503
2,0397458 B 1206,6917 11148,7705 17156,793 7946,8853 19805,32 2999,278 S 4177,8506 8425,818 9233,22 13797,543 15464,566 2624,8503
2,0399997 B 1206,6917 11148,7705 17156,793 7946,8853 19805,32 2999,278 S 4177,8506 8425,818 9233,22 13797,543 15464,566 2624,8503
2,0399997 B 1206,6917 11148,7705 17156,793 7946,8853 19805,32 2999,278 S 4177,8506 8425,818 9233,22 13797,543 15464,566 2624,8503
2,0400004 B 1206,6917 11148,7705 17156,793 7946,8853 19805,32 2999,278 S 4177,8506 8425,818 9233,22 13797,543 15464,566 2624,8503
2,0394337 B 1206,6917 11148,7705 17156,793 7946,8853 19805,32 2999,278 S 4177,8506 8425,818 9233,22 13797,543 15464,566 2624,8503
2,0390003 B 1206,6917 11148,7705 17156,793 7946,8853 19805,32 2999,278 S 4177,8506 8425,818 9233,22 13797,543 15464,566 2624,8503
2,0390005 B 1206,6917 11148,7705 17156,793 7946,8853 19805,32 2999,278 S 4177,8506 8425,818 9233,22 13797,543 15464,566 2624,8503
2,039773 B 1206,6917 11148,7705 17156,793 7946,8853 19805,32 2999,278 S 4177,8506 8425,818 9233,22 13797,543 15464,566 2624,8503
2,0399997 B 1206,6917 11148,7705 17156,793 7946,8853 19805,32 2999,278 S 4177,8506 8425,818 9233,22 13797,543 15464,566 2624,8503
2,0399995 B 1206,6917 11148,7705 17156,793 7946,8853 19805,32 2999,278 S 4177,8506 8425,818 9233,22 13797,543 15464,566 2624,8503
2,0399995 B 1206,6917 11148,7705 17156,793 7946,8853 19805,32 2999,278 S 4177,8506 8425,818 9233,22 13797,543 15464,566 2624,8503
2,0400007 B 1206,6917 11148,7705 17156,793 7946,8853 19805,32 2999,278 S 4177,8506 8425,818 9233,22 13797,543 15464,566 2624,8503
2,0400004 B 1206,6917 11148,7705 17156,793 7946,8853 19805,32 2999,278 S 4177,8506 8425,818 9233,22 13797,543 15464,566 2624,8503
2,04 B 1206,6917 11148,7705 17156,793 7946,8853 19805,32 2999,278 S 4177,8506 8425,818 9233,22 13797,543 15464,566 2624,8503
2,0399995 B 1206,6917 11148,7705 17156,793 7946,8853 19805,32 2999,278 S 4177,8506 8425,818 9233,22 13797,543 15464,566 2624,8503
2,0418494 B 1206,6917 11148,7705 17156,793 7946,8853 19805,32 2999,278 S 4177,8506 8425,818 9233,22 13797,543 15464,566 2624,8503
2,0419998 B 1206,6917 11148,7705 17156,793 7946,8853 19805,32 2999,278 S 4177,8506 8425,818 9233,22 13797,543 15464,566 2624,8503
2,0420008 B 1206,6917 11148,7705 17156,793 7946,8853 19805,32 2999,278 S 4177,8506 8425,818 9233,22 13797,543 15464,566 2624,8503
2,0420003 B 1206,6917 11148,7705 17156,793 7946,8853 19805,32 2999,278 S 4177,8506 8425,818 9233,22 13797,543 15464,566 2624,8503
2,0420003 B 1206,6917 11148,7705 17156,793 7946,8853 19805,32 2999,278 S 4177,8506 8425,818 9233,22 13797,543 15464,566 2624,8503
2,042 B 1206,6917 11148,7705 17156,793 7946,8853 19805,32 2999,278 S 4177,8506 8425,818 9233,22 13797,543 15464,566 2624,8503
2,042 B 1206,6917 11148,7705 17156,793 7946,8853 19805,32 2999,278 S 4177,8506 8425,818 9233,22 13797,543 15464,566 2624,8503
2,0428455 B 1206,6917 11148,7705 17156,793 7946,8853 19805,32 2999,278 S 4177,8506 8425,818 9233,22 13797,543 15464,566 2624,8503
2,0435395 B 1206,6917 11148,7705 17156,793 7946,8853 19805,32 2999,278 S 4177,8506 8425,818 9233,22 13797,543 15464,566 2624,8503
2,0439687 B 1206,6917 11148,7705 17156,793 7946,8853 19805,32 2999,278 S 4177,8506 8425,818 9233,22 13797,543 15464,566 2624,8503
2,0430007 B 1206,6917 11148,7705 17156,793 7946,8853 19805,32 2999,278 S 4177,8506 8425,818 9233,22 13797,543 15464,566 2624,8503
2,0429995 B 1206,6917 11148,7705 17156,793 7946,8853 19805,32 2999,278 S 4177,8506 8425,818 9233,22 13797,543 15464,566 2624,8503
2,0430002 B 1206,6917 11148,7705 17156,793 7946,8853 19805,32 2999,278 S 4177,8506 8425,818 9233,22 13797,543 15464,566 2624,8503
2,043 B 1206,6917 11148,7705 17156,793 7946,8853 19805,32 2999,278 S 4177,8506 8425,818 9233,22 13797,543 15464,566 2624,8503
2,043 B 1206,6917 11148,7705 17156,793 7946,8853 19805,32 2999,278 S 4177,8506 8425,818 9233,22 13797,543 15464,566 2624,8503
2,0430002 B 1206,6917 11148,7705 17156,793 7946,8853 19805,32 2999,278 S 4177,8506 8425,818 9233,22 13797,543 15464,566 2624,8503
2,043 B 1206,6917 11148,7705 17156,793 7946,8853 19805,32 2999,278 S 4177,8506 8425,818 9233,22 13797,543 15464,566 2624,8503
2,042088 B 1206,6917 11148,7705 17156,793 7946,8853 19805,32 2999,278 S 4177,8506 8425,818 9233,22 13797,543 15464,566 2624,8503
2,0420005 B 1206,6917 11148,7705 17156,793 7946,8853 19805,32 2999,278 S 4177,8506 8425,818 9233,22 13797,543 15464,566 2624,8503
2,0411036 B 1206,6917 11148,7705 17156,793 7946,8853 19805,32 2999,278 S 4177,8506 8425,818 9233,22 13797,543 15464,566 2624,8503
2,0399992 B 1206,6917 11148,7705 17156,793 7946,8853 19805,32 2999,278 S 4177,8506 8425,818 9233,22 13797,543 15464,566 2624,8503
2,0397007 B 1206,6917 11148,7705 17156,793 7946,8853 19805,32 2999,278 S 4177,8506 8425,818 9233,22 13797,543 15464,566 2624,8503
2,0380003 B 1206,6917 11148,7705 17156,793 7946,8853 19805,32 2999,278 S 4177,8506 8425,818 9233,22 13797,543 15464,566 2624,8503
2,0377502 B 1206,6917 11148,7705 17156,793 7946,8853 19805,32 2999,278 S 4177,8506 8425,818 9233,22 13797,543 15464,566 2624,8503
2,0370004 B 1206,6917 11148,7705 17156,793 7946,8853 19805,32 2999,278 S 4177,8506 8425,818 9233,22 13797,543 15464,566 2624,8503
2,0369997 B 1206,6917 11148,7705 17156,793 7946,8853 19805,32 2999,278 S 4177,8506 8425,818 9233,22 13797,543 15464,566 2624,8503
2,037 B 1206,6917 11148,7705 17156,793 7946,8853 19805,32 2999,278 S 4177,8506 8425,818 9233,22 13797,543 15464,566 2624,8503
2,0370002 B 1206,6917 11148,7705 17156,793 7946,8853 19805,32 2999,278 S 4177,8506 8425,818 9233,22 13797,543 15464,566 2624,8503
2,037001 B 1206,6917 11148,7705 17156,793 7946,8853 19805,32 2999,278 S 4177,8506 8425,818 9233,22 13797,543 15464,566 2624,8503
2,0370004 B 1206,6917 11148,7705 17156,793 7946,8853 19805,32 2999,278 S 4177,8506 8425,818 9233,22 13797,543 15464,566 2624,8503
2,0370002 B 1206,6917 11148,7705 17156,793 7946,8853 19805,32 2999,278 S 4177,8506 8425,818 9233,22 13797,543 15464,566 2624,8503
2,0370007 B 1206,6917 11148,7705 17156,793 7946,8853 19805,32 2999,278 S 4177,8506 8425,818 9233,22 13797,543 15464,566 2624,8503
2,0370004 B 1206,6917 11148,7705 17156,793 7946,8853 19805,32 2999,278 S 4177,8506 8425,818 9233,22 13797,543 15464,566 2624,8503
2,0370007 B 1206,6917 11148,7705 17156,793 7946,8853 19805,32 2999,278 S 4177,8506 8425,818 9233,22 13797,543 15464,566 2624,8503
2,0370004 B 1206,6917 11148,7705 17156,793 7946,8853 19805,32 2999,278 S 4177,8506 8425,818 9233,22 13797,543 15464,566 2624,8503
2,0370007 B 1206,6917 11148,7705 17156,793 7946,8853 19805,32 2999,278 S 4177,8506 8425,818 9233,22 13797,543 15464,566 2624,8503
2,0370002 B 1206,6917 11148,7705 17156,793 7946,8853 19805,32 2999,278 S 4177,8506 8425,818 9233,22 13797,543 15464,566 2624,8503
2,0370004 B 1206,6917 11148,7705 17156,793 7946,8853 19805,32 2999,278 S 4177,8506 8425,818 9233,22 13797,543 15464,566 2624,8503
2,0370002 B 1206,6917 11148,7705 17156,793 7946,8853 19805,32 2999,278 S 4177,8506 8425,818 9233,22 13797,543 15464,566 2624,8503
2,037001 B 1206,6917 11148,7705 17156,793 7946,8853 19805,32 2999,278 S 4177,8506 8425,818 9233,22 13797,543 15464,566 2624,8503
2,0369997 B 1206,6917 11148,7705 17156,793 7946,8853 19805,32 2999,278 S 4177,8506 8425,818 9233,22 13797,543 15464,566 2624,8503
2,038155 B 1206,6917 11148,7705 17156,793 7946,8853 19805,32 2999,278 S 4177,8506 8425,818 9233,22 13797,543 15464,566 2624,8503
2,04 B 1206,6917 11148,7705 17156,793 7946,8853 19805,32 2999,278 S 4177,8506 8425,818 9233,22 13797,543 15464,566 2624,8503
2,04 B 1206,6917 11148,7705 17156,793 7946,8853 19805,32 2999,278 S 4177,8506 8425,818 9233,22 13797,543 15464,566 2624,8503
2,04 B 1206,6917 11148,7705 17156,793 7946,8853 19805,32 2999,278 S 4177,8506 8425,818 9233,22 13797,543 15464,566 2624,8503
2,0400002 B 1206,6917 11148,7705 17156,793 7946,8853 19805,32 2999,278 S 4177,8506 8425,818 9233,22 13797,543 15464,566 2624,8503
2,0399997 B 1206,6917 11148,7705 17156,793 7946,8853 19805,32 2999,278 S 4177,8506 8425,818 9233,22 13797,543 15464,566 2624,8503
2,0399997 B 1206,6917 11148,7705 17156,793 7946,8853 19805,32 2999,278 S 4177,8506 8425,818 9233,22 13797,543 15464,566 2624,8503
2,0400002 B 1206,6917 11148,7705 17156,793 7946,8853 19805,32 2999,278 S 4177,8506 8425,818 9233,22 13797,543 15464,566 2624,8503
2,0427177 B 1206,6917 11148,7705 17156,793 7946,8853 19805,32 2999,278 S 4177,8506 8425,818 9233,22 13797,543 15464,566 2624,8503
2,044 B 1206,6917 11148,7705 17156,793 7946,8853 19805,32 2999,278 S 4177,8506 8425,818 9233,22 13797,543 15464,566 2624,8503
2,044 B 1206,6917 11148,7705 17156,793 7946,8853 19805,32 2999,278 S 4177,8506 8425,818 9233,22 13797,543 15464,566 2624,8503
2,044 B 1206,6917 11148,7705 17156,793 7946,8853 19805,32 2999,278 S 4177,8506 8425,818 9233,22 13797,543 15464,566 2624,8503
2,0439994 B 1206,6917 11148,7705 17156,793 7946,8853 19805,32 2999,278 S 4177,8506 8425,818 9233,22 13797,543 15464,566 2624,8503
2,0434234 B 1206,6917 11148,7705 17156,793 7946,8853 19805,32 2999,278 S 4177,8506 8425,818 9233,22 13797,543 15464,566 2624,8503
2,0439997 B 1206,6917 11148,7705 17156,793 7946,8853 19805,32 2999,278 S 4177,8506 8425,818 9233,22 13797,543 15464,566 2624,8503
2,044 B 1206,6917 11148,7705 17156,793 7946,8853 19805,32 2999,278 S 4177,8506 8425,818 9233,22 13797,543 15464,566 2624,8503
2,0444558 B 1206,6917 11148,7705 17156,793 7946,8853 19805,32 2999,278 S 4177,8506 8425,818 9233,22 13797,543 15464,566 2624,8503
2,0449998 B 1206,6917 11148,7705 17156,793 7946,8853 19805,32 2999,278 S 4177,8506 8425,818 9233,22 13797,543 15464,566 2624,8503
2,0450003 B 1206,6917 11148,7705 17156,793 7946,8853 19805,32 2999,278 S 4177,8506 8425,818 9233,22 13797,543 15464,566 2624,8503
2,0450003 B 1206,6917 11148,7705 17156,793 7946,8853 19805,32 2999,278 S 4177,8506 8425,818 9233,22 13797,543 15464,566 2624,8503
2,0449998 B 1206,6917 11148,7705 17156,793 7946,8853 19805,32 2999,278 S 4177,8506 8425,818 9233,22 13797,543 15464,566 2624,8503
2,045 B 1206,6917 11148,7705 17156,793 7946,8853 19805,32 2999,278 S 4177,8506 8425,818 9233,22 13797,543 15464,566 2624,8503
2,0447018 B 1206,6917 11148,7705 17156,793 7946,8853 19805,32 2999,278 S 4177,8506 8425,818 9233,22 13797,543 15464,566 2624,8503
2,0439997 B 1206,6917 11148,7705 17156,793 7946,8853 19805,32 2999,278 S 4177,8506 8425,818 9233,22 13797,543 15464,566 2624,8503
2,0439994 B 1206,6917 11148,7705 17156,793 7946,8853 19805,32 2999,278 S 4177,8506 8425,818 9233,22 13797,543 15464,566 2624,8503
2,044 B 1206,6917 11148,7705 17156,793 7946,8853 19805,32 2999,278 S 4177,8506 8425,818 9233,22 13797,543 15464,566 2624,8503
2,0439997 B 1206,6917 11148,7705 17156,793 7946,8853 19805,32 2999,278 S 4177,8506 8425,818 9233,22 13797,543 15464,566 2624,8503
2,0440001 B 1206,6917 11148,7705 17156,793 7946,8853 19805,32 2999,278 S 4177,8506 8425,818 9233,22 13797,543 15464,566 2624,8503
2,0439997 B 1206,6917 11148,7705 17156,793 7946,8853 19805,32 2999,278 S 4177,8506 8425,818 9233,22 13797,543 15464,566 2624,8503
2,0437095 B 1206,6917 11148,7705 17156,793 7946,8853 19805,32 2999,278 S 4177,8506 8425,818 9233,22 13797,543 15464,566 2624,8503
2,0419996 B 1206,6917 11148,7705 17156,793 7946,8853 19805,32 2999,278 S 4177,8506 8425,818 9233,22 13797,543 15464,566 2624,8503
2,042 B 1206,6917 11148,7705 17156,793 7946,8853 19805,32 2999,278 S 4177,8506 8425,818 9233,22 13797,543 15464,566 2624,8503
2,0419996 B 1206,6917 11148,7705 17156,793 7946,8853 19805,32 2999,278 S 4177,8506 8425,818 9233,22 13797,543 15464,566 2624,8503
2,0419998 B 1206,6917 11148,7705 17156,793 7946,8853 19805,32 2999,278 S 4177,8506 8425,818 9233,22 13797,543 15464,566 2624,8503
2,0431187 B 1206,6917 11148,7705 17156,793 7946,8853 19805,32 2999,278 S 4177,8506 8425,818 9233,22 13797,543 15464,566 2624,8503
2,043 B 1206,6917 11148,7705 17156,793 7946,8853 19805,32 2999,278 S 4177,8506 8425,818 9233,22 13797,543 15464,566 2624,8503
2,0427306 B 1206,6917 11148,7705 17156,793 7946,8853 19805,32 2999,278 S 4177,8506 8425,818 9233,22 13797,543 15464,566 2624,8503
2,0409992 B 1206,6917 11148,7705 17156,793 7946,8853 19805,32 2999,278 S 4177,8506 8425,818 9233,22 13797,543 15464,566 2624,8503
2,0405183 B 1206,6917 11148,7705 17156,793 7946,8853 19805,32 2999,278 S 4177,8506 8425,818 9233,22 13797,543 15464,566 2624,8503
2,0400002 B 1206,6917 11148,7705 17156,793 7946,8853 19805,32 2999,278 S 4177,8506 8425,818 9233,22 13797,543 15464,566 2624,8503
2,04 B 1206,6917 11148,7705 17156,793 7946,8853 19805,32 2999,278 S 4177,8506 8425,818 9233,22 13797,543 15464,566 2624,8503
2,0398955 B 1206,6917 11148,7705 17156,793 7946,8853 19805,32 2999,278 S 4177,8506 8425,818 9233,22 13797,543 15464,566 2624,8503
2,0382397 B 1206,6917 11148,7705 17156,793 7946,8853 19805,32 2999,278 S 4177,8506 8425,818 9233,22 13797,543 15464,566 2624,8503
2,0370004 B 1206,6917 11148,7705 17156,793 7946,8853 19805,32 2999,278 S 4177,8506 8425,818 9233,22 13797,543 15464,566 2624,8503
2,0369995 B 1206,6917 11148,7705 17156,793 7946,8853 19805,32 2999,278 S 4177,8506 8425,818 9233,22 13797,543 15464,566 2624,8503
2,0370002 B 1206,6917 11148,7705 17156,793 7946,8853 19805,32 2999,278 S 4177,8506 8425,818 9233,22 13797,543 15464,566 2624,8503
2,0378973 B 1206,6917 11148,7705 17156,793 7946,8853 19805,32 2999,278 S 4177,8506 8425,818 9233,22 13797,543 15464,566 2624,8503
2,0380003 B 1206,6917 11148,7705 17156,793 7946,8853 19805,32 2999,278 S 4177,8506 8425,818 9233,22 13797,543 15464,566 2624,8503
2,0379996 B 1206,6917 11148,7705 17156,793 7946,8853 19805,32 2999,278 S 4177,8506 8425,818 9233,22 13797,543 15464,566 2624,8503
2,0380006 B 1206,6917 11148,7705 17156,793 7946,8853 19805,32 2999,278 S 4177,8506 8425,818 9233,22 13797,543 15464,566 2624,8503
2,0380003 B 1206,6917 11148,7705 17156,793 7946,8853 19805,32 2999,278 S 4177,8506 8425,818 9233,22 13797,543 15464,566 2624,8503
2,0380008 B 1206,6917 11148,7705 17156,793 7946,8853 19805,32 2999,278 S 4177,8506 8425,818 9233,22 13797,543 15464,566 2624,8503
2,0375679 B 1206,6917 11148,7705 17156,793 7946,8853 19805,32 2999,278 S 4177,8506 8425,818 9233,22 13797,543 15464,566 2624,8503
2,0360003 B 1206,6917 11148,7705 17156,793 7946,8853 19805,32 2999,278 S 4177,8506 8425,818 9233,22 13797,543 15464,566 2624,8503
2,0360003 B 1206,6917 11148,7705 17156,793 7946,8853 19805,32 2999,278 S 4177,8506 8425,818 9233,22 13797,543 15464,566 2624,8503
2,036 B 1206,6917 11148,7705 17156,793 7946,8853 19805,32 2999,278 S 4177,8506 8425,818 9233,22 13797,543 15464,566 2624,8503
2,0359995 B 1206,6917 11148,7705 17156,793 7946,8853 19805,32 2999,278 S 4177,8506 8425,818 9233,22 13797,543 15464,566 2624,8503
2,0360003 B 1206,6917 11148,7705 17156,793 7946,8853 19805,32 2999,278 S 4177,8506 8425,818 9233,22 13797,543 15464,566 2624,8503
2,036 B 1206,6917 11148,7705 17156,793 7946,8853 19805,32 2999,278 S 4177,8506 8425,818 9233,22 13797,543 15464,566 2624,8503
2,0359995 B 1206,6917 11148,7705 17156,793 7946,8853 19805,32 2999,278 S 4177,8506 8425,818 9233,22 13797,543 15464,566 2624,8503
2,036 B 1206,6917 11148,7705 17156,793 7946,8853 19805,32 2999,278 S 4177,8506 8425,818 9233,22 13797,543 15464,566 2624,8503
2,036 B 1206,6917 11148,7705 17156,793 7946,8853 19805,32 2999,278 S 4177,8506 8425,818 9233,22 13797,543 15464,566 2624,8503
2,036 B 1206,6917 11148,7705 17156,793 7946,8853 19805,32 2999,278 S 4177,8506 8425,818 9233,22 13797,543 15464,566 2624,8503
2,036 B 1206,6917 11148,7705 17156,793 7946,8853 19805,32 2999,278 S 4177,8506 8425,818 9233,22 13797,543 15464,566 2624,8503
2,0360003 B 1206,6917 11148,7705 17156,793 7946,8853 19805,32 2999,278 S 4177,8506 8425,818 9233,22 13797,543 15464,566 2624,8503
2,0356019 B 1206,6917 11148,7705 17156,793 7946,8853 19805,32 2999,278 S 4177,8506 8425,818 9233,22 13797,543 15464,566 2624,8503
2,0350003 B 1206,6917 11148,7705 17156,793 7946,8853 19805,32 2999,278 S 4177,8506 8425,818 9233,22 13797,543 15464,566 2624,8503
2,0350006 B 1206,6917 11148,7705 17156,793 7946,8853 19805,32 2999,278 S 4177,8506 8425,818 9233,22 13797,543 15464,566 2624,8503
2,0350003 B 1206,6917 11148,7705 17156,793 7946,8853 19805,32 2999,278 S 4177,8506 8425,818 9233,22 13797,543 15464,566 2624,8503
2,035 B 1206,6917 11148,7705 17156,793 7946,8853 19805,32 2999,278 S 4177,8506 8425,818 9233,22 13797,543 15464,566 2624,8503
2,035 B 1206,6917 11148,7705 17156,793 7946,8853 19805,32 2999,278 S 4177,8506 8425,818 9233,22 13797,543 15464,566 2624,8503
2,035 B 1206,6917 11148,7705 17156,793 7946,8853 19805,32 2999,278 S 4177,8506 8425,818 9233,22 13797,543 15464,566 2624,8503
2,0349998 B 1206,6917 11148,7705 17156,793 7946,8853 19805,32 2999,278 S 4177,8506 8425,818 9233,22 13797,543 15464,566 2624,8503
2,0345216 B 1206,6917 11148,7705 17156,793 7946,8853 19805,32 2999,278 S 4177,8506 8425,818 9233,22 13797,543 15464,566 2624,8503
2,034 B 1206,6917 11148,7705 17156,793 7946,8853 19805,32 2999,278 S 4177,8506 8425,818 9233,22 13797,543 15464,566 2624,8503
2,0339994 B 1206,6917 11148,7705 17156,793 7946,8853 19805,32 2999,278 S 4177,8506 8425,818 9233,22 13797,543 15464,566 2624,8503
2,0340002 B 1206,6917 11148,7705 17156,793 7946,8853 19805,32 2999,278 S 4177,8506 8425,818 9233,22 13797,543 15464,566 2624,8503
2,0340502 B 1206,6917 11148,7705 17156,793 7946,8853 19805,32 2999,278 S 4177,8506 8425,818 9233,22 13797,543 15464,566 2624,8503
2,036 B 1206,6917 11148,7705 17156,793 7946,8853 19805,32 2999,278 S 4177,8506 8425,818 9233,22 13797,543 15464,566 2624,8503
2,0359995 B 1206,6917 11148,7705 17156,793 7946,8853 19805,32 2999,278 S 4177,8506 8425,818 9233,22 13797,543 15464,566 2624,8503
2,0360003 B 1206,6917 11148,7705 17156,793 7946,8853 19805,32 2999,278 S 4177,8506 8425,818 9233,22 13797,543 15464,566 2624,8503
2,0353227 B 1206,6917 11148,7705 17156,793 7946,8853 19805,32 2999,278 S 4177,8506 8425,818 9233,22 13797,543 15464,566 2624,8503
2,0340006 B 1206,6917 11148,7705 17156,793 7946,8853 19805,32 2999,278 S 4177,8506 8425,818 9233,22 13797,543 15464,566 2624,8503
2,0339992 B 1206,6917 11148,7705 17156,793 7946,8853 19805,32 2999,278 S 4177,8506 8425,818 9233,22 13797,543 15464,566 2624,8503
2,034 B 1206,6917 11148,7705 17156,793 7946,8853 19805,32 2999,278 S 4177,8506 8425,818 9233,22 13797,543 15464,566 2624,8503
2,034 B 1206,6917 11148,7705 17156,793 7946,8853 19805,32 2999,278 S 4177,8506 8425,818 9233,22 13797,543 15464,566 2624,8503
2,0340006 B 1206,6917 11148,7705 17156,793 7946,8853 19805,32 2999,278 S 4177,8506 8425,818 9233,22 13797,543 15464,566 2624,8503
2,0339997 B 1206,6917 11148,7705 17156,793 7946,8853 19805,32 2999,278 S 4177,8506 8425,818 9233,22 13797,543 15464,566 2624,8503
2,034 B 1206,6917 11148,7705 17156,793 7946,8853 19805,32 2999,278 S 4177,8506 8425,818 9233,22 13797,543 15464,566 2624,8503
2,0340002 B 1206,6917 11148,7705 17156,793 7946,8853 19805,32 2999,278 S 4177,8506 8425,818 9233,22 13797,543 15464,566 2624,8503
2,0339997 B 1206,6917 11148,7705 17156,793 7946,8853 19805,32 2999,278 S 4177,8506 8425,818 9233,22 13797,543 15464,566 2624,8503
2,034 B 1206,6917 11148,7705 17156,793 7946,8853 19805,32 2999,278 S 4177,8506 8425,818 9233,22 13797,543 15464,566 2624,8503
2,0340004 B 1206,6917 11148,7705 17156,793 7946,8853 19805,32 2999,278 S 4177,8506 8425,818 9233,22 13797,543 15464,566 2624,8503
2,0339997 B 1206,6917 11148,7705 17156,793 7946,8853 19805,32 2999,278 S 4177,8506 8425,818 9233,22 13797,543 15464,566 2624,8503
