1,9935207
1,9939997 B 1427,8746 8215,207 9366,799 8153,3813 10471,375 4818,107 S 3619,763 9069,129 6828,032 6796,182 9457,553 4772,4326
1,9939997 B 1427,8746 8215,207 9366,799 8153,3813 10471,375 4818,107 S 3619,763 9069,129 6828,032 6796,182 9457,553 4772,4326
1,9939997 B 1427,8746 8215,207 9366,799 8153,3813 10471,375 4818,107 S 3619,763 9069,129 6828,032 6796,182 9457,553 4772,4326
1,9939994 B 1427,8746 8215,207 9366,799 8153,3813 10471,375 4818,107 S 3619,763 9069,129 6828,032 6796,182 9457,553 4772,4326
1,9939998 B 1427,8746 8215,207 9366,799 8153,3813 10471,375 4818,107 S 3619,763 9069,129 6828,032 6796,182 9457,553 4772,4326
1,9939998 B 1427,8746 8215,207 9366,799 8153,3813 10471,375 4818,107 S 3619,763 9069,129 6828,032 6796,182 9457,553 4772,4326
1,9939996 B 1427,8746 8215,207 9366,799 8153,3813 10471,375 4818,107 S 3619,763 9069,129 6828,032 6796,182 9457,553 4772,4326
1,9939997 B 1427,8746 8215,207 9366,799 8153,3813 10471,375 4818,107 S 3619,763 9069,129 6828,032 6796,182 9457,553 4772,4326
1,9944851 B 1427,8746 8215,207 9366,799 8153,3813 10471,375 4818,107 S 3619,763 9069,129 6828,032 6796,182 9457,553 4772,4326
1,9960003 B 1427,8746 8215,207 9366,799 8153,3813 10471,375 4818,107 S 3619,763 9069,129 6828,032 6796,182 9457,553 4772,4326
1,9960003 B 1427,8746 8215,207 9366,799 8153,3813 10471,375 4818,107 S 3619,763 9069,129 6828,032 6796,182 9457,553 4772,4326
1,9959998 B 1427,8746 8215,207 9366,799 8153,3813 10471,375 4818,107 S 3619,763 9069,129 6828,032 6796,182 9457,553 4772,4326
1,9960006 B 1427,8746 8215,207 9366,799 8153,3813 10471,375 4818,107 S 3619,763 9069,129 6828,032 6796,182 9457,553 4772,4326
1,9959999 B 1427,8746 8215,207 9366,799 8153,3813 10471,375 4818,107 S 3619,763 9069,129 6828,032 6796,182 9457,553 4772,4326
1,9960006 B 1427,8746 8215,207 9366,799 8153,3813 10471,375 4818,107 S 3619,763 9069,129 6828,032 6796,182 9457,553 4772,4326
1,9959999 B 1427,8746 8215,207 9366,799 8153,3813 10471,375 4818,107 S 3619,763 9069,129 6828,032 6796,182 9457,553 4772,4326
1,9959999 B 1427,8746 8215,207 9366,799 8153,3813 10471,375 4818,107 S 3619,763 9069,129 6828,032 6796,182 9457,553 4772,4326
1,9960003 B 1427,8746 8215,207 9366,799 8153,3813 10471,375 4818,107 S 3619,763 9069,129 6828,032 6796,182 9457,553 4772,4326
1,9955537 B 1427,8746 8215,207 9366,799 8153,3813 10471,375 4818,107 S 3619,763 9069,129 6828,032 6796,182 9457,553 4772,4326
1,9929999 B 1427,8746 8215,207 9366,799 8153,3813 10471,375 4818,107 S 3619,763 9069,129 6828,032 6796,182 9457,553 4772,4326
1,9926449 B 1427,8746 8215,207 9366,799 8153,3813 10471,375 4818,107 S 3619,763 9069,129 6828,032 6796,182 9457,553 4772,4326
1,9919995 B 1427,8746 8215,207 9366,799 8153,3813 10471,375 4818,107 S 3619,763 9069,129 6828,032 6796,182 9457,553 4772,4326
1,9919999 B 1427,8746 8215,207 9366,799 8153,3813 10471,375 4818,107 S 3619,763 9069,129 6828,032 6796,182 9457,553 4772,4326
1,9919997 B 1427,8746 8215,207 9366,799 8153,3813 10471,375 4818,107 S 3619,763 9069,129 6828,032 6796,182 9457,553 4772,4326
1,9920001 B 1427,8746 8215,207 9366,799 8153,3813 10471,375 4818,107 S 3619,763 9069,129 6828,032 6796,182 9457,553 4772,4326
1,9911195 B 1427,8746 8215,207 9366,799 8153,3813 10471,375 4818,107 S 3619,763 9069,129 6828,032 6796,182 9457,553 4772,4326
1,9909996 B 1427,8746 8215,207 9366,799 8153,3813 10471,375 4818,107 S 3619,763 9069,129 6828,032 6796,182 9457,553 4772,4326
1,9909997 B 1427,8746 8215,207 9366,799 8153,3813 10471,375 4818,107 S 3619,763 9069,129 6828,032 6796,182 9457,553 4772,4326
1,9916664 B 1427,8746 8215,207 9366,799 8153,3813 10471,375 4818,107 S 3619,763 9069,129 6828,032 6796,182 9457,553 4772,4326
1,9920003 B 1427,8746 8215,207 9366,799 8153,3813 10471,375 4818,107 S 3619,763 9069,129 6828,032 6796,182 9457,553 4772,4326
1,9919997 B 1427,8746 8215,207 9366,799 8153,3813 10471,375 4818,107 S 3619,763 9069,129 6828,032 6796,182 9457,553 4772,4326
1,9920001 B 1427,8746 8215,207 9366,799 8153,3813 10471,375 4818,107 S 3619,763 9069,129 6828,032 6796,182 9457,553 4772,4326
1,9914099 B 1427,8746 8215,207 9366,799 8153,3813 10471,375 4818,107 S 3619,763 9069,129 6828,032 6796,182 9457,553 4772,4326
1,9881464 B 1427,8746 8215,207 9366,799 8153,3813 10471,375 4818,107 S 3619,763 9069,129 6828,032 6796,182 9457,553 4772,4326
1,9880002 B 1427,8746 8215,207 9366,799 8153,3813 10471,375 4818,107 S 3619,763 9069,129 6828,032 6796,182 9457,553 4772,4326
1,9874136 B 1427,8746 8215,207 9366,799 8153,3813 10471,375 4818,107 S 3619,763 9069,129 6828,032 6796,182 9457,553 4772,4326
1,9870007 B 1427,8746 8215,207 9366,799 8153,3813 10471,375 4818,107 S 3619,763 9069,129 6828,032 6796,182 9457,553 4772,4326
1,9869999 B 1427,8746 8215,207 9366,799 8153,3813 10471,375 4818,107 S 3619,763 9069,129 6828,032 6796,182 9457,553 4772,4326
1,9870002 B 1427,8746 8215,207 9366,799 8153,3813 10471,375 4818,107 S 3619,763 9069,129 6828,032 6796,182 9457,553 4772,4326
1,9861149 B 1427,8746 8215,207 9366,799 8153,3813 10471,375 4818,107 S 3619,763 9069,129 6828,032 6796,182 9457,553 4772,4326
1,9859998 B 1427,8746 8215,207 9366,799 8153,3813 10471,375 4818,107 S 3619,763 9069,129 6828,032 6796,182 9457,553 4772,4326
1,9860002 B 1427,8746 8215,207 9366,799 8153,3813 10471,375 4818,107 S 3619,763 9069,129 6828,032 6796,182 9457,553 4772,4326
1,9859996 B 1427,8746 8215,207 9366,799 8153,3813 10471,375 4818,107 S 3619,763 9069,129 6828,032 6796,182 9457,553 4772,4326
1,986 B 1427,8746 8215,207 9366,799 8153,3813 10471,375 4818,107 S 3619,763 9069,129 6828,032 6796,182 9457,553 4772,4326
1,986 B 1427,8746 8215,207 9366,799 8153,3813 10471,375 4818,107 S 3619,763 9069,129 6828,032 6796,182 9457,553 4772,4326
1,986 B 1427,8746 8215,207 9366,799 8153,3813 10471,375 4818,107 S 3619,763 9069,129 6828,032 6796,182 9457,553 4772,4326
1,986 B 1427,8746 8215,207 9366,799 8153,3813 10471,375 4818,107 S 3619,763 9069,129 6828,032 6796,182 9457,553 4772,4326
1,9859998 B 1427,8746 8215,207 9366,799 8153,3813 10471,375 4818,107 S 3619,763 9069,129 6828,032 6796,182 9457,553 4772,4326
1,9859997 B 1427,8746 8215,207 9366,799 8153,3813 10471,375 4818,107 S 3619,763 9069,129 6828,032 6796,182 9457,553 4772,4326
1,9869446 B 1427,8746 8215,207 9366,799 8153,3813 10471,375 4818,107 S 3619,763 9069,129 6828,032 6796,182 9457,553 4772,4326
1,9879998 B 1427,8746 8215,207 9366,799 8153,3813 10471,375 4818,107 S 3619,763 9069,129 6828,032 6796,182 9457,553 4772,4326
1,9880003 B 1427,8746 8215,207 9366,799 8153,3813 10471,375 4818,107 S 3619,763 9069,129 6828,032 6796,182 9457,553 4772,4326
1,9880003 B 1427,8746 8215,207 9366,799 8153,3813 10471,375 4818,107 S 3619,763 9069,129 6828,032 6796,182 9457,553 4772,4326
1,9880002 B 1427,8746 8215,207 9366,799 8153,3813 10471,375 4818,107 S 3619,763 9069,129 6828,032 6796,182 9457,553 4772,4326
1,9880006 B 1427,8746 8215,207 9366,799 8153,3813 10471,375 4818,107 S 3619,763 9069,129 6828,032 6796,182 9457,553 4772,4326
1,9879998 B 1427,8746 8215,207 9366,799 8153,3813 10471,375 4818,107 S 3619,763 9069,129 6828,032 6796,182 9457,553 4772,4326
1,9879997 B 1427,8746 8215,207 9366,799 8153,3813 10471,375 4818,107 S 3619,763 9069,129 6828,032 6796,182 9457,553 4772,4326
1,9880002 B 1427,8746 8215,207 9366,799 8153,3813 10471,375 4818,107 S 3619,763 9069,129 6828,032 6796,182 9457,553 4772,4326
1,9879996 B 1427,8746 8215,207 9366,799 8153,3813 10471,375 4818,107 S 3619,763 9069,129 6828,032 6796,182 9457,553 4772,4326
1,9917423 B 1427,8746 8215,207 9366,799 8153,3813 10471,375 4818,107 S 3619,763 9069,129 6828,032 6796,182 9457,553 4772,4326
1,9919994 B 1427,8746 8215,207 9366,799 8153,3813 10471,375 4818,107 S 3619,763 9069,129 6828,032 6796,182 9457,553 4772,4326
1,9919999 B 1427,8746 8215,207 9366,799 8153,3813 10471,375 4818,107 S 3619,763 9069,129 6828,032 6796,182 9457,553 4772,4326
1,9920002 B 1427,8746 8215,207 9366,799 8153,3813 10471,375 4818,107 S 3619,763 9069,129 6828,032 6796,182 9457,553 4772,4326
1,9920005 B 1427,8746 8215,207 9366,799 8153,3813 10471,375 4818,107 S 3619,763 9069,129 6828,032 6796,182 9457,553 4772,4326
1,9919997 B 1427,8746 8215,207 9366,799 8153,3813 10471,375 4818,107 S 3619,763 9069,129 6828,032 6796,182 9457,553 4772,4326
1,9919995 B 1427,8746 8215,207 9366,799 8153,3813 10471,375 4818,107 S 3619,763 9069,129 6828,032 6796,182 9457,553 4772,4326
1,9919997 B 1427,8746 8215,207 9366,799 8153,3813 10471,375 4818,107 S 3619,763 9069,129 6828,032 6796,182 9457,553 4772,4326
1,992 B 1427,8746 8215,207 9366,799 8153,3813 10471,375 4818,107 S 3619,763 9069,129 6828,032 6796,182 9457,553 4772,4326
1,9920002 B 1427,8746 8215,207 9366,799 8153,3813 10471,375 4818,107 S 3619,763 9069,129 6828,032 6796,182 9457,553 4772,4326
1,9920003 B 1427,8746 8215,207 9366,799 8153,3813 10471,375 4818,107 S 3619,763 9069,129 6828,032 6796,182 9457,553 4772,4326
1,9919997 B 1427,8746 8215,207 9366,799 8153,3813 10471,375 4818,107 S 3619,763 9069,129 6828,032 6796,182 9457,553 4772,4326
1,9919999 B 1427,8746 8215,207 9366,799 8153,3813 10471,375 4818,107 S 3619,763 9069,129 6828,032 6796,182 9457,553 4772,4326
1,9934399 B 1427,8746 8215,207 9366,799 8153,3813 10471,375 4818,107 S 3619,763 9069,129 6828,032 6796,182 9457,553 4772,4326
1,9939996 B 1427,8746 8215,207 9366,799 8153,3813 10471,375 4818,107 S 3619,763 9069,129 6828,032 6796,182 9457,553 4772,4326
1,994 B 1427,8746 8215,207 9366,799 8153,3813 10471,375 4818,107 S 3619,763 9069,129 6828,032 6796,182 9457,553 4772,4326
1,9939997 B 1427,8746 8215,207 9366,799 8153,3813 10471,375 4818,107 S 3619,763 9069,129 6828,032 6796,182 9457,553 4772,4326
1,9939997 B 1427,8746 8215,207 9366,799 8153,3813 10471,375 4818,107 S 3619,763 9069,129 6828,032 6796,182 9457,553 4772,4326
1,9939997 B 1427,8746 8215,207 9366,799 8153,3813 10471,375 4818,107 S 3619,763 9069,129 6828,032 6796,182 9457,553 4772,4326
1,994 B 1427,8746 8215,207 9366,799 8153,3813 10471,375 4818,107 S 3619,763 9069,129 6828,032 6796,182 9457,553 4772,4326
1,9920287 B 1427,8746 8215,207 9366,799 8153,3813 10471,375 4818,107 S 3619,763 9069,129 6828,032 6796,182 9457,553 4772,4326
1,9920005 B 1427,8746 8215,207 9366,799 8153,3813 10471,375 4818,107 S 3619,763 9069,129 6828,032 6796,182 9457,553 4772,4326
1,9919993 B 1427,8746 8215,207 9366,799 8153,3813 10471,375 4818,107 S 3619,763 9069,129 6828,032 6796,182 9457,553 4772,4326
1,9919997 B 1427,8746 8215,207 9366,799 8153,3813 10471,375 4818,107 S 3619,763 9069,129 6828,032 6796,182 9457,553 4772,4326
1,9920003 B 1427,8746 8215,207 9366,799 8153,3813 10471,375 4818,107 S 3619,763 9069,129 6828,032 6796,182 9457,553 4772,4326
1,9920001 B 1427,8746 8215,207 9366,799 8153,3813 10471,375 4818,107 S 3619,763 9069,129 6828,032 6796,182 9457,553 4772,4326
1,9919993 B 1427,8746 8215,207 9366,799 8153,3813 10471,375 4818,107 S 3619,763 9069,129 6828,032 6796,182 9457,553 4772,4326
1,9919999 B 1427,8746 8215,207 9366,799 8153,3813 10471,375 4818,107 S 3619,763 9069,129 6828,032 6796,182 9457,553 4772,4326
1,9919995 B 1427,8746 8215,207 9366,799 8153,3813 10471,375 4818,107 S 3619,763 9069,129 6828,032 6796,182 9457,553 4772,4326
1,9919997 B 1427,8746 8215,207 9366,799 8153,3813 10471,375 4818,107 S 3619,763 9069,129 6828,032 6796,182 9457,553 4772,4326
1,9919995 B 1427,8746 8215,207 9366,799 8153,3813 10471,375 4818,107 S 3619,763 9069,129 6828,032 6796,182 9457,553 4772,4326
1,9919995 B 1427,8746 8215,207 9366,799 8153,3813 10471,375 4818,107 S 3619,763 9069,129 6828,032 6796,182 9457,553 4772,4326
1,9919994 B 1427,8746 8215,207 9366,799 8153,3813 10471,375 4818,107 S 3619,763 9069,129 6828,032 6796,182 9457,553 4772,4326
1,9919994 B 1427,8746 8215,207 9366,799 8153,3813 10471,375 4818,107 S 3619,763 9069,129 6828,032 6796,182 9457,553 4772,4326
1,9919991 B 1427,8746 8215,207 9366,799 8153,3813 10471,375 4818,107 S 3619,763 9069,129 6828,032 6796,182 9457,553 4772,4326
1,9919999 B 1427,8746 8215,207 9366,799 8153,3813 10471,375 4818,107 S 3619,763 9069,129 6828,032 6796,182 9457,553 4772,4326
1,9919999 B 1427,8746 8215,207 9366,799 8153,3813 10471,375 4818,107 S 3619,763 9069,129 6828,032 6796,182 9457,553 4772,4326
1,9919997 B 1427,8746 8215,207 9366,799 8153,3813 10471,375 4818,107 S 3619,763 9069,129 6828,032 6796,182 9457,553 4772,4326
1,992 B 1427,8746 8215,207 9366,799 8153,3813 10471,375 4818,107 S 3619,763 9069,129 6828,032 6796,182 9457,553 4772,4326
1,9920005 B 1427,8746 8215,207 9366,799 8153,3813 10471,375 4818,107 S 3619,763 9069,129 6828,032 6796,182 9457,553 4772,4326
1,9919997 B 1427,8746 8215,207 9366,799 8153,3813 10471,375 4818,107 S 3619,763 9069,129 6828,032 6796,182 9457,553 4772,4326
1,9919997 B 1427,8746 8215,207 9366,799 8153,3813 10471,375 4818,107 S 3619,763 9069,129 6828,032 6796,182 9457,553 4772,4326
1,9920002 B 1427,8746 8215,207 9366,799 8153,3813 10471,375 4818,107 S 3619,763 9069,129 6828,032 6796,182 9457,553 4772,4326
1,9920002 B 1427,8746 8215,207 9366,799 8153,3813 10471,375 4818,107 S 3619,763 9069,129 6828,032 6796,182 9457,553 4772,4326
1,9919999 B 1427,8746 8215,207 9366,799 8153,3813 10471,375 4818,107 S 3619,763 9069,129 6828,032 6796,182 9457,553 4772,4326
1,9927999 B 1427,8746 8215,207 9366,799 8153,3813 10471,375 4818,107 S 3619,763 9069,129 6828,032 6796,182 9457,553 4772,4326
1,9939994 B 1427,8746 8215,207 9366,799 8153,3813 10471,375 4818,107 S 3619,763 9069,129 6828,032 6796,182 9457,553 4772,4326
1,994 B 1427,8746 8215,207 9366,799 8153,3813 10471,375 4818,107 S 3619,763 9069,129 6828,032 6796,182 9457,553 4772,4326
1,9939998 B 1427,8746 8215,207 9366,799 8153,3813 10471,375 4818,107 S 3619,763 9069,129 6828,032 6796,182 9457,553 4772,4326
1,9939998 B 1427,8746 8215,207 9366,799 8153,3813 10471,375 4818,107 S 3619,763 9069,129 6828,032 6796,182 9457,553 4772,4326
1,9928821 B 1427,8746 8215,207 9366,799 8153,3813 10471,375 4818,107 S 3619,763 9069,129 6828,032 6796,182 9457,553 4772,4326
1,9924014 B 1427,8746 8215,207 9366,799 8153,3813 10471,375 4818,107 S 3619,763 9069,129 6828,032 6796,182 9457,553 4772,4326
1,9930507 B 1427,8746 8215,207 9366,799 8153,3813 10471,375 4818,107 S 3619,763 9069,129 6828,032 6796,182 9457,553 4772,4326
1,9919995 B 1427,8746 8215,207 9366,799 8153,3813 10471,375 4818,107 S 3619,763 9069,129 6828,032 6796,182 9457,553 4772,4326
1,9919999 B 1427,8746 8215,207 9366,799 8153,3813 10471,375 4818,107 S 3619,763 9069,129 6828,032 6796,182 9457,553 4772,4326
1,9919999 B 1427,8746 8215,207 9366,799 8153,3813 10471,375 4818,107 S 3619,763 9069,129 6828,032 6796,182 9457,553 4772,4326
1,9907142 B 1427,8746 8215,207 9366,799 8153,3813 10471,375 4818,107 S 3619,763 9069,129 6828,032 6796,182 9457,553 4772,4326
1,9900006 B 1427,8746 8215,207 9366,799 8153,3813 10471,375 4818,107 S 3619,763 9069,129 6828,032 6796,182 9457,553 4772,4326
1,9907655 B 1427,8746 8215,207 9366,799 8153,3813 10471,375 4818,107 S 3619,763 9069,129 6828,032 6796,182 9457,553 4772,4326
1,9909992 B 1427,8746 8215,207 9366,799 8153,3813 10471,375 4818,107 S 3619,763 9069,129 6828,032 6796,182 9457,553 4772,4326
1,9909998 B 1427,8746 8215,207 9366,799 8153,3813 10471,375 4818,107 S 3619,763 9069,129 6828,032 6796,182 9457,553 4772,4326
1,9910005 B 1427,8746 8215,207 9366,799 8153,3813 10471,375 4818,107 S 3619,763 9069,129 6828,032 6796,182 9457,553 4772,4326
1,9910003 B 1427,8746 8215,207 9366,799 8153,3813 10471,375 4818,107 S 3619,763 9069,129 6828,032 6796,182 9457,553 4772,4326
1,991 B 1427,8746 8215,207 9366,799 8153,3813 10471,375 4818,107 S 3619,763 9069,129 6828,032 6796,182 9457,553 4772,4326
1,9909999 B 1427,8746 8215,207 9366,799 8153,3813 10471,375 4818,107 S 3619,763 9069,129 6828,032 6796,182 9457,553 4772,4326
1,9909996 B 1427,8746 8215,207 9366,799 8153,3813 10471,375 4818,107 S 3619,763 9069,129 6828,032 6796,182 9457,553 4772,4326
1,9920715 B 1427,8746 8215,207 9366,799 8153,3813 10471,375 4818,107 S 3619,763 9069,129 6828,032 6796,182 9457,553 4772,4326
1,9930001 B 1427,8746 8215,207 9366,799 8153,3813 10471,375 4818,107 S 3619,763 9069,129 6828,032 6796,182 9457,553 4772,4326
1,9930003 B 1427,8746 8215,207 9366,799 8153,3813 10471,375 4818,107 S 3619,763 9069,129 6828,032 6796,182 9457,553 4772,4326
1,9929998 B 1427,8746 8215,207 9366,799 8153,3813 10471,375 4818,107 S 3619,763 9069,129 6828,032 6796,182 9457,553 4772,4326
1,9933181 B 1427,8746 8215,207 9366,799 8153,3813 10471,375 4818,107 S 3619,763 9069,129 6828,032 6796,182 9457,553 4772,4326
1,9950001 B 1427,8746 8215,207 9366,799 8153,3813 10471,375 4818,107 S 3619,763 9069,129 6828,032 6796,182 9457,553 4772,4326
1,9950008 B 1427,8746 8215,207 9366,799 8153,3813 10471,375 4818,107 S 3619,763 9069,129 6828,032 6796,182 9457,553 4772,4326
1,9950006 B 1427,8746 8215,207 9366,799 8153,3813 10471,375 4818,107 S 3619,763 9069,129 6828,032 6796,182 9457,553 4772,4326
1,9958254 B 1427,8746 8215,207 9366,799 8153,3813 10471,375 4818,107 S 3619,763 9069,129 6828,032 6796,182 9457,553 4772,4326
1,9960004 B 1427,8746 8215,207 9366,799 8153,3813 10471,375 4818,107 S 3619,763 9069,129 6828,032 6796,182 9457,553 4772,4326
1,9960003 B 1427,8746 8215,207 9366,799 8153,3813 10471,375 4818,107 S 3619,763 9069,129 6828,032 6796,182 9457,553 4772,4326
1,9960002 B 1427,8746 8215,207 9366,799 8153,3813 10471,375 4818,107 S 3619,763 9069,129 6828,032 6796,182 9457,553 4772,4326
1,9959999 B 1427,8746 8215,207 9366,799 8153,3813 10471,375 4818,107 S 3619,763 9069,129 6828,032 6796,182 9457,553 4772,4326
1,9966325 B 1427,8746 8215,207 9366,799 8153,3813 10471,375 4818,107 S 3619,763 9069,129 6828,032 6796,182 9457,553 4772,4326
1,9977398 B 1427,8746 8215,207 9366,799 8153,3813 10471,375 4818,107 S 3619,763 9069,129 6828,032 6796,182 9457,553 4772,4326
1,9980004 B 1427,8746 8215,207 9366,799 8153,3813 10471,375 4818,107 S 3619,763 9069,129 6828,032 6796,182 9457,553 4772,4326
1,9980005 B 1427,8746 8215,207 9366,799 8153,3813 10471,375 4818,107 S 3619,763 9069,129 6828,032 6796,182 9457,553 4772,4326
1,9979995 B 1427,8746 8215,207 9366,799 8153,3813 10471,375 4818,107 S 3619,763 9069,129 6828,032 6796,182 9457,553 4772,4326
1,9979999 B 1427,8746 8215,207 9366,799 8153,3813 10471,375 4818,107 S 3619,763 9069,129 6828,032 6796,182 9457,553 4772,4326
1,9980003 B 1427,8746 8215,207 9366,799 8153,3813 10471,375 4818,107 S 3619,763 9069,129 6828,032 6796,182 9457,553 4772,4326
1,9980005 B 1427,8746 8215,207 9366,799 8153,3813 10471,375 4818,107 S 3619,763 9069,129 6828,032 6796,182 9457,553 4772,4326
1,9971374 B 1427,8746 8215,207 9366,799 8153,3813 10471,375 4818,107 S 3619,763 9069,129 6828,032 6796,182 9457,553 4772,4326
1,9960002 B 1427,8746 8215,207 9366,799 8153,3813 10471,375 4818,107 S 3619,763 9069,129 6828,032 6796,182 9457,553 4772,4326
1,9960006 B 1427,8746 8215,207 9366,799 8153,3813 10471,375 4818,107 S 3619,763 9069,129 6828,032 6796,182 9457,553 4772,4326
1,9960002 B 1427,8746 8215,207 9366,799 8153,3813 10471,375 4818,107 S 3619,763 9069,129 6828,032 6796,182 9457,553 4772,4326
1,9960002 B 1427,8746 8215,207 9366,799 8153,3813 10471,375 4818,107 S 3619,763 9069,129 6828,032 6796,182 9457,553 4772,4326
1,9960004 B 1427,8746 8215,207 9366,799 8153,3813 10471,375 4818,107 S 3619,763 9069,129 6828,032 6796,182 9457,553 4772,4326
1,9960006 B 1427,8746 8215,207 9366,799 8153,3813 10471,375 4818,107 S 3619,763 9069,129 6828,032 6796,182 9457,553 4772,4326
1,9958893 B 1427,8746 8215,207 9366,799 8153,3813 10471,375 4818,107 S 3619,763 9069,129 6828,032 6796,182 9457,553 4772,4326
1,9950002 B 1427,8746 8215,207 9366,799 8153,3813 10471,375 4818,107 S 3619,763 9069,129 6828,032 6796,182 9457,553 4772,4326
1,9950002 B 1427,8746 8215,207 9366,799 8153,3813 10471,375 4818,107 S 3619,763 9069,129 6828,032 6796,182 9457,553 4772,4326
1,9950002 B 1427,8746 8215,207 9366,799 8153,3813 10471,375 4818,107 S 3619,763 9069,129 6828,032 6796,182 9457,553 4772,4326
1,9949998 B 1427,8746 8215,207 9366,799 8153,3813 10471,375 4818,107 S 3619,763 9069,129 6828,032 6796,182 9457,553 4772,4326
1,9957486 B 1427,8746 8215,207 9366,799 8153,3813 10471,375 4818,107 S 3619,763 9069,129 6828,032 6796,182 9457,553 4772,4326
1,9970009 B 1427,8746 8215,207 9366,799 8153,3813 10471,375 4818,107 S 3619,763 9069,129 6828,032 6796,182 9457,553 4772,4326
1,9970005 B 1427,8746 8215,207 9366,799 8153,3813 10471,375 4818,107 S 3619,763 9069,129 6828,032 6796,182 9457,553 4772,4326
1,9970003 B 1427,8746 8215,207 9366,799 8153,3813 10471,375 4818,107 S 3619,763 9069,129 6828,032 6796,182 9457,553 4772,4326
1,997001 B 1427,8746 8215,207 9366,799 8153,3813 10471,375 4818,107 S 3619,763 9069,129 6828,032 6796,182 9457,553 4772,4326
1,997001 B 1427,8746 8215,207 9366,799 8153,3813 10471,375 4818,107 S 3619,763 9069,129 6828,032 6796,182 9457,553 4772,4326
1,9970012 B 1427,8746 8215,207 9366,799 8153,3813 10471,375 4818,107 S 3619,763 9069,129 6828,032 6796,182 9457,553 4772,4326
1,9989406 B 1427,8746 8215,207 9366,799 8153,3813 10471,375 4818,107 S 3619,763 9069,129 6828,032 6796,182 9457,553 4772,4326
1,9991057 B 1427,8746 8215,207 9366,799 8153,3813 10471,375 4818,107 S 3619,763 9069,129 6828,032 6796,182 9457,553 4772,4326
2 B 1427,8746 8215,207 9366,799 8153,3813 10471,375 4818,107 S 3619,763 9069,129 6828,032 6796,182 9457,553 4772,4326
2 B 1427,8746 8215,207 9366,799 8153,3813 10471,375 4818,107 S 3619,763 9069,129 6828,032 6796,182 9457,553 4772,4326
2,0007217 B 1427,8746 8215,207 9366,799 8153,3813 10471,375 4818,107 S 3619,763 9069,129 6828,032 6796,182 9457,553 4772,4326
2,0009995 B 1427,8746 8215,207 9366,799 8153,3813 10471,375 4818,107 S 3619,763 9069,129 6828,032 6796,182 9457,553 4772,4326
2,001 B 1427,8746 8215,207 9366,799 8153,3813 10471,375 4818,107 S 3619,763 9069,129 6828,032 6796,182 9457,553 4772,4326
2,0010002 B 1427,8746 8215,207 9366,799 8153,3813 10471,375 4818,107 S 3619,763 9069,129 6828,032 6796,182 9457,553 4772,4326
2,001 B 1427,8746 8215,207 9366,799 8153,3813 10471,375 4818,107 S 3619,763 9069,129 6828,032 6796,182 9457,553 4772,4326
2,001 B 1427,8746 8215,207 9366,799 8153,3813 10471,375 4818,107 S 3619,763 9069,129 6828,032 6796,182 9457,553 4772,4326
2,001 B 1427,8746 8215,207 9366,799 8153,3813 10471,375 4818,107 S 3619,763 9069,129 6828,032 6796,182 9457,553 4772,4326
2,0010002 B 1427,8746 8215,207 9366,799 8153,3813 10471,375 4818,107 S 3619,763 9069,129 6828,032 6796,182 9457,553 4772,4326
1,9999483 B 1427,8746 8215,207 9366,799 8153,3813 10471,375 4818,107 S 3619,763 9069,129 6828,032 6796,182 9457,553 4772,4326
1,9979998 B 1427,8746 8215,207 9366,799 8153,3813 10471,375 4818,107 S 3619,763 9069,129 6828,032 6796,182 9457,553 4772,4326
1,9979998 B 1427,8746 8215,207 9366,799 8153,3813 10471,375 4818,107 S 3619,763 9069,129 6828,032 6796,182 9457,553 4772,4326
1,9973514 B 1427,8746 8215,207 9366,799 8153,3813 10471,375 4818,107 S 3619,763 9069,129 6828,032 6796,182 9457,553 4772,4326
1,994518 B 1427,8746 8215,207 9366,799 8153,3813 10471,375 4818,107 S 3619,763 9069,129 6828,032 6796,182 9457,553 4772,4326
1,9939995 B 1427,8746 8215,207 9366,799 8153,3813 10471,375 4818,107 S 3619,763 9069,129 6828,032 6796,182 9457,553 4772,4326
1,9939996 B 1427,8746 8215,207 9366,799 8153,3813 10471,375 4818,107 S 3619,763 9069,129 6828,032 6796,182 9457,553 4772,4326
1,9940001 B 1427,8746 8215,207 9366,799 8153,3813 10471,375 4818,107 S 3619,763 9069,129 6828,032 6796,182 9457,553 4772,4326
1,994 B 1427,8746 8215,207 9366,799 8153,3813 10471,375 4818,107 S 3619,763 9069,129 6828,032 6796,182 9457,553 4772,4326
1,994 B 1427,8746 8215,207 9366,799 8153,3813 10471,375 4818,107 S 3619,763 9069,129 6828,032 6796,182 9457,553 4772,4326
1,994 B 1427,8746 8215,207 9366,799 8153,3813 10471,375 4818,107 S 3619,763 9069,129 6828,032 6796,182 9457,553 4772,4326
1,9940006 B 1427,8746 8215,207 9366,799 8153,3813 10471,375 4818,107 S 3619,763 9069,129 6828,032 6796,182 9457,553 4772,4326
1,9940001 B 1427,8746 8215,207 9366,799 8153,3813 10471,375 4818,107 S 3619,763 9069,129 6828,032 6796,182 9457,553 4772,4326
1,9940001 B 1427,8746 8215,207 9366,799 8153,3813 10471,375 4818,107 S 3619,763 9069,129 6828,032 6796,182 9457,553 4772,4326
1,9939996 B 1427,8746 8215,207 9366,799 8153,3813 10471,375 4818,107 S 3619,763 9069,129 6828,032 6796,182 9457,553 4772,4326
1,9939998 B 1427,8746 8215,207 9366,799 8153,3813 10471,375 4818,107 S 3619,763 9069,129 6828,032 6796,182 9457,553 4772,4326
1,994 B 1427,8746 8215,207 9366,799 8153,3813 10471,375 4818,107 S 3619,763 9069,129 6828,032 6796,182 9457,553 4772,4326
1,9939996 B 1427,8746 8215,207 9366,799 8153,3813 10471,375 4818,107 S 3619,763 9069,129 6828,032 6796,182 9457,553 4772,4326
1,9940002 B 1427,8746 8215,207 9366,799 8153,3813 10471,375 4818,107 S 3619,763 9069,129 6828,032 6796,182 9457,553 4772,4326
1,994 B 1427,8746 8215,207 9366,799 8153,3813 10471,375 4818,107 S 3619,763 9069,129 6828,032 6796,182 9457,553 4772,4326
1,9939998 B 1427,8746 8215,207 9366,799 8153,3813 10471,375 4818,107 S 3619,763 9069,129 6828,032 6796,182 9457,553 4772,4326
1,993653 B 1427,8746 8215,207 9366,799 8153,3813 10471,375 4818,107 S 3619,763 9069,129 6828,032 6796,182 9457,553 4772,4326
1,9904586 B 1427,8746 8215,207 9366,799 8153,3813 10471,375 4818,107 S 3619,763 9069,129 6828,032 6796,182 9457,553 4772,4326
1,9900002 B 1427,8746 8215,207 9366,799 8153,3813 10471,375 4818,107 S 3619,763 9069,129 6828,032 6796,182 9457,553 4772,4326
1,9902424 B 1427,8746 8215,207 9366,799 8153,3813 10471,375 4818,107 S 3619,763 9069,129 6828,032 6796,182 9457,553 4772,4326
1,9909999 B 1427,8746 8215,207 9366,799 8153,3813 10471,375 4818,107 S 3619,763 9069,129 6828,032 6796,182 9457,553 4772,4326
1,9895083 B 1427,8746 8215,207 9366,799 8153,3813 10471,375 4818,107 S 3619,763 9069,129 6828,032 6796,182 9457,553 4772,4326
1,9889998 B 1427,8746 8215,207 9366,799 8153,3813 10471,375 4818,107 S 3619,763 9069,129 6828,032 6796,182 9457,553 4772,4326
1,9894515 B 1427,8746 8215,207 9366,799 8153,3813 10471,375 4818,107 S 3619,763 9069,129 6828,032 6796,182 9457,553 4772,4326
1,9919997 B 1427,8746 8215,207 9366,799 8153,3813 10471,375 4818,107 S 3619,763 9069,129 6828,032 6796,182 9457,553 4772,4326
1,9920002 B 1427,8746 8215,207 9366,799 8153,3813 10471,375 4818,107 S 3619,763 9069,129 6828,032 6796,182 9457,553 4772,4326
1,9902866 B 1427,8746 8215,207 9366,799 8153,3813 10471,375 4818,107 S 3619,763 9069,129 6828,032 6796,182 9457,553 4772,4326
1,9900004 B 1427,8746 8215,207 9366,799 8153,3813 10471,375 4818,107 S 3619,763 9069,129 6828,032 6796,182 9457,553 4772,4326
1,9900001 B 1427,8746 8215,207 9366,799 8153,3813 10471,375 4818,107 S 3619,763 9069,129 6828,032 6796,182 9457,553 4772,4326
1,9900006 B 1427,8746 8215,207 9366,799 8153,3813 10471,375 4818,107 S 3619,763 9069,129 6828,032 6796,182 9457,553 4772,4326
1,9899999 B 1427,8746 8215,207 9366,799 8153,3813 10471,375 4818,107 S 3619,763 9069,129 6828,032 6796,182 9457,553 4772,4326
1,9900002 B 1427,8746 8215,207 9366,799 8153,3813 10471,375 4818,107 S 3619,763 9069,129 6828,032 6796,182 9457,553 4772,4326
1,9910237 B 1427,8746 8215,207 9366,799 8153,3813 10471,375 4818,107 S 3619,763 9069,129 6828,032 6796,182 9457,553 4772,4326
1,9950006 B 1427,8746 8215,207 9366,799 8153,3813 10471,375 4818,107 S 3619,763 9069,129 6828,032 6796,182 9457,553 4772,4326
1,9958287 B 1427,8746 8215,207 9366,799 8153,3813 10471,375 4818,107 S 3619,763 9069,129 6828,032 6796,182 9457,553 4772,4326
1,9959998 B 1427,8746 8215,207 9366,799 8153,3813 10471,375 4818,107 S 3619,763 9069,129 6828,032 6796,182 9457,553 4772,4326
1,9962999 B 1427,8746 8215,207 9366,799 8153,3813 10471,375 4818,107 S 3619,763 9069,129 6828,032 6796,182 9457,553 4772,4326
1,9979999 B 1427,8746 8215,207 9366,799 8153,3813 10471,375 4818,107 S 3619,763 9069,129 6828,032 6796,182 9457,553 4772,4326
1,9979998 B 1427,8746 8215,207 9366,799 8153,3813 10471,375 4818,107 S 3619,763 9069,129 6828,032 6796,182 9457,553 4772,4326
1,9980004 B 1427,8746 8215,207 9366,799 8153,3813 10471,375 4818,107 S 3619,763 9069,129 6828,032 6796,182 9457,553 4772,4326
1,9979999 B 1427,8746 8215,207 9366,799 8153,3813 10471,375 4818,107 S 3619,763 9069,129 6828,032 6796,182 9457,553 4772,4326
1,9980004 B 1427,8746 8215,207 9366,799 8153,3813 10471,375 4818,107 S 3619,763 9069,129 6828,032 6796,182 9457,553 4772,4326
1,9980003 B 1427,8746 8215,207 9366,799 8153,3813 10471,375 4818,107 S 3619,763 9069,129 6828,032 6796,182 9457,553 4772,4326
1,9980003 B 1427,8746 8215,207 9366,799 8153,3813 10471,375 4818,107 S 3619,763 9069,129 6828,032 6796,182 9457,553 4772,4326
1,9979999 B 1427,8746 8215,207 9366,799 8153,3813 10471,375 4818,107 S 3619,763 9069,129 6828,032 6796,182 9457,553 4772,4326
1,9984795 B 1427,8746 8215,207 9366,799 8153,3813 10471,375 4818,107 S 3619,763 9069,129 6828,032 6796,182 9457,553 4772,4326
1,9990001 B 1427,8746 8215,207 9366,799 8153,3813 10471,375 4818,107 S 3619,763 9069,129 6828,032 6796,182 9457,553 4772,4326
1,999 B 1427,8746 8215,207 9366,799 8153,3813 10471,375 4818,107 S 3619,763 9069,129 6828,032 6796,182 9457,553 4772,4326
1,9990004 B 1427,8746 8215,207 9366,799 8153,3813 10471,375 4818,107 S 3619,763 9069,129 6828,032 6796,182 9457,553 4772,4326
1,999 B 1427,8746 8215,207 9366,799 8153,3813 10471,375 4818,107 S 3619,763 9069,129 6828,032 6796,182 9457,553 4772,4326
1,9990003 B 1427,8746 8215,207 9366,799 8153,3813 10471,375 4818,107 S 3619,763 9069,129 6828,032 6796,182 9457,553 4772,4326
1,9990002 B 1427,8746 8215,207 9366,799 8153,3813 10471,375 4818,107 S 3619,763 9069,129 6828,032 6796,182 9457,553 4772,4326
1,9962212 B 1427,8746 8215,207 9366,799 8153,3813 10471,375 4818,107 S 3619,763 9069,129 6828,032 6796,182 9457,553 4772,4326
1,996 B 1427,8746 8215,207 9366,799 8153,3813 10471,375 4818,107 S 3619,763 9069,129 6828,032 6796,182 9457,553 4772,4326
1,9960002 B 1427,8746 8215,207 9366,799 8153,3813 10471,375 4818,107 S 3619,763 9069,129 6828,032 6796,182 9457,553 4772,4326
1,9959997 B 1427,8746 8215,207 9366,799 8153,3813 10471,375 4818,107 S 3619,763 9069,129 6828,032 6796,182 9457,553 4772,4326
1,9945492 B 1427,8746 8215,207 9366,799 8153,3813 10471,375 4818,107 S 3619,763 9069,129 6828,032 6796,182 9457,553 4772,4326
1,9919999 B 1427,8746 8215,207 9366,799 8153,3813 10471,375 4818,107 S 3619,763 9069,129 6828,032 6796,182 9457,553 4772,4326
