1,9784302
1,9750004 B 629,0351 2192,1653 12086,997 11620,77 18678,613 1296,6599 S 733,6899 7277,4946 10720,821 14451,929 5587,635 864,3299
1,9749998 B 629,0351 2192,1653 12086,997 11620,77 18678,613 1296,6599 S 733,6899 7277,4946 10720,821 14451,929 5587,635 864,3299
1,9750005 B 629,0351 2192,1653 12086,997 11620,77 18678,613 1296,6599 S 733,6899 7277,4946 10720,821 14451,929 5587,635 864,3299
1,9750004 B 629,0351 2192,1653 12086,997 11620,77 18678,613 1296,6599 S 733,6899 7277,4946 10720,821 14451,929 5587,635 864,3299
1,9750004 B 629,0351 2192,1653 12086,997 11620,77 18678,613 1296,6599 S 733,6899 7277,4946 10720,821 14451,929 5587,635 864,3299
1,9750001 B 629,0351 2192,1653 12086,997 11620,77 18678,613 1296,6599 S 733,6899 7277,4946 10720,821 14451,929 5587,635 864,3299
1,9750005 B 629,0351 2192,1653 12086,997 11620,77 18678,613 1296,6599 S 733,6899 7277,4946 10720,821 14451,929 5587,635 864,3299
1,9750001 B 629,0351 2192,1653 12086,997 11620,77 18678,613 1296,6599 S 733,6899 7277,4946 10720,821 14451,929 5587,635 864,3299
1,9750009 B 629,0351 2192,1653 12086,997 11620,77 18678,613 1296,6599 S 733,6899 7277,4946 10720,821 14451,929 5587,635 864,3299
1,975 B 629,0351 2192,1653 12086,997 11620,77 18678,613 1296,6599 S 733,6899 7277,4946 10720,821 14451,929 5587,635 864,3299
1,9770656 B 629,0351 2192,1653 12086,997 11620,77 18678,613 1296,6599 S 733,6899 7277,4946 10720,821 14451,929 5587,635 864,3299
1,9779999 B 629,0351 2192,1653 12086,997 11620,77 18678,613 1296,6599 S 733,6899 7277,4946 10720,821 14451,929 5587,635 864,3299
1,9779998 B 629,0351 2192,1653 12086,997 11620,77 18678,613 1296,6599 S 733,6899 7277,4946 10720,821 14451,929 5587,635 864,3299
1,978 B 629,0351 2192,1653 12086,997 11620,77 18678,613 1296,6599 S 733,6899 7277,4946 10720,821 14451,929 5587,635 864,3299
1,977164 B 629,0351 2192,1653 12086,997 11620,77 18678,613 1296,6599 S 733,6899 7277,4946 10720,821 14451,929 5587,635 864,3299
1,9760004 B 629,0351 2192,1653 12086,997 11620,77 18678,613 1296,6599 S 733,6899 7277,4946 10720,821 14451,929 5587,635 864,3299
1,9760005 B 629,0351 2192,1653 12086,997 11620,77 18678,613 1296,6599 S 733,6899 7277,4946 10720,821 14451,929 5587,635 864,3299
1,9759997 B 629,0351 2192,1653 12086,997 11620,77 18678,613 1296,6599 S 733,6899 7277,4946 10720,821 14451,929 5587,635 864,3299
1,9760007 B 629,0351 2192,1653 12086,997 11620,77 18678,613 1296,6599 S 733,6899 7277,4946 10720,821 14451,929 5587,635 864,3299
1,9770731 B 629,0351 2192,1653 12086,997 11620,77 18678,613 1296,6599 S 733,6899 7277,4946 10720,821 14451,929 5587,635 864,3299
1,9779998 B 629,0351 2192,1653 12086,997 11620,77 18678,613 1296,6599 S 733,6899 7277,4946 10720,821 14451,929 5587,635 864,3299
1,978 B 629,0351 2192,1653 12086,997 11620,77 18678,613 1296,6599 S 733,6899 7277,4946 10720,821 14451,929 5587,635 864,3299
1,9779999 B 629,0351 2192,1653 12086,997 11620,77 18678,613 1296,6599 S 733,6899 7277,4946 10720,821 14451,929 5587,635 864,3299
1,9779996 B 629,0351 2192,1653 12086,997 11620,77 18678,613 1296,6599 S 733,6899 7277,4946 10720,821 14451,929 5587,635 864,3299
1,978 B 629,0351 2192,1653 12086,997 11620,77 18678,613 1296,6599 S 733,6899 7277,4946 10720,821 14451,929 5587,635 864,3299
1,9779999 B 629,0351 2192,1653 12086,997 11620,77 18678,613 1296,6599 S 733,6899 7277,4946 10720,821 14451,929 5587,635 864,3299
1,9780004 B 629,0351 2192,1653 12086,997 11620,77 18678,613 1296,6599 S 733,6899 7277,4946 10720,821 14451,929 5587,635 864,3299
1,9779999 B 629,0351 2192,1653 12086,997 11620,77 18678,613 1296,6599 S 733,6899 7277,4946 10720,821 14451,929 5587,635 864,3299
1,9779996 B 629,0351 2192,1653 12086,997 11620,77 18678,613 1296,6599 S 733,6899 7277,4946 10720,821 14451,929 5587,635 864,3299
1,9779996 B 629,0351 2192,1653 12086,997 11620,77 18678,613 1296,6599 S 733,6899 7277,4946 10720,821 14451,929 5587,635 864,3299
1,9763774 B 629,0351 2192,1653 12086,997 11620,77 18678,613 1296,6599 S 733,6899 7277,4946 10720,821 14451,929 5587,635 864,3299
1,9760007 B 629,0351 2192,1653 12086,997 11620,77 18678,613 1296,6599 S 733,6899 7277,4946 10720,821 14451,929 5587,635 864,3299
1,9756153 B 629,0351 2192,1653 12086,997 11620,77 18678,613 1296,6599 S 733,6899 7277,4946 10720,821 14451,929 5587,635 864,3299
1,9750004 B 629,0351 2192,1653 12086,997 11620,77 18678,613 1296,6599 S 733,6899 7277,4946 10720,821 14451,929 5587,635 864,3299
1,9749997 B 629,0351 2192,1653 12086,997 11620,77 18678,613 1296,6599 S 733,6899 7277,4946 10720,821 14451,929 5587,635 864,3299
1,975 B 629,0351 2192,1653 12086,997 11620,77 18678,613 1296,6599 S 733,6899 7277,4946 10720,821 14451,929 5587,635 864,3299
1,975 B 629,0351 2192,1653 12086,997 11620,77 18678,613 1296,6599 S 733,6899 7277,4946 10720,821 14451,929 5587,635 864,3299
1,9749999 B 629,0351 2192,1653 12086,997 11620,77 18678,613 1296,6599 S 733,6899 7277,4946 10720,821 14451,929 5587,635 864,3299
1,9765925 B 629,0351 2192,1653 12086,997 11620,77 18678,613 1296,6599 S 733,6899 7277,4946 10720,821 14451,929 5587,635 864,3299
1,9769999 B 629,0351 2192,1653 12086,997 11620,77 18678,613 1296,6599 S 733,6899 7277,4946 10720,821 14451,929 5587,635 864,3299
1,977 B 629,0351 2192,1653 12086,997 11620,77 18678,613 1296,6599 S 733,6899 7277,4946 10720,821 14451,929 5587,635 864,3299
1,9770004 B 629,0351 2192,1653 12086,997 11620,77 18678,613 1296,6599 S 733,6899 7277,4946 10720,821 14451,929 5587,635 864,3299
1,9770001 B 629,0351 2192,1653 12086,997 11620,77 18678,613 1296,6599 S 733,6899 7277,4946 10720,821 14451,929 5587,635 864,3299
1,9770005 B 629,0351 2192,1653 12086,997 11620,77 18678,613 1296,6599 S 733,6899 7277,4946 10720,821 14451,929 5587,635 864,3299
1,9769998 B 629,0351 2192,1653 12086,997 11620,77 18678,613 1296,6599 S 733,6899 7277,4946 10720,821 14451,929 5587,635 864,3299
1,9769996 B 629,0351 2192,1653 12086,997 11620,77 18678,613 1296,6599 S 733,6899 7277,4946 10720,821 14451,929 5587,635 864,3299
1,9769999 B 629,0351 2192,1653 12086,997 11620,77 18678,613 1296,6599 S 733,6899 7277,4946 10720,821 14451,929 5587,635 864,3299
1,9769998 B 629,0351 2192,1653 12086,997 11620,77 18678,613 1296,6599 S 733,6899 7277,4946 10720,821 14451,929 5587,635 864,3299
1,9770001 B 629,0351 2192,1653 12086,997 11620,77 18678,613 1296,6599 S 733,6899 7277,4946 10720,821 14451,929 5587,635 864,3299
1,9774011 B 629,0351 2192,1653 12086,997 11620,77 18678,613 1296,6599 S 733,6899 7277,4946 10720,821 14451,929 5587,635 864,3299
1,9780005 B 629,0351 2192,1653 12086,997 11620,77 18678,613 1296,6599 S 733,6899 7277,4946 10720,821 14451,929 5587,635 864,3299
1,9780003 B 629,0351 2192,1653 12086,997 11620,77 18678,613 1296,6599 S 733,6899 7277,4946 10720,821 14451,929 5587,635 864,3299
1,9779999 B 629,0351 2192,1653 12086,997 11620,77 18678,613 1296,6599 S 733,6899 7277,4946 10720,821 14451,929 5587,635 864,3299
1,9779998 B 629,0351 2192,1653 12086,997 11620,77 18678,613 1296,6599 S 733,6899 7277,4946 10720,821 14451,929 5587,635 864,3299
1,978 B 629,0351 2192,1653 12086,997 11620,77 18678,613 1296,6599 S 733,6899 7277,4946 10720,821 14451,929 5587,635 864,3299
1,9779998 B 629,0351 2192,1653 12086,997 11620,77 18678,613 1296,6599 S 733,6899 7277,4946 10720,821 14451,929 5587,635 864,3299
1,9780002 B 629,0351 2192,1653 12086,997 11620,77 18678,613 1296,6599 S 733,6899 7277,4946 10720,821 14451,929 5587,635 864,3299
1,978 B 629,0351 2192,1653 12086,997 11620,77 18678,613 1296,6599 S 733,6899 7277,4946 10720,821 14451,929 5587,635 864,3299
1,9780002 B 629,0351 2192,1653 12086,997 11620,77 18678,613 1296,6599 S 733,6899 7277,4946 10720,821 14451,929 5587,635 864,3299
1,9780002 B 629,0351 2192,1653 12086,997 11620,77 18678,613 1296,6599 S 733,6899 7277,4946 10720,821 14451,929 5587,635 864,3299
1,9779992 B 629,0351 2192,1653 12086,997 11620,77 18678,613 1296,6599 S 733,6899 7277,4946 10720,821 14451,929 5587,635 864,3299
1,978771 B 629,0351 2192,1653 12086,997 11620,77 18678,613 1296,6599 S 733,6899 7277,4946 10720,821 14451,929 5587,635 864,3299
1,9779998 B 629,0351 2192,1653 12086,997 11620,77 18678,613 1296,6599 S 733,6899 7277,4946 10720,821 14451,929 5587,635 864,3299
1,9779999 B 629,0351 2192,1653 12086,997 11620,77 18678,613 1296,6599 S 733,6899 7277,4946 10720,821 14451,929 5587,635 864,3299
1,9779993 B 629,0351 2192,1653 12086,997 11620,77 18678,613 1296,6599 S 733,6899 7277,4946 10720,821 14451,929 5587,635 864,3299
1,9782579 B 629,0351 2192,1653 12086,997 11620,77 18678,613 1296,6599 S 733,6899 7277,4946 10720,821 14451,929 5587,635 864,3299
1,9788438 B 629,0351 2192,1653 12086,997 11620,77 18678,613 1296,6599 S 733,6899 7277,4946 10720,821 14451,929 5587,635 864,3299
1,9780003 B 629,0351 2192,1653 12086,997 11620,77 18678,613 1296,6599 S 733,6899 7277,4946 10720,821 14451,929 5587,635 864,3299
1,978 B 629,0351 2192,1653 12086,997 11620,77 18678,613 1296,6599 S 733,6899 7277,4946 10720,821 14451,929 5587,635 864,3299
1,9779998 B 629,0351 2192,1653 12086,997 11620,77 18678,613 1296,6599 S 733,6899 7277,4946 10720,821 14451,929 5587,635 864,3299
1,9780003 B 629,0351 2192,1653 12086,997 11620,77 18678,613 1296,6599 S 733,6899 7277,4946 10720,821 14451,929 5587,635 864,3299
1,9780003 B 629,0351 2192,1653 12086,997 11620,77 18678,613 1296,6599 S 733,6899 7277,4946 10720,821 14451,929 5587,635 864,3299
1,9780004 B 629,0351 2192,1653 12086,997 11620,77 18678,613 1296,6599 S 733,6899 7277,4946 10720,821 14451,929 5587,635 864,3299
1,978 B 629,0351 2192,1653 12086,997 11620,77 18678,613 1296,6599 S 733,6899 7277,4946 10720,821 14451,929 5587,635 864,3299
1,9780005 B 629,0351 2192,1653 12086,997 11620,77 18678,613 1296,6599 S 733,6899 7277,4946 10720,821 14451,929 5587,635 864,3299
1,978 B 629,0351 2192,1653 12086,997 11620,77 18678,613 1296,6599 S 733,6899 7277,4946 10720,821 14451,929 5587,635 864,3299
1,977626 B 629,0351 2192,1653 12086,997 11620,77 18678,613 1296,6599 S 733,6899 7277,4946 10720,821 14451,929 5587,635 864,3299
1,9753819 B 629,0351 2192,1653 12086,997 11620,77 18678,613 1296,6599 S 733,6899 7277,4946 10720,821 14451,929 5587,635 864,3299
1,9739997 B 629,0351 2192,1653 12086,997 11620,77 18678,613 1296,6599 S 733,6899 7277,4946 10720,821 14451,929 5587,635 864,3299
1,9739997 B 629,0351 2192,1653 12086,997 11620,77 18678,613 1296,6599 S 733,6899 7277,4946 10720,821 14451,929 5587,635 864,3299
1,9739999 B 629,0351 2192,1653 12086,997 11620,77 18678,613 1296,6599 S 733,6899 7277,4946 10720,821 14451,929 5587,635 864,3299
1,9740002 B 629,0351 2192,1653 12086,997 11620,77 18678,613 1296,6599 S 733,6899 7277,4946 10720,821 14451,929 5587,635 864,3299
1,9730192 B 629,0351 2192,1653 12086,997 11620,77 18678,613 1296,6599 S 733,6899 7277,4946 10720,821 14451,929 5587,635 864,3299
1,9729264 B 629,0351 2192,1653 12086,997 11620,77 18678,613 1296,6599 S 733,6899 7277,4946 10720,821 14451,929 5587,635 864,3299
1,9710002 B 629,0351 2192,1653 12086,997 11620,77 18678,613 1296,6599 S 733,6899 7277,4946 10720,821 14451,929 5587,635 864,3299
1,9710001 B 629,0351 2192,1653 12086,997 11620,77 18678,613 1296,6599 S 733,6899 7277,4946 10720,821 14451,929 5587,635 864,3299
1,9709996 B 629,0351 2192,1653 12086,997 11620,77 18678,613 1296,6599 S 733,6899 7277,4946 10720,821 14451,929 5587,635 864,3299
1,9710001 B 629,0351 2192,1653 12086,997 11620,77 18678,613 1296,6599 S 733,6899 7277,4946 10720,821 14451,929 5587,635 864,3299
1,9710003 B 629,0351 2192,1653 12086,997 11620,77 18678,613 1296,6599 S 733,6899 7277,4946 10720,821 14451,929 5587,635 864,3299
1,971 B 629,0351 2192,1653 12086,997 11620,77 18678,613 1296,6599 S 733,6899 7277,4946 10720,821 14451,929 5587,635 864,3299
1,9698907 B 629,0351 2192,1653 12086,997 11620,77 18678,613 1296,6599 S 733,6899 7277,4946 10720,821 14451,929 5587,635 864,3299
1,9683101 B 629,0351 2192,1653 12086,997 11620,77 18678,613 1296,6599 S 733,6899 7277,4946 10720,821 14451,929 5587,635 864,3299
1,9679999 B 629,0351 2192,1653 12086,997 11620,77 18678,613 1296,6599 S 733,6899 7277,4946 10720,821 14451,929 5587,635 864,3299
1,968 B 629,0351 2192,1653 12086,997 11620,77 18678,613 1296,6599 S 733,6899 7277,4946 10720,821 14451,929 5587,635 864,3299
1,9680005 B 629,0351 2192,1653 12086,997 11620,77 18678,613 1296,6599 S 733,6899 7277,4946 10720,821 14451,929 5587,635 864,3299
1,9679202 B 629,0351 2192,1653 12086,997 11620,77 18678,613 1296,6599 S 733,6899 7277,4946 10720,821 14451,929 5587,635 864,3299
1,9662901 B 629,0351 2192,1653 12086,997 11620,77 18678,613 1296,6599 S 733,6899 7277,4946 10720,821 14451,929 5587,635 864,3299
1,9660002 B 629,0351 2192,1653 12086,997 11620,77 18678,613 1296,6599 S 733,6899 7277,4946 10720,821 14451,929 5587,635 864,3299
1,9661642 B 629,0351 2192,1653 12086,997 11620,77 18678,613 1296,6599 S 733,6899 7277,4946 10720,821 14451,929 5587,635 864,3299
1,9667622 B 629,0351 2192,1653 12086,997 11620,77 18678,613 1296,6599 S 733,6899 7277,4946 10720,821 14451,929 5587,635 864,3299
1,9669997 B 629,0351 2192,1653 12086,997 11620,77 18678,613 1296,6599 S 733,6899 7277,4946 10720,821 14451,929 5587,635 864,3299
1,9644109 B 629,0351 2192,1653 12086,997 11620,77 18678,613 1296,6599 S 733,6899 7277,4946 10720,821 14451,929 5587,635 864,3299
1,9603964 B 629,0351 2192,1653 12086,997 11620,77 18678,613 1296,6599 S 733,6899 7277,4946 10720,821 14451,929 5587,635 864,3299
1,9604877 B 629,0351 2192,1653 12086,997 11620,77 18678,613 1296,6599 S 733,6899 7277,4946 10720,821 14451,929 5587,635 864,3299
1,9595836 B 629,0351 2192,1653 12086,997 11620,77 18678,613 1296,6599 S 733,6899 7277,4946 10720,821 14451,929 5587,635 864,3299
1,9580449 B 629,0351 2192,1653 12086,997 11620,77 18678,613 1296,6599 S 733,6899 7277,4946 10720,821 14451,929 5587,635 864,3299
1,9579941 B 629,0351 2192,1653 12086,997 11620,77 18678,613 1296,6599 S 733,6899 7277,4946 10720,821 14451,929 5587,635 864,3299
1,9677272 B 629,0351 2192,1653 12086,997 11620,77 18678,613 1296,6599 S 733,6899 7277,4946 10720,821 14451,929 5587,635 864,3299
1,9687632 B 629,0351 2192,1653 12086,997 11620,77 18678,613 1296,6599 S 733,6899 7277,4946 10720,821 14451,929 5587,635 864,3299
1,967197 B 629,0351 2192,1653 12086,997 11620,77 18678,613 1296,6599 S 733,6899 7277,4946 10720,821 14451,929 5587,635 864,3299
1,9691032 B 629,0351 2192,1653 12086,997 11620,77 18678,613 1296,6599 S 733,6899 7277,4946 10720,821 14451,929 5587,635 864,3299
1,9700007 B 629,0351 2192,1653 12086,997 11620,77 18678,613 1296,6599 S 733,6899 7277,4946 10720,821 14451,929 5587,635 864,3299
1,9636747 B 629,0351 2192,1653 12086,997 11620,77 18678,613 1296,6599 S 733,6899 7277,4946 10720,821 14451,929 5587,635 864,3299
1,9636344 B 629,0351 2192,1653 12086,997 11620,77 18678,613 1296,6599 S 733,6899 7277,4946 10720,821 14451,929 5587,635 864,3299
1,9679896 B 629,0351 2192,1653 12086,997 11620,77 18678,613 1296,6599 S 733,6899 7277,4946 10720,821 14451,929 5587,635 864,3299
1,9717673 B 629,0351 2192,1653 12086,997 11620,77 18678,613 1296,6599 S 733,6899 7277,4946 10720,821 14451,929 5587,635 864,3299
1,9765221 B 629,0351 2192,1653 12086,997 11620,77 18678,613 1296,6599 S 733,6899 7277,4946 10720,821 14451,929 5587,635 864,3299
1,9739093 B 629,0351 2192,1653 12086,997 11620,77 18678,613 1296,6599 S 733,6899 7277,4946 10720,821 14451,929 5587,635 864,3299
1,9719999 B 629,0351 2192,1653 12086,997 11620,77 18678,613 1296,6599 S 733,6899 7277,4946 10720,821 14451,929 5587,635 864,3299
1,971999 B 629,0351 2192,1653 12086,997 11620,77 18678,613 1296,6599 S 733,6899 7277,4946 10720,821 14451,929 5587,635 864,3299
1,9715583 B 629,0351 2192,1653 12086,997 11620,77 18678,613 1296,6599 S 733,6899 7277,4946 10720,821 14451,929 5587,635 864,3299
1,9717556 B 629,0351 2192,1653 12086,997 11620,77 18678,613 1296,6599 S 733,6899 7277,4946 10720,821 14451,929 5587,635 864,3299
1,9712064 B 629,0351 2192,1653 12086,997 11620,77 18678,613 1296,6599 S 733,6899 7277,4946 10720,821 14451,929 5587,635 864,3299
1,9745375 B 629,0351 2192,1653 12086,997 11620,77 18678,613 1296,6599 S 733,6899 7277,4946 10720,821 14451,929 5587,635 864,3299
1,9750001 B 629,0351 2192,1653 12086,997 11620,77 18678,613 1296,6599 S 733,6899 7277,4946 10720,821 14451,929 5587,635 864,3299
1,9757931 B 629,0351 2192,1653 12086,997 11620,77 18678,613 1296,6599 S 733,6899 7277,4946 10720,821 14451,929 5587,635 864,3299
1,9767112 B 629,0351 2192,1653 12086,997 11620,77 18678,613 1296,6599 S 733,6899 7277,4946 10720,821 14451,929 5587,635 864,3299
1,9770007 B 629,0351 2192,1653 12086,997 11620,77 18678,613 1296,6599 S 733,6899 7277,4946 10720,821 14451,929 5587,635 864,3299
1,9788607 B 629,0351 2192,1653 12086,997 11620,77 18678,613 1296,6599 S 733,6899 7277,4946 10720,821 14451,929 5587,635 864,3299
1,9831088 B 629,0351 2192,1653 12086,997 11620,77 18678,613 1296,6599 S 733,6899 7277,4946 10720,821 14451,929 5587,635 864,3299
1,9837879 B 629,0351 2192,1653 12086,997 11620,77 18678,613 1296,6599 S 733,6899 7277,4946 10720,821 14451,929 5587,635 864,3299
1,9861279 B 629,0351 2192,1653 12086,997 11620,77 18678,613 1296,6599 S 733,6899 7277,4946 10720,821 14451,929 5587,635 864,3299
1,986 B 629,0351 2192,1653 12086,997 11620,77 18678,613 1296,6599 S 733,6899 7277,4946 10720,821 14451,929 5587,635 864,3299
1,984328 B 629,0351 2192,1653 12086,997 11620,77 18678,613 1296,6599 S 733,6899 7277,4946 10720,821 14451,929 5587,635 864,3299
1,9830002 B 629,0351 2192,1653 12086,997 11620,77 18678,613 1296,6599 S 733,6899 7277,4946 10720,821 14451,929 5587,635 864,3299
1,9800174 B 629,0351 2192,1653 12086,997 11620,77 18678,613 1296,6599 S 733,6899 7277,4946 10720,821 14451,929 5587,635 864,3299
1,9797972 B 629,0351 2192,1653 12086,997 11620,77 18678,613 1296,6599 S 733,6899 7277,4946 10720,821 14451,929 5587,635 864,3299
1,9818003 B 629,0351 2192,1653 12086,997 11620,77 18678,613 1296,6599 S 733,6899 7277,4946 10720,821 14451,929 5587,635 864,3299
1,9819998 B 629,0351 2192,1653 12086,997 11620,77 18678,613 1296,6599 S 733,6899 7277,4946 10720,821 14451,929 5587,635 864,3299
1,980682 B 629,0351 2192,1653 12086,997 11620,77 18678,613 1296,6599 S 733,6899 7277,4946 10720,821 14451,929 5587,635 864,3299
1,979408 B 629,0351 2192,1653 12086,997 11620,77 18678,613 1296,6599 S 733,6899 7277,4946 10720,821 14451,929 5587,635 864,3299
1,9785962 B 629,0351 2192,1653 12086,997 11620,77 18678,613 1296,6599 S 733,6899 7277,4946 10720,821 14451,929 5587,635 864,3299
1,9788401 B 629,0351 2192,1653 12086,997 11620,77 18678,613 1296,6599 S 733,6899 7277,4946 10720,821 14451,929 5587,635 864,3299
1,9799998 B 629,0351 2192,1653 12086,997 11620,77 18678,613 1296,6599 S 733,6899 7277,4946 10720,821 14451,929 5587,635 864,3299
1,9799997 B 629,0351 2192,1653 12086,997 11620,77 18678,613 1296,6599 S 733,6899 7277,4946 10720,821 14451,929 5587,635 864,3299
1,9800001 B 629,0351 2192,1653 12086,997 11620,77 18678,613 1296,6599 S 733,6899 7277,4946 10720,821 14451,929 5587,635 864,3299
1,9799998 B 629,0351 2192,1653 12086,997 11620,77 18678,613 1296,6599 S 733,6899 7277,4946 10720,821 14451,929 5587,635 864,3299
1,9799999 B 629,0351 2192,1653 12086,997 11620,77 18678,613 1296,6599 S 733,6899 7277,4946 10720,821 14451,929 5587,635 864,3299
1,9796389 B 629,0351 2192,1653 12086,997 11620,77 18678,613 1296,6599 S 733,6899 7277,4946 10720,821 14451,929 5587,635 864,3299
1,9799997 B 629,0351 2192,1653 12086,997 11620,77 18678,613 1296,6599 S 733,6899 7277,4946 10720,821 14451,929 5587,635 864,3299
1,9800001 B 629,0351 2192,1653 12086,997 11620,77 18678,613 1296,6599 S 733,6899 7277,4946 10720,821 14451,929 5587,635 864,3299
1,9761697 B 629,0351 2192,1653 12086,997 11620,77 18678,613 1296,6599 S 733,6899 7277,4946 10720,821 14451,929 5587,635 864,3299
1,976001 B 629,0351 2192,1653 12086,997 11620,77 18678,613 1296,6599 S 733,6899 7277,4946 10720,821 14451,929 5587,635 864,3299
1,9760013 B 629,0351 2192,1653 12086,997 11620,77 18678,613 1296,6599 S 733,6899 7277,4946 10720,821 14451,929 5587,635 864,3299
1,9760005 B 629,0351 2192,1653 12086,997 11620,77 18678,613 1296,6599 S 733,6899 7277,4946 10720,821 14451,929 5587,635 864,3299
1,9760003 B 629,0351 2192,1653 12086,997 11620,77 18678,613 1296,6599 S 733,6899 7277,4946 10720,821 14451,929 5587,635 864,3299
1,9787762 B 629,0351 2192,1653 12086,997 11620,77 18678,613 1296,6599 S 733,6899 7277,4946 10720,821 14451,929 5587,635 864,3299
1,9812204 B 629,0351 2192,1653 12086,997 11620,77 18678,613 1296,6599 S 733,6899 7277,4946 10720,821 14451,929 5587,635 864,3299
1,9828284 B 629,0351 2192,1653 12086,997 11620,77 18678,613 1296,6599 S 733,6899 7277,4946 10720,821 14451,929 5587,635 864,3299
1,9839995 B 629,0351 2192,1653 12086,997 11620,77 18678,613 1296,6599 S 733,6899 7277,4946 10720,821 14451,929 5587,635 864,3299
1,9856385 B 629,0351 2192,1653 12086,997 11620,77 18678,613 1296,6599 S 733,6899 7277,4946 10720,821 14451,929 5587,635 864,3299
1,9867196 B 629,0351 2192,1653 12086,997 11620,77 18678,613 1296,6599 S 733,6899 7277,4946 10720,821 14451,929 5587,635 864,3299
1,9873949 B 629,0351 2192,1653 12086,997 11620,77 18678,613 1296,6599 S 733,6899 7277,4946 10720,821 14451,929 5587,635 864,3299
1,991536 B 629,0351 2192,1653 12086,997 11620,77 18678,613 1296,6599 S 733,6899 7277,4946 10720,821 14451,929 5587,635 864,3299
1,988569 B 629,0351 2192,1653 12086,997 11620,77 18678,613 1296,6599 S 733,6899 7277,4946 10720,821 14451,929 5587,635 864,3299
1,9874295 B 629,0351 2192,1653 12086,997 11620,77 18678,613 1296,6599 S 733,6899 7277,4946 10720,821 14451,929 5587,635 864,3299
1,9871902 B 629,0351 2192,1653 12086,997 11620,77 18678,613 1296,6599 S 733,6899 7277,4946 10720,821 14451,929 5587,635 864,3299
1,9880002 B 629,0351 2192,1653 12086,997 11620,77 18678,613 1296,6599 S 733,6899 7277,4946 10720,821 14451,929 5587,635 864,3299
1,9879994 B 629,0351 2192,1653 12086,997 11620,77 18678,613 1296,6599 S 733,6899 7277,4946 10720,821 14451,929 5587,635 864,3299
1,9871008 B 629,0351 2192,1653 12086,997 11620,77 18678,613 1296,6599 S 733,6899 7277,4946 10720,821 14451,929 5587,635 864,3299
1,9869998 B 629,0351 2192,1653 12086,997 11620,77 18678,613 1296,6599 S 733,6899 7277,4946 10720,821 14451,929 5587,635 864,3299
1,988581 B 629,0351 2192,1653 12086,997 11620,77 18678,613 1296,6599 S 733,6899 7277,4946 10720,821 14451,929 5587,635 864,3299
1,9903181 B 629,0351 2192,1653 12086,997 11620,77 18678,613 1296,6599 S 733,6899 7277,4946 10720,821 14451,929 5587,635 864,3299
1,9900002 B 629,0351 2192,1653 12086,997 11620,77 18678,613 1296,6599 S 733,6899 7277,4946 10720,821 14451,929 5587,635 864,3299
1,9885243 B 629,0351 2192,1653 12086,997 11620,77 18678,613 1296,6599 S 733,6899 7277,4946 10720,821 14451,929 5587,635 864,3299
1,9876897 B 629,0351 2192,1653 12086,997 11620,77 18678,613 1296,6599 S 733,6899 7277,4946 10720,821 14451,929 5587,635 864,3299
1,9870002 B 629,0351 2192,1653 12086,997 11620,77 18678,613 1296,6599 S 733,6899 7277,4946 10720,821 14451,929 5587,635 864,3299
1,9864465 B 629,0351 2192,1653 12086,997 11620,77 18678,613 1296,6599 S 733,6899 7277,4946 10720,821 14451,929 5587,635 864,3299
1,9845313 B 629,0351 2192,1653 12086,997 11620,77 18678,613 1296,6599 S 733,6899 7277,4946 10720,821 14451,929 5587,635 864,3299
1,9850001 B 629,0351 2192,1653 12086,997 11620,77 18678,613 1296,6599 S 733,6899 7277,4946 10720,821 14451,929 5587,635 864,3299
1,9850004 B 629,0351 2192,1653 12086,997 11620,77 18678,613 1296,6599 S 733,6899 7277,4946 10720,821 14451,929 5587,635 864,3299
1,9833654 B 629,0351 2192,1653 12086,997 11620,77 18678,613 1296,6599 S 733,6899 7277,4946 10720,821 14451,929 5587,635 864,3299
1,9830004 B 629,0351 2192,1653 12086,997 11620,77 18678,613 1296,6599 S 733,6899 7277,4946 10720,821 14451,929 5587,635 864,3299
1,983 B 629,0351 2192,1653 12086,997 11620,77 18678,613 1296,6599 S 733,6899 7277,4946 10720,821 14451,929 5587,635 864,3299
1,9830003 B 629,0351 2192,1653 12086,997 11620,77 18678,613 1296,6599 S 733,6899 7277,4946 10720,821 14451,929 5587,635 864,3299
1,9830003 B 629,0351 2192,1653 12086,997 11620,77 18678,613 1296,6599 S 733,6899 7277,4946 10720,821 14451,929 5587,635 864,3299
1,9830005 B 629,0351 2192,1653 12086,997 11620,77 18678,613 1296,6599 S 733,6899 7277,4946 10720,821 14451,929 5587,635 864,3299
1,9830002 B 629,0351 2192,1653 12086,997 11620,77 18678,613 1296,6599 S 733,6899 7277,4946 10720,821 14451,929 5587,635 864,3299
1,9829994 B 629,0351 2192,1653 12086,997 11620,77 18678,613 1296,6599 S 733,6899 7277,4946 10720,821 14451,929 5587,635 864,3299
1,9830003 B 629,0351 2192,1653 12086,997 11620,77 18678,613 1296,6599 S 733,6899 7277,4946 10720,821 14451,929 5587,635 864,3299
1,9830003 B 629,0351 2192,1653 12086,997 11620,77 18678,613 1296,6599 S 733,6899 7277,4946 10720,821 14451,929 5587,635 864,3299
1,9830005 B 629,0351 2192,1653 12086,997 11620,77 18678,613 1296,6599 S 733,6899 7277,4946 10720,821 14451,929 5587,635 864,3299
1,9830004 B 629,0351 2192,1653 12086,997 11620,77 18678,613 1296,6599 S 733,6899 7277,4946 10720,821 14451,929 5587,635 864,3299
1,983001 B 629,0351 2192,1653 12086,997 11620,77 18678,613 1296,6599 S 733,6899 7277,4946 10720,821 14451,929 5587,635 864,3299
1,9831597 B 629,0351 2192,1653 12086,997 11620,77 18678,613 1296,6599 S 733,6899 7277,4946 10720,821 14451,929 5587,635 864,3299
1,9880003 B 629,0351 2192,1653 12086,997 11620,77 18678,613 1296,6599 S 733,6899 7277,4946 10720,821 14451,929 5587,635 864,3299
1,9856389 B 629,0351 2192,1653 12086,997 11620,77 18678,613 1296,6599 S 733,6899 7277,4946 10720,821 14451,929 5587,635 864,3299
1,9840328 B 629,0351 2192,1653 12086,997 11620,77 18678,613 1296,6599 S 733,6899 7277,4946 10720,821 14451,929 5587,635 864,3299
1,9850003 B 629,0351 2192,1653 12086,997 11620,77 18678,613 1296,6599 S 733,6899 7277,4946 10720,821 14451,929 5587,635 864,3299
1,9850004 B 629,0351 2192,1653 12086,997 11620,77 18678,613 1296,6599 S 733,6899 7277,4946 10720,821 14451,929 5587,635 864,3299
1,9849998 B 629,0351 2192,1653 12086,997 11620,77 18678,613 1296,6599 S 733,6899 7277,4946 10720,821 14451,929 5587,635 864,3299
1,9854873 B 629,0351 2192,1653 12086,997 11620,77 18678,613 1296,6599 S 733,6899 7277,4946 10720,821 14451,929 5587,635 864,3299
1,9851497 B 629,0351 2192,1653 12086,997 11620,77 18678,613 1296,6599 S 733,6899 7277,4946 10720,821 14451,929 5587,635 864,3299
1,9850001 B 629,0351 2192,1653 12086,997 11620,77 18678,613 1296,6599 S 733,6899 7277,4946 10720,821 14451,929 5587,635 864,3299
1,9849994 B 629,0351 2192,1653 12086,997 11620,77 18678,613 1296,6599 S 733,6899 7277,4946 10720,821 14451,929 5587,635 864,3299
1,9858569 B 629,0351 2192,1653 12086,997 11620,77 18678,613 1296,6599 S 733,6899 7277,4946 10720,821 14451,929 5587,635 864,3299
1,9869999 B 629,0351 2192,1653 12086,997 11620,77 18678,613 1296,6599 S 733,6899 7277,4946 10720,821 14451,929 5587,635 864,3299
1,9870003 B 629,0351 2192,1653 12086,997 11620,77 18678,613 1296,6599 S 733,6899 7277,4946 10720,821 14451,929 5587,635 864,3299
1,987 B 629,0351 2192,1653 12086,997 11620,77 18678,613 1296,6599 S 733,6899 7277,4946 10720,821 14451,929 5587,635 864,3299
1,9856534 B 629,0351 2192,1653 12086,997 11620,77 18678,613 1296,6599 S 733,6899 7277,4946 10720,821 14451,929 5587,635 864,3299
1,984 B 629,0351 2192,1653 12086,997 11620,77 18678,613 1296,6599 S 733,6899 7277,4946 10720,821 14451,929 5587,635 864,3299
1,9832292 B 629,0351 2192,1653 12086,997 11620,77 18678,613 1296,6599 S 733,6899 7277,4946 10720,821 14451,929 5587,635 864,3299
1,9830002 B 629,0351 2192,1653 12086,997 11620,77 18678,613 1296,6599 S 733,6899 7277,4946 10720,821 14451,929 5587,635 864,3299
1,9817333 B 629,0351 2192,1653 12086,997 11620,77 18678,613 1296,6599 S 733,6899 7277,4946 10720,821 14451,929 5587,635 864,3299
1,9829543 B 629,0351 2192,1653 12086,997 11620,77 18678,613 1296,6599 S 733,6899 7277,4946 10720,821 14451,929 5587,635 864,3299
1,9827182 B 629,0351 2192,1653 12086,997 11620,77 18678,613 1296,6599 S 733,6899 7277,4946 10720,821 14451,929 5587,635 864,3299
1,9814948 B 629,0351 2192,1653 12086,997 11620,77 18678,613 1296,6599 S 733,6899 7277,4946 10720,821 14451,929 5587,635 864,3299
1,9810002 B 629,0351 2192,1653 12086,997 11620,77 18678,613 1296,6599 S 733,6899 7277,4946 10720,821 14451,929 5587,635 864,3299
1,9809998 B 629,0351 2192,1653 12086,997 11620,77 18678,613 1296,6599 S 733,6899 7277,4946 10720,821 14451,929 5587,635 864,3299
1,9811536 B 629,0351 2192,1653 12086,997 11620,77 18678,613 1296,6599 S 733,6899 7277,4946 10720,821 14451,929 5587,635 864,3299
1,9820004 B 629,0351 2192,1653 12086,997 11620,77 18678,613 1296,6599 S 733,6899 7277,4946 10720,821 14451,929 5587,635 864,3299
1,9814131 B 629,0351 2192,1653 12086,997 11620,77 18678,613 1296,6599 S 733,6899 7277,4946 10720,821 14451,929 5587,635 864,3299
1,9809998 B 629,0351 2192,1653 12086,997 11620,77 18678,613 1296,6599 S 733,6899 7277,4946 10720,821 14451,929 5587,635 864,3299
1,9809998 B 629,0351 2192,1653 12086,997 11620,77 18678,613 1296,6599 S 733,6899 7277,4946 10720,821 14451,929 5587,635 864,3299
1,9809997 B 629,0351 2192,1653 12086,997 11620,77 18678,613 1296,6599 S 733,6899 7277,4946 10720,821 14451,929 5587,635 864,3299
1,9810002 B 629,0351 2192,1653 12086,997 11620,77 18678,613 1296,6599 S 733,6899 7277,4946 10720,821 14451,929 5587,635 864,3299
1,9809992 B 629,0351 2192,1653 12086,997 11620,77 18678,613 1296,6599 S 733,6899 7277,4946 10720,821 14451,929 5587,635 864,3299
1,9809997 B 629,0351 2192,1653 12086,997 11620,77 18678,613 1296,6599 S 733,6899 7277,4946 10720,821 14451,929 5587,635 864,3299
1,9809988 B 629,0351 2192,1653 12086,997 11620,77 18678,613 1296,6599 S 733,6899 7277,4946 10720,821 14451,929 5587,635 864,3299
1,9810001 B 629,0351 2192,1653 12086,997 11620,77 18678,613 1296,6599 S 733,6899 7277,4946 10720,821 14451,929 5587,635 864,3299
1,9809997 B 629,0351 2192,1653 12086,997 11620,77 18678,613 1296,6599 S 733,6899 7277,4946 10720,821 14451,929 5587,635 864,3299
1,9809996 B 629,0351 2192,1653 12086,997 11620,77 18678,613 1296,6599 S 733,6899 7277,4946 10720,821 14451,929 5587,635 864,3299
1,9819039 B 629,0351 2192,1653 12086,997 11620,77 18678,613 1296,6599 S 733,6899 7277,4946 10720,821 14451,929 5587,635 864,3299
1,9839997 B 629,0351 2192,1653 12086,997 11620,77 18678,613 1296,6599 S 733,6899 7277,4946 10720,821 14451,929 5587,635 864,3299
1,9855522 B 629,0351 2192,1653 12086,997 11620,77 18678,613 1296,6599 S 733,6899 7277,4946 10720,821 14451,929 5587,635 864,3299
1,9870136 B 629,0351 2192,1653 12086,997 11620,77 18678,613 1296,6599 S 733,6899 7277,4946 10720,821 14451,929 5587,635 864,3299
1,9879996 B 629,0351 2192,1653 12086,997 11620,77 18678,613 1296,6599 S 733,6899 7277,4946 10720,821 14451,929 5587,635 864,3299
1,9880002 B 629,0351 2192,1653 12086,997 11620,77 18678,613 1296,6599 S 733,6899 7277,4946 10720,821 14451,929 5587,635 864,3299
1,9879997 B 629,0351 2192,1653 12086,997 11620,77 18678,613 1296,6599 S 733,6899 7277,4946 10720,821 14451,929 5587,635 864,3299
1,9880003 B 629,0351 2192,1653 12086,997 11620,77 18678,613 1296,6599 S 733,6899 7277,4946 10720,821 14451,929 5587,635 864,3299
