1,9884686
1,9890003 B 2722,5981 1406,8038 10198,718 13232,61 10947,172 9212,919 S 6902,394 6397,6543 4457,1616 7308,7856 8654,061 3110,746
1,9889998 B 2722,5981 1406,8038 10198,718 13232,61 10947,172 9212,919 S 6902,394 6397,6543 4457,1616 7308,7856 8654,061 3110,746
1,9890006 B 2722,5981 1406,8038 10198,718 13232,61 10947,172 9212,919 S 6902,394 6397,6543 4457,1616 7308,7856 8654,061 3110,746
1,9890001 B 2722,5981 1406,8038 10198,718 13232,61 10947,172 9212,919 S 6902,394 6397,6543 4457,1616 7308,7856 8654,061 3110,746
1,9890001 B 2722,5981 1406,8038 10198,718 13232,61 10947,172 9212,919 S 6902,394 6397,6543 4457,1616 7308,7856 8654,061 3110,746
1,9890001 B 2722,5981 1406,8038 10198,718 13232,61 10947,172 9212,919 S 6902,394 6397,6543 4457,1616 7308,7856 8654,061 3110,746
1,9889998 B 2722,5981 1406,8038 10198,718 13232,61 10947,172 9212,919 S 6902,394 6397,6543 4457,1616 7308,7856 8654,061 3110,746
1,989 B 2722,5981 1406,8038 10198,718 13232,61 10947,172 9212,919 S 6902,394 6397,6543 4457,1616 7308,7856 8654,061 3110,746
1,9889998 B 2722,5981 1406,8038 10198,718 13232,61 10947,172 9212,919 S 6902,394 6397,6543 4457,1616 7308,7856 8654,061 3110,746
1,9889992 B 2722,5981 1406,8038 10198,718 13232,61 10947,172 9212,919 S 6902,394 6397,6543 4457,1616 7308,7856 8654,061 3110,746
1,9890004 B 2722,5981 1406,8038 10198,718 13232,61 10947,172 9212,919 S 6902,394 6397,6543 4457,1616 7308,7856 8654,061 3110,746
1,9890003 B 2722,5981 1406,8038 10198,718 13232,61 10947,172 9212,919 S 6902,394 6397,6543 4457,1616 7308,7856 8654,061 3110,746
1,9890003 B 2722,5981 1406,8038 10198,718 13232,61 10947,172 9212,919 S 6902,394 6397,6543 4457,1616 7308,7856 8654,061 3110,746
1,9890001 B 2722,5981 1406,8038 10198,718 13232,61 10947,172 9212,919 S 6902,394 6397,6543 4457,1616 7308,7856 8654,061 3110,746
1,9889996 B 2722,5981 1406,8038 10198,718 13232,61 10947,172 9212,919 S 6902,394 6397,6543 4457,1616 7308,7856 8654,061 3110,746
1,989 B 2722,5981 1406,8038 10198,718 13232,61 10947,172 9212,919 S 6902,394 6397,6543 4457,1616 7308,7856 8654,061 3110,746
1,9890001 B 2722,5981 1406,8038 10198,718 13232,61 10947,172 9212,919 S 6902,394 6397,6543 4457,1616 7308,7856 8654,061 3110,746
1,9889996 B 2722,5981 1406,8038 10198,718 13232,61 10947,172 9212,919 S 6902,394 6397,6543 4457,1616 7308,7856 8654,061 3110,746
1,9890797 B 2722,5981 1406,8038 10198,718 13232,61 10947,172 9212,919 S 6902,394 6397,6543 4457,1616 7308,7856 8654,061 3110,746
1,9900004 B 2722,5981 1406,8038 10198,718 13232,61 10947,172 9212,919 S 6902,394 6397,6543 4457,1616 7308,7856 8654,061 3110,746
1,9900002 B 2722,5981 1406,8038 10198,718 13232,61 10947,172 9212,919 S 6902,394 6397,6543 4457,1616 7308,7856 8654,061 3110,746
1,99 B 2722,5981 1406,8038 10198,718 13232,61 10947,172 9212,919 S 6902,394 6397,6543 4457,1616 7308,7856 8654,061 3110,746
1,9900001 B 2722,5981 1406,8038 10198,718 13232,61 10947,172 9212,919 S 6902,394 6397,6543 4457,1616 7308,7856 8654,061 3110,746
1,9900011 B 2722,5981 1406,8038 10198,718 13232,61 10947,172 9212,919 S 6902,394 6397,6543 4457,1616 7308,7856 8654,061 3110,746
1,9899801 B 2722,5981 1406,8038 10198,718 13232,61 10947,172 9212,919 S 6902,394 6397,6543 4457,1616 7308,7856 8654,061 3110,746
1,9870001 B 2722,5981 1406,8038 10198,718 13232,61 10947,172 9212,919 S 6902,394 6397,6543 4457,1616 7308,7856 8654,061 3110,746
1,9870007 B 2722,5981 1406,8038 10198,718 13232,61 10947,172 9212,919 S 6902,394 6397,6543 4457,1616 7308,7856 8654,061 3110,746
1,9870002 B 2722,5981 1406,8038 10198,718 13232,61 10947,172 9212,919 S 6902,394 6397,6543 4457,1616 7308,7856 8654,061 3110,746
1,9869999 B 2722,5981 1406,8038 10198,718 13232,61 10947,172 9212,919 S 6902,394 6397,6543 4457,1616 7308,7856 8654,061 3110,746
1,9869999 B 2722,5981 1406,8038 10198,718 13232,61 10947,172 9212,919 S 6902,394 6397,6543 4457,1616 7308,7856 8654,061 3110,746
1,9869998 B 2722,5981 1406,8038 10198,718 13232,61 10947,172 9212,919 S 6902,394 6397,6543 4457,1616 7308,7856 8654,061 3110,746
1,9869999 B 2722,5981 1406,8038 10198,718 13232,61 10947,172 9212,919 S 6902,394 6397,6543 4457,1616 7308,7856 8654,061 3110,746
1,9870006 B 2722,5981 1406,8038 10198,718 13232,61 10947,172 9212,919 S 6902,394 6397,6543 4457,1616 7308,7856 8654,061 3110,746
1,9870001 B 2722,5981 1406,8038 10198,718 13232,61 10947,172 9212,919 S 6902,394 6397,6543 4457,1616 7308,7856 8654,061 3110,746
1,9869996 B 2722,5981 1406,8038 10198,718 13232,61 10947,172 9212,919 S 6902,394 6397,6543 4457,1616 7308,7856 8654,061 3110,746
1,987 B 2722,5981 1406,8038 10198,718 13232,61 10947,172 9212,919 S 6902,394 6397,6543 4457,1616 7308,7856 8654,061 3110,746
1,9870001 B 2722,5981 1406,8038 10198,718 13232,61 10947,172 9212,919 S 6902,394 6397,6543 4457,1616 7308,7856 8654,061 3110,746
1,9869994 B 2722,5981 1406,8038 10198,718 13232,61 10947,172 9212,919 S 6902,394 6397,6543 4457,1616 7308,7856 8654,061 3110,746
1,9875774 B 2722,5981 1406,8038 10198,718 13232,61 10947,172 9212,919 S 6902,394 6397,6543 4457,1616 7308,7856 8654,061 3110,746
1,9900002 B 2722,5981 1406,8038 10198,718 13232,61 10947,172 9212,919 S 6902,394 6397,6543 4457,1616 7308,7856 8654,061 3110,746
1,9900005 B 2722,5981 1406,8038 10198,718 13232,61 10947,172 9212,919 S 6902,394 6397,6543 4457,1616 7308,7856 8654,061 3110,746
1,9900002 B 2722,5981 1406,8038 10198,718 13232,61 10947,172 9212,919 S 6902,394 6397,6543 4457,1616 7308,7856 8654,061 3110,746
1,990001 B 2722,5981 1406,8038 10198,718 13232,61 10947,172 9212,919 S 6902,394 6397,6543 4457,1616 7308,7856 8654,061 3110,746
1,9900002 B 2722,5981 1406,8038 10198,718 13232,61 10947,172 9212,919 S 6902,394 6397,6543 4457,1616 7308,7856 8654,061 3110,746
1,9900001 B 2722,5981 1406,8038 10198,718 13232,61 10947,172 9212,919 S 6902,394 6397,6543 4457,1616 7308,7856 8654,061 3110,746
1,9900005 B 2722,5981 1406,8038 10198,718 13232,61 10947,172 9212,919 S 6902,394 6397,6543 4457,1616 7308,7856 8654,061 3110,746
1,99 B 2722,5981 1406,8038 10198,718 13232,61 10947,172 9212,919 S 6902,394 6397,6543 4457,1616 7308,7856 8654,061 3110,746
1,9900006 B 2722,5981 1406,8038 10198,718 13232,61 10947,172 9212,919 S 6902,394 6397,6543 4457,1616 7308,7856 8654,061 3110,746
1,9900008 B 2722,5981 1406,8038 10198,718 13232,61 10947,172 9212,919 S 6902,394 6397,6543 4457,1616 7308,7856 8654,061 3110,746
1,9900001 B 2722,5981 1406,8038 10198,718 13232,61 10947,172 9212,919 S 6902,394 6397,6543 4457,1616 7308,7856 8654,061 3110,746
1,9900006 B 2722,5981 1406,8038 10198,718 13232,61 10947,172 9212,919 S 6902,394 6397,6543 4457,1616 7308,7856 8654,061 3110,746
1,9899997 B 2722,5981 1406,8038 10198,718 13232,61 10947,172 9212,919 S 6902,394 6397,6543 4457,1616 7308,7856 8654,061 3110,746
1,9900004 B 2722,5981 1406,8038 10198,718 13232,61 10947,172 9212,919 S 6902,394 6397,6543 4457,1616 7308,7856 8654,061 3110,746
1,9900005 B 2722,5981 1406,8038 10198,718 13232,61 10947,172 9212,919 S 6902,394 6397,6543 4457,1616 7308,7856 8654,061 3110,746
1,9900002 B 2722,5981 1406,8038 10198,718 13232,61 10947,172 9212,919 S 6902,394 6397,6543 4457,1616 7308,7856 8654,061 3110,746
1,9900002 B 2722,5981 1406,8038 10198,718 13232,61 10947,172 9212,919 S 6902,394 6397,6543 4457,1616 7308,7856 8654,061 3110,746
1,9900005 B 2722,5981 1406,8038 10198,718 13232,61 10947,172 9212,919 S 6902,394 6397,6543 4457,1616 7308,7856 8654,061 3110,746
1,9900001 B 2722,5981 1406,8038 10198,718 13232,61 10947,172 9212,919 S 6902,394 6397,6543 4457,1616 7308,7856 8654,061 3110,746
1,9900005 B 2722,5981 1406,8038 10198,718 13232,61 10947,172 9212,919 S 6902,394 6397,6543 4457,1616 7308,7856 8654,061 3110,746
1,9900005 B 2722,5981 1406,8038 10198,718 13232,61 10947,172 9212,919 S 6902,394 6397,6543 4457,1616 7308,7856 8654,061 3110,746
1,9900008 B 2722,5981 1406,8038 10198,718 13232,61 10947,172 9212,919 S 6902,394 6397,6543 4457,1616 7308,7856 8654,061 3110,746
1,9900001 B 2722,5981 1406,8038 10198,718 13232,61 10947,172 9212,919 S 6902,394 6397,6543 4457,1616 7308,7856 8654,061 3110,746
1,9899997 B 2722,5981 1406,8038 10198,718 13232,61 10947,172 9212,919 S 6902,394 6397,6543 4457,1616 7308,7856 8654,061 3110,746
1,9900005 B 2722,5981 1406,8038 10198,718 13232,61 10947,172 9212,919 S 6902,394 6397,6543 4457,1616 7308,7856 8654,061 3110,746
1,9899999 B 2722,5981 1406,8038 10198,718 13232,61 10947,172 9212,919 S 6902,394 6397,6543 4457,1616 7308,7856 8654,061 3110,746
1,9900002 B 2722,5981 1406,8038 10198,718 13232,61 10947,172 9212,919 S 6902,394 6397,6543 4457,1616 7308,7856 8654,061 3110,746
1,9900005 B 2722,5981 1406,8038 10198,718 13232,61 10947,172 9212,919 S 6902,394 6397,6543 4457,1616 7308,7856 8654,061 3110,746
1,99 B 2722,5981 1406,8038 10198,718 13232,61 10947,172 9212,919 S 6902,394 6397,6543 4457,1616 7308,7856 8654,061 3110,746
1,9900005 B 2722,5981 1406,8038 10198,718 13232,61 10947,172 9212,919 S 6902,394 6397,6543 4457,1616 7308,7856 8654,061 3110,746
1,9899998 B 2722,5981 1406,8038 10198,718 13232,61 10947,172 9212,919 S 6902,394 6397,6543 4457,1616 7308,7856 8654,061 3110,746
1,9900002 B 2722,5981 1406,8038 10198,718 13232,61 10947,172 9212,919 S 6902,394 6397,6543 4457,1616 7308,7856 8654,061 3110,746
1,9900005 B 2722,5981 1406,8038 10198,718 13232,61 10947,172 9212,919 S 6902,394 6397,6543 4457,1616 7308,7856 8654,061 3110,746
1,9900005 B 2722,5981 1406,8038 10198,718 13232,61 10947,172 9212,919 S 6902,394 6397,6543 4457,1616 7308,7856 8654,061 3110,746
1,9899999 B 2722,5981 1406,8038 10198,718 13232,61 10947,172 9212,919 S 6902,394 6397,6543 4457,1616 7308,7856 8654,061 3110,746
1,9899997 B 2722,5981 1406,8038 10198,718 13232,61 10947,172 9212,919 S 6902,394 6397,6543 4457,1616 7308,7856 8654,061 3110,746
1,9900006 B 2722,5981 1406,8038 10198,718 13232,61 10947,172 9212,919 S 6902,394 6397,6543 4457,1616 7308,7856 8654,061 3110,746
1,9900001 B 2722,5981 1406,8038 10198,718 13232,61 10947,172 9212,919 S 6902,394 6397,6543 4457,1616 7308,7856 8654,061 3110,746
1,9900004 B 2722,5981 1406,8038 10198,718 13232,61 10947,172 9212,919 S 6902,394 6397,6543 4457,1616 7308,7856 8654,061 3110,746
1,9900005 B 2722,5981 1406,8038 10198,718 13232,61 10947,172 9212,919 S 6902,394 6397,6543 4457,1616 7308,7856 8654,061 3110,746
1,9900002 B 2722,5981 1406,8038 10198,718 13232,61 10947,172 9212,919 S 6902,394 6397,6543 4457,1616 7308,7856 8654,061 3110,746
1,9900001 B 2722,5981 1406,8038 10198,718 13232,61 10947,172 9212,919 S 6902,394 6397,6543 4457,1616 7308,7856 8654,061 3110,746
1,9900002 B 2722,5981 1406,8038 10198,718 13232,61 10947,172 9212,919 S 6902,394 6397,6543 4457,1616 7308,7856 8654,061 3110,746
1,9900001 B 2722,5981 1406,8038 10198,718 13232,61 10947,172 9212,919 S 6902,394 6397,6543 4457,1616 7308,7856 8654,061 3110,746
1,9900005 B 2722,5981 1406,8038 10198,718 13232,61 10947,172 9212,919 S 6902,394 6397,6543 4457,1616 7308,7856 8654,061 3110,746
1,9900005 B 2722,5981 1406,8038 10198,718 13232,61 10947,172 9212,919 S 6902,394 6397,6543 4457,1616 7308,7856 8654,061 3110,746
1,9900004 B 2722,5981 1406,8038 10198,718 13232,61 10947,172 9212,919 S 6902,394 6397,6543 4457,1616 7308,7856 8654,061 3110,746
1,9896456 B 2722,5981 1406,8038 10198,718 13232,61 10947,172 9212,919 S 6902,394 6397,6543 4457,1616 7308,7856 8654,061 3110,746
1,9889995 B 2722,5981 1406,8038 10198,718 13232,61 10947,172 9212,919 S 6902,394 6397,6543 4457,1616 7308,7856 8654,061 3110,746
1,9890002 B 2722,5981 1406,8038 10198,718 13232,61 10947,172 9212,919 S 6902,394 6397,6543 4457,1616 7308,7856 8654,061 3110,746
1,989 B 2722,5981 1406,8038 10198,718 13232,61 10947,172 9212,919 S 6902,394 6397,6543 4457,1616 7308,7856 8654,061 3110,746
1,989 B 2722,5981 1406,8038 10198,718 13232,61 10947,172 9212,919 S 6902,394 6397,6543 4457,1616 7308,7856 8654,061 3110,746
1,9890002 B 2722,5981 1406,8038 10198,718 13232,61 10947,172 9212,919 S 6902,394 6397,6543 4457,1616 7308,7856 8654,061 3110,746
1,989 B 2722,5981 1406,8038 10198,718 13232,61 10947,172 9212,919 S 6902,394 6397,6543 4457,1616 7308,7856 8654,061 3110,746
1,9890002 B 2722,5981 1406,8038 10198,718 13232,61 10947,172 9212,919 S 6902,394 6397,6543 4457,1616 7308,7856 8654,061 3110,746
1,9890001 B 2722,5981 1406,8038 10198,718 13232,61 10947,172 9212,919 S 6902,394 6397,6543 4457,1616 7308,7856 8654,061 3110,746
1,9890002 B 2722,5981 1406,8038 10198,718 13232,61 10947,172 9212,919 S 6902,394 6397,6543 4457,1616 7308,7856 8654,061 3110,746
1,9881381 B 2722,5981 1406,8038 10198,718 13232,61 10947,172 9212,919 S 6902,394 6397,6543 4457,1616 7308,7856 8654,061 3110,746
1,9879996 B 2722,5981 1406,8038 10198,718 13232,61 10947,172 9212,919 S 6902,394 6397,6543 4457,1616 7308,7856 8654,061 3110,746
1,9879997 B 2722,5981 1406,8038 10198,718 13232,61 10947,172 9212,919 S 6902,394 6397,6543 4457,1616 7308,7856 8654,061 3110,746
1,9873046 B 2722,5981 1406,8038 10198,718 13232,61 10947,172 9212,919 S 6902,394 6397,6543 4457,1616 7308,7856 8654,061 3110,746
1,9869993 B 2722,5981 1406,8038 10198,718 13232,61 10947,172 9212,919 S 6902,394 6397,6543 4457,1616 7308,7856 8654,061 3110,746
1,9869999 B 2722,5981 1406,8038 10198,718 13232,61 10947,172 9212,919 S 6902,394 6397,6543 4457,1616 7308,7856 8654,061 3110,746
1,9870934 B 2722,5981 1406,8038 10198,718 13232,61 10947,172 9212,919 S 6902,394 6397,6543 4457,1616 7308,7856 8654,061 3110,746
1,9890002 B 2722,5981 1406,8038 10198,718 13232,61 10947,172 9212,919 S 6902,394 6397,6543 4457,1616 7308,7856 8654,061 3110,746
1,9889998 B 2722,5981 1406,8038 10198,718 13232,61 10947,172 9212,919 S 6902,394 6397,6543 4457,1616 7308,7856 8654,061 3110,746
1,9890003 B 2722,5981 1406,8038 10198,718 13232,61 10947,172 9212,919 S 6902,394 6397,6543 4457,1616 7308,7856 8654,061 3110,746
1,9890001 B 2722,5981 1406,8038 10198,718 13232,61 10947,172 9212,919 S 6902,394 6397,6543 4457,1616 7308,7856 8654,061 3110,746
1,9890002 B 2722,5981 1406,8038 10198,718 13232,61 10947,172 9212,919 S 6902,394 6397,6543 4457,1616 7308,7856 8654,061 3110,746
1,9889998 B 2722,5981 1406,8038 10198,718 13232,61 10947,172 9212,919 S 6902,394 6397,6543 4457,1616 7308,7856 8654,061 3110,746
1,9890004 B 2722,5981 1406,8038 10198,718 13232,61 10947,172 9212,919 S 6902,394 6397,6543 4457,1616 7308,7856 8654,061 3110,746
1,9890002 B 2722,5981 1406,8038 10198,718 13232,61 10947,172 9212,919 S 6902,394 6397,6543 4457,1616 7308,7856 8654,061 3110,746
1,9890003 B 2722,5981 1406,8038 10198,718 13232,61 10947,172 9212,919 S 6902,394 6397,6543 4457,1616 7308,7856 8654,061 3110,746
1,9889998 B 2722,5981 1406,8038 10198,718 13232,61 10947,172 9212,919 S 6902,394 6397,6543 4457,1616 7308,7856 8654,061 3110,746
1,9889997 B 2722,5981 1406,8038 10198,718 13232,61 10947,172 9212,919 S 6902,394 6397,6543 4457,1616 7308,7856 8654,061 3110,746
1,9890004 B 2722,5981 1406,8038 10198,718 13232,61 10947,172 9212,919 S 6902,394 6397,6543 4457,1616 7308,7856 8654,061 3110,746
1,9890003 B 2722,5981 1406,8038 10198,718 13232,61 10947,172 9212,919 S 6902,394 6397,6543 4457,1616 7308,7856 8654,061 3110,746
1,9890001 B 2722,5981 1406,8038 10198,718 13232,61 10947,172 9212,919 S 6902,394 6397,6543 4457,1616 7308,7856 8654,061 3110,746
1,989 B 2722,5981 1406,8038 10198,718 13232,61 10947,172 9212,919 S 6902,394 6397,6543 4457,1616 7308,7856 8654,061 3110,746
1,989 B 2722,5981 1406,8038 10198,718 13232,61 10947,172 9212,919 S 6902,394 6397,6543 4457,1616 7308,7856 8654,061 3110,746
1,989 B 2722,5981 1406,8038 10198,718 13232,61 10947,172 9212,919 S 6902,394 6397,6543 4457,1616 7308,7856 8654,061 3110,746
1,9889108 B 2722,5981 1406,8038 10198,718 13232,61 10947,172 9212,919 S 6902,394 6397,6543 4457,1616 7308,7856 8654,061 3110,746
1,988 B 2722,5981 1406,8038 10198,718 13232,61 10947,172 9212,919 S 6902,394 6397,6543 4457,1616 7308,7856 8654,061 3110,746
1,9880004 B 2722,5981 1406,8038 10198,718 13232,61 10947,172 9212,919 S 6902,394 6397,6543 4457,1616 7308,7856 8654,061 3110,746
1,988 B 2722,5981 1406,8038 10198,718 13232,61 10947,172 9212,919 S 6902,394 6397,6543 4457,1616 7308,7856 8654,061 3110,746
1,9880002 B 2722,5981 1406,8038 10198,718 13232,61 10947,172 9212,919 S 6902,394 6397,6543 4457,1616 7308,7856 8654,061 3110,746
1,9880004 B 2722,5981 1406,8038 10198,718 13232,61 10947,172 9212,919 S 6902,394 6397,6543 4457,1616 7308,7856 8654,061 3110,746
1,9879998 B 2722,5981 1406,8038 10198,718 13232,61 10947,172 9212,919 S 6902,394 6397,6543 4457,1616 7308,7856 8654,061 3110,746
1,9879996 B 2722,5981 1406,8038 10198,718 13232,61 10947,172 9212,919 S 6902,394 6397,6543 4457,1616 7308,7856 8654,061 3110,746
1,9880002 B 2722,5981 1406,8038 10198,718 13232,61 10947,172 9212,919 S 6902,394 6397,6543 4457,1616 7308,7856 8654,061 3110,746
1,9879997 B 2722,5981 1406,8038 10198,718 13232,61 10947,172 9212,919 S 6902,394 6397,6543 4457,1616 7308,7856 8654,061 3110,746
1,9880002 B 2722,5981 1406,8038 10198,718 13232,61 10947,172 9212,919 S 6902,394 6397,6543 4457,1616 7308,7856 8654,061 3110,746
1,9871049 B 2722,5981 1406,8038 10198,718 13232,61 10947,172 9212,919 S 6902,394 6397,6543 4457,1616 7308,7856 8654,061 3110,746
1,9870007 B 2722,5981 1406,8038 10198,718 13232,61 10947,172 9212,919 S 6902,394 6397,6543 4457,1616 7308,7856 8654,061 3110,746
1,986999 B 2722,5981 1406,8038 10198,718 13232,61 10947,172 9212,919 S 6902,394 6397,6543 4457,1616 7308,7856 8654,061 3110,746
1,9869999 B 2722,5981 1406,8038 10198,718 13232,61 10947,172 9212,919 S 6902,394 6397,6543 4457,1616 7308,7856 8654,061 3110,746
1,9870007 B 2722,5981 1406,8038 10198,718 13232,61 10947,172 9212,919 S 6902,394 6397,6543 4457,1616 7308,7856 8654,061 3110,746
1,9869996 B 2722,5981 1406,8038 10198,718 13232,61 10947,172 9212,919 S 6902,394 6397,6543 4457,1616 7308,7856 8654,061 3110,746
1,987 B 2722,5981 1406,8038 10198,718 13232,61 10947,172 9212,919 S 6902,394 6397,6543 4457,1616 7308,7856 8654,061 3110,746
1,9870001 B 2722,5981 1406,8038 10198,718 13232,61 10947,172 9212,919 S 6902,394 6397,6543 4457,1616 7308,7856 8654,061 3110,746
1,9870002 B 2722,5981 1406,8038 10198,718 13232,61 10947,172 9212,919 S 6902,394 6397,6543 4457,1616 7308,7856 8654,061 3110,746
1,9869994 B 2722,5981 1406,8038 10198,718 13232,61 10947,172 9212,919 S 6902,394 6397,6543 4457,1616 7308,7856 8654,061 3110,746
1,9869996 B 2722,5981 1406,8038 10198,718 13232,61 10947,172 9212,919 S 6902,394 6397,6543 4457,1616 7308,7856 8654,061 3110,746
1,9870002 B 2722,5981 1406,8038 10198,718 13232,61 10947,172 9212,919 S 6902,394 6397,6543 4457,1616 7308,7856 8654,061 3110,746
1,9870006 B 2722,5981 1406,8038 10198,718 13232,61 10947,172 9212,919 S 6902,394 6397,6543 4457,1616 7308,7856 8654,061 3110,746
1,9870003 B 2722,5981 1406,8038 10198,718 13232,61 10947,172 9212,919 S 6902,394 6397,6543 4457,1616 7308,7856 8654,061 3110,746
1,987 B 2722,5981 1406,8038 10198,718 13232,61 10947,172 9212,919 S 6902,394 6397,6543 4457,1616 7308,7856 8654,061 3110,746
1,9869996 B 2722,5981 1406,8038 10198,718 13232,61 10947,172 9212,919 S 6902,394 6397,6543 4457,1616 7308,7856 8654,061 3110,746
1,9870006 B 2722,5981 1406,8038 10198,718 13232,61 10947,172 9212,919 S 6902,394 6397,6543 4457,1616 7308,7856 8654,061 3110,746
1,9868581 B 2722,5981 1406,8038 10198,718 13232,61 10947,172 9212,919 S 6902,394 6397,6543 4457,1616 7308,7856 8654,061 3110,746
1,9859997 B 2722,5981 1406,8038 10198,718 13232,61 10947,172 9212,919 S 6902,394 6397,6543 4457,1616 7308,7856 8654,061 3110,746
1,9859998 B 2722,5981 1406,8038 10198,718 13232,61 10947,172 9212,919 S 6902,394 6397,6543 4457,1616 7308,7856 8654,061 3110,746
1,9860001 B 2722,5981 1406,8038 10198,718 13232,61 10947,172 9212,919 S 6902,394 6397,6543 4457,1616 7308,7856 8654,061 3110,746
1,9897918 B 2722,5981 1406,8038 10198,718 13232,61 10947,172 9212,919 S 6902,394 6397,6543 4457,1616 7308,7856 8654,061 3110,746
1,992073 B 2722,5981 1406,8038 10198,718 13232,61 10947,172 9212,919 S 6902,394 6397,6543 4457,1616 7308,7856 8654,061 3110,746
1,9929999 B 2722,5981 1406,8038 10198,718 13232,61 10947,172 9212,919 S 6902,394 6397,6543 4457,1616 7308,7856 8654,061 3110,746
1,9929998 B 2722,5981 1406,8038 10198,718 13232,61 10947,172 9212,919 S 6902,394 6397,6543 4457,1616 7308,7856 8654,061 3110,746
1,9929996 B 2722,5981 1406,8038 10198,718 13232,61 10947,172 9212,919 S 6902,394 6397,6543 4457,1616 7308,7856 8654,061 3110,746
1,993 B 2722,5981 1406,8038 10198,718 13232,61 10947,172 9212,919 S 6902,394 6397,6543 4457,1616 7308,7856 8654,061 3110,746
1,991491 B 2722,5981 1406,8038 10198,718 13232,61 10947,172 9212,919 S 6902,394 6397,6543 4457,1616 7308,7856 8654,061 3110,746
1,9909998 B 2722,5981 1406,8038 10198,718 13232,61 10947,172 9212,919 S 6902,394 6397,6543 4457,1616 7308,7856 8654,061 3110,746
1,9909997 B 2722,5981 1406,8038 10198,718 13232,61 10947,172 9212,919 S 6902,394 6397,6543 4457,1616 7308,7856 8654,061 3110,746
1,9910003 B 2722,5981 1406,8038 10198,718 13232,61 10947,172 9212,919 S 6902,394 6397,6543 4457,1616 7308,7856 8654,061 3110,746
1,9910003 B 2722,5981 1406,8038 10198,718 13232,61 10947,172 9212,919 S 6902,394 6397,6543 4457,1616 7308,7856 8654,061 3110,746
1,9909997 B 2722,5981 1406,8038 10198,718 13232,61 10947,172 9212,919 S 6902,394 6397,6543 4457,1616 7308,7856 8654,061 3110,746
1,9910007 B 2722,5981 1406,8038 10198,718 13232,61 10947,172 9212,919 S 6902,394 6397,6543 4457,1616 7308,7856 8654,061 3110,746
1,9909998 B 2722,5981 1406,8038 10198,718 13232,61 10947,172 9212,919 S 6902,394 6397,6543 4457,1616 7308,7856 8654,061 3110,746
1,9910004 B 2722,5981 1406,8038 10198,718 13232,61 10947,172 9212,919 S 6902,394 6397,6543 4457,1616 7308,7856 8654,061 3110,746
1,9909998 B 2722,5981 1406,8038 10198,718 13232,61 10947,172 9212,919 S 6902,394 6397,6543 4457,1616 7308,7856 8654,061 3110,746
1,991 B 2722,5981 1406,8038 10198,718 13232,61 10947,172 9212,919 S 6902,394 6397,6543 4457,1616 7308,7856 8654,061 3110,746
1,991 B 2722,5981 1406,8038 10198,718 13232,61 10947,172 9212,919 S 6902,394 6397,6543 4457,1616 7308,7856 8654,061 3110,746
1,9909996 B 2722,5981 1406,8038 10198,718 13232,61 10947,172 9212,919 S 6902,394 6397,6543 4457,1616 7308,7856 8654,061 3110,746
1,9910003 B 2722,5981 1406,8038 10198,718 13232,61 10947,172 9212,919 S 6902,394 6397,6543 4457,1616 7308,7856 8654,061 3110,746
1,9901282 B 2722,5981 1406,8038 10198,718 13232,61 10947,172 9212,919 S 6902,394 6397,6543 4457,1616 7308,7856 8654,061 3110,746
1,9879998 B 2722,5981 1406,8038 10198,718 13232,61 10947,172 9212,919 S 6902,394 6397,6543 4457,1616 7308,7856 8654,061 3110,746
1,9880002 B 2722,5981 1406,8038 10198,718 13232,61 10947,172 9212,919 S 6902,394 6397,6543 4457,1616 7308,7856 8654,061 3110,746
1,9880002 B 2722,5981 1406,8038 10198,718 13232,61 10947,172 9212,919 S 6902,394 6397,6543 4457,1616 7308,7856 8654,061 3110,746
1,9880003 B 2722,5981 1406,8038 10198,718 13232,61 10947,172 9212,919 S 6902,394 6397,6543 4457,1616 7308,7856 8654,061 3110,746
1,9879997 B 2722,5981 1406,8038 10198,718 13232,61 10947,172 9212,919 S 6902,394 6397,6543 4457,1616 7308,7856 8654,061 3110,746
1,9879998 B 2722,5981 1406,8038 10198,718 13232,61 10947,172 9212,919 S 6902,394 6397,6543 4457,1616 7308,7856 8654,061 3110,746
1,9879994 B 2722,5981 1406,8038 10198,718 13232,61 10947,172 9212,919 S 6902,394 6397,6543 4457,1616 7308,7856 8654,061 3110,746
1,988 B 2722,5981 1406,8038 10198,718 13232,61 10947,172 9212,919 S 6902,394 6397,6543 4457,1616 7308,7856 8654,061 3110,746
1,9879998 B 2722,5981 1406,8038 10198,718 13232,61 10947,172 9212,919 S 6902,394 6397,6543 4457,1616 7308,7856 8654,061 3110,746
1,9879997 B 2722,5981 1406,8038 10198,718 13232,61 10947,172 9212,919 S 6902,394 6397,6543 4457,1616 7308,7856 8654,061 3110,746
1,988 B 2722,5981 1406,8038 10198,718 13232,61 10947,172 9212,919 S 6902,394 6397,6543 4457,1616 7308,7856 8654,061 3110,746
1,9879998 B 2722,5981 1406,8038 10198,718 13232,61 10947,172 9212,919 S 6902,394 6397,6543 4457,1616 7308,7856 8654,061 3110,746
1,9879998 B 2722,5981 1406,8038 10198,718 13232,61 10947,172 9212,919 S 6902,394 6397,6543 4457,1616 7308,7856 8654,061 3110,746
1,9880003 B 2722,5981 1406,8038 10198,718 13232,61 10947,172 9212,919 S 6902,394 6397,6543 4457,1616 7308,7856 8654,061 3110,746
1,9879998 B 2722,5981 1406,8038 10198,718 13232,61 10947,172 9212,919 S 6902,394 6397,6543 4457,1616 7308,7856 8654,061 3110,746
1,9883467 B 2722,5981 1406,8038 10198,718 13232,61 10947,172 9212,919 S 6902,394 6397,6543 4457,1616 7308,7856 8654,061 3110,746
1,9890002 B 2722,5981 1406,8038 10198,718 13232,61 10947,172 9212,919 S 6902,394 6397,6543 4457,1616 7308,7856 8654,061 3110,746
1,989 B 2722,5981 1406,8038 10198,718 13232,61 10947,172 9212,919 S 6902,394 6397,6543 4457,1616 7308,7856 8654,061 3110,746
1,9890001 B 2722,5981 1406,8038 10198,718 13232,61 10947,172 9212,919 S 6902,394 6397,6543 4457,1616 7308,7856 8654,061 3110,746
1,9890001 B 2722,5981 1406,8038 10198,718 13232,61 10947,172 9212,919 S 6902,394 6397,6543 4457,1616 7308,7856 8654,061 3110,746
1,9889998 B 2722,5981 1406,8038 10198,718 13232,61 10947,172 9212,919 S 6902,394 6397,6543 4457,1616 7308,7856 8654,061 3110,746
1,9890003 B 2722,5981 1406,8038 10198,718 13232,61 10947,172 9212,919 S 6902,394 6397,6543 4457,1616 7308,7856 8654,061 3110,746
1,9889998 B 2722,5981 1406,8038 10198,718 13232,61 10947,172 9212,919 S 6902,394 6397,6543 4457,1616 7308,7856 8654,061 3110,746
1,9882202 B 2722,5981 1406,8038 10198,718 13232,61 10947,172 9212,919 S 6902,394 6397,6543 4457,1616 7308,7856 8654,061 3110,746
1,9880005 B 2722,5981 1406,8038 10198,718 13232,61 10947,172 9212,919 S 6902,394 6397,6543 4457,1616 7308,7856 8654,061 3110,746
1,9880002 B 2722,5981 1406,8038 10198,718 13232,61 10947,172 9212,919 S 6902,394 6397,6543 4457,1616 7308,7856 8654,061 3110,746
1,9880002 B 2722,5981 1406,8038 10198,718 13232,61 10947,172 9212,919 S 6902,394 6397,6543 4457,1616 7308,7856 8654,061 3110,746
1,9871843 B 2722,5981 1406,8038 10198,718 13232,61 10947,172 9212,919 S 6902,394 6397,6543 4457,1616 7308,7856 8654,061 3110,746
1,9860001 B 2722,5981 1406,8038 10198,718 13232,61 10947,172 9212,919 S 6902,394 6397,6543 4457,1616 7308,7856 8654,061 3110,746
1,9860002 B 2722,5981 1406,8038 10198,718 13232,61 10947,172 9212,919 S 6902,394 6397,6543 4457,1616 7308,7856 8654,061 3110,746
1,9860001 B 2722,5981 1406,8038 10198,718 13232,61 10947,172 9212,919 S 6902,394 6397,6543 4457,1616 7308,7856 8654,061 3110,746
1,9856554 B 2722,5981 1406,8038 10198,718 13232,61 10947,172 9212,919 S 6902,394 6397,6543 4457,1616 7308,7856 8654,061 3110,746
1,9850001 B 2722,5981 1406,8038 10198,718 13232,61 10947,172 9212,919 S 6902,394 6397,6543 4457,1616 7308,7856 8654,061 3110,746
1,985 B 2722,5981 1406,8038 10198,718 13232,61 10947,172 9212,919 S 6902,394 6397,6543 4457,1616 7308,7856 8654,061 3110,746
1,985991 B 2722,5981 1406,8038 10198,718 13232,61 10947,172 9212,919 S 6902,394 6397,6543 4457,1616 7308,7856 8654,061 3110,746
1,9870001 B 2722,5981 1406,8038 10198,718 13232,61 10947,172 9212,919 S 6902,394 6397,6543 4457,1616 7308,7856 8654,061 3110,746
1,987 B 2722,5981 1406,8038 10198,718 13232,61 10947,172 9212,919 S 6902,394 6397,6543 4457,1616 7308,7856 8654,061 3110,746
1,9870003 B 2722,5981 1406,8038 10198,718 13232,61 10947,172 9212,919 S 6902,394 6397,6543 4457,1616 7308,7856 8654,061 3110,746
1,9869999 B 2722,5981 1406,8038 10198,718 13232,61 10947,172 9212,919 S 6902,394 6397,6543 4457,1616 7308,7856 8654,061 3110,746
1,9869999 B 2722,5981 1406,8038 10198,718 13232,61 10947,172 9212,919 S 6902,394 6397,6543 4457,1616 7308,7856 8654,061 3110,746
1,9870002 B 2722,5981 1406,8038 10198,718 13232,61 10947,172 9212,919 S 6902,394 6397,6543 4457,1616 7308,7856 8654,061 3110,746
1,987 B 2722,5981 1406,8038 10198,718 13232,61 10947,172 9212,919 S 6902,394 6397,6543 4457,1616 7308,7856 8654,061 3110,746
1,9870006 B 2722,5981 1406,8038 10198,718 13232,61 10947,172 9212,919 S 6902,394 6397,6543 4457,1616 7308,7856 8654,061 3110,746
1,9865727 B 2722,5981 1406,8038 10198,718 13232,61 10947,172 9212,919 S 6902,394 6397,6543 4457,1616 7308,7856 8654,061 3110,746
1,9869999 B 2722,5981 1406,8038 10198,718 13232,61 10947,172 9212,919 S 6902,394 6397,6543 4457,1616 7308,7856 8654,061 3110,746
1,9870006 B 2722,5981 1406,8038 10198,718 13232,61 10947,172 9212,919 S 6902,394 6397,6543 4457,1616 7308,7856 8654,061 3110,746
1,9870006 B 2722,5981 1406,8038 10198,718 13232,61 10947,172 9212,919 S 6902,394 6397,6543 4457,1616 7308,7856 8654,061 3110,746
1,9870001 B 2722,5981 1406,8038 10198,718 13232,61 10947,172 9212,919 S 6902,394 6397,6543 4457,1616 7308,7856 8654,061 3110,746
1,9869998 B 2722,5981 1406,8038 10198,718 13232,61 10947,172 9212,919 S 6902,394 6397,6543 4457,1616 7308,7856 8654,061 3110,746
1,9870001 B 2722,5981 1406,8038 10198,718 13232,61 10947,172 9212,919 S 6902,394 6397,6543 4457,1616 7308,7856 8654,061 3110,746
1,9869999 B 2722,5981 1406,8038 10198,718 13232,61 10947,172 9212,919 S 6902,394 6397,6543 4457,1616 7308,7856 8654,061 3110,746
1,987 B 2722,5981 1406,8038 10198,718 13232,61 10947,172 9212,919 S 6902,394 6397,6543 4457,1616 7308,7856 8654,061 3110,746
1,9870003 B 2722,5981 1406,8038 10198,718 13232,61 10947,172 9212,919 S 6902,394 6397,6543 4457,1616 7308,7856 8654,061 3110,746
1,987 B 2722,5981 1406,8038 10198,718 13232,61 10947,172 9212,919 S 6902,394 6397,6543 4457,1616 7308,7856 8654,061 3110,746
1,9870002 B 2722,5981 1406,8038 10198,718 13232,61 10947,172 9212,919 S 6902,394 6397,6543 4457,1616 7308,7856 8654,061 3110,746
1,9869994 B 2722,5981 1406,8038 10198,718 13232,61 10947,172 9212,919 S 6902,394 6397,6543 4457,1616 7308,7856 8654,061 3110,746
1,9870002 B 2722,5981 1406,8038 10198,718 13232,61 10947,172 9212,919 S 6902,394 6397,6543 4457,1616 7308,7856 8654,061 3110,746
1,9870003 B 2722,5981 1406,8038 10198,718 13232,61 10947,172 9212,919 S 6902,394 6397,6543 4457,1616 7308,7856 8654,061 3110,746
1,9850686 B 2722,5981 1406,8038 10198,718 13232,61 10947,172 9212,919 S 6902,394 6397,6543 4457,1616 7308,7856 8654,061 3110,746
1,9849998 B 2722,5981 1406,8038 10198,718 13232,61 10947,172 9212,919 S 6902,394 6397,6543 4457,1616 7308,7856 8654,061 3110,746
1,9849998 B 2722,5981 1406,8038 10198,718 13232,61 10947,172 9212,919 S 6902,394 6397,6543 4457,1616 7308,7856 8654,061 3110,746
1,984074 B 2722,5981 1406,8038 10198,718 13232,61 10947,172 9212,919 S 6902,394 6397,6543 4457,1616 7308,7856 8654,061 3110,746
1,9830176 B 2722,5981 1406,8038 10198,718 13232,61 10947,172 9212,919 S 6902,394 6397,6543 4457,1616 7308,7856 8654,061 3110,746
1,983001 B 2722,5981 1406,8038 10198,718 13232,61 10947,172 9212,919 S 6902,394 6397,6543 4457,1616 7308,7856 8654,061 3110,746
1,983 B 2722,5981 1406,8038 10198,718 13232,61 10947,172 9212,919 S 6902,394 6397,6543 4457,1616 7308,7856 8654,061 3110,746
1,9830005 B 2722,5981 1406,8038 10198,718 13232,61 10947,172 9212,919 S 6902,394 6397,6543 4457,1616 7308,7856 8654,061 3110,746
1,9830002 B 2722,5981 1406,8038 10198,718 13232,61 10947,172 9212,919 S 6902,394 6397,6543 4457,1616 7308,7856 8654,061 3110,746
