1,9911674
1,9819025 B 1244,41 14268,504 12132,345 18925,889 8100,1646 1797,0802 S 638,4001 6654,6714 13188,692 5899,248 9365,613 8593,687
1,9800006 B 1244,41 14268,504 12132,345 18925,889 8100,1646 1797,0802 S 638,4001 6654,6714 13188,692 5899,248 9365,613 8593,687
1,9807506 B 1244,41 14268,504 12132,345 18925,889 8100,1646 1797,0802 S 638,4001 6654,6714 13188,692 5899,248 9365,613 8593,687
1,9776337 B 1244,41 14268,504 12132,345 18925,889 8100,1646 1797,0802 S 638,4001 6654,6714 13188,692 5899,248 9365,613 8593,687
1,9734651 B 1244,41 14268,504 12132,345 18925,889 8100,1646 1797,0802 S 638,4001 6654,6714 13188,692 5899,248 9365,613 8593,687
1,9729997 B 1244,41 14268,504 12132,345 18925,889 8100,1646 1797,0802 S 638,4001 6654,6714 13188,692 5899,248 9365,613 8593,687
1,9754341 B 1244,41 14268,504 12132,345 18925,889 8100,1646 1797,0802 S 638,4001 6654,6714 13188,692 5899,248 9365,613 8593,687
1,9749995 B 1244,41 14268,504 12132,345 18925,889 8100,1646 1797,0802 S 638,4001 6654,6714 13188,692 5899,248 9365,613 8593,687
1,9750004 B 1244,41 14268,504 12132,345 18925,889 8100,1646 1797,0802 S 638,4001 6654,6714 13188,692 5899,248 9365,613 8593,687
1,975 B 1244,41 14268,504 12132,345 18925,889 8100,1646 1797,0802 S 638,4001 6654,6714 13188,692 5899,248 9365,613 8593,687
1,9749999 B 1244,41 14268,504 12132,345 18925,889 8100,1646 1797,0802 S 638,4001 6654,6714 13188,692 5899,248 9365,613 8593,687
1,976667 B 1244,41 14268,504 12132,345 18925,889 8100,1646 1797,0802 S 638,4001 6654,6714 13188,692 5899,248 9365,613 8593,687
1,9761806 B 1244,41 14268,504 12132,345 18925,889 8100,1646 1797,0802 S 638,4001 6654,6714 13188,692 5899,248 9365,613 8593,687
1,9750003 B 1244,41 14268,504 12132,345 18925,889 8100,1646 1797,0802 S 638,4001 6654,6714 13188,692 5899,248 9365,613 8593,687
1,9750001 B 1244,41 14268,504 12132,345 18925,889 8100,1646 1797,0802 S 638,4001 6654,6714 13188,692 5899,248 9365,613 8593,687
1,9740666 B 1244,41 14268,504 12132,345 18925,889 8100,1646 1797,0802 S 638,4001 6654,6714 13188,692 5899,248 9365,613 8593,687
1,9740001 B 1244,41 14268,504 12132,345 18925,889 8100,1646 1797,0802 S 638,4001 6654,6714 13188,692 5899,248 9365,613 8593,687
1,9740001 B 1244,41 14268,504 12132,345 18925,889 8100,1646 1797,0802 S 638,4001 6654,6714 13188,692 5899,248 9365,613 8593,687
1,9740006 B 1244,41 14268,504 12132,345 18925,889 8100,1646 1797,0802 S 638,4001 6654,6714 13188,692 5899,248 9365,613 8593,687
1,9739999 B 1244,41 14268,504 12132,345 18925,889 8100,1646 1797,0802 S 638,4001 6654,6714 13188,692 5899,248 9365,613 8593,687
1,9740233 B 1244,41 14268,504 12132,345 18925,889 8100,1646 1797,0802 S 638,4001 6654,6714 13188,692 5899,248 9365,613 8593,687
1,9750001 B 1244,41 14268,504 12132,345 18925,889 8100,1646 1797,0802 S 638,4001 6654,6714 13188,692 5899,248 9365,613 8593,687
1,9749999 B 1244,41 14268,504 12132,345 18925,889 8100,1646 1797,0802 S 638,4001 6654,6714 13188,692 5899,248 9365,613 8593,687
1,975581 B 1244,41 14268,504 12132,345 18925,889 8100,1646 1797,0802 S 638,4001 6654,6714 13188,692 5899,248 9365,613 8593,687
1,9769998 B 1244,41 14268,504 12132,345 18925,889 8100,1646 1797,0802 S 638,4001 6654,6714 13188,692 5899,248 9365,613 8593,687
1,9769999 B 1244,41 14268,504 12132,345 18925,889 8100,1646 1797,0802 S 638,4001 6654,6714 13188,692 5899,248 9365,613 8593,687
1,9770005 B 1244,41 14268,504 12132,345 18925,889 8100,1646 1797,0802 S 638,4001 6654,6714 13188,692 5899,248 9365,613 8593,687
1,9785428 B 1244,41 14268,504 12132,345 18925,889 8100,1646 1797,0802 S 638,4001 6654,6714 13188,692 5899,248 9365,613 8593,687
1,978475 B 1244,41 14268,504 12132,345 18925,889 8100,1646 1797,0802 S 638,4001 6654,6714 13188,692 5899,248 9365,613 8593,687
1,9779998 B 1244,41 14268,504 12132,345 18925,889 8100,1646 1797,0802 S 638,4001 6654,6714 13188,692 5899,248 9365,613 8593,687
1,9779993 B 1244,41 14268,504 12132,345 18925,889 8100,1646 1797,0802 S 638,4001 6654,6714 13188,692 5899,248 9365,613 8593,687
1,9780002 B 1244,41 14268,504 12132,345 18925,889 8100,1646 1797,0802 S 638,4001 6654,6714 13188,692 5899,248 9365,613 8593,687
1,9784609 B 1244,41 14268,504 12132,345 18925,889 8100,1646 1797,0802 S 638,4001 6654,6714 13188,692 5899,248 9365,613 8593,687
1,9799999 B 1244,41 14268,504 12132,345 18925,889 8100,1646 1797,0802 S 638,4001 6654,6714 13188,692 5899,248 9365,613 8593,687
1,9799998 B 1244,41 14268,504 12132,345 18925,889 8100,1646 1797,0802 S 638,4001 6654,6714 13188,692 5899,248 9365,613 8593,687
1,9799998 B 1244,41 14268,504 12132,345 18925,889 8100,1646 1797,0802 S 638,4001 6654,6714 13188,692 5899,248 9365,613 8593,687
1,98 B 1244,41 14268,504 12132,345 18925,889 8100,1646 1797,0802 S 638,4001 6654,6714 13188,692 5899,248 9365,613 8593,687
1,9782063 B 1244,41 14268,504 12132,345 18925,889 8100,1646 1797,0802 S 638,4001 6654,6714 13188,692 5899,248 9365,613 8593,687
1,9779999 B 1244,41 14268,504 12132,345 18925,889 8100,1646 1797,0802 S 638,4001 6654,6714 13188,692 5899,248 9365,613 8593,687
1,9780003 B 1244,41 14268,504 12132,345 18925,889 8100,1646 1797,0802 S 638,4001 6654,6714 13188,692 5899,248 9365,613 8593,687
1,9780002 B 1244,41 14268,504 12132,345 18925,889 8100,1646 1797,0802 S 638,4001 6654,6714 13188,692 5899,248 9365,613 8593,687
1,97969 B 1244,41 14268,504 12132,345 18925,889 8100,1646 1797,0802 S 638,4001 6654,6714 13188,692 5899,248 9365,613 8593,687
1,9813039 B 1244,41 14268,504 12132,345 18925,889 8100,1646 1797,0802 S 638,4001 6654,6714 13188,692 5899,248 9365,613 8593,687
1,9808458 B 1244,41 14268,504 12132,345 18925,889 8100,1646 1797,0802 S 638,4001 6654,6714 13188,692 5899,248 9365,613 8593,687
1,9810342 B 1244,41 14268,504 12132,345 18925,889 8100,1646 1797,0802 S 638,4001 6654,6714 13188,692 5899,248 9365,613 8593,687
1,9815483 B 1244,41 14268,504 12132,345 18925,889 8100,1646 1797,0802 S 638,4001 6654,6714 13188,692 5899,248 9365,613 8593,687
1,9835985 B 1244,41 14268,504 12132,345 18925,889 8100,1646 1797,0802 S 638,4001 6654,6714 13188,692 5899,248 9365,613 8593,687
1,9824313 B 1244,41 14268,504 12132,345 18925,889 8100,1646 1797,0802 S 638,4001 6654,6714 13188,692 5899,248 9365,613 8593,687
1,9809997 B 1244,41 14268,504 12132,345 18925,889 8100,1646 1797,0802 S 638,4001 6654,6714 13188,692 5899,248 9365,613 8593,687
1,9809998 B 1244,41 14268,504 12132,345 18925,889 8100,1646 1797,0802 S 638,4001 6654,6714 13188,692 5899,248 9365,613 8593,687
1,9807085 B 1244,41 14268,504 12132,345 18925,889 8100,1646 1797,0802 S 638,4001 6654,6714 13188,692 5899,248 9365,613 8593,687
1,9794198 B 1244,41 14268,504 12132,345 18925,889 8100,1646 1797,0802 S 638,4001 6654,6714 13188,692 5899,248 9365,613 8593,687
1,9801486 B 1244,41 14268,504 12132,345 18925,889 8100,1646 1797,0802 S 638,4001 6654,6714 13188,692 5899,248 9365,613 8593,687
1,9784908 B 1244,41 14268,504 12132,345 18925,889 8100,1646 1797,0802 S 638,4001 6654,6714 13188,692 5899,248 9365,613 8593,687
1,977855 B 1244,41 14268,504 12132,345 18925,889 8100,1646 1797,0802 S 638,4001 6654,6714 13188,692 5899,248 9365,613 8593,687
1,9772168 B 1244,41 14268,504 12132,345 18925,889 8100,1646 1797,0802 S 638,4001 6654,6714 13188,692 5899,248 9365,613 8593,687
1,9780002 B 1244,41 14268,504 12132,345 18925,889 8100,1646 1797,0802 S 638,4001 6654,6714 13188,692 5899,248 9365,613 8593,687
1,9805439 B 1244,41 14268,504 12132,345 18925,889 8100,1646 1797,0802 S 638,4001 6654,6714 13188,692 5899,248 9365,613 8593,687
1,9809997 B 1244,41 14268,504 12132,345 18925,889 8100,1646 1797,0802 S 638,4001 6654,6714 13188,692 5899,248 9365,613 8593,687
1,9809998 B 1244,41 14268,504 12132,345 18925,889 8100,1646 1797,0802 S 638,4001 6654,6714 13188,692 5899,248 9365,613 8593,687
1,9796293 B 1244,41 14268,504 12132,345 18925,889 8100,1646 1797,0802 S 638,4001 6654,6714 13188,692 5899,248 9365,613 8593,687
1,9774481 B 1244,41 14268,504 12132,345 18925,889 8100,1646 1797,0802 S 638,4001 6654,6714 13188,692 5899,248 9365,613 8593,687
1,9733807 B 1244,41 14268,504 12132,345 18925,889 8100,1646 1797,0802 S 638,4001 6654,6714 13188,692 5899,248 9365,613 8593,687
1,9729999 B 1244,41 14268,504 12132,345 18925,889 8100,1646 1797,0802 S 638,4001 6654,6714 13188,692 5899,248 9365,613 8593,687
1,9753554 B 1244,41 14268,504 12132,345 18925,889 8100,1646 1797,0802 S 638,4001 6654,6714 13188,692 5899,248 9365,613 8593,687
1,9780308 B 1244,41 14268,504 12132,345 18925,889 8100,1646 1797,0802 S 638,4001 6654,6714 13188,692 5899,248 9365,613 8593,687
1,979708 B 1244,41 14268,504 12132,345 18925,889 8100,1646 1797,0802 S 638,4001 6654,6714 13188,692 5899,248 9365,613 8593,687
1,9799998 B 1244,41 14268,504 12132,345 18925,889 8100,1646 1797,0802 S 638,4001 6654,6714 13188,692 5899,248 9365,613 8593,687
1,9805099 B 1244,41 14268,504 12132,345 18925,889 8100,1646 1797,0802 S 638,4001 6654,6714 13188,692 5899,248 9365,613 8593,687
1,9830006 B 1244,41 14268,504 12132,345 18925,889 8100,1646 1797,0802 S 638,4001 6654,6714 13188,692 5899,248 9365,613 8593,687
1,9830002 B 1244,41 14268,504 12132,345 18925,889 8100,1646 1797,0802 S 638,4001 6654,6714 13188,692 5899,248 9365,613 8593,687
1,985312 B 1244,41 14268,504 12132,345 18925,889 8100,1646 1797,0802 S 638,4001 6654,6714 13188,692 5899,248 9365,613 8593,687
1,9873707 B 1244,41 14268,504 12132,345 18925,889 8100,1646 1797,0802 S 638,4001 6654,6714 13188,692 5899,248 9365,613 8593,687
1,9879994 B 1244,41 14268,504 12132,345 18925,889 8100,1646 1797,0802 S 638,4001 6654,6714 13188,692 5899,248 9365,613 8593,687
1,9894193 B 1244,41 14268,504 12132,345 18925,889 8100,1646 1797,0802 S 638,4001 6654,6714 13188,692 5899,248 9365,613 8593,687
1,9900002 B 1244,41 14268,504 12132,345 18925,889 8100,1646 1797,0802 S 638,4001 6654,6714 13188,692 5899,248 9365,613 8593,687
1,9909407 B 1244,41 14268,504 12132,345 18925,889 8100,1646 1797,0802 S 638,4001 6654,6714 13188,692 5899,248 9365,613 8593,687
1,9929998 B 1244,41 14268,504 12132,345 18925,889 8100,1646 1797,0802 S 638,4001 6654,6714 13188,692 5899,248 9365,613 8593,687
1,9930001 B 1244,41 14268,504 12132,345 18925,889 8100,1646 1797,0802 S 638,4001 6654,6714 13188,692 5899,248 9365,613 8593,687
1,993 B 1244,41 14268,504 12132,345 18925,889 8100,1646 1797,0802 S 638,4001 6654,6714 13188,692 5899,248 9365,613 8593,687
1,9924481 B 1244,41 14268,504 12132,345 18925,889 8100,1646 1797,0802 S 638,4001 6654,6714 13188,692 5899,248 9365,613 8593,687
1,9909998 B 1244,41 14268,504 12132,345 18925,889 8100,1646 1797,0802 S 638,4001 6654,6714 13188,692 5899,248 9365,613 8593,687
1,991 B 1244,41 14268,504 12132,345 18925,889 8100,1646 1797,0802 S 638,4001 6654,6714 13188,692 5899,248 9365,613 8593,687
1,9909998 B 1244,41 14268,504 12132,345 18925,889 8100,1646 1797,0802 S 638,4001 6654,6714 13188,692 5899,248 9365,613 8593,687
1,9909997 B 1244,41 14268,504 12132,345 18925,889 8100,1646 1797,0802 S 638,4001 6654,6714 13188,692 5899,248 9365,613 8593,687
1,9906881 B 1244,41 14268,504 12132,345 18925,889 8100,1646 1797,0802 S 638,4001 6654,6714 13188,692 5899,248 9365,613 8593,687
1,9890001 B 1244,41 14268,504 12132,345 18925,889 8100,1646 1797,0802 S 638,4001 6654,6714 13188,692 5899,248 9365,613 8593,687
1,9889996 B 1244,41 14268,504 12132,345 18925,889 8100,1646 1797,0802 S 638,4001 6654,6714 13188,692 5899,248 9365,613 8593,687
1,9889996 B 1244,41 14268,504 12132,345 18925,889 8100,1646 1797,0802 S 638,4001 6654,6714 13188,692 5899,248 9365,613 8593,687
1,9889992 B 1244,41 14268,504 12132,345 18925,889 8100,1646 1797,0802 S 638,4001 6654,6714 13188,692 5899,248 9365,613 8593,687
1,9889992 B 1244,41 14268,504 12132,345 18925,889 8100,1646 1797,0802 S 638,4001 6654,6714 13188,692 5899,248 9365,613 8593,687
1,9890003 B 1244,41 14268,504 12132,345 18925,889 8100,1646 1797,0802 S 638,4001 6654,6714 13188,692 5899,248 9365,613 8593,687
1,9890002 B 1244,41 14268,504 12132,345 18925,889 8100,1646 1797,0802 S 638,4001 6654,6714 13188,692 5899,248 9365,613 8593,687
1,9890007 B 1244,41 14268,504 12132,345 18925,889 8100,1646 1797,0802 S 638,4001 6654,6714 13188,692 5899,248 9365,613 8593,687
1,9890002 B 1244,41 14268,504 12132,345 18925,889 8100,1646 1797,0802 S 638,4001 6654,6714 13188,692 5899,248 9365,613 8593,687
1,9890001 B 1244,41 14268,504 12132,345 18925,889 8100,1646 1797,0802 S 638,4001 6654,6714 13188,692 5899,248 9365,613 8593,687
1,9889997 B 1244,41 14268,504 12132,345 18925,889 8100,1646 1797,0802 S 638,4001 6654,6714 13188,692 5899,248 9365,613 8593,687
1,9889991 B 1244,41 14268,504 12132,345 18925,889 8100,1646 1797,0802 S 638,4001 6654,6714 13188,692 5899,248 9365,613 8593,687
1,9901487 B 1244,41 14268,504 12132,345 18925,889 8100,1646 1797,0802 S 638,4001 6654,6714 13188,692 5899,248 9365,613 8593,687
1,9912392 B 1244,41 14268,504 12132,345 18925,889 8100,1646 1797,0802 S 638,4001 6654,6714 13188,692 5899,248 9365,613 8593,687
1,9939995 B 1244,41 14268,504 12132,345 18925,889 8100,1646 1797,0802 S 638,4001 6654,6714 13188,692 5899,248 9365,613 8593,687
1,9939995 B 1244,41 14268,504 12132,345 18925,889 8100,1646 1797,0802 S 638,4001 6654,6714 13188,692 5899,248 9365,613 8593,687
1,9947686 B 1244,41 14268,504 12132,345 18925,889 8100,1646 1797,0802 S 638,4001 6654,6714 13188,692 5899,248 9365,613 8593,687
1,9959998 B 1244,41 14268,504 12132,345 18925,889 8100,1646 1797,0802 S 638,4001 6654,6714 13188,692 5899,248 9365,613 8593,687
1,9960384 B 1244,41 14268,504 12132,345 18925,889 8100,1646 1797,0802 S 638,4001 6654,6714 13188,692 5899,248 9365,613 8593,687
1,9970006 B 1244,41 14268,504 12132,345 18925,889 8100,1646 1797,0802 S 638,4001 6654,6714 13188,692 5899,248 9365,613 8593,687
1,997001 B 1244,41 14268,504 12132,345 18925,889 8100,1646 1797,0802 S 638,4001 6654,6714 13188,692 5899,248 9365,613 8593,687
1,9964662 B 1244,41 14268,504 12132,345 18925,889 8100,1646 1797,0802 S 638,4001 6654,6714 13188,692 5899,248 9365,613 8593,687
1,9950001 B 1244,41 14268,504 12132,345 18925,889 8100,1646 1797,0802 S 638,4001 6654,6714 13188,692 5899,248 9365,613 8593,687
1,9949996 B 1244,41 14268,504 12132,345 18925,889 8100,1646 1797,0802 S 638,4001 6654,6714 13188,692 5899,248 9365,613 8593,687
1,9950011 B 1244,41 14268,504 12132,345 18925,889 8100,1646 1797,0802 S 638,4001 6654,6714 13188,692 5899,248 9365,613 8593,687
1,9950001 B 1244,41 14268,504 12132,345 18925,889 8100,1646 1797,0802 S 638,4001 6654,6714 13188,692 5899,248 9365,613 8593,687
1,9950008 B 1244,41 14268,504 12132,345 18925,889 8100,1646 1797,0802 S 638,4001 6654,6714 13188,692 5899,248 9365,613 8593,687
1,996694 B 1244,41 14268,504 12132,345 18925,889 8100,1646 1797,0802 S 638,4001 6654,6714 13188,692 5899,248 9365,613 8593,687
1,9998572 B 1244,41 14268,504 12132,345 18925,889 8100,1646 1797,0802 S 638,4001 6654,6714 13188,692 5899,248 9365,613 8593,687
1,9990001 B 1244,41 14268,504 12132,345 18925,889 8100,1646 1797,0802 S 638,4001 6654,6714 13188,692 5899,248 9365,613 8593,687
1,999 B 1244,41 14268,504 12132,345 18925,889 8100,1646 1797,0802 S 638,4001 6654,6714 13188,692 5899,248 9365,613 8593,687
1,9990003 B 1244,41 14268,504 12132,345 18925,889 8100,1646 1797,0802 S 638,4001 6654,6714 13188,692 5899,248 9365,613 8593,687
1,999186 B 1244,41 14268,504 12132,345 18925,889 8100,1646 1797,0802 S 638,4001 6654,6714 13188,692 5899,248 9365,613 8593,687
2 B 1244,41 14268,504 12132,345 18925,889 8100,1646 1797,0802 S 638,4001 6654,6714 13188,692 5899,248 9365,613 8593,687
2 B 1244,41 14268,504 12132,345 18925,889 8100,1646 1797,0802 S 638,4001 6654,6714 13188,692 5899,248 9365,613 8593,687
2 B 1244,41 14268,504 12132,345 18925,889 8100,1646 1797,0802 S 638,4001 6654,6714 13188,692 5899,248 9365,613 8593,687
2 B 1244,41 14268,504 12132,345 18925,889 8100,1646 1797,0802 S 638,4001 6654,6714 13188,692 5899,248 9365,613 8593,687
2 B 1244,41 14268,504 12132,345 18925,889 8100,1646 1797,0802 S 638,4001 6654,6714 13188,692 5899,248 9365,613 8593,687
2 B 1244,41 14268,504 12132,345 18925,889 8100,1646 1797,0802 S 638,4001 6654,6714 13188,692 5899,248 9365,613 8593,687
1,9967297 B 1244,41 14268,504 12132,345 18925,889 8100,1646 1797,0802 S 638,4001 6654,6714 13188,692 5899,248 9365,613 8593,687
1,9960009 B 1244,41 14268,504 12132,345 18925,889 8100,1646 1797,0802 S 638,4001 6654,6714 13188,692 5899,248 9365,613 8593,687
1,9959999 B 1244,41 14268,504 12132,345 18925,889 8100,1646 1797,0802 S 638,4001 6654,6714 13188,692 5899,248 9365,613 8593,687
1,9932652 B 1244,41 14268,504 12132,345 18925,889 8100,1646 1797,0802 S 638,4001 6654,6714 13188,692 5899,248 9365,613 8593,687
1,9929992 B 1244,41 14268,504 12132,345 18925,889 8100,1646 1797,0802 S 638,4001 6654,6714 13188,692 5899,248 9365,613 8593,687
1,9929999 B 1244,41 14268,504 12132,345 18925,889 8100,1646 1797,0802 S 638,4001 6654,6714 13188,692 5899,248 9365,613 8593,687
1,9929993 B 1244,41 14268,504 12132,345 18925,889 8100,1646 1797,0802 S 638,4001 6654,6714 13188,692 5899,248 9365,613 8593,687
1,9930003 B 1244,41 14268,504 12132,345 18925,889 8100,1646 1797,0802 S 638,4001 6654,6714 13188,692 5899,248 9365,613 8593,687
1,9930005 B 1244,41 14268,504 12132,345 18925,889 8100,1646 1797,0802 S 638,4001 6654,6714 13188,692 5899,248 9365,613 8593,687
1,9930004 B 1244,41 14268,504 12132,345 18925,889 8100,1646 1797,0802 S 638,4001 6654,6714 13188,692 5899,248 9365,613 8593,687
1,993 B 1244,41 14268,504 12132,345 18925,889 8100,1646 1797,0802 S 638,4001 6654,6714 13188,692 5899,248 9365,613 8593,687
1,9929999 B 1244,41 14268,504 12132,345 18925,889 8100,1646 1797,0802 S 638,4001 6654,6714 13188,692 5899,248 9365,613 8593,687
1,9930004 B 1244,41 14268,504 12132,345 18925,889 8100,1646 1797,0802 S 638,4001 6654,6714 13188,692 5899,248 9365,613 8593,687
1,9937291 B 1244,41 14268,504 12132,345 18925,889 8100,1646 1797,0802 S 638,4001 6654,6714 13188,692 5899,248 9365,613 8593,687
1,9939997 B 1244,41 14268,504 12132,345 18925,889 8100,1646 1797,0802 S 638,4001 6654,6714 13188,692 5899,248 9365,613 8593,687
1,9939998 B 1244,41 14268,504 12132,345 18925,889 8100,1646 1797,0802 S 638,4001 6654,6714 13188,692 5899,248 9365,613 8593,687
1,9940006 B 1244,41 14268,504 12132,345 18925,889 8100,1646 1797,0802 S 638,4001 6654,6714 13188,692 5899,248 9365,613 8593,687
1,9939998 B 1244,41 14268,504 12132,345 18925,889 8100,1646 1797,0802 S 638,4001 6654,6714 13188,692 5899,248 9365,613 8593,687
1,9939998 B 1244,41 14268,504 12132,345 18925,889 8100,1646 1797,0802 S 638,4001 6654,6714 13188,692 5899,248 9365,613 8593,687
1,9980601 B 1244,41 14268,504 12132,345 18925,889 8100,1646 1797,0802 S 638,4001 6654,6714 13188,692 5899,248 9365,613 8593,687
2,0010002 B 1244,41 14268,504 12132,345 18925,889 8100,1646 1797,0802 S 638,4001 6654,6714 13188,692 5899,248 9365,613 8593,687
2,0011833 B 1244,41 14268,504 12132,345 18925,889 8100,1646 1797,0802 S 638,4001 6654,6714 13188,692 5899,248 9365,613 8593,687
2,0025666 B 1244,41 14268,504 12132,345 18925,889 8100,1646 1797,0802 S 638,4001 6654,6714 13188,692 5899,248 9365,613 8593,687
2,0029998 B 1244,41 14268,504 12132,345 18925,889 8100,1646 1797,0802 S 638,4001 6654,6714 13188,692 5899,248 9365,613 8593,687
2,0033872 B 1244,41 14268,504 12132,345 18925,889 8100,1646 1797,0802 S 638,4001 6654,6714 13188,692 5899,248 9365,613 8593,687
2,0049996 B 1244,41 14268,504 12132,345 18925,889 8100,1646 1797,0802 S 638,4001 6654,6714 13188,692 5899,248 9365,613 8593,687
2,0049999 B 1244,41 14268,504 12132,345 18925,889 8100,1646 1797,0802 S 638,4001 6654,6714 13188,692 5899,248 9365,613 8593,687
2,0049999 B 1244,41 14268,504 12132,345 18925,889 8100,1646 1797,0802 S 638,4001 6654,6714 13188,692 5899,248 9365,613 8593,687
2,005 B 1244,41 14268,504 12132,345 18925,889 8100,1646 1797,0802 S 638,4001 6654,6714 13188,692 5899,248 9365,613 8593,687
2,0049999 B 1244,41 14268,504 12132,345 18925,889 8100,1646 1797,0802 S 638,4001 6654,6714 13188,692 5899,248 9365,613 8593,687
2,0044231 B 1244,41 14268,504 12132,345 18925,889 8100,1646 1797,0802 S 638,4001 6654,6714 13188,692 5899,248 9365,613 8593,687
2,003 B 1244,41 14268,504 12132,345 18925,889 8100,1646 1797,0802 S 638,4001 6654,6714 13188,692 5899,248 9365,613 8593,687
2,0029998 B 1244,41 14268,504 12132,345 18925,889 8100,1646 1797,0802 S 638,4001 6654,6714 13188,692 5899,248 9365,613 8593,687
2,001895 B 1244,41 14268,504 12132,345 18925,889 8100,1646 1797,0802 S 638,4001 6654,6714 13188,692 5899,248 9365,613 8593,687
2,0002055 B 1244,41 14268,504 12132,345 18925,889 8100,1646 1797,0802 S 638,4001 6654,6714 13188,692 5899,248 9365,613 8593,687
1,9985981 B 1244,41 14268,504 12132,345 18925,889 8100,1646 1797,0802 S 638,4001 6654,6714 13188,692 5899,248 9365,613 8593,687
1,998 B 1244,41 14268,504 12132,345 18925,889 8100,1646 1797,0802 S 638,4001 6654,6714 13188,692 5899,248 9365,613 8593,687
1,9980009 B 1244,41 14268,504 12132,345 18925,889 8100,1646 1797,0802 S 638,4001 6654,6714 13188,692 5899,248 9365,613 8593,687
1,9980003 B 1244,41 14268,504 12132,345 18925,889 8100,1646 1797,0802 S 638,4001 6654,6714 13188,692 5899,248 9365,613 8593,687
1,9979995 B 1244,41 14268,504 12132,345 18925,889 8100,1646 1797,0802 S 638,4001 6654,6714 13188,692 5899,248 9365,613 8593,687
1,9979995 B 1244,41 14268,504 12132,345 18925,889 8100,1646 1797,0802 S 638,4001 6654,6714 13188,692 5899,248 9365,613 8593,687
1,9987575 B 1244,41 14268,504 12132,345 18925,889 8100,1646 1797,0802 S 638,4001 6654,6714 13188,692 5899,248 9365,613 8593,687
2 B 1244,41 14268,504 12132,345 18925,889 8100,1646 1797,0802 S 638,4001 6654,6714 13188,692 5899,248 9365,613 8593,687
2 B 1244,41 14268,504 12132,345 18925,889 8100,1646 1797,0802 S 638,4001 6654,6714 13188,692 5899,248 9365,613 8593,687
1,9999329 B 1244,41 14268,504 12132,345 18925,889 8100,1646 1797,0802 S 638,4001 6654,6714 13188,692 5899,248 9365,613 8593,687
1,9986951 B 1244,41 14268,504 12132,345 18925,889 8100,1646 1797,0802 S 638,4001 6654,6714 13188,692 5899,248 9365,613 8593,687
1,9970002 B 1244,41 14268,504 12132,345 18925,889 8100,1646 1797,0802 S 638,4001 6654,6714 13188,692 5899,248 9365,613 8593,687
1,9970005 B 1244,41 14268,504 12132,345 18925,889 8100,1646 1797,0802 S 638,4001 6654,6714 13188,692 5899,248 9365,613 8593,687
1,9970003 B 1244,41 14268,504 12132,345 18925,889 8100,1646 1797,0802 S 638,4001 6654,6714 13188,692 5899,248 9365,613 8593,687
1,9986075 B 1244,41 14268,504 12132,345 18925,889 8100,1646 1797,0802 S 638,4001 6654,6714 13188,692 5899,248 9365,613 8593,687
1,9990002 B 1244,41 14268,504 12132,345 18925,889 8100,1646 1797,0802 S 638,4001 6654,6714 13188,692 5899,248 9365,613 8593,687
1,9997032 B 1244,41 14268,504 12132,345 18925,889 8100,1646 1797,0802 S 638,4001 6654,6714 13188,692 5899,248 9365,613 8593,687
2,0010004 B 1244,41 14268,504 12132,345 18925,889 8100,1646 1797,0802 S 638,4001 6654,6714 13188,692 5899,248 9365,613 8593,687
2,0009995 B 1244,41 14268,504 12132,345 18925,889 8100,1646 1797,0802 S 638,4001 6654,6714 13188,692 5899,248 9365,613 8593,687
2,0010004 B 1244,41 14268,504 12132,345 18925,889 8100,1646 1797,0802 S 638,4001 6654,6714 13188,692 5899,248 9365,613 8593,687
2,0009997 B 1244,41 14268,504 12132,345 18925,889 8100,1646 1797,0802 S 638,4001 6654,6714 13188,692 5899,248 9365,613 8593,687
2,0010004 B 1244,41 14268,504 12132,345 18925,889 8100,1646 1797,0802 S 638,4001 6654,6714 13188,692 5899,248 9365,613 8593,687
2,001 B 1244,41 14268,504 12132,345 18925,889 8100,1646 1797,0802 S 638,4001 6654,6714 13188,692 5899,248 9365,613 8593,687
2,001 B 1244,41 14268,504 12132,345 18925,889 8100,1646 1797,0802 S 638,4001 6654,6714 13188,692 5899,248 9365,613 8593,687
2,0010002 B 1244,41 14268,504 12132,345 18925,889 8100,1646 1797,0802 S 638,4001 6654,6714 13188,692 5899,248 9365,613 8593,687
2,0010002 B 1244,41 14268,504 12132,345 18925,889 8100,1646 1797,0802 S 638,4001 6654,6714 13188,692 5899,248 9365,613 8593,687
2,0010004 B 1244,41 14268,504 12132,345 18925,889 8100,1646 1797,0802 S 638,4001 6654,6714 13188,692 5899,248 9365,613 8593,687
2,001 B 1244,41 14268,504 12132,345 18925,889 8100,1646 1797,0802 S 638,4001 6654,6714 13188,692 5899,248 9365,613 8593,687
2,0003521 B 1244,41 14268,504 12132,345 18925,889 8100,1646 1797,0802 S 638,4001 6654,6714 13188,692 5899,248 9365,613 8593,687
2 B 1244,41 14268,504 12132,345 18925,889 8100,1646 1797,0802 S 638,4001 6654,6714 13188,692 5899,248 9365,613 8593,687
2 B 1244,41 14268,504 12132,345 18925,889 8100,1646 1797,0802 S 638,4001 6654,6714 13188,692 5899,248 9365,613 8593,687
1,9991493 B 1244,41 14268,504 12132,345 18925,889 8100,1646 1797,0802 S 638,4001 6654,6714 13188,692 5899,248 9365,613 8593,687
1,9980004 B 1244,41 14268,504 12132,345 18925,889 8100,1646 1797,0802 S 638,4001 6654,6714 13188,692 5899,248 9365,613 8593,687
1,9979998 B 1244,41 14268,504 12132,345 18925,889 8100,1646 1797,0802 S 638,4001 6654,6714 13188,692 5899,248 9365,613 8593,687
1,9980006 B 1244,41 14268,504 12132,345 18925,889 8100,1646 1797,0802 S 638,4001 6654,6714 13188,692 5899,248 9365,613 8593,687
1,9980003 B 1244,41 14268,504 12132,345 18925,889 8100,1646 1797,0802 S 638,4001 6654,6714 13188,692 5899,248 9365,613 8593,687
1,9979995 B 1244,41 14268,504 12132,345 18925,889 8100,1646 1797,0802 S 638,4001 6654,6714 13188,692 5899,248 9365,613 8593,687
1,998 B 1244,41 14268,504 12132,345 18925,889 8100,1646 1797,0802 S 638,4001 6654,6714 13188,692 5899,248 9365,613 8593,687
1,9979997 B 1244,41 14268,504 12132,345 18925,889 8100,1646 1797,0802 S 638,4001 6654,6714 13188,692 5899,248 9365,613 8593,687
1,9980003 B 1244,41 14268,504 12132,345 18925,889 8100,1646 1797,0802 S 638,4001 6654,6714 13188,692 5899,248 9365,613 8593,687
1,9979998 B 1244,41 14268,504 12132,345 18925,889 8100,1646 1797,0802 S 638,4001 6654,6714 13188,692 5899,248 9365,613 8593,687
1,998 B 1244,41 14268,504 12132,345 18925,889 8100,1646 1797,0802 S 638,4001 6654,6714 13188,692 5899,248 9365,613 8593,687
1,9979994 B 1244,41 14268,504 12132,345 18925,889 8100,1646 1797,0802 S 638,4001 6654,6714 13188,692 5899,248 9365,613 8593,687
1,998 B 1244,41 14268,504 12132,345 18925,889 8100,1646 1797,0802 S 638,4001 6654,6714 13188,692 5899,248 9365,613 8593,687
1,9979999 B 1244,41 14268,504 12132,345 18925,889 8100,1646 1797,0802 S 638,4001 6654,6714 13188,692 5899,248 9365,613 8593,687
1,9979999 B 1244,41 14268,504 12132,345 18925,889 8100,1646 1797,0802 S 638,4001 6654,6714 13188,692 5899,248 9365,613 8593,687
1,9979999 B 1244,41 14268,504 12132,345 18925,889 8100,1646 1797,0802 S 638,4001 6654,6714 13188,692 5899,248 9365,613 8593,687
1,998 B 1244,41 14268,504 12132,345 18925,889 8100,1646 1797,0802 S 638,4001 6654,6714 13188,692 5899,248 9365,613 8593,687
1,9980004 B 1244,41 14268,504 12132,345 18925,889 8100,1646 1797,0802 S 638,4001 6654,6714 13188,692 5899,248 9365,613 8593,687
1,998 B 1244,41 14268,504 12132,345 18925,889 8100,1646 1797,0802 S 638,4001 6654,6714 13188,692 5899,248 9365,613 8593,687
1,9980006 B 1244,41 14268,504 12132,345 18925,889 8100,1646 1797,0802 S 638,4001 6654,6714 13188,692 5899,248 9365,613 8593,687
1,9980003 B 1244,41 14268,504 12132,345 18925,889 8100,1646 1797,0802 S 638,4001 6654,6714 13188,692 5899,248 9365,613 8593,687
1,9980004 B 1244,41 14268,504 12132,345 18925,889 8100,1646 1797,0802 S 638,4001 6654,6714 13188,692 5899,248 9365,613 8593,687
1,9979995 B 1244,41 14268,504 12132,345 18925,889 8100,1646 1797,0802 S 638,4001 6654,6714 13188,692 5899,248 9365,613 8593,687
1,9980003 B 1244,41 14268,504 12132,345 18925,889 8100,1646 1797,0802 S 638,4001 6654,6714 13188,692 5899,248 9365,613 8593,687
1,9979997 B 1244,41 14268,504 12132,345 18925,889 8100,1646 1797,0802 S 638,4001 6654,6714 13188,692 5899,248 9365,613 8593,687
1,9979995 B 1244,41 14268,504 12132,345 18925,889 8100,1646 1797,0802 S 638,4001 6654,6714 13188,692 5899,248 9365,613 8593,687
1,9979999 B 1244,41 14268,504 12132,345 18925,889 8100,1646 1797,0802 S 638,4001 6654,6714 13188,692 5899,248 9365,613 8593,687
1,9980003 B 1244,41 14268,504 12132,345 18925,889 8100,1646 1797,0802 S 638,4001 6654,6714 13188,692 5899,248 9365,613 8593,687
1,9979998 B 1244,41 14268,504 12132,345 18925,889 8100,1646 1797,0802 S 638,4001 6654,6714 13188,692 5899,248 9365,613 8593,687
1,9980004 B 1244,41 14268,504 12132,345 18925,889 8100,1646 1797,0802 S 638,4001 6654,6714 13188,692 5899,248 9365,613 8593,687
1,998 B 1244,41 14268,504 12132,345 18925,889 8100,1646 1797,0802 S 638,4001 6654,6714 13188,692 5899,248 9365,613 8593,687
1,9980003 B 1244,41 14268,504 12132,345 18925,889 8100,1646 1797,0802 S 638,4001 6654,6714 13188,692 5899,248 9365,613 8593,687
1,9979995 B 1244,41 14268,504 12132,345 18925,889 8100,1646 1797,0802 S 638,4001 6654,6714 13188,692 5899,248 9365,613 8593,687
1,9979998 B 1244,41 14268,504 12132,345 18925,889 8100,1646 1797,0802 S 638,4001 6654,6714 13188,692 5899,248 9365,613 8593,687
1,998 B 1244,41 14268,504 12132,345 18925,889 8100,1646 1797,0802 S 638,4001 6654,6714 13188,692 5899,248 9365,613 8593,687
1,998 B 1244,41 14268,504 12132,345 18925,889 8100,1646 1797,0802 S 638,4001 6654,6714 13188,692 5899,248 9365,613 8593,687
1,9980006 B 1244,41 14268,504 12132,345 18925,889 8100,1646 1797,0802 S 638,4001 6654,6714 13188,692 5899,248 9365,613 8593,687
1,9979997 B 1244,41 14268,504 12132,345 18925,889 8100,1646 1797,0802 S 638,4001 6654,6714 13188,692 5899,248 9365,613 8593,687
1,9979997 B 1244,41 14268,504 12132,345 18925,889 8100,1646 1797,0802 S 638,4001 6654,6714 13188,692 5899,248 9365,613 8593,687
1,9979999 B 1244,41 14268,504 12132,345 18925,889 8100,1646 1797,0802 S 638,4001 6654,6714 13188,692 5899,248 9365,613 8593,687
1,9980005 B 1244,41 14268,504 12132,345 18925,889 8100,1646 1797,0802 S 638,4001 6654,6714 13188,692 5899,248 9365,613 8593,687
1,9980005 B 1244,41 14268,504 12132,345 18925,889 8100,1646 1797,0802 S 638,4001 6654,6714 13188,692 5899,248 9365,613 8593,687
1,9964993 B 1244,41 14268,504 12132,345 18925,889 8100,1646 1797,0802 S 638,4001 6654,6714 13188,692 5899,248 9365,613 8593,687
1,9955242 B 1244,41 14268,504 12132,345 18925,889 8100,1646 1797,0802 S 638,4001 6654,6714 13188,692 5899,248 9365,613 8593,687
1,9949996 B 1244,41 14268,504 12132,345 18925,889 8100,1646 1797,0802 S 638,4001 6654,6714 13188,692 5899,248 9365,613 8593,687
1,9949995 B 1244,41 14268,504 12132,345 18925,889 8100,1646 1797,0802 S 638,4001 6654,6714 13188,692 5899,248 9365,613 8593,687
1,9956853 B 1244,41 14268,504 12132,345 18925,889 8100,1646 1797,0802 S 638,4001 6654,6714 13188,692 5899,248 9365,613 8593,687
1,9970006 B 1244,41 14268,504 12132,345 18925,889 8100,1646 1797,0802 S 638,4001 6654,6714 13188,692 5899,248 9365,613 8593,687
1,9970005 B 1244,41 14268,504 12132,345 18925,889 8100,1646 1797,0802 S 638,4001 6654,6714 13188,692 5899,248 9365,613 8593,687
