1,99865
2,0100005 B 1609,51 9388,231 13138,865 13503,146 10785,059 9279,448 S 660,0882 2697,7642 13167,259 14990,223 6427,4404 11928,062
2,0100002 B 1609,51 9388,231 13138,865 13503,146 10785,059 9279,448 S 660,0882 2697,7642 13167,259 14990,223 6427,4404 11928,062
2,01 B 1609,51 9388,231 13138,865 13503,146 10785,059 9279,448 S 660,0882 2697,7642 13167,259 14990,223 6427,4404 11928,062
2,0100005 B 1609,51 9388,231 13138,865 13503,146 10785,059 9279,448 S 660,0882 2697,7642 13167,259 14990,223 6427,4404 11928,062
2,0099998 B 1609,51 9388,231 13138,865 13503,146 10785,059 9279,448 S 660,0882 2697,7642 13167,259 14990,223 6427,4404 11928,062
2,0100007 B 1609,51 9388,231 13138,865 13503,146 10785,059 9279,448 S 660,0882 2697,7642 13167,259 14990,223 6427,4404 11928,062
2,01 B 1609,51 9388,231 13138,865 13503,146 10785,059 9279,448 S 660,0882 2697,7642 13167,259 14990,223 6427,4404 11928,062
2,01 B 1609,51 9388,231 13138,865 13503,146 10785,059 9279,448 S 660,0882 2697,7642 13167,259 14990,223 6427,4404 11928,062
2,0099995 B 1609,51 9388,231 13138,865 13503,146 10785,059 9279,448 S 660,0882 2697,7642 13167,259 14990,223 6427,4404 11928,062
2,0099998 B 1609,51 9388,231 13138,865 13503,146 10785,059 9279,448 S 660,0882 2697,7642 13167,259 14990,223 6427,4404 11928,062
2,0101862 B 1609,51 9388,231 13138,865 13503,146 10785,059 9279,448 S 660,0882 2697,7642 13167,259 14990,223 6427,4404 11928,062
2,0110002 B 1609,51 9388,231 13138,865 13503,146 10785,059 9279,448 S 660,0882 2697,7642 13167,259 14990,223 6427,4404 11928,062
2,0110004 B 1609,51 9388,231 13138,865 13503,146 10785,059 9279,448 S 660,0882 2697,7642 13167,259 14990,223 6427,4404 11928,062
2,0109997 B 1609,51 9388,231 13138,865 13503,146 10785,059 9279,448 S 660,0882 2697,7642 13167,259 14990,223 6427,4404 11928,062
2,011 B 1609,51 9388,231 13138,865 13503,146 10785,059 9279,448 S 660,0882 2697,7642 13167,259 14990,223 6427,4404 11928,062
2,0110002 B 1609,51 9388,231 13138,865 13503,146 10785,059 9279,448 S 660,0882 2697,7642 13167,259 14990,223 6427,4404 11928,062
2,0110002 B 1609,51 9388,231 13138,865 13503,146 10785,059 9279,448 S 660,0882 2697,7642 13167,259 14990,223 6427,4404 11928,062
2,011 B 1609,51 9388,231 13138,865 13503,146 10785,059 9279,448 S 660,0882 2697,7642 13167,259 14990,223 6427,4404 11928,062
2,0110002 B 1609,51 9388,231 13138,865 13503,146 10785,059 9279,448 S 660,0882 2697,7642 13167,259 14990,223 6427,4404 11928,062
2,0110002 B 1609,51 9388,231 13138,865 13503,146 10785,059 9279,448 S 660,0882 2697,7642 13167,259 14990,223 6427,4404 11928,062
2,011 B 1609,51 9388,231 13138,865 13503,146 10785,059 9279,448 S 660,0882 2697,7642 13167,259 14990,223 6427,4404 11928,062
2,0109997 B 1609,51 9388,231 13138,865 13503,146 10785,059 9279,448 S 660,0882 2697,7642 13167,259 14990,223 6427,4404 11928,062
2,0109997 B 1609,51 9388,231 13138,865 13503,146 10785,059 9279,448 S 660,0882 2697,7642 13167,259 14990,223 6427,4404 11928,062
2,0109994 B 1609,51 9388,231 13138,865 13503,146 10785,059 9279,448 S 660,0882 2697,7642 13167,259 14990,223 6427,4404 11928,062
2,0114386 B 1609,51 9388,231 13138,865 13503,146 10785,059 9279,448 S 660,0882 2697,7642 13167,259 14990,223 6427,4404 11928,062
2,0119996 B 1609,51 9388,231 13138,865 13503,146 10785,059 9279,448 S 660,0882 2697,7642 13167,259 14990,223 6427,4404 11928,062
2,0119994 B 1609,51 9388,231 13138,865 13503,146 10785,059 9279,448 S 660,0882 2697,7642 13167,259 14990,223 6427,4404 11928,062
2,0120003 B 1609,51 9388,231 13138,865 13503,146 10785,059 9279,448 S 660,0882 2697,7642 13167,259 14990,223 6427,4404 11928,062
2,0119996 B 1609,51 9388,231 13138,865 13503,146 10785,059 9279,448 S 660,0882 2697,7642 13167,259 14990,223 6427,4404 11928,062
2,0119998 B 1609,51 9388,231 13138,865 13503,146 10785,059 9279,448 S 660,0882 2697,7642 13167,259 14990,223 6427,4404 11928,062
2,0120006 B 1609,51 9388,231 13138,865 13503,146 10785,059 9279,448 S 660,0882 2697,7642 13167,259 14990,223 6427,4404 11928,062
2,0120003 B 1609,51 9388,231 13138,865 13503,146 10785,059 9279,448 S 660,0882 2697,7642 13167,259 14990,223 6427,4404 11928,062
2,0119996 B 1609,51 9388,231 13138,865 13503,146 10785,059 9279,448 S 660,0882 2697,7642 13167,259 14990,223 6427,4404 11928,062
2,012 B 1609,51 9388,231 13138,865 13503,146 10785,059 9279,448 S 660,0882 2697,7642 13167,259 14990,223 6427,4404 11928,062
2,009528 B 1609,51 9388,231 13138,865 13503,146 10785,059 9279,448 S 660,0882 2697,7642 13167,259 14990,223 6427,4404 11928,062
2,007999 B 1609,51 9388,231 13138,865 13503,146 10785,059 9279,448 S 660,0882 2697,7642 13167,259 14990,223 6427,4404 11928,062
2,008 B 1609,51 9388,231 13138,865 13503,146 10785,059 9279,448 S 660,0882 2697,7642 13167,259 14990,223 6427,4404 11928,062
2,008 B 1609,51 9388,231 13138,865 13503,146 10785,059 9279,448 S 660,0882 2697,7642 13167,259 14990,223 6427,4404 11928,062
2,0078127 B 1609,51 9388,231 13138,865 13503,146 10785,059 9279,448 S 660,0882 2697,7642 13167,259 14990,223 6427,4404 11928,062
2,0072463 B 1609,51 9388,231 13138,865 13503,146 10785,059 9279,448 S 660,0882 2697,7642 13167,259 14990,223 6427,4404 11928,062
2,008 B 1609,51 9388,231 13138,865 13503,146 10785,059 9279,448 S 660,0882 2697,7642 13167,259 14990,223 6427,4404 11928,062
2,0064654 B 1609,51 9388,231 13138,865 13503,146 10785,059 9279,448 S 660,0882 2697,7642 13167,259 14990,223 6427,4404 11928,062
2,0029995 B 1609,51 9388,231 13138,865 13503,146 10785,059 9279,448 S 660,0882 2697,7642 13167,259 14990,223 6427,4404 11928,062
2,001581 B 1609,51 9388,231 13138,865 13503,146 10785,059 9279,448 S 660,0882 2697,7642 13167,259 14990,223 6427,4404 11928,062
2,0005472 B 1609,51 9388,231 13138,865 13503,146 10785,059 9279,448 S 660,0882 2697,7642 13167,259 14990,223 6427,4404 11928,062
2,0001817 B 1609,51 9388,231 13138,865 13503,146 10785,059 9279,448 S 660,0882 2697,7642 13167,259 14990,223 6427,4404 11928,062
2,0010002 B 1609,51 9388,231 13138,865 13503,146 10785,059 9279,448 S 660,0882 2697,7642 13167,259 14990,223 6427,4404 11928,062
2,0009997 B 1609,51 9388,231 13138,865 13503,146 10785,059 9279,448 S 660,0882 2697,7642 13167,259 14990,223 6427,4404 11928,062
2,0020282 B 1609,51 9388,231 13138,865 13503,146 10785,059 9279,448 S 660,0882 2697,7642 13167,259 14990,223 6427,4404 11928,062
2,004 B 1609,51 9388,231 13138,865 13503,146 10785,059 9279,448 S 660,0882 2697,7642 13167,259 14990,223 6427,4404 11928,062
2,0040002 B 1609,51 9388,231 13138,865 13503,146 10785,059 9279,448 S 660,0882 2697,7642 13167,259 14990,223 6427,4404 11928,062
2,004 B 1609,51 9388,231 13138,865 13503,146 10785,059 9279,448 S 660,0882 2697,7642 13167,259 14990,223 6427,4404 11928,062
2,0040002 B 1609,51 9388,231 13138,865 13503,146 10785,059 9279,448 S 660,0882 2697,7642 13167,259 14990,223 6427,4404 11928,062
2,0039995 B 1609,51 9388,231 13138,865 13503,146 10785,059 9279,448 S 660,0882 2697,7642 13167,259 14990,223 6427,4404 11928,062
2,0040002 B 1609,51 9388,231 13138,865 13503,146 10785,059 9279,448 S 660,0882 2697,7642 13167,259 14990,223 6427,4404 11928,062
2,0040002 B 1609,51 9388,231 13138,865 13503,146 10785,059 9279,448 S 660,0882 2697,7642 13167,259 14990,223 6427,4404 11928,062
2,004 B 1609,51 9388,231 13138,865 13503,146 10785,059 9279,448 S 660,0882 2697,7642 13167,259 14990,223 6427,4404 11928,062
2,0039995 B 1609,51 9388,231 13138,865 13503,146 10785,059 9279,448 S 660,0882 2697,7642 13167,259 14990,223 6427,4404 11928,062
2,0040004 B 1609,51 9388,231 13138,865 13503,146 10785,059 9279,448 S 660,0882 2697,7642 13167,259 14990,223 6427,4404 11928,062
2,004 B 1609,51 9388,231 13138,865 13503,146 10785,059 9279,448 S 660,0882 2697,7642 13167,259 14990,223 6427,4404 11928,062
2,004 B 1609,51 9388,231 13138,865 13503,146 10785,059 9279,448 S 660,0882 2697,7642 13167,259 14990,223 6427,4404 11928,062
2,0040002 B 1609,51 9388,231 13138,865 13503,146 10785,059 9279,448 S 660,0882 2697,7642 13167,259 14990,223 6427,4404 11928,062
2,004 B 1609,51 9388,231 13138,865 13503,146 10785,059 9279,448 S 660,0882 2697,7642 13167,259 14990,223 6427,4404 11928,062
2,0040002 B 1609,51 9388,231 13138,865 13503,146 10785,059 9279,448 S 660,0882 2697,7642 13167,259 14990,223 6427,4404 11928,062
2,0039992 B 1609,51 9388,231 13138,865 13503,146 10785,059 9279,448 S 660,0882 2697,7642 13167,259 14990,223 6427,4404 11928,062
2,0039995 B 1609,51 9388,231 13138,865 13503,146 10785,059 9279,448 S 660,0882 2697,7642 13167,259 14990,223 6427,4404 11928,062
2,0040007 B 1609,51 9388,231 13138,865 13503,146 10785,059 9279,448 S 660,0882 2697,7642 13167,259 14990,223 6427,4404 11928,062
2,0018187 B 1609,51 9388,231 13138,865 13503,146 10785,059 9279,448 S 660,0882 2697,7642 13167,259 14990,223 6427,4404 11928,062
2 B 1609,51 9388,231 13138,865 13503,146 10785,059 9279,448 S 660,0882 2697,7642 13167,259 14990,223 6427,4404 11928,062
2 B 1609,51 9388,231 13138,865 13503,146 10785,059 9279,448 S 660,0882 2697,7642 13167,259 14990,223 6427,4404 11928,062
2 B 1609,51 9388,231 13138,865 13503,146 10785,059 9279,448 S 660,0882 2697,7642 13167,259 14990,223 6427,4404 11928,062
2 B 1609,51 9388,231 13138,865 13503,146 10785,059 9279,448 S 660,0882 2697,7642 13167,259 14990,223 6427,4404 11928,062
1,9999999 B 1609,51 9388,231 13138,865 13503,146 10785,059 9279,448 S 660,0882 2697,7642 13167,259 14990,223 6427,4404 11928,062
1,999 B 1609,51 9388,231 13138,865 13503,146 10785,059 9279,448 S 660,0882 2697,7642 13167,259 14990,223 6427,4404 11928,062
1,9990004 B 1609,51 9388,231 13138,865 13503,146 10785,059 9279,448 S 660,0882 2697,7642 13167,259 14990,223 6427,4404 11928,062
1,9981086 B 1609,51 9388,231 13138,865 13503,146 10785,059 9279,448 S 660,0882 2697,7642 13167,259 14990,223 6427,4404 11928,062
1,9979994 B 1609,51 9388,231 13138,865 13503,146 10785,059 9279,448 S 660,0882 2697,7642 13167,259 14990,223 6427,4404 11928,062
1,9979998 B 1609,51 9388,231 13138,865 13503,146 10785,059 9279,448 S 660,0882 2697,7642 13167,259 14990,223 6427,4404 11928,062
1,998 B 1609,51 9388,231 13138,865 13503,146 10785,059 9279,448 S 660,0882 2697,7642 13167,259 14990,223 6427,4404 11928,062
1,9980006 B 1609,51 9388,231 13138,865 13503,146 10785,059 9279,448 S 660,0882 2697,7642 13167,259 14990,223 6427,4404 11928,062
1,9980003 B 1609,51 9388,231 13138,865 13503,146 10785,059 9279,448 S 660,0882 2697,7642 13167,259 14990,223 6427,4404 11928,062
1,9980003 B 1609,51 9388,231 13138,865 13503,146 10785,059 9279,448 S 660,0882 2697,7642 13167,259 14990,223 6427,4404 11928,062
1,9980005 B 1609,51 9388,231 13138,865 13503,146 10785,059 9279,448 S 660,0882 2697,7642 13167,259 14990,223 6427,4404 11928,062
1,9976238 B 1609,51 9388,231 13138,865 13503,146 10785,059 9279,448 S 660,0882 2697,7642 13167,259 14990,223 6427,4404 11928,062
1,9960004 B 1609,51 9388,231 13138,865 13503,146 10785,059 9279,448 S 660,0882 2697,7642 13167,259 14990,223 6427,4404 11928,062
1,9952058 B 1609,51 9388,231 13138,865 13503,146 10785,059 9279,448 S 660,0882 2697,7642 13167,259 14990,223 6427,4404 11928,062
1,9950007 B 1609,51 9388,231 13138,865 13503,146 10785,059 9279,448 S 660,0882 2697,7642 13167,259 14990,223 6427,4404 11928,062
1,9950006 B 1609,51 9388,231 13138,865 13503,146 10785,059 9279,448 S 660,0882 2697,7642 13167,259 14990,223 6427,4404 11928,062
1,9949998 B 1609,51 9388,231 13138,865 13503,146 10785,059 9279,448 S 660,0882 2697,7642 13167,259 14990,223 6427,4404 11928,062
1,9950001 B 1609,51 9388,231 13138,865 13503,146 10785,059 9279,448 S 660,0882 2697,7642 13167,259 14990,223 6427,4404 11928,062
1,9950583 B 1609,51 9388,231 13138,865 13503,146 10785,059 9279,448 S 660,0882 2697,7642 13167,259 14990,223 6427,4404 11928,062
1,9959999 B 1609,51 9388,231 13138,865 13503,146 10785,059 9279,448 S 660,0882 2697,7642 13167,259 14990,223 6427,4404 11928,062
1,997096 B 1609,51 9388,231 13138,865 13503,146 10785,059 9279,448 S 660,0882 2697,7642 13167,259 14990,223 6427,4404 11928,062
1,9980003 B 1609,51 9388,231 13138,865 13503,146 10785,059 9279,448 S 660,0882 2697,7642 13167,259 14990,223 6427,4404 11928,062
1,998 B 1609,51 9388,231 13138,865 13503,146 10785,059 9279,448 S 660,0882 2697,7642 13167,259 14990,223 6427,4404 11928,062
1,9980003 B 1609,51 9388,231 13138,865 13503,146 10785,059 9279,448 S 660,0882 2697,7642 13167,259 14990,223 6427,4404 11928,062
1,9980004 B 1609,51 9388,231 13138,865 13503,146 10785,059 9279,448 S 660,0882 2697,7642 13167,259 14990,223 6427,4404 11928,062
1,9979998 B 1609,51 9388,231 13138,865 13503,146 10785,059 9279,448 S 660,0882 2697,7642 13167,259 14990,223 6427,4404 11928,062
1,9979999 B 1609,51 9388,231 13138,865 13503,146 10785,059 9279,448 S 660,0882 2697,7642 13167,259 14990,223 6427,4404 11928,062
1,9980003 B 1609,51 9388,231 13138,865 13503,146 10785,059 9279,448 S 660,0882 2697,7642 13167,259 14990,223 6427,4404 11928,062
1,9980005 B 1609,51 9388,231 13138,865 13503,146 10785,059 9279,448 S 660,0882 2697,7642 13167,259 14990,223 6427,4404 11928,062
1,9980007 B 1609,51 9388,231 13138,865 13503,146 10785,059 9279,448 S 660,0882 2697,7642 13167,259 14990,223 6427,4404 11928,062
1,9980005 B 1609,51 9388,231 13138,865 13503,146 10785,059 9279,448 S 660,0882 2697,7642 13167,259 14990,223 6427,4404 11928,062
1,9979998 B 1609,51 9388,231 13138,865 13503,146 10785,059 9279,448 S 660,0882 2697,7642 13167,259 14990,223 6427,4404 11928,062
1,9980003 B 1609,51 9388,231 13138,865 13503,146 10785,059 9279,448 S 660,0882 2697,7642 13167,259 14990,223 6427,4404 11928,062
1,9979994 B 1609,51 9388,231 13138,865 13503,146 10785,059 9279,448 S 660,0882 2697,7642 13167,259 14990,223 6427,4404 11928,062
1,9972581 B 1609,51 9388,231 13138,865 13503,146 10785,059 9279,448 S 660,0882 2697,7642 13167,259 14990,223 6427,4404 11928,062
1,9970005 B 1609,51 9388,231 13138,865 13503,146 10785,059 9279,448 S 660,0882 2697,7642 13167,259 14990,223 6427,4404 11928,062
1,9970002 B 1609,51 9388,231 13138,865 13503,146 10785,059 9279,448 S 660,0882 2697,7642 13167,259 14990,223 6427,4404 11928,062
1,9970005 B 1609,51 9388,231 13138,865 13503,146 10785,059 9279,448 S 660,0882 2697,7642 13167,259 14990,223 6427,4404 11928,062
1,9970003 B 1609,51 9388,231 13138,865 13503,146 10785,059 9279,448 S 660,0882 2697,7642 13167,259 14990,223 6427,4404 11928,062
1,9970008 B 1609,51 9388,231 13138,865 13503,146 10785,059 9279,448 S 660,0882 2697,7642 13167,259 14990,223 6427,4404 11928,062
1,9970006 B 1609,51 9388,231 13138,865 13503,146 10785,059 9279,448 S 660,0882 2697,7642 13167,259 14990,223 6427,4404 11928,062
1,9970003 B 1609,51 9388,231 13138,865 13503,146 10785,059 9279,448 S 660,0882 2697,7642 13167,259 14990,223 6427,4404 11928,062
1,997 B 1609,51 9388,231 13138,865 13503,146 10785,059 9279,448 S 660,0882 2697,7642 13167,259 14990,223 6427,4404 11928,062
1,997001 B 1609,51 9388,231 13138,865 13503,146 10785,059 9279,448 S 660,0882 2697,7642 13167,259 14990,223 6427,4404 11928,062
1,9970005 B 1609,51 9388,231 13138,865 13503,146 10785,059 9279,448 S 660,0882 2697,7642 13167,259 14990,223 6427,4404 11928,062
1,9970006 B 1609,51 9388,231 13138,865 13503,146 10785,059 9279,448 S 660,0882 2697,7642 13167,259 14990,223 6427,4404 11928,062
1,9970002 B 1609,51 9388,231 13138,865 13503,146 10785,059 9279,448 S 660,0882 2697,7642 13167,259 14990,223 6427,4404 11928,062
1,9970003 B 1609,51 9388,231 13138,865 13503,146 10785,059 9279,448 S 660,0882 2697,7642 13167,259 14990,223 6427,4404 11928,062
1,9970003 B 1609,51 9388,231 13138,865 13503,146 10785,059 9279,448 S 660,0882 2697,7642 13167,259 14990,223 6427,4404 11928,062
1,9970009 B 1609,51 9388,231 13138,865 13503,146 10785,059 9279,448 S 660,0882 2697,7642 13167,259 14990,223 6427,4404 11928,062
1,9984167 B 1609,51 9388,231 13138,865 13503,146 10785,059 9279,448 S 660,0882 2697,7642 13167,259 14990,223 6427,4404 11928,062
2 B 1609,51 9388,231 13138,865 13503,146 10785,059 9279,448 S 660,0882 2697,7642 13167,259 14990,223 6427,4404 11928,062
2 B 1609,51 9388,231 13138,865 13503,146 10785,059 9279,448 S 660,0882 2697,7642 13167,259 14990,223 6427,4404 11928,062
2 B 1609,51 9388,231 13138,865 13503,146 10785,059 9279,448 S 660,0882 2697,7642 13167,259 14990,223 6427,4404 11928,062
2 B 1609,51 9388,231 13138,865 13503,146 10785,059 9279,448 S 660,0882 2697,7642 13167,259 14990,223 6427,4404 11928,062
2 B 1609,51 9388,231 13138,865 13503,146 10785,059 9279,448 S 660,0882 2697,7642 13167,259 14990,223 6427,4404 11928,062
2 B 1609,51 9388,231 13138,865 13503,146 10785,059 9279,448 S 660,0882 2697,7642 13167,259 14990,223 6427,4404 11928,062
2 B 1609,51 9388,231 13138,865 13503,146 10785,059 9279,448 S 660,0882 2697,7642 13167,259 14990,223 6427,4404 11928,062
2 B 1609,51 9388,231 13138,865 13503,146 10785,059 9279,448 S 660,0882 2697,7642 13167,259 14990,223 6427,4404 11928,062
2 B 1609,51 9388,231 13138,865 13503,146 10785,059 9279,448 S 660,0882 2697,7642 13167,259 14990,223 6427,4404 11928,062
2 B 1609,51 9388,231 13138,865 13503,146 10785,059 9279,448 S 660,0882 2697,7642 13167,259 14990,223 6427,4404 11928,062
2 B 1609,51 9388,231 13138,865 13503,146 10785,059 9279,448 S 660,0882 2697,7642 13167,259 14990,223 6427,4404 11928,062
2 B 1609,51 9388,231 13138,865 13503,146 10785,059 9279,448 S 660,0882 2697,7642 13167,259 14990,223 6427,4404 11928,062
2 B 1609,51 9388,231 13138,865 13503,146 10785,059 9279,448 S 660,0882 2697,7642 13167,259 14990,223 6427,4404 11928,062
2 B 1609,51 9388,231 13138,865 13503,146 10785,059 9279,448 S 660,0882 2697,7642 13167,259 14990,223 6427,4404 11928,062
2 B 1609,51 9388,231 13138,865 13503,146 10785,059 9279,448 S 660,0882 2697,7642 13167,259 14990,223 6427,4404 11928,062
2,000245 B 1609,51 9388,231 13138,865 13503,146 10785,059 9279,448 S 660,0882 2697,7642 13167,259 14990,223 6427,4404 11928,062
1,9989992 B 1609,51 9388,231 13138,865 13503,146 10785,059 9279,448 S 660,0882 2697,7642 13167,259 14990,223 6427,4404 11928,062
1,9990003 B 1609,51 9388,231 13138,865 13503,146 10785,059 9279,448 S 660,0882 2697,7642 13167,259 14990,223 6427,4404 11928,062
1,9990002 B 1609,51 9388,231 13138,865 13503,146 10785,059 9279,448 S 660,0882 2697,7642 13167,259 14990,223 6427,4404 11928,062
1,9989995 B 1609,51 9388,231 13138,865 13503,146 10785,059 9279,448 S 660,0882 2697,7642 13167,259 14990,223 6427,4404 11928,062
1,9990004 B 1609,51 9388,231 13138,865 13503,146 10785,059 9279,448 S 660,0882 2697,7642 13167,259 14990,223 6427,4404 11928,062
1,9990004 B 1609,51 9388,231 13138,865 13503,146 10785,059 9279,448 S 660,0882 2697,7642 13167,259 14990,223 6427,4404 11928,062
1,9990008 B 1609,51 9388,231 13138,865 13503,146 10785,059 9279,448 S 660,0882 2697,7642 13167,259 14990,223 6427,4404 11928,062
1,9989998 B 1609,51 9388,231 13138,865 13503,146 10785,059 9279,448 S 660,0882 2697,7642 13167,259 14990,223 6427,4404 11928,062
1,9972814 B 1609,51 9388,231 13138,865 13503,146 10785,059 9279,448 S 660,0882 2697,7642 13167,259 14990,223 6427,4404 11928,062
1,9970003 B 1609,51 9388,231 13138,865 13503,146 10785,059 9279,448 S 660,0882 2697,7642 13167,259 14990,223 6427,4404 11928,062
1,9970005 B 1609,51 9388,231 13138,865 13503,146 10785,059 9279,448 S 660,0882 2697,7642 13167,259 14990,223 6427,4404 11928,062
1,9970002 B 1609,51 9388,231 13138,865 13503,146 10785,059 9279,448 S 660,0882 2697,7642 13167,259 14990,223 6427,4404 11928,062
1,9970006 B 1609,51 9388,231 13138,865 13503,146 10785,059 9279,448 S 660,0882 2697,7642 13167,259 14990,223 6427,4404 11928,062
1,9970001 B 1609,51 9388,231 13138,865 13503,146 10785,059 9279,448 S 660,0882 2697,7642 13167,259 14990,223 6427,4404 11928,062
1,9970003 B 1609,51 9388,231 13138,865 13503,146 10785,059 9279,448 S 660,0882 2697,7642 13167,259 14990,223 6427,4404 11928,062
1,9970005 B 1609,51 9388,231 13138,865 13503,146 10785,059 9279,448 S 660,0882 2697,7642 13167,259 14990,223 6427,4404 11928,062
1,997001 B 1609,51 9388,231 13138,865 13503,146 10785,059 9279,448 S 660,0882 2697,7642 13167,259 14990,223 6427,4404 11928,062
1,9970006 B 1609,51 9388,231 13138,865 13503,146 10785,059 9279,448 S 660,0882 2697,7642 13167,259 14990,223 6427,4404 11928,062
1,9970002 B 1609,51 9388,231 13138,865 13503,146 10785,059 9279,448 S 660,0882 2697,7642 13167,259 14990,223 6427,4404 11928,062
1,997001 B 1609,51 9388,231 13138,865 13503,146 10785,059 9279,448 S 660,0882 2697,7642 13167,259 14990,223 6427,4404 11928,062
1,9962188 B 1609,51 9388,231 13138,865 13503,146 10785,059 9279,448 S 660,0882 2697,7642 13167,259 14990,223 6427,4404 11928,062
1,9960003 B 1609,51 9388,231 13138,865 13503,146 10785,059 9279,448 S 660,0882 2697,7642 13167,259 14990,223 6427,4404 11928,062
1,9960002 B 1609,51 9388,231 13138,865 13503,146 10785,059 9279,448 S 660,0882 2697,7642 13167,259 14990,223 6427,4404 11928,062
1,996 B 1609,51 9388,231 13138,865 13503,146 10785,059 9279,448 S 660,0882 2697,7642 13167,259 14990,223 6427,4404 11928,062
1,9953965 B 1609,51 9388,231 13138,865 13503,146 10785,059 9279,448 S 660,0882 2697,7642 13167,259 14990,223 6427,4404 11928,062
1,9950001 B 1609,51 9388,231 13138,865 13503,146 10785,059 9279,448 S 660,0882 2697,7642 13167,259 14990,223 6427,4404 11928,062
1,9950004 B 1609,51 9388,231 13138,865 13503,146 10785,059 9279,448 S 660,0882 2697,7642 13167,259 14990,223 6427,4404 11928,062
1,9950005 B 1609,51 9388,231 13138,865 13503,146 10785,059 9279,448 S 660,0882 2697,7642 13167,259 14990,223 6427,4404 11928,062
1,995 B 1609,51 9388,231 13138,865 13503,146 10785,059 9279,448 S 660,0882 2697,7642 13167,259 14990,223 6427,4404 11928,062
1,9950007 B 1609,51 9388,231 13138,865 13503,146 10785,059 9279,448 S 660,0882 2697,7642 13167,259 14990,223 6427,4404 11928,062
1,9950002 B 1609,51 9388,231 13138,865 13503,146 10785,059 9279,448 S 660,0882 2697,7642 13167,259 14990,223 6427,4404 11928,062
1,9950013 B 1609,51 9388,231 13138,865 13503,146 10785,059 9279,448 S 660,0882 2697,7642 13167,259 14990,223 6427,4404 11928,062
1,9950006 B 1609,51 9388,231 13138,865 13503,146 10785,059 9279,448 S 660,0882 2697,7642 13167,259 14990,223 6427,4404 11928,062
1,9950002 B 1609,51 9388,231 13138,865 13503,146 10785,059 9279,448 S 660,0882 2697,7642 13167,259 14990,223 6427,4404 11928,062
1,9950004 B 1609,51 9388,231 13138,865 13503,146 10785,059 9279,448 S 660,0882 2697,7642 13167,259 14990,223 6427,4404 11928,062
1,9949996 B 1609,51 9388,231 13138,865 13503,146 10785,059 9279,448 S 660,0882 2697,7642 13167,259 14990,223 6427,4404 11928,062
1,9950002 B 1609,51 9388,231 13138,865 13503,146 10785,059 9279,448 S 660,0882 2697,7642 13167,259 14990,223 6427,4404 11928,062
1,9950004 B 1609,51 9388,231 13138,865 13503,146 10785,059 9279,448 S 660,0882 2697,7642 13167,259 14990,223 6427,4404 11928,062
1,9950007 B 1609,51 9388,231 13138,865 13503,146 10785,059 9279,448 S 660,0882 2697,7642 13167,259 14990,223 6427,4404 11928,062
1,9950006 B 1609,51 9388,231 13138,865 13503,146 10785,059 9279,448 S 660,0882 2697,7642 13167,259 14990,223 6427,4404 11928,062
1,9950005 B 1609,51 9388,231 13138,865 13503,146 10785,059 9279,448 S 660,0882 2697,7642 13167,259 14990,223 6427,4404 11928,062
1,995 B 1609,51 9388,231 13138,865 13503,146 10785,059 9279,448 S 660,0882 2697,7642 13167,259 14990,223 6427,4404 11928,062
1,9950002 B 1609,51 9388,231 13138,865 13503,146 10785,059 9279,448 S 660,0882 2697,7642 13167,259 14990,223 6427,4404 11928,062
1,9949716 B 1609,51 9388,231 13138,865 13503,146 10785,059 9279,448 S 660,0882 2697,7642 13167,259 14990,223 6427,4404 11928,062
1,9922318 B 1609,51 9388,231 13138,865 13503,146 10785,059 9279,448 S 660,0882 2697,7642 13167,259 14990,223 6427,4404 11928,062
1,9920003 B 1609,51 9388,231 13138,865 13503,146 10785,059 9279,448 S 660,0882 2697,7642 13167,259 14990,223 6427,4404 11928,062
1,9920002 B 1609,51 9388,231 13138,865 13503,146 10785,059 9279,448 S 660,0882 2697,7642 13167,259 14990,223 6427,4404 11928,062
1,9920001 B 1609,51 9388,231 13138,865 13503,146 10785,059 9279,448 S 660,0882 2697,7642 13167,259 14990,223 6427,4404 11928,062
1,9920001 B 1609,51 9388,231 13138,865 13503,146 10785,059 9279,448 S 660,0882 2697,7642 13167,259 14990,223 6427,4404 11928,062
1,992 B 1609,51 9388,231 13138,865 13503,146 10785,059 9279,448 S 660,0882 2697,7642 13167,259 14990,223 6427,4404 11928,062
1,9919995 B 1609,51 9388,231 13138,865 13503,146 10785,059 9279,448 S 660,0882 2697,7642 13167,259 14990,223 6427,4404 11928,062
1,9919999 B 1609,51 9388,231 13138,865 13503,146 10785,059 9279,448 S 660,0882 2697,7642 13167,259 14990,223 6427,4404 11928,062
1,9920001 B 1609,51 9388,231 13138,865 13503,146 10785,059 9279,448 S 660,0882 2697,7642 13167,259 14990,223 6427,4404 11928,062
1,9920001 B 1609,51 9388,231 13138,865 13503,146 10785,059 9279,448 S 660,0882 2697,7642 13167,259 14990,223 6427,4404 11928,062
1,992 B 1609,51 9388,231 13138,865 13503,146 10785,059 9279,448 S 660,0882 2697,7642 13167,259 14990,223 6427,4404 11928,062
1,9919994 B 1609,51 9388,231 13138,865 13503,146 10785,059 9279,448 S 660,0882 2697,7642 13167,259 14990,223 6427,4404 11928,062
1,9920002 B 1609,51 9388,231 13138,865 13503,146 10785,059 9279,448 S 660,0882 2697,7642 13167,259 14990,223 6427,4404 11928,062
1,9919995 B 1609,51 9388,231 13138,865 13503,146 10785,059 9279,448 S 660,0882 2697,7642 13167,259 14990,223 6427,4404 11928,062
1,992 B 1609,51 9388,231 13138,865 13503,146 10785,059 9279,448 S 660,0882 2697,7642 13167,259 14990,223 6427,4404 11928,062
1,9919999 B 1609,51 9388,231 13138,865 13503,146 10785,059 9279,448 S 660,0882 2697,7642 13167,259 14990,223 6427,4404 11928,062
1,9919999 B 1609,51 9388,231 13138,865 13503,146 10785,059 9279,448 S 660,0882 2697,7642 13167,259 14990,223 6427,4404 11928,062
1,9919994 B 1609,51 9388,231 13138,865 13503,146 10785,059 9279,448 S 660,0882 2697,7642 13167,259 14990,223 6427,4404 11928,062
1,992 B 1609,51 9388,231 13138,865 13503,146 10785,059 9279,448 S 660,0882 2697,7642 13167,259 14990,223 6427,4404 11928,062
1,9919997 B 1609,51 9388,231 13138,865 13503,146 10785,059 9279,448 S 660,0882 2697,7642 13167,259 14990,223 6427,4404 11928,062
1,9917105 B 1609,51 9388,231 13138,865 13503,146 10785,059 9279,448 S 660,0882 2697,7642 13167,259 14990,223 6427,4404 11928,062
1,9909997 B 1609,51 9388,231 13138,865 13503,146 10785,059 9279,448 S 660,0882 2697,7642 13167,259 14990,223 6427,4404 11928,062
1,991 B 1609,51 9388,231 13138,865 13503,146 10785,059 9279,448 S 660,0882 2697,7642 13167,259 14990,223 6427,4404 11928,062
1,9919331 B 1609,51 9388,231 13138,865 13503,146 10785,059 9279,448 S 660,0882 2697,7642 13167,259 14990,223 6427,4404 11928,062
1,992 B 1609,51 9388,231 13138,865 13503,146 10785,059 9279,448 S 660,0882 2697,7642 13167,259 14990,223 6427,4404 11928,062
1,992 B 1609,51 9388,231 13138,865 13503,146 10785,059 9279,448 S 660,0882 2697,7642 13167,259 14990,223 6427,4404 11928,062
1,9920001 B 1609,51 9388,231 13138,865 13503,146 10785,059 9279,448 S 660,0882 2697,7642 13167,259 14990,223 6427,4404 11928,062
1,9918561 B 1609,51 9388,231 13138,865 13503,146 10785,059 9279,448 S 660,0882 2697,7642 13167,259 14990,223 6427,4404 11928,062
1,9900004 B 1609,51 9388,231 13138,865 13503,146 10785,059 9279,448 S 660,0882 2697,7642 13167,259 14990,223 6427,4404 11928,062
1,9900001 B 1609,51 9388,231 13138,865 13503,146 10785,059 9279,448 S 660,0882 2697,7642 13167,259 14990,223 6427,4404 11928,062
1,9900005 B 1609,51 9388,231 13138,865 13503,146 10785,059 9279,448 S 660,0882 2697,7642 13167,259 14990,223 6427,4404 11928,062
1,9900005 B 1609,51 9388,231 13138,865 13503,146 10785,059 9279,448 S 660,0882 2697,7642 13167,259 14990,223 6427,4404 11928,062
1,9900002 B 1609,51 9388,231 13138,865 13503,146 10785,059 9279,448 S 660,0882 2697,7642 13167,259 14990,223 6427,4404 11928,062
1,9896263 B 1609,51 9388,231 13138,865 13503,146 10785,059 9279,448 S 660,0882 2697,7642 13167,259 14990,223 6427,4404 11928,062
1,9889996 B 1609,51 9388,231 13138,865 13503,146 10785,059 9279,448 S 660,0882 2697,7642 13167,259 14990,223 6427,4404 11928,062
1,989 B 1609,51 9388,231 13138,865 13503,146 10785,059 9279,448 S 660,0882 2697,7642 13167,259 14990,223 6427,4404 11928,062
1,9890004 B 1609,51 9388,231 13138,865 13503,146 10785,059 9279,448 S 660,0882 2697,7642 13167,259 14990,223 6427,4404 11928,062
1,9890001 B 1609,51 9388,231 13138,865 13503,146 10785,059 9279,448 S 660,0882 2697,7642 13167,259 14990,223 6427,4404 11928,062
1,9889997 B 1609,51 9388,231 13138,865 13503,146 10785,059 9279,448 S 660,0882 2697,7642 13167,259 14990,223 6427,4404 11928,062
1,9890002 B 1609,51 9388,231 13138,865 13503,146 10785,059 9279,448 S 660,0882 2697,7642 13167,259 14990,223 6427,4404 11928,062
1,9890001 B 1609,51 9388,231 13138,865 13503,146 10785,059 9279,448 S 660,0882 2697,7642 13167,259 14990,223 6427,4404 11928,062
1,9890001 B 1609,51 9388,231 13138,865 13503,146 10785,059 9279,448 S 660,0882 2697,7642 13167,259 14990,223 6427,4404 11928,062
1,9889996 B 1609,51 9388,231 13138,865 13503,146 10785,059 9279,448 S 660,0882 2697,7642 13167,259 14990,223 6427,4404 11928,062
1,9890003 B 1609,51 9388,231 13138,865 13503,146 10785,059 9279,448 S 660,0882 2697,7642 13167,259 14990,223 6427,4404 11928,062
1,9881444 B 1609,51 9388,231 13138,865 13503,146 10785,059 9279,448 S 660,0882 2697,7642 13167,259 14990,223 6427,4404 11928,062
1,9880006 B 1609,51 9388,231 13138,865 13503,146 10785,059 9279,448 S 660,0882 2697,7642 13167,259 14990,223 6427,4404 11928,062
1,9879998 B 1609,51 9388,231 13138,865 13503,146 10785,059 9279,448 S 660,0882 2697,7642 13167,259 14990,223 6427,4404 11928,062
1,9879991 B 1609,51 9388,231 13138,865 13503,146 10785,059 9279,448 S 660,0882 2697,7642 13167,259 14990,223 6427,4404 11928,062
1,9879998 B 1609,51 9388,231 13138,865 13503,146 10785,059 9279,448 S 660,0882 2697,7642 13167,259 14990,223 6427,4404 11928,062
1,9879998 B 1609,51 9388,231 13138,865 13503,146 10785,059 9279,448 S 660,0882 2697,7642 13167,259 14990,223 6427,4404 11928,062
1,9879996 B 1609,51 9388,231 13138,865 13503,146 10785,059 9279,448 S 660,0882 2697,7642 13167,259 14990,223 6427,4404 11928,062
1,9880002 B 1609,51 9388,231 13138,865 13503,146 10785,059 9279,448 S 660,0882 2697,7642 13167,259 14990,223 6427,4404 11928,062
1,9880003 B 1609,51 9388,231 13138,865 13503,146 10785,059 9279,448 S 660,0882 2697,7642 13167,259 14990,223 6427,4404 11928,062
1,9885273 B 1609,51 9388,231 13138,865 13503,146 10785,059 9279,448 S 660,0882 2697,7642 13167,259 14990,223 6427,4404 11928,062
1,99 B 1609,51 9388,231 13138,865 13503,146 10785,059 9279,448 S 660,0882 2697,7642 13167,259 14990,223 6427,4404 11928,062
1,9891888 B 1609,51 9388,231 13138,865 13503,146 10785,059 9279,448 S 660,0882 2697,7642 13167,259 14990,223 6427,4404 11928,062
1,9889996 B 1609,51 9388,231 13138,865 13503,146 10785,059 9279,448 S 660,0882 2697,7642 13167,259 14990,223 6427,4404 11928,062
