2,0097313
2,019487 B 1060,0455 6454,632 21809,756 13266,25 14358,42 6551,769 S 7542,377 12630,906 6788,1675 11733,682 9931,541 2449,0422
2,0199997 B 1060,0455 6454,632 21809,756 13266,25 14358,42 6551,769 S 7542,377 12630,906 6788,1675 11733,682 9931,541 2449,0422
2,0200002 B 1060,0455 6454,632 21809,756 13266,25 14358,42 6551,769 S 7542,377 12630,906 6788,1675 11733,682 9931,541 2449,0422
2,018079 B 1060,0455 6454,632 21809,756 13266,25 14358,42 6551,769 S 7542,377 12630,906 6788,1675 11733,682 9931,541 2449,0422
2,0159597 B 1060,0455 6454,632 21809,756 13266,25 14358,42 6551,769 S 7542,377 12630,906 6788,1675 11733,682 9931,541 2449,0422
2,0144432 B 1060,0455 6454,632 21809,756 13266,25 14358,42 6551,769 S 7542,377 12630,906 6788,1675 11733,682 9931,541 2449,0422
2,0140002 B 1060,0455 6454,632 21809,756 13266,25 14358,42 6551,769 S 7542,377 12630,906 6788,1675 11733,682 9931,541 2449,0422
2,0132382 B 1060,0455 6454,632 21809,756 13266,25 14358,42 6551,769 S 7542,377 12630,906 6788,1675 11733,682 9931,541 2449,0422
2,0130007 B 1060,0455 6454,632 21809,756 13266,25 14358,42 6551,769 S 7542,377 12630,906 6788,1675 11733,682 9931,541 2449,0422
2,0124745 B 1060,0455 6454,632 21809,756 13266,25 14358,42 6551,769 S 7542,377 12630,906 6788,1675 11733,682 9931,541 2449,0422
2,011947 B 1060,0455 6454,632 21809,756 13266,25 14358,42 6551,769 S 7542,377 12630,906 6788,1675 11733,682 9931,541 2449,0422
2,0117745 B 1060,0455 6454,632 21809,756 13266,25 14358,42 6551,769 S 7542,377 12630,906 6788,1675 11733,682 9931,541 2449,0422
2,012 B 1060,0455 6454,632 21809,756 13266,25 14358,42 6551,769 S 7542,377 12630,906 6788,1675 11733,682 9931,541 2449,0422
2,0112894 B 1060,0455 6454,632 21809,756 13266,25 14358,42 6551,769 S 7542,377 12630,906 6788,1675 11733,682 9931,541 2449,0422
2,0120003 B 1060,0455 6454,632 21809,756 13266,25 14358,42 6551,769 S 7542,377 12630,906 6788,1675 11733,682 9931,541 2449,0422
2,0139627 B 1060,0455 6454,632 21809,756 13266,25 14358,42 6551,769 S 7542,377 12630,906 6788,1675 11733,682 9931,541 2449,0422
2,0134666 B 1060,0455 6454,632 21809,756 13266,25 14358,42 6551,769 S 7542,377 12630,906 6788,1675 11733,682 9931,541 2449,0422
2,0120616 B 1060,0455 6454,632 21809,756 13266,25 14358,42 6551,769 S 7542,377 12630,906 6788,1675 11733,682 9931,541 2449,0422
2,0130007 B 1060,0455 6454,632 21809,756 13266,25 14358,42 6551,769 S 7542,377 12630,906 6788,1675 11733,682 9931,541 2449,0422
2,0149748 B 1060,0455 6454,632 21809,756 13266,25 14358,42 6551,769 S 7542,377 12630,906 6788,1675 11733,682 9931,541 2449,0422
2,0150003 B 1060,0455 6454,632 21809,756 13266,25 14358,42 6551,769 S 7542,377 12630,906 6788,1675 11733,682 9931,541 2449,0422
2,0150003 B 1060,0455 6454,632 21809,756 13266,25 14358,42 6551,769 S 7542,377 12630,906 6788,1675 11733,682 9931,541 2449,0422
2,0149999 B 1060,0455 6454,632 21809,756 13266,25 14358,42 6551,769 S 7542,377 12630,906 6788,1675 11733,682 9931,541 2449,0422
2,0150003 B 1060,0455 6454,632 21809,756 13266,25 14358,42 6551,769 S 7542,377 12630,906 6788,1675 11733,682 9931,541 2449,0422
2,015 B 1060,0455 6454,632 21809,756 13266,25 14358,42 6551,769 S 7542,377 12630,906 6788,1675 11733,682 9931,541 2449,0422
2,0162196 B 1060,0455 6454,632 21809,756 13266,25 14358,42 6551,769 S 7542,377 12630,906 6788,1675 11733,682 9931,541 2449,0422
2,0170002 B 1060,0455 6454,632 21809,756 13266,25 14358,42 6551,769 S 7542,377 12630,906 6788,1675 11733,682 9931,541 2449,0422
2,0173388 B 1060,0455 6454,632 21809,756 13266,25 14358,42 6551,769 S 7542,377 12630,906 6788,1675 11733,682 9931,541 2449,0422
2,0179996 B 1060,0455 6454,632 21809,756 13266,25 14358,42 6551,769 S 7542,377 12630,906 6788,1675 11733,682 9931,541 2449,0422
2,0180001 B 1060,0455 6454,632 21809,756 13266,25 14358,42 6551,769 S 7542,377 12630,906 6788,1675 11733,682 9931,541 2449,0422
2,0180004 B 1060,0455 6454,632 21809,756 13266,25 14358,42 6551,769 S 7542,377 12630,906 6788,1675 11733,682 9931,541 2449,0422
2,0180008 B 1060,0455 6454,632 21809,756 13266,25 14358,42 6551,769 S 7542,377 12630,906 6788,1675 11733,682 9931,541 2449,0422
2,0180004 B 1060,0455 6454,632 21809,756 13266,25 14358,42 6551,769 S 7542,377 12630,906 6788,1675 11733,682 9931,541 2449,0422
2,0180008 B 1060,0455 6454,632 21809,756 13266,25 14358,42 6551,769 S 7542,377 12630,906 6788,1675 11733,682 9931,541 2449,0422
2,0180004 B 1060,0455 6454,632 21809,756 13266,25 14358,42 6551,769 S 7542,377 12630,906 6788,1675 11733,682 9931,541 2449,0422
2,0180006 B 1060,0455 6454,632 21809,756 13266,25 14358,42 6551,769 S 7542,377 12630,906 6788,1675 11733,682 9931,541 2449,0422
2,0180001 B 1060,0455 6454,632 21809,756 13266,25 14358,42 6551,769 S 7542,377 12630,906 6788,1675 11733,682 9931,541 2449,0422
2,0180006 B 1060,0455 6454,632 21809,756 13266,25 14358,42 6551,769 S 7542,377 12630,906 6788,1675 11733,682 9931,541 2449,0422
2,0180001 B 1060,0455 6454,632 21809,756 13266,25 14358,42 6551,769 S 7542,377 12630,906 6788,1675 11733,682 9931,541 2449,0422
2,017758 B 1060,0455 6454,632 21809,756 13266,25 14358,42 6551,769 S 7542,377 12630,906 6788,1675 11733,682 9931,541 2449,0422
2,0154521 B 1060,0455 6454,632 21809,756 13266,25 14358,42 6551,769 S 7542,377 12630,906 6788,1675 11733,682 9931,541 2449,0422
2,0139601 B 1060,0455 6454,632 21809,756 13266,25 14358,42 6551,769 S 7542,377 12630,906 6788,1675 11733,682 9931,541 2449,0422
2,013 B 1060,0455 6454,632 21809,756 13266,25 14358,42 6551,769 S 7542,377 12630,906 6788,1675 11733,682 9931,541 2449,0422
2,013 B 1060,0455 6454,632 21809,756 13266,25 14358,42 6551,769 S 7542,377 12630,906 6788,1675 11733,682 9931,541 2449,0422
2,0129316 B 1060,0455 6454,632 21809,756 13266,25 14358,42 6551,769 S 7542,377 12630,906 6788,1675 11733,682 9931,541 2449,0422
2,0120003 B 1060,0455 6454,632 21809,756 13266,25 14358,42 6551,769 S 7542,377 12630,906 6788,1675 11733,682 9931,541 2449,0422
2,0134199 B 1060,0455 6454,632 21809,756 13266,25 14358,42 6551,769 S 7542,377 12630,906 6788,1675 11733,682 9931,541 2449,0422
2,0140002 B 1060,0455 6454,632 21809,756 13266,25 14358,42 6551,769 S 7542,377 12630,906 6788,1675 11733,682 9931,541 2449,0422
2,014579 B 1060,0455 6454,632 21809,756 13266,25 14358,42 6551,769 S 7542,377 12630,906 6788,1675 11733,682 9931,541 2449,0422
2,0159178 B 1060,0455 6454,632 21809,756 13266,25 14358,42 6551,769 S 7542,377 12630,906 6788,1675 11733,682 9931,541 2449,0422
2,0160007 B 1060,0455 6454,632 21809,756 13266,25 14358,42 6551,769 S 7542,377 12630,906 6788,1675 11733,682 9931,541 2449,0422
2,0151677 B 1060,0455 6454,632 21809,756 13266,25 14358,42 6551,769 S 7542,377 12630,906 6788,1675 11733,682 9931,541 2449,0422
2,015 B 1060,0455 6454,632 21809,756 13266,25 14358,42 6551,769 S 7542,377 12630,906 6788,1675 11733,682 9931,541 2449,0422
2,0142612 B 1060,0455 6454,632 21809,756 13266,25 14358,42 6551,769 S 7542,377 12630,906 6788,1675 11733,682 9931,541 2449,0422
2,0139997 B 1060,0455 6454,632 21809,756 13266,25 14358,42 6551,769 S 7542,377 12630,906 6788,1675 11733,682 9931,541 2449,0422
2,013162 B 1060,0455 6454,632 21809,756 13266,25 14358,42 6551,769 S 7542,377 12630,906 6788,1675 11733,682 9931,541 2449,0422
2,012 B 1060,0455 6454,632 21809,756 13266,25 14358,42 6551,769 S 7542,377 12630,906 6788,1675 11733,682 9931,541 2449,0422
2,0116153 B 1060,0455 6454,632 21809,756 13266,25 14358,42 6551,769 S 7542,377 12630,906 6788,1675 11733,682 9931,541 2449,0422
2,0094697 B 1060,0455 6454,632 21809,756 13266,25 14358,42 6551,769 S 7542,377 12630,906 6788,1675 11733,682 9931,541 2449,0422
2,0089998 B 1060,0455 6454,632 21809,756 13266,25 14358,42 6551,769 S 7542,377 12630,906 6788,1675 11733,682 9931,541 2449,0422
2,007938 B 1060,0455 6454,632 21809,756 13266,25 14358,42 6551,769 S 7542,377 12630,906 6788,1675 11733,682 9931,541 2449,0422
2,0069342 B 1060,0455 6454,632 21809,756 13266,25 14358,42 6551,769 S 7542,377 12630,906 6788,1675 11733,682 9931,541 2449,0422
2,0089998 B 1060,0455 6454,632 21809,756 13266,25 14358,42 6551,769 S 7542,377 12630,906 6788,1675 11733,682 9931,541 2449,0422
2,008999 B 1060,0455 6454,632 21809,756 13266,25 14358,42 6551,769 S 7542,377 12630,906 6788,1675 11733,682 9931,541 2449,0422
2,008202 B 1060,0455 6454,632 21809,756 13266,25 14358,42 6551,769 S 7542,377 12630,906 6788,1675 11733,682 9931,541 2449,0422
2,008603 B 1060,0455 6454,632 21809,756 13266,25 14358,42 6551,769 S 7542,377 12630,906 6788,1675 11733,682 9931,541 2449,0422
2,0090003 B 1060,0455 6454,632 21809,756 13266,25 14358,42 6551,769 S 7542,377 12630,906 6788,1675 11733,682 9931,541 2449,0422
2,009 B 1060,0455 6454,632 21809,756 13266,25 14358,42 6551,769 S 7542,377 12630,906 6788,1675 11733,682 9931,541 2449,0422
2,009 B 1060,0455 6454,632 21809,756 13266,25 14358,42 6551,769 S 7542,377 12630,906 6788,1675 11733,682 9931,541 2449,0422
2,0089998 B 1060,0455 6454,632 21809,756 13266,25 14358,42 6551,769 S 7542,377 12630,906 6788,1675 11733,682 9931,541 2449,0422
2,0096025 B 1060,0455 6454,632 21809,756 13266,25 14358,42 6551,769 S 7542,377 12630,906 6788,1675 11733,682 9931,541 2449,0422
2,0106845 B 1060,0455 6454,632 21809,756 13266,25 14358,42 6551,769 S 7542,377 12630,906 6788,1675 11733,682 9931,541 2449,0422
2,0129998 B 1060,0455 6454,632 21809,756 13266,25 14358,42 6551,769 S 7542,377 12630,906 6788,1675 11733,682 9931,541 2449,0422
2,0129998 B 1060,0455 6454,632 21809,756 13266,25 14358,42 6551,769 S 7542,377 12630,906 6788,1675 11733,682 9931,541 2449,0422
2,0129995 B 1060,0455 6454,632 21809,756 13266,25 14358,42 6551,769 S 7542,377 12630,906 6788,1675 11733,682 9931,541 2449,0422
2,0130002 B 1060,0455 6454,632 21809,756 13266,25 14358,42 6551,769 S 7542,377 12630,906 6788,1675 11733,682 9931,541 2449,0422
2,0130002 B 1060,0455 6454,632 21809,756 13266,25 14358,42 6551,769 S 7542,377 12630,906 6788,1675 11733,682 9931,541 2449,0422
2,0125368 B 1060,0455 6454,632 21809,756 13266,25 14358,42 6551,769 S 7542,377 12630,906 6788,1675 11733,682 9931,541 2449,0422
2,0109997 B 1060,0455 6454,632 21809,756 13266,25 14358,42 6551,769 S 7542,377 12630,906 6788,1675 11733,682 9931,541 2449,0422
2,0110002 B 1060,0455 6454,632 21809,756 13266,25 14358,42 6551,769 S 7542,377 12630,906 6788,1675 11733,682 9931,541 2449,0422
2,0110002 B 1060,0455 6454,632 21809,756 13266,25 14358,42 6551,769 S 7542,377 12630,906 6788,1675 11733,682 9931,541 2449,0422
2,0110002 B 1060,0455 6454,632 21809,756 13266,25 14358,42 6551,769 S 7542,377 12630,906 6788,1675 11733,682 9931,541 2449,0422
2,0115104 B 1060,0455 6454,632 21809,756 13266,25 14358,42 6551,769 S 7542,377 12630,906 6788,1675 11733,682 9931,541 2449,0422
2,0130005 B 1060,0455 6454,632 21809,756 13266,25 14358,42 6551,769 S 7542,377 12630,906 6788,1675 11733,682 9931,541 2449,0422
2,0130005 B 1060,0455 6454,632 21809,756 13266,25 14358,42 6551,769 S 7542,377 12630,906 6788,1675 11733,682 9931,541 2449,0422
2,013 B 1060,0455 6454,632 21809,756 13266,25 14358,42 6551,769 S 7542,377 12630,906 6788,1675 11733,682 9931,541 2449,0422
2,0138824 B 1060,0455 6454,632 21809,756 13266,25 14358,42 6551,769 S 7542,377 12630,906 6788,1675 11733,682 9931,541 2449,0422
2,0139997 B 1060,0455 6454,632 21809,756 13266,25 14358,42 6551,769 S 7542,377 12630,906 6788,1675 11733,682 9931,541 2449,0422
2,014 B 1060,0455 6454,632 21809,756 13266,25 14358,42 6551,769 S 7542,377 12630,906 6788,1675 11733,682 9931,541 2449,0422
2,0139997 B 1060,0455 6454,632 21809,756 13266,25 14358,42 6551,769 S 7542,377 12630,906 6788,1675 11733,682 9931,541 2449,0422
2,0140004 B 1060,0455 6454,632 21809,756 13266,25 14358,42 6551,769 S 7542,377 12630,906 6788,1675 11733,682 9931,541 2449,0422
2,0140002 B 1060,0455 6454,632 21809,756 13266,25 14358,42 6551,769 S 7542,377 12630,906 6788,1675 11733,682 9931,541 2449,0422
2,0139997 B 1060,0455 6454,632 21809,756 13266,25 14358,42 6551,769 S 7542,377 12630,906 6788,1675 11733,682 9931,541 2449,0422
2,0140002 B 1060,0455 6454,632 21809,756 13266,25 14358,42 6551,769 S 7542,377 12630,906 6788,1675 11733,682 9931,541 2449,0422
2,0139995 B 1060,0455 6454,632 21809,756 13266,25 14358,42 6551,769 S 7542,377 12630,906 6788,1675 11733,682 9931,541 2449,0422
2,014 B 1060,0455 6454,632 21809,756 13266,25 14358,42 6551,769 S 7542,377 12630,906 6788,1675 11733,682 9931,541 2449,0422
2,0139995 B 1060,0455 6454,632 21809,756 13266,25 14358,42 6551,769 S 7542,377 12630,906 6788,1675 11733,682 9931,541 2449,0422
2,0139997 B 1060,0455 6454,632 21809,756 13266,25 14358,42 6551,769 S 7542,377 12630,906 6788,1675 11733,682 9931,541 2449,0422
2,014 B 1060,0455 6454,632 21809,756 13266,25 14358,42 6551,769 S 7542,377 12630,906 6788,1675 11733,682 9931,541 2449,0422
2,0140002 B 1060,0455 6454,632 21809,756 13266,25 14358,42 6551,769 S 7542,377 12630,906 6788,1675 11733,682 9931,541 2449,0422
2,014 B 1060,0455 6454,632 21809,756 13266,25 14358,42 6551,769 S 7542,377 12630,906 6788,1675 11733,682 9931,541 2449,0422
2,014 B 1060,0455 6454,632 21809,756 13266,25 14358,42 6551,769 S 7542,377 12630,906 6788,1675 11733,682 9931,541 2449,0422
2,0139995 B 1060,0455 6454,632 21809,756 13266,25 14358,42 6551,769 S 7542,377 12630,906 6788,1675 11733,682 9931,541 2449,0422
2,0140002 B 1060,0455 6454,632 21809,756 13266,25 14358,42 6551,769 S 7542,377 12630,906 6788,1675 11733,682 9931,541 2449,0422
2,0140002 B 1060,0455 6454,632 21809,756 13266,25 14358,42 6551,769 S 7542,377 12630,906 6788,1675 11733,682 9931,541 2449,0422
2,0140004 B 1060,0455 6454,632 21809,756 13266,25 14358,42 6551,769 S 7542,377 12630,906 6788,1675 11733,682 9931,541 2449,0422
2,0114229 B 1060,0455 6454,632 21809,756 13266,25 14358,42 6551,769 S 7542,377 12630,906 6788,1675 11733,682 9931,541 2449,0422
2,0104516 B 1060,0455 6454,632 21809,756 13266,25 14358,42 6551,769 S 7542,377 12630,906 6788,1675 11733,682 9931,541 2449,0422
2,0100002 B 1060,0455 6454,632 21809,756 13266,25 14358,42 6551,769 S 7542,377 12630,906 6788,1675 11733,682 9931,541 2449,0422
2,0100002 B 1060,0455 6454,632 21809,756 13266,25 14358,42 6551,769 S 7542,377 12630,906 6788,1675 11733,682 9931,541 2449,0422
2,0100002 B 1060,0455 6454,632 21809,756 13266,25 14358,42 6551,769 S 7542,377 12630,906 6788,1675 11733,682 9931,541 2449,0422
2,0100005 B 1060,0455 6454,632 21809,756 13266,25 14358,42 6551,769 S 7542,377 12630,906 6788,1675 11733,682 9931,541 2449,0422
2,0105972 B 1060,0455 6454,632 21809,756 13266,25 14358,42 6551,769 S 7542,377 12630,906 6788,1675 11733,682 9931,541 2449,0422
2,011 B 1060,0455 6454,632 21809,756 13266,25 14358,42 6551,769 S 7542,377 12630,906 6788,1675 11733,682 9931,541 2449,0422
2,0110004 B 1060,0455 6454,632 21809,756 13266,25 14358,42 6551,769 S 7542,377 12630,906 6788,1675 11733,682 9931,541 2449,0422
2,011 B 1060,0455 6454,632 21809,756 13266,25 14358,42 6551,769 S 7542,377 12630,906 6788,1675 11733,682 9931,541 2449,0422
2,0110009 B 1060,0455 6454,632 21809,756 13266,25 14358,42 6551,769 S 7542,377 12630,906 6788,1675 11733,682 9931,541 2449,0422
2,0112665 B 1060,0455 6454,632 21809,756 13266,25 14358,42 6551,769 S 7542,377 12630,906 6788,1675 11733,682 9931,541 2449,0422
2,0119998 B 1060,0455 6454,632 21809,756 13266,25 14358,42 6551,769 S 7542,377 12630,906 6788,1675 11733,682 9931,541 2449,0422
2,0119998 B 1060,0455 6454,632 21809,756 13266,25 14358,42 6551,769 S 7542,377 12630,906 6788,1675 11733,682 9931,541 2449,0422
2,0119996 B 1060,0455 6454,632 21809,756 13266,25 14358,42 6551,769 S 7542,377 12630,906 6788,1675 11733,682 9931,541 2449,0422
2,0120003 B 1060,0455 6454,632 21809,756 13266,25 14358,42 6551,769 S 7542,377 12630,906 6788,1675 11733,682 9931,541 2449,0422
2,0114882 B 1060,0455 6454,632 21809,756 13266,25 14358,42 6551,769 S 7542,377 12630,906 6788,1675 11733,682 9931,541 2449,0422
2,011 B 1060,0455 6454,632 21809,756 13266,25 14358,42 6551,769 S 7542,377 12630,906 6788,1675 11733,682 9931,541 2449,0422
2,0109997 B 1060,0455 6454,632 21809,756 13266,25 14358,42 6551,769 S 7542,377 12630,906 6788,1675 11733,682 9931,541 2449,0422
2,0110002 B 1060,0455 6454,632 21809,756 13266,25 14358,42 6551,769 S 7542,377 12630,906 6788,1675 11733,682 9931,541 2449,0422
2,0110002 B 1060,0455 6454,632 21809,756 13266,25 14358,42 6551,769 S 7542,377 12630,906 6788,1675 11733,682 9931,541 2449,0422
2,0110002 B 1060,0455 6454,632 21809,756 13266,25 14358,42 6551,769 S 7542,377 12630,906 6788,1675 11733,682 9931,541 2449,0422
2,0117662 B 1060,0455 6454,632 21809,756 13266,25 14358,42 6551,769 S 7542,377 12630,906 6788,1675 11733,682 9931,541 2449,0422
2,0119998 B 1060,0455 6454,632 21809,756 13266,25 14358,42 6551,769 S 7542,377 12630,906 6788,1675 11733,682 9931,541 2449,0422
2,0120008 B 1060,0455 6454,632 21809,756 13266,25 14358,42 6551,769 S 7542,377 12630,906 6788,1675 11733,682 9931,541 2449,0422
2,0120006 B 1060,0455 6454,632 21809,756 13266,25 14358,42 6551,769 S 7542,377 12630,906 6788,1675 11733,682 9931,541 2449,0422
2,0135531 B 1060,0455 6454,632 21809,756 13266,25 14358,42 6551,769 S 7542,377 12630,906 6788,1675 11733,682 9931,541 2449,0422
2,0146196 B 1060,0455 6454,632 21809,756 13266,25 14358,42 6551,769 S 7542,377 12630,906 6788,1675 11733,682 9931,541 2449,0422
2,0150003 B 1060,0455 6454,632 21809,756 13266,25 14358,42 6551,769 S 7542,377 12630,906 6788,1675 11733,682 9931,541 2449,0422
2,0149999 B 1060,0455 6454,632 21809,756 13266,25 14358,42 6551,769 S 7542,377 12630,906 6788,1675 11733,682 9931,541 2449,0422
2,0144029 B 1060,0455 6454,632 21809,756 13266,25 14358,42 6551,769 S 7542,377 12630,906 6788,1675 11733,682 9931,541 2449,0422
2,0139992 B 1060,0455 6454,632 21809,756 13266,25 14358,42 6551,769 S 7542,377 12630,906 6788,1675 11733,682 9931,541 2449,0422
2,0127368 B 1060,0455 6454,632 21809,756 13266,25 14358,42 6551,769 S 7542,377 12630,906 6788,1675 11733,682 9931,541 2449,0422
2,010631 B 1060,0455 6454,632 21809,756 13266,25 14358,42 6551,769 S 7542,377 12630,906 6788,1675 11733,682 9931,541 2449,0422
2,009071 B 1060,0455 6454,632 21809,756 13266,25 14358,42 6551,769 S 7542,377 12630,906 6788,1675 11733,682 9931,541 2449,0422
2,0087175 B 1060,0455 6454,632 21809,756 13266,25 14358,42 6551,769 S 7542,377 12630,906 6788,1675 11733,682 9931,541 2449,0422
2,0079997 B 1060,0455 6454,632 21809,756 13266,25 14358,42 6551,769 S 7542,377 12630,906 6788,1675 11733,682 9931,541 2449,0422
2,0080004 B 1060,0455 6454,632 21809,756 13266,25 14358,42 6551,769 S 7542,377 12630,906 6788,1675 11733,682 9931,541 2449,0422
2,0080001 B 1060,0455 6454,632 21809,756 13266,25 14358,42 6551,769 S 7542,377 12630,906 6788,1675 11733,682 9931,541 2449,0422
2,0079997 B 1060,0455 6454,632 21809,756 13266,25 14358,42 6551,769 S 7542,377 12630,906 6788,1675 11733,682 9931,541 2449,0422
2,0080001 B 1060,0455 6454,632 21809,756 13266,25 14358,42 6551,769 S 7542,377 12630,906 6788,1675 11733,682 9931,541 2449,0422
2,0080001 B 1060,0455 6454,632 21809,756 13266,25 14358,42 6551,769 S 7542,377 12630,906 6788,1675 11733,682 9931,541 2449,0422
2,0096447 B 1060,0455 6454,632 21809,756 13266,25 14358,42 6551,769 S 7542,377 12630,906 6788,1675 11733,682 9931,541 2449,0422
2,0100007 B 1060,0455 6454,632 21809,756 13266,25 14358,42 6551,769 S 7542,377 12630,906 6788,1675 11733,682 9931,541 2449,0422
2,01 B 1060,0455 6454,632 21809,756 13266,25 14358,42 6551,769 S 7542,377 12630,906 6788,1675 11733,682 9931,541 2449,0422
2,0096488 B 1060,0455 6454,632 21809,756 13266,25 14358,42 6551,769 S 7542,377 12630,906 6788,1675 11733,682 9931,541 2449,0422
2,0079997 B 1060,0455 6454,632 21809,756 13266,25 14358,42 6551,769 S 7542,377 12630,906 6788,1675 11733,682 9931,541 2449,0422
2,0079992 B 1060,0455 6454,632 21809,756 13266,25 14358,42 6551,769 S 7542,377 12630,906 6788,1675 11733,682 9931,541 2449,0422
2,0071776 B 1060,0455 6454,632 21809,756 13266,25 14358,42 6551,769 S 7542,377 12630,906 6788,1675 11733,682 9931,541 2449,0422
2,0067573 B 1060,0455 6454,632 21809,756 13266,25 14358,42 6551,769 S 7542,377 12630,906 6788,1675 11733,682 9931,541 2449,0422
2,0059996 B 1060,0455 6454,632 21809,756 13266,25 14358,42 6551,769 S 7542,377 12630,906 6788,1675 11733,682 9931,541 2449,0422
2,0060005 B 1060,0455 6454,632 21809,756 13266,25 14358,42 6551,769 S 7542,377 12630,906 6788,1675 11733,682 9931,541 2449,0422
2,006 B 1060,0455 6454,632 21809,756 13266,25 14358,42 6551,769 S 7542,377 12630,906 6788,1675 11733,682 9931,541 2449,0422
2,0060005 B 1060,0455 6454,632 21809,756 13266,25 14358,42 6551,769 S 7542,377 12630,906 6788,1675 11733,682 9931,541 2449,0422
2,0060005 B 1060,0455 6454,632 21809,756 13266,25 14358,42 6551,769 S 7542,377 12630,906 6788,1675 11733,682 9931,541 2449,0422
2,0051622 B 1060,0455 6454,632 21809,756 13266,25 14358,42 6551,769 S 7542,377 12630,906 6788,1675 11733,682 9931,541 2449,0422
2,0033557 B 1060,0455 6454,632 21809,756 13266,25 14358,42 6551,769 S 7542,377 12630,906 6788,1675 11733,682 9931,541 2449,0422
2,0030003 B 1060,0455 6454,632 21809,756 13266,25 14358,42 6551,769 S 7542,377 12630,906 6788,1675 11733,682 9931,541 2449,0422
2,0026126 B 1060,0455 6454,632 21809,756 13266,25 14358,42 6551,769 S 7542,377 12630,906 6788,1675 11733,682 9931,541 2449,0422
2,002887 B 1060,0455 6454,632 21809,756 13266,25 14358,42 6551,769 S 7542,377 12630,906 6788,1675 11733,682 9931,541 2449,0422
2,0019636 B 1060,0455 6454,632 21809,756 13266,25 14358,42 6551,769 S 7542,377 12630,906 6788,1675 11733,682 9931,541 2449,0422
2,0010002 B 1060,0455 6454,632 21809,756 13266,25 14358,42 6551,769 S 7542,377 12630,906 6788,1675 11733,682 9931,541 2449,0422
2,0009997 B 1060,0455 6454,632 21809,756 13266,25 14358,42 6551,769 S 7542,377 12630,906 6788,1675 11733,682 9931,541 2449,0422
2,001 B 1060,0455 6454,632 21809,756 13266,25 14358,42 6551,769 S 7542,377 12630,906 6788,1675 11733,682 9931,541 2449,0422
2,0010004 B 1060,0455 6454,632 21809,756 13266,25 14358,42 6551,769 S 7542,377 12630,906 6788,1675 11733,682 9931,541 2449,0422
2,0010488 B 1060,0455 6454,632 21809,756 13266,25 14358,42 6551,769 S 7542,377 12630,906 6788,1675 11733,682 9931,541 2449,0422
2,002 B 1060,0455 6454,632 21809,756 13266,25 14358,42 6551,769 S 7542,377 12630,906 6788,1675 11733,682 9931,541 2449,0422
2,002 B 1060,0455 6454,632 21809,756 13266,25 14358,42 6551,769 S 7542,377 12630,906 6788,1675 11733,682 9931,541 2449,0422
2,0019996 B 1060,0455 6454,632 21809,756 13266,25 14358,42 6551,769 S 7542,377 12630,906 6788,1675 11733,682 9931,541 2449,0422
2,002275 B 1060,0455 6454,632 21809,756 13266,25 14358,42 6551,769 S 7542,377 12630,906 6788,1675 11733,682 9931,541 2449,0422
2,0029998 B 1060,0455 6454,632 21809,756 13266,25 14358,42 6551,769 S 7542,377 12630,906 6788,1675 11733,682 9931,541 2449,0422
2,0029998 B 1060,0455 6454,632 21809,756 13266,25 14358,42 6551,769 S 7542,377 12630,906 6788,1675 11733,682 9931,541 2449,0422
2,003 B 1060,0455 6454,632 21809,756 13266,25 14358,42 6551,769 S 7542,377 12630,906 6788,1675 11733,682 9931,541 2449,0422
2,003 B 1060,0455 6454,632 21809,756 13266,25 14358,42 6551,769 S 7542,377 12630,906 6788,1675 11733,682 9931,541 2449,0422
2,003227 B 1060,0455 6454,632 21809,756 13266,25 14358,42 6551,769 S 7542,377 12630,906 6788,1675 11733,682 9931,541 2449,0422
2,0040002 B 1060,0455 6454,632 21809,756 13266,25 14358,42 6551,769 S 7542,377 12630,906 6788,1675 11733,682 9931,541 2449,0422
2,00342 B 1060,0455 6454,632 21809,756 13266,25 14358,42 6551,769 S 7542,377 12630,906 6788,1675 11733,682 9931,541 2449,0422
2,0030005 B 1060,0455 6454,632 21809,756 13266,25 14358,42 6551,769 S 7542,377 12630,906 6788,1675 11733,682 9931,541 2449,0422
2,0032616 B 1060,0455 6454,632 21809,756 13266,25 14358,42 6551,769 S 7542,377 12630,906 6788,1675 11733,682 9931,541 2449,0422
2,0040002 B 1060,0455 6454,632 21809,756 13266,25 14358,42 6551,769 S 7542,377 12630,906 6788,1675 11733,682 9931,541 2449,0422
2,0032878 B 1060,0455 6454,632 21809,756 13266,25 14358,42 6551,769 S 7542,377 12630,906 6788,1675 11733,682 9931,541 2449,0422
2,0026855 B 1060,0455 6454,632 21809,756 13266,25 14358,42 6551,769 S 7542,377 12630,906 6788,1675 11733,682 9931,541 2449,0422
2,0020003 B 1060,0455 6454,632 21809,756 13266,25 14358,42 6551,769 S 7542,377 12630,906 6788,1675 11733,682 9931,541 2449,0422
2,0019996 B 1060,0455 6454,632 21809,756 13266,25 14358,42 6551,769 S 7542,377 12630,906 6788,1675 11733,682 9931,541 2449,0422
2,0029695 B 1060,0455 6454,632 21809,756 13266,25 14358,42 6551,769 S 7542,377 12630,906 6788,1675 11733,682 9931,541 2449,0422
2,0033116 B 1060,0455 6454,632 21809,756 13266,25 14358,42 6551,769 S 7542,377 12630,906 6788,1675 11733,682 9931,541 2449,0422
2,0034683 B 1060,0455 6454,632 21809,756 13266,25 14358,42 6551,769 S 7542,377 12630,906 6788,1675 11733,682 9931,541 2449,0422
2,005 B 1060,0455 6454,632 21809,756 13266,25 14358,42 6551,769 S 7542,377 12630,906 6788,1675 11733,682 9931,541 2449,0422
2,0057385 B 1060,0455 6454,632 21809,756 13266,25 14358,42 6551,769 S 7542,377 12630,906 6788,1675 11733,682 9931,541 2449,0422
2,0060003 B 1060,0455 6454,632 21809,756 13266,25 14358,42 6551,769 S 7542,377 12630,906 6788,1675 11733,682 9931,541 2449,0422
2,0060005 B 1060,0455 6454,632 21809,756 13266,25 14358,42 6551,769 S 7542,377 12630,906 6788,1675 11733,682 9931,541 2449,0422
2,0062969 B 1060,0455 6454,632 21809,756 13266,25 14358,42 6551,769 S 7542,377 12630,906 6788,1675 11733,682 9931,541 2449,0422
2,007 B 1060,0455 6454,632 21809,756 13266,25 14358,42 6551,769 S 7542,377 12630,906 6788,1675 11733,682 9931,541 2449,0422
2,0069997 B 1060,0455 6454,632 21809,756 13266,25 14358,42 6551,769 S 7542,377 12630,906 6788,1675 11733,682 9931,541 2449,0422
2,007 B 1060,0455 6454,632 21809,756 13266,25 14358,42 6551,769 S 7542,377 12630,906 6788,1675 11733,682 9931,541 2449,0422
2,0070002 B 1060,0455 6454,632 21809,756 13266,25 14358,42 6551,769 S 7542,377 12630,906 6788,1675 11733,682 9931,541 2449,0422
2,0069995 B 1060,0455 6454,632 21809,756 13266,25 14358,42 6551,769 S 7542,377 12630,906 6788,1675 11733,682 9931,541 2449,0422
2,0073264 B 1060,0455 6454,632 21809,756 13266,25 14358,42 6551,769 S 7542,377 12630,906 6788,1675 11733,682 9931,541 2449,0422
2,008796 B 1060,0455 6454,632 21809,756 13266,25 14358,42 6551,769 S 7542,377 12630,906 6788,1675 11733,682 9931,541 2449,0422
2,0089996 B 1060,0455 6454,632 21809,756 13266,25 14358,42 6551,769 S 7542,377 12630,906 6788,1675 11733,682 9931,541 2449,0422
2,0089996 B 1060,0455 6454,632 21809,756 13266,25 14358,42 6551,769 S 7542,377 12630,906 6788,1675 11733,682 9931,541 2449,0422
2,009 B 1060,0455 6454,632 21809,756 13266,25 14358,42 6551,769 S 7542,377 12630,906 6788,1675 11733,682 9931,541 2449,0422
2,0059276 B 1060,0455 6454,632 21809,756 13266,25 14358,42 6551,769 S 7542,377 12630,906 6788,1675 11733,682 9931,541 2449,0422
2,0042982 B 1060,0455 6454,632 21809,756 13266,25 14358,42 6551,769 S 7542,377 12630,906 6788,1675 11733,682 9931,541 2449,0422
2,005 B 1060,0455 6454,632 21809,756 13266,25 14358,42 6551,769 S 7542,377 12630,906 6788,1675 11733,682 9931,541 2449,0422
2,0050004 B 1060,0455 6454,632 21809,756 13266,25 14358,42 6551,769 S 7542,377 12630,906 6788,1675 11733,682 9931,541 2449,0422
2,0050004 B 1060,0455 6454,632 21809,756 13266,25 14358,42 6551,769 S 7542,377 12630,906 6788,1675 11733,682 9931,541 2449,0422
2,0050006 B 1060,0455 6454,632 21809,756 13266,25 14358,42 6551,769 S 7542,377 12630,906 6788,1675 11733,682 9931,541 2449,0422
2,0049999 B 1060,0455 6454,632 21809,756 13266,25 14358,42 6551,769 S 7542,377 12630,906 6788,1675 11733,682 9931,541 2449,0422
2,0050004 B 1060,0455 6454,632 21809,756 13266,25 14358,42 6551,769 S 7542,377 12630,906 6788,1675 11733,682 9931,541 2449,0422
2,0050004 B 1060,0455 6454,632 21809,756 13266,25 14358,42 6551,769 S 7542,377 12630,906 6788,1675 11733,682 9931,541 2449,0422
2,0050004 B 1060,0455 6454,632 21809,756 13266,25 14358,42 6551,769 S 7542,377 12630,906 6788,1675 11733,682 9931,541 2449,0422
2,0049999 B 1060,0455 6454,632 21809,756 13266,25 14358,42 6551,769 S 7542,377 12630,906 6788,1675 11733,682 9931,541 2449,0422
2,0049999 B 1060,0455 6454,632 21809,756 13266,25 14358,42 6551,769 S 7542,377 12630,906 6788,1675 11733,682 9931,541 2449,0422
2,0046732 B 1060,0455 6454,632 21809,756 13266,25 14358,42 6551,769 S 7542,377 12630,906 6788,1675 11733,682 9931,541 2449,0422
2,0040004 B 1060,0455 6454,632 21809,756 13266,25 14358,42 6551,769 S 7542,377 12630,906 6788,1675 11733,682 9931,541 2449,0422
2,004 B 1060,0455 6454,632 21809,756 13266,25 14358,42 6551,769 S 7542,377 12630,906 6788,1675 11733,682 9931,541 2449,0422
2,0040002 B 1060,0455 6454,632 21809,756 13266,25 14358,42 6551,769 S 7542,377 12630,906 6788,1675 11733,682 9931,541 2449,0422
2,0040002 B 1060,0455 6454,632 21809,756 13266,25 14358,42 6551,769 S 7542,377 12630,906 6788,1675 11733,682 9931,541 2449,0422
2,0040004 B 1060,0455 6454,632 21809,756 13266,25 14358,42 6551,769 S 7542,377 12630,906 6788,1675 11733,682 9931,541 2449,0422
2,0040002 B 1060,0455 6454,632 21809,756 13266,25 14358,42 6551,769 S 7542,377 12630,906 6788,1675 11733,682 9931,541 2449,0422
2,0039995 B 1060,0455 6454,632 21809,756 13266,25 14358,42 6551,769 S 7542,377 12630,906 6788,1675 11733,682 9931,541 2449,0422
2,004 B 1060,0455 6454,632 21809,756 13266,25 14358,42 6551,769 S 7542,377 12630,906 6788,1675 11733,682 9931,541 2449,0422
2,004001 B 1060,0455 6454,632 21809,756 13266,25 14358,42 6551,769 S 7542,377 12630,906 6788,1675 11733,682 9931,541 2449,0422
2,0040007 B 1060,0455 6454,632 21809,756 13266,25 14358,42 6551,769 S 7542,377 12630,906 6788,1675 11733,682 9931,541 2449,0422
2,0036175 B 1060,0455 6454,632 21809,756 13266,25 14358,42 6551,769 S 7542,377 12630,906 6788,1675 11733,682 9931,541 2449,0422
2,0015724 B 1060,0455 6454,632 21809,756 13266,25 14358,42 6551,769 S 7542,377 12630,906 6788,1675 11733,682 9931,541 2449,0422
2,0018618 B 1060,0455 6454,632 21809,756 13266,25 14358,42 6551,769 S 7542,377 12630,906 6788,1675 11733,682 9931,541 2449,0422
2,0019999 B 1060,0455 6454,632 21809,756 13266,25 14358,42 6551,769 S 7542,377 12630,906 6788,1675 11733,682 9931,541 2449,0422
2,002 B 1060,0455 6454,632 21809,756 13266,25 14358,42 6551,769 S 7542,377 12630,906 6788,1675 11733,682 9931,541 2449,0422
2,002 B 1060,0455 6454,632 21809,756 13266,25 14358,42 6551,769 S 7542,377 12630,906 6788,1675 11733,682 9931,541 2449,0422
2,0020003 B 1060,0455 6454,632 21809,756 13266,25 14358,42 6551,769 S 7542,377 12630,906 6788,1675 11733,682 9931,541 2449,0422
2,0020003 B 1060,0455 6454,632 21809,756 13266,25 14358,42 6551,769 S 7542,377 12630,906 6788,1675 11733,682 9931,541 2449,0422
2,0020006 B 1060,0455 6454,632 21809,756 13266,25 14358,42 6551,769 S 7542,377 12630,906 6788,1675 11733,682 9931,541 2449,0422
