2,0004857
2,007 B 1251,7865 6596,7217 16556,896 13578,853 8927,798 5726,033 S 2816,7173 8989,454 11635,121 4318,444 7912,458 8197,772
2,0069997 B 1251,7865 6596,7217 16556,896 13578,853 8927,798 5726,033 S 2816,7173 8989,454 11635,121 4318,444 7912,458 8197,772
2,0069995 B 1251,7865 6596,7217 16556,896 13578,853 8927,798 5726,033 S 2816,7173 8989,454 11635,121 4318,444 7912,458 8197,772
2,0069995 B 1251,7865 6596,7217 16556,896 13578,853 8927,798 5726,033 S 2816,7173 8989,454 11635,121 4318,444 7912,458 8197,772
2,0070002 B 1251,7865 6596,7217 16556,896 13578,853 8927,798 5726,033 S 2816,7173 8989,454 11635,121 4318,444 7912,458 8197,772
2,0069997 B 1251,7865 6596,7217 16556,896 13578,853 8927,798 5726,033 S 2816,7173 8989,454 11635,121 4318,444 7912,458 8197,772
2,007 B 1251,7865 6596,7217 16556,896 13578,853 8927,798 5726,033 S 2816,7173 8989,454 11635,121 4318,444 7912,458 8197,772
2,0069993 B 1251,7865 6596,7217 16556,896 13578,853 8927,798 5726,033 S 2816,7173 8989,454 11635,121 4318,444 7912,458 8197,772
2,0069995 B 1251,7865 6596,7217 16556,896 13578,853 8927,798 5726,033 S 2816,7173 8989,454 11635,121 4318,444 7912,458 8197,772
2,0069997 B 1251,7865 6596,7217 16556,896 13578,853 8927,798 5726,033 S 2816,7173 8989,454 11635,121 4318,444 7912,458 8197,772
2,0069997 B 1251,7865 6596,7217 16556,896 13578,853 8927,798 5726,033 S 2816,7173 8989,454 11635,121 4318,444 7912,458 8197,772
2,0069997 B 1251,7865 6596,7217 16556,896 13578,853 8927,798 5726,033 S 2816,7173 8989,454 11635,121 4318,444 7912,458 8197,772
2,0066679 B 1251,7865 6596,7217 16556,896 13578,853 8927,798 5726,033 S 2816,7173 8989,454 11635,121 4318,444 7912,458 8197,772
2,0060003 B 1251,7865 6596,7217 16556,896 13578,853 8927,798 5726,033 S 2816,7173 8989,454 11635,121 4318,444 7912,458 8197,772
2,0061407 B 1251,7865 6596,7217 16556,896 13578,853 8927,798 5726,033 S 2816,7173 8989,454 11635,121 4318,444 7912,458 8197,772
2,0070002 B 1251,7865 6596,7217 16556,896 13578,853 8927,798 5726,033 S 2816,7173 8989,454 11635,121 4318,444 7912,458 8197,772
2,0069995 B 1251,7865 6596,7217 16556,896 13578,853 8927,798 5726,033 S 2816,7173 8989,454 11635,121 4318,444 7912,458 8197,772
2,0069997 B 1251,7865 6596,7217 16556,896 13578,853 8927,798 5726,033 S 2816,7173 8989,454 11635,121 4318,444 7912,458 8197,772
2,0069995 B 1251,7865 6596,7217 16556,896 13578,853 8927,798 5726,033 S 2816,7173 8989,454 11635,121 4318,444 7912,458 8197,772
2,0069997 B 1251,7865 6596,7217 16556,896 13578,853 8927,798 5726,033 S 2816,7173 8989,454 11635,121 4318,444 7912,458 8197,772
2,0070004 B 1251,7865 6596,7217 16556,896 13578,853 8927,798 5726,033 S 2816,7173 8989,454 11635,121 4318,444 7912,458 8197,772
2,007 B 1251,7865 6596,7217 16556,896 13578,853 8927,798 5726,033 S 2816,7173 8989,454 11635,121 4318,444 7912,458 8197,772
2,0069997 B 1251,7865 6596,7217 16556,896 13578,853 8927,798 5726,033 S 2816,7173 8989,454 11635,121 4318,444 7912,458 8197,772
2,007 B 1251,7865 6596,7217 16556,896 13578,853 8927,798 5726,033 S 2816,7173 8989,454 11635,121 4318,444 7912,458 8197,772
2,007 B 1251,7865 6596,7217 16556,896 13578,853 8927,798 5726,033 S 2816,7173 8989,454 11635,121 4318,444 7912,458 8197,772
2,007 B 1251,7865 6596,7217 16556,896 13578,853 8927,798 5726,033 S 2816,7173 8989,454 11635,121 4318,444 7912,458 8197,772
2,0070007 B 1251,7865 6596,7217 16556,896 13578,853 8927,798 5726,033 S 2816,7173 8989,454 11635,121 4318,444 7912,458 8197,772
2,007 B 1251,7865 6596,7217 16556,896 13578,853 8927,798 5726,033 S 2816,7173 8989,454 11635,121 4318,444 7912,458 8197,772
2,0069997 B 1251,7865 6596,7217 16556,896 13578,853 8927,798 5726,033 S 2816,7173 8989,454 11635,121 4318,444 7912,458 8197,772
2,0069997 B 1251,7865 6596,7217 16556,896 13578,853 8927,798 5726,033 S 2816,7173 8989,454 11635,121 4318,444 7912,458 8197,772
2,0069995 B 1251,7865 6596,7217 16556,896 13578,853 8927,798 5726,033 S 2816,7173 8989,454 11635,121 4318,444 7912,458 8197,772
2,007 B 1251,7865 6596,7217 16556,896 13578,853 8927,798 5726,033 S 2816,7173 8989,454 11635,121 4318,444 7912,458 8197,772
2,0068524 B 1251,7865 6596,7217 16556,896 13578,853 8927,798 5726,033 S 2816,7173 8989,454 11635,121 4318,444 7912,458 8197,772
2,0060008 B 1251,7865 6596,7217 16556,896 13578,853 8927,798 5726,033 S 2816,7173 8989,454 11635,121 4318,444 7912,458 8197,772
2,0059998 B 1251,7865 6596,7217 16556,896 13578,853 8927,798 5726,033 S 2816,7173 8989,454 11635,121 4318,444 7912,458 8197,772
2,006 B 1251,7865 6596,7217 16556,896 13578,853 8927,798 5726,033 S 2816,7173 8989,454 11635,121 4318,444 7912,458 8197,772
2,0054026 B 1251,7865 6596,7217 16556,896 13578,853 8927,798 5726,033 S 2816,7173 8989,454 11635,121 4318,444 7912,458 8197,772
2,0039997 B 1251,7865 6596,7217 16556,896 13578,853 8927,798 5726,033 S 2816,7173 8989,454 11635,121 4318,444 7912,458 8197,772
2,0040007 B 1251,7865 6596,7217 16556,896 13578,853 8927,798 5726,033 S 2816,7173 8989,454 11635,121 4318,444 7912,458 8197,772
2,0040002 B 1251,7865 6596,7217 16556,896 13578,853 8927,798 5726,033 S 2816,7173 8989,454 11635,121 4318,444 7912,458 8197,772
2,0039992 B 1251,7865 6596,7217 16556,896 13578,853 8927,798 5726,033 S 2816,7173 8989,454 11635,121 4318,444 7912,458 8197,772
2,0039995 B 1251,7865 6596,7217 16556,896 13578,853 8927,798 5726,033 S 2816,7173 8989,454 11635,121 4318,444 7912,458 8197,772
2,0040002 B 1251,7865 6596,7217 16556,896 13578,853 8927,798 5726,033 S 2816,7173 8989,454 11635,121 4318,444 7912,458 8197,772
2,0021732 B 1251,7865 6596,7217 16556,896 13578,853 8927,798 5726,033 S 2816,7173 8989,454 11635,121 4318,444 7912,458 8197,772
2,002001 B 1251,7865 6596,7217 16556,896 13578,853 8927,798 5726,033 S 2816,7173 8989,454 11635,121 4318,444 7912,458 8197,772
2,0020003 B 1251,7865 6596,7217 16556,896 13578,853 8927,798 5726,033 S 2816,7173 8989,454 11635,121 4318,444 7912,458 8197,772
2,0020006 B 1251,7865 6596,7217 16556,896 13578,853 8927,798 5726,033 S 2816,7173 8989,454 11635,121 4318,444 7912,458 8197,772
2,0020003 B 1251,7865 6596,7217 16556,896 13578,853 8927,798 5726,033 S 2816,7173 8989,454 11635,121 4318,444 7912,458 8197,772
2,002 B 1251,7865 6596,7217 16556,896 13578,853 8927,798 5726,033 S 2816,7173 8989,454 11635,121 4318,444 7912,458 8197,772
2,0019999 B 1251,7865 6596,7217 16556,896 13578,853 8927,798 5726,033 S 2816,7173 8989,454 11635,121 4318,444 7912,458 8197,772
2,0019996 B 1251,7865 6596,7217 16556,896 13578,853 8927,798 5726,033 S 2816,7173 8989,454 11635,121 4318,444 7912,458 8197,772
2,0020003 B 1251,7865 6596,7217 16556,896 13578,853 8927,798 5726,033 S 2816,7173 8989,454 11635,121 4318,444 7912,458 8197,772
2,0020003 B 1251,7865 6596,7217 16556,896 13578,853 8927,798 5726,033 S 2816,7173 8989,454 11635,121 4318,444 7912,458 8197,772
2,002 B 1251,7865 6596,7217 16556,896 13578,853 8927,798 5726,033 S 2816,7173 8989,454 11635,121 4318,444 7912,458 8197,772
2,0020003 B 1251,7865 6596,7217 16556,896 13578,853 8927,798 5726,033 S 2816,7173 8989,454 11635,121 4318,444 7912,458 8197,772
2,0020006 B 1251,7865 6596,7217 16556,896 13578,853 8927,798 5726,033 S 2816,7173 8989,454 11635,121 4318,444 7912,458 8197,772
2,0020003 B 1251,7865 6596,7217 16556,896 13578,853 8927,798 5726,033 S 2816,7173 8989,454 11635,121 4318,444 7912,458 8197,772
2,0020006 B 1251,7865 6596,7217 16556,896 13578,853 8927,798 5726,033 S 2816,7173 8989,454 11635,121 4318,444 7912,458 8197,772
2,002 B 1251,7865 6596,7217 16556,896 13578,853 8927,798 5726,033 S 2816,7173 8989,454 11635,121 4318,444 7912,458 8197,772
2,002 B 1251,7865 6596,7217 16556,896 13578,853 8927,798 5726,033 S 2816,7173 8989,454 11635,121 4318,444 7912,458 8197,772
2,0020003 B 1251,7865 6596,7217 16556,896 13578,853 8927,798 5726,033 S 2816,7173 8989,454 11635,121 4318,444 7912,458 8197,772
2,0019999 B 1251,7865 6596,7217 16556,896 13578,853 8927,798 5726,033 S 2816,7173 8989,454 11635,121 4318,444 7912,458 8197,772
2,002 B 1251,7865 6596,7217 16556,896 13578,853 8927,798 5726,033 S 2816,7173 8989,454 11635,121 4318,444 7912,458 8197,772
2,0019999 B 1251,7865 6596,7217 16556,896 13578,853 8927,798 5726,033 S 2816,7173 8989,454 11635,121 4318,444 7912,458 8197,772
2,002 B 1251,7865 6596,7217 16556,896 13578,853 8927,798 5726,033 S 2816,7173 8989,454 11635,121 4318,444 7912,458 8197,772
2,0020003 B 1251,7865 6596,7217 16556,896 13578,853 8927,798 5726,033 S 2816,7173 8989,454 11635,121 4318,444 7912,458 8197,772
2,0020006 B 1251,7865 6596,7217 16556,896 13578,853 8927,798 5726,033 S 2816,7173 8989,454 11635,121 4318,444 7912,458 8197,772
2,0019999 B 1251,7865 6596,7217 16556,896 13578,853 8927,798 5726,033 S 2816,7173 8989,454 11635,121 4318,444 7912,458 8197,772
2,002 B 1251,7865 6596,7217 16556,896 13578,853 8927,798 5726,033 S 2816,7173 8989,454 11635,121 4318,444 7912,458 8197,772
2,0019994 B 1251,7865 6596,7217 16556,896 13578,853 8927,798 5726,033 S 2816,7173 8989,454 11635,121 4318,444 7912,458 8197,772
2,002 B 1251,7865 6596,7217 16556,896 13578,853 8927,798 5726,033 S 2816,7173 8989,454 11635,121 4318,444 7912,458 8197,772
2,0019994 B 1251,7865 6596,7217 16556,896 13578,853 8927,798 5726,033 S 2816,7173 8989,454 11635,121 4318,444 7912,458 8197,772
2,002 B 1251,7865 6596,7217 16556,896 13578,853 8927,798 5726,033 S 2816,7173 8989,454 11635,121 4318,444 7912,458 8197,772
2,0020006 B 1251,7865 6596,7217 16556,896 13578,853 8927,798 5726,033 S 2816,7173 8989,454 11635,121 4318,444 7912,458 8197,772
2,002 B 1251,7865 6596,7217 16556,896 13578,853 8927,798 5726,033 S 2816,7173 8989,454 11635,121 4318,444 7912,458 8197,772
2,0020003 B 1251,7865 6596,7217 16556,896 13578,853 8927,798 5726,033 S 2816,7173 8989,454 11635,121 4318,444 7912,458 8197,772
2,0017326 B 1251,7865 6596,7217 16556,896 13578,853 8927,798 5726,033 S 2816,7173 8989,454 11635,121 4318,444 7912,458 8197,772
2,0009997 B 1251,7865 6596,7217 16556,896 13578,853 8927,798 5726,033 S 2816,7173 8989,454 11635,121 4318,444 7912,458 8197,772
2,001 B 1251,7865 6596,7217 16556,896 13578,853 8927,798 5726,033 S 2816,7173 8989,454 11635,121 4318,444 7912,458 8197,772
2,0010004 B 1251,7865 6596,7217 16556,896 13578,853 8927,798 5726,033 S 2816,7173 8989,454 11635,121 4318,444 7912,458 8197,772
2,0010002 B 1251,7865 6596,7217 16556,896 13578,853 8927,798 5726,033 S 2816,7173 8989,454 11635,121 4318,444 7912,458 8197,772
2,0018904 B 1251,7865 6596,7217 16556,896 13578,853 8927,798 5726,033 S 2816,7173 8989,454 11635,121 4318,444 7912,458 8197,772
2,002 B 1251,7865 6596,7217 16556,896 13578,853 8927,798 5726,033 S 2816,7173 8989,454 11635,121 4318,444 7912,458 8197,772
2,0019996 B 1251,7865 6596,7217 16556,896 13578,853 8927,798 5726,033 S 2816,7173 8989,454 11635,121 4318,444 7912,458 8197,772
2,000421 B 1251,7865 6596,7217 16556,896 13578,853 8927,798 5726,033 S 2816,7173 8989,454 11635,121 4318,444 7912,458 8197,772
2 B 1251,7865 6596,7217 16556,896 13578,853 8927,798 5726,033 S 2816,7173 8989,454 11635,121 4318,444 7912,458 8197,772
2 B 1251,7865 6596,7217 16556,896 13578,853 8927,798 5726,033 S 2816,7173 8989,454 11635,121 4318,444 7912,458 8197,772
2 B 1251,7865 6596,7217 16556,896 13578,853 8927,798 5726,033 S 2816,7173 8989,454 11635,121 4318,444 7912,458 8197,772
2 B 1251,7865 6596,7217 16556,896 13578,853 8927,798 5726,033 S 2816,7173 8989,454 11635,121 4318,444 7912,458 8197,772
2 B 1251,7865 6596,7217 16556,896 13578,853 8927,798 5726,033 S 2816,7173 8989,454 11635,121 4318,444 7912,458 8197,772
2 B 1251,7865 6596,7217 16556,896 13578,853 8927,798 5726,033 S 2816,7173 8989,454 11635,121 4318,444 7912,458 8197,772
1,9997771 B 1251,7865 6596,7217 16556,896 13578,853 8927,798 5726,033 S 2816,7173 8989,454 11635,121 4318,444 7912,458 8197,772
1,9990003 B 1251,7865 6596,7217 16556,896 13578,853 8927,798 5726,033 S 2816,7173 8989,454 11635,121 4318,444 7912,458 8197,772
1,9990001 B 1251,7865 6596,7217 16556,896 13578,853 8927,798 5726,033 S 2816,7173 8989,454 11635,121 4318,444 7912,458 8197,772
1,9990003 B 1251,7865 6596,7217 16556,896 13578,853 8927,798 5726,033 S 2816,7173 8989,454 11635,121 4318,444 7912,458 8197,772
1,9990001 B 1251,7865 6596,7217 16556,896 13578,853 8927,798 5726,033 S 2816,7173 8989,454 11635,121 4318,444 7912,458 8197,772
1,9990005 B 1251,7865 6596,7217 16556,896 13578,853 8927,798 5726,033 S 2816,7173 8989,454 11635,121 4318,444 7912,458 8197,772
1,9990001 B 1251,7865 6596,7217 16556,896 13578,853 8927,798 5726,033 S 2816,7173 8989,454 11635,121 4318,444 7912,458 8197,772
1,9990001 B 1251,7865 6596,7217 16556,896 13578,853 8927,798 5726,033 S 2816,7173 8989,454 11635,121 4318,444 7912,458 8197,772
1,999 B 1251,7865 6596,7217 16556,896 13578,853 8927,798 5726,033 S 2816,7173 8989,454 11635,121 4318,444 7912,458 8197,772
1,9989998 B 1251,7865 6596,7217 16556,896 13578,853 8927,798 5726,033 S 2816,7173 8989,454 11635,121 4318,444 7912,458 8197,772
1,9989998 B 1251,7865 6596,7217 16556,896 13578,853 8927,798 5726,033 S 2816,7173 8989,454 11635,121 4318,444 7912,458 8197,772
1,9989998 B 1251,7865 6596,7217 16556,896 13578,853 8927,798 5726,033 S 2816,7173 8989,454 11635,121 4318,444 7912,458 8197,772
1,9990004 B 1251,7865 6596,7217 16556,896 13578,853 8927,798 5726,033 S 2816,7173 8989,454 11635,121 4318,444 7912,458 8197,772
1,9989998 B 1251,7865 6596,7217 16556,896 13578,853 8927,798 5726,033 S 2816,7173 8989,454 11635,121 4318,444 7912,458 8197,772
1,9990007 B 1251,7865 6596,7217 16556,896 13578,853 8927,798 5726,033 S 2816,7173 8989,454 11635,121 4318,444 7912,458 8197,772
1,9990004 B 1251,7865 6596,7217 16556,896 13578,853 8927,798 5726,033 S 2816,7173 8989,454 11635,121 4318,444 7912,458 8197,772
1,9990004 B 1251,7865 6596,7217 16556,896 13578,853 8927,798 5726,033 S 2816,7173 8989,454 11635,121 4318,444 7912,458 8197,772
1,9990002 B 1251,7865 6596,7217 16556,896 13578,853 8927,798 5726,033 S 2816,7173 8989,454 11635,121 4318,444 7912,458 8197,772
1,9990002 B 1251,7865 6596,7217 16556,896 13578,853 8927,798 5726,033 S 2816,7173 8989,454 11635,121 4318,444 7912,458 8197,772
1,9990007 B 1251,7865 6596,7217 16556,896 13578,853 8927,798 5726,033 S 2816,7173 8989,454 11635,121 4318,444 7912,458 8197,772
1,9990001 B 1251,7865 6596,7217 16556,896 13578,853 8927,798 5726,033 S 2816,7173 8989,454 11635,121 4318,444 7912,458 8197,772
1,9989998 B 1251,7865 6596,7217 16556,896 13578,853 8927,798 5726,033 S 2816,7173 8989,454 11635,121 4318,444 7912,458 8197,772
1,9990005 B 1251,7865 6596,7217 16556,896 13578,853 8927,798 5726,033 S 2816,7173 8989,454 11635,121 4318,444 7912,458 8197,772
1,999 B 1251,7865 6596,7217 16556,896 13578,853 8927,798 5726,033 S 2816,7173 8989,454 11635,121 4318,444 7912,458 8197,772
1,9990002 B 1251,7865 6596,7217 16556,896 13578,853 8927,798 5726,033 S 2816,7173 8989,454 11635,121 4318,444 7912,458 8197,772
1,9990003 B 1251,7865 6596,7217 16556,896 13578,853 8927,798 5726,033 S 2816,7173 8989,454 11635,121 4318,444 7912,458 8197,772
1,9990001 B 1251,7865 6596,7217 16556,896 13578,853 8927,798 5726,033 S 2816,7173 8989,454 11635,121 4318,444 7912,458 8197,772
1,9990004 B 1251,7865 6596,7217 16556,896 13578,853 8927,798 5726,033 S 2816,7173 8989,454 11635,121 4318,444 7912,458 8197,772
1,9990001 B 1251,7865 6596,7217 16556,896 13578,853 8927,798 5726,033 S 2816,7173 8989,454 11635,121 4318,444 7912,458 8197,772
1,9990003 B 1251,7865 6596,7217 16556,896 13578,853 8927,798 5726,033 S 2816,7173 8989,454 11635,121 4318,444 7912,458 8197,772
1,9990003 B 1251,7865 6596,7217 16556,896 13578,853 8927,798 5726,033 S 2816,7173 8989,454 11635,121 4318,444 7912,458 8197,772
1,9990007 B 1251,7865 6596,7217 16556,896 13578,853 8927,798 5726,033 S 2816,7173 8989,454 11635,121 4318,444 7912,458 8197,772
1,9989998 B 1251,7865 6596,7217 16556,896 13578,853 8927,798 5726,033 S 2816,7173 8989,454 11635,121 4318,444 7912,458 8197,772
1,9990005 B 1251,7865 6596,7217 16556,896 13578,853 8927,798 5726,033 S 2816,7173 8989,454 11635,121 4318,444 7912,458 8197,772
1,9989998 B 1251,7865 6596,7217 16556,896 13578,853 8927,798 5726,033 S 2816,7173 8989,454 11635,121 4318,444 7912,458 8197,772
1,999 B 1251,7865 6596,7217 16556,896 13578,853 8927,798 5726,033 S 2816,7173 8989,454 11635,121 4318,444 7912,458 8197,772
1,999 B 1251,7865 6596,7217 16556,896 13578,853 8927,798 5726,033 S 2816,7173 8989,454 11635,121 4318,444 7912,458 8197,772
1,9989995 B 1251,7865 6596,7217 16556,896 13578,853 8927,798 5726,033 S 2816,7173 8989,454 11635,121 4318,444 7912,458 8197,772
1,9990004 B 1251,7865 6596,7217 16556,896 13578,853 8927,798 5726,033 S 2816,7173 8989,454 11635,121 4318,444 7912,458 8197,772
1,9990003 B 1251,7865 6596,7217 16556,896 13578,853 8927,798 5726,033 S 2816,7173 8989,454 11635,121 4318,444 7912,458 8197,772
1,9990003 B 1251,7865 6596,7217 16556,896 13578,853 8927,798 5726,033 S 2816,7173 8989,454 11635,121 4318,444 7912,458 8197,772
1,9990007 B 1251,7865 6596,7217 16556,896 13578,853 8927,798 5726,033 S 2816,7173 8989,454 11635,121 4318,444 7912,458 8197,772
2,0005007 B 1251,7865 6596,7217 16556,896 13578,853 8927,798 5726,033 S 2816,7173 8989,454 11635,121 4318,444 7912,458 8197,772
2,001 B 1251,7865 6596,7217 16556,896 13578,853 8927,798 5726,033 S 2816,7173 8989,454 11635,121 4318,444 7912,458 8197,772
2,001 B 1251,7865 6596,7217 16556,896 13578,853 8927,798 5726,033 S 2816,7173 8989,454 11635,121 4318,444 7912,458 8197,772
2,0010004 B 1251,7865 6596,7217 16556,896 13578,853 8927,798 5726,033 S 2816,7173 8989,454 11635,121 4318,444 7912,458 8197,772
2,001 B 1251,7865 6596,7217 16556,896 13578,853 8927,798 5726,033 S 2816,7173 8989,454 11635,121 4318,444 7912,458 8197,772
2,001 B 1251,7865 6596,7217 16556,896 13578,853 8927,798 5726,033 S 2816,7173 8989,454 11635,121 4318,444 7912,458 8197,772
2,001 B 1251,7865 6596,7217 16556,896 13578,853 8927,798 5726,033 S 2816,7173 8989,454 11635,121 4318,444 7912,458 8197,772
2,001 B 1251,7865 6596,7217 16556,896 13578,853 8927,798 5726,033 S 2816,7173 8989,454 11635,121 4318,444 7912,458 8197,772
2,0009997 B 1251,7865 6596,7217 16556,896 13578,853 8927,798 5726,033 S 2816,7173 8989,454 11635,121 4318,444 7912,458 8197,772
2,0000775 B 1251,7865 6596,7217 16556,896 13578,853 8927,798 5726,033 S 2816,7173 8989,454 11635,121 4318,444 7912,458 8197,772
1,9990004 B 1251,7865 6596,7217 16556,896 13578,853 8927,798 5726,033 S 2816,7173 8989,454 11635,121 4318,444 7912,458 8197,772
1,9990005 B 1251,7865 6596,7217 16556,896 13578,853 8927,798 5726,033 S 2816,7173 8989,454 11635,121 4318,444 7912,458 8197,772
1,9990003 B 1251,7865 6596,7217 16556,896 13578,853 8927,798 5726,033 S 2816,7173 8989,454 11635,121 4318,444 7912,458 8197,772
1,9990004 B 1251,7865 6596,7217 16556,896 13578,853 8927,798 5726,033 S 2816,7173 8989,454 11635,121 4318,444 7912,458 8197,772
1,9990005 B 1251,7865 6596,7217 16556,896 13578,853 8927,798 5726,033 S 2816,7173 8989,454 11635,121 4318,444 7912,458 8197,772
1,9990005 B 1251,7865 6596,7217 16556,896 13578,853 8927,798 5726,033 S 2816,7173 8989,454 11635,121 4318,444 7912,458 8197,772
1,9990002 B 1251,7865 6596,7217 16556,896 13578,853 8927,798 5726,033 S 2816,7173 8989,454 11635,121 4318,444 7912,458 8197,772
1,9990007 B 1251,7865 6596,7217 16556,896 13578,853 8927,798 5726,033 S 2816,7173 8989,454 11635,121 4318,444 7912,458 8197,772
1,999 B 1251,7865 6596,7217 16556,896 13578,853 8927,798 5726,033 S 2816,7173 8989,454 11635,121 4318,444 7912,458 8197,772
1,999 B 1251,7865 6596,7217 16556,896 13578,853 8927,798 5726,033 S 2816,7173 8989,454 11635,121 4318,444 7912,458 8197,772
1,9990003 B 1251,7865 6596,7217 16556,896 13578,853 8927,798 5726,033 S 2816,7173 8989,454 11635,121 4318,444 7912,458 8197,772
1,9990001 B 1251,7865 6596,7217 16556,896 13578,853 8927,798 5726,033 S 2816,7173 8989,454 11635,121 4318,444 7912,458 8197,772
1,9990001 B 1251,7865 6596,7217 16556,896 13578,853 8927,798 5726,033 S 2816,7173 8989,454 11635,121 4318,444 7912,458 8197,772
1,9999181 B 1251,7865 6596,7217 16556,896 13578,853 8927,798 5726,033 S 2816,7173 8989,454 11635,121 4318,444 7912,458 8197,772
2 B 1251,7865 6596,7217 16556,896 13578,853 8927,798 5726,033 S 2816,7173 8989,454 11635,121 4318,444 7912,458 8197,772
2 B 1251,7865 6596,7217 16556,896 13578,853 8927,798 5726,033 S 2816,7173 8989,454 11635,121 4318,444 7912,458 8197,772
2 B 1251,7865 6596,7217 16556,896 13578,853 8927,798 5726,033 S 2816,7173 8989,454 11635,121 4318,444 7912,458 8197,772
2 B 1251,7865 6596,7217 16556,896 13578,853 8927,798 5726,033 S 2816,7173 8989,454 11635,121 4318,444 7912,458 8197,772
2 B 1251,7865 6596,7217 16556,896 13578,853 8927,798 5726,033 S 2816,7173 8989,454 11635,121 4318,444 7912,458 8197,772
2 B 1251,7865 6596,7217 16556,896 13578,853 8927,798 5726,033 S 2816,7173 8989,454 11635,121 4318,444 7912,458 8197,772
2 B 1251,7865 6596,7217 16556,896 13578,853 8927,798 5726,033 S 2816,7173 8989,454 11635,121 4318,444 7912,458 8197,772
2 B 1251,7865 6596,7217 16556,896 13578,853 8927,798 5726,033 S 2816,7173 8989,454 11635,121 4318,444 7912,458 8197,772
2 B 1251,7865 6596,7217 16556,896 13578,853 8927,798 5726,033 S 2816,7173 8989,454 11635,121 4318,444 7912,458 8197,772
2 B 1251,7865 6596,7217 16556,896 13578,853 8927,798 5726,033 S 2816,7173 8989,454 11635,121 4318,444 7912,458 8197,772
2 B 1251,7865 6596,7217 16556,896 13578,853 8927,798 5726,033 S 2816,7173 8989,454 11635,121 4318,444 7912,458 8197,772
2 B 1251,7865 6596,7217 16556,896 13578,853 8927,798 5726,033 S 2816,7173 8989,454 11635,121 4318,444 7912,458 8197,772
2 B 1251,7865 6596,7217 16556,896 13578,853 8927,798 5726,033 S 2816,7173 8989,454 11635,121 4318,444 7912,458 8197,772
2 B 1251,7865 6596,7217 16556,896 13578,853 8927,798 5726,033 S 2816,7173 8989,454 11635,121 4318,444 7912,458 8197,772
2 B 1251,7865 6596,7217 16556,896 13578,853 8927,798 5726,033 S 2816,7173 8989,454 11635,121 4318,444 7912,458 8197,772
2 B 1251,7865 6596,7217 16556,896 13578,853 8927,798 5726,033 S 2816,7173 8989,454 11635,121 4318,444 7912,458 8197,772
2 B 1251,7865 6596,7217 16556,896 13578,853 8927,798 5726,033 S 2816,7173 8989,454 11635,121 4318,444 7912,458 8197,772
2 B 1251,7865 6596,7217 16556,896 13578,853 8927,798 5726,033 S 2816,7173 8989,454 11635,121 4318,444 7912,458 8197,772
2 B 1251,7865 6596,7217 16556,896 13578,853 8927,798 5726,033 S 2816,7173 8989,454 11635,121 4318,444 7912,458 8197,772
2 B 1251,7865 6596,7217 16556,896 13578,853 8927,798 5726,033 S 2816,7173 8989,454 11635,121 4318,444 7912,458 8197,772
2 B 1251,7865 6596,7217 16556,896 13578,853 8927,798 5726,033 S 2816,7173 8989,454 11635,121 4318,444 7912,458 8197,772
2 B 1251,7865 6596,7217 16556,896 13578,853 8927,798 5726,033 S 2816,7173 8989,454 11635,121 4318,444 7912,458 8197,772
2 B 1251,7865 6596,7217 16556,896 13578,853 8927,798 5726,033 S 2816,7173 8989,454 11635,121 4318,444 7912,458 8197,772
2 B 1251,7865 6596,7217 16556,896 13578,853 8927,798 5726,033 S 2816,7173 8989,454 11635,121 4318,444 7912,458 8197,772
2 B 1251,7865 6596,7217 16556,896 13578,853 8927,798 5726,033 S 2816,7173 8989,454 11635,121 4318,444 7912,458 8197,772
2 B 1251,7865 6596,7217 16556,896 13578,853 8927,798 5726,033 S 2816,7173 8989,454 11635,121 4318,444 7912,458 8197,772
2 B 1251,7865 6596,7217 16556,896 13578,853 8927,798 5726,033 S 2816,7173 8989,454 11635,121 4318,444 7912,458 8197,772
2 B 1251,7865 6596,7217 16556,896 13578,853 8927,798 5726,033 S 2816,7173 8989,454 11635,121 4318,444 7912,458 8197,772
2 B 1251,7865 6596,7217 16556,896 13578,853 8927,798 5726,033 S 2816,7173 8989,454 11635,121 4318,444 7912,458 8197,772
2,0000334 B 1251,7865 6596,7217 16556,896 13578,853 8927,798 5726,033 S 2816,7173 8989,454 11635,121 4318,444 7912,458 8197,772
2,0009997 B 1251,7865 6596,7217 16556,896 13578,853 8927,798 5726,033 S 2816,7173 8989,454 11635,121 4318,444 7912,458 8197,772
2,0007644 B 1251,7865 6596,7217 16556,896 13578,853 8927,798 5726,033 S 2816,7173 8989,454 11635,121 4318,444 7912,458 8197,772
2 B 1251,7865 6596,7217 16556,896 13578,853 8927,798 5726,033 S 2816,7173 8989,454 11635,121 4318,444 7912,458 8197,772
2 B 1251,7865 6596,7217 16556,896 13578,853 8927,798 5726,033 S 2816,7173 8989,454 11635,121 4318,444 7912,458 8197,772
2 B 1251,7865 6596,7217 16556,896 13578,853 8927,798 5726,033 S 2816,7173 8989,454 11635,121 4318,444 7912,458 8197,772
2 B 1251,7865 6596,7217 16556,896 13578,853 8927,798 5726,033 S 2816,7173 8989,454 11635,121 4318,444 7912,458 8197,772
2 B 1251,7865 6596,7217 16556,896 13578,853 8927,798 5726,033 S 2816,7173 8989,454 11635,121 4318,444 7912,458 8197,772
1,9997967 B 1251,7865 6596,7217 16556,896 13578,853 8927,798 5726,033 S 2816,7173 8989,454 11635,121 4318,444 7912,458 8197,772
1,9980004 B 1251,7865 6596,7217 16556,896 13578,853 8927,798 5726,033 S 2816,7173 8989,454 11635,121 4318,444 7912,458 8197,772
1,9979999 B 1251,7865 6596,7217 16556,896 13578,853 8927,798 5726,033 S 2816,7173 8989,454 11635,121 4318,444 7912,458 8197,772
1,9980003 B 1251,7865 6596,7217 16556,896 13578,853 8927,798 5726,033 S 2816,7173 8989,454 11635,121 4318,444 7912,458 8197,772
1,9979997 B 1251,7865 6596,7217 16556,896 13578,853 8927,798 5726,033 S 2816,7173 8989,454 11635,121 4318,444 7912,458 8197,772
1,9980003 B 1251,7865 6596,7217 16556,896 13578,853 8927,798 5726,033 S 2816,7173 8989,454 11635,121 4318,444 7912,458 8197,772
1,9976856 B 1251,7865 6596,7217 16556,896 13578,853 8927,798 5726,033 S 2816,7173 8989,454 11635,121 4318,444 7912,458 8197,772
1,9970001 B 1251,7865 6596,7217 16556,896 13578,853 8927,798 5726,033 S 2816,7173 8989,454 11635,121 4318,444 7912,458 8197,772
1,9960853 B 1251,7865 6596,7217 16556,896 13578,853 8927,798 5726,033 S 2816,7173 8989,454 11635,121 4318,444 7912,458 8197,772
1,996 B 1251,7865 6596,7217 16556,896 13578,853 8927,798 5726,033 S 2816,7173 8989,454 11635,121 4318,444 7912,458 8197,772
1,9960008 B 1251,7865 6596,7217 16556,896 13578,853 8927,798 5726,033 S 2816,7173 8989,454 11635,121 4318,444 7912,458 8197,772
1,9959999 B 1251,7865 6596,7217 16556,896 13578,853 8927,798 5726,033 S 2816,7173 8989,454 11635,121 4318,444 7912,458 8197,772
1,9960002 B 1251,7865 6596,7217 16556,896 13578,853 8927,798 5726,033 S 2816,7173 8989,454 11635,121 4318,444 7912,458 8197,772
1,9959997 B 1251,7865 6596,7217 16556,896 13578,853 8927,798 5726,033 S 2816,7173 8989,454 11635,121 4318,444 7912,458 8197,772
1,996 B 1251,7865 6596,7217 16556,896 13578,853 8927,798 5726,033 S 2816,7173 8989,454 11635,121 4318,444 7912,458 8197,772
1,9960005 B 1251,7865 6596,7217 16556,896 13578,853 8927,798 5726,033 S 2816,7173 8989,454 11635,121 4318,444 7912,458 8197,772
1,9960002 B 1251,7865 6596,7217 16556,896 13578,853 8927,798 5726,033 S 2816,7173 8989,454 11635,121 4318,444 7912,458 8197,772
1,9959998 B 1251,7865 6596,7217 16556,896 13578,853 8927,798 5726,033 S 2816,7173 8989,454 11635,121 4318,444 7912,458 8197,772
1,9960003 B 1251,7865 6596,7217 16556,896 13578,853 8927,798 5726,033 S 2816,7173 8989,454 11635,121 4318,444 7912,458 8197,772
1,9959997 B 1251,7865 6596,7217 16556,896 13578,853 8927,798 5726,033 S 2816,7173 8989,454 11635,121 4318,444 7912,458 8197,772
1,9959999 B 1251,7865 6596,7217 16556,896 13578,853 8927,798 5726,033 S 2816,7173 8989,454 11635,121 4318,444 7912,458 8197,772
1,9959997 B 1251,7865 6596,7217 16556,896 13578,853 8927,798 5726,033 S 2816,7173 8989,454 11635,121 4318,444 7912,458 8197,772
1,9959995 B 1251,7865 6596,7217 16556,896 13578,853 8927,798 5726,033 S 2816,7173 8989,454 11635,121 4318,444 7912,458 8197,772
1,9959999 B 1251,7865 6596,7217 16556,896 13578,853 8927,798 5726,033 S 2816,7173 8989,454 11635,121 4318,444 7912,458 8197,772
1,996 B 1251,7865 6596,7217 16556,896 13578,853 8927,798 5726,033 S 2816,7173 8989,454 11635,121 4318,444 7912,458 8197,772
1,9959999 B 1251,7865 6596,7217 16556,896 13578,853 8927,798 5726,033 S 2816,7173 8989,454 11635,121 4318,444 7912,458 8197,772
1,9960008 B 1251,7865 6596,7217 16556,896 13578,853 8927,798 5726,033 S 2816,7173 8989,454 11635,121 4318,444 7912,458 8197,772
1,9960003 B 1251,7865 6596,7217 16556,896 13578,853 8927,798 5726,033 S 2816,7173 8989,454 11635,121 4318,444 7912,458 8197,772
1,9959996 B 1251,7865 6596,7217 16556,896 13578,853 8927,798 5726,033 S 2816,7173 8989,454 11635,121 4318,444 7912,458 8197,772
1,9953312 B 1251,7865 6596,7217 16556,896 13578,853 8927,798 5726,033 S 2816,7173 8989,454 11635,121 4318,444 7912,458 8197,772
1,9950004 B 1251,7865 6596,7217 16556,896 13578,853 8927,798 5726,033 S 2816,7173 8989,454 11635,121 4318,444 7912,458 8197,772
1,9950001 B 1251,7865 6596,7217 16556,896 13578,853 8927,798 5726,033 S 2816,7173 8989,454 11635,121 4318,444 7912,458 8197,772
1,9950005 B 1251,7865 6596,7217 16556,896 13578,853 8927,798 5726,033 S 2816,7173 8989,454 11635,121 4318,444 7912,458 8197,772
1,9949995 B 1251,7865 6596,7217 16556,896 13578,853 8927,798 5726,033 S 2816,7173 8989,454 11635,121 4318,444 7912,458 8197,772
1,9950004 B 1251,7865 6596,7217 16556,896 13578,853 8927,798 5726,033 S 2816,7173 8989,454 11635,121 4318,444 7912,458 8197,772
1,9950002 B 1251,7865 6596,7217 16556,896 13578,853 8927,798 5726,033 S 2816,7173 8989,454 11635,121 4318,444 7912,458 8197,772
1,9950006 B 1251,7865 6596,7217 16556,896 13578,853 8927,798 5726,033 S 2816,7173 8989,454 11635,121 4318,444 7912,458 8197,772
1,9950004 B 1251,7865 6596,7217 16556,896 13578,853 8927,798 5726,033 S 2816,7173 8989,454 11635,121 4318,444 7912,458 8197,772
1,9946771 B 1251,7865 6596,7217 16556,896 13578,853 8927,798 5726,033 S 2816,7173 8989,454 11635,121 4318,444 7912,458 8197,772
1,9939996 B 1251,7865 6596,7217 16556,896 13578,853 8927,798 5726,033 S 2816,7173 8989,454 11635,121 4318,444 7912,458 8197,772
1,9939997 B 1251,7865 6596,7217 16556,896 13578,853 8927,798 5726,033 S 2816,7173 8989,454 11635,121 4318,444 7912,458 8197,772
1,994 B 1251,7865 6596,7217 16556,896 13578,853 8927,798 5726,033 S 2816,7173 8989,454 11635,121 4318,444 7912,458 8197,772
1,9940001 B 1251,7865 6596,7217 16556,896 13578,853 8927,798 5726,033 S 2816,7173 8989,454 11635,121 4318,444 7912,458 8197,772
1,9930929 B 1251,7865 6596,7217 16556,896 13578,853 8927,798 5726,033 S 2816,7173 8989,454 11635,121 4318,444 7912,458 8197,772
1,9935051 B 1251,7865 6596,7217 16556,896 13578,853 8927,798 5726,033 S 2816,7173 8989,454 11635,121 4318,444 7912,458 8197,772
1,9934042 B 1251,7865 6596,7217 16556,896 13578,853 8927,798 5726,033 S 2816,7173 8989,454 11635,121 4318,444 7912,458 8197,772
