2,0043244
2,0060003 B 5040,8354 8725,173 15599,189 12141,676 19266,334 1565,4506 S 1543,4401 5951,2656 2971,0007 12932,419 12752,593 10924,76
2,0059998 B 5040,8354 8725,173 15599,189 12141,676 19266,334 1565,4506 S 1543,4401 5951,2656 2971,0007 12932,419 12752,593 10924,76
2,006 B 5040,8354 8725,173 15599,189 12141,676 19266,334 1565,4506 S 1543,4401 5951,2656 2971,0007 12932,419 12752,593 10924,76
2,0060003 B 5040,8354 8725,173 15599,189 12141,676 19266,334 1565,4506 S 1543,4401 5951,2656 2971,0007 12932,419 12752,593 10924,76
2,0060005 B 5040,8354 8725,173 15599,189 12141,676 19266,334 1565,4506 S 1543,4401 5951,2656 2971,0007 12932,419 12752,593 10924,76
2,0060003 B 5040,8354 8725,173 15599,189 12141,676 19266,334 1565,4506 S 1543,4401 5951,2656 2971,0007 12932,419 12752,593 10924,76
2,0059998 B 5040,8354 8725,173 15599,189 12141,676 19266,334 1565,4506 S 1543,4401 5951,2656 2971,0007 12932,419 12752,593 10924,76
2,006 B 5040,8354 8725,173 15599,189 12141,676 19266,334 1565,4506 S 1543,4401 5951,2656 2971,0007 12932,419 12752,593 10924,76
2,0060003 B 5040,8354 8725,173 15599,189 12141,676 19266,334 1565,4506 S 1543,4401 5951,2656 2971,0007 12932,419 12752,593 10924,76
2,0060003 B 5040,8354 8725,173 15599,189 12141,676 19266,334 1565,4506 S 1543,4401 5951,2656 2971,0007 12932,419 12752,593 10924,76
2,0052881 B 5040,8354 8725,173 15599,189 12141,676 19266,334 1565,4506 S 1543,4401 5951,2656 2971,0007 12932,419 12752,593 10924,76
2,005 B 5040,8354 8725,173 15599,189 12141,676 19266,334 1565,4506 S 1543,4401 5951,2656 2971,0007 12932,419 12752,593 10924,76
2,0049996 B 5040,8354 8725,173 15599,189 12141,676 19266,334 1565,4506 S 1543,4401 5951,2656 2971,0007 12932,419 12752,593 10924,76
2,0050159 B 5040,8354 8725,173 15599,189 12141,676 19266,334 1565,4506 S 1543,4401 5951,2656 2971,0007 12932,419 12752,593 10924,76
2,005 B 5040,8354 8725,173 15599,189 12141,676 19266,334 1565,4506 S 1543,4401 5951,2656 2971,0007 12932,419 12752,593 10924,76
2,0049996 B 5040,8354 8725,173 15599,189 12141,676 19266,334 1565,4506 S 1543,4401 5951,2656 2971,0007 12932,419 12752,593 10924,76
2,0049996 B 5040,8354 8725,173 15599,189 12141,676 19266,334 1565,4506 S 1543,4401 5951,2656 2971,0007 12932,419 12752,593 10924,76
2,0050006 B 5040,8354 8725,173 15599,189 12141,676 19266,334 1565,4506 S 1543,4401 5951,2656 2971,0007 12932,419 12752,593 10924,76
2,0050004 B 5040,8354 8725,173 15599,189 12141,676 19266,334 1565,4506 S 1543,4401 5951,2656 2971,0007 12932,419 12752,593 10924,76
2,0049999 B 5040,8354 8725,173 15599,189 12141,676 19266,334 1565,4506 S 1543,4401 5951,2656 2971,0007 12932,419 12752,593 10924,76
2,0049996 B 5040,8354 8725,173 15599,189 12141,676 19266,334 1565,4506 S 1543,4401 5951,2656 2971,0007 12932,419 12752,593 10924,76
2,005 B 5040,8354 8725,173 15599,189 12141,676 19266,334 1565,4506 S 1543,4401 5951,2656 2971,0007 12932,419 12752,593 10924,76
2,0049999 B 5040,8354 8725,173 15599,189 12141,676 19266,334 1565,4506 S 1543,4401 5951,2656 2971,0007 12932,419 12752,593 10924,76
2,0049999 B 5040,8354 8725,173 15599,189 12141,676 19266,334 1565,4506 S 1543,4401 5951,2656 2971,0007 12932,419 12752,593 10924,76
2,0049999 B 5040,8354 8725,173 15599,189 12141,676 19266,334 1565,4506 S 1543,4401 5951,2656 2971,0007 12932,419 12752,593 10924,76
2,005 B 5040,8354 8725,173 15599,189 12141,676 19266,334 1565,4506 S 1543,4401 5951,2656 2971,0007 12932,419 12752,593 10924,76
2,0049999 B 5040,8354 8725,173 15599,189 12141,676 19266,334 1565,4506 S 1543,4401 5951,2656 2971,0007 12932,419 12752,593 10924,76
2,0050004 B 5040,8354 8725,173 15599,189 12141,676 19266,334 1565,4506 S 1543,4401 5951,2656 2971,0007 12932,419 12752,593 10924,76
2,005 B 5040,8354 8725,173 15599,189 12141,676 19266,334 1565,4506 S 1543,4401 5951,2656 2971,0007 12932,419 12752,593 10924,76
2,0049996 B 5040,8354 8725,173 15599,189 12141,676 19266,334 1565,4506 S 1543,4401 5951,2656 2971,0007 12932,419 12752,593 10924,76
2,0049996 B 5040,8354 8725,173 15599,189 12141,676 19266,334 1565,4506 S 1543,4401 5951,2656 2971,0007 12932,419 12752,593 10924,76
2,0068667 B 5040,8354 8725,173 15599,189 12141,676 19266,334 1565,4506 S 1543,4401 5951,2656 2971,0007 12932,419 12752,593 10924,76
2,0069997 B 5040,8354 8725,173 15599,189 12141,676 19266,334 1565,4506 S 1543,4401 5951,2656 2971,0007 12932,419 12752,593 10924,76
2,0069997 B 5040,8354 8725,173 15599,189 12141,676 19266,334 1565,4506 S 1543,4401 5951,2656 2971,0007 12932,419 12752,593 10924,76
2,0069995 B 5040,8354 8725,173 15599,189 12141,676 19266,334 1565,4506 S 1543,4401 5951,2656 2971,0007 12932,419 12752,593 10924,76
2,0061047 B 5040,8354 8725,173 15599,189 12141,676 19266,334 1565,4506 S 1543,4401 5951,2656 2971,0007 12932,419 12752,593 10924,76
2,0059993 B 5040,8354 8725,173 15599,189 12141,676 19266,334 1565,4506 S 1543,4401 5951,2656 2971,0007 12932,419 12752,593 10924,76
2,006 B 5040,8354 8725,173 15599,189 12141,676 19266,334 1565,4506 S 1543,4401 5951,2656 2971,0007 12932,419 12752,593 10924,76
2,0056176 B 5040,8354 8725,173 15599,189 12141,676 19266,334 1565,4506 S 1543,4401 5951,2656 2971,0007 12932,419 12752,593 10924,76
2,005 B 5040,8354 8725,173 15599,189 12141,676 19266,334 1565,4506 S 1543,4401 5951,2656 2971,0007 12932,419 12752,593 10924,76
2,0049999 B 5040,8354 8725,173 15599,189 12141,676 19266,334 1565,4506 S 1543,4401 5951,2656 2971,0007 12932,419 12752,593 10924,76
2,0049999 B 5040,8354 8725,173 15599,189 12141,676 19266,334 1565,4506 S 1543,4401 5951,2656 2971,0007 12932,419 12752,593 10924,76
2,005 B 5040,8354 8725,173 15599,189 12141,676 19266,334 1565,4506 S 1543,4401 5951,2656 2971,0007 12932,419 12752,593 10924,76
2,0049996 B 5040,8354 8725,173 15599,189 12141,676 19266,334 1565,4506 S 1543,4401 5951,2656 2971,0007 12932,419 12752,593 10924,76
2,005 B 5040,8354 8725,173 15599,189 12141,676 19266,334 1565,4506 S 1543,4401 5951,2656 2971,0007 12932,419 12752,593 10924,76
2,0050435 B 5040,8354 8725,173 15599,189 12141,676 19266,334 1565,4506 S 1543,4401 5951,2656 2971,0007 12932,419 12752,593 10924,76
2,0057914 B 5040,8354 8725,173 15599,189 12141,676 19266,334 1565,4506 S 1543,4401 5951,2656 2971,0007 12932,419 12752,593 10924,76
2,0049999 B 5040,8354 8725,173 15599,189 12141,676 19266,334 1565,4506 S 1543,4401 5951,2656 2971,0007 12932,419 12752,593 10924,76
2,0050004 B 5040,8354 8725,173 15599,189 12141,676 19266,334 1565,4506 S 1543,4401 5951,2656 2971,0007 12932,419 12752,593 10924,76
2,0049996 B 5040,8354 8725,173 15599,189 12141,676 19266,334 1565,4506 S 1543,4401 5951,2656 2971,0007 12932,419 12752,593 10924,76
2,005 B 5040,8354 8725,173 15599,189 12141,676 19266,334 1565,4506 S 1543,4401 5951,2656 2971,0007 12932,419 12752,593 10924,76
2,0049996 B 5040,8354 8725,173 15599,189 12141,676 19266,334 1565,4506 S 1543,4401 5951,2656 2971,0007 12932,419 12752,593 10924,76
2,0049996 B 5040,8354 8725,173 15599,189 12141,676 19266,334 1565,4506 S 1543,4401 5951,2656 2971,0007 12932,419 12752,593 10924,76
2,0049992 B 5040,8354 8725,173 15599,189 12141,676 19266,334 1565,4506 S 1543,4401 5951,2656 2971,0007 12932,419 12752,593 10924,76
2,005 B 5040,8354 8725,173 15599,189 12141,676 19266,334 1565,4506 S 1543,4401 5951,2656 2971,0007 12932,419 12752,593 10924,76
2,0049999 B 5040,8354 8725,173 15599,189 12141,676 19266,334 1565,4506 S 1543,4401 5951,2656 2971,0007 12932,419 12752,593 10924,76
2,0050004 B 5040,8354 8725,173 15599,189 12141,676 19266,334 1565,4506 S 1543,4401 5951,2656 2971,0007 12932,419 12752,593 10924,76
2,004999 B 5040,8354 8725,173 15599,189 12141,676 19266,334 1565,4506 S 1543,4401 5951,2656 2971,0007 12932,419 12752,593 10924,76
2,0049996 B 5040,8354 8725,173 15599,189 12141,676 19266,334 1565,4506 S 1543,4401 5951,2656 2971,0007 12932,419 12752,593 10924,76
2,0049996 B 5040,8354 8725,173 15599,189 12141,676 19266,334 1565,4506 S 1543,4401 5951,2656 2971,0007 12932,419 12752,593 10924,76
2,004445 B 5040,8354 8725,173 15599,189 12141,676 19266,334 1565,4506 S 1543,4401 5951,2656 2971,0007 12932,419 12752,593 10924,76
2,004 B 5040,8354 8725,173 15599,189 12141,676 19266,334 1565,4506 S 1543,4401 5951,2656 2971,0007 12932,419 12752,593 10924,76
2,0039997 B 5040,8354 8725,173 15599,189 12141,676 19266,334 1565,4506 S 1543,4401 5951,2656 2971,0007 12932,419 12752,593 10924,76
2,0040002 B 5040,8354 8725,173 15599,189 12141,676 19266,334 1565,4506 S 1543,4401 5951,2656 2971,0007 12932,419 12752,593 10924,76
2,0040002 B 5040,8354 8725,173 15599,189 12141,676 19266,334 1565,4506 S 1543,4401 5951,2656 2971,0007 12932,419 12752,593 10924,76
2,0039997 B 5040,8354 8725,173 15599,189 12141,676 19266,334 1565,4506 S 1543,4401 5951,2656 2971,0007 12932,419 12752,593 10924,76
2,0040002 B 5040,8354 8725,173 15599,189 12141,676 19266,334 1565,4506 S 1543,4401 5951,2656 2971,0007 12932,419 12752,593 10924,76
2,0039997 B 5040,8354 8725,173 15599,189 12141,676 19266,334 1565,4506 S 1543,4401 5951,2656 2971,0007 12932,419 12752,593 10924,76
2,0039997 B 5040,8354 8725,173 15599,189 12141,676 19266,334 1565,4506 S 1543,4401 5951,2656 2971,0007 12932,419 12752,593 10924,76
2,0040004 B 5040,8354 8725,173 15599,189 12141,676 19266,334 1565,4506 S 1543,4401 5951,2656 2971,0007 12932,419 12752,593 10924,76
2,0040002 B 5040,8354 8725,173 15599,189 12141,676 19266,334 1565,4506 S 1543,4401 5951,2656 2971,0007 12932,419 12752,593 10924,76
2,004 B 5040,8354 8725,173 15599,189 12141,676 19266,334 1565,4506 S 1543,4401 5951,2656 2971,0007 12932,419 12752,593 10924,76
2,0040004 B 5040,8354 8725,173 15599,189 12141,676 19266,334 1565,4506 S 1543,4401 5951,2656 2971,0007 12932,419 12752,593 10924,76
2,004 B 5040,8354 8725,173 15599,189 12141,676 19266,334 1565,4506 S 1543,4401 5951,2656 2971,0007 12932,419 12752,593 10924,76
2,0040002 B 5040,8354 8725,173 15599,189 12141,676 19266,334 1565,4506 S 1543,4401 5951,2656 2971,0007 12932,419 12752,593 10924,76
2,0048594 B 5040,8354 8725,173 15599,189 12141,676 19266,334 1565,4506 S 1543,4401 5951,2656 2971,0007 12932,419 12752,593 10924,76
2,0050006 B 5040,8354 8725,173 15599,189 12141,676 19266,334 1565,4506 S 1543,4401 5951,2656 2971,0007 12932,419 12752,593 10924,76
2,0056646 B 5040,8354 8725,173 15599,189 12141,676 19266,334 1565,4506 S 1543,4401 5951,2656 2971,0007 12932,419 12752,593 10924,76
2,0060003 B 5040,8354 8725,173 15599,189 12141,676 19266,334 1565,4506 S 1543,4401 5951,2656 2971,0007 12932,419 12752,593 10924,76
2,0060003 B 5040,8354 8725,173 15599,189 12141,676 19266,334 1565,4506 S 1543,4401 5951,2656 2971,0007 12932,419 12752,593 10924,76
2,0060003 B 5040,8354 8725,173 15599,189 12141,676 19266,334 1565,4506 S 1543,4401 5951,2656 2971,0007 12932,419 12752,593 10924,76
2,0059998 B 5040,8354 8725,173 15599,189 12141,676 19266,334 1565,4506 S 1543,4401 5951,2656 2971,0007 12932,419 12752,593 10924,76
2,0049791 B 5040,8354 8725,173 15599,189 12141,676 19266,334 1565,4506 S 1543,4401 5951,2656 2971,0007 12932,419 12752,593 10924,76
2,0039992 B 5040,8354 8725,173 15599,189 12141,676 19266,334 1565,4506 S 1543,4401 5951,2656 2971,0007 12932,419 12752,593 10924,76
2,0040002 B 5040,8354 8725,173 15599,189 12141,676 19266,334 1565,4506 S 1543,4401 5951,2656 2971,0007 12932,419 12752,593 10924,76
2,0040002 B 5040,8354 8725,173 15599,189 12141,676 19266,334 1565,4506 S 1543,4401 5951,2656 2971,0007 12932,419 12752,593 10924,76
2,0040004 B 5040,8354 8725,173 15599,189 12141,676 19266,334 1565,4506 S 1543,4401 5951,2656 2971,0007 12932,419 12752,593 10924,76
2,004 B 5040,8354 8725,173 15599,189 12141,676 19266,334 1565,4506 S 1543,4401 5951,2656 2971,0007 12932,419 12752,593 10924,76
2,0040007 B 5040,8354 8725,173 15599,189 12141,676 19266,334 1565,4506 S 1543,4401 5951,2656 2971,0007 12932,419 12752,593 10924,76
2,004 B 5040,8354 8725,173 15599,189 12141,676 19266,334 1565,4506 S 1543,4401 5951,2656 2971,0007 12932,419 12752,593 10924,76
2,0039997 B 5040,8354 8725,173 15599,189 12141,676 19266,334 1565,4506 S 1543,4401 5951,2656 2971,0007 12932,419 12752,593 10924,76
2,0039992 B 5040,8354 8725,173 15599,189 12141,676 19266,334 1565,4506 S 1543,4401 5951,2656 2971,0007 12932,419 12752,593 10924,76
2,0040004 B 5040,8354 8725,173 15599,189 12141,676 19266,334 1565,4506 S 1543,4401 5951,2656 2971,0007 12932,419 12752,593 10924,76
2,0040004 B 5040,8354 8725,173 15599,189 12141,676 19266,334 1565,4506 S 1543,4401 5951,2656 2971,0007 12932,419 12752,593 10924,76
2,003177 B 5040,8354 8725,173 15599,189 12141,676 19266,334 1565,4506 S 1543,4401 5951,2656 2971,0007 12932,419 12752,593 10924,76
2,0019999 B 5040,8354 8725,173 15599,189 12141,676 19266,334 1565,4506 S 1543,4401 5951,2656 2971,0007 12932,419 12752,593 10924,76
2,0019999 B 5040,8354 8725,173 15599,189 12141,676 19266,334 1565,4506 S 1543,4401 5951,2656 2971,0007 12932,419 12752,593 10924,76
2,0019999 B 5040,8354 8725,173 15599,189 12141,676 19266,334 1565,4506 S 1543,4401 5951,2656 2971,0007 12932,419 12752,593 10924,76
2,0020003 B 5040,8354 8725,173 15599,189 12141,676 19266,334 1565,4506 S 1543,4401 5951,2656 2971,0007 12932,419 12752,593 10924,76
2,0011933 B 5040,8354 8725,173 15599,189 12141,676 19266,334 1565,4506 S 1543,4401 5951,2656 2971,0007 12932,419 12752,593 10924,76
2,0010004 B 5040,8354 8725,173 15599,189 12141,676 19266,334 1565,4506 S 1543,4401 5951,2656 2971,0007 12932,419 12752,593 10924,76
2,0009997 B 5040,8354 8725,173 15599,189 12141,676 19266,334 1565,4506 S 1543,4401 5951,2656 2971,0007 12932,419 12752,593 10924,76
2,0010002 B 5040,8354 8725,173 15599,189 12141,676 19266,334 1565,4506 S 1543,4401 5951,2656 2971,0007 12932,419 12752,593 10924,76
2,0010004 B 5040,8354 8725,173 15599,189 12141,676 19266,334 1565,4506 S 1543,4401 5951,2656 2971,0007 12932,419 12752,593 10924,76
2,001 B 5040,8354 8725,173 15599,189 12141,676 19266,334 1565,4506 S 1543,4401 5951,2656 2971,0007 12932,419 12752,593 10924,76
2,0010002 B 5040,8354 8725,173 15599,189 12141,676 19266,334 1565,4506 S 1543,4401 5951,2656 2971,0007 12932,419 12752,593 10924,76
2,001 B 5040,8354 8725,173 15599,189 12141,676 19266,334 1565,4506 S 1543,4401 5951,2656 2971,0007 12932,419 12752,593 10924,76
2,001 B 5040,8354 8725,173 15599,189 12141,676 19266,334 1565,4506 S 1543,4401 5951,2656 2971,0007 12932,419 12752,593 10924,76
2,000999 B 5040,8354 8725,173 15599,189 12141,676 19266,334 1565,4506 S 1543,4401 5951,2656 2971,0007 12932,419 12752,593 10924,76
2,0012956 B 5040,8354 8725,173 15599,189 12141,676 19266,334 1565,4506 S 1543,4401 5951,2656 2971,0007 12932,419 12752,593 10924,76
2,003 B 5040,8354 8725,173 15599,189 12141,676 19266,334 1565,4506 S 1543,4401 5951,2656 2971,0007 12932,419 12752,593 10924,76
2,0029998 B 5040,8354 8725,173 15599,189 12141,676 19266,334 1565,4506 S 1543,4401 5951,2656 2971,0007 12932,419 12752,593 10924,76
2,003 B 5040,8354 8725,173 15599,189 12141,676 19266,334 1565,4506 S 1543,4401 5951,2656 2971,0007 12932,419 12752,593 10924,76
2,004674 B 5040,8354 8725,173 15599,189 12141,676 19266,334 1565,4506 S 1543,4401 5951,2656 2971,0007 12932,419 12752,593 10924,76
2,0054994 B 5040,8354 8725,173 15599,189 12141,676 19266,334 1565,4506 S 1543,4401 5951,2656 2971,0007 12932,419 12752,593 10924,76
2,0059998 B 5040,8354 8725,173 15599,189 12141,676 19266,334 1565,4506 S 1543,4401 5951,2656 2971,0007 12932,419 12752,593 10924,76
2,0057166 B 5040,8354 8725,173 15599,189 12141,676 19266,334 1565,4506 S 1543,4401 5951,2656 2971,0007 12932,419 12752,593 10924,76
2,0040002 B 5040,8354 8725,173 15599,189 12141,676 19266,334 1565,4506 S 1543,4401 5951,2656 2971,0007 12932,419 12752,593 10924,76
2,0047765 B 5040,8354 8725,173 15599,189 12141,676 19266,334 1565,4506 S 1543,4401 5951,2656 2971,0007 12932,419 12752,593 10924,76
2,0048215 B 5040,8354 8725,173 15599,189 12141,676 19266,334 1565,4506 S 1543,4401 5951,2656 2971,0007 12932,419 12752,593 10924,76
2,003925 B 5040,8354 8725,173 15599,189 12141,676 19266,334 1565,4506 S 1543,4401 5951,2656 2971,0007 12932,419 12752,593 10924,76
2,0029998 B 5040,8354 8725,173 15599,189 12141,676 19266,334 1565,4506 S 1543,4401 5951,2656 2971,0007 12932,419 12752,593 10924,76
2,003865 B 5040,8354 8725,173 15599,189 12141,676 19266,334 1565,4506 S 1543,4401 5951,2656 2971,0007 12932,419 12752,593 10924,76
2,0039997 B 5040,8354 8725,173 15599,189 12141,676 19266,334 1565,4506 S 1543,4401 5951,2656 2971,0007 12932,419 12752,593 10924,76
2,0040002 B 5040,8354 8725,173 15599,189 12141,676 19266,334 1565,4506 S 1543,4401 5951,2656 2971,0007 12932,419 12752,593 10924,76
2,0036762 B 5040,8354 8725,173 15599,189 12141,676 19266,334 1565,4506 S 1543,4401 5951,2656 2971,0007 12932,419 12752,593 10924,76
2,003 B 5040,8354 8725,173 15599,189 12141,676 19266,334 1565,4506 S 1543,4401 5951,2656 2971,0007 12932,419 12752,593 10924,76
2,0029998 B 5040,8354 8725,173 15599,189 12141,676 19266,334 1565,4506 S 1543,4401 5951,2656 2971,0007 12932,419 12752,593 10924,76
2,003 B 5040,8354 8725,173 15599,189 12141,676 19266,334 1565,4506 S 1543,4401 5951,2656 2971,0007 12932,419 12752,593 10924,76
2,0030003 B 5040,8354 8725,173 15599,189 12141,676 19266,334 1565,4506 S 1543,4401 5951,2656 2971,0007 12932,419 12752,593 10924,76
2,0029998 B 5040,8354 8725,173 15599,189 12141,676 19266,334 1565,4506 S 1543,4401 5951,2656 2971,0007 12932,419 12752,593 10924,76
2,0029626 B 5040,8354 8725,173 15599,189 12141,676 19266,334 1565,4506 S 1543,4401 5951,2656 2971,0007 12932,419 12752,593 10924,76
2,0001302 B 5040,8354 8725,173 15599,189 12141,676 19266,334 1565,4506 S 1543,4401 5951,2656 2971,0007 12932,419 12752,593 10924,76
2 B 5040,8354 8725,173 15599,189 12141,676 19266,334 1565,4506 S 1543,4401 5951,2656 2971,0007 12932,419 12752,593 10924,76
2 B 5040,8354 8725,173 15599,189 12141,676 19266,334 1565,4506 S 1543,4401 5951,2656 2971,0007 12932,419 12752,593 10924,76
2 B 5040,8354 8725,173 15599,189 12141,676 19266,334 1565,4506 S 1543,4401 5951,2656 2971,0007 12932,419 12752,593 10924,76
2 B 5040,8354 8725,173 15599,189 12141,676 19266,334 1565,4506 S 1543,4401 5951,2656 2971,0007 12932,419 12752,593 10924,76
2 B 5040,8354 8725,173 15599,189 12141,676 19266,334 1565,4506 S 1543,4401 5951,2656 2971,0007 12932,419 12752,593 10924,76
2 B 5040,8354 8725,173 15599,189 12141,676 19266,334 1565,4506 S 1543,4401 5951,2656 2971,0007 12932,419 12752,593 10924,76
2 B 5040,8354 8725,173 15599,189 12141,676 19266,334 1565,4506 S 1543,4401 5951,2656 2971,0007 12932,419 12752,593 10924,76
2 B 5040,8354 8725,173 15599,189 12141,676 19266,334 1565,4506 S 1543,4401 5951,2656 2971,0007 12932,419 12752,593 10924,76
2 B 5040,8354 8725,173 15599,189 12141,676 19266,334 1565,4506 S 1543,4401 5951,2656 2971,0007 12932,419 12752,593 10924,76
2 B 5040,8354 8725,173 15599,189 12141,676 19266,334 1565,4506 S 1543,4401 5951,2656 2971,0007 12932,419 12752,593 10924,76
2 B 5040,8354 8725,173 15599,189 12141,676 19266,334 1565,4506 S 1543,4401 5951,2656 2971,0007 12932,419 12752,593 10924,76
2 B 5040,8354 8725,173 15599,189 12141,676 19266,334 1565,4506 S 1543,4401 5951,2656 2971,0007 12932,419 12752,593 10924,76
2,0028844 B 5040,8354 8725,173 15599,189 12141,676 19266,334 1565,4506 S 1543,4401 5951,2656 2971,0007 12932,419 12752,593 10924,76
2,0049999 B 5040,8354 8725,173 15599,189 12141,676 19266,334 1565,4506 S 1543,4401 5951,2656 2971,0007 12932,419 12752,593 10924,76
2,0065882 B 5040,8354 8725,173 15599,189 12141,676 19266,334 1565,4506 S 1543,4401 5951,2656 2971,0007 12932,419 12752,593 10924,76
2,0072427 B 5040,8354 8725,173 15599,189 12141,676 19266,334 1565,4506 S 1543,4401 5951,2656 2971,0007 12932,419 12752,593 10924,76
2,0089996 B 5040,8354 8725,173 15599,189 12141,676 19266,334 1565,4506 S 1543,4401 5951,2656 2971,0007 12932,419 12752,593 10924,76
2,0089993 B 5040,8354 8725,173 15599,189 12141,676 19266,334 1565,4506 S 1543,4401 5951,2656 2971,0007 12932,419 12752,593 10924,76
2,0090005 B 5040,8354 8725,173 15599,189 12141,676 19266,334 1565,4506 S 1543,4401 5951,2656 2971,0007 12932,419 12752,593 10924,76
2,0093954 B 5040,8354 8725,173 15599,189 12141,676 19266,334 1565,4506 S 1543,4401 5951,2656 2971,0007 12932,419 12752,593 10924,76
2,0099995 B 5040,8354 8725,173 15599,189 12141,676 19266,334 1565,4506 S 1543,4401 5951,2656 2971,0007 12932,419 12752,593 10924,76
2,0100002 B 5040,8354 8725,173 15599,189 12141,676 19266,334 1565,4506 S 1543,4401 5951,2656 2971,0007 12932,419 12752,593 10924,76
2,0099995 B 5040,8354 8725,173 15599,189 12141,676 19266,334 1565,4506 S 1543,4401 5951,2656 2971,0007 12932,419 12752,593 10924,76
2,0099998 B 5040,8354 8725,173 15599,189 12141,676 19266,334 1565,4506 S 1543,4401 5951,2656 2971,0007 12932,419 12752,593 10924,76
2,0100002 B 5040,8354 8725,173 15599,189 12141,676 19266,334 1565,4506 S 1543,4401 5951,2656 2971,0007 12932,419 12752,593 10924,76
2,0099998 B 5040,8354 8725,173 15599,189 12141,676 19266,334 1565,4506 S 1543,4401 5951,2656 2971,0007 12932,419 12752,593 10924,76
2,0100002 B 5040,8354 8725,173 15599,189 12141,676 19266,334 1565,4506 S 1543,4401 5951,2656 2971,0007 12932,419 12752,593 10924,76
2,0099995 B 5040,8354 8725,173 15599,189 12141,676 19266,334 1565,4506 S 1543,4401 5951,2656 2971,0007 12932,419 12752,593 10924,76
2,0100005 B 5040,8354 8725,173 15599,189 12141,676 19266,334 1565,4506 S 1543,4401 5951,2656 2971,0007 12932,419 12752,593 10924,76
2,0084677 B 5040,8354 8725,173 15599,189 12141,676 19266,334 1565,4506 S 1543,4401 5951,2656 2971,0007 12932,419 12752,593 10924,76
2,0050004 B 5040,8354 8725,173 15599,189 12141,676 19266,334 1565,4506 S 1543,4401 5951,2656 2971,0007 12932,419 12752,593 10924,76
2,005 B 5040,8354 8725,173 15599,189 12141,676 19266,334 1565,4506 S 1543,4401 5951,2656 2971,0007 12932,419 12752,593 10924,76
2,0049999 B 5040,8354 8725,173 15599,189 12141,676 19266,334 1565,4506 S 1543,4401 5951,2656 2971,0007 12932,419 12752,593 10924,76
2,0051575 B 5040,8354 8725,173 15599,189 12141,676 19266,334 1565,4506 S 1543,4401 5951,2656 2971,0007 12932,419 12752,593 10924,76
2,0059996 B 5040,8354 8725,173 15599,189 12141,676 19266,334 1565,4506 S 1543,4401 5951,2656 2971,0007 12932,419 12752,593 10924,76
2,0059998 B 5040,8354 8725,173 15599,189 12141,676 19266,334 1565,4506 S 1543,4401 5951,2656 2971,0007 12932,419 12752,593 10924,76
2,006 B 5040,8354 8725,173 15599,189 12141,676 19266,334 1565,4506 S 1543,4401 5951,2656 2971,0007 12932,419 12752,593 10924,76
2,0059998 B 5040,8354 8725,173 15599,189 12141,676 19266,334 1565,4506 S 1543,4401 5951,2656 2971,0007 12932,419 12752,593 10924,76
2,0059998 B 5040,8354 8725,173 15599,189 12141,676 19266,334 1565,4506 S 1543,4401 5951,2656 2971,0007 12932,419 12752,593 10924,76
2,0059998 B 5040,8354 8725,173 15599,189 12141,676 19266,334 1565,4506 S 1543,4401 5951,2656 2971,0007 12932,419 12752,593 10924,76
2,0048754 B 5040,8354 8725,173 15599,189 12141,676 19266,334 1565,4506 S 1543,4401 5951,2656 2971,0007 12932,419 12752,593 10924,76
2,004 B 5040,8354 8725,173 15599,189 12141,676 19266,334 1565,4506 S 1543,4401 5951,2656 2971,0007 12932,419 12752,593 10924,76
2,0039997 B 5040,8354 8725,173 15599,189 12141,676 19266,334 1565,4506 S 1543,4401 5951,2656 2971,0007 12932,419 12752,593 10924,76
2,0039995 B 5040,8354 8725,173 15599,189 12141,676 19266,334 1565,4506 S 1543,4401 5951,2656 2971,0007 12932,419 12752,593 10924,76
2,0040004 B 5040,8354 8725,173 15599,189 12141,676 19266,334 1565,4506 S 1543,4401 5951,2656 2971,0007 12932,419 12752,593 10924,76
2,0039992 B 5040,8354 8725,173 15599,189 12141,676 19266,334 1565,4506 S 1543,4401 5951,2656 2971,0007 12932,419 12752,593 10924,76
2,0040002 B 5040,8354 8725,173 15599,189 12141,676 19266,334 1565,4506 S 1543,4401 5951,2656 2971,0007 12932,419 12752,593 10924,76
2,0040002 B 5040,8354 8725,173 15599,189 12141,676 19266,334 1565,4506 S 1543,4401 5951,2656 2971,0007 12932,419 12752,593 10924,76
2,0050542 B 5040,8354 8725,173 15599,189 12141,676 19266,334 1565,4506 S 1543,4401 5951,2656 2971,0007 12932,419 12752,593 10924,76
2,0049996 B 5040,8354 8725,173 15599,189 12141,676 19266,334 1565,4506 S 1543,4401 5951,2656 2971,0007 12932,419 12752,593 10924,76
2,0050006 B 5040,8354 8725,173 15599,189 12141,676 19266,334 1565,4506 S 1543,4401 5951,2656 2971,0007 12932,419 12752,593 10924,76
2,0050006 B 5040,8354 8725,173 15599,189 12141,676 19266,334 1565,4506 S 1543,4401 5951,2656 2971,0007 12932,419 12752,593 10924,76
2,0032296 B 5040,8354 8725,173 15599,189 12141,676 19266,334 1565,4506 S 1543,4401 5951,2656 2971,0007 12932,419 12752,593 10924,76
2,0029998 B 5040,8354 8725,173 15599,189 12141,676 19266,334 1565,4506 S 1543,4401 5951,2656 2971,0007 12932,419 12752,593 10924,76
2,0030003 B 5040,8354 8725,173 15599,189 12141,676 19266,334 1565,4506 S 1543,4401 5951,2656 2971,0007 12932,419 12752,593 10924,76
2,0030007 B 5040,8354 8725,173 15599,189 12141,676 19266,334 1565,4506 S 1543,4401 5951,2656 2971,0007 12932,419 12752,593 10924,76
2,0030005 B 5040,8354 8725,173 15599,189 12141,676 19266,334 1565,4506 S 1543,4401 5951,2656 2971,0007 12932,419 12752,593 10924,76
2,0030005 B 5040,8354 8725,173 15599,189 12141,676 19266,334 1565,4506 S 1543,4401 5951,2656 2971,0007 12932,419 12752,593 10924,76
2,0030003 B 5040,8354 8725,173 15599,189 12141,676 19266,334 1565,4506 S 1543,4401 5951,2656 2971,0007 12932,419 12752,593 10924,76
2,0029998 B 5040,8354 8725,173 15599,189 12141,676 19266,334 1565,4506 S 1543,4401 5951,2656 2971,0007 12932,419 12752,593 10924,76
2,0029998 B 5040,8354 8725,173 15599,189 12141,676 19266,334 1565,4506 S 1543,4401 5951,2656 2971,0007 12932,419 12752,593 10924,76
2,0029998 B 5040,8354 8725,173 15599,189 12141,676 19266,334 1565,4506 S 1543,4401 5951,2656 2971,0007 12932,419 12752,593 10924,76
2,0029995 B 5040,8354 8725,173 15599,189 12141,676 19266,334 1565,4506 S 1543,4401 5951,2656 2971,0007 12932,419 12752,593 10924,76
2,0030005 B 5040,8354 8725,173 15599,189 12141,676 19266,334 1565,4506 S 1543,4401 5951,2656 2971,0007 12932,419 12752,593 10924,76
2,0029995 B 5040,8354 8725,173 15599,189 12141,676 19266,334 1565,4506 S 1543,4401 5951,2656 2971,0007 12932,419 12752,593 10924,76
2,003 B 5040,8354 8725,173 15599,189 12141,676 19266,334 1565,4506 S 1543,4401 5951,2656 2971,0007 12932,419 12752,593 10924,76
2,0030005 B 5040,8354 8725,173 15599,189 12141,676 19266,334 1565,4506 S 1543,4401 5951,2656 2971,0007 12932,419 12752,593 10924,76
2,0039835 B 5040,8354 8725,173 15599,189 12141,676 19266,334 1565,4506 S 1543,4401 5951,2656 2971,0007 12932,419 12752,593 10924,76
2,0049996 B 5040,8354 8725,173 15599,189 12141,676 19266,334 1565,4506 S 1543,4401 5951,2656 2971,0007 12932,419 12752,593 10924,76
2,0050004 B 5040,8354 8725,173 15599,189 12141,676 19266,334 1565,4506 S 1543,4401 5951,2656 2971,0007 12932,419 12752,593 10924,76
2,0049999 B 5040,8354 8725,173 15599,189 12141,676 19266,334 1565,4506 S 1543,4401 5951,2656 2971,0007 12932,419 12752,593 10924,76
2,0050004 B 5040,8354 8725,173 15599,189 12141,676 19266,334 1565,4506 S 1543,4401 5951,2656 2971,0007 12932,419 12752,593 10924,76
2,005 B 5040,8354 8725,173 15599,189 12141,676 19266,334 1565,4506 S 1543,4401 5951,2656 2971,0007 12932,419 12752,593 10924,76
2,0049999 B 5040,8354 8725,173 15599,189 12141,676 19266,334 1565,4506 S 1543,4401 5951,2656 2971,0007 12932,419 12752,593 10924,76
2,0050006 B 5040,8354 8725,173 15599,189 12141,676 19266,334 1565,4506 S 1543,4401 5951,2656 2971,0007 12932,419 12752,593 10924,76
2,005 B 5040,8354 8725,173 15599,189 12141,676 19266,334 1565,4506 S 1543,4401 5951,2656 2971,0007 12932,419 12752,593 10924,76
2,0049999 B 5040,8354 8725,173 15599,189 12141,676 19266,334 1565,4506 S 1543,4401 5951,2656 2971,0007 12932,419 12752,593 10924,76
2,0049992 B 5040,8354 8725,173 15599,189 12141,676 19266,334 1565,4506 S 1543,4401 5951,2656 2971,0007 12932,419 12752,593 10924,76
2,0050004 B 5040,8354 8725,173 15599,189 12141,676 19266,334 1565,4506 S 1543,4401 5951,2656 2971,0007 12932,419 12752,593 10924,76
2,005 B 5040,8354 8725,173 15599,189 12141,676 19266,334 1565,4506 S 1543,4401 5951,2656 2971,0007 12932,419 12752,593 10924,76
2,0049999 B 5040,8354 8725,173 15599,189 12141,676 19266,334 1565,4506 S 1543,4401 5951,2656 2971,0007 12932,419 12752,593 10924,76
2,0049999 B 5040,8354 8725,173 15599,189 12141,676 19266,334 1565,4506 S 1543,4401 5951,2656 2971,0007 12932,419 12752,593 10924,76
2,005 B 5040,8354 8725,173 15599,189 12141,676 19266,334 1565,4506 S 1543,4401 5951,2656 2971,0007 12932,419 12752,593 10924,76
2,0049999 B 5040,8354 8725,173 15599,189 12141,676 19266,334 1565,4506 S 1543,4401 5951,2656 2971,0007 12932,419 12752,593 10924,76
2,0049999 B 5040,8354 8725,173 15599,189 12141,676 19266,334 1565,4506 S 1543,4401 5951,2656 2971,0007 12932,419 12752,593 10924,76
2,005 B 5040,8354 8725,173 15599,189 12141,676 19266,334 1565,4506 S 1543,4401 5951,2656 2971,0007 12932,419 12752,593 10924,76
2,0050006 B 5040,8354 8725,173 15599,189 12141,676 19266,334 1565,4506 S 1543,4401 5951,2656 2971,0007 12932,419 12752,593 10924,76
2,0049996 B 5040,8354 8725,173 15599,189 12141,676 19266,334 1565,4506 S 1543,4401 5951,2656 2971,0007 12932,419 12752,593 10924,76
2,0023713 B 5040,8354 8725,173 15599,189 12141,676 19266,334 1565,4506 S 1543,4401 5951,2656 2971,0007 12932,419 12752,593 10924,76
2,0019996 B 5040,8354 8725,173 15599,189 12141,676 19266,334 1565,4506 S 1543,4401 5951,2656 2971,0007 12932,419 12752,593 10924,76
2,002 B 5040,8354 8725,173 15599,189 12141,676 19266,334 1565,4506 S 1543,4401 5951,2656 2971,0007 12932,419 12752,593 10924,76
2,002336 B 5040,8354 8725,173 15599,189 12141,676 19266,334 1565,4506 S 1543,4401 5951,2656 2971,0007 12932,419 12752,593 10924,76
2,003 B 5040,8354 8725,173 15599,189 12141,676 19266,334 1565,4506 S 1543,4401 5951,2656 2971,0007 12932,419 12752,593 10924,76
2,0030005 B 5040,8354 8725,173 15599,189 12141,676 19266,334 1565,4506 S 1543,4401 5951,2656 2971,0007 12932,419 12752,593 10924,76
2,0029995 B 5040,8354 8725,173 15599,189 12141,676 19266,334 1565,4506 S 1543,4401 5951,2656 2971,0007 12932,419 12752,593 10924,76
2,0029998 B 5040,8354 8725,173 15599,189 12141,676 19266,334 1565,4506 S 1543,4401 5951,2656 2971,0007 12932,419 12752,593 10924,76
2,0030005 B 5040,8354 8725,173 15599,189 12141,676 19266,334 1565,4506 S 1543,4401 5951,2656 2971,0007 12932,419 12752,593 10924,76
2,0029995 B 5040,8354 8725,173 15599,189 12141,676 19266,334 1565,4506 S 1543,4401 5951,2656 2971,0007 12932,419 12752,593 10924,76
2,003 B 5040,8354 8725,173 15599,189 12141,676 19266,334 1565,4506 S 1543,4401 5951,2656 2971,0007 12932,419 12752,593 10924,76
2,003 B 5040,8354 8725,173 15599,189 12141,676 19266,334 1565,4506 S 1543,4401 5951,2656 2971,0007 12932,419 12752,593 10924,76
2,0029998 B 5040,8354 8725,173 15599,189 12141,676 19266,334 1565,4506 S 1543,4401 5951,2656 2971,0007 12932,419 12752,593 10924,76
2,0029998 B 5040,8354 8725,173 15599,189 12141,676 19266,334 1565,4506 S 1543,4401 5951,2656 2971,0007 12932,419 12752,593 10924,76
2,0029998 B 5040,8354 8725,173 15599,189 12141,676 19266,334 1565,4506 S 1543,4401 5951,2656 2971,0007 12932,419 12752,593 10924,76
2,0015118 B 5040,8354 8725,173 15599,189 12141,676 19266,334 1565,4506 S 1543,4401 5951,2656 2971,0007 12932,419 12752,593 10924,76
2,0003514 B 5040,8354 8725,173 15599,189 12141,676 19266,334 1565,4506 S 1543,4401 5951,2656 2971,0007 12932,419 12752,593 10924,76
2 B 5040,8354 8725,173 15599,189 12141,676 19266,334 1565,4506 S 1543,4401 5951,2656 2971,0007 12932,419 12752,593 10924,76
2 B 5040,8354 8725,173 15599,189 12141,676 19266,334 1565,4506 S 1543,4401 5951,2656 2971,0007 12932,419 12752,593 10924,76
