2,0171373
2,0180004 B 1395,6643 2993,3325 9074,3125 15570,861 6074,852 10374,623 S 2538,047 13258,547 8076,3667 6244,8564 13918,132 5381,507
2,0180008 B 1395,6643 2993,3325 9074,3125 15570,861 6074,852 10374,623 S 2538,047 13258,547 8076,3667 6244,8564 13918,132 5381,507
2,0180008 B 1395,6643 2993,3325 9074,3125 15570,861 6074,852 10374,623 S 2538,047 13258,547 8076,3667 6244,8564 13918,132 5381,507
2,016256 B 1395,6643 2993,3325 9074,3125 15570,861 6074,852 10374,623 S 2538,047 13258,547 8076,3667 6244,8564 13918,132 5381,507
2,016 B 1395,6643 2993,3325 9074,3125 15570,861 6074,852 10374,623 S 2538,047 13258,547 8076,3667 6244,8564 13918,132 5381,507
2,0160007 B 1395,6643 2993,3325 9074,3125 15570,861 6074,852 10374,623 S 2538,047 13258,547 8076,3667 6244,8564 13918,132 5381,507
2,0160003 B 1395,6643 2993,3325 9074,3125 15570,861 6074,852 10374,623 S 2538,047 13258,547 8076,3667 6244,8564 13918,132 5381,507
2,0160007 B 1395,6643 2993,3325 9074,3125 15570,861 6074,852 10374,623 S 2538,047 13258,547 8076,3667 6244,8564 13918,132 5381,507
2,0160003 B 1395,6643 2993,3325 9074,3125 15570,861 6074,852 10374,623 S 2538,047 13258,547 8076,3667 6244,8564 13918,132 5381,507
2,016001 B 1395,6643 2993,3325 9074,3125 15570,861 6074,852 10374,623 S 2538,047 13258,547 8076,3667 6244,8564 13918,132 5381,507
2,0159998 B 1395,6643 2993,3325 9074,3125 15570,861 6074,852 10374,623 S 2538,047 13258,547 8076,3667 6244,8564 13918,132 5381,507
2,016 B 1395,6643 2993,3325 9074,3125 15570,861 6074,852 10374,623 S 2538,047 13258,547 8076,3667 6244,8564 13918,132 5381,507
2,016 B 1395,6643 2993,3325 9074,3125 15570,861 6074,852 10374,623 S 2538,047 13258,547 8076,3667 6244,8564 13918,132 5381,507
2,0160005 B 1395,6643 2993,3325 9074,3125 15570,861 6074,852 10374,623 S 2538,047 13258,547 8076,3667 6244,8564 13918,132 5381,507
2,016 B 1395,6643 2993,3325 9074,3125 15570,861 6074,852 10374,623 S 2538,047 13258,547 8076,3667 6244,8564 13918,132 5381,507
2,0159998 B 1395,6643 2993,3325 9074,3125 15570,861 6074,852 10374,623 S 2538,047 13258,547 8076,3667 6244,8564 13918,132 5381,507
2,0159996 B 1395,6643 2993,3325 9074,3125 15570,861 6074,852 10374,623 S 2538,047 13258,547 8076,3667 6244,8564 13918,132 5381,507
2,0159993 B 1395,6643 2993,3325 9074,3125 15570,861 6074,852 10374,623 S 2538,047 13258,547 8076,3667 6244,8564 13918,132 5381,507
2,0160003 B 1395,6643 2993,3325 9074,3125 15570,861 6074,852 10374,623 S 2538,047 13258,547 8076,3667 6244,8564 13918,132 5381,507
2,0161371 B 1395,6643 2993,3325 9074,3125 15570,861 6074,852 10374,623 S 2538,047 13258,547 8076,3667 6244,8564 13918,132 5381,507
2,0170004 B 1395,6643 2993,3325 9074,3125 15570,861 6074,852 10374,623 S 2538,047 13258,547 8076,3667 6244,8564 13918,132 5381,507
2,0170004 B 1395,6643 2993,3325 9074,3125 15570,861 6074,852 10374,623 S 2538,047 13258,547 8076,3667 6244,8564 13918,132 5381,507
2,0167367 B 1395,6643 2993,3325 9074,3125 15570,861 6074,852 10374,623 S 2538,047 13258,547 8076,3667 6244,8564 13918,132 5381,507
2,015 B 1395,6643 2993,3325 9074,3125 15570,861 6074,852 10374,623 S 2538,047 13258,547 8076,3667 6244,8564 13918,132 5381,507
2,0150003 B 1395,6643 2993,3325 9074,3125 15570,861 6074,852 10374,623 S 2538,047 13258,547 8076,3667 6244,8564 13918,132 5381,507
2,015 B 1395,6643 2993,3325 9074,3125 15570,861 6074,852 10374,623 S 2538,047 13258,547 8076,3667 6244,8564 13918,132 5381,507
2,0150003 B 1395,6643 2993,3325 9074,3125 15570,861 6074,852 10374,623 S 2538,047 13258,547 8076,3667 6244,8564 13918,132 5381,507
2,0150003 B 1395,6643 2993,3325 9074,3125 15570,861 6074,852 10374,623 S 2538,047 13258,547 8076,3667 6244,8564 13918,132 5381,507
2,0150006 B 1395,6643 2993,3325 9074,3125 15570,861 6074,852 10374,623 S 2538,047 13258,547 8076,3667 6244,8564 13918,132 5381,507
2,0150013 B 1395,6643 2993,3325 9074,3125 15570,861 6074,852 10374,623 S 2538,047 13258,547 8076,3667 6244,8564 13918,132 5381,507
2,015 B 1395,6643 2993,3325 9074,3125 15570,861 6074,852 10374,623 S 2538,047 13258,547 8076,3667 6244,8564 13918,132 5381,507
2,0149996 B 1395,6643 2993,3325 9074,3125 15570,861 6074,852 10374,623 S 2538,047 13258,547 8076,3667 6244,8564 13918,132 5381,507
2,0149996 B 1395,6643 2993,3325 9074,3125 15570,861 6074,852 10374,623 S 2538,047 13258,547 8076,3667 6244,8564 13918,132 5381,507
2,0162988 B 1395,6643 2993,3325 9074,3125 15570,861 6074,852 10374,623 S 2538,047 13258,547 8076,3667 6244,8564 13918,132 5381,507
2,0169997 B 1395,6643 2993,3325 9074,3125 15570,861 6074,852 10374,623 S 2538,047 13258,547 8076,3667 6244,8564 13918,132 5381,507
2,0170002 B 1395,6643 2993,3325 9074,3125 15570,861 6074,852 10374,623 S 2538,047 13258,547 8076,3667 6244,8564 13918,132 5381,507
2,017 B 1395,6643 2993,3325 9074,3125 15570,861 6074,852 10374,623 S 2538,047 13258,547 8076,3667 6244,8564 13918,132 5381,507
2,0169995 B 1395,6643 2993,3325 9074,3125 15570,861 6074,852 10374,623 S 2538,047 13258,547 8076,3667 6244,8564 13918,132 5381,507
2,0169997 B 1395,6643 2993,3325 9074,3125 15570,861 6074,852 10374,623 S 2538,047 13258,547 8076,3667 6244,8564 13918,132 5381,507
2,0170002 B 1395,6643 2993,3325 9074,3125 15570,861 6074,852 10374,623 S 2538,047 13258,547 8076,3667 6244,8564 13918,132 5381,507
2,0170004 B 1395,6643 2993,3325 9074,3125 15570,861 6074,852 10374,623 S 2538,047 13258,547 8076,3667 6244,8564 13918,132 5381,507
2,0169997 B 1395,6643 2993,3325 9074,3125 15570,861 6074,852 10374,623 S 2538,047 13258,547 8076,3667 6244,8564 13918,132 5381,507
2,0170004 B 1395,6643 2993,3325 9074,3125 15570,861 6074,852 10374,623 S 2538,047 13258,547 8076,3667 6244,8564 13918,132 5381,507
2,0169997 B 1395,6643 2993,3325 9074,3125 15570,861 6074,852 10374,623 S 2538,047 13258,547 8076,3667 6244,8564 13918,132 5381,507
2,017 B 1395,6643 2993,3325 9074,3125 15570,861 6074,852 10374,623 S 2538,047 13258,547 8076,3667 6244,8564 13918,132 5381,507
2,0169997 B 1395,6643 2993,3325 9074,3125 15570,861 6074,852 10374,623 S 2538,047 13258,547 8076,3667 6244,8564 13918,132 5381,507
2,0169997 B 1395,6643 2993,3325 9074,3125 15570,861 6074,852 10374,623 S 2538,047 13258,547 8076,3667 6244,8564 13918,132 5381,507
2,0169997 B 1395,6643 2993,3325 9074,3125 15570,861 6074,852 10374,623 S 2538,047 13258,547 8076,3667 6244,8564 13918,132 5381,507
2,0169997 B 1395,6643 2993,3325 9074,3125 15570,861 6074,852 10374,623 S 2538,047 13258,547 8076,3667 6244,8564 13918,132 5381,507
2,0161138 B 1395,6643 2993,3325 9074,3125 15570,861 6074,852 10374,623 S 2538,047 13258,547 8076,3667 6244,8564 13918,132 5381,507
2,0159998 B 1395,6643 2993,3325 9074,3125 15570,861 6074,852 10374,623 S 2538,047 13258,547 8076,3667 6244,8564 13918,132 5381,507
2,0160003 B 1395,6643 2993,3325 9074,3125 15570,861 6074,852 10374,623 S 2538,047 13258,547 8076,3667 6244,8564 13918,132 5381,507
2,0160005 B 1395,6643 2993,3325 9074,3125 15570,861 6074,852 10374,623 S 2538,047 13258,547 8076,3667 6244,8564 13918,132 5381,507
2,0157874 B 1395,6643 2993,3325 9074,3125 15570,861 6074,852 10374,623 S 2538,047 13258,547 8076,3667 6244,8564 13918,132 5381,507
2,0150003 B 1395,6643 2993,3325 9074,3125 15570,861 6074,852 10374,623 S 2538,047 13258,547 8076,3667 6244,8564 13918,132 5381,507
2,015 B 1395,6643 2993,3325 9074,3125 15570,861 6074,852 10374,623 S 2538,047 13258,547 8076,3667 6244,8564 13918,132 5381,507
2,0149992 B 1395,6643 2993,3325 9074,3125 15570,861 6074,852 10374,623 S 2538,047 13258,547 8076,3667 6244,8564 13918,132 5381,507
2,0150003 B 1395,6643 2993,3325 9074,3125 15570,861 6074,852 10374,623 S 2538,047 13258,547 8076,3667 6244,8564 13918,132 5381,507
2,0149999 B 1395,6643 2993,3325 9074,3125 15570,861 6074,852 10374,623 S 2538,047 13258,547 8076,3667 6244,8564 13918,132 5381,507
2,0150003 B 1395,6643 2993,3325 9074,3125 15570,861 6074,852 10374,623 S 2538,047 13258,547 8076,3667 6244,8564 13918,132 5381,507
2,0150003 B 1395,6643 2993,3325 9074,3125 15570,861 6074,852 10374,623 S 2538,047 13258,547 8076,3667 6244,8564 13918,132 5381,507
2,0150008 B 1395,6643 2993,3325 9074,3125 15570,861 6074,852 10374,623 S 2538,047 13258,547 8076,3667 6244,8564 13918,132 5381,507
2,0136669 B 1395,6643 2993,3325 9074,3125 15570,861 6074,852 10374,623 S 2538,047 13258,547 8076,3667 6244,8564 13918,132 5381,507
2,013 B 1395,6643 2993,3325 9074,3125 15570,861 6074,852 10374,623 S 2538,047 13258,547 8076,3667 6244,8564 13918,132 5381,507
2,0130007 B 1395,6643 2993,3325 9074,3125 15570,861 6074,852 10374,623 S 2538,047 13258,547 8076,3667 6244,8564 13918,132 5381,507
2,0130002 B 1395,6643 2993,3325 9074,3125 15570,861 6074,852 10374,623 S 2538,047 13258,547 8076,3667 6244,8564 13918,132 5381,507
2,0131457 B 1395,6643 2993,3325 9074,3125 15570,861 6074,852 10374,623 S 2538,047 13258,547 8076,3667 6244,8564 13918,132 5381,507
2,0140007 B 1395,6643 2993,3325 9074,3125 15570,861 6074,852 10374,623 S 2538,047 13258,547 8076,3667 6244,8564 13918,132 5381,507
2,0140002 B 1395,6643 2993,3325 9074,3125 15570,861 6074,852 10374,623 S 2538,047 13258,547 8076,3667 6244,8564 13918,132 5381,507
2,014 B 1395,6643 2993,3325 9074,3125 15570,861 6074,852 10374,623 S 2538,047 13258,547 8076,3667 6244,8564 13918,132 5381,507
2,0147421 B 1395,6643 2993,3325 9074,3125 15570,861 6074,852 10374,623 S 2538,047 13258,547 8076,3667 6244,8564 13918,132 5381,507
2,0159998 B 1395,6643 2993,3325 9074,3125 15570,861 6074,852 10374,623 S 2538,047 13258,547 8076,3667 6244,8564 13918,132 5381,507
2,0160007 B 1395,6643 2993,3325 9074,3125 15570,861 6074,852 10374,623 S 2538,047 13258,547 8076,3667 6244,8564 13918,132 5381,507
2,0160005 B 1395,6643 2993,3325 9074,3125 15570,861 6074,852 10374,623 S 2538,047 13258,547 8076,3667 6244,8564 13918,132 5381,507
2,0153532 B 1395,6643 2993,3325 9074,3125 15570,861 6074,852 10374,623 S 2538,047 13258,547 8076,3667 6244,8564 13918,132 5381,507
2,0149996 B 1395,6643 2993,3325 9074,3125 15570,861 6074,852 10374,623 S 2538,047 13258,547 8076,3667 6244,8564 13918,132 5381,507
2,0154965 B 1395,6643 2993,3325 9074,3125 15570,861 6074,852 10374,623 S 2538,047 13258,547 8076,3667 6244,8564 13918,132 5381,507
2,016 B 1395,6643 2993,3325 9074,3125 15570,861 6074,852 10374,623 S 2538,047 13258,547 8076,3667 6244,8564 13918,132 5381,507
2,016407 B 1395,6643 2993,3325 9074,3125 15570,861 6074,852 10374,623 S 2538,047 13258,547 8076,3667 6244,8564 13918,132 5381,507
2,0188925 B 1395,6643 2993,3325 9074,3125 15570,861 6074,852 10374,623 S 2538,047 13258,547 8076,3667 6244,8564 13918,132 5381,507
2,0189998 B 1395,6643 2993,3325 9074,3125 15570,861 6074,852 10374,623 S 2538,047 13258,547 8076,3667 6244,8564 13918,132 5381,507
2,018794 B 1395,6643 2993,3325 9074,3125 15570,861 6074,852 10374,623 S 2538,047 13258,547 8076,3667 6244,8564 13918,132 5381,507
2,0178535 B 1395,6643 2993,3325 9074,3125 15570,861 6074,852 10374,623 S 2538,047 13258,547 8076,3667 6244,8564 13918,132 5381,507
2,0169997 B 1395,6643 2993,3325 9074,3125 15570,861 6074,852 10374,623 S 2538,047 13258,547 8076,3667 6244,8564 13918,132 5381,507
2,0170002 B 1395,6643 2993,3325 9074,3125 15570,861 6074,852 10374,623 S 2538,047 13258,547 8076,3667 6244,8564 13918,132 5381,507
2,0169992 B 1395,6643 2993,3325 9074,3125 15570,861 6074,852 10374,623 S 2538,047 13258,547 8076,3667 6244,8564 13918,132 5381,507
2,0169995 B 1395,6643 2993,3325 9074,3125 15570,861 6074,852 10374,623 S 2538,047 13258,547 8076,3667 6244,8564 13918,132 5381,507
2,017 B 1395,6643 2993,3325 9074,3125 15570,861 6074,852 10374,623 S 2538,047 13258,547 8076,3667 6244,8564 13918,132 5381,507
2,017 B 1395,6643 2993,3325 9074,3125 15570,861 6074,852 10374,623 S 2538,047 13258,547 8076,3667 6244,8564 13918,132 5381,507
2,0172687 B 1395,6643 2993,3325 9074,3125 15570,861 6074,852 10374,623 S 2538,047 13258,547 8076,3667 6244,8564 13918,132 5381,507
2,018001 B 1395,6643 2993,3325 9074,3125 15570,861 6074,852 10374,623 S 2538,047 13258,547 8076,3667 6244,8564 13918,132 5381,507
2,0180006 B 1395,6643 2993,3325 9074,3125 15570,861 6074,852 10374,623 S 2538,047 13258,547 8076,3667 6244,8564 13918,132 5381,507
2,0180004 B 1395,6643 2993,3325 9074,3125 15570,861 6074,852 10374,623 S 2538,047 13258,547 8076,3667 6244,8564 13918,132 5381,507
2,0180008 B 1395,6643 2993,3325 9074,3125 15570,861 6074,852 10374,623 S 2538,047 13258,547 8076,3667 6244,8564 13918,132 5381,507
2,0180001 B 1395,6643 2993,3325 9074,3125 15570,861 6074,852 10374,623 S 2538,047 13258,547 8076,3667 6244,8564 13918,132 5381,507
2,0180006 B 1395,6643 2993,3325 9074,3125 15570,861 6074,852 10374,623 S 2538,047 13258,547 8076,3667 6244,8564 13918,132 5381,507
2,0180006 B 1395,6643 2993,3325 9074,3125 15570,861 6074,852 10374,623 S 2538,047 13258,547 8076,3667 6244,8564 13918,132 5381,507
2,0180006 B 1395,6643 2993,3325 9074,3125 15570,861 6074,852 10374,623 S 2538,047 13258,547 8076,3667 6244,8564 13918,132 5381,507
2,0180004 B 1395,6643 2993,3325 9074,3125 15570,861 6074,852 10374,623 S 2538,047 13258,547 8076,3667 6244,8564 13918,132 5381,507
2,0180008 B 1395,6643 2993,3325 9074,3125 15570,861 6074,852 10374,623 S 2538,047 13258,547 8076,3667 6244,8564 13918,132 5381,507
2,0180004 B 1395,6643 2993,3325 9074,3125 15570,861 6074,852 10374,623 S 2538,047 13258,547 8076,3667 6244,8564 13918,132 5381,507
2,0180001 B 1395,6643 2993,3325 9074,3125 15570,861 6074,852 10374,623 S 2538,047 13258,547 8076,3667 6244,8564 13918,132 5381,507
2,0188606 B 1395,6643 2993,3325 9074,3125 15570,861 6074,852 10374,623 S 2538,047 13258,547 8076,3667 6244,8564 13918,132 5381,507
2,0199997 B 1395,6643 2993,3325 9074,3125 15570,861 6074,852 10374,623 S 2538,047 13258,547 8076,3667 6244,8564 13918,132 5381,507
2,0200007 B 1395,6643 2993,3325 9074,3125 15570,861 6074,852 10374,623 S 2538,047 13258,547 8076,3667 6244,8564 13918,132 5381,507
2,02 B 1395,6643 2993,3325 9074,3125 15570,861 6074,852 10374,623 S 2538,047 13258,547 8076,3667 6244,8564 13918,132 5381,507
2,0200005 B 1395,6643 2993,3325 9074,3125 15570,861 6074,852 10374,623 S 2538,047 13258,547 8076,3667 6244,8564 13918,132 5381,507
2,020001 B 1395,6643 2993,3325 9074,3125 15570,861 6074,852 10374,623 S 2538,047 13258,547 8076,3667 6244,8564 13918,132 5381,507
2,0185559 B 1395,6643 2993,3325 9074,3125 15570,861 6074,852 10374,623 S 2538,047 13258,547 8076,3667 6244,8564 13918,132 5381,507
2,0170007 B 1395,6643 2993,3325 9074,3125 15570,861 6074,852 10374,623 S 2538,047 13258,547 8076,3667 6244,8564 13918,132 5381,507
2,0170004 B 1395,6643 2993,3325 9074,3125 15570,861 6074,852 10374,623 S 2538,047 13258,547 8076,3667 6244,8564 13918,132 5381,507
2,0170007 B 1395,6643 2993,3325 9074,3125 15570,861 6074,852 10374,623 S 2538,047 13258,547 8076,3667 6244,8564 13918,132 5381,507
2,0169997 B 1395,6643 2993,3325 9074,3125 15570,861 6074,852 10374,623 S 2538,047 13258,547 8076,3667 6244,8564 13918,132 5381,507
2,0170004 B 1395,6643 2993,3325 9074,3125 15570,861 6074,852 10374,623 S 2538,047 13258,547 8076,3667 6244,8564 13918,132 5381,507
2,0169997 B 1395,6643 2993,3325 9074,3125 15570,861 6074,852 10374,623 S 2538,047 13258,547 8076,3667 6244,8564 13918,132 5381,507
2,0170002 B 1395,6643 2993,3325 9074,3125 15570,861 6074,852 10374,623 S 2538,047 13258,547 8076,3667 6244,8564 13918,132 5381,507
2,017633 B 1395,6643 2993,3325 9074,3125 15570,861 6074,852 10374,623 S 2538,047 13258,547 8076,3667 6244,8564 13918,132 5381,507
2,018 B 1395,6643 2993,3325 9074,3125 15570,861 6074,852 10374,623 S 2538,047 13258,547 8076,3667 6244,8564 13918,132 5381,507
2,0180004 B 1395,6643 2993,3325 9074,3125 15570,861 6074,852 10374,623 S 2538,047 13258,547 8076,3667 6244,8564 13918,132 5381,507
2,0180001 B 1395,6643 2993,3325 9074,3125 15570,861 6074,852 10374,623 S 2538,047 13258,547 8076,3667 6244,8564 13918,132 5381,507
2,0180006 B 1395,6643 2993,3325 9074,3125 15570,861 6074,852 10374,623 S 2538,047 13258,547 8076,3667 6244,8564 13918,132 5381,507
2,0180001 B 1395,6643 2993,3325 9074,3125 15570,861 6074,852 10374,623 S 2538,047 13258,547 8076,3667 6244,8564 13918,132 5381,507
2,0180006 B 1395,6643 2993,3325 9074,3125 15570,861 6074,852 10374,623 S 2538,047 13258,547 8076,3667 6244,8564 13918,132 5381,507
2,0180008 B 1395,6643 2993,3325 9074,3125 15570,861 6074,852 10374,623 S 2538,047 13258,547 8076,3667 6244,8564 13918,132 5381,507
2,0180004 B 1395,6643 2993,3325 9074,3125 15570,861 6074,852 10374,623 S 2538,047 13258,547 8076,3667 6244,8564 13918,132 5381,507
2,0201182 B 1395,6643 2993,3325 9074,3125 15570,861 6074,852 10374,623 S 2538,047 13258,547 8076,3667 6244,8564 13918,132 5381,507
2,021 B 1395,6643 2993,3325 9074,3125 15570,861 6074,852 10374,623 S 2538,047 13258,547 8076,3667 6244,8564 13918,132 5381,507
2,0210001 B 1395,6643 2993,3325 9074,3125 15570,861 6074,852 10374,623 S 2538,047 13258,547 8076,3667 6244,8564 13918,132 5381,507
2,0209994 B 1395,6643 2993,3325 9074,3125 15570,861 6074,852 10374,623 S 2538,047 13258,547 8076,3667 6244,8564 13918,132 5381,507
2,020576 B 1395,6643 2993,3325 9074,3125 15570,861 6074,852 10374,623 S 2538,047 13258,547 8076,3667 6244,8564 13918,132 5381,507
2,02 B 1395,6643 2993,3325 9074,3125 15570,861 6074,852 10374,623 S 2538,047 13258,547 8076,3667 6244,8564 13918,132 5381,507
2,0200007 B 1395,6643 2993,3325 9074,3125 15570,861 6074,852 10374,623 S 2538,047 13258,547 8076,3667 6244,8564 13918,132 5381,507
2,0200002 B 1395,6643 2993,3325 9074,3125 15570,861 6074,852 10374,623 S 2538,047 13258,547 8076,3667 6244,8564 13918,132 5381,507
2,0200007 B 1395,6643 2993,3325 9074,3125 15570,861 6074,852 10374,623 S 2538,047 13258,547 8076,3667 6244,8564 13918,132 5381,507
2,0209517 B 1395,6643 2993,3325 9074,3125 15570,861 6074,852 10374,623 S 2538,047 13258,547 8076,3667 6244,8564 13918,132 5381,507
2,0223205 B 1395,6643 2993,3325 9074,3125 15570,861 6074,852 10374,623 S 2538,047 13258,547 8076,3667 6244,8564 13918,132 5381,507
2,0231073 B 1395,6643 2993,3325 9074,3125 15570,861 6074,852 10374,623 S 2538,047 13258,547 8076,3667 6244,8564 13918,132 5381,507
2,0234575 B 1395,6643 2993,3325 9074,3125 15570,861 6074,852 10374,623 S 2538,047 13258,547 8076,3667 6244,8564 13918,132 5381,507
2,0240004 B 1395,6643 2993,3325 9074,3125 15570,861 6074,852 10374,623 S 2538,047 13258,547 8076,3667 6244,8564 13918,132 5381,507
2,0239995 B 1395,6643 2993,3325 9074,3125 15570,861 6074,852 10374,623 S 2538,047 13258,547 8076,3667 6244,8564 13918,132 5381,507
2,0230834 B 1395,6643 2993,3325 9074,3125 15570,861 6074,852 10374,623 S 2538,047 13258,547 8076,3667 6244,8564 13918,132 5381,507
2,0229998 B 1395,6643 2993,3325 9074,3125 15570,861 6074,852 10374,623 S 2538,047 13258,547 8076,3667 6244,8564 13918,132 5381,507
2,0224812 B 1395,6643 2993,3325 9074,3125 15570,861 6074,852 10374,623 S 2538,047 13258,547 8076,3667 6244,8564 13918,132 5381,507
2,0186636 B 1395,6643 2993,3325 9074,3125 15570,861 6074,852 10374,623 S 2538,047 13258,547 8076,3667 6244,8564 13918,132 5381,507
2,017 B 1395,6643 2993,3325 9074,3125 15570,861 6074,852 10374,623 S 2538,047 13258,547 8076,3667 6244,8564 13918,132 5381,507
2,0160959 B 1395,6643 2993,3325 9074,3125 15570,861 6074,852 10374,623 S 2538,047 13258,547 8076,3667 6244,8564 13918,132 5381,507
2,0170949 B 1395,6643 2993,3325 9074,3125 15570,861 6074,852 10374,623 S 2538,047 13258,547 8076,3667 6244,8564 13918,132 5381,507
2,0180004 B 1395,6643 2993,3325 9074,3125 15570,861 6074,852 10374,623 S 2538,047 13258,547 8076,3667 6244,8564 13918,132 5381,507
2,0180001 B 1395,6643 2993,3325 9074,3125 15570,861 6074,852 10374,623 S 2538,047 13258,547 8076,3667 6244,8564 13918,132 5381,507
2,016287 B 1395,6643 2993,3325 9074,3125 15570,861 6074,852 10374,623 S 2538,047 13258,547 8076,3667 6244,8564 13918,132 5381,507
2,016 B 1395,6643 2993,3325 9074,3125 15570,861 6074,852 10374,623 S 2538,047 13258,547 8076,3667 6244,8564 13918,132 5381,507
2,0160003 B 1395,6643 2993,3325 9074,3125 15570,861 6074,852 10374,623 S 2538,047 13258,547 8076,3667 6244,8564 13918,132 5381,507
2,0160007 B 1395,6643 2993,3325 9074,3125 15570,861 6074,852 10374,623 S 2538,047 13258,547 8076,3667 6244,8564 13918,132 5381,507
2,0160003 B 1395,6643 2993,3325 9074,3125 15570,861 6074,852 10374,623 S 2538,047 13258,547 8076,3667 6244,8564 13918,132 5381,507
2,0161297 B 1395,6643 2993,3325 9074,3125 15570,861 6074,852 10374,623 S 2538,047 13258,547 8076,3667 6244,8564 13918,132 5381,507
2,0170004 B 1395,6643 2993,3325 9074,3125 15570,861 6074,852 10374,623 S 2538,047 13258,547 8076,3667 6244,8564 13918,132 5381,507
2,01681 B 1395,6643 2993,3325 9074,3125 15570,861 6074,852 10374,623 S 2538,047 13258,547 8076,3667 6244,8564 13918,132 5381,507
2,0162857 B 1395,6643 2993,3325 9074,3125 15570,861 6074,852 10374,623 S 2538,047 13258,547 8076,3667 6244,8564 13918,132 5381,507
2,0169995 B 1395,6643 2993,3325 9074,3125 15570,861 6074,852 10374,623 S 2538,047 13258,547 8076,3667 6244,8564 13918,132 5381,507
2,017 B 1395,6643 2993,3325 9074,3125 15570,861 6074,852 10374,623 S 2538,047 13258,547 8076,3667 6244,8564 13918,132 5381,507
2,017 B 1395,6643 2993,3325 9074,3125 15570,861 6074,852 10374,623 S 2538,047 13258,547 8076,3667 6244,8564 13918,132 5381,507
2,017 B 1395,6643 2993,3325 9074,3125 15570,861 6074,852 10374,623 S 2538,047 13258,547 8076,3667 6244,8564 13918,132 5381,507
2,0170004 B 1395,6643 2993,3325 9074,3125 15570,861 6074,852 10374,623 S 2538,047 13258,547 8076,3667 6244,8564 13918,132 5381,507
2,0170007 B 1395,6643 2993,3325 9074,3125 15570,861 6074,852 10374,623 S 2538,047 13258,547 8076,3667 6244,8564 13918,132 5381,507
2,0165586 B 1395,6643 2993,3325 9074,3125 15570,861 6074,852 10374,623 S 2538,047 13258,547 8076,3667 6244,8564 13918,132 5381,507
2,0160003 B 1395,6643 2993,3325 9074,3125 15570,861 6074,852 10374,623 S 2538,047 13258,547 8076,3667 6244,8564 13918,132 5381,507
2,0159996 B 1395,6643 2993,3325 9074,3125 15570,861 6074,852 10374,623 S 2538,047 13258,547 8076,3667 6244,8564 13918,132 5381,507
2,016 B 1395,6643 2993,3325 9074,3125 15570,861 6074,852 10374,623 S 2538,047 13258,547 8076,3667 6244,8564 13918,132 5381,507
2,016 B 1395,6643 2993,3325 9074,3125 15570,861 6074,852 10374,623 S 2538,047 13258,547 8076,3667 6244,8564 13918,132 5381,507
2,0160003 B 1395,6643 2993,3325 9074,3125 15570,861 6074,852 10374,623 S 2538,047 13258,547 8076,3667 6244,8564 13918,132 5381,507
2,0160003 B 1395,6643 2993,3325 9074,3125 15570,861 6074,852 10374,623 S 2538,047 13258,547 8076,3667 6244,8564 13918,132 5381,507
2,0160007 B 1395,6643 2993,3325 9074,3125 15570,861 6074,852 10374,623 S 2538,047 13258,547 8076,3667 6244,8564 13918,132 5381,507
2,0160003 B 1395,6643 2993,3325 9074,3125 15570,861 6074,852 10374,623 S 2538,047 13258,547 8076,3667 6244,8564 13918,132 5381,507
2,0160005 B 1395,6643 2993,3325 9074,3125 15570,861 6074,852 10374,623 S 2538,047 13258,547 8076,3667 6244,8564 13918,132 5381,507
2,016 B 1395,6643 2993,3325 9074,3125 15570,861 6074,852 10374,623 S 2538,047 13258,547 8076,3667 6244,8564 13918,132 5381,507
2,016519 B 1395,6643 2993,3325 9074,3125 15570,861 6074,852 10374,623 S 2538,047 13258,547 8076,3667 6244,8564 13918,132 5381,507
2,0169997 B 1395,6643 2993,3325 9074,3125 15570,861 6074,852 10374,623 S 2538,047 13258,547 8076,3667 6244,8564 13918,132 5381,507
2,017 B 1395,6643 2993,3325 9074,3125 15570,861 6074,852 10374,623 S 2538,047 13258,547 8076,3667 6244,8564 13918,132 5381,507
2,0169995 B 1395,6643 2993,3325 9074,3125 15570,861 6074,852 10374,623 S 2538,047 13258,547 8076,3667 6244,8564 13918,132 5381,507
2,0169995 B 1395,6643 2993,3325 9074,3125 15570,861 6074,852 10374,623 S 2538,047 13258,547 8076,3667 6244,8564 13918,132 5381,507
2,0169995 B 1395,6643 2993,3325 9074,3125 15570,861 6074,852 10374,623 S 2538,047 13258,547 8076,3667 6244,8564 13918,132 5381,507
2,0169997 B 1395,6643 2993,3325 9074,3125 15570,861 6074,852 10374,623 S 2538,047 13258,547 8076,3667 6244,8564 13918,132 5381,507
2,017 B 1395,6643 2993,3325 9074,3125 15570,861 6074,852 10374,623 S 2538,047 13258,547 8076,3667 6244,8564 13918,132 5381,507
2,017 B 1395,6643 2993,3325 9074,3125 15570,861 6074,852 10374,623 S 2538,047 13258,547 8076,3667 6244,8564 13918,132 5381,507
2,017 B 1395,6643 2993,3325 9074,3125 15570,861 6074,852 10374,623 S 2538,047 13258,547 8076,3667 6244,8564 13918,132 5381,507
2,017 B 1395,6643 2993,3325 9074,3125 15570,861 6074,852 10374,623 S 2538,047 13258,547 8076,3667 6244,8564 13918,132 5381,507
2,017 B 1395,6643 2993,3325 9074,3125 15570,861 6074,852 10374,623 S 2538,047 13258,547 8076,3667 6244,8564 13918,132 5381,507
2,0169997 B 1395,6643 2993,3325 9074,3125 15570,861 6074,852 10374,623 S 2538,047 13258,547 8076,3667 6244,8564 13918,132 5381,507
2,0170004 B 1395,6643 2993,3325 9074,3125 15570,861 6074,852 10374,623 S 2538,047 13258,547 8076,3667 6244,8564 13918,132 5381,507
2,016866 B 1395,6643 2993,3325 9074,3125 15570,861 6074,852 10374,623 S 2538,047 13258,547 8076,3667 6244,8564 13918,132 5381,507
2,0159998 B 1395,6643 2993,3325 9074,3125 15570,861 6074,852 10374,623 S 2538,047 13258,547 8076,3667 6244,8564 13918,132 5381,507
2,0160005 B 1395,6643 2993,3325 9074,3125 15570,861 6074,852 10374,623 S 2538,047 13258,547 8076,3667 6244,8564 13918,132 5381,507
2,0160003 B 1395,6643 2993,3325 9074,3125 15570,861 6074,852 10374,623 S 2538,047 13258,547 8076,3667 6244,8564 13918,132 5381,507
2,0160003 B 1395,6643 2993,3325 9074,3125 15570,861 6074,852 10374,623 S 2538,047 13258,547 8076,3667 6244,8564 13918,132 5381,507
2,016 B 1395,6643 2993,3325 9074,3125 15570,861 6074,852 10374,623 S 2538,047 13258,547 8076,3667 6244,8564 13918,132 5381,507
2,0160003 B 1395,6643 2993,3325 9074,3125 15570,861 6074,852 10374,623 S 2538,047 13258,547 8076,3667 6244,8564 13918,132 5381,507
2,0160003 B 1395,6643 2993,3325 9074,3125 15570,861 6074,852 10374,623 S 2538,047 13258,547 8076,3667 6244,8564 13918,132 5381,507
2,0163214 B 1395,6643 2993,3325 9074,3125 15570,861 6074,852 10374,623 S 2538,047 13258,547 8076,3667 6244,8564 13918,132 5381,507
2,018 B 1395,6643 2993,3325 9074,3125 15570,861 6074,852 10374,623 S 2538,047 13258,547 8076,3667 6244,8564 13918,132 5381,507
2,0180004 B 1395,6643 2993,3325 9074,3125 15570,861 6074,852 10374,623 S 2538,047 13258,547 8076,3667 6244,8564 13918,132 5381,507
2,0180006 B 1395,6643 2993,3325 9074,3125 15570,861 6074,852 10374,623 S 2538,047 13258,547 8076,3667 6244,8564 13918,132 5381,507
2,0180001 B 1395,6643 2993,3325 9074,3125 15570,861 6074,852 10374,623 S 2538,047 13258,547 8076,3667 6244,8564 13918,132 5381,507
2,0180006 B 1395,6643 2993,3325 9074,3125 15570,861 6074,852 10374,623 S 2538,047 13258,547 8076,3667 6244,8564 13918,132 5381,507
2,0180001 B 1395,6643 2993,3325 9074,3125 15570,861 6074,852 10374,623 S 2538,047 13258,547 8076,3667 6244,8564 13918,132 5381,507
2,018225 B 1395,6643 2993,3325 9074,3125 15570,861 6074,852 10374,623 S 2538,047 13258,547 8076,3667 6244,8564 13918,132 5381,507
2,019 B 1395,6643 2993,3325 9074,3125 15570,861 6074,852 10374,623 S 2538,047 13258,547 8076,3667 6244,8564 13918,132 5381,507
2,0184968 B 1395,6643 2993,3325 9074,3125 15570,861 6074,852 10374,623 S 2538,047 13258,547 8076,3667 6244,8564 13918,132 5381,507
2,018844 B 1395,6643 2993,3325 9074,3125 15570,861 6074,852 10374,623 S 2538,047 13258,547 8076,3667 6244,8564 13918,132 5381,507
2,02 B 1395,6643 2993,3325 9074,3125 15570,861 6074,852 10374,623 S 2538,047 13258,547 8076,3667 6244,8564 13918,132 5381,507
2,0199995 B 1395,6643 2993,3325 9074,3125 15570,861 6074,852 10374,623 S 2538,047 13258,547 8076,3667 6244,8564 13918,132 5381,507
2,02 B 1395,6643 2993,3325 9074,3125 15570,861 6074,852 10374,623 S 2538,047 13258,547 8076,3667 6244,8564 13918,132 5381,507
2,0200002 B 1395,6643 2993,3325 9074,3125 15570,861 6074,852 10374,623 S 2538,047 13258,547 8076,3667 6244,8564 13918,132 5381,507
2,02 B 1395,6643 2993,3325 9074,3125 15570,861 6074,852 10374,623 S 2538,047 13258,547 8076,3667 6244,8564 13918,132 5381,507
2,0200002 B 1395,6643 2993,3325 9074,3125 15570,861 6074,852 10374,623 S 2538,047 13258,547 8076,3667 6244,8564 13918,132 5381,507
2,0200005 B 1395,6643 2993,3325 9074,3125 15570,861 6074,852 10374,623 S 2538,047 13258,547 8076,3667 6244,8564 13918,132 5381,507
2,017203 B 1395,6643 2993,3325 9074,3125 15570,861 6074,852 10374,623 S 2538,047 13258,547 8076,3667 6244,8564 13918,132 5381,507
2,0170007 B 1395,6643 2993,3325 9074,3125 15570,861 6074,852 10374,623 S 2538,047 13258,547 8076,3667 6244,8564 13918,132 5381,507
2,0167997 B 1395,6643 2993,3325 9074,3125 15570,861 6074,852 10374,623 S 2538,047 13258,547 8076,3667 6244,8564 13918,132 5381,507
2,0160003 B 1395,6643 2993,3325 9074,3125 15570,861 6074,852 10374,623 S 2538,047 13258,547 8076,3667 6244,8564 13918,132 5381,507
2,0160005 B 1395,6643 2993,3325 9074,3125 15570,861 6074,852 10374,623 S 2538,047 13258,547 8076,3667 6244,8564 13918,132 5381,507
2,0160003 B 1395,6643 2993,3325 9074,3125 15570,861 6074,852 10374,623 S 2538,047 13258,547 8076,3667 6244,8564 13918,132 5381,507
2,016001 B 1395,6643 2993,3325 9074,3125 15570,861 6074,852 10374,623 S 2538,047 13258,547 8076,3667 6244,8564 13918,132 5381,507
2,0160005 B 1395,6643 2993,3325 9074,3125 15570,861 6074,852 10374,623 S 2538,047 13258,547 8076,3667 6244,8564 13918,132 5381,507
2,0160005 B 1395,6643 2993,3325 9074,3125 15570,861 6074,852 10374,623 S 2538,047 13258,547 8076,3667 6244,8564 13918,132 5381,507
2,0160005 B 1395,6643 2993,3325 9074,3125 15570,861 6074,852 10374,623 S 2538,047 13258,547 8076,3667 6244,8564 13918,132 5381,507
2,0160005 B 1395,6643 2993,3325 9074,3125 15570,861 6074,852 10374,623 S 2538,047 13258,547 8076,3667 6244,8564 13918,132 5381,507
2,0160005 B 1395,6643 2993,3325 9074,3125 15570,861 6074,852 10374,623 S 2538,047 13258,547 8076,3667 6244,8564 13918,132 5381,507
2,0165985 B 1395,6643 2993,3325 9074,3125 15570,861 6074,852 10374,623 S 2538,047 13258,547 8076,3667 6244,8564 13918,132 5381,507
2,019 B 1395,6643 2993,3325 9074,3125 15570,861 6074,852 10374,623 S 2538,047 13258,547 8076,3667 6244,8564 13918,132 5381,507
2,019 B 1395,6643 2993,3325 9074,3125 15570,861 6074,852 10374,623 S 2538,047 13258,547 8076,3667 6244,8564 13918,132 5381,507
2,019 B 1395,6643 2993,3325 9074,3125 15570,861 6074,852 10374,623 S 2538,047 13258,547 8076,3667 6244,8564 13918,132 5381,507
2,019 B 1395,6643 2993,3325 9074,3125 15570,861 6074,852 10374,623 S 2538,047 13258,547 8076,3667 6244,8564 13918,132 5381,507
2,0176766 B 1395,6643 2993,3325 9074,3125 15570,861 6074,852 10374,623 S 2538,047 13258,547 8076,3667 6244,8564 13918,132 5381,507
2,016 B 1395,6643 2993,3325 9074,3125 15570,861 6074,852 10374,623 S 2538,047 13258,547 8076,3667 6244,8564 13918,132 5381,507
2,0160005 B 1395,6643 2993,3325 9074,3125 15570,861 6074,852 10374,623 S 2538,047 13258,547 8076,3667 6244,8564 13918,132 5381,507
2,0156 B 1395,6643 2993,3325 9074,3125 15570,861 6074,852 10374,623 S 2538,047 13258,547 8076,3667 6244,8564 13918,132 5381,507
2,015 B 1395,6643 2993,3325 9074,3125 15570,861 6074,852 10374,623 S 2538,047 13258,547 8076,3667 6244,8564 13918,132 5381,507
2,0150003 B 1395,6643 2993,3325 9074,3125 15570,861 6074,852 10374,623 S 2538,047 13258,547 8076,3667 6244,8564 13918,132 5381,507
2,015 B 1395,6643 2993,3325 9074,3125 15570,861 6074,852 10374,623 S 2538,047 13258,547 8076,3667 6244,8564 13918,132 5381,507
2,015 B 1395,6643 2993,3325 9074,3125 15570,861 6074,852 10374,623 S 2538,047 13258,547 8076,3667 6244,8564 13918,132 5381,507
