1,9966607
1,9970001 B 2809,719 11755,809 15433,482 13848,607 12777,439 1991,5787 S 2118,2854 2975,1743 14134,458 11856,04 7828,032 14181,824
1,9970008 B 2809,719 11755,809 15433,482 13848,607 12777,439 1991,5787 S 2118,2854 2975,1743 14134,458 11856,04 7828,032 14181,824
1,9970009 B 2809,719 11755,809 15433,482 13848,607 12777,439 1991,5787 S 2118,2854 2975,1743 14134,458 11856,04 7828,032 14181,824
1,9970008 B 2809,719 11755,809 15433,482 13848,607 12777,439 1991,5787 S 2118,2854 2975,1743 14134,458 11856,04 7828,032 14181,824
1,9970002 B 2809,719 11755,809 15433,482 13848,607 12777,439 1991,5787 S 2118,2854 2975,1743 14134,458 11856,04 7828,032 14181,824
1,9970012 B 2809,719 11755,809 15433,482 13848,607 12777,439 1991,5787 S 2118,2854 2975,1743 14134,458 11856,04 7828,032 14181,824
1,9970001 B 2809,719 11755,809 15433,482 13848,607 12777,439 1991,5787 S 2118,2854 2975,1743 14134,458 11856,04 7828,032 14181,824
1,9970003 B 2809,719 11755,809 15433,482 13848,607 12777,439 1991,5787 S 2118,2854 2975,1743 14134,458 11856,04 7828,032 14181,824
1,9970009 B 2809,719 11755,809 15433,482 13848,607 12777,439 1991,5787 S 2118,2854 2975,1743 14134,458 11856,04 7828,032 14181,824
1,9970009 B 2809,719 11755,809 15433,482 13848,607 12777,439 1991,5787 S 2118,2854 2975,1743 14134,458 11856,04 7828,032 14181,824
1,9970006 B 2809,719 11755,809 15433,482 13848,607 12777,439 1991,5787 S 2118,2854 2975,1743 14134,458 11856,04 7828,032 14181,824
1,9970009 B 2809,719 11755,809 15433,482 13848,607 12777,439 1991,5787 S 2118,2854 2975,1743 14134,458 11856,04 7828,032 14181,824
1,9970009 B 2809,719 11755,809 15433,482 13848,607 12777,439 1991,5787 S 2118,2854 2975,1743 14134,458 11856,04 7828,032 14181,824
1,9970006 B 2809,719 11755,809 15433,482 13848,607 12777,439 1991,5787 S 2118,2854 2975,1743 14134,458 11856,04 7828,032 14181,824
1,997 B 2809,719 11755,809 15433,482 13848,607 12777,439 1991,5787 S 2118,2854 2975,1743 14134,458 11856,04 7828,032 14181,824
1,9985473 B 2809,719 11755,809 15433,482 13848,607 12777,439 1991,5787 S 2118,2854 2975,1743 14134,458 11856,04 7828,032 14181,824
2 B 2809,719 11755,809 15433,482 13848,607 12777,439 1991,5787 S 2118,2854 2975,1743 14134,458 11856,04 7828,032 14181,824
2 B 2809,719 11755,809 15433,482 13848,607 12777,439 1991,5787 S 2118,2854 2975,1743 14134,458 11856,04 7828,032 14181,824
2,000907 B 2809,719 11755,809 15433,482 13848,607 12777,439 1991,5787 S 2118,2854 2975,1743 14134,458 11856,04 7828,032 14181,824
2,001 B 2809,719 11755,809 15433,482 13848,607 12777,439 1991,5787 S 2118,2854 2975,1743 14134,458 11856,04 7828,032 14181,824
2,0010002 B 2809,719 11755,809 15433,482 13848,607 12777,439 1991,5787 S 2118,2854 2975,1743 14134,458 11856,04 7828,032 14181,824
2,0009997 B 2809,719 11755,809 15433,482 13848,607 12777,439 1991,5787 S 2118,2854 2975,1743 14134,458 11856,04 7828,032 14181,824
2,0010004 B 2809,719 11755,809 15433,482 13848,607 12777,439 1991,5787 S 2118,2854 2975,1743 14134,458 11856,04 7828,032 14181,824
2,0009997 B 2809,719 11755,809 15433,482 13848,607 12777,439 1991,5787 S 2118,2854 2975,1743 14134,458 11856,04 7828,032 14181,824
2,0010002 B 2809,719 11755,809 15433,482 13848,607 12777,439 1991,5787 S 2118,2854 2975,1743 14134,458 11856,04 7828,032 14181,824
2,0009997 B 2809,719 11755,809 15433,482 13848,607 12777,439 1991,5787 S 2118,2854 2975,1743 14134,458 11856,04 7828,032 14181,824
2,001 B 2809,719 11755,809 15433,482 13848,607 12777,439 1991,5787 S 2118,2854 2975,1743 14134,458 11856,04 7828,032 14181,824
2,001 B 2809,719 11755,809 15433,482 13848,607 12777,439 1991,5787 S 2118,2854 2975,1743 14134,458 11856,04 7828,032 14181,824
2,0009997 B 2809,719 11755,809 15433,482 13848,607 12777,439 1991,5787 S 2118,2854 2975,1743 14134,458 11856,04 7828,032 14181,824
2,0009997 B 2809,719 11755,809 15433,482 13848,607 12777,439 1991,5787 S 2118,2854 2975,1743 14134,458 11856,04 7828,032 14181,824
2,0010002 B 2809,719 11755,809 15433,482 13848,607 12777,439 1991,5787 S 2118,2854 2975,1743 14134,458 11856,04 7828,032 14181,824
2,0010002 B 2809,719 11755,809 15433,482 13848,607 12777,439 1991,5787 S 2118,2854 2975,1743 14134,458 11856,04 7828,032 14181,824
2,001 B 2809,719 11755,809 15433,482 13848,607 12777,439 1991,5787 S 2118,2854 2975,1743 14134,458 11856,04 7828,032 14181,824
2,001 B 2809,719 11755,809 15433,482 13848,607 12777,439 1991,5787 S 2118,2854 2975,1743 14134,458 11856,04 7828,032 14181,824
2,0019333 B 2809,719 11755,809 15433,482 13848,607 12777,439 1991,5787 S 2118,2854 2975,1743 14134,458 11856,04 7828,032 14181,824
2,003 B 2809,719 11755,809 15433,482 13848,607 12777,439 1991,5787 S 2118,2854 2975,1743 14134,458 11856,04 7828,032 14181,824
2,0030003 B 2809,719 11755,809 15433,482 13848,607 12777,439 1991,5787 S 2118,2854 2975,1743 14134,458 11856,04 7828,032 14181,824
2,0029998 B 2809,719 11755,809 15433,482 13848,607 12777,439 1991,5787 S 2118,2854 2975,1743 14134,458 11856,04 7828,032 14181,824
2,0029998 B 2809,719 11755,809 15433,482 13848,607 12777,439 1991,5787 S 2118,2854 2975,1743 14134,458 11856,04 7828,032 14181,824
2,0029998 B 2809,719 11755,809 15433,482 13848,607 12777,439 1991,5787 S 2118,2854 2975,1743 14134,458 11856,04 7828,032 14181,824
2,0030005 B 2809,719 11755,809 15433,482 13848,607 12777,439 1991,5787 S 2118,2854 2975,1743 14134,458 11856,04 7828,032 14181,824
2,0030003 B 2809,719 11755,809 15433,482 13848,607 12777,439 1991,5787 S 2118,2854 2975,1743 14134,458 11856,04 7828,032 14181,824
2,003 B 2809,719 11755,809 15433,482 13848,607 12777,439 1991,5787 S 2118,2854 2975,1743 14134,458 11856,04 7828,032 14181,824
2,0030005 B 2809,719 11755,809 15433,482 13848,607 12777,439 1991,5787 S 2118,2854 2975,1743 14134,458 11856,04 7828,032 14181,824
2,003 B 2809,719 11755,809 15433,482 13848,607 12777,439 1991,5787 S 2118,2854 2975,1743 14134,458 11856,04 7828,032 14181,824
2,0029998 B 2809,719 11755,809 15433,482 13848,607 12777,439 1991,5787 S 2118,2854 2975,1743 14134,458 11856,04 7828,032 14181,824
2,0029995 B 2809,719 11755,809 15433,482 13848,607 12777,439 1991,5787 S 2118,2854 2975,1743 14134,458 11856,04 7828,032 14181,824
2,0029998 B 2809,719 11755,809 15433,482 13848,607 12777,439 1991,5787 S 2118,2854 2975,1743 14134,458 11856,04 7828,032 14181,824
2,0030005 B 2809,719 11755,809 15433,482 13848,607 12777,439 1991,5787 S 2118,2854 2975,1743 14134,458 11856,04 7828,032 14181,824
2,0018876 B 2809,719 11755,809 15433,482 13848,607 12777,439 1991,5787 S 2118,2854 2975,1743 14134,458 11856,04 7828,032 14181,824
2 B 2809,719 11755,809 15433,482 13848,607 12777,439 1991,5787 S 2118,2854 2975,1743 14134,458 11856,04 7828,032 14181,824
2 B 2809,719 11755,809 15433,482 13848,607 12777,439 1991,5787 S 2118,2854 2975,1743 14134,458 11856,04 7828,032 14181,824
1,999403 B 2809,719 11755,809 15433,482 13848,607 12777,439 1991,5787 S 2118,2854 2975,1743 14134,458 11856,04 7828,032 14181,824
1,9990004 B 2809,719 11755,809 15433,482 13848,607 12777,439 1991,5787 S 2118,2854 2975,1743 14134,458 11856,04 7828,032 14181,824
1,9992107 B 2809,719 11755,809 15433,482 13848,607 12777,439 1991,5787 S 2118,2854 2975,1743 14134,458 11856,04 7828,032 14181,824
2 B 2809,719 11755,809 15433,482 13848,607 12777,439 1991,5787 S 2118,2854 2975,1743 14134,458 11856,04 7828,032 14181,824
2 B 2809,719 11755,809 15433,482 13848,607 12777,439 1991,5787 S 2118,2854 2975,1743 14134,458 11856,04 7828,032 14181,824
2 B 2809,719 11755,809 15433,482 13848,607 12777,439 1991,5787 S 2118,2854 2975,1743 14134,458 11856,04 7828,032 14181,824
2 B 2809,719 11755,809 15433,482 13848,607 12777,439 1991,5787 S 2118,2854 2975,1743 14134,458 11856,04 7828,032 14181,824
2 B 2809,719 11755,809 15433,482 13848,607 12777,439 1991,5787 S 2118,2854 2975,1743 14134,458 11856,04 7828,032 14181,824
2 B 2809,719 11755,809 15433,482 13848,607 12777,439 1991,5787 S 2118,2854 2975,1743 14134,458 11856,04 7828,032 14181,824
2 B 2809,719 11755,809 15433,482 13848,607 12777,439 1991,5787 S 2118,2854 2975,1743 14134,458 11856,04 7828,032 14181,824
2 B 2809,719 11755,809 15433,482 13848,607 12777,439 1991,5787 S 2118,2854 2975,1743 14134,458 11856,04 7828,032 14181,824
2 B 2809,719 11755,809 15433,482 13848,607 12777,439 1991,5787 S 2118,2854 2975,1743 14134,458 11856,04 7828,032 14181,824
2 B 2809,719 11755,809 15433,482 13848,607 12777,439 1991,5787 S 2118,2854 2975,1743 14134,458 11856,04 7828,032 14181,824
2 B 2809,719 11755,809 15433,482 13848,607 12777,439 1991,5787 S 2118,2854 2975,1743 14134,458 11856,04 7828,032 14181,824
2 B 2809,719 11755,809 15433,482 13848,607 12777,439 1991,5787 S 2118,2854 2975,1743 14134,458 11856,04 7828,032 14181,824
2 B 2809,719 11755,809 15433,482 13848,607 12777,439 1991,5787 S 2118,2854 2975,1743 14134,458 11856,04 7828,032 14181,824
2 B 2809,719 11755,809 15433,482 13848,607 12777,439 1991,5787 S 2118,2854 2975,1743 14134,458 11856,04 7828,032 14181,824
2 B 2809,719 11755,809 15433,482 13848,607 12777,439 1991,5787 S 2118,2854 2975,1743 14134,458 11856,04 7828,032 14181,824
2 B 2809,719 11755,809 15433,482 13848,607 12777,439 1991,5787 S 2118,2854 2975,1743 14134,458 11856,04 7828,032 14181,824
2 B 2809,719 11755,809 15433,482 13848,607 12777,439 1991,5787 S 2118,2854 2975,1743 14134,458 11856,04 7828,032 14181,824
2 B 2809,719 11755,809 15433,482 13848,607 12777,439 1991,5787 S 2118,2854 2975,1743 14134,458 11856,04 7828,032 14181,824
2 B 2809,719 11755,809 15433,482 13848,607 12777,439 1991,5787 S 2118,2854 2975,1743 14134,458 11856,04 7828,032 14181,824
2 B 2809,719 11755,809 15433,482 13848,607 12777,439 1991,5787 S 2118,2854 2975,1743 14134,458 11856,04 7828,032 14181,824
2 B 2809,719 11755,809 15433,482 13848,607 12777,439 1991,5787 S 2118,2854 2975,1743 14134,458 11856,04 7828,032 14181,824
2 B 2809,719 11755,809 15433,482 13848,607 12777,439 1991,5787 S 2118,2854 2975,1743 14134,458 11856,04 7828,032 14181,824
2 B 2809,719 11755,809 15433,482 13848,607 12777,439 1991,5787 S 2118,2854 2975,1743 14134,458 11856,04 7828,032 14181,824
1,9995989 B 2809,719 11755,809 15433,482 13848,607 12777,439 1991,5787 S 2118,2854 2975,1743 14134,458 11856,04 7828,032 14181,824
1,9990001 B 2809,719 11755,809 15433,482 13848,607 12777,439 1991,5787 S 2118,2854 2975,1743 14134,458 11856,04 7828,032 14181,824
1,9990002 B 2809,719 11755,809 15433,482 13848,607 12777,439 1991,5787 S 2118,2854 2975,1743 14134,458 11856,04 7828,032 14181,824
1,999 B 2809,719 11755,809 15433,482 13848,607 12777,439 1991,5787 S 2118,2854 2975,1743 14134,458 11856,04 7828,032 14181,824
1,9990005 B 2809,719 11755,809 15433,482 13848,607 12777,439 1991,5787 S 2118,2854 2975,1743 14134,458 11856,04 7828,032 14181,824
1,999 B 2809,719 11755,809 15433,482 13848,607 12777,439 1991,5787 S 2118,2854 2975,1743 14134,458 11856,04 7828,032 14181,824
1,999 B 2809,719 11755,809 15433,482 13848,607 12777,439 1991,5787 S 2118,2854 2975,1743 14134,458 11856,04 7828,032 14181,824
1,999 B 2809,719 11755,809 15433,482 13848,607 12777,439 1991,5787 S 2118,2854 2975,1743 14134,458 11856,04 7828,032 14181,824
1,9990003 B 2809,719 11755,809 15433,482 13848,607 12777,439 1991,5787 S 2118,2854 2975,1743 14134,458 11856,04 7828,032 14181,824
1,9990003 B 2809,719 11755,809 15433,482 13848,607 12777,439 1991,5787 S 2118,2854 2975,1743 14134,458 11856,04 7828,032 14181,824
1,9990004 B 2809,719 11755,809 15433,482 13848,607 12777,439 1991,5787 S 2118,2854 2975,1743 14134,458 11856,04 7828,032 14181,824
1,9990003 B 2809,719 11755,809 15433,482 13848,607 12777,439 1991,5787 S 2118,2854 2975,1743 14134,458 11856,04 7828,032 14181,824
1,9978777 B 2809,719 11755,809 15433,482 13848,607 12777,439 1991,5787 S 2118,2854 2975,1743 14134,458 11856,04 7828,032 14181,824
1,9970006 B 2809,719 11755,809 15433,482 13848,607 12777,439 1991,5787 S 2118,2854 2975,1743 14134,458 11856,04 7828,032 14181,824
1,9969999 B 2809,719 11755,809 15433,482 13848,607 12777,439 1991,5787 S 2118,2854 2975,1743 14134,458 11856,04 7828,032 14181,824
1,997 B 2809,719 11755,809 15433,482 13848,607 12777,439 1991,5787 S 2118,2854 2975,1743 14134,458 11856,04 7828,032 14181,824
1,997001 B 2809,719 11755,809 15433,482 13848,607 12777,439 1991,5787 S 2118,2854 2975,1743 14134,458 11856,04 7828,032 14181,824
1,9970005 B 2809,719 11755,809 15433,482 13848,607 12777,439 1991,5787 S 2118,2854 2975,1743 14134,458 11856,04 7828,032 14181,824
1,9970008 B 2809,719 11755,809 15433,482 13848,607 12777,439 1991,5787 S 2118,2854 2975,1743 14134,458 11856,04 7828,032 14181,824
1,9970005 B 2809,719 11755,809 15433,482 13848,607 12777,439 1991,5787 S 2118,2854 2975,1743 14134,458 11856,04 7828,032 14181,824
1,9970001 B 2809,719 11755,809 15433,482 13848,607 12777,439 1991,5787 S 2118,2854 2975,1743 14134,458 11856,04 7828,032 14181,824
1,9970001 B 2809,719 11755,809 15433,482 13848,607 12777,439 1991,5787 S 2118,2854 2975,1743 14134,458 11856,04 7828,032 14181,824
1,9970003 B 2809,719 11755,809 15433,482 13848,607 12777,439 1991,5787 S 2118,2854 2975,1743 14134,458 11856,04 7828,032 14181,824
1,9970008 B 2809,719 11755,809 15433,482 13848,607 12777,439 1991,5787 S 2118,2854 2975,1743 14134,458 11856,04 7828,032 14181,824
1,9970006 B 2809,719 11755,809 15433,482 13848,607 12777,439 1991,5787 S 2118,2854 2975,1743 14134,458 11856,04 7828,032 14181,824
1,9970003 B 2809,719 11755,809 15433,482 13848,607 12777,439 1991,5787 S 2118,2854 2975,1743 14134,458 11856,04 7828,032 14181,824
1,997001 B 2809,719 11755,809 15433,482 13848,607 12777,439 1991,5787 S 2118,2854 2975,1743 14134,458 11856,04 7828,032 14181,824
1,9970002 B 2809,719 11755,809 15433,482 13848,607 12777,439 1991,5787 S 2118,2854 2975,1743 14134,458 11856,04 7828,032 14181,824
1,9970012 B 2809,719 11755,809 15433,482 13848,607 12777,439 1991,5787 S 2118,2854 2975,1743 14134,458 11856,04 7828,032 14181,824
1,997 B 2809,719 11755,809 15433,482 13848,607 12777,439 1991,5787 S 2118,2854 2975,1743 14134,458 11856,04 7828,032 14181,824
1,9970008 B 2809,719 11755,809 15433,482 13848,607 12777,439 1991,5787 S 2118,2854 2975,1743 14134,458 11856,04 7828,032 14181,824
1,9967355 B 2809,719 11755,809 15433,482 13848,607 12777,439 1991,5787 S 2118,2854 2975,1743 14134,458 11856,04 7828,032 14181,824
1,995407 B 2809,719 11755,809 15433,482 13848,607 12777,439 1991,5787 S 2118,2854 2975,1743 14134,458 11856,04 7828,032 14181,824
1,9950007 B 2809,719 11755,809 15433,482 13848,607 12777,439 1991,5787 S 2118,2854 2975,1743 14134,458 11856,04 7828,032 14181,824
1,9950004 B 2809,719 11755,809 15433,482 13848,607 12777,439 1991,5787 S 2118,2854 2975,1743 14134,458 11856,04 7828,032 14181,824
1,9950005 B 2809,719 11755,809 15433,482 13848,607 12777,439 1991,5787 S 2118,2854 2975,1743 14134,458 11856,04 7828,032 14181,824
1,995 B 2809,719 11755,809 15433,482 13848,607 12777,439 1991,5787 S 2118,2854 2975,1743 14134,458 11856,04 7828,032 14181,824
1,9950006 B 2809,719 11755,809 15433,482 13848,607 12777,439 1991,5787 S 2118,2854 2975,1743 14134,458 11856,04 7828,032 14181,824
1,9950002 B 2809,719 11755,809 15433,482 13848,607 12777,439 1991,5787 S 2118,2854 2975,1743 14134,458 11856,04 7828,032 14181,824
1,9946269 B 2809,719 11755,809 15433,482 13848,607 12777,439 1991,5787 S 2118,2854 2975,1743 14134,458 11856,04 7828,032 14181,824
1,9936856 B 2809,719 11755,809 15433,482 13848,607 12777,439 1991,5787 S 2118,2854 2975,1743 14134,458 11856,04 7828,032 14181,824
1,9929999 B 2809,719 11755,809 15433,482 13848,607 12777,439 1991,5787 S 2118,2854 2975,1743 14134,458 11856,04 7828,032 14181,824
1,993 B 2809,719 11755,809 15433,482 13848,607 12777,439 1991,5787 S 2118,2854 2975,1743 14134,458 11856,04 7828,032 14181,824
1,9929999 B 2809,719 11755,809 15433,482 13848,607 12777,439 1991,5787 S 2118,2854 2975,1743 14134,458 11856,04 7828,032 14181,824
1,9930004 B 2809,719 11755,809 15433,482 13848,607 12777,439 1991,5787 S 2118,2854 2975,1743 14134,458 11856,04 7828,032 14181,824
1,9924471 B 2809,719 11755,809 15433,482 13848,607 12777,439 1991,5787 S 2118,2854 2975,1743 14134,458 11856,04 7828,032 14181,824
1,9919997 B 2809,719 11755,809 15433,482 13848,607 12777,439 1991,5787 S 2118,2854 2975,1743 14134,458 11856,04 7828,032 14181,824
1,9919997 B 2809,719 11755,809 15433,482 13848,607 12777,439 1991,5787 S 2118,2854 2975,1743 14134,458 11856,04 7828,032 14181,824
1,9919999 B 2809,719 11755,809 15433,482 13848,607 12777,439 1991,5787 S 2118,2854 2975,1743 14134,458 11856,04 7828,032 14181,824
1,9919993 B 2809,719 11755,809 15433,482 13848,607 12777,439 1991,5787 S 2118,2854 2975,1743 14134,458 11856,04 7828,032 14181,824
1,9919999 B 2809,719 11755,809 15433,482 13848,607 12777,439 1991,5787 S 2118,2854 2975,1743 14134,458 11856,04 7828,032 14181,824
1,992 B 2809,719 11755,809 15433,482 13848,607 12777,439 1991,5787 S 2118,2854 2975,1743 14134,458 11856,04 7828,032 14181,824
1,9919999 B 2809,719 11755,809 15433,482 13848,607 12777,439 1991,5787 S 2118,2854 2975,1743 14134,458 11856,04 7828,032 14181,824
1,9929557 B 2809,719 11755,809 15433,482 13848,607 12777,439 1991,5787 S 2118,2854 2975,1743 14134,458 11856,04 7828,032 14181,824
1,993293 B 2809,719 11755,809 15433,482 13848,607 12777,439 1991,5787 S 2118,2854 2975,1743 14134,458 11856,04 7828,032 14181,824
1,9940002 B 2809,719 11755,809 15433,482 13848,607 12777,439 1991,5787 S 2118,2854 2975,1743 14134,458 11856,04 7828,032 14181,824
1,9940001 B 2809,719 11755,809 15433,482 13848,607 12777,439 1991,5787 S 2118,2854 2975,1743 14134,458 11856,04 7828,032 14181,824
1,9939998 B 2809,719 11755,809 15433,482 13848,607 12777,439 1991,5787 S 2118,2854 2975,1743 14134,458 11856,04 7828,032 14181,824
1,9932853 B 2809,719 11755,809 15433,482 13848,607 12777,439 1991,5787 S 2118,2854 2975,1743 14134,458 11856,04 7828,032 14181,824
1,9929994 B 2809,719 11755,809 15433,482 13848,607 12777,439 1991,5787 S 2118,2854 2975,1743 14134,458 11856,04 7828,032 14181,824
1,9929993 B 2809,719 11755,809 15433,482 13848,607 12777,439 1991,5787 S 2118,2854 2975,1743 14134,458 11856,04 7828,032 14181,824
1,9930001 B 2809,719 11755,809 15433,482 13848,607 12777,439 1991,5787 S 2118,2854 2975,1743 14134,458 11856,04 7828,032 14181,824
1,9947917 B 2809,719 11755,809 15433,482 13848,607 12777,439 1991,5787 S 2118,2854 2975,1743 14134,458 11856,04 7828,032 14181,824
1,9959999 B 2809,719 11755,809 15433,482 13848,607 12777,439 1991,5787 S 2118,2854 2975,1743 14134,458 11856,04 7828,032 14181,824
1,996 B 2809,719 11755,809 15433,482 13848,607 12777,439 1991,5787 S 2118,2854 2975,1743 14134,458 11856,04 7828,032 14181,824
1,9960003 B 2809,719 11755,809 15433,482 13848,607 12777,439 1991,5787 S 2118,2854 2975,1743 14134,458 11856,04 7828,032 14181,824
1,996 B 2809,719 11755,809 15433,482 13848,607 12777,439 1991,5787 S 2118,2854 2975,1743 14134,458 11856,04 7828,032 14181,824
1,9960004 B 2809,719 11755,809 15433,482 13848,607 12777,439 1991,5787 S 2118,2854 2975,1743 14134,458 11856,04 7828,032 14181,824
1,9952124 B 2809,719 11755,809 15433,482 13848,607 12777,439 1991,5787 S 2118,2854 2975,1743 14134,458 11856,04 7828,032 14181,824
1,994368 B 2809,719 11755,809 15433,482 13848,607 12777,439 1991,5787 S 2118,2854 2975,1743 14134,458 11856,04 7828,032 14181,824
1,9960003 B 2809,719 11755,809 15433,482 13848,607 12777,439 1991,5787 S 2118,2854 2975,1743 14134,458 11856,04 7828,032 14181,824
1,9960003 B 2809,719 11755,809 15433,482 13848,607 12777,439 1991,5787 S 2118,2854 2975,1743 14134,458 11856,04 7828,032 14181,824
1,9960003 B 2809,719 11755,809 15433,482 13848,607 12777,439 1991,5787 S 2118,2854 2975,1743 14134,458 11856,04 7828,032 14181,824
1,9960003 B 2809,719 11755,809 15433,482 13848,607 12777,439 1991,5787 S 2118,2854 2975,1743 14134,458 11856,04 7828,032 14181,824
1,9959999 B 2809,719 11755,809 15433,482 13848,607 12777,439 1991,5787 S 2118,2854 2975,1743 14134,458 11856,04 7828,032 14181,824
1,9960004 B 2809,719 11755,809 15433,482 13848,607 12777,439 1991,5787 S 2118,2854 2975,1743 14134,458 11856,04 7828,032 14181,824
1,9960005 B 2809,719 11755,809 15433,482 13848,607 12777,439 1991,5787 S 2118,2854 2975,1743 14134,458 11856,04 7828,032 14181,824
1,9959992 B 2809,719 11755,809 15433,482 13848,607 12777,439 1991,5787 S 2118,2854 2975,1743 14134,458 11856,04 7828,032 14181,824
1,9960004 B 2809,719 11755,809 15433,482 13848,607 12777,439 1991,5787 S 2118,2854 2975,1743 14134,458 11856,04 7828,032 14181,824
1,9960004 B 2809,719 11755,809 15433,482 13848,607 12777,439 1991,5787 S 2118,2854 2975,1743 14134,458 11856,04 7828,032 14181,824
1,996 B 2809,719 11755,809 15433,482 13848,607 12777,439 1991,5787 S 2118,2854 2975,1743 14134,458 11856,04 7828,032 14181,824
1,9960006 B 2809,719 11755,809 15433,482 13848,607 12777,439 1991,5787 S 2118,2854 2975,1743 14134,458 11856,04 7828,032 14181,824
1,9960004 B 2809,719 11755,809 15433,482 13848,607 12777,439 1991,5787 S 2118,2854 2975,1743 14134,458 11856,04 7828,032 14181,824
1,9960003 B 2809,719 11755,809 15433,482 13848,607 12777,439 1991,5787 S 2118,2854 2975,1743 14134,458 11856,04 7828,032 14181,824
1,9960002 B 2809,719 11755,809 15433,482 13848,607 12777,439 1991,5787 S 2118,2854 2975,1743 14134,458 11856,04 7828,032 14181,824
1,9960002 B 2809,719 11755,809 15433,482 13848,607 12777,439 1991,5787 S 2118,2854 2975,1743 14134,458 11856,04 7828,032 14181,824
1,9960002 B 2809,719 11755,809 15433,482 13848,607 12777,439 1991,5787 S 2118,2854 2975,1743 14134,458 11856,04 7828,032 14181,824
1,9959998 B 2809,719 11755,809 15433,482 13848,607 12777,439 1991,5787 S 2118,2854 2975,1743 14134,458 11856,04 7828,032 14181,824
1,9960003 B 2809,719 11755,809 15433,482 13848,607 12777,439 1991,5787 S 2118,2854 2975,1743 14134,458 11856,04 7828,032 14181,824
1,9960002 B 2809,719 11755,809 15433,482 13848,607 12777,439 1991,5787 S 2118,2854 2975,1743 14134,458 11856,04 7828,032 14181,824
1,9959999 B 2809,719 11755,809 15433,482 13848,607 12777,439 1991,5787 S 2118,2854 2975,1743 14134,458 11856,04 7828,032 14181,824
1,9960006 B 2809,719 11755,809 15433,482 13848,607 12777,439 1991,5787 S 2118,2854 2975,1743 14134,458 11856,04 7828,032 14181,824
1,9959997 B 2809,719 11755,809 15433,482 13848,607 12777,439 1991,5787 S 2118,2854 2975,1743 14134,458 11856,04 7828,032 14181,824
1,9960003 B 2809,719 11755,809 15433,482 13848,607 12777,439 1991,5787 S 2118,2854 2975,1743 14134,458 11856,04 7828,032 14181,824
1,9959997 B 2809,719 11755,809 15433,482 13848,607 12777,439 1991,5787 S 2118,2854 2975,1743 14134,458 11856,04 7828,032 14181,824
1,996 B 2809,719 11755,809 15433,482 13848,607 12777,439 1991,5787 S 2118,2854 2975,1743 14134,458 11856,04 7828,032 14181,824
1,996 B 2809,719 11755,809 15433,482 13848,607 12777,439 1991,5787 S 2118,2854 2975,1743 14134,458 11856,04 7828,032 14181,824
1,9960005 B 2809,719 11755,809 15433,482 13848,607 12777,439 1991,5787 S 2118,2854 2975,1743 14134,458 11856,04 7828,032 14181,824
1,9959999 B 2809,719 11755,809 15433,482 13848,607 12777,439 1991,5787 S 2118,2854 2975,1743 14134,458 11856,04 7828,032 14181,824
1,9960005 B 2809,719 11755,809 15433,482 13848,607 12777,439 1991,5787 S 2118,2854 2975,1743 14134,458 11856,04 7828,032 14181,824
1,9960002 B 2809,719 11755,809 15433,482 13848,607 12777,439 1991,5787 S 2118,2854 2975,1743 14134,458 11856,04 7828,032 14181,824
1,9960002 B 2809,719 11755,809 15433,482 13848,607 12777,439 1991,5787 S 2118,2854 2975,1743 14134,458 11856,04 7828,032 14181,824
1,9960005 B 2809,719 11755,809 15433,482 13848,607 12777,439 1991,5787 S 2118,2854 2975,1743 14134,458 11856,04 7828,032 14181,824
1,996 B 2809,719 11755,809 15433,482 13848,607 12777,439 1991,5787 S 2118,2854 2975,1743 14134,458 11856,04 7828,032 14181,824
1,9959997 B 2809,719 11755,809 15433,482 13848,607 12777,439 1991,5787 S 2118,2854 2975,1743 14134,458 11856,04 7828,032 14181,824
1,9960003 B 2809,719 11755,809 15433,482 13848,607 12777,439 1991,5787 S 2118,2854 2975,1743 14134,458 11856,04 7828,032 14181,824
1,9960004 B 2809,719 11755,809 15433,482 13848,607 12777,439 1991,5787 S 2118,2854 2975,1743 14134,458 11856,04 7828,032 14181,824
1,9960003 B 2809,719 11755,809 15433,482 13848,607 12777,439 1991,5787 S 2118,2854 2975,1743 14134,458 11856,04 7828,032 14181,824
1,9962171 B 2809,719 11755,809 15433,482 13848,607 12777,439 1991,5787 S 2118,2854 2975,1743 14134,458 11856,04 7828,032 14181,824
1,9970012 B 2809,719 11755,809 15433,482 13848,607 12777,439 1991,5787 S 2118,2854 2975,1743 14134,458 11856,04 7828,032 14181,824
1,9970012 B 2809,719 11755,809 15433,482 13848,607 12777,439 1991,5787 S 2118,2854 2975,1743 14134,458 11856,04 7828,032 14181,824
1,9970005 B 2809,719 11755,809 15433,482 13848,607 12777,439 1991,5787 S 2118,2854 2975,1743 14134,458 11856,04 7828,032 14181,824
1,9970006 B 2809,719 11755,809 15433,482 13848,607 12777,439 1991,5787 S 2118,2854 2975,1743 14134,458 11856,04 7828,032 14181,824
1,9970012 B 2809,719 11755,809 15433,482 13848,607 12777,439 1991,5787 S 2118,2854 2975,1743 14134,458 11856,04 7828,032 14181,824
1,9968345 B 2809,719 11755,809 15433,482 13848,607 12777,439 1991,5787 S 2118,2854 2975,1743 14134,458 11856,04 7828,032 14181,824
1,996 B 2809,719 11755,809 15433,482 13848,607 12777,439 1991,5787 S 2118,2854 2975,1743 14134,458 11856,04 7828,032 14181,824
1,9959998 B 2809,719 11755,809 15433,482 13848,607 12777,439 1991,5787 S 2118,2854 2975,1743 14134,458 11856,04 7828,032 14181,824
1,996 B 2809,719 11755,809 15433,482 13848,607 12777,439 1991,5787 S 2118,2854 2975,1743 14134,458 11856,04 7828,032 14181,824
1,9960004 B 2809,719 11755,809 15433,482 13848,607 12777,439 1991,5787 S 2118,2854 2975,1743 14134,458 11856,04 7828,032 14181,824
1,996 B 2809,719 11755,809 15433,482 13848,607 12777,439 1991,5787 S 2118,2854 2975,1743 14134,458 11856,04 7828,032 14181,824
1,9960005 B 2809,719 11755,809 15433,482 13848,607 12777,439 1991,5787 S 2118,2854 2975,1743 14134,458 11856,04 7828,032 14181,824
1,9960003 B 2809,719 11755,809 15433,482 13848,607 12777,439 1991,5787 S 2118,2854 2975,1743 14134,458 11856,04 7828,032 14181,824
1,9941565 B 2809,719 11755,809 15433,482 13848,607 12777,439 1991,5787 S 2118,2854 2975,1743 14134,458 11856,04 7828,032 14181,824
1,9929998 B 2809,719 11755,809 15433,482 13848,607 12777,439 1991,5787 S 2118,2854 2975,1743 14134,458 11856,04 7828,032 14181,824
1,9929997 B 2809,719 11755,809 15433,482 13848,607 12777,439 1991,5787 S 2118,2854 2975,1743 14134,458 11856,04 7828,032 14181,824
1,9929999 B 2809,719 11755,809 15433,482 13848,607 12777,439 1991,5787 S 2118,2854 2975,1743 14134,458 11856,04 7828,032 14181,824
1,9930001 B 2809,719 11755,809 15433,482 13848,607 12777,439 1991,5787 S 2118,2854 2975,1743 14134,458 11856,04 7828,032 14181,824
1,9930003 B 2809,719 11755,809 15433,482 13848,607 12777,439 1991,5787 S 2118,2854 2975,1743 14134,458 11856,04 7828,032 14181,824
1,9930001 B 2809,719 11755,809 15433,482 13848,607 12777,439 1991,5787 S 2118,2854 2975,1743 14134,458 11856,04 7828,032 14181,824
1,9929999 B 2809,719 11755,809 15433,482 13848,607 12777,439 1991,5787 S 2118,2854 2975,1743 14134,458 11856,04 7828,032 14181,824
1,9929999 B 2809,719 11755,809 15433,482 13848,607 12777,439 1991,5787 S 2118,2854 2975,1743 14134,458 11856,04 7828,032 14181,824
1,9930001 B 2809,719 11755,809 15433,482 13848,607 12777,439 1991,5787 S 2118,2854 2975,1743 14134,458 11856,04 7828,032 14181,824
1,993 B 2809,719 11755,809 15433,482 13848,607 12777,439 1991,5787 S 2118,2854 2975,1743 14134,458 11856,04 7828,032 14181,824
1,9929993 B 2809,719 11755,809 15433,482 13848,607 12777,439 1991,5787 S 2118,2854 2975,1743 14134,458 11856,04 7828,032 14181,824
1,9929994 B 2809,719 11755,809 15433,482 13848,607 12777,439 1991,5787 S 2118,2854 2975,1743 14134,458 11856,04 7828,032 14181,824
1,9929997 B 2809,719 11755,809 15433,482 13848,607 12777,439 1991,5787 S 2118,2854 2975,1743 14134,458 11856,04 7828,032 14181,824
1,9930003 B 2809,719 11755,809 15433,482 13848,607 12777,439 1991,5787 S 2118,2854 2975,1743 14134,458 11856,04 7828,032 14181,824
1,9921384 B 2809,719 11755,809 15433,482 13848,607 12777,439 1991,5787 S 2118,2854 2975,1743 14134,458 11856,04 7828,032 14181,824
1,9919991 B 2809,719 11755,809 15433,482 13848,607 12777,439 1991,5787 S 2118,2854 2975,1743 14134,458 11856,04 7828,032 14181,824
1,9920002 B 2809,719 11755,809 15433,482 13848,607 12777,439 1991,5787 S 2118,2854 2975,1743 14134,458 11856,04 7828,032 14181,824
1,9915363 B 2809,719 11755,809 15433,482 13848,607 12777,439 1991,5787 S 2118,2854 2975,1743 14134,458 11856,04 7828,032 14181,824
1,9910005 B 2809,719 11755,809 15433,482 13848,607 12777,439 1991,5787 S 2118,2854 2975,1743 14134,458 11856,04 7828,032 14181,824
1,9910811 B 2809,719 11755,809 15433,482 13848,607 12777,439 1991,5787 S 2118,2854 2975,1743 14134,458 11856,04 7828,032 14181,824
1,991 B 2809,719 11755,809 15433,482 13848,607 12777,439 1991,5787 S 2118,2854 2975,1743 14134,458 11856,04 7828,032 14181,824
1,9909999 B 2809,719 11755,809 15433,482 13848,607 12777,439 1991,5787 S 2118,2854 2975,1743 14134,458 11856,04 7828,032 14181,824
1,991 B 2809,719 11755,809 15433,482 13848,607 12777,439 1991,5787 S 2118,2854 2975,1743 14134,458 11856,04 7828,032 14181,824
1,9909999 B 2809,719 11755,809 15433,482 13848,607 12777,439 1991,5787 S 2118,2854 2975,1743 14134,458 11856,04 7828,032 14181,824
1,9909993 B 2809,719 11755,809 15433,482 13848,607 12777,439 1991,5787 S 2118,2854 2975,1743 14134,458 11856,04 7828,032 14181,824
1,9910004 B 2809,719 11755,809 15433,482 13848,607 12777,439 1991,5787 S 2118,2854 2975,1743 14134,458 11856,04 7828,032 14181,824
1,991 B 2809,719 11755,809 15433,482 13848,607 12777,439 1991,5787 S 2118,2854 2975,1743 14134,458 11856,04 7828,032 14181,824
1,991 B 2809,719 11755,809 15433,482 13848,607 12777,439 1991,5787 S 2118,2854 2975,1743 14134,458 11856,04 7828,032 14181,824
1,9909996 B 2809,719 11755,809 15433,482 13848,607 12777,439 1991,5787 S 2118,2854 2975,1743 14134,458 11856,04 7828,032 14181,824
1,9909998 B 2809,719 11755,809 15433,482 13848,607 12777,439 1991,5787 S 2118,2854 2975,1743 14134,458 11856,04 7828,032 14181,824
1,9928265 B 2809,719 11755,809 15433,482 13848,607 12777,439 1991,5787 S 2118,2854 2975,1743 14134,458 11856,04 7828,032 14181,824
1,9929998 B 2809,719 11755,809 15433,482 13848,607 12777,439 1991,5787 S 2118,2854 2975,1743 14134,458 11856,04 7828,032 14181,824
1,9930003 B 2809,719 11755,809 15433,482 13848,607 12777,439 1991,5787 S 2118,2854 2975,1743 14134,458 11856,04 7828,032 14181,824
1,9930005 B 2809,719 11755,809 15433,482 13848,607 12777,439 1991,5787 S 2118,2854 2975,1743 14134,458 11856,04 7828,032 14181,824
1,9929998 B 2809,719 11755,809 15433,482 13848,607 12777,439 1991,5787 S 2118,2854 2975,1743 14134,458 11856,04 7828,032 14181,824
1,993 B 2809,719 11755,809 15433,482 13848,607 12777,439 1991,5787 S 2118,2854 2975,1743 14134,458 11856,04 7828,032 14181,824
1,9930003 B 2809,719 11755,809 15433,482 13848,607 12777,439 1991,5787 S 2118,2854 2975,1743 14134,458 11856,04 7828,032 14181,824
1,9924992 B 2809,719 11755,809 15433,482 13848,607 12777,439 1991,5787 S 2118,2854 2975,1743 14134,458 11856,04 7828,032 14181,824
1,992 B 2809,719 11755,809 15433,482 13848,607 12777,439 1991,5787 S 2118,2854 2975,1743 14134,458 11856,04 7828,032 14181,824
