2,003031
2 B 8947,208 10761,7295 15457,641 12400,713 3342,7725 6460,4536 S 1577,0912 5012,364 10975,261 12029,692 12674,618 13265,012
2 B 8947,208 10761,7295 15457,641 12400,713 3342,7725 6460,4536 S 1577,0912 5012,364 10975,261 12029,692 12674,618 13265,012
2 B 8947,208 10761,7295 15457,641 12400,713 3342,7725 6460,4536 S 1577,0912 5012,364 10975,261 12029,692 12674,618 13265,012
2,0008261 B 8947,208 10761,7295 15457,641 12400,713 3342,7725 6460,4536 S 1577,0912 5012,364 10975,261 12029,692 12674,618 13265,012
2,0009997 B 8947,208 10761,7295 15457,641 12400,713 3342,7725 6460,4536 S 1577,0912 5012,364 10975,261 12029,692 12674,618 13265,012
2,001 B 8947,208 10761,7295 15457,641 12400,713 3342,7725 6460,4536 S 1577,0912 5012,364 10975,261 12029,692 12674,618 13265,012
2,0010002 B 8947,208 10761,7295 15457,641 12400,713 3342,7725 6460,4536 S 1577,0912 5012,364 10975,261 12029,692 12674,618 13265,012
2,0010002 B 8947,208 10761,7295 15457,641 12400,713 3342,7725 6460,4536 S 1577,0912 5012,364 10975,261 12029,692 12674,618 13265,012
2,001 B 8947,208 10761,7295 15457,641 12400,713 3342,7725 6460,4536 S 1577,0912 5012,364 10975,261 12029,692 12674,618 13265,012
2,001457 B 8947,208 10761,7295 15457,641 12400,713 3342,7725 6460,4536 S 1577,0912 5012,364 10975,261 12029,692 12674,618 13265,012
2,0029998 B 8947,208 10761,7295 15457,641 12400,713 3342,7725 6460,4536 S 1577,0912 5012,364 10975,261 12029,692 12674,618 13265,012
2,0030005 B 8947,208 10761,7295 15457,641 12400,713 3342,7725 6460,4536 S 1577,0912 5012,364 10975,261 12029,692 12674,618 13265,012
2,003 B 8947,208 10761,7295 15457,641 12400,713 3342,7725 6460,4536 S 1577,0912 5012,364 10975,261 12029,692 12674,618 13265,012
2,0030005 B 8947,208 10761,7295 15457,641 12400,713 3342,7725 6460,4536 S 1577,0912 5012,364 10975,261 12029,692 12674,618 13265,012
2,003 B 8947,208 10761,7295 15457,641 12400,713 3342,7725 6460,4536 S 1577,0912 5012,364 10975,261 12029,692 12674,618 13265,012
2,0030003 B 8947,208 10761,7295 15457,641 12400,713 3342,7725 6460,4536 S 1577,0912 5012,364 10975,261 12029,692 12674,618 13265,012
2,0029998 B 8947,208 10761,7295 15457,641 12400,713 3342,7725 6460,4536 S 1577,0912 5012,364 10975,261 12029,692 12674,618 13265,012
2,0029998 B 8947,208 10761,7295 15457,641 12400,713 3342,7725 6460,4536 S 1577,0912 5012,364 10975,261 12029,692 12674,618 13265,012
2,0029998 B 8947,208 10761,7295 15457,641 12400,713 3342,7725 6460,4536 S 1577,0912 5012,364 10975,261 12029,692 12674,618 13265,012
2,0030103 B 8947,208 10761,7295 15457,641 12400,713 3342,7725 6460,4536 S 1577,0912 5012,364 10975,261 12029,692 12674,618 13265,012
2,004 B 8947,208 10761,7295 15457,641 12400,713 3342,7725 6460,4536 S 1577,0912 5012,364 10975,261 12029,692 12674,618 13265,012
2,0039995 B 8947,208 10761,7295 15457,641 12400,713 3342,7725 6460,4536 S 1577,0912 5012,364 10975,261 12029,692 12674,618 13265,012
2,004 B 8947,208 10761,7295 15457,641 12400,713 3342,7725 6460,4536 S 1577,0912 5012,364 10975,261 12029,692 12674,618 13265,012
2,0039997 B 8947,208 10761,7295 15457,641 12400,713 3342,7725 6460,4536 S 1577,0912 5012,364 10975,261 12029,692 12674,618 13265,012
2,0039995 B 8947,208 10761,7295 15457,641 12400,713 3342,7725 6460,4536 S 1577,0912 5012,364 10975,261 12029,692 12674,618 13265,012
2,004 B 8947,208 10761,7295 15457,641 12400,713 3342,7725 6460,4536 S 1577,0912 5012,364 10975,261 12029,692 12674,618 13265,012
2,0039995 B 8947,208 10761,7295 15457,641 12400,713 3342,7725 6460,4536 S 1577,0912 5012,364 10975,261 12029,692 12674,618 13265,012
2,005596 B 8947,208 10761,7295 15457,641 12400,713 3342,7725 6460,4536 S 1577,0912 5012,364 10975,261 12029,692 12674,618 13265,012
2,0059996 B 8947,208 10761,7295 15457,641 12400,713 3342,7725 6460,4536 S 1577,0912 5012,364 10975,261 12029,692 12674,618 13265,012
2,0059993 B 8947,208 10761,7295 15457,641 12400,713 3342,7725 6460,4536 S 1577,0912 5012,364 10975,261 12029,692 12674,618 13265,012
2,0060008 B 8947,208 10761,7295 15457,641 12400,713 3342,7725 6460,4536 S 1577,0912 5012,364 10975,261 12029,692 12674,618 13265,012
2,0060003 B 8947,208 10761,7295 15457,641 12400,713 3342,7725 6460,4536 S 1577,0912 5012,364 10975,261 12029,692 12674,618 13265,012
2,006 B 8947,208 10761,7295 15457,641 12400,713 3342,7725 6460,4536 S 1577,0912 5012,364 10975,261 12029,692 12674,618 13265,012
2,0059996 B 8947,208 10761,7295 15457,641 12400,713 3342,7725 6460,4536 S 1577,0912 5012,364 10975,261 12029,692 12674,618 13265,012
2,0067255 B 8947,208 10761,7295 15457,641 12400,713 3342,7725 6460,4536 S 1577,0912 5012,364 10975,261 12029,692 12674,618 13265,012
2,0069997 B 8947,208 10761,7295 15457,641 12400,713 3342,7725 6460,4536 S 1577,0912 5012,364 10975,261 12029,692 12674,618 13265,012
2,0069997 B 8947,208 10761,7295 15457,641 12400,713 3342,7725 6460,4536 S 1577,0912 5012,364 10975,261 12029,692 12674,618 13265,012
2,0070002 B 8947,208 10761,7295 15457,641 12400,713 3342,7725 6460,4536 S 1577,0912 5012,364 10975,261 12029,692 12674,618 13265,012
2,0069997 B 8947,208 10761,7295 15457,641 12400,713 3342,7725 6460,4536 S 1577,0912 5012,364 10975,261 12029,692 12674,618 13265,012
2,0069997 B 8947,208 10761,7295 15457,641 12400,713 3342,7725 6460,4536 S 1577,0912 5012,364 10975,261 12029,692 12674,618 13265,012
2,0069995 B 8947,208 10761,7295 15457,641 12400,713 3342,7725 6460,4536 S 1577,0912 5012,364 10975,261 12029,692 12674,618 13265,012
2,0070002 B 8947,208 10761,7295 15457,641 12400,713 3342,7725 6460,4536 S 1577,0912 5012,364 10975,261 12029,692 12674,618 13265,012
2,0070002 B 8947,208 10761,7295 15457,641 12400,713 3342,7725 6460,4536 S 1577,0912 5012,364 10975,261 12029,692 12674,618 13265,012
2,0070002 B 8947,208 10761,7295 15457,641 12400,713 3342,7725 6460,4536 S 1577,0912 5012,364 10975,261 12029,692 12674,618 13265,012
2,0069997 B 8947,208 10761,7295 15457,641 12400,713 3342,7725 6460,4536 S 1577,0912 5012,364 10975,261 12029,692 12674,618 13265,012
2,0069997 B 8947,208 10761,7295 15457,641 12400,713 3342,7725 6460,4536 S 1577,0912 5012,364 10975,261 12029,692 12674,618 13265,012
2,007 B 8947,208 10761,7295 15457,641 12400,713 3342,7725 6460,4536 S 1577,0912 5012,364 10975,261 12029,692 12674,618 13265,012
2,0070002 B 8947,208 10761,7295 15457,641 12400,713 3342,7725 6460,4536 S 1577,0912 5012,364 10975,261 12029,692 12674,618 13265,012
2,0069997 B 8947,208 10761,7295 15457,641 12400,713 3342,7725 6460,4536 S 1577,0912 5012,364 10975,261 12029,692 12674,618 13265,012
2,0069997 B 8947,208 10761,7295 15457,641 12400,713 3342,7725 6460,4536 S 1577,0912 5012,364 10975,261 12029,692 12674,618 13265,012
2,0069997 B 8947,208 10761,7295 15457,641 12400,713 3342,7725 6460,4536 S 1577,0912 5012,364 10975,261 12029,692 12674,618 13265,012
2,0069993 B 8947,208 10761,7295 15457,641 12400,713 3342,7725 6460,4536 S 1577,0912 5012,364 10975,261 12029,692 12674,618 13265,012
2,0069993 B 8947,208 10761,7295 15457,641 12400,713 3342,7725 6460,4536 S 1577,0912 5012,364 10975,261 12029,692 12674,618 13265,012
2,0069995 B 8947,208 10761,7295 15457,641 12400,713 3342,7725 6460,4536 S 1577,0912 5012,364 10975,261 12029,692 12674,618 13265,012
2,0069997 B 8947,208 10761,7295 15457,641 12400,713 3342,7725 6460,4536 S 1577,0912 5012,364 10975,261 12029,692 12674,618 13265,012
2,0069997 B 8947,208 10761,7295 15457,641 12400,713 3342,7725 6460,4536 S 1577,0912 5012,364 10975,261 12029,692 12674,618 13265,012
2,006999 B 8947,208 10761,7295 15457,641 12400,713 3342,7725 6460,4536 S 1577,0912 5012,364 10975,261 12029,692 12674,618 13265,012
2,0069995 B 8947,208 10761,7295 15457,641 12400,713 3342,7725 6460,4536 S 1577,0912 5012,364 10975,261 12029,692 12674,618 13265,012
2,0069995 B 8947,208 10761,7295 15457,641 12400,713 3342,7725 6460,4536 S 1577,0912 5012,364 10975,261 12029,692 12674,618 13265,012
2,0070002 B 8947,208 10761,7295 15457,641 12400,713 3342,7725 6460,4536 S 1577,0912 5012,364 10975,261 12029,692 12674,618 13265,012
2,007 B 8947,208 10761,7295 15457,641 12400,713 3342,7725 6460,4536 S 1577,0912 5012,364 10975,261 12029,692 12674,618 13265,012
2,0070004 B 8947,208 10761,7295 15457,641 12400,713 3342,7725 6460,4536 S 1577,0912 5012,364 10975,261 12029,692 12674,618 13265,012
2,0070002 B 8947,208 10761,7295 15457,641 12400,713 3342,7725 6460,4536 S 1577,0912 5012,364 10975,261 12029,692 12674,618 13265,012
2,0069995 B 8947,208 10761,7295 15457,641 12400,713 3342,7725 6460,4536 S 1577,0912 5012,364 10975,261 12029,692 12674,618 13265,012
2,0070002 B 8947,208 10761,7295 15457,641 12400,713 3342,7725 6460,4536 S 1577,0912 5012,364 10975,261 12029,692 12674,618 13265,012
2,0070002 B 8947,208 10761,7295 15457,641 12400,713 3342,7725 6460,4536 S 1577,0912 5012,364 10975,261 12029,692 12674,618 13265,012
2,0072272 B 8947,208 10761,7295 15457,641 12400,713 3342,7725 6460,4536 S 1577,0912 5012,364 10975,261 12029,692 12674,618 13265,012
2,0080004 B 8947,208 10761,7295 15457,641 12400,713 3342,7725 6460,4536 S 1577,0912 5012,364 10975,261 12029,692 12674,618 13265,012
2,0079997 B 8947,208 10761,7295 15457,641 12400,713 3342,7725 6460,4536 S 1577,0912 5012,364 10975,261 12029,692 12674,618 13265,012
2,0080004 B 8947,208 10761,7295 15457,641 12400,713 3342,7725 6460,4536 S 1577,0912 5012,364 10975,261 12029,692 12674,618 13265,012
2,007343 B 8947,208 10761,7295 15457,641 12400,713 3342,7725 6460,4536 S 1577,0912 5012,364 10975,261 12029,692 12674,618 13265,012
2,0070002 B 8947,208 10761,7295 15457,641 12400,713 3342,7725 6460,4536 S 1577,0912 5012,364 10975,261 12029,692 12674,618 13265,012
2,0069997 B 8947,208 10761,7295 15457,641 12400,713 3342,7725 6460,4536 S 1577,0912 5012,364 10975,261 12029,692 12674,618 13265,012
2,0069997 B 8947,208 10761,7295 15457,641 12400,713 3342,7725 6460,4536 S 1577,0912 5012,364 10975,261 12029,692 12674,618 13265,012
2,007 B 8947,208 10761,7295 15457,641 12400,713 3342,7725 6460,4536 S 1577,0912 5012,364 10975,261 12029,692 12674,618 13265,012
2,007821 B 8947,208 10761,7295 15457,641 12400,713 3342,7725 6460,4536 S 1577,0912 5012,364 10975,261 12029,692 12674,618 13265,012
2,008 B 8947,208 10761,7295 15457,641 12400,713 3342,7725 6460,4536 S 1577,0912 5012,364 10975,261 12029,692 12674,618 13265,012
2,0056703 B 8947,208 10761,7295 15457,641 12400,713 3342,7725 6460,4536 S 1577,0912 5012,364 10975,261 12029,692 12674,618 13265,012
2,0049999 B 8947,208 10761,7295 15457,641 12400,713 3342,7725 6460,4536 S 1577,0912 5012,364 10975,261 12029,692 12674,618 13265,012
2,003624 B 8947,208 10761,7295 15457,641 12400,713 3342,7725 6460,4536 S 1577,0912 5012,364 10975,261 12029,692 12674,618 13265,012
2,0029998 B 8947,208 10761,7295 15457,641 12400,713 3342,7725 6460,4536 S 1577,0912 5012,364 10975,261 12029,692 12674,618 13265,012
2,002999 B 8947,208 10761,7295 15457,641 12400,713 3342,7725 6460,4536 S 1577,0912 5012,364 10975,261 12029,692 12674,618 13265,012
2,0030003 B 8947,208 10761,7295 15457,641 12400,713 3342,7725 6460,4536 S 1577,0912 5012,364 10975,261 12029,692 12674,618 13265,012
2,0028822 B 8947,208 10761,7295 15457,641 12400,713 3342,7725 6460,4536 S 1577,0912 5012,364 10975,261 12029,692 12674,618 13265,012
2,001 B 8947,208 10761,7295 15457,641 12400,713 3342,7725 6460,4536 S 1577,0912 5012,364 10975,261 12029,692 12674,618 13265,012
2,0010002 B 8947,208 10761,7295 15457,641 12400,713 3342,7725 6460,4536 S 1577,0912 5012,364 10975,261 12029,692 12674,618 13265,012
2,0009995 B 8947,208 10761,7295 15457,641 12400,713 3342,7725 6460,4536 S 1577,0912 5012,364 10975,261 12029,692 12674,618 13265,012
2,0004232 B 8947,208 10761,7295 15457,641 12400,713 3342,7725 6460,4536 S 1577,0912 5012,364 10975,261 12029,692 12674,618 13265,012
2 B 8947,208 10761,7295 15457,641 12400,713 3342,7725 6460,4536 S 1577,0912 5012,364 10975,261 12029,692 12674,618 13265,012
2 B 8947,208 10761,7295 15457,641 12400,713 3342,7725 6460,4536 S 1577,0912 5012,364 10975,261 12029,692 12674,618 13265,012
1,9992801 B 8947,208 10761,7295 15457,641 12400,713 3342,7725 6460,4536 S 1577,0912 5012,364 10975,261 12029,692 12674,618 13265,012
1,9999524 B 8947,208 10761,7295 15457,641 12400,713 3342,7725 6460,4536 S 1577,0912 5012,364 10975,261 12029,692 12674,618 13265,012
2,0001683 B 8947,208 10761,7295 15457,641 12400,713 3342,7725 6460,4536 S 1577,0912 5012,364 10975,261 12029,692 12674,618 13265,012
2,0009997 B 8947,208 10761,7295 15457,641 12400,713 3342,7725 6460,4536 S 1577,0912 5012,364 10975,261 12029,692 12674,618 13265,012
2,0004473 B 8947,208 10761,7295 15457,641 12400,713 3342,7725 6460,4536 S 1577,0912 5012,364 10975,261 12029,692 12674,618 13265,012
2 B 8947,208 10761,7295 15457,641 12400,713 3342,7725 6460,4536 S 1577,0912 5012,364 10975,261 12029,692 12674,618 13265,012
2 B 8947,208 10761,7295 15457,641 12400,713 3342,7725 6460,4536 S 1577,0912 5012,364 10975,261 12029,692 12674,618 13265,012
2 B 8947,208 10761,7295 15457,641 12400,713 3342,7725 6460,4536 S 1577,0912 5012,364 10975,261 12029,692 12674,618 13265,012
2,0006115 B 8947,208 10761,7295 15457,641 12400,713 3342,7725 6460,4536 S 1577,0912 5012,364 10975,261 12029,692 12674,618 13265,012
2,0037746 B 8947,208 10761,7295 15457,641 12400,713 3342,7725 6460,4536 S 1577,0912 5012,364 10975,261 12029,692 12674,618 13265,012
2,0040004 B 8947,208 10761,7295 15457,641 12400,713 3342,7725 6460,4536 S 1577,0912 5012,364 10975,261 12029,692 12674,618 13265,012
2,0040004 B 8947,208 10761,7295 15457,641 12400,713 3342,7725 6460,4536 S 1577,0912 5012,364 10975,261 12029,692 12674,618 13265,012
2,0039995 B 8947,208 10761,7295 15457,641 12400,713 3342,7725 6460,4536 S 1577,0912 5012,364 10975,261 12029,692 12674,618 13265,012
2,004 B 8947,208 10761,7295 15457,641 12400,713 3342,7725 6460,4536 S 1577,0912 5012,364 10975,261 12029,692 12674,618 13265,012
2,004 B 8947,208 10761,7295 15457,641 12400,713 3342,7725 6460,4536 S 1577,0912 5012,364 10975,261 12029,692 12674,618 13265,012
2,0040002 B 8947,208 10761,7295 15457,641 12400,713 3342,7725 6460,4536 S 1577,0912 5012,364 10975,261 12029,692 12674,618 13265,012
2,004 B 8947,208 10761,7295 15457,641 12400,713 3342,7725 6460,4536 S 1577,0912 5012,364 10975,261 12029,692 12674,618 13265,012
2,0040002 B 8947,208 10761,7295 15457,641 12400,713 3342,7725 6460,4536 S 1577,0912 5012,364 10975,261 12029,692 12674,618 13265,012
2,0040002 B 8947,208 10761,7295 15457,641 12400,713 3342,7725 6460,4536 S 1577,0912 5012,364 10975,261 12029,692 12674,618 13265,012
2,0039997 B 8947,208 10761,7295 15457,641 12400,713 3342,7725 6460,4536 S 1577,0912 5012,364 10975,261 12029,692 12674,618 13265,012
2,0007596 B 8947,208 10761,7295 15457,641 12400,713 3342,7725 6460,4536 S 1577,0912 5012,364 10975,261 12029,692 12674,618 13265,012
2 B 8947,208 10761,7295 15457,641 12400,713 3342,7725 6460,4536 S 1577,0912 5012,364 10975,261 12029,692 12674,618 13265,012
2 B 8947,208 10761,7295 15457,641 12400,713 3342,7725 6460,4536 S 1577,0912 5012,364 10975,261 12029,692 12674,618 13265,012
2 B 8947,208 10761,7295 15457,641 12400,713 3342,7725 6460,4536 S 1577,0912 5012,364 10975,261 12029,692 12674,618 13265,012
2 B 8947,208 10761,7295 15457,641 12400,713 3342,7725 6460,4536 S 1577,0912 5012,364 10975,261 12029,692 12674,618 13265,012
2 B 8947,208 10761,7295 15457,641 12400,713 3342,7725 6460,4536 S 1577,0912 5012,364 10975,261 12029,692 12674,618 13265,012
2 B 8947,208 10761,7295 15457,641 12400,713 3342,7725 6460,4536 S 1577,0912 5012,364 10975,261 12029,692 12674,618 13265,012
2 B 8947,208 10761,7295 15457,641 12400,713 3342,7725 6460,4536 S 1577,0912 5012,364 10975,261 12029,692 12674,618 13265,012
2 B 8947,208 10761,7295 15457,641 12400,713 3342,7725 6460,4536 S 1577,0912 5012,364 10975,261 12029,692 12674,618 13265,012
2 B 8947,208 10761,7295 15457,641 12400,713 3342,7725 6460,4536 S 1577,0912 5012,364 10975,261 12029,692 12674,618 13265,012
2 B 8947,208 10761,7295 15457,641 12400,713 3342,7725 6460,4536 S 1577,0912 5012,364 10975,261 12029,692 12674,618 13265,012
2 B 8947,208 10761,7295 15457,641 12400,713 3342,7725 6460,4536 S 1577,0912 5012,364 10975,261 12029,692 12674,618 13265,012
2,0004098 B 8947,208 10761,7295 15457,641 12400,713 3342,7725 6460,4536 S 1577,0912 5012,364 10975,261 12029,692 12674,618 13265,012
2,0010002 B 8947,208 10761,7295 15457,641 12400,713 3342,7725 6460,4536 S 1577,0912 5012,364 10975,261 12029,692 12674,618 13265,012
2,0009997 B 8947,208 10761,7295 15457,641 12400,713 3342,7725 6460,4536 S 1577,0912 5012,364 10975,261 12029,692 12674,618 13265,012
2,0010004 B 8947,208 10761,7295 15457,641 12400,713 3342,7725 6460,4536 S 1577,0912 5012,364 10975,261 12029,692 12674,618 13265,012
2,001 B 8947,208 10761,7295 15457,641 12400,713 3342,7725 6460,4536 S 1577,0912 5012,364 10975,261 12029,692 12674,618 13265,012
2,0010002 B 8947,208 10761,7295 15457,641 12400,713 3342,7725 6460,4536 S 1577,0912 5012,364 10975,261 12029,692 12674,618 13265,012
2,0010004 B 8947,208 10761,7295 15457,641 12400,713 3342,7725 6460,4536 S 1577,0912 5012,364 10975,261 12029,692 12674,618 13265,012
2,0010002 B 8947,208 10761,7295 15457,641 12400,713 3342,7725 6460,4536 S 1577,0912 5012,364 10975,261 12029,692 12674,618 13265,012
2,000976 B 8947,208 10761,7295 15457,641 12400,713 3342,7725 6460,4536 S 1577,0912 5012,364 10975,261 12029,692 12674,618 13265,012
2 B 8947,208 10761,7295 15457,641 12400,713 3342,7725 6460,4536 S 1577,0912 5012,364 10975,261 12029,692 12674,618 13265,012
2 B 8947,208 10761,7295 15457,641 12400,713 3342,7725 6460,4536 S 1577,0912 5012,364 10975,261 12029,692 12674,618 13265,012
1,999143 B 8947,208 10761,7295 15457,641 12400,713 3342,7725 6460,4536 S 1577,0912 5012,364 10975,261 12029,692 12674,618 13265,012
1,9990001 B 8947,208 10761,7295 15457,641 12400,713 3342,7725 6460,4536 S 1577,0912 5012,364 10975,261 12029,692 12674,618 13265,012
1,9990002 B 8947,208 10761,7295 15457,641 12400,713 3342,7725 6460,4536 S 1577,0912 5012,364 10975,261 12029,692 12674,618 13265,012
1,9989998 B 8947,208 10761,7295 15457,641 12400,713 3342,7725 6460,4536 S 1577,0912 5012,364 10975,261 12029,692 12674,618 13265,012
1,9990003 B 8947,208 10761,7295 15457,641 12400,713 3342,7725 6460,4536 S 1577,0912 5012,364 10975,261 12029,692 12674,618 13265,012
1,9977832 B 8947,208 10761,7295 15457,641 12400,713 3342,7725 6460,4536 S 1577,0912 5012,364 10975,261 12029,692 12674,618 13265,012
1,9970012 B 8947,208 10761,7295 15457,641 12400,713 3342,7725 6460,4536 S 1577,0912 5012,364 10975,261 12029,692 12674,618 13265,012
1,9967872 B 8947,208 10761,7295 15457,641 12400,713 3342,7725 6460,4536 S 1577,0912 5012,364 10975,261 12029,692 12674,618 13265,012
1,996 B 8947,208 10761,7295 15457,641 12400,713 3342,7725 6460,4536 S 1577,0912 5012,364 10975,261 12029,692 12674,618 13265,012
1,9960003 B 8947,208 10761,7295 15457,641 12400,713 3342,7725 6460,4536 S 1577,0912 5012,364 10975,261 12029,692 12674,618 13265,012
1,996 B 8947,208 10761,7295 15457,641 12400,713 3342,7725 6460,4536 S 1577,0912 5012,364 10975,261 12029,692 12674,618 13265,012
1,9959999 B 8947,208 10761,7295 15457,641 12400,713 3342,7725 6460,4536 S 1577,0912 5012,364 10975,261 12029,692 12674,618 13265,012
1,9959999 B 8947,208 10761,7295 15457,641 12400,713 3342,7725 6460,4536 S 1577,0912 5012,364 10975,261 12029,692 12674,618 13265,012
1,9959997 B 8947,208 10761,7295 15457,641 12400,713 3342,7725 6460,4536 S 1577,0912 5012,364 10975,261 12029,692 12674,618 13265,012
1,9960008 B 8947,208 10761,7295 15457,641 12400,713 3342,7725 6460,4536 S 1577,0912 5012,364 10975,261 12029,692 12674,618 13265,012
1,9960002 B 8947,208 10761,7295 15457,641 12400,713 3342,7725 6460,4536 S 1577,0912 5012,364 10975,261 12029,692 12674,618 13265,012
1,9959998 B 8947,208 10761,7295 15457,641 12400,713 3342,7725 6460,4536 S 1577,0912 5012,364 10975,261 12029,692 12674,618 13265,012
1,9960004 B 8947,208 10761,7295 15457,641 12400,713 3342,7725 6460,4536 S 1577,0912 5012,364 10975,261 12029,692 12674,618 13265,012
1,9960003 B 8947,208 10761,7295 15457,641 12400,713 3342,7725 6460,4536 S 1577,0912 5012,364 10975,261 12029,692 12674,618 13265,012
1,9959999 B 8947,208 10761,7295 15457,641 12400,713 3342,7725 6460,4536 S 1577,0912 5012,364 10975,261 12029,692 12674,618 13265,012
1,9959992 B 8947,208 10761,7295 15457,641 12400,713 3342,7725 6460,4536 S 1577,0912 5012,364 10975,261 12029,692 12674,618 13265,012
1,9986619 B 8947,208 10761,7295 15457,641 12400,713 3342,7725 6460,4536 S 1577,0912 5012,364 10975,261 12029,692 12674,618 13265,012
2 B 8947,208 10761,7295 15457,641 12400,713 3342,7725 6460,4536 S 1577,0912 5012,364 10975,261 12029,692 12674,618 13265,012
2,0012407 B 8947,208 10761,7295 15457,641 12400,713 3342,7725 6460,4536 S 1577,0912 5012,364 10975,261 12029,692 12674,618 13265,012
2,0010006 B 8947,208 10761,7295 15457,641 12400,713 3342,7725 6460,4536 S 1577,0912 5012,364 10975,261 12029,692 12674,618 13265,012
2,0010002 B 8947,208 10761,7295 15457,641 12400,713 3342,7725 6460,4536 S 1577,0912 5012,364 10975,261 12029,692 12674,618 13265,012
2,0014598 B 8947,208 10761,7295 15457,641 12400,713 3342,7725 6460,4536 S 1577,0912 5012,364 10975,261 12029,692 12674,618 13265,012
2,0023873 B 8947,208 10761,7295 15457,641 12400,713 3342,7725 6460,4536 S 1577,0912 5012,364 10975,261 12029,692 12674,618 13265,012
2,0029995 B 8947,208 10761,7295 15457,641 12400,713 3342,7725 6460,4536 S 1577,0912 5012,364 10975,261 12029,692 12674,618 13265,012
2,0029993 B 8947,208 10761,7295 15457,641 12400,713 3342,7725 6460,4536 S 1577,0912 5012,364 10975,261 12029,692 12674,618 13265,012
2,0030003 B 8947,208 10761,7295 15457,641 12400,713 3342,7725 6460,4536 S 1577,0912 5012,364 10975,261 12029,692 12674,618 13265,012
2,0033906 B 8947,208 10761,7295 15457,641 12400,713 3342,7725 6460,4536 S 1577,0912 5012,364 10975,261 12029,692 12674,618 13265,012
2,0040002 B 8947,208 10761,7295 15457,641 12400,713 3342,7725 6460,4536 S 1577,0912 5012,364 10975,261 12029,692 12674,618 13265,012
2,004 B 8947,208 10761,7295 15457,641 12400,713 3342,7725 6460,4536 S 1577,0912 5012,364 10975,261 12029,692 12674,618 13265,012
2,004475 B 8947,208 10761,7295 15457,641 12400,713 3342,7725 6460,4536 S 1577,0912 5012,364 10975,261 12029,692 12674,618 13265,012
2,0050006 B 8947,208 10761,7295 15457,641 12400,713 3342,7725 6460,4536 S 1577,0912 5012,364 10975,261 12029,692 12674,618 13265,012
2,0048487 B 8947,208 10761,7295 15457,641 12400,713 3342,7725 6460,4536 S 1577,0912 5012,364 10975,261 12029,692 12674,618 13265,012
2,0040004 B 8947,208 10761,7295 15457,641 12400,713 3342,7725 6460,4536 S 1577,0912 5012,364 10975,261 12029,692 12674,618 13265,012
2,0040002 B 8947,208 10761,7295 15457,641 12400,713 3342,7725 6460,4536 S 1577,0912 5012,364 10975,261 12029,692 12674,618 13265,012
2,004 B 8947,208 10761,7295 15457,641 12400,713 3342,7725 6460,4536 S 1577,0912 5012,364 10975,261 12029,692 12674,618 13265,012
2,004 B 8947,208 10761,7295 15457,641 12400,713 3342,7725 6460,4536 S 1577,0912 5012,364 10975,261 12029,692 12674,618 13265,012
2,0039995 B 8947,208 10761,7295 15457,641 12400,713 3342,7725 6460,4536 S 1577,0912 5012,364 10975,261 12029,692 12674,618 13265,012
2,0039997 B 8947,208 10761,7295 15457,641 12400,713 3342,7725 6460,4536 S 1577,0912 5012,364 10975,261 12029,692 12674,618 13265,012
2,004 B 8947,208 10761,7295 15457,641 12400,713 3342,7725 6460,4536 S 1577,0912 5012,364 10975,261 12029,692 12674,618 13265,012
2,0040002 B 8947,208 10761,7295 15457,641 12400,713 3342,7725 6460,4536 S 1577,0912 5012,364 10975,261 12029,692 12674,618 13265,012
2,0040002 B 8947,208 10761,7295 15457,641 12400,713 3342,7725 6460,4536 S 1577,0912 5012,364 10975,261 12029,692 12674,618 13265,012
2,0040002 B 8947,208 10761,7295 15457,641 12400,713 3342,7725 6460,4536 S 1577,0912 5012,364 10975,261 12029,692 12674,618 13265,012
2,0015178 B 8947,208 10761,7295 15457,641 12400,713 3342,7725 6460,4536 S 1577,0912 5012,364 10975,261 12029,692 12674,618 13265,012
2 B 8947,208 10761,7295 15457,641 12400,713 3342,7725 6460,4536 S 1577,0912 5012,364 10975,261 12029,692 12674,618 13265,012
2 B 8947,208 10761,7295 15457,641 12400,713 3342,7725 6460,4536 S 1577,0912 5012,364 10975,261 12029,692 12674,618 13265,012
1,9992942 B 8947,208 10761,7295 15457,641 12400,713 3342,7725 6460,4536 S 1577,0912 5012,364 10975,261 12029,692 12674,618 13265,012
1,999 B 8947,208 10761,7295 15457,641 12400,713 3342,7725 6460,4536 S 1577,0912 5012,364 10975,261 12029,692 12674,618 13265,012
1,9990001 B 8947,208 10761,7295 15457,641 12400,713 3342,7725 6460,4536 S 1577,0912 5012,364 10975,261 12029,692 12674,618 13265,012
1,999 B 8947,208 10761,7295 15457,641 12400,713 3342,7725 6460,4536 S 1577,0912 5012,364 10975,261 12029,692 12674,618 13265,012
1,9990002 B 8947,208 10761,7295 15457,641 12400,713 3342,7725 6460,4536 S 1577,0912 5012,364 10975,261 12029,692 12674,618 13265,012
1,9990004 B 8947,208 10761,7295 15457,641 12400,713 3342,7725 6460,4536 S 1577,0912 5012,364 10975,261 12029,692 12674,618 13265,012
1,9990002 B 8947,208 10761,7295 15457,641 12400,713 3342,7725 6460,4536 S 1577,0912 5012,364 10975,261 12029,692 12674,618 13265,012
1,9989998 B 8947,208 10761,7295 15457,641 12400,713 3342,7725 6460,4536 S 1577,0912 5012,364 10975,261 12029,692 12674,618 13265,012
1,999 B 8947,208 10761,7295 15457,641 12400,713 3342,7725 6460,4536 S 1577,0912 5012,364 10975,261 12029,692 12674,618 13265,012
1,9990002 B 8947,208 10761,7295 15457,641 12400,713 3342,7725 6460,4536 S 1577,0912 5012,364 10975,261 12029,692 12674,618 13265,012
1,9989991 B 8947,208 10761,7295 15457,641 12400,713 3342,7725 6460,4536 S 1577,0912 5012,364 10975,261 12029,692 12674,618 13265,012
1,9989997 B 8947,208 10761,7295 15457,641 12400,713 3342,7725 6460,4536 S 1577,0912 5012,364 10975,261 12029,692 12674,618 13265,012
1,999 B 8947,208 10761,7295 15457,641 12400,713 3342,7725 6460,4536 S 1577,0912 5012,364 10975,261 12029,692 12674,618 13265,012
1,999 B 8947,208 10761,7295 15457,641 12400,713 3342,7725 6460,4536 S 1577,0912 5012,364 10975,261 12029,692 12674,618 13265,012
1,9990003 B 8947,208 10761,7295 15457,641 12400,713 3342,7725 6460,4536 S 1577,0912 5012,364 10975,261 12029,692 12674,618 13265,012
1,9989995 B 8947,208 10761,7295 15457,641 12400,713 3342,7725 6460,4536 S 1577,0912 5012,364 10975,261 12029,692 12674,618 13265,012
1,9989997 B 8947,208 10761,7295 15457,641 12400,713 3342,7725 6460,4536 S 1577,0912 5012,364 10975,261 12029,692 12674,618 13265,012
1,9989997 B 8947,208 10761,7295 15457,641 12400,713 3342,7725 6460,4536 S 1577,0912 5012,364 10975,261 12029,692 12674,618 13265,012
1,9989989 B 8947,208 10761,7295 15457,641 12400,713 3342,7725 6460,4536 S 1577,0912 5012,364 10975,261 12029,692 12674,618 13265,012
1,9989997 B 8947,208 10761,7295 15457,641 12400,713 3342,7725 6460,4536 S 1577,0912 5012,364 10975,261 12029,692 12674,618 13265,012
1,9989998 B 8947,208 10761,7295 15457,641 12400,713 3342,7725 6460,4536 S 1577,0912 5012,364 10975,261 12029,692 12674,618 13265,012
2,0037463 B 8947,208 10761,7295 15457,641 12400,713 3342,7725 6460,4536 S 1577,0912 5012,364 10975,261 12029,692 12674,618 13265,012
2,0040002 B 8947,208 10761,7295 15457,641 12400,713 3342,7725 6460,4536 S 1577,0912 5012,364 10975,261 12029,692 12674,618 13265,012
2,0039997 B 8947,208 10761,7295 15457,641 12400,713 3342,7725 6460,4536 S 1577,0912 5012,364 10975,261 12029,692 12674,618 13265,012
2,0040007 B 8947,208 10761,7295 15457,641 12400,713 3342,7725 6460,4536 S 1577,0912 5012,364 10975,261 12029,692 12674,618 13265,012
2,0040002 B 8947,208 10761,7295 15457,641 12400,713 3342,7725 6460,4536 S 1577,0912 5012,364 10975,261 12029,692 12674,618 13265,012
2,004 B 8947,208 10761,7295 15457,641 12400,713 3342,7725 6460,4536 S 1577,0912 5012,364 10975,261 12029,692 12674,618 13265,012
2,0039995 B 8947,208 10761,7295 15457,641 12400,713 3342,7725 6460,4536 S 1577,0912 5012,364 10975,261 12029,692 12674,618 13265,012
2,0040004 B 8947,208 10761,7295 15457,641 12400,713 3342,7725 6460,4536 S 1577,0912 5012,364 10975,261 12029,692 12674,618 13265,012
2,0048146 B 8947,208 10761,7295 15457,641 12400,713 3342,7725 6460,4536 S 1577,0912 5012,364 10975,261 12029,692 12674,618 13265,012
2,0070002 B 8947,208 10761,7295 15457,641 12400,713 3342,7725 6460,4536 S 1577,0912 5012,364 10975,261 12029,692 12674,618 13265,012
2,006999 B 8947,208 10761,7295 15457,641 12400,713 3342,7725 6460,4536 S 1577,0912 5012,364 10975,261 12029,692 12674,618 13265,012
2,0069997 B 8947,208 10761,7295 15457,641 12400,713 3342,7725 6460,4536 S 1577,0912 5012,364 10975,261 12029,692 12674,618 13265,012
2,0069997 B 8947,208 10761,7295 15457,641 12400,713 3342,7725 6460,4536 S 1577,0912 5012,364 10975,261 12029,692 12674,618 13265,012
2,007 B 8947,208 10761,7295 15457,641 12400,713 3342,7725 6460,4536 S 1577,0912 5012,364 10975,261 12029,692 12674,618 13265,012
2,0069997 B 8947,208 10761,7295 15457,641 12400,713 3342,7725 6460,4536 S 1577,0912 5012,364 10975,261 12029,692 12674,618 13265,012
2,0070004 B 8947,208 10761,7295 15457,641 12400,713 3342,7725 6460,4536 S 1577,0912 5012,364 10975,261 12029,692 12674,618 13265,012
2,0069997 B 8947,208 10761,7295 15457,641 12400,713 3342,7725 6460,4536 S 1577,0912 5012,364 10975,261 12029,692 12674,618 13265,012
2,007 B 8947,208 10761,7295 15457,641 12400,713 3342,7725 6460,4536 S 1577,0912 5012,364 10975,261 12029,692 12674,618 13265,012
2,0069997 B 8947,208 10761,7295 15457,641 12400,713 3342,7725 6460,4536 S 1577,0912 5012,364 10975,261 12029,692 12674,618 13265,012
2,0070002 B 8947,208 10761,7295 15457,641 12400,713 3342,7725 6460,4536 S 1577,0912 5012,364 10975,261 12029,692 12674,618 13265,012
2,0070002 B 8947,208 10761,7295 15457,641 12400,713 3342,7725 6460,4536 S 1577,0912 5012,364 10975,261 12029,692 12674,618 13265,012
2,0069997 B 8947,208 10761,7295 15457,641 12400,713 3342,7725 6460,4536 S 1577,0912 5012,364 10975,261 12029,692 12674,618 13265,012
2,007 B 8947,208 10761,7295 15457,641 12400,713 3342,7725 6460,4536 S 1577,0912 5012,364 10975,261 12029,692 12674,618 13265,012
2,0069993 B 8947,208 10761,7295 15457,641 12400,713 3342,7725 6460,4536 S 1577,0912 5012,364 10975,261 12029,692 12674,618 13265,012
2,0069997 B 8947,208 10761,7295 15457,641 12400,713 3342,7725 6460,4536 S 1577,0912 5012,364 10975,261 12029,692 12674,618 13265,012
2,0075045 B 8947,208 10761,7295 15457,641 12400,713 3342,7725 6460,4536 S 1577,0912 5012,364 10975,261 12029,692 12674,618 13265,012
2,0079997 B 8947,208 10761,7295 15457,641 12400,713 3342,7725 6460,4536 S 1577,0912 5012,364 10975,261 12029,692 12674,618 13265,012
2,008 B 8947,208 10761,7295 15457,641 12400,713 3342,7725 6460,4536 S 1577,0912 5012,364 10975,261 12029,692 12674,618 13265,012
2,008 B 8947,208 10761,7295 15457,641 12400,713 3342,7725 6460,4536 S 1577,0912 5012,364 10975,261 12029,692 12674,618 13265,012
2,008 B 8947,208 10761,7295 15457,641 12400,713 3342,7725 6460,4536 S 1577,0912 5012,364 10975,261 12029,692 12674,618 13265,012
2,0080001 B 8947,208 10761,7295 15457,641 12400,713 3342,7725 6460,4536 S 1577,0912 5012,364 10975,261 12029,692 12674,618 13265,012
2,008 B 8947,208 10761,7295 15457,641 12400,713 3342,7725 6460,4536 S 1577,0912 5012,364 10975,261 12029,692 12674,618 13265,012
2,0079997 B 8947,208 10761,7295 15457,641 12400,713 3342,7725 6460,4536 S 1577,0912 5012,364 10975,261 12029,692 12674,618 13265,012
2,0079994 B 8947,208 10761,7295 15457,641 12400,713 3342,7725 6460,4536 S 1577,0912 5012,364 10975,261 12029,692 12674,618 13265,012
2,007719 B 8947,208 10761,7295 15457,641 12400,713 3342,7725 6460,4536 S 1577,0912 5012,364 10975,261 12029,692 12674,618 13265,012
2,0070002 B 8947,208 10761,7295 15457,641 12400,713 3342,7725 6460,4536 S 1577,0912 5012,364 10975,261 12029,692 12674,618 13265,012
