2,0619087
2,0553071 B 1621,0874 10764,269 13001,728 8945,453 11402,657 2715,1487 S 1019,2784 3114,573 6866,6006 11046,613 11431,885 6828,4346
2,0559993 B 1621,0874 10764,269 13001,728 8945,453 11402,657 2715,1487 S 1019,2784 3114,573 6866,6006 11046,613 11431,885 6828,4346
2,056 B 1621,0874 10764,269 13001,728 8945,453 11402,657 2715,1487 S 1019,2784 3114,573 6866,6006 11046,613 11431,885 6828,4346
2,0559995 B 1621,0874 10764,269 13001,728 8945,453 11402,657 2715,1487 S 1019,2784 3114,573 6866,6006 11046,613 11431,885 6828,4346
2,0550947 B 1621,0874 10764,269 13001,728 8945,453 11402,657 2715,1487 S 1019,2784 3114,573 6866,6006 11046,613 11431,885 6828,4346
2,0511906 B 1621,0874 10764,269 13001,728 8945,453 11402,657 2715,1487 S 1019,2784 3114,573 6866,6006 11046,613 11431,885 6828,4346
2,0509996 B 1621,0874 10764,269 13001,728 8945,453 11402,657 2715,1487 S 1019,2784 3114,573 6866,6006 11046,613 11431,885 6828,4346
2,0517707 B 1621,0874 10764,269 13001,728 8945,453 11402,657 2715,1487 S 1019,2784 3114,573 6866,6006 11046,613 11431,885 6828,4346
2,052281 B 1621,0874 10764,269 13001,728 8945,453 11402,657 2715,1487 S 1019,2784 3114,573 6866,6006 11046,613 11431,885 6828,4346
2,053 B 1621,0874 10764,269 13001,728 8945,453 11402,657 2715,1487 S 1019,2784 3114,573 6866,6006 11046,613 11431,885 6828,4346
2,053 B 1621,0874 10764,269 13001,728 8945,453 11402,657 2715,1487 S 1019,2784 3114,573 6866,6006 11046,613 11431,885 6828,4346
2,0529995 B 1621,0874 10764,269 13001,728 8945,453 11402,657 2715,1487 S 1019,2784 3114,573 6866,6006 11046,613 11431,885 6828,4346
2,053 B 1621,0874 10764,269 13001,728 8945,453 11402,657 2715,1487 S 1019,2784 3114,573 6866,6006 11046,613 11431,885 6828,4346
2,0529995 B 1621,0874 10764,269 13001,728 8945,453 11402,657 2715,1487 S 1019,2784 3114,573 6866,6006 11046,613 11431,885 6828,4346
2,053 B 1621,0874 10764,269 13001,728 8945,453 11402,657 2715,1487 S 1019,2784 3114,573 6866,6006 11046,613 11431,885 6828,4346
2,053 B 1621,0874 10764,269 13001,728 8945,453 11402,657 2715,1487 S 1019,2784 3114,573 6866,6006 11046,613 11431,885 6828,4346
2,053 B 1621,0874 10764,269 13001,728 8945,453 11402,657 2715,1487 S 1019,2784 3114,573 6866,6006 11046,613 11431,885 6828,4346
2,0529993 B 1621,0874 10764,269 13001,728 8945,453 11402,657 2715,1487 S 1019,2784 3114,573 6866,6006 11046,613 11431,885 6828,4346
2,0515535 B 1621,0874 10764,269 13001,728 8945,453 11402,657 2715,1487 S 1019,2784 3114,573 6866,6006 11046,613 11431,885 6828,4346
2,050723 B 1621,0874 10764,269 13001,728 8945,453 11402,657 2715,1487 S 1019,2784 3114,573 6866,6006 11046,613 11431,885 6828,4346
2,05168 B 1621,0874 10764,269 13001,728 8945,453 11402,657 2715,1487 S 1019,2784 3114,573 6866,6006 11046,613 11431,885 6828,4346
2,0512106 B 1621,0874 10764,269 13001,728 8945,453 11402,657 2715,1487 S 1019,2784 3114,573 6866,6006 11046,613 11431,885 6828,4346
2,051 B 1621,0874 10764,269 13001,728 8945,453 11402,657 2715,1487 S 1019,2784 3114,573 6866,6006 11046,613 11431,885 6828,4346
2,0509996 B 1621,0874 10764,269 13001,728 8945,453 11402,657 2715,1487 S 1019,2784 3114,573 6866,6006 11046,613 11431,885 6828,4346
2,051 B 1621,0874 10764,269 13001,728 8945,453 11402,657 2715,1487 S 1019,2784 3114,573 6866,6006 11046,613 11431,885 6828,4346
2,0510004 B 1621,0874 10764,269 13001,728 8945,453 11402,657 2715,1487 S 1019,2784 3114,573 6866,6006 11046,613 11431,885 6828,4346
2,0514846 B 1621,0874 10764,269 13001,728 8945,453 11402,657 2715,1487 S 1019,2784 3114,573 6866,6006 11046,613 11431,885 6828,4346
2,0520005 B 1621,0874 10764,269 13001,728 8945,453 11402,657 2715,1487 S 1019,2784 3114,573 6866,6006 11046,613 11431,885 6828,4346
2,0519996 B 1621,0874 10764,269 13001,728 8945,453 11402,657 2715,1487 S 1019,2784 3114,573 6866,6006 11046,613 11431,885 6828,4346
2,0519996 B 1621,0874 10764,269 13001,728 8945,453 11402,657 2715,1487 S 1019,2784 3114,573 6866,6006 11046,613 11431,885 6828,4346
2,0520003 B 1621,0874 10764,269 13001,728 8945,453 11402,657 2715,1487 S 1019,2784 3114,573 6866,6006 11046,613 11431,885 6828,4346
2,0525467 B 1621,0874 10764,269 13001,728 8945,453 11402,657 2715,1487 S 1019,2784 3114,573 6866,6006 11046,613 11431,885 6828,4346
2,0529993 B 1621,0874 10764,269 13001,728 8945,453 11402,657 2715,1487 S 1019,2784 3114,573 6866,6006 11046,613 11431,885 6828,4346
2,0539935 B 1621,0874 10764,269 13001,728 8945,453 11402,657 2715,1487 S 1019,2784 3114,573 6866,6006 11046,613 11431,885 6828,4346
2,0549996 B 1621,0874 10764,269 13001,728 8945,453 11402,657 2715,1487 S 1019,2784 3114,573 6866,6006 11046,613 11431,885 6828,4346
2,055 B 1621,0874 10764,269 13001,728 8945,453 11402,657 2715,1487 S 1019,2784 3114,573 6866,6006 11046,613 11431,885 6828,4346
2,0549998 B 1621,0874 10764,269 13001,728 8945,453 11402,657 2715,1487 S 1019,2784 3114,573 6866,6006 11046,613 11431,885 6828,4346
2,055 B 1621,0874 10764,269 13001,728 8945,453 11402,657 2715,1487 S 1019,2784 3114,573 6866,6006 11046,613 11431,885 6828,4346
2,0549998 B 1621,0874 10764,269 13001,728 8945,453 11402,657 2715,1487 S 1019,2784 3114,573 6866,6006 11046,613 11431,885 6828,4346
2,0550003 B 1621,0874 10764,269 13001,728 8945,453 11402,657 2715,1487 S 1019,2784 3114,573 6866,6006 11046,613 11431,885 6828,4346
2,0549996 B 1621,0874 10764,269 13001,728 8945,453 11402,657 2715,1487 S 1019,2784 3114,573 6866,6006 11046,613 11431,885 6828,4346
2,0550003 B 1621,0874 10764,269 13001,728 8945,453 11402,657 2715,1487 S 1019,2784 3114,573 6866,6006 11046,613 11431,885 6828,4346
2,0559669 B 1621,0874 10764,269 13001,728 8945,453 11402,657 2715,1487 S 1019,2784 3114,573 6866,6006 11046,613 11431,885 6828,4346
2,05628 B 1621,0874 10764,269 13001,728 8945,453 11402,657 2715,1487 S 1019,2784 3114,573 6866,6006 11046,613 11431,885 6828,4346
2,0570004 B 1621,0874 10764,269 13001,728 8945,453 11402,657 2715,1487 S 1019,2784 3114,573 6866,6006 11046,613 11431,885 6828,4346
2,0570002 B 1621,0874 10764,269 13001,728 8945,453 11402,657 2715,1487 S 1019,2784 3114,573 6866,6006 11046,613 11431,885 6828,4346
2,057 B 1621,0874 10764,269 13001,728 8945,453 11402,657 2715,1487 S 1019,2784 3114,573 6866,6006 11046,613 11431,885 6828,4346
2,0570004 B 1621,0874 10764,269 13001,728 8945,453 11402,657 2715,1487 S 1019,2784 3114,573 6866,6006 11046,613 11431,885 6828,4346
2,057 B 1621,0874 10764,269 13001,728 8945,453 11402,657 2715,1487 S 1019,2784 3114,573 6866,6006 11046,613 11431,885 6828,4346
2,0569997 B 1621,0874 10764,269 13001,728 8945,453 11402,657 2715,1487 S 1019,2784 3114,573 6866,6006 11046,613 11431,885 6828,4346
2,0571578 B 1621,0874 10764,269 13001,728 8945,453 11402,657 2715,1487 S 1019,2784 3114,573 6866,6006 11046,613 11431,885 6828,4346
2,058 B 1621,0874 10764,269 13001,728 8945,453 11402,657 2715,1487 S 1019,2784 3114,573 6866,6006 11046,613 11431,885 6828,4346
2,0580003 B 1621,0874 10764,269 13001,728 8945,453 11402,657 2715,1487 S 1019,2784 3114,573 6866,6006 11046,613 11431,885 6828,4346
2,0580006 B 1621,0874 10764,269 13001,728 8945,453 11402,657 2715,1487 S 1019,2784 3114,573 6866,6006 11046,613 11431,885 6828,4346
2,0580003 B 1621,0874 10764,269 13001,728 8945,453 11402,657 2715,1487 S 1019,2784 3114,573 6866,6006 11046,613 11431,885 6828,4346
2,0580003 B 1621,0874 10764,269 13001,728 8945,453 11402,657 2715,1487 S 1019,2784 3114,573 6866,6006 11046,613 11431,885 6828,4346
2,0574872 B 1621,0874 10764,269 13001,728 8945,453 11402,657 2715,1487 S 1019,2784 3114,573 6866,6006 11046,613 11431,885 6828,4346
2,0580003 B 1621,0874 10764,269 13001,728 8945,453 11402,657 2715,1487 S 1019,2784 3114,573 6866,6006 11046,613 11431,885 6828,4346
2,058 B 1621,0874 10764,269 13001,728 8945,453 11402,657 2715,1487 S 1019,2784 3114,573 6866,6006 11046,613 11431,885 6828,4346
2,0580187 B 1621,0874 10764,269 13001,728 8945,453 11402,657 2715,1487 S 1019,2784 3114,573 6866,6006 11046,613 11431,885 6828,4346
2,0586405 B 1621,0874 10764,269 13001,728 8945,453 11402,657 2715,1487 S 1019,2784 3114,573 6866,6006 11046,613 11431,885 6828,4346
2,0580006 B 1621,0874 10764,269 13001,728 8945,453 11402,657 2715,1487 S 1019,2784 3114,573 6866,6006 11046,613 11431,885 6828,4346
2,058 B 1621,0874 10764,269 13001,728 8945,453 11402,657 2715,1487 S 1019,2784 3114,573 6866,6006 11046,613 11431,885 6828,4346
2,0580003 B 1621,0874 10764,269 13001,728 8945,453 11402,657 2715,1487 S 1019,2784 3114,573 6866,6006 11046,613 11431,885 6828,4346
2,058 B 1621,0874 10764,269 13001,728 8945,453 11402,657 2715,1487 S 1019,2784 3114,573 6866,6006 11046,613 11431,885 6828,4346
2,058 B 1621,0874 10764,269 13001,728 8945,453 11402,657 2715,1487 S 1019,2784 3114,573 6866,6006 11046,613 11431,885 6828,4346
2,0580006 B 1621,0874 10764,269 13001,728 8945,453 11402,657 2715,1487 S 1019,2784 3114,573 6866,6006 11046,613 11431,885 6828,4346
2,0580003 B 1621,0874 10764,269 13001,728 8945,453 11402,657 2715,1487 S 1019,2784 3114,573 6866,6006 11046,613 11431,885 6828,4346
2,058 B 1621,0874 10764,269 13001,728 8945,453 11402,657 2715,1487 S 1019,2784 3114,573 6866,6006 11046,613 11431,885 6828,4346
2,0580003 B 1621,0874 10764,269 13001,728 8945,453 11402,657 2715,1487 S 1019,2784 3114,573 6866,6006 11046,613 11431,885 6828,4346
2,0579998 B 1621,0874 10764,269 13001,728 8945,453 11402,657 2715,1487 S 1019,2784 3114,573 6866,6006 11046,613 11431,885 6828,4346
2,0580008 B 1621,0874 10764,269 13001,728 8945,453 11402,657 2715,1487 S 1019,2784 3114,573 6866,6006 11046,613 11431,885 6828,4346
2,0580003 B 1621,0874 10764,269 13001,728 8945,453 11402,657 2715,1487 S 1019,2784 3114,573 6866,6006 11046,613 11431,885 6828,4346
2,0565736 B 1621,0874 10764,269 13001,728 8945,453 11402,657 2715,1487 S 1019,2784 3114,573 6866,6006 11046,613 11431,885 6828,4346
2,0550005 B 1621,0874 10764,269 13001,728 8945,453 11402,657 2715,1487 S 1019,2784 3114,573 6866,6006 11046,613 11431,885 6828,4346
2,0550003 B 1621,0874 10764,269 13001,728 8945,453 11402,657 2715,1487 S 1019,2784 3114,573 6866,6006 11046,613 11431,885 6828,4346
2,055 B 1621,0874 10764,269 13001,728 8945,453 11402,657 2715,1487 S 1019,2784 3114,573 6866,6006 11046,613 11431,885 6828,4346
2,0549998 B 1621,0874 10764,269 13001,728 8945,453 11402,657 2715,1487 S 1019,2784 3114,573 6866,6006 11046,613 11431,885 6828,4346
2,0549996 B 1621,0874 10764,269 13001,728 8945,453 11402,657 2715,1487 S 1019,2784 3114,573 6866,6006 11046,613 11431,885 6828,4346
2,055 B 1621,0874 10764,269 13001,728 8945,453 11402,657 2715,1487 S 1019,2784 3114,573 6866,6006 11046,613 11431,885 6828,4346
2,0549998 B 1621,0874 10764,269 13001,728 8945,453 11402,657 2715,1487 S 1019,2784 3114,573 6866,6006 11046,613 11431,885 6828,4346
2,0549996 B 1621,0874 10764,269 13001,728 8945,453 11402,657 2715,1487 S 1019,2784 3114,573 6866,6006 11046,613 11431,885 6828,4346
2,055 B 1621,0874 10764,269 13001,728 8945,453 11402,657 2715,1487 S 1019,2784 3114,573 6866,6006 11046,613 11431,885 6828,4346
2,0549242 B 1621,0874 10764,269 13001,728 8945,453 11402,657 2715,1487 S 1019,2784 3114,573 6866,6006 11046,613 11431,885 6828,4346
2,054 B 1621,0874 10764,269 13001,728 8945,453 11402,657 2715,1487 S 1019,2784 3114,573 6866,6006 11046,613 11431,885 6828,4346
2,0535538 B 1621,0874 10764,269 13001,728 8945,453 11402,657 2715,1487 S 1019,2784 3114,573 6866,6006 11046,613 11431,885 6828,4346
2,0512605 B 1621,0874 10764,269 13001,728 8945,453 11402,657 2715,1487 S 1019,2784 3114,573 6866,6006 11046,613 11431,885 6828,4346
2,0510004 B 1621,0874 10764,269 13001,728 8945,453 11402,657 2715,1487 S 1019,2784 3114,573 6866,6006 11046,613 11431,885 6828,4346
2,0510004 B 1621,0874 10764,269 13001,728 8945,453 11402,657 2715,1487 S 1019,2784 3114,573 6866,6006 11046,613 11431,885 6828,4346
2,0501263 B 1621,0874 10764,269 13001,728 8945,453 11402,657 2715,1487 S 1019,2784 3114,573 6866,6006 11046,613 11431,885 6828,4346
2,0500004 B 1621,0874 10764,269 13001,728 8945,453 11402,657 2715,1487 S 1019,2784 3114,573 6866,6006 11046,613 11431,885 6828,4346
2,0500004 B 1621,0874 10764,269 13001,728 8945,453 11402,657 2715,1487 S 1019,2784 3114,573 6866,6006 11046,613 11431,885 6828,4346
2,0507307 B 1621,0874 10764,269 13001,728 8945,453 11402,657 2715,1487 S 1019,2784 3114,573 6866,6006 11046,613 11431,885 6828,4346
2,052 B 1621,0874 10764,269 13001,728 8945,453 11402,657 2715,1487 S 1019,2784 3114,573 6866,6006 11046,613 11431,885 6828,4346
2,0519993 B 1621,0874 10764,269 13001,728 8945,453 11402,657 2715,1487 S 1019,2784 3114,573 6866,6006 11046,613 11431,885 6828,4346
2,0519598 B 1621,0874 10764,269 13001,728 8945,453 11402,657 2715,1487 S 1019,2784 3114,573 6866,6006 11046,613 11431,885 6828,4346
2,0511022 B 1621,0874 10764,269 13001,728 8945,453 11402,657 2715,1487 S 1019,2784 3114,573 6866,6006 11046,613 11431,885 6828,4346
2,0509996 B 1621,0874 10764,269 13001,728 8945,453 11402,657 2715,1487 S 1019,2784 3114,573 6866,6006 11046,613 11431,885 6828,4346
2,0510004 B 1621,0874 10764,269 13001,728 8945,453 11402,657 2715,1487 S 1019,2784 3114,573 6866,6006 11046,613 11431,885 6828,4346
2,051601 B 1621,0874 10764,269 13001,728 8945,453 11402,657 2715,1487 S 1019,2784 3114,573 6866,6006 11046,613 11431,885 6828,4346
2,052 B 1621,0874 10764,269 13001,728 8945,453 11402,657 2715,1487 S 1019,2784 3114,573 6866,6006 11046,613 11431,885 6828,4346
2,0520008 B 1621,0874 10764,269 13001,728 8945,453 11402,657 2715,1487 S 1019,2784 3114,573 6866,6006 11046,613 11431,885 6828,4346
2,0520003 B 1621,0874 10764,269 13001,728 8945,453 11402,657 2715,1487 S 1019,2784 3114,573 6866,6006 11046,613 11431,885 6828,4346
2,052 B 1621,0874 10764,269 13001,728 8945,453 11402,657 2715,1487 S 1019,2784 3114,573 6866,6006 11046,613 11431,885 6828,4346
2,0519998 B 1621,0874 10764,269 13001,728 8945,453 11402,657 2715,1487 S 1019,2784 3114,573 6866,6006 11046,613 11431,885 6828,4346
2,0520003 B 1621,0874 10764,269 13001,728 8945,453 11402,657 2715,1487 S 1019,2784 3114,573 6866,6006 11046,613 11431,885 6828,4346
2,0520008 B 1621,0874 10764,269 13001,728 8945,453 11402,657 2715,1487 S 1019,2784 3114,573 6866,6006 11046,613 11431,885 6828,4346
2,052 B 1621,0874 10764,269 13001,728 8945,453 11402,657 2715,1487 S 1019,2784 3114,573 6866,6006 11046,613 11431,885 6828,4346
2,0519996 B 1621,0874 10764,269 13001,728 8945,453 11402,657 2715,1487 S 1019,2784 3114,573 6866,6006 11046,613 11431,885 6828,4346
2,0522506 B 1621,0874 10764,269 13001,728 8945,453 11402,657 2715,1487 S 1019,2784 3114,573 6866,6006 11046,613 11431,885 6828,4346
2,0530002 B 1621,0874 10764,269 13001,728 8945,453 11402,657 2715,1487 S 1019,2784 3114,573 6866,6006 11046,613 11431,885 6828,4346
2,0530007 B 1621,0874 10764,269 13001,728 8945,453 11402,657 2715,1487 S 1019,2784 3114,573 6866,6006 11046,613 11431,885 6828,4346
2,053 B 1621,0874 10764,269 13001,728 8945,453 11402,657 2715,1487 S 1019,2784 3114,573 6866,6006 11046,613 11431,885 6828,4346
2,0529993 B 1621,0874 10764,269 13001,728 8945,453 11402,657 2715,1487 S 1019,2784 3114,573 6866,6006 11046,613 11431,885 6828,4346
2,0529997 B 1621,0874 10764,269 13001,728 8945,453 11402,657 2715,1487 S 1019,2784 3114,573 6866,6006 11046,613 11431,885 6828,4346
2,0529997 B 1621,0874 10764,269 13001,728 8945,453 11402,657 2715,1487 S 1019,2784 3114,573 6866,6006 11046,613 11431,885 6828,4346
2,0554101 B 1621,0874 10764,269 13001,728 8945,453 11402,657 2715,1487 S 1019,2784 3114,573 6866,6006 11046,613 11431,885 6828,4346
2,0560002 B 1621,0874 10764,269 13001,728 8945,453 11402,657 2715,1487 S 1019,2784 3114,573 6866,6006 11046,613 11431,885 6828,4346
2,0560005 B 1621,0874 10764,269 13001,728 8945,453 11402,657 2715,1487 S 1019,2784 3114,573 6866,6006 11046,613 11431,885 6828,4346
2,0559998 B 1621,0874 10764,269 13001,728 8945,453 11402,657 2715,1487 S 1019,2784 3114,573 6866,6006 11046,613 11431,885 6828,4346
2,0560005 B 1621,0874 10764,269 13001,728 8945,453 11402,657 2715,1487 S 1019,2784 3114,573 6866,6006 11046,613 11431,885 6828,4346
2,0560007 B 1621,0874 10764,269 13001,728 8945,453 11402,657 2715,1487 S 1019,2784 3114,573 6866,6006 11046,613 11431,885 6828,4346
2,0559995 B 1621,0874 10764,269 13001,728 8945,453 11402,657 2715,1487 S 1019,2784 3114,573 6866,6006 11046,613 11431,885 6828,4346
2,0560002 B 1621,0874 10764,269 13001,728 8945,453 11402,657 2715,1487 S 1019,2784 3114,573 6866,6006 11046,613 11431,885 6828,4346
2,056 B 1621,0874 10764,269 13001,728 8945,453 11402,657 2715,1487 S 1019,2784 3114,573 6866,6006 11046,613 11431,885 6828,4346
2,056 B 1621,0874 10764,269 13001,728 8945,453 11402,657 2715,1487 S 1019,2784 3114,573 6866,6006 11046,613 11431,885 6828,4346
2,0560002 B 1621,0874 10764,269 13001,728 8945,453 11402,657 2715,1487 S 1019,2784 3114,573 6866,6006 11046,613 11431,885 6828,4346
2,0552382 B 1621,0874 10764,269 13001,728 8945,453 11402,657 2715,1487 S 1019,2784 3114,573 6866,6006 11046,613 11431,885 6828,4346
2,0550005 B 1621,0874 10764,269 13001,728 8945,453 11402,657 2715,1487 S 1019,2784 3114,573 6866,6006 11046,613 11431,885 6828,4346
2,0558085 B 1621,0874 10764,269 13001,728 8945,453 11402,657 2715,1487 S 1019,2784 3114,573 6866,6006 11046,613 11431,885 6828,4346
2,0570228 B 1621,0874 10764,269 13001,728 8945,453 11402,657 2715,1487 S 1019,2784 3114,573 6866,6006 11046,613 11431,885 6828,4346
2,0584471 B 1621,0874 10764,269 13001,728 8945,453 11402,657 2715,1487 S 1019,2784 3114,573 6866,6006 11046,613 11431,885 6828,4346
2,059 B 1621,0874 10764,269 13001,728 8945,453 11402,657 2715,1487 S 1019,2784 3114,573 6866,6006 11046,613 11431,885 6828,4346
2,0589156 B 1621,0874 10764,269 13001,728 8945,453 11402,657 2715,1487 S 1019,2784 3114,573 6866,6006 11046,613 11431,885 6828,4346
2,0580003 B 1621,0874 10764,269 13001,728 8945,453 11402,657 2715,1487 S 1019,2784 3114,573 6866,6006 11046,613 11431,885 6828,4346
2,0579998 B 1621,0874 10764,269 13001,728 8945,453 11402,657 2715,1487 S 1019,2784 3114,573 6866,6006 11046,613 11431,885 6828,4346
2,0579998 B 1621,0874 10764,269 13001,728 8945,453 11402,657 2715,1487 S 1019,2784 3114,573 6866,6006 11046,613 11431,885 6828,4346
2,0572178 B 1621,0874 10764,269 13001,728 8945,453 11402,657 2715,1487 S 1019,2784 3114,573 6866,6006 11046,613 11431,885 6828,4346
2,057414 B 1621,0874 10764,269 13001,728 8945,453 11402,657 2715,1487 S 1019,2784 3114,573 6866,6006 11046,613 11431,885 6828,4346
2,061 B 1621,0874 10764,269 13001,728 8945,453 11402,657 2715,1487 S 1019,2784 3114,573 6866,6006 11046,613 11431,885 6828,4346
2,0610003 B 1621,0874 10764,269 13001,728 8945,453 11402,657 2715,1487 S 1019,2784 3114,573 6866,6006 11046,613 11431,885 6828,4346
2,061 B 1621,0874 10764,269 13001,728 8945,453 11402,657 2715,1487 S 1019,2784 3114,573 6866,6006 11046,613 11431,885 6828,4346
2,0609996 B 1621,0874 10764,269 13001,728 8945,453 11402,657 2715,1487 S 1019,2784 3114,573 6866,6006 11046,613 11431,885 6828,4346
2,061 B 1621,0874 10764,269 13001,728 8945,453 11402,657 2715,1487 S 1019,2784 3114,573 6866,6006 11046,613 11431,885 6828,4346
2,0609999 B 1621,0874 10764,269 13001,728 8945,453 11402,657 2715,1487 S 1019,2784 3114,573 6866,6006 11046,613 11431,885 6828,4346
2,061 B 1621,0874 10764,269 13001,728 8945,453 11402,657 2715,1487 S 1019,2784 3114,573 6866,6006 11046,613 11431,885 6828,4346
2,0609999 B 1621,0874 10764,269 13001,728 8945,453 11402,657 2715,1487 S 1019,2784 3114,573 6866,6006 11046,613 11431,885 6828,4346
2,0609996 B 1621,0874 10764,269 13001,728 8945,453 11402,657 2715,1487 S 1019,2784 3114,573 6866,6006 11046,613 11431,885 6828,4346
2,061 B 1621,0874 10764,269 13001,728 8945,453 11402,657 2715,1487 S 1019,2784 3114,573 6866,6006 11046,613 11431,885 6828,4346
2,061 B 1621,0874 10764,269 13001,728 8945,453 11402,657 2715,1487 S 1019,2784 3114,573 6866,6006 11046,613 11431,885 6828,4346
2,0609999 B 1621,0874 10764,269 13001,728 8945,453 11402,657 2715,1487 S 1019,2784 3114,573 6866,6006 11046,613 11431,885 6828,4346
2,061 B 1621,0874 10764,269 13001,728 8945,453 11402,657 2715,1487 S 1019,2784 3114,573 6866,6006 11046,613 11431,885 6828,4346
2,0609999 B 1621,0874 10764,269 13001,728 8945,453 11402,657 2715,1487 S 1019,2784 3114,573 6866,6006 11046,613 11431,885 6828,4346
2,0616746 B 1621,0874 10764,269 13001,728 8945,453 11402,657 2715,1487 S 1019,2784 3114,573 6866,6006 11046,613 11431,885 6828,4346
2,0620606 B 1621,0874 10764,269 13001,728 8945,453 11402,657 2715,1487 S 1019,2784 3114,573 6866,6006 11046,613 11431,885 6828,4346
2,0630002 B 1621,0874 10764,269 13001,728 8945,453 11402,657 2715,1487 S 1019,2784 3114,573 6866,6006 11046,613 11431,885 6828,4346
2,0632215 B 1621,0874 10764,269 13001,728 8945,453 11402,657 2715,1487 S 1019,2784 3114,573 6866,6006 11046,613 11431,885 6828,4346
2,064 B 1621,0874 10764,269 13001,728 8945,453 11402,657 2715,1487 S 1019,2784 3114,573 6866,6006 11046,613 11431,885 6828,4346
2,0635884 B 1621,0874 10764,269 13001,728 8945,453 11402,657 2715,1487 S 1019,2784 3114,573 6866,6006 11046,613 11431,885 6828,4346
2,063 B 1621,0874 10764,269 13001,728 8945,453 11402,657 2715,1487 S 1019,2784 3114,573 6866,6006 11046,613 11431,885 6828,4346
2,0630002 B 1621,0874 10764,269 13001,728 8945,453 11402,657 2715,1487 S 1019,2784 3114,573 6866,6006 11046,613 11431,885 6828,4346
2,0630004 B 1621,0874 10764,269 13001,728 8945,453 11402,657 2715,1487 S 1019,2784 3114,573 6866,6006 11046,613 11431,885 6828,4346
2,064043 B 1621,0874 10764,269 13001,728 8945,453 11402,657 2715,1487 S 1019,2784 3114,573 6866,6006 11046,613 11431,885 6828,4346
2,0642586 B 1621,0874 10764,269 13001,728 8945,453 11402,657 2715,1487 S 1019,2784 3114,573 6866,6006 11046,613 11431,885 6828,4346
2,0640001 B 1621,0874 10764,269 13001,728 8945,453 11402,657 2715,1487 S 1019,2784 3114,573 6866,6006 11046,613 11431,885 6828,4346
2,0639997 B 1621,0874 10764,269 13001,728 8945,453 11402,657 2715,1487 S 1019,2784 3114,573 6866,6006 11046,613 11431,885 6828,4346
2,0639992 B 1621,0874 10764,269 13001,728 8945,453 11402,657 2715,1487 S 1019,2784 3114,573 6866,6006 11046,613 11431,885 6828,4346
2,0640001 B 1621,0874 10764,269 13001,728 8945,453 11402,657 2715,1487 S 1019,2784 3114,573 6866,6006 11046,613 11431,885 6828,4346
2,0640001 B 1621,0874 10764,269 13001,728 8945,453 11402,657 2715,1487 S 1019,2784 3114,573 6866,6006 11046,613 11431,885 6828,4346
2,0640004 B 1621,0874 10764,269 13001,728 8945,453 11402,657 2715,1487 S 1019,2784 3114,573 6866,6006 11046,613 11431,885 6828,4346
2,0651438 B 1621,0874 10764,269 13001,728 8945,453 11402,657 2715,1487 S 1019,2784 3114,573 6866,6006 11046,613 11431,885 6828,4346
2,0659997 B 1621,0874 10764,269 13001,728 8945,453 11402,657 2715,1487 S 1019,2784 3114,573 6866,6006 11046,613 11431,885 6828,4346
2,0653589 B 1621,0874 10764,269 13001,728 8945,453 11402,657 2715,1487 S 1019,2784 3114,573 6866,6006 11046,613 11431,885 6828,4346
2,0649996 B 1621,0874 10764,269 13001,728 8945,453 11402,657 2715,1487 S 1019,2784 3114,573 6866,6006 11046,613 11431,885 6828,4346
2,0650003 B 1621,0874 10764,269 13001,728 8945,453 11402,657 2715,1487 S 1019,2784 3114,573 6866,6006 11046,613 11431,885 6828,4346
2,065 B 1621,0874 10764,269 13001,728 8945,453 11402,657 2715,1487 S 1019,2784 3114,573 6866,6006 11046,613 11431,885 6828,4346
2,0649996 B 1621,0874 10764,269 13001,728 8945,453 11402,657 2715,1487 S 1019,2784 3114,573 6866,6006 11046,613 11431,885 6828,4346
2,0648482 B 1621,0874 10764,269 13001,728 8945,453 11402,657 2715,1487 S 1019,2784 3114,573 6866,6006 11046,613 11431,885 6828,4346
2,064 B 1621,0874 10764,269 13001,728 8945,453 11402,657 2715,1487 S 1019,2784 3114,573 6866,6006 11046,613 11431,885 6828,4346
2,0640006 B 1621,0874 10764,269 13001,728 8945,453 11402,657 2715,1487 S 1019,2784 3114,573 6866,6006 11046,613 11431,885 6828,4346
2,0640001 B 1621,0874 10764,269 13001,728 8945,453 11402,657 2715,1487 S 1019,2784 3114,573 6866,6006 11046,613 11431,885 6828,4346
2,0639997 B 1621,0874 10764,269 13001,728 8945,453 11402,657 2715,1487 S 1019,2784 3114,573 6866,6006 11046,613 11431,885 6828,4346
2,0645423 B 1621,0874 10764,269 13001,728 8945,453 11402,657 2715,1487 S 1019,2784 3114,573 6866,6006 11046,613 11431,885 6828,4346
2,0649998 B 1621,0874 10764,269 13001,728 8945,453 11402,657 2715,1487 S 1019,2784 3114,573 6866,6006 11046,613 11431,885 6828,4346
2,0655868 B 1621,0874 10764,269 13001,728 8945,453 11402,657 2715,1487 S 1019,2784 3114,573 6866,6006 11046,613 11431,885 6828,4346
2,066 B 1621,0874 10764,269 13001,728 8945,453 11402,657 2715,1487 S 1019,2784 3114,573 6866,6006 11046,613 11431,885 6828,4346
2,0669296 B 1621,0874 10764,269 13001,728 8945,453 11402,657 2715,1487 S 1019,2784 3114,573 6866,6006 11046,613 11431,885 6828,4346
2,0684936 B 1621,0874 10764,269 13001,728 8945,453 11402,657 2715,1487 S 1019,2784 3114,573 6866,6006 11046,613 11431,885 6828,4346
2,0689995 B 1621,0874 10764,269 13001,728 8945,453 11402,657 2715,1487 S 1019,2784 3114,573 6866,6006 11046,613 11431,885 6828,4346
2,0690002 B 1621,0874 10764,269 13001,728 8945,453 11402,657 2715,1487 S 1019,2784 3114,573 6866,6006 11046,613 11431,885 6828,4346
2,069621 B 1621,0874 10764,269 13001,728 8945,453 11402,657 2715,1487 S 1019,2784 3114,573 6866,6006 11046,613 11431,885 6828,4346
2,07 B 1621,0874 10764,269 13001,728 8945,453 11402,657 2715,1487 S 1019,2784 3114,573 6866,6006 11046,613 11431,885 6828,4346
2,070961 B 1621,0874 10764,269 13001,728 8945,453 11402,657 2715,1487 S 1019,2784 3114,573 6866,6006 11046,613 11431,885 6828,4346
2,0709999 B 1621,0874 10764,269 13001,728 8945,453 11402,657 2715,1487 S 1019,2784 3114,573 6866,6006 11046,613 11431,885 6828,4346
2,0709999 B 1621,0874 10764,269 13001,728 8945,453 11402,657 2715,1487 S 1019,2784 3114,573 6866,6006 11046,613 11431,885 6828,4346
2,0709994 B 1621,0874 10764,269 13001,728 8945,453 11402,657 2715,1487 S 1019,2784 3114,573 6866,6006 11046,613 11431,885 6828,4346
2,0720282 B 1621,0874 10764,269 13001,728 8945,453 11402,657 2715,1487 S 1019,2784 3114,573 6866,6006 11046,613 11431,885 6828,4346
2,0729995 B 1621,0874 10764,269 13001,728 8945,453 11402,657 2715,1487 S 1019,2784 3114,573 6866,6006 11046,613 11431,885 6828,4346
2,0730002 B 1621,0874 10764,269 13001,728 8945,453 11402,657 2715,1487 S 1019,2784 3114,573 6866,6006 11046,613 11431,885 6828,4346
2,0735407 B 1621,0874 10764,269 13001,728 8945,453 11402,657 2715,1487 S 1019,2784 3114,573 6866,6006 11046,613 11431,885 6828,4346
2,0741827 B 1621,0874 10764,269 13001,728 8945,453 11402,657 2715,1487 S 1019,2784 3114,573 6866,6006 11046,613 11431,885 6828,4346
2,0757604 B 1621,0874 10764,269 13001,728 8945,453 11402,657 2715,1487 S 1019,2784 3114,573 6866,6006 11046,613 11431,885 6828,4346
2,075 B 1621,0874 10764,269 13001,728 8945,453 11402,657 2715,1487 S 1019,2784 3114,573 6866,6006 11046,613 11431,885 6828,4346
2,0750005 B 1621,0874 10764,269 13001,728 8945,453 11402,657 2715,1487 S 1019,2784 3114,573 6866,6006 11046,613 11431,885 6828,4346
2,0749998 B 1621,0874 10764,269 13001,728 8945,453 11402,657 2715,1487 S 1019,2784 3114,573 6866,6006 11046,613 11431,885 6828,4346
2,0750003 B 1621,0874 10764,269 13001,728 8945,453 11402,657 2715,1487 S 1019,2784 3114,573 6866,6006 11046,613 11431,885 6828,4346
2,0749998 B 1621,0874 10764,269 13001,728 8945,453 11402,657 2715,1487 S 1019,2784 3114,573 6866,6006 11046,613 11431,885 6828,4346
2,0759168 B 1621,0874 10764,269 13001,728 8945,453 11402,657 2715,1487 S 1019,2784 3114,573 6866,6006 11046,613 11431,885 6828,4346
2,0780008 B 1621,0874 10764,269 13001,728 8945,453 11402,657 2715,1487 S 1019,2784 3114,573 6866,6006 11046,613 11431,885 6828,4346
2,078 B 1621,0874 10764,269 13001,728 8945,453 11402,657 2715,1487 S 1019,2784 3114,573 6866,6006 11046,613 11431,885 6828,4346
2,078 B 1621,0874 10764,269 13001,728 8945,453 11402,657 2715,1487 S 1019,2784 3114,573 6866,6006 11046,613 11431,885 6828,4346
2,0780008 B 1621,0874 10764,269 13001,728 8945,453 11402,657 2715,1487 S 1019,2784 3114,573 6866,6006 11046,613 11431,885 6828,4346
2,0785594 B 1621,0874 10764,269 13001,728 8945,453 11402,657 2715,1487 S 1019,2784 3114,573 6866,6006 11046,613 11431,885 6828,4346
2,0805502 B 1621,0874 10764,269 13001,728 8945,453 11402,657 2715,1487 S 1019,2784 3114,573 6866,6006 11046,613 11431,885 6828,4346
2,080098 B 1621,0874 10764,269 13001,728 8945,453 11402,657 2715,1487 S 1019,2784 3114,573 6866,6006 11046,613 11431,885 6828,4346
2,0817509 B 1621,0874 10764,269 13001,728 8945,453 11402,657 2715,1487 S 1019,2784 3114,573 6866,6006 11046,613 11431,885 6828,4346
2,0810003 B 1621,0874 10764,269 13001,728 8945,453 11402,657 2715,1487 S 1019,2784 3114,573 6866,6006 11046,613 11431,885 6828,4346
2,0811682 B 1621,0874 10764,269 13001,728 8945,453 11402,657 2715,1487 S 1019,2784 3114,573 6866,6006 11046,613 11431,885 6828,4346
2,0830004 B 1621,0874 10764,269 13001,728 8945,453 11402,657 2715,1487 S 1019,2784 3114,573 6866,6006 11046,613 11431,885 6828,4346
2,0829484 B 1621,0874 10764,269 13001,728 8945,453 11402,657 2715,1487 S 1019,2784 3114,573 6866,6006 11046,613 11431,885 6828,4346
2,0822217 B 1621,0874 10764,269 13001,728 8945,453 11402,657 2715,1487 S 1019,2784 3114,573 6866,6006 11046,613 11431,885 6828,4346
2,0840003 B 1621,0874 10764,269 13001,728 8945,453 11402,657 2715,1487 S 1019,2784 3114,573 6866,6006 11046,613 11431,885 6828,4346
2,084186 B 1621,0874 10764,269 13001,728 8945,453 11402,657 2715,1487 S 1019,2784 3114,573 6866,6006 11046,613 11431,885 6828,4346
2,0858147 B 1621,0874 10764,269 13001,728 8945,453 11402,657 2715,1487 S 1019,2784 3114,573 6866,6006 11046,613 11431,885 6828,4346
2,0852067 B 1621,0874 10764,269 13001,728 8945,453 11402,657 2715,1487 S 1019,2784 3114,573 6866,6006 11046,613 11431,885 6828,4346
2,085 B 1621,0874 10764,269 13001,728 8945,453 11402,657 2715,1487 S 1019,2784 3114,573 6866,6006 11046,613 11431,885 6828,4346
2,0850005 B 1621,0874 10764,269 13001,728 8945,453 11402,657 2715,1487 S 1019,2784 3114,573 6866,6006 11046,613 11431,885 6828,4346
2,085 B 1621,0874 10764,269 13001,728 8945,453 11402,657 2715,1487 S 1019,2784 3114,573 6866,6006 11046,613 11431,885 6828,4346
2,0852976 B 1621,0874 10764,269 13001,728 8945,453 11402,657 2715,1487 S 1019,2784 3114,573 6866,6006 11046,613 11431,885 6828,4346
2,086185 B 1621,0874 10764,269 13001,728 8945,453 11402,657 2715,1487 S 1019,2784 3114,573 6866,6006 11046,613 11431,885 6828,4346
2,0879998 B 1621,0874 10764,269 13001,728 8945,453 11402,657 2715,1487 S 1019,2784 3114,573 6866,6006 11046,613 11431,885 6828,4346
2,0900714 B 1621,0874 10764,269 13001,728 8945,453 11402,657 2715,1487 S 1019,2784 3114,573 6866,6006 11046,613 11431,885 6828,4346
2,0902627 B 1621,0874 10764,269 13001,728 8945,453 11402,657 2715,1487 S 1019,2784 3114,573 6866,6006 11046,613 11431,885 6828,4346
2,0899942 B 1621,0874 10764,269 13001,728 8945,453 11402,657 2715,1487 S 1019,2784 3114,573 6866,6006 11046,613 11431,885 6828,4346
2,0899997 B 1621,0874 10764,269 13001,728 8945,453 11402,657 2715,1487 S 1019,2784 3114,573 6866,6006 11046,613 11431,885 6828,4346
2,0891242 B 1621,0874 10764,269 13001,728 8945,453 11402,657 2715,1487 S 1019,2784 3114,573 6866,6006 11046,613 11431,885 6828,4346
2,089539 B 1621,0874 10764,269 13001,728 8945,453 11402,657 2715,1487 S 1019,2784 3114,573 6866,6006 11046,613 11431,885 6828,4346
2,09 B 1621,0874 10764,269 13001,728 8945,453 11402,657 2715,1487 S 1019,2784 3114,573 6866,6006 11046,613 11431,885 6828,4346
2,0906882 B 1621,0874 10764,269 13001,728 8945,453 11402,657 2715,1487 S 1019,2784 3114,573 6866,6006 11046,613 11431,885 6828,4346
2,092559 B 1621,0874 10764,269 13001,728 8945,453 11402,657 2715,1487 S 1019,2784 3114,573 6866,6006 11046,613 11431,885 6828,4346
