1,9926311
1,9930003 B 3508,05 5068,029 9308,868 11566,34 5624,788 15331,879 S 1746,312 7172,986 12190,678 10069,837 3404,3086 1401,2773
1,9930003 B 3508,05 5068,029 9308,868 11566,34 5624,788 15331,879 S 1746,312 7172,986 12190,678 10069,837 3404,3086 1401,2773
1,9930006 B 3508,05 5068,029 9308,868 11566,34 5624,788 15331,879 S 1746,312 7172,986 12190,678 10069,837 3404,3086 1401,2773
1,9930003 B 3508,05 5068,029 9308,868 11566,34 5624,788 15331,879 S 1746,312 7172,986 12190,678 10069,837 3404,3086 1401,2773
1,9928279 B 3508,05 5068,029 9308,868 11566,34 5624,788 15331,879 S 1746,312 7172,986 12190,678 10069,837 3404,3086 1401,2773
1,9920001 B 3508,05 5068,029 9308,868 11566,34 5624,788 15331,879 S 1746,312 7172,986 12190,678 10069,837 3404,3086 1401,2773
1,9919999 B 3508,05 5068,029 9308,868 11566,34 5624,788 15331,879 S 1746,312 7172,986 12190,678 10069,837 3404,3086 1401,2773
1,9919997 B 3508,05 5068,029 9308,868 11566,34 5624,788 15331,879 S 1746,312 7172,986 12190,678 10069,837 3404,3086 1401,2773
1,9920006 B 3508,05 5068,029 9308,868 11566,34 5624,788 15331,879 S 1746,312 7172,986 12190,678 10069,837 3404,3086 1401,2773
1,9919997 B 3508,05 5068,029 9308,868 11566,34 5624,788 15331,879 S 1746,312 7172,986 12190,678 10069,837 3404,3086 1401,2773
1,9920005 B 3508,05 5068,029 9308,868 11566,34 5624,788 15331,879 S 1746,312 7172,986 12190,678 10069,837 3404,3086 1401,2773
1,9920001 B 3508,05 5068,029 9308,868 11566,34 5624,788 15331,879 S 1746,312 7172,986 12190,678 10069,837 3404,3086 1401,2773
1,9920002 B 3508,05 5068,029 9308,868 11566,34 5624,788 15331,879 S 1746,312 7172,986 12190,678 10069,837 3404,3086 1401,2773
1,9920001 B 3508,05 5068,029 9308,868 11566,34 5624,788 15331,879 S 1746,312 7172,986 12190,678 10069,837 3404,3086 1401,2773
1,9919994 B 3508,05 5068,029 9308,868 11566,34 5624,788 15331,879 S 1746,312 7172,986 12190,678 10069,837 3404,3086 1401,2773
1,9919995 B 3508,05 5068,029 9308,868 11566,34 5624,788 15331,879 S 1746,312 7172,986 12190,678 10069,837 3404,3086 1401,2773
1,9919999 B 3508,05 5068,029 9308,868 11566,34 5624,788 15331,879 S 1746,312 7172,986 12190,678 10069,837 3404,3086 1401,2773
1,9920003 B 3508,05 5068,029 9308,868 11566,34 5624,788 15331,879 S 1746,312 7172,986 12190,678 10069,837 3404,3086 1401,2773
1,9920002 B 3508,05 5068,029 9308,868 11566,34 5624,788 15331,879 S 1746,312 7172,986 12190,678 10069,837 3404,3086 1401,2773
1,9901264 B 3508,05 5068,029 9308,868 11566,34 5624,788 15331,879 S 1746,312 7172,986 12190,678 10069,837 3404,3086 1401,2773
1,9893788 B 3508,05 5068,029 9308,868 11566,34 5624,788 15331,879 S 1746,312 7172,986 12190,678 10069,837 3404,3086 1401,2773
1,989 B 3508,05 5068,029 9308,868 11566,34 5624,788 15331,879 S 1746,312 7172,986 12190,678 10069,837 3404,3086 1401,2773
1,989 B 3508,05 5068,029 9308,868 11566,34 5624,788 15331,879 S 1746,312 7172,986 12190,678 10069,837 3404,3086 1401,2773
1,9889996 B 3508,05 5068,029 9308,868 11566,34 5624,788 15331,879 S 1746,312 7172,986 12190,678 10069,837 3404,3086 1401,2773
1,989 B 3508,05 5068,029 9308,868 11566,34 5624,788 15331,879 S 1746,312 7172,986 12190,678 10069,837 3404,3086 1401,2773
1,9889998 B 3508,05 5068,029 9308,868 11566,34 5624,788 15331,879 S 1746,312 7172,986 12190,678 10069,837 3404,3086 1401,2773
1,9889998 B 3508,05 5068,029 9308,868 11566,34 5624,788 15331,879 S 1746,312 7172,986 12190,678 10069,837 3404,3086 1401,2773
1,9890002 B 3508,05 5068,029 9308,868 11566,34 5624,788 15331,879 S 1746,312 7172,986 12190,678 10069,837 3404,3086 1401,2773
1,9889995 B 3508,05 5068,029 9308,868 11566,34 5624,788 15331,879 S 1746,312 7172,986 12190,678 10069,837 3404,3086 1401,2773
1,9890004 B 3508,05 5068,029 9308,868 11566,34 5624,788 15331,879 S 1746,312 7172,986 12190,678 10069,837 3404,3086 1401,2773
1,989 B 3508,05 5068,029 9308,868 11566,34 5624,788 15331,879 S 1746,312 7172,986 12190,678 10069,837 3404,3086 1401,2773
1,9890001 B 3508,05 5068,029 9308,868 11566,34 5624,788 15331,879 S 1746,312 7172,986 12190,678 10069,837 3404,3086 1401,2773
1,9890002 B 3508,05 5068,029 9308,868 11566,34 5624,788 15331,879 S 1746,312 7172,986 12190,678 10069,837 3404,3086 1401,2773
1,9890006 B 3508,05 5068,029 9308,868 11566,34 5624,788 15331,879 S 1746,312 7172,986 12190,678 10069,837 3404,3086 1401,2773
1,9890001 B 3508,05 5068,029 9308,868 11566,34 5624,788 15331,879 S 1746,312 7172,986 12190,678 10069,837 3404,3086 1401,2773
1,9889996 B 3508,05 5068,029 9308,868 11566,34 5624,788 15331,879 S 1746,312 7172,986 12190,678 10069,837 3404,3086 1401,2773
1,9890003 B 3508,05 5068,029 9308,868 11566,34 5624,788 15331,879 S 1746,312 7172,986 12190,678 10069,837 3404,3086 1401,2773
1,9890002 B 3508,05 5068,029 9308,868 11566,34 5624,788 15331,879 S 1746,312 7172,986 12190,678 10069,837 3404,3086 1401,2773
1,9890003 B 3508,05 5068,029 9308,868 11566,34 5624,788 15331,879 S 1746,312 7172,986 12190,678 10069,837 3404,3086 1401,2773
1,9890001 B 3508,05 5068,029 9308,868 11566,34 5624,788 15331,879 S 1746,312 7172,986 12190,678 10069,837 3404,3086 1401,2773
1,9890003 B 3508,05 5068,029 9308,868 11566,34 5624,788 15331,879 S 1746,312 7172,986 12190,678 10069,837 3404,3086 1401,2773
1,9907577 B 3508,05 5068,029 9308,868 11566,34 5624,788 15331,879 S 1746,312 7172,986 12190,678 10069,837 3404,3086 1401,2773
1,9893563 B 3508,05 5068,029 9308,868 11566,34 5624,788 15331,879 S 1746,312 7172,986 12190,678 10069,837 3404,3086 1401,2773
1,9889995 B 3508,05 5068,029 9308,868 11566,34 5624,788 15331,879 S 1746,312 7172,986 12190,678 10069,837 3404,3086 1401,2773
1,9890001 B 3508,05 5068,029 9308,868 11566,34 5624,788 15331,879 S 1746,312 7172,986 12190,678 10069,837 3404,3086 1401,2773
1,9889992 B 3508,05 5068,029 9308,868 11566,34 5624,788 15331,879 S 1746,312 7172,986 12190,678 10069,837 3404,3086 1401,2773
1,9880388 B 3508,05 5068,029 9308,868 11566,34 5624,788 15331,879 S 1746,312 7172,986 12190,678 10069,837 3404,3086 1401,2773
1,9879994 B 3508,05 5068,029 9308,868 11566,34 5624,788 15331,879 S 1746,312 7172,986 12190,678 10069,837 3404,3086 1401,2773
1,9879996 B 3508,05 5068,029 9308,868 11566,34 5624,788 15331,879 S 1746,312 7172,986 12190,678 10069,837 3404,3086 1401,2773
1,9880002 B 3508,05 5068,029 9308,868 11566,34 5624,788 15331,879 S 1746,312 7172,986 12190,678 10069,837 3404,3086 1401,2773
1,9880003 B 3508,05 5068,029 9308,868 11566,34 5624,788 15331,879 S 1746,312 7172,986 12190,678 10069,837 3404,3086 1401,2773
1,9879993 B 3508,05 5068,029 9308,868 11566,34 5624,788 15331,879 S 1746,312 7172,986 12190,678 10069,837 3404,3086 1401,2773
1,9885372 B 3508,05 5068,029 9308,868 11566,34 5624,788 15331,879 S 1746,312 7172,986 12190,678 10069,837 3404,3086 1401,2773
1,9889998 B 3508,05 5068,029 9308,868 11566,34 5624,788 15331,879 S 1746,312 7172,986 12190,678 10069,837 3404,3086 1401,2773
1,9889998 B 3508,05 5068,029 9308,868 11566,34 5624,788 15331,879 S 1746,312 7172,986 12190,678 10069,837 3404,3086 1401,2773
1,988428 B 3508,05 5068,029 9308,868 11566,34 5624,788 15331,879 S 1746,312 7172,986 12190,678 10069,837 3404,3086 1401,2773
1,9879997 B 3508,05 5068,029 9308,868 11566,34 5624,788 15331,879 S 1746,312 7172,986 12190,678 10069,837 3404,3086 1401,2773
1,9879998 B 3508,05 5068,029 9308,868 11566,34 5624,788 15331,879 S 1746,312 7172,986 12190,678 10069,837 3404,3086 1401,2773
1,9879997 B 3508,05 5068,029 9308,868 11566,34 5624,788 15331,879 S 1746,312 7172,986 12190,678 10069,837 3404,3086 1401,2773
1,987014 B 3508,05 5068,029 9308,868 11566,34 5624,788 15331,879 S 1746,312 7172,986 12190,678 10069,837 3404,3086 1401,2773
1,9869996 B 3508,05 5068,029 9308,868 11566,34 5624,788 15331,879 S 1746,312 7172,986 12190,678 10069,837 3404,3086 1401,2773
1,9870002 B 3508,05 5068,029 9308,868 11566,34 5624,788 15331,879 S 1746,312 7172,986 12190,678 10069,837 3404,3086 1401,2773
1,9869996 B 3508,05 5068,029 9308,868 11566,34 5624,788 15331,879 S 1746,312 7172,986 12190,678 10069,837 3404,3086 1401,2773
1,987 B 3508,05 5068,029 9308,868 11566,34 5624,788 15331,879 S 1746,312 7172,986 12190,678 10069,837 3404,3086 1401,2773
1,9870001 B 3508,05 5068,029 9308,868 11566,34 5624,788 15331,879 S 1746,312 7172,986 12190,678 10069,837 3404,3086 1401,2773
1,9870006 B 3508,05 5068,029 9308,868 11566,34 5624,788 15331,879 S 1746,312 7172,986 12190,678 10069,837 3404,3086 1401,2773
1,9869989 B 3508,05 5068,029 9308,868 11566,34 5624,788 15331,879 S 1746,312 7172,986 12190,678 10069,837 3404,3086 1401,2773
1,9869996 B 3508,05 5068,029 9308,868 11566,34 5624,788 15331,879 S 1746,312 7172,986 12190,678 10069,837 3404,3086 1401,2773
1,9869998 B 3508,05 5068,029 9308,868 11566,34 5624,788 15331,879 S 1746,312 7172,986 12190,678 10069,837 3404,3086 1401,2773
1,9886757 B 3508,05 5068,029 9308,868 11566,34 5624,788 15331,879 S 1746,312 7172,986 12190,678 10069,837 3404,3086 1401,2773
1,9899505 B 3508,05 5068,029 9308,868 11566,34 5624,788 15331,879 S 1746,312 7172,986 12190,678 10069,837 3404,3086 1401,2773
1,9900005 B 3508,05 5068,029 9308,868 11566,34 5624,788 15331,879 S 1746,312 7172,986 12190,678 10069,837 3404,3086 1401,2773
1,99 B 3508,05 5068,029 9308,868 11566,34 5624,788 15331,879 S 1746,312 7172,986 12190,678 10069,837 3404,3086 1401,2773
1,9900005 B 3508,05 5068,029 9308,868 11566,34 5624,788 15331,879 S 1746,312 7172,986 12190,678 10069,837 3404,3086 1401,2773
1,99 B 3508,05 5068,029 9308,868 11566,34 5624,788 15331,879 S 1746,312 7172,986 12190,678 10069,837 3404,3086 1401,2773
1,9899998 B 3508,05 5068,029 9308,868 11566,34 5624,788 15331,879 S 1746,312 7172,986 12190,678 10069,837 3404,3086 1401,2773
1,9900005 B 3508,05 5068,029 9308,868 11566,34 5624,788 15331,879 S 1746,312 7172,986 12190,678 10069,837 3404,3086 1401,2773
1,9900006 B 3508,05 5068,029 9308,868 11566,34 5624,788 15331,879 S 1746,312 7172,986 12190,678 10069,837 3404,3086 1401,2773
1,99 B 3508,05 5068,029 9308,868 11566,34 5624,788 15331,879 S 1746,312 7172,986 12190,678 10069,837 3404,3086 1401,2773
1,9900006 B 3508,05 5068,029 9308,868 11566,34 5624,788 15331,879 S 1746,312 7172,986 12190,678 10069,837 3404,3086 1401,2773
1,99 B 3508,05 5068,029 9308,868 11566,34 5624,788 15331,879 S 1746,312 7172,986 12190,678 10069,837 3404,3086 1401,2773
1,99 B 3508,05 5068,029 9308,868 11566,34 5624,788 15331,879 S 1746,312 7172,986 12190,678 10069,837 3404,3086 1401,2773
1,9899999 B 3508,05 5068,029 9308,868 11566,34 5624,788 15331,879 S 1746,312 7172,986 12190,678 10069,837 3404,3086 1401,2773
1,9901117 B 3508,05 5068,029 9308,868 11566,34 5624,788 15331,879 S 1746,312 7172,986 12190,678 10069,837 3404,3086 1401,2773
1,9909999 B 3508,05 5068,029 9308,868 11566,34 5624,788 15331,879 S 1746,312 7172,986 12190,678 10069,837 3404,3086 1401,2773
1,9909997 B 3508,05 5068,029 9308,868 11566,34 5624,788 15331,879 S 1746,312 7172,986 12190,678 10069,837 3404,3086 1401,2773
1,9909996 B 3508,05 5068,029 9308,868 11566,34 5624,788 15331,879 S 1746,312 7172,986 12190,678 10069,837 3404,3086 1401,2773
1,9910003 B 3508,05 5068,029 9308,868 11566,34 5624,788 15331,879 S 1746,312 7172,986 12190,678 10069,837 3404,3086 1401,2773
1,9902275 B 3508,05 5068,029 9308,868 11566,34 5624,788 15331,879 S 1746,312 7172,986 12190,678 10069,837 3404,3086 1401,2773
1,9900004 B 3508,05 5068,029 9308,868 11566,34 5624,788 15331,879 S 1746,312 7172,986 12190,678 10069,837 3404,3086 1401,2773
1,9901327 B 3508,05 5068,029 9308,868 11566,34 5624,788 15331,879 S 1746,312 7172,986 12190,678 10069,837 3404,3086 1401,2773
1,991 B 3508,05 5068,029 9308,868 11566,34 5624,788 15331,879 S 1746,312 7172,986 12190,678 10069,837 3404,3086 1401,2773
1,9909998 B 3508,05 5068,029 9308,868 11566,34 5624,788 15331,879 S 1746,312 7172,986 12190,678 10069,837 3404,3086 1401,2773
1,991 B 3508,05 5068,029 9308,868 11566,34 5624,788 15331,879 S 1746,312 7172,986 12190,678 10069,837 3404,3086 1401,2773
1,9909999 B 3508,05 5068,029 9308,868 11566,34 5624,788 15331,879 S 1746,312 7172,986 12190,678 10069,837 3404,3086 1401,2773
1,9914683 B 3508,05 5068,029 9308,868 11566,34 5624,788 15331,879 S 1746,312 7172,986 12190,678 10069,837 3404,3086 1401,2773
1,9920003 B 3508,05 5068,029 9308,868 11566,34 5624,788 15331,879 S 1746,312 7172,986 12190,678 10069,837 3404,3086 1401,2773
1,9926766 B 3508,05 5068,029 9308,868 11566,34 5624,788 15331,879 S 1746,312 7172,986 12190,678 10069,837 3404,3086 1401,2773
1,9929999 B 3508,05 5068,029 9308,868 11566,34 5624,788 15331,879 S 1746,312 7172,986 12190,678 10069,837 3404,3086 1401,2773
1,9930003 B 3508,05 5068,029 9308,868 11566,34 5624,788 15331,879 S 1746,312 7172,986 12190,678 10069,837 3404,3086 1401,2773
1,993115 B 3508,05 5068,029 9308,868 11566,34 5624,788 15331,879 S 1746,312 7172,986 12190,678 10069,837 3404,3086 1401,2773
1,9939997 B 3508,05 5068,029 9308,868 11566,34 5624,788 15331,879 S 1746,312 7172,986 12190,678 10069,837 3404,3086 1401,2773
1,9939998 B 3508,05 5068,029 9308,868 11566,34 5624,788 15331,879 S 1746,312 7172,986 12190,678 10069,837 3404,3086 1401,2773
1,9940002 B 3508,05 5068,029 9308,868 11566,34 5624,788 15331,879 S 1746,312 7172,986 12190,678 10069,837 3404,3086 1401,2773
1,9936917 B 3508,05 5068,029 9308,868 11566,34 5624,788 15331,879 S 1746,312 7172,986 12190,678 10069,837 3404,3086 1401,2773
1,993 B 3508,05 5068,029 9308,868 11566,34 5624,788 15331,879 S 1746,312 7172,986 12190,678 10069,837 3404,3086 1401,2773
1,993 B 3508,05 5068,029 9308,868 11566,34 5624,788 15331,879 S 1746,312 7172,986 12190,678 10069,837 3404,3086 1401,2773
1,9930003 B 3508,05 5068,029 9308,868 11566,34 5624,788 15331,879 S 1746,312 7172,986 12190,678 10069,837 3404,3086 1401,2773
1,9930001 B 3508,05 5068,029 9308,868 11566,34 5624,788 15331,879 S 1746,312 7172,986 12190,678 10069,837 3404,3086 1401,2773
1,9930346 B 3508,05 5068,029 9308,868 11566,34 5624,788 15331,879 S 1746,312 7172,986 12190,678 10069,837 3404,3086 1401,2773
1,994 B 3508,05 5068,029 9308,868 11566,34 5624,788 15331,879 S 1746,312 7172,986 12190,678 10069,837 3404,3086 1401,2773
1,994 B 3508,05 5068,029 9308,868 11566,34 5624,788 15331,879 S 1746,312 7172,986 12190,678 10069,837 3404,3086 1401,2773
1,9939997 B 3508,05 5068,029 9308,868 11566,34 5624,788 15331,879 S 1746,312 7172,986 12190,678 10069,837 3404,3086 1401,2773
1,9939995 B 3508,05 5068,029 9308,868 11566,34 5624,788 15331,879 S 1746,312 7172,986 12190,678 10069,837 3404,3086 1401,2773
1,9939996 B 3508,05 5068,029 9308,868 11566,34 5624,788 15331,879 S 1746,312 7172,986 12190,678 10069,837 3404,3086 1401,2773
1,9940003 B 3508,05 5068,029 9308,868 11566,34 5624,788 15331,879 S 1746,312 7172,986 12190,678 10069,837 3404,3086 1401,2773
1,9939996 B 3508,05 5068,029 9308,868 11566,34 5624,788 15331,879 S 1746,312 7172,986 12190,678 10069,837 3404,3086 1401,2773
1,9940002 B 3508,05 5068,029 9308,868 11566,34 5624,788 15331,879 S 1746,312 7172,986 12190,678 10069,837 3404,3086 1401,2773
1,9944202 B 3508,05 5068,029 9308,868 11566,34 5624,788 15331,879 S 1746,312 7172,986 12190,678 10069,837 3404,3086 1401,2773
1,994207 B 3508,05 5068,029 9308,868 11566,34 5624,788 15331,879 S 1746,312 7172,986 12190,678 10069,837 3404,3086 1401,2773
1,9939994 B 3508,05 5068,029 9308,868 11566,34 5624,788 15331,879 S 1746,312 7172,986 12190,678 10069,837 3404,3086 1401,2773
1,9940002 B 3508,05 5068,029 9308,868 11566,34 5624,788 15331,879 S 1746,312 7172,986 12190,678 10069,837 3404,3086 1401,2773
1,9939997 B 3508,05 5068,029 9308,868 11566,34 5624,788 15331,879 S 1746,312 7172,986 12190,678 10069,837 3404,3086 1401,2773
1,9951756 B 3508,05 5068,029 9308,868 11566,34 5624,788 15331,879 S 1746,312 7172,986 12190,678 10069,837 3404,3086 1401,2773
1,9960003 B 3508,05 5068,029 9308,868 11566,34 5624,788 15331,879 S 1746,312 7172,986 12190,678 10069,837 3404,3086 1401,2773
1,9956344 B 3508,05 5068,029 9308,868 11566,34 5624,788 15331,879 S 1746,312 7172,986 12190,678 10069,837 3404,3086 1401,2773
1,9944878 B 3508,05 5068,029 9308,868 11566,34 5624,788 15331,879 S 1746,312 7172,986 12190,678 10069,837 3404,3086 1401,2773
1,9940001 B 3508,05 5068,029 9308,868 11566,34 5624,788 15331,879 S 1746,312 7172,986 12190,678 10069,837 3404,3086 1401,2773
1,9940001 B 3508,05 5068,029 9308,868 11566,34 5624,788 15331,879 S 1746,312 7172,986 12190,678 10069,837 3404,3086 1401,2773
1,9939996 B 3508,05 5068,029 9308,868 11566,34 5624,788 15331,879 S 1746,312 7172,986 12190,678 10069,837 3404,3086 1401,2773
1,9939997 B 3508,05 5068,029 9308,868 11566,34 5624,788 15331,879 S 1746,312 7172,986 12190,678 10069,837 3404,3086 1401,2773
1,9939998 B 3508,05 5068,029 9308,868 11566,34 5624,788 15331,879 S 1746,312 7172,986 12190,678 10069,837 3404,3086 1401,2773
1,9945709 B 3508,05 5068,029 9308,868 11566,34 5624,788 15331,879 S 1746,312 7172,986 12190,678 10069,837 3404,3086 1401,2773
1,9955671 B 3508,05 5068,029 9308,868 11566,34 5624,788 15331,879 S 1746,312 7172,986 12190,678 10069,837 3404,3086 1401,2773
1,997123 B 3508,05 5068,029 9308,868 11566,34 5624,788 15331,879 S 1746,312 7172,986 12190,678 10069,837 3404,3086 1401,2773
1,9980009 B 3508,05 5068,029 9308,868 11566,34 5624,788 15331,879 S 1746,312 7172,986 12190,678 10069,837 3404,3086 1401,2773
1,9979999 B 3508,05 5068,029 9308,868 11566,34 5624,788 15331,879 S 1746,312 7172,986 12190,678 10069,837 3404,3086 1401,2773
1,998 B 3508,05 5068,029 9308,868 11566,34 5624,788 15331,879 S 1746,312 7172,986 12190,678 10069,837 3404,3086 1401,2773
1,998469 B 3508,05 5068,029 9308,868 11566,34 5624,788 15331,879 S 1746,312 7172,986 12190,678 10069,837 3404,3086 1401,2773
2,0004416 B 3508,05 5068,029 9308,868 11566,34 5624,788 15331,879 S 1746,312 7172,986 12190,678 10069,837 3404,3086 1401,2773
2,0010002 B 3508,05 5068,029 9308,868 11566,34 5624,788 15331,879 S 1746,312 7172,986 12190,678 10069,837 3404,3086 1401,2773
2,0009997 B 3508,05 5068,029 9308,868 11566,34 5624,788 15331,879 S 1746,312 7172,986 12190,678 10069,837 3404,3086 1401,2773
2,0010006 B 3508,05 5068,029 9308,868 11566,34 5624,788 15331,879 S 1746,312 7172,986 12190,678 10069,837 3404,3086 1401,2773
2,001392 B 3508,05 5068,029 9308,868 11566,34 5624,788 15331,879 S 1746,312 7172,986 12190,678 10069,837 3404,3086 1401,2773
2,0019994 B 3508,05 5068,029 9308,868 11566,34 5624,788 15331,879 S 1746,312 7172,986 12190,678 10069,837 3404,3086 1401,2773
2,0020003 B 3508,05 5068,029 9308,868 11566,34 5624,788 15331,879 S 1746,312 7172,986 12190,678 10069,837 3404,3086 1401,2773
2,0018682 B 3508,05 5068,029 9308,868 11566,34 5624,788 15331,879 S 1746,312 7172,986 12190,678 10069,837 3404,3086 1401,2773
2,0010004 B 3508,05 5068,029 9308,868 11566,34 5624,788 15331,879 S 1746,312 7172,986 12190,678 10069,837 3404,3086 1401,2773
2,001 B 3508,05 5068,029 9308,868 11566,34 5624,788 15331,879 S 1746,312 7172,986 12190,678 10069,837 3404,3086 1401,2773
2,0010004 B 3508,05 5068,029 9308,868 11566,34 5624,788 15331,879 S 1746,312 7172,986 12190,678 10069,837 3404,3086 1401,2773
2,001 B 3508,05 5068,029 9308,868 11566,34 5624,788 15331,879 S 1746,312 7172,986 12190,678 10069,837 3404,3086 1401,2773
2,0004458 B 3508,05 5068,029 9308,868 11566,34 5624,788 15331,879 S 1746,312 7172,986 12190,678 10069,837 3404,3086 1401,2773
2 B 3508,05 5068,029 9308,868 11566,34 5624,788 15331,879 S 1746,312 7172,986 12190,678 10069,837 3404,3086 1401,2773
2 B 3508,05 5068,029 9308,868 11566,34 5624,788 15331,879 S 1746,312 7172,986 12190,678 10069,837 3404,3086 1401,2773
2 B 3508,05 5068,029 9308,868 11566,34 5624,788 15331,879 S 1746,312 7172,986 12190,678 10069,837 3404,3086 1401,2773
1,999194 B 3508,05 5068,029 9308,868 11566,34 5624,788 15331,879 S 1746,312 7172,986 12190,678 10069,837 3404,3086 1401,2773
1,9990003 B 3508,05 5068,029 9308,868 11566,34 5624,788 15331,879 S 1746,312 7172,986 12190,678 10069,837 3404,3086 1401,2773
1,9990002 B 3508,05 5068,029 9308,868 11566,34 5624,788 15331,879 S 1746,312 7172,986 12190,678 10069,837 3404,3086 1401,2773
1,9990007 B 3508,05 5068,029 9308,868 11566,34 5624,788 15331,879 S 1746,312 7172,986 12190,678 10069,837 3404,3086 1401,2773
1,9990002 B 3508,05 5068,029 9308,868 11566,34 5624,788 15331,879 S 1746,312 7172,986 12190,678 10069,837 3404,3086 1401,2773
1,9989997 B 3508,05 5068,029 9308,868 11566,34 5624,788 15331,879 S 1746,312 7172,986 12190,678 10069,837 3404,3086 1401,2773
1,9990002 B 3508,05 5068,029 9308,868 11566,34 5624,788 15331,879 S 1746,312 7172,986 12190,678 10069,837 3404,3086 1401,2773
1,9981965 B 3508,05 5068,029 9308,868 11566,34 5624,788 15331,879 S 1746,312 7172,986 12190,678 10069,837 3404,3086 1401,2773
1,9959998 B 3508,05 5068,029 9308,868 11566,34 5624,788 15331,879 S 1746,312 7172,986 12190,678 10069,837 3404,3086 1401,2773
1,9956229 B 3508,05 5068,029 9308,868 11566,34 5624,788 15331,879 S 1746,312 7172,986 12190,678 10069,837 3404,3086 1401,2773
1,995 B 3508,05 5068,029 9308,868 11566,34 5624,788 15331,879 S 1746,312 7172,986 12190,678 10069,837 3404,3086 1401,2773
1,9950001 B 3508,05 5068,029 9308,868 11566,34 5624,788 15331,879 S 1746,312 7172,986 12190,678 10069,837 3404,3086 1401,2773
1,9950002 B 3508,05 5068,029 9308,868 11566,34 5624,788 15331,879 S 1746,312 7172,986 12190,678 10069,837 3404,3086 1401,2773
1,9950001 B 3508,05 5068,029 9308,868 11566,34 5624,788 15331,879 S 1746,312 7172,986 12190,678 10069,837 3404,3086 1401,2773
1,9949995 B 3508,05 5068,029 9308,868 11566,34 5624,788 15331,879 S 1746,312 7172,986 12190,678 10069,837 3404,3086 1401,2773
1,9950004 B 3508,05 5068,029 9308,868 11566,34 5624,788 15331,879 S 1746,312 7172,986 12190,678 10069,837 3404,3086 1401,2773
1,9950011 B 3508,05 5068,029 9308,868 11566,34 5624,788 15331,879 S 1746,312 7172,986 12190,678 10069,837 3404,3086 1401,2773
1,9942265 B 3508,05 5068,029 9308,868 11566,34 5624,788 15331,879 S 1746,312 7172,986 12190,678 10069,837 3404,3086 1401,2773
1,9939998 B 3508,05 5068,029 9308,868 11566,34 5624,788 15331,879 S 1746,312 7172,986 12190,678 10069,837 3404,3086 1401,2773
1,994203 B 3508,05 5068,029 9308,868 11566,34 5624,788 15331,879 S 1746,312 7172,986 12190,678 10069,837 3404,3086 1401,2773
1,9939997 B 3508,05 5068,029 9308,868 11566,34 5624,788 15331,879 S 1746,312 7172,986 12190,678 10069,837 3404,3086 1401,2773
1,9950643 B 3508,05 5068,029 9308,868 11566,34 5624,788 15331,879 S 1746,312 7172,986 12190,678 10069,837 3404,3086 1401,2773
1,9960002 B 3508,05 5068,029 9308,868 11566,34 5624,788 15331,879 S 1746,312 7172,986 12190,678 10069,837 3404,3086 1401,2773
1,9959995 B 3508,05 5068,029 9308,868 11566,34 5624,788 15331,879 S 1746,312 7172,986 12190,678 10069,837 3404,3086 1401,2773
1,9957993 B 3508,05 5068,029 9308,868 11566,34 5624,788 15331,879 S 1746,312 7172,986 12190,678 10069,837 3404,3086 1401,2773
1,9939998 B 3508,05 5068,029 9308,868 11566,34 5624,788 15331,879 S 1746,312 7172,986 12190,678 10069,837 3404,3086 1401,2773
1,9940002 B 3508,05 5068,029 9308,868 11566,34 5624,788 15331,879 S 1746,312 7172,986 12190,678 10069,837 3404,3086 1401,2773
1,994 B 3508,05 5068,029 9308,868 11566,34 5624,788 15331,879 S 1746,312 7172,986 12190,678 10069,837 3404,3086 1401,2773
1,9954395 B 3508,05 5068,029 9308,868 11566,34 5624,788 15331,879 S 1746,312 7172,986 12190,678 10069,837 3404,3086 1401,2773
1,9960008 B 3508,05 5068,029 9308,868 11566,34 5624,788 15331,879 S 1746,312 7172,986 12190,678 10069,837 3404,3086 1401,2773
1,9959999 B 3508,05 5068,029 9308,868 11566,34 5624,788 15331,879 S 1746,312 7172,986 12190,678 10069,837 3404,3086 1401,2773
1,9959998 B 3508,05 5068,029 9308,868 11566,34 5624,788 15331,879 S 1746,312 7172,986 12190,678 10069,837 3404,3086 1401,2773
1,9960002 B 3508,05 5068,029 9308,868 11566,34 5624,788 15331,879 S 1746,312 7172,986 12190,678 10069,837 3404,3086 1401,2773
1,9960005 B 3508,05 5068,029 9308,868 11566,34 5624,788 15331,879 S 1746,312 7172,986 12190,678 10069,837 3404,3086 1401,2773
1,9959962 B 3508,05 5068,029 9308,868 11566,34 5624,788 15331,879 S 1746,312 7172,986 12190,678 10069,837 3404,3086 1401,2773
1,9947579 B 3508,05 5068,029 9308,868 11566,34 5624,788 15331,879 S 1746,312 7172,986 12190,678 10069,837 3404,3086 1401,2773
1,9941264 B 3508,05 5068,029 9308,868 11566,34 5624,788 15331,879 S 1746,312 7172,986 12190,678 10069,837 3404,3086 1401,2773
1,9940001 B 3508,05 5068,029 9308,868 11566,34 5624,788 15331,879 S 1746,312 7172,986 12190,678 10069,837 3404,3086 1401,2773
1,9939998 B 3508,05 5068,029 9308,868 11566,34 5624,788 15331,879 S 1746,312 7172,986 12190,678 10069,837 3404,3086 1401,2773
1,9934604 B 3508,05 5068,029 9308,868 11566,34 5624,788 15331,879 S 1746,312 7172,986 12190,678 10069,837 3404,3086 1401,2773
1,992255 B 3508,05 5068,029 9308,868 11566,34 5624,788 15331,879 S 1746,312 7172,986 12190,678 10069,837 3404,3086 1401,2773
1,9920001 B 3508,05 5068,029 9308,868 11566,34 5624,788 15331,879 S 1746,312 7172,986 12190,678 10069,837 3404,3086 1401,2773
1,9920001 B 3508,05 5068,029 9308,868 11566,34 5624,788 15331,879 S 1746,312 7172,986 12190,678 10069,837 3404,3086 1401,2773
1,9919994 B 3508,05 5068,029 9308,868 11566,34 5624,788 15331,879 S 1746,312 7172,986 12190,678 10069,837 3404,3086 1401,2773
1,9919995 B 3508,05 5068,029 9308,868 11566,34 5624,788 15331,879 S 1746,312 7172,986 12190,678 10069,837 3404,3086 1401,2773
1,9919999 B 3508,05 5068,029 9308,868 11566,34 5624,788 15331,879 S 1746,312 7172,986 12190,678 10069,837 3404,3086 1401,2773
1,9920003 B 3508,05 5068,029 9308,868 11566,34 5624,788 15331,879 S 1746,312 7172,986 12190,678 10069,837 3404,3086 1401,2773
1,9903228 B 3508,05 5068,029 9308,868 11566,34 5624,788 15331,879 S 1746,312 7172,986 12190,678 10069,837 3404,3086 1401,2773
1,9900004 B 3508,05 5068,029 9308,868 11566,34 5624,788 15331,879 S 1746,312 7172,986 12190,678 10069,837 3404,3086 1401,2773
1,9900002 B 3508,05 5068,029 9308,868 11566,34 5624,788 15331,879 S 1746,312 7172,986 12190,678 10069,837 3404,3086 1401,2773
1,9900001 B 3508,05 5068,029 9308,868 11566,34 5624,788 15331,879 S 1746,312 7172,986 12190,678 10069,837 3404,3086 1401,2773
1,9900002 B 3508,05 5068,029 9308,868 11566,34 5624,788 15331,879 S 1746,312 7172,986 12190,678 10069,837 3404,3086 1401,2773
1,990978 B 3508,05 5068,029 9308,868 11566,34 5624,788 15331,879 S 1746,312 7172,986 12190,678 10069,837 3404,3086 1401,2773
1,9909998 B 3508,05 5068,029 9308,868 11566,34 5624,788 15331,879 S 1746,312 7172,986 12190,678 10069,837 3404,3086 1401,2773
1,9909999 B 3508,05 5068,029 9308,868 11566,34 5624,788 15331,879 S 1746,312 7172,986 12190,678 10069,837 3404,3086 1401,2773
1,9909999 B 3508,05 5068,029 9308,868 11566,34 5624,788 15331,879 S 1746,312 7172,986 12190,678 10069,837 3404,3086 1401,2773
1,9912796 B 3508,05 5068,029 9308,868 11566,34 5624,788 15331,879 S 1746,312 7172,986 12190,678 10069,837 3404,3086 1401,2773
1,992 B 3508,05 5068,029 9308,868 11566,34 5624,788 15331,879 S 1746,312 7172,986 12190,678 10069,837 3404,3086 1401,2773
1,9920006 B 3508,05 5068,029 9308,868 11566,34 5624,788 15331,879 S 1746,312 7172,986 12190,678 10069,837 3404,3086 1401,2773
1,9919997 B 3508,05 5068,029 9308,868 11566,34 5624,788 15331,879 S 1746,312 7172,986 12190,678 10069,837 3404,3086 1401,2773
1,9920002 B 3508,05 5068,029 9308,868 11566,34 5624,788 15331,879 S 1746,312 7172,986 12190,678 10069,837 3404,3086 1401,2773
1,9920003 B 3508,05 5068,029 9308,868 11566,34 5624,788 15331,879 S 1746,312 7172,986 12190,678 10069,837 3404,3086 1401,2773
1,992 B 3508,05 5068,029 9308,868 11566,34 5624,788 15331,879 S 1746,312 7172,986 12190,678 10069,837 3404,3086 1401,2773
1,992 B 3508,05 5068,029 9308,868 11566,34 5624,788 15331,879 S 1746,312 7172,986 12190,678 10069,837 3404,3086 1401,2773
1,9919993 B 3508,05 5068,029 9308,868 11566,34 5624,788 15331,879 S 1746,312 7172,986 12190,678 10069,837 3404,3086 1401,2773
1,992 B 3508,05 5068,029 9308,868 11566,34 5624,788 15331,879 S 1746,312 7172,986 12190,678 10069,837 3404,3086 1401,2773
1,992 B 3508,05 5068,029 9308,868 11566,34 5624,788 15331,879 S 1746,312 7172,986 12190,678 10069,837 3404,3086 1401,2773
1,9920001 B 3508,05 5068,029 9308,868 11566,34 5624,788 15331,879 S 1746,312 7172,986 12190,678 10069,837 3404,3086 1401,2773
1,9920002 B 3508,05 5068,029 9308,868 11566,34 5624,788 15331,879 S 1746,312 7172,986 12190,678 10069,837 3404,3086 1401,2773
1,9919995 B 3508,05 5068,029 9308,868 11566,34 5624,788 15331,879 S 1746,312 7172,986 12190,678 10069,837 3404,3086 1401,2773
1,9920001 B 3508,05 5068,029 9308,868 11566,34 5624,788 15331,879 S 1746,312 7172,986 12190,678 10069,837 3404,3086 1401,2773
1,9919999 B 3508,05 5068,029 9308,868 11566,34 5624,788 15331,879 S 1746,312 7172,986 12190,678 10069,837 3404,3086 1401,2773
1,9919999 B 3508,05 5068,029 9308,868 11566,34 5624,788 15331,879 S 1746,312 7172,986 12190,678 10069,837 3404,3086 1401,2773
1,9919999 B 3508,05 5068,029 9308,868 11566,34 5624,788 15331,879 S 1746,312 7172,986 12190,678 10069,837 3404,3086 1401,2773
1,9919989 B 3508,05 5068,029 9308,868 11566,34 5624,788 15331,879 S 1746,312 7172,986 12190,678 10069,837 3404,3086 1401,2773
1,9919995 B 3508,05 5068,029 9308,868 11566,34 5624,788 15331,879 S 1746,312 7172,986 12190,678 10069,837 3404,3086 1401,2773
1,9920002 B 3508,05 5068,029 9308,868 11566,34 5624,788 15331,879 S 1746,312 7172,986 12190,678 10069,837 3404,3086 1401,2773
1,9920003 B 3508,05 5068,029 9308,868 11566,34 5624,788 15331,879 S 1746,312 7172,986 12190,678 10069,837 3404,3086 1401,2773
1,9901936 B 3508,05 5068,029 9308,868 11566,34 5624,788 15331,879 S 1746,312 7172,986 12190,678 10069,837 3404,3086 1401,2773
1,9899999 B 3508,05 5068,029 9308,868 11566,34 5624,788 15331,879 S 1746,312 7172,986 12190,678 10069,837 3404,3086 1401,2773
1,9899998 B 3508,05 5068,029 9308,868 11566,34 5624,788 15331,879 S 1746,312 7172,986 12190,678 10069,837 3404,3086 1401,2773
1,9900002 B 3508,05 5068,029 9308,868 11566,34 5624,788 15331,879 S 1746,312 7172,986 12190,678 10069,837 3404,3086 1401,2773
1,9899998 B 3508,05 5068,029 9308,868 11566,34 5624,788 15331,879 S 1746,312 7172,986 12190,678 10069,837 3404,3086 1401,2773
1,9899999 B 3508,05 5068,029 9308,868 11566,34 5624,788 15331,879 S 1746,312 7172,986 12190,678 10069,837 3404,3086 1401,2773
1,9900002 B 3508,05 5068,029 9308,868 11566,34 5624,788 15331,879 S 1746,312 7172,986 12190,678 10069,837 3404,3086 1401,2773
