2,0481336
2,057 B 898,97644 6419,6875 13460,178 22680,902 20285,508 766,10345 S 2291,9146 11166,733 10889,668 9002,969 6660,2217 2010,2343
2,0563428 B 898,97644 6419,6875 13460,178 22680,902 20285,508 766,10345 S 2291,9146 11166,733 10889,668 9002,969 6660,2217 2010,2343
2,0560002 B 898,97644 6419,6875 13460,178 22680,902 20285,508 766,10345 S 2291,9146 11166,733 10889,668 9002,969 6660,2217 2010,2343
2,0560002 B 898,97644 6419,6875 13460,178 22680,902 20285,508 766,10345 S 2291,9146 11166,733 10889,668 9002,969 6660,2217 2010,2343
2,0554252 B 898,97644 6419,6875 13460,178 22680,902 20285,508 766,10345 S 2291,9146 11166,733 10889,668 9002,969 6660,2217 2010,2343
2,0540001 B 898,97644 6419,6875 13460,178 22680,902 20285,508 766,10345 S 2291,9146 11166,733 10889,668 9002,969 6660,2217 2010,2343
2,0540001 B 898,97644 6419,6875 13460,178 22680,902 20285,508 766,10345 S 2291,9146 11166,733 10889,668 9002,969 6660,2217 2010,2343
2,0540001 B 898,97644 6419,6875 13460,178 22680,902 20285,508 766,10345 S 2291,9146 11166,733 10889,668 9002,969 6660,2217 2010,2343
2,0536072 B 898,97644 6419,6875 13460,178 22680,902 20285,508 766,10345 S 2291,9146 11166,733 10889,668 9002,969 6660,2217 2010,2343
2,0529995 B 898,97644 6419,6875 13460,178 22680,902 20285,508 766,10345 S 2291,9146 11166,733 10889,668 9002,969 6660,2217 2010,2343
2,0526147 B 898,97644 6419,6875 13460,178 22680,902 20285,508 766,10345 S 2291,9146 11166,733 10889,668 9002,969 6660,2217 2010,2343
2,0529933 B 898,97644 6419,6875 13460,178 22680,902 20285,508 766,10345 S 2291,9146 11166,733 10889,668 9002,969 6660,2217 2010,2343
2,0526955 B 898,97644 6419,6875 13460,178 22680,902 20285,508 766,10345 S 2291,9146 11166,733 10889,668 9002,969 6660,2217 2010,2343
2,0519996 B 898,97644 6419,6875 13460,178 22680,902 20285,508 766,10345 S 2291,9146 11166,733 10889,668 9002,969 6660,2217 2010,2343
2,0521574 B 898,97644 6419,6875 13460,178 22680,902 20285,508 766,10345 S 2291,9146 11166,733 10889,668 9002,969 6660,2217 2010,2343
2,0529997 B 898,97644 6419,6875 13460,178 22680,902 20285,508 766,10345 S 2291,9146 11166,733 10889,668 9002,969 6660,2217 2010,2343
2,0529997 B 898,97644 6419,6875 13460,178 22680,902 20285,508 766,10345 S 2291,9146 11166,733 10889,668 9002,969 6660,2217 2010,2343
2,053 B 898,97644 6419,6875 13460,178 22680,902 20285,508 766,10345 S 2291,9146 11166,733 10889,668 9002,969 6660,2217 2010,2343
2,0531485 B 898,97644 6419,6875 13460,178 22680,902 20285,508 766,10345 S 2291,9146 11166,733 10889,668 9002,969 6660,2217 2010,2343
2,054 B 898,97644 6419,6875 13460,178 22680,902 20285,508 766,10345 S 2291,9146 11166,733 10889,668 9002,969 6660,2217 2010,2343
2,0540001 B 898,97644 6419,6875 13460,178 22680,902 20285,508 766,10345 S 2291,9146 11166,733 10889,668 9002,969 6660,2217 2010,2343
2,054 B 898,97644 6419,6875 13460,178 22680,902 20285,508 766,10345 S 2291,9146 11166,733 10889,668 9002,969 6660,2217 2010,2343
2,0539997 B 898,97644 6419,6875 13460,178 22680,902 20285,508 766,10345 S 2291,9146 11166,733 10889,668 9002,969 6660,2217 2010,2343
2,054 B 898,97644 6419,6875 13460,178 22680,902 20285,508 766,10345 S 2291,9146 11166,733 10889,668 9002,969 6660,2217 2010,2343
2,0539997 B 898,97644 6419,6875 13460,178 22680,902 20285,508 766,10345 S 2291,9146 11166,733 10889,668 9002,969 6660,2217 2010,2343
2,053999 B 898,97644 6419,6875 13460,178 22680,902 20285,508 766,10345 S 2291,9146 11166,733 10889,668 9002,969 6660,2217 2010,2343
2,0539997 B 898,97644 6419,6875 13460,178 22680,902 20285,508 766,10345 S 2291,9146 11166,733 10889,668 9002,969 6660,2217 2010,2343
2,0539997 B 898,97644 6419,6875 13460,178 22680,902 20285,508 766,10345 S 2291,9146 11166,733 10889,668 9002,969 6660,2217 2010,2343
2,05454 B 898,97644 6419,6875 13460,178 22680,902 20285,508 766,10345 S 2291,9146 11166,733 10889,668 9002,969 6660,2217 2010,2343
2,0549998 B 898,97644 6419,6875 13460,178 22680,902 20285,508 766,10345 S 2291,9146 11166,733 10889,668 9002,969 6660,2217 2010,2343
2,0550005 B 898,97644 6419,6875 13460,178 22680,902 20285,508 766,10345 S 2291,9146 11166,733 10889,668 9002,969 6660,2217 2010,2343
2,0550008 B 898,97644 6419,6875 13460,178 22680,902 20285,508 766,10345 S 2291,9146 11166,733 10889,668 9002,969 6660,2217 2010,2343
2,0549998 B 898,97644 6419,6875 13460,178 22680,902 20285,508 766,10345 S 2291,9146 11166,733 10889,668 9002,969 6660,2217 2010,2343
2,051496 B 898,97644 6419,6875 13460,178 22680,902 20285,508 766,10345 S 2291,9146 11166,733 10889,668 9002,969 6660,2217 2010,2343
2,051 B 898,97644 6419,6875 13460,178 22680,902 20285,508 766,10345 S 2291,9146 11166,733 10889,668 9002,969 6660,2217 2010,2343
2,0500002 B 898,97644 6419,6875 13460,178 22680,902 20285,508 766,10345 S 2291,9146 11166,733 10889,668 9002,969 6660,2217 2010,2343
2,0499995 B 898,97644 6419,6875 13460,178 22680,902 20285,508 766,10345 S 2291,9146 11166,733 10889,668 9002,969 6660,2217 2010,2343
2,0499995 B 898,97644 6419,6875 13460,178 22680,902 20285,508 766,10345 S 2291,9146 11166,733 10889,668 9002,969 6660,2217 2010,2343
2,0499997 B 898,97644 6419,6875 13460,178 22680,902 20285,508 766,10345 S 2291,9146 11166,733 10889,668 9002,969 6660,2217 2010,2343
2,049999 B 898,97644 6419,6875 13460,178 22680,902 20285,508 766,10345 S 2291,9146 11166,733 10889,668 9002,969 6660,2217 2010,2343
2,05 B 898,97644 6419,6875 13460,178 22680,902 20285,508 766,10345 S 2291,9146 11166,733 10889,668 9002,969 6660,2217 2010,2343
2,0499997 B 898,97644 6419,6875 13460,178 22680,902 20285,508 766,10345 S 2291,9146 11166,733 10889,668 9002,969 6660,2217 2010,2343
2,0500007 B 898,97644 6419,6875 13460,178 22680,902 20285,508 766,10345 S 2291,9146 11166,733 10889,668 9002,969 6660,2217 2010,2343
2,0499995 B 898,97644 6419,6875 13460,178 22680,902 20285,508 766,10345 S 2291,9146 11166,733 10889,668 9002,969 6660,2217 2010,2343
2,050483 B 898,97644 6419,6875 13460,178 22680,902 20285,508 766,10345 S 2291,9146 11166,733 10889,668 9002,969 6660,2217 2010,2343
2,0510004 B 898,97644 6419,6875 13460,178 22680,902 20285,508 766,10345 S 2291,9146 11166,733 10889,668 9002,969 6660,2217 2010,2343
2,0509999 B 898,97644 6419,6875 13460,178 22680,902 20285,508 766,10345 S 2291,9146 11166,733 10889,668 9002,969 6660,2217 2010,2343
2,0510006 B 898,97644 6419,6875 13460,178 22680,902 20285,508 766,10345 S 2291,9146 11166,733 10889,668 9002,969 6660,2217 2010,2343
2,0494554 B 898,97644 6419,6875 13460,178 22680,902 20285,508 766,10345 S 2291,9146 11166,733 10889,668 9002,969 6660,2217 2010,2343
2,048 B 898,97644 6419,6875 13460,178 22680,902 20285,508 766,10345 S 2291,9146 11166,733 10889,668 9002,969 6660,2217 2010,2343
2,048 B 898,97644 6419,6875 13460,178 22680,902 20285,508 766,10345 S 2291,9146 11166,733 10889,668 9002,969 6660,2217 2010,2343
2,0480006 B 898,97644 6419,6875 13460,178 22680,902 20285,508 766,10345 S 2291,9146 11166,733 10889,668 9002,969 6660,2217 2010,2343
2,0480855 B 898,97644 6419,6875 13460,178 22680,902 20285,508 766,10345 S 2291,9146 11166,733 10889,668 9002,969 6660,2217 2010,2343
2,0490003 B 898,97644 6419,6875 13460,178 22680,902 20285,508 766,10345 S 2291,9146 11166,733 10889,668 9002,969 6660,2217 2010,2343
2,0490005 B 898,97644 6419,6875 13460,178 22680,902 20285,508 766,10345 S 2291,9146 11166,733 10889,668 9002,969 6660,2217 2010,2343
2,0490003 B 898,97644 6419,6875 13460,178 22680,902 20285,508 766,10345 S 2291,9146 11166,733 10889,668 9002,969 6660,2217 2010,2343
2,0490007 B 898,97644 6419,6875 13460,178 22680,902 20285,508 766,10345 S 2291,9146 11166,733 10889,668 9002,969 6660,2217 2010,2343
2,049 B 898,97644 6419,6875 13460,178 22680,902 20285,508 766,10345 S 2291,9146 11166,733 10889,668 9002,969 6660,2217 2010,2343
2,0490003 B 898,97644 6419,6875 13460,178 22680,902 20285,508 766,10345 S 2291,9146 11166,733 10889,668 9002,969 6660,2217 2010,2343
2,0478966 B 898,97644 6419,6875 13460,178 22680,902 20285,508 766,10345 S 2291,9146 11166,733 10889,668 9002,969 6660,2217 2010,2343
2,047841 B 898,97644 6419,6875 13460,178 22680,902 20285,508 766,10345 S 2291,9146 11166,733 10889,668 9002,969 6660,2217 2010,2343
2,0481768 B 898,97644 6419,6875 13460,178 22680,902 20285,508 766,10345 S 2291,9146 11166,733 10889,668 9002,969 6660,2217 2010,2343
2,0490003 B 898,97644 6419,6875 13460,178 22680,902 20285,508 766,10345 S 2291,9146 11166,733 10889,668 9002,969 6660,2217 2010,2343
2,049032 B 898,97644 6419,6875 13460,178 22680,902 20285,508 766,10345 S 2291,9146 11166,733 10889,668 9002,969 6660,2217 2010,2343
2,05 B 898,97644 6419,6875 13460,178 22680,902 20285,508 766,10345 S 2291,9146 11166,733 10889,668 9002,969 6660,2217 2010,2343
2,0499997 B 898,97644 6419,6875 13460,178 22680,902 20285,508 766,10345 S 2291,9146 11166,733 10889,668 9002,969 6660,2217 2010,2343
2,0499995 B 898,97644 6419,6875 13460,178 22680,902 20285,508 766,10345 S 2291,9146 11166,733 10889,668 9002,969 6660,2217 2010,2343
2,05 B 898,97644 6419,6875 13460,178 22680,902 20285,508 766,10345 S 2291,9146 11166,733 10889,668 9002,969 6660,2217 2010,2343
2,0498505 B 898,97644 6419,6875 13460,178 22680,902 20285,508 766,10345 S 2291,9146 11166,733 10889,668 9002,969 6660,2217 2010,2343
2,0490005 B 898,97644 6419,6875 13460,178 22680,902 20285,508 766,10345 S 2291,9146 11166,733 10889,668 9002,969 6660,2217 2010,2343
2,0490005 B 898,97644 6419,6875 13460,178 22680,902 20285,508 766,10345 S 2291,9146 11166,733 10889,668 9002,969 6660,2217 2010,2343
2,049912 B 898,97644 6419,6875 13460,178 22680,902 20285,508 766,10345 S 2291,9146 11166,733 10889,668 9002,969 6660,2217 2010,2343
2,0500002 B 898,97644 6419,6875 13460,178 22680,902 20285,508 766,10345 S 2291,9146 11166,733 10889,668 9002,969 6660,2217 2010,2343
2,05 B 898,97644 6419,6875 13460,178 22680,902 20285,508 766,10345 S 2291,9146 11166,733 10889,668 9002,969 6660,2217 2010,2343
2,0499997 B 898,97644 6419,6875 13460,178 22680,902 20285,508 766,10345 S 2291,9146 11166,733 10889,668 9002,969 6660,2217 2010,2343
2,05 B 898,97644 6419,6875 13460,178 22680,902 20285,508 766,10345 S 2291,9146 11166,733 10889,668 9002,969 6660,2217 2010,2343
2,0500007 B 898,97644 6419,6875 13460,178 22680,902 20285,508 766,10345 S 2291,9146 11166,733 10889,668 9002,969 6660,2217 2010,2343
2,05 B 898,97644 6419,6875 13460,178 22680,902 20285,508 766,10345 S 2291,9146 11166,733 10889,668 9002,969 6660,2217 2010,2343
2,0498035 B 898,97644 6419,6875 13460,178 22680,902 20285,508 766,10345 S 2291,9146 11166,733 10889,668 9002,969 6660,2217 2010,2343
2,0459998 B 898,97644 6419,6875 13460,178 22680,902 20285,508 766,10345 S 2291,9146 11166,733 10889,668 9002,969 6660,2217 2010,2343
2,0459998 B 898,97644 6419,6875 13460,178 22680,902 20285,508 766,10345 S 2291,9146 11166,733 10889,668 9002,969 6660,2217 2010,2343
2,0474586 B 898,97644 6419,6875 13460,178 22680,902 20285,508 766,10345 S 2291,9146 11166,733 10889,668 9002,969 6660,2217 2010,2343
2,0480003 B 898,97644 6419,6875 13460,178 22680,902 20285,508 766,10345 S 2291,9146 11166,733 10889,668 9002,969 6660,2217 2010,2343
2,0480006 B 898,97644 6419,6875 13460,178 22680,902 20285,508 766,10345 S 2291,9146 11166,733 10889,668 9002,969 6660,2217 2010,2343
2,048 B 898,97644 6419,6875 13460,178 22680,902 20285,508 766,10345 S 2291,9146 11166,733 10889,668 9002,969 6660,2217 2010,2343
2,048 B 898,97644 6419,6875 13460,178 22680,902 20285,508 766,10345 S 2291,9146 11166,733 10889,668 9002,969 6660,2217 2010,2343
2,048 B 898,97644 6419,6875 13460,178 22680,902 20285,508 766,10345 S 2291,9146 11166,733 10889,668 9002,969 6660,2217 2010,2343
2,049278 B 898,97644 6419,6875 13460,178 22680,902 20285,508 766,10345 S 2291,9146 11166,733 10889,668 9002,969 6660,2217 2010,2343
2,0497108 B 898,97644 6419,6875 13460,178 22680,902 20285,508 766,10345 S 2291,9146 11166,733 10889,668 9002,969 6660,2217 2010,2343
2,0490003 B 898,97644 6419,6875 13460,178 22680,902 20285,508 766,10345 S 2291,9146 11166,733 10889,668 9002,969 6660,2217 2010,2343
2,0490005 B 898,97644 6419,6875 13460,178 22680,902 20285,508 766,10345 S 2291,9146 11166,733 10889,668 9002,969 6660,2217 2010,2343
2,0490003 B 898,97644 6419,6875 13460,178 22680,902 20285,508 766,10345 S 2291,9146 11166,733 10889,668 9002,969 6660,2217 2010,2343
2,0490003 B 898,97644 6419,6875 13460,178 22680,902 20285,508 766,10345 S 2291,9146 11166,733 10889,668 9002,969 6660,2217 2010,2343
2,049 B 898,97644 6419,6875 13460,178 22680,902 20285,508 766,10345 S 2291,9146 11166,733 10889,668 9002,969 6660,2217 2010,2343
2,0489995 B 898,97644 6419,6875 13460,178 22680,902 20285,508 766,10345 S 2291,9146 11166,733 10889,668 9002,969 6660,2217 2010,2343
2,048063 B 898,97644 6419,6875 13460,178 22680,902 20285,508 766,10345 S 2291,9146 11166,733 10889,668 9002,969 6660,2217 2010,2343
2,0480006 B 898,97644 6419,6875 13460,178 22680,902 20285,508 766,10345 S 2291,9146 11166,733 10889,668 9002,969 6660,2217 2010,2343
2,0479996 B 898,97644 6419,6875 13460,178 22680,902 20285,508 766,10345 S 2291,9146 11166,733 10889,668 9002,969 6660,2217 2010,2343
2,0480008 B 898,97644 6419,6875 13460,178 22680,902 20285,508 766,10345 S 2291,9146 11166,733 10889,668 9002,969 6660,2217 2010,2343
2,048 B 898,97644 6419,6875 13460,178 22680,902 20285,508 766,10345 S 2291,9146 11166,733 10889,668 9002,969 6660,2217 2010,2343
2,048 B 898,97644 6419,6875 13460,178 22680,902 20285,508 766,10345 S 2291,9146 11166,733 10889,668 9002,969 6660,2217 2010,2343
2,0479996 B 898,97644 6419,6875 13460,178 22680,902 20285,508 766,10345 S 2291,9146 11166,733 10889,668 9002,969 6660,2217 2010,2343
2,0479996 B 898,97644 6419,6875 13460,178 22680,902 20285,508 766,10345 S 2291,9146 11166,733 10889,668 9002,969 6660,2217 2010,2343
2,048 B 898,97644 6419,6875 13460,178 22680,902 20285,508 766,10345 S 2291,9146 11166,733 10889,668 9002,969 6660,2217 2010,2343
2,047132 B 898,97644 6419,6875 13460,178 22680,902 20285,508 766,10345 S 2291,9146 11166,733 10889,668 9002,969 6660,2217 2010,2343
2,0469997 B 898,97644 6419,6875 13460,178 22680,902 20285,508 766,10345 S 2291,9146 11166,733 10889,668 9002,969 6660,2217 2010,2343
2,047 B 898,97644 6419,6875 13460,178 22680,902 20285,508 766,10345 S 2291,9146 11166,733 10889,668 9002,969 6660,2217 2010,2343
2,0470338 B 898,97644 6419,6875 13460,178 22680,902 20285,508 766,10345 S 2291,9146 11166,733 10889,668 9002,969 6660,2217 2010,2343
2,0480006 B 898,97644 6419,6875 13460,178 22680,902 20285,508 766,10345 S 2291,9146 11166,733 10889,668 9002,969 6660,2217 2010,2343
2,0480006 B 898,97644 6419,6875 13460,178 22680,902 20285,508 766,10345 S 2291,9146 11166,733 10889,668 9002,969 6660,2217 2010,2343
2,048 B 898,97644 6419,6875 13460,178 22680,902 20285,508 766,10345 S 2291,9146 11166,733 10889,668 9002,969 6660,2217 2010,2343
2,048 B 898,97644 6419,6875 13460,178 22680,902 20285,508 766,10345 S 2291,9146 11166,733 10889,668 9002,969 6660,2217 2010,2343
2,0478885 B 898,97644 6419,6875 13460,178 22680,902 20285,508 766,10345 S 2291,9146 11166,733 10889,668 9002,969 6660,2217 2010,2343
2,048 B 898,97644 6419,6875 13460,178 22680,902 20285,508 766,10345 S 2291,9146 11166,733 10889,668 9002,969 6660,2217 2010,2343
2,0479999 B 898,97644 6419,6875 13460,178 22680,902 20285,508 766,10345 S 2291,9146 11166,733 10889,668 9002,969 6660,2217 2010,2343
2,0480006 B 898,97644 6419,6875 13460,178 22680,902 20285,508 766,10345 S 2291,9146 11166,733 10889,668 9002,969 6660,2217 2010,2343
2,0487442 B 898,97644 6419,6875 13460,178 22680,902 20285,508 766,10345 S 2291,9146 11166,733 10889,668 9002,969 6660,2217 2010,2343
2,0499175 B 898,97644 6419,6875 13460,178 22680,902 20285,508 766,10345 S 2291,9146 11166,733 10889,668 9002,969 6660,2217 2010,2343
2,0509803 B 898,97644 6419,6875 13460,178 22680,902 20285,508 766,10345 S 2291,9146 11166,733 10889,668 9002,969 6660,2217 2010,2343
2,0510004 B 898,97644 6419,6875 13460,178 22680,902 20285,508 766,10345 S 2291,9146 11166,733 10889,668 9002,969 6660,2217 2010,2343
2,051 B 898,97644 6419,6875 13460,178 22680,902 20285,508 766,10345 S 2291,9146 11166,733 10889,668 9002,969 6660,2217 2010,2343
2,0510004 B 898,97644 6419,6875 13460,178 22680,902 20285,508 766,10345 S 2291,9146 11166,733 10889,668 9002,969 6660,2217 2010,2343
2,051 B 898,97644 6419,6875 13460,178 22680,902 20285,508 766,10345 S 2291,9146 11166,733 10889,668 9002,969 6660,2217 2010,2343
2,0510008 B 898,97644 6419,6875 13460,178 22680,902 20285,508 766,10345 S 2291,9146 11166,733 10889,668 9002,969 6660,2217 2010,2343
2,0509999 B 898,97644 6419,6875 13460,178 22680,902 20285,508 766,10345 S 2291,9146 11166,733 10889,668 9002,969 6660,2217 2010,2343
2,051001 B 898,97644 6419,6875 13460,178 22680,902 20285,508 766,10345 S 2291,9146 11166,733 10889,668 9002,969 6660,2217 2010,2343
2,051 B 898,97644 6419,6875 13460,178 22680,902 20285,508 766,10345 S 2291,9146 11166,733 10889,668 9002,969 6660,2217 2010,2343
2,051 B 898,97644 6419,6875 13460,178 22680,902 20285,508 766,10345 S 2291,9146 11166,733 10889,668 9002,969 6660,2217 2010,2343
2,051 B 898,97644 6419,6875 13460,178 22680,902 20285,508 766,10345 S 2291,9146 11166,733 10889,668 9002,969 6660,2217 2010,2343
2,0501604 B 898,97644 6419,6875 13460,178 22680,902 20285,508 766,10345 S 2291,9146 11166,733 10889,668 9002,969 6660,2217 2010,2343
2,0490003 B 898,97644 6419,6875 13460,178 22680,902 20285,508 766,10345 S 2291,9146 11166,733 10889,668 9002,969 6660,2217 2010,2343
2,0490005 B 898,97644 6419,6875 13460,178 22680,902 20285,508 766,10345 S 2291,9146 11166,733 10889,668 9002,969 6660,2217 2010,2343
2,0490005 B 898,97644 6419,6875 13460,178 22680,902 20285,508 766,10345 S 2291,9146 11166,733 10889,668 9002,969 6660,2217 2010,2343
2,0490005 B 898,97644 6419,6875 13460,178 22680,902 20285,508 766,10345 S 2291,9146 11166,733 10889,668 9002,969 6660,2217 2010,2343
2,0490003 B 898,97644 6419,6875 13460,178 22680,902 20285,508 766,10345 S 2291,9146 11166,733 10889,668 9002,969 6660,2217 2010,2343
2,0489995 B 898,97644 6419,6875 13460,178 22680,902 20285,508 766,10345 S 2291,9146 11166,733 10889,668 9002,969 6660,2217 2010,2343
2,049 B 898,97644 6419,6875 13460,178 22680,902 20285,508 766,10345 S 2291,9146 11166,733 10889,668 9002,969 6660,2217 2010,2343
2,0490003 B 898,97644 6419,6875 13460,178 22680,902 20285,508 766,10345 S 2291,9146 11166,733 10889,668 9002,969 6660,2217 2010,2343
2,0521438 B 898,97644 6419,6875 13460,178 22680,902 20285,508 766,10345 S 2291,9146 11166,733 10889,668 9002,969 6660,2217 2010,2343
2,0539997 B 898,97644 6419,6875 13460,178 22680,902 20285,508 766,10345 S 2291,9146 11166,733 10889,668 9002,969 6660,2217 2010,2343
2,0539997 B 898,97644 6419,6875 13460,178 22680,902 20285,508 766,10345 S 2291,9146 11166,733 10889,668 9002,969 6660,2217 2010,2343
2,0539997 B 898,97644 6419,6875 13460,178 22680,902 20285,508 766,10345 S 2291,9146 11166,733 10889,668 9002,969 6660,2217 2010,2343
2,0539997 B 898,97644 6419,6875 13460,178 22680,902 20285,508 766,10345 S 2291,9146 11166,733 10889,668 9002,969 6660,2217 2010,2343
2,0536473 B 898,97644 6419,6875 13460,178 22680,902 20285,508 766,10345 S 2291,9146 11166,733 10889,668 9002,969 6660,2217 2010,2343
2,0509999 B 898,97644 6419,6875 13460,178 22680,902 20285,508 766,10345 S 2291,9146 11166,733 10889,668 9002,969 6660,2217 2010,2343
2,0504704 B 898,97644 6419,6875 13460,178 22680,902 20285,508 766,10345 S 2291,9146 11166,733 10889,668 9002,969 6660,2217 2010,2343
2,05 B 898,97644 6419,6875 13460,178 22680,902 20285,508 766,10345 S 2291,9146 11166,733 10889,668 9002,969 6660,2217 2010,2343
2,0500002 B 898,97644 6419,6875 13460,178 22680,902 20285,508 766,10345 S 2291,9146 11166,733 10889,668 9002,969 6660,2217 2010,2343
2,0499995 B 898,97644 6419,6875 13460,178 22680,902 20285,508 766,10345 S 2291,9146 11166,733 10889,668 9002,969 6660,2217 2010,2343
2,0499997 B 898,97644 6419,6875 13460,178 22680,902 20285,508 766,10345 S 2291,9146 11166,733 10889,668 9002,969 6660,2217 2010,2343
2,0500004 B 898,97644 6419,6875 13460,178 22680,902 20285,508 766,10345 S 2291,9146 11166,733 10889,668 9002,969 6660,2217 2010,2343
2,05 B 898,97644 6419,6875 13460,178 22680,902 20285,508 766,10345 S 2291,9146 11166,733 10889,668 9002,969 6660,2217 2010,2343
2,0499997 B 898,97644 6419,6875 13460,178 22680,902 20285,508 766,10345 S 2291,9146 11166,733 10889,668 9002,969 6660,2217 2010,2343
2,048303 B 898,97644 6419,6875 13460,178 22680,902 20285,508 766,10345 S 2291,9146 11166,733 10889,668 9002,969 6660,2217 2010,2343
2,048 B 898,97644 6419,6875 13460,178 22680,902 20285,508 766,10345 S 2291,9146 11166,733 10889,668 9002,969 6660,2217 2010,2343
2,048076 B 898,97644 6419,6875 13460,178 22680,902 20285,508 766,10345 S 2291,9146 11166,733 10889,668 9002,969 6660,2217 2010,2343
2,0494256 B 898,97644 6419,6875 13460,178 22680,902 20285,508 766,10345 S 2291,9146 11166,733 10889,668 9002,969 6660,2217 2010,2343
2,0500002 B 898,97644 6419,6875 13460,178 22680,902 20285,508 766,10345 S 2291,9146 11166,733 10889,668 9002,969 6660,2217 2010,2343
2,05 B 898,97644 6419,6875 13460,178 22680,902 20285,508 766,10345 S 2291,9146 11166,733 10889,668 9002,969 6660,2217 2010,2343
2,05 B 898,97644 6419,6875 13460,178 22680,902 20285,508 766,10345 S 2291,9146 11166,733 10889,668 9002,969 6660,2217 2010,2343
2,0499997 B 898,97644 6419,6875 13460,178 22680,902 20285,508 766,10345 S 2291,9146 11166,733 10889,668 9002,969 6660,2217 2010,2343
2,0499995 B 898,97644 6419,6875 13460,178 22680,902 20285,508 766,10345 S 2291,9146 11166,733 10889,668 9002,969 6660,2217 2010,2343
2,0499997 B 898,97644 6419,6875 13460,178 22680,902 20285,508 766,10345 S 2291,9146 11166,733 10889,668 9002,969 6660,2217 2010,2343
2,04866 B 898,97644 6419,6875 13460,178 22680,902 20285,508 766,10345 S 2291,9146 11166,733 10889,668 9002,969 6660,2217 2010,2343
2,0470002 B 898,97644 6419,6875 13460,178 22680,902 20285,508 766,10345 S 2291,9146 11166,733 10889,668 9002,969 6660,2217 2010,2343
2,0468822 B 898,97644 6419,6875 13460,178 22680,902 20285,508 766,10345 S 2291,9146 11166,733 10889,668 9002,969 6660,2217 2010,2343
2,0449998 B 898,97644 6419,6875 13460,178 22680,902 20285,508 766,10345 S 2291,9146 11166,733 10889,668 9002,969 6660,2217 2010,2343
2,045 B 898,97644 6419,6875 13460,178 22680,902 20285,508 766,10345 S 2291,9146 11166,733 10889,668 9002,969 6660,2217 2010,2343
2,0450003 B 898,97644 6419,6875 13460,178 22680,902 20285,508 766,10345 S 2291,9146 11166,733 10889,668 9002,969 6660,2217 2010,2343
2,0450008 B 898,97644 6419,6875 13460,178 22680,902 20285,508 766,10345 S 2291,9146 11166,733 10889,668 9002,969 6660,2217 2010,2343
2,0449991 B 898,97644 6419,6875 13460,178 22680,902 20285,508 766,10345 S 2291,9146 11166,733 10889,668 9002,969 6660,2217 2010,2343
2,045 B 898,97644 6419,6875 13460,178 22680,902 20285,508 766,10345 S 2291,9146 11166,733 10889,668 9002,969 6660,2217 2010,2343
2,045 B 898,97644 6419,6875 13460,178 22680,902 20285,508 766,10345 S 2291,9146 11166,733 10889,668 9002,969 6660,2217 2010,2343
2,0449998 B 898,97644 6419,6875 13460,178 22680,902 20285,508 766,10345 S 2291,9146 11166,733 10889,668 9002,969 6660,2217 2010,2343
2,0449994 B 898,97644 6419,6875 13460,178 22680,902 20285,508 766,10345 S 2291,9146 11166,733 10889,668 9002,969 6660,2217 2010,2343
2,045 B 898,97644 6419,6875 13460,178 22680,902 20285,508 766,10345 S 2291,9146 11166,733 10889,668 9002,969 6660,2217 2010,2343
2,0461924 B 898,97644 6419,6875 13460,178 22680,902 20285,508 766,10345 S 2291,9146 11166,733 10889,668 9002,969 6660,2217 2010,2343
2,0469997 B 898,97644 6419,6875 13460,178 22680,902 20285,508 766,10345 S 2291,9146 11166,733 10889,668 9002,969 6660,2217 2010,2343
2,0469997 B 898,97644 6419,6875 13460,178 22680,902 20285,508 766,10345 S 2291,9146 11166,733 10889,668 9002,969 6660,2217 2010,2343
2,0469992 B 898,97644 6419,6875 13460,178 22680,902 20285,508 766,10345 S 2291,9146 11166,733 10889,668 9002,969 6660,2217 2010,2343
2,0460625 B 898,97644 6419,6875 13460,178 22680,902 20285,508 766,10345 S 2291,9146 11166,733 10889,668 9002,969 6660,2217 2010,2343
2,046 B 898,97644 6419,6875 13460,178 22680,902 20285,508 766,10345 S 2291,9146 11166,733 10889,668 9002,969 6660,2217 2010,2343
2,0460002 B 898,97644 6419,6875 13460,178 22680,902 20285,508 766,10345 S 2291,9146 11166,733 10889,668 9002,969 6660,2217 2010,2343
2,0459998 B 898,97644 6419,6875 13460,178 22680,902 20285,508 766,10345 S 2291,9146 11166,733 10889,668 9002,969 6660,2217 2010,2343
2,0459993 B 898,97644 6419,6875 13460,178 22680,902 20285,508 766,10345 S 2291,9146 11166,733 10889,668 9002,969 6660,2217 2010,2343
2,0460005 B 898,97644 6419,6875 13460,178 22680,902 20285,508 766,10345 S 2291,9146 11166,733 10889,668 9002,969 6660,2217 2010,2343
2,0460002 B 898,97644 6419,6875 13460,178 22680,902 20285,508 766,10345 S 2291,9146 11166,733 10889,668 9002,969 6660,2217 2010,2343
2,046 B 898,97644 6419,6875 13460,178 22680,902 20285,508 766,10345 S 2291,9146 11166,733 10889,668 9002,969 6660,2217 2010,2343
2,0459998 B 898,97644 6419,6875 13460,178 22680,902 20285,508 766,10345 S 2291,9146 11166,733 10889,668 9002,969 6660,2217 2010,2343
2,046 B 898,97644 6419,6875 13460,178 22680,902 20285,508 766,10345 S 2291,9146 11166,733 10889,668 9002,969 6660,2217 2010,2343
2,0460002 B 898,97644 6419,6875 13460,178 22680,902 20285,508 766,10345 S 2291,9146 11166,733 10889,668 9002,969 6660,2217 2010,2343
2,045993 B 898,97644 6419,6875 13460,178 22680,902 20285,508 766,10345 S 2291,9146 11166,733 10889,668 9002,969 6660,2217 2010,2343
2,0450003 B 898,97644 6419,6875 13460,178 22680,902 20285,508 766,10345 S 2291,9146 11166,733 10889,668 9002,969 6660,2217 2010,2343
2,045 B 898,97644 6419,6875 13460,178 22680,902 20285,508 766,10345 S 2291,9146 11166,733 10889,668 9002,969 6660,2217 2010,2343
2,045 B 898,97644 6419,6875 13460,178 22680,902 20285,508 766,10345 S 2291,9146 11166,733 10889,668 9002,969 6660,2217 2010,2343
2,045 B 898,97644 6419,6875 13460,178 22680,902 20285,508 766,10345 S 2291,9146 11166,733 10889,668 9002,969 6660,2217 2010,2343
2,0450003 B 898,97644 6419,6875 13460,178 22680,902 20285,508 766,10345 S 2291,9146 11166,733 10889,668 9002,969 6660,2217 2010,2343
2,0449994 B 898,97644 6419,6875 13460,178 22680,902 20285,508 766,10345 S 2291,9146 11166,733 10889,668 9002,969 6660,2217 2010,2343
2,0450003 B 898,97644 6419,6875 13460,178 22680,902 20285,508 766,10345 S 2291,9146 11166,733 10889,668 9002,969 6660,2217 2010,2343
2,0449998 B 898,97644 6419,6875 13460,178 22680,902 20285,508 766,10345 S 2291,9146 11166,733 10889,668 9002,969 6660,2217 2010,2343
2,0450003 B 898,97644 6419,6875 13460,178 22680,902 20285,508 766,10345 S 2291,9146 11166,733 10889,668 9002,969 6660,2217 2010,2343
2,0449998 B 898,97644 6419,6875 13460,178 22680,902 20285,508 766,10345 S 2291,9146 11166,733 10889,668 9002,969 6660,2217 2010,2343
2,045 B 898,97644 6419,6875 13460,178 22680,902 20285,508 766,10345 S 2291,9146 11166,733 10889,668 9002,969 6660,2217 2010,2343
2,0450008 B 898,97644 6419,6875 13460,178 22680,902 20285,508 766,10345 S 2291,9146 11166,733 10889,668 9002,969 6660,2217 2010,2343
2,0450006 B 898,97644 6419,6875 13460,178 22680,902 20285,508 766,10345 S 2291,9146 11166,733 10889,668 9002,969 6660,2217 2010,2343
2,0449994 B 898,97644 6419,6875 13460,178 22680,902 20285,508 766,10345 S 2291,9146 11166,733 10889,668 9002,969 6660,2217 2010,2343
2,0449996 B 898,97644 6419,6875 13460,178 22680,902 20285,508 766,10345 S 2291,9146 11166,733 10889,668 9002,969 6660,2217 2010,2343
2,0450003 B 898,97644 6419,6875 13460,178 22680,902 20285,508 766,10345 S 2291,9146 11166,733 10889,668 9002,969 6660,2217 2010,2343
2,0450003 B 898,97644 6419,6875 13460,178 22680,902 20285,508 766,10345 S 2291,9146 11166,733 10889,668 9002,969 6660,2217 2010,2343
2,0445561 B 898,97644 6419,6875 13460,178 22680,902 20285,508 766,10345 S 2291,9146 11166,733 10889,668 9002,969 6660,2217 2010,2343
2,0436792 B 898,97644 6419,6875 13460,178 22680,902 20285,508 766,10345 S 2291,9146 11166,733 10889,668 9002,969 6660,2217 2010,2343
2,0429997 B 898,97644 6419,6875 13460,178 22680,902 20285,508 766,10345 S 2291,9146 11166,733 10889,668 9002,969 6660,2217 2010,2343
2,042578 B 898,97644 6419,6875 13460,178 22680,902 20285,508 766,10345 S 2291,9146 11166,733 10889,668 9002,969 6660,2217 2010,2343
2,041 B 898,97644 6419,6875 13460,178 22680,902 20285,508 766,10345 S 2291,9146 11166,733 10889,668 9002,969 6660,2217 2010,2343
2,041 B 898,97644 6419,6875 13460,178 22680,902 20285,508 766,10345 S 2291,9146 11166,733 10889,668 9002,969 6660,2217 2010,2343
2,0410006 B 898,97644 6419,6875 13460,178 22680,902 20285,508 766,10345 S 2291,9146 11166,733 10889,668 9002,969 6660,2217 2010,2343
2,0410001 B 898,97644 6419,6875 13460,178 22680,902 20285,508 766,10345 S 2291,9146 11166,733 10889,668 9002,969 6660,2217 2010,2343
2,0410008 B 898,97644 6419,6875 13460,178 22680,902 20285,508 766,10345 S 2291,9146 11166,733 10889,668 9002,969 6660,2217 2010,2343
2,041 B 898,97644 6419,6875 13460,178 22680,902 20285,508 766,10345 S 2291,9146 11166,733 10889,668 9002,969 6660,2217 2010,2343
2,0409997 B 898,97644 6419,6875 13460,178 22680,902 20285,508 766,10345 S 2291,9146 11166,733 10889,668 9002,969 6660,2217 2010,2343
2,0410001 B 898,97644 6419,6875 13460,178 22680,902 20285,508 766,10345 S 2291,9146 11166,733 10889,668 9002,969 6660,2217 2010,2343
2,0418475 B 898,97644 6419,6875 13460,178 22680,902 20285,508 766,10345 S 2291,9146 11166,733 10889,668 9002,969 6660,2217 2010,2343
2,0426893 B 898,97644 6419,6875 13460,178 22680,902 20285,508 766,10345 S 2291,9146 11166,733 10889,668 9002,969 6660,2217 2010,2343
2,043 B 898,97644 6419,6875 13460,178 22680,902 20285,508 766,10345 S 2291,9146 11166,733 10889,668 9002,969 6660,2217 2010,2343
2,0428267 B 898,97644 6419,6875 13460,178 22680,902 20285,508 766,10345 S 2291,9146 11166,733 10889,668 9002,969 6660,2217 2010,2343
2,0406706 B 898,97644 6419,6875 13460,178 22680,902 20285,508 766,10345 S 2291,9146 11166,733 10889,668 9002,969 6660,2217 2010,2343
2,0399997 B 898,97644 6419,6875 13460,178 22680,902 20285,508 766,10345 S 2291,9146 11166,733 10889,668 9002,969 6660,2217 2010,2343
2,0416338 B 898,97644 6419,6875 13460,178 22680,902 20285,508 766,10345 S 2291,9146 11166,733 10889,668 9002,969 6660,2217 2010,2343
2,042 B 898,97644 6419,6875 13460,178 22680,902 20285,508 766,10345 S 2291,9146 11166,733 10889,668 9002,969 6660,2217 2010,2343
2,0399928 B 898,97644 6419,6875 13460,178 22680,902 20285,508 766,10345 S 2291,9146 11166,733 10889,668 9002,969 6660,2217 2010,2343
2,0388365 B 898,97644 6419,6875 13460,178 22680,902 20285,508 766,10345 S 2291,9146 11166,733 10889,668 9002,969 6660,2217 2010,2343
2,0381007 B 898,97644 6419,6875 13460,178 22680,902 20285,508 766,10345 S 2291,9146 11166,733 10889,668 9002,969 6660,2217 2010,2343
2,037 B 898,97644 6419,6875 13460,178 22680,902 20285,508 766,10345 S 2291,9146 11166,733 10889,668 9002,969 6660,2217 2010,2343
2,037 B 898,97644 6419,6875 13460,178 22680,902 20285,508 766,10345 S 2291,9146 11166,733 10889,668 9002,969 6660,2217 2010,2343
2,0365386 B 898,97644 6419,6875 13460,178 22680,902 20285,508 766,10345 S 2291,9146 11166,733 10889,668 9002,969 6660,2217 2010,2343
2,035 B 898,97644 6419,6875 13460,178 22680,902 20285,508 766,10345 S 2291,9146 11166,733 10889,668 9002,969 6660,2217 2010,2343
2,035 B 898,97644 6419,6875 13460,178 22680,902 20285,508 766,10345 S 2291,9146 11166,733 10889,668 9002,969 6660,2217 2010,2343
2,036262 B 898,97644 6419,6875 13460,178 22680,902 20285,508 766,10345 S 2291,9146 11166,733 10889,668 9002,969 6660,2217 2010,2343
2,037001 B 898,97644 6419,6875 13460,178 22680,902 20285,508 766,10345 S 2291,9146 11166,733 10889,668 9002,969 6660,2217 2010,2343
2,0370002 B 898,97644 6419,6875 13460,178 22680,902 20285,508 766,10345 S 2291,9146 11166,733 10889,668 9002,969 6660,2217 2010,2343
