2,023033
2,0274885 B 1432,5278 4710,142 13595,467 10969,362 21590,023 4764,946 S 583,62396 2635,1033 11394,651 12272,942 11473,358 7825,3877
2,028 B 1432,5278 4710,142 13595,467 10969,362 21590,023 4764,946 S 583,62396 2635,1033 11394,651 12272,942 11473,358 7825,3877
2,0280004 B 1432,5278 4710,142 13595,467 10969,362 21590,023 4764,946 S 583,62396 2635,1033 11394,651 12272,942 11473,358 7825,3877
2,0288587 B 1432,5278 4710,142 13595,467 10969,362 21590,023 4764,946 S 583,62396 2635,1033 11394,651 12272,942 11473,358 7825,3877
2,0289998 B 1432,5278 4710,142 13595,467 10969,362 21590,023 4764,946 S 583,62396 2635,1033 11394,651 12272,942 11473,358 7825,3877
2,0289996 B 1432,5278 4710,142 13595,467 10969,362 21590,023 4764,946 S 583,62396 2635,1033 11394,651 12272,942 11473,358 7825,3877
2,029 B 1432,5278 4710,142 13595,467 10969,362 21590,023 4764,946 S 583,62396 2635,1033 11394,651 12272,942 11473,358 7825,3877
2,0290005 B 1432,5278 4710,142 13595,467 10969,362 21590,023 4764,946 S 583,62396 2635,1033 11394,651 12272,942 11473,358 7825,3877
2,0289998 B 1432,5278 4710,142 13595,467 10969,362 21590,023 4764,946 S 583,62396 2635,1033 11394,651 12272,942 11473,358 7825,3877
2,0290003 B 1432,5278 4710,142 13595,467 10969,362 21590,023 4764,946 S 583,62396 2635,1033 11394,651 12272,942 11473,358 7825,3877
2,0290003 B 1432,5278 4710,142 13595,467 10969,362 21590,023 4764,946 S 583,62396 2635,1033 11394,651 12272,942 11473,358 7825,3877
2,029 B 1432,5278 4710,142 13595,467 10969,362 21590,023 4764,946 S 583,62396 2635,1033 11394,651 12272,942 11473,358 7825,3877
2,0290005 B 1432,5278 4710,142 13595,467 10969,362 21590,023 4764,946 S 583,62396 2635,1033 11394,651 12272,942 11473,358 7825,3877
2,0280578 B 1432,5278 4710,142 13595,467 10969,362 21590,023 4764,946 S 583,62396 2635,1033 11394,651 12272,942 11473,358 7825,3877
2,028 B 1432,5278 4710,142 13595,467 10969,362 21590,023 4764,946 S 583,62396 2635,1033 11394,651 12272,942 11473,358 7825,3877
2,0279994 B 1432,5278 4710,142 13595,467 10969,362 21590,023 4764,946 S 583,62396 2635,1033 11394,651 12272,942 11473,358 7825,3877
2,028 B 1432,5278 4710,142 13595,467 10969,362 21590,023 4764,946 S 583,62396 2635,1033 11394,651 12272,942 11473,358 7825,3877
2,0280004 B 1432,5278 4710,142 13595,467 10969,362 21590,023 4764,946 S 583,62396 2635,1033 11394,651 12272,942 11473,358 7825,3877
2,0280004 B 1432,5278 4710,142 13595,467 10969,362 21590,023 4764,946 S 583,62396 2635,1033 11394,651 12272,942 11473,358 7825,3877
2,0279996 B 1432,5278 4710,142 13595,467 10969,362 21590,023 4764,946 S 583,62396 2635,1033 11394,651 12272,942 11473,358 7825,3877
2,0280004 B 1432,5278 4710,142 13595,467 10969,362 21590,023 4764,946 S 583,62396 2635,1033 11394,651 12272,942 11473,358 7825,3877
2,0261524 B 1432,5278 4710,142 13595,467 10969,362 21590,023 4764,946 S 583,62396 2635,1033 11394,651 12272,942 11473,358 7825,3877
2,0260003 B 1432,5278 4710,142 13595,467 10969,362 21590,023 4764,946 S 583,62396 2635,1033 11394,651 12272,942 11473,358 7825,3877
2,0259995 B 1432,5278 4710,142 13595,467 10969,362 21590,023 4764,946 S 583,62396 2635,1033 11394,651 12272,942 11473,358 7825,3877
2,026 B 1432,5278 4710,142 13595,467 10969,362 21590,023 4764,946 S 583,62396 2635,1033 11394,651 12272,942 11473,358 7825,3877
2,0259578 B 1432,5278 4710,142 13595,467 10969,362 21590,023 4764,946 S 583,62396 2635,1033 11394,651 12272,942 11473,358 7825,3877
2,0240004 B 1432,5278 4710,142 13595,467 10969,362 21590,023 4764,946 S 583,62396 2635,1033 11394,651 12272,942 11473,358 7825,3877
2,024 B 1432,5278 4710,142 13595,467 10969,362 21590,023 4764,946 S 583,62396 2635,1033 11394,651 12272,942 11473,358 7825,3877
2,0240002 B 1432,5278 4710,142 13595,467 10969,362 21590,023 4764,946 S 583,62396 2635,1033 11394,651 12272,942 11473,358 7825,3877
2,0239997 B 1432,5278 4710,142 13595,467 10969,362 21590,023 4764,946 S 583,62396 2635,1033 11394,651 12272,942 11473,358 7825,3877
2,0240006 B 1432,5278 4710,142 13595,467 10969,362 21590,023 4764,946 S 583,62396 2635,1033 11394,651 12272,942 11473,358 7825,3877
2,0239995 B 1432,5278 4710,142 13595,467 10969,362 21590,023 4764,946 S 583,62396 2635,1033 11394,651 12272,942 11473,358 7825,3877
2,0239997 B 1432,5278 4710,142 13595,467 10969,362 21590,023 4764,946 S 583,62396 2635,1033 11394,651 12272,942 11473,358 7825,3877
2,024 B 1432,5278 4710,142 13595,467 10969,362 21590,023 4764,946 S 583,62396 2635,1033 11394,651 12272,942 11473,358 7825,3877
2,024 B 1432,5278 4710,142 13595,467 10969,362 21590,023 4764,946 S 583,62396 2635,1033 11394,651 12272,942 11473,358 7825,3877
2,0231013 B 1432,5278 4710,142 13595,467 10969,362 21590,023 4764,946 S 583,62396 2635,1033 11394,651 12272,942 11473,358 7825,3877
2,023 B 1432,5278 4710,142 13595,467 10969,362 21590,023 4764,946 S 583,62396 2635,1033 11394,651 12272,942 11473,358 7825,3877
2,0229995 B 1432,5278 4710,142 13595,467 10969,362 21590,023 4764,946 S 583,62396 2635,1033 11394,651 12272,942 11473,358 7825,3877
2,0222688 B 1432,5278 4710,142 13595,467 10969,362 21590,023 4764,946 S 583,62396 2635,1033 11394,651 12272,942 11473,358 7825,3877
2,0195997 B 1432,5278 4710,142 13595,467 10969,362 21590,023 4764,946 S 583,62396 2635,1033 11394,651 12272,942 11473,358 7825,3877
2,019 B 1432,5278 4710,142 13595,467 10969,362 21590,023 4764,946 S 583,62396 2635,1033 11394,651 12272,942 11473,358 7825,3877
2,0193784 B 1432,5278 4710,142 13595,467 10969,362 21590,023 4764,946 S 583,62396 2635,1033 11394,651 12272,942 11473,358 7825,3877
2,02 B 1432,5278 4710,142 13595,467 10969,362 21590,023 4764,946 S 583,62396 2635,1033 11394,651 12272,942 11473,358 7825,3877
2,0200002 B 1432,5278 4710,142 13595,467 10969,362 21590,023 4764,946 S 583,62396 2635,1033 11394,651 12272,942 11473,358 7825,3877
2,0200002 B 1432,5278 4710,142 13595,467 10969,362 21590,023 4764,946 S 583,62396 2635,1033 11394,651 12272,942 11473,358 7825,3877
2,0199997 B 1432,5278 4710,142 13595,467 10969,362 21590,023 4764,946 S 583,62396 2635,1033 11394,651 12272,942 11473,358 7825,3877
2,0200002 B 1432,5278 4710,142 13595,467 10969,362 21590,023 4764,946 S 583,62396 2635,1033 11394,651 12272,942 11473,358 7825,3877
2,02 B 1432,5278 4710,142 13595,467 10969,362 21590,023 4764,946 S 583,62396 2635,1033 11394,651 12272,942 11473,358 7825,3877
2,0199997 B 1432,5278 4710,142 13595,467 10969,362 21590,023 4764,946 S 583,62396 2635,1033 11394,651 12272,942 11473,358 7825,3877
2,0200005 B 1432,5278 4710,142 13595,467 10969,362 21590,023 4764,946 S 583,62396 2635,1033 11394,651 12272,942 11473,358 7825,3877
2,0199995 B 1432,5278 4710,142 13595,467 10969,362 21590,023 4764,946 S 583,62396 2635,1033 11394,651 12272,942 11473,358 7825,3877
2,02 B 1432,5278 4710,142 13595,467 10969,362 21590,023 4764,946 S 583,62396 2635,1033 11394,651 12272,942 11473,358 7825,3877
2,0200002 B 1432,5278 4710,142 13595,467 10969,362 21590,023 4764,946 S 583,62396 2635,1033 11394,651 12272,942 11473,358 7825,3877
2,0200005 B 1432,5278 4710,142 13595,467 10969,362 21590,023 4764,946 S 583,62396 2635,1033 11394,651 12272,942 11473,358 7825,3877
2,0200002 B 1432,5278 4710,142 13595,467 10969,362 21590,023 4764,946 S 583,62396 2635,1033 11394,651 12272,942 11473,358 7825,3877
2,02 B 1432,5278 4710,142 13595,467 10969,362 21590,023 4764,946 S 583,62396 2635,1033 11394,651 12272,942 11473,358 7825,3877
2,0200002 B 1432,5278 4710,142 13595,467 10969,362 21590,023 4764,946 S 583,62396 2635,1033 11394,651 12272,942 11473,358 7825,3877
2,0200002 B 1432,5278 4710,142 13595,467 10969,362 21590,023 4764,946 S 583,62396 2635,1033 11394,651 12272,942 11473,358 7825,3877
2,0200007 B 1432,5278 4710,142 13595,467 10969,362 21590,023 4764,946 S 583,62396 2635,1033 11394,651 12272,942 11473,358 7825,3877
2,0200002 B 1432,5278 4710,142 13595,467 10969,362 21590,023 4764,946 S 583,62396 2635,1033 11394,651 12272,942 11473,358 7825,3877
2,0200002 B 1432,5278 4710,142 13595,467 10969,362 21590,023 4764,946 S 583,62396 2635,1033 11394,651 12272,942 11473,358 7825,3877
2,0200002 B 1432,5278 4710,142 13595,467 10969,362 21590,023 4764,946 S 583,62396 2635,1033 11394,651 12272,942 11473,358 7825,3877
2,02 B 1432,5278 4710,142 13595,467 10969,362 21590,023 4764,946 S 583,62396 2635,1033 11394,651 12272,942 11473,358 7825,3877
2,0191302 B 1432,5278 4710,142 13595,467 10969,362 21590,023 4764,946 S 583,62396 2635,1033 11394,651 12272,942 11473,358 7825,3877
2,0190005 B 1432,5278 4710,142 13595,467 10969,362 21590,023 4764,946 S 583,62396 2635,1033 11394,651 12272,942 11473,358 7825,3877
2,0188835 B 1432,5278 4710,142 13595,467 10969,362 21590,023 4764,946 S 583,62396 2635,1033 11394,651 12272,942 11473,358 7825,3877
2,018 B 1432,5278 4710,142 13595,467 10969,362 21590,023 4764,946 S 583,62396 2635,1033 11394,651 12272,942 11473,358 7825,3877
2,0180001 B 1432,5278 4710,142 13595,467 10969,362 21590,023 4764,946 S 583,62396 2635,1033 11394,651 12272,942 11473,358 7825,3877
2,0180001 B 1432,5278 4710,142 13595,467 10969,362 21590,023 4764,946 S 583,62396 2635,1033 11394,651 12272,942 11473,358 7825,3877
2,019222 B 1432,5278 4710,142 13595,467 10969,362 21590,023 4764,946 S 583,62396 2635,1033 11394,651 12272,942 11473,358 7825,3877
2,0200005 B 1432,5278 4710,142 13595,467 10969,362 21590,023 4764,946 S 583,62396 2635,1033 11394,651 12272,942 11473,358 7825,3877
2,0200002 B 1432,5278 4710,142 13595,467 10969,362 21590,023 4764,946 S 583,62396 2635,1033 11394,651 12272,942 11473,358 7825,3877
2,0200002 B 1432,5278 4710,142 13595,467 10969,362 21590,023 4764,946 S 583,62396 2635,1033 11394,651 12272,942 11473,358 7825,3877
2,0195014 B 1432,5278 4710,142 13595,467 10969,362 21590,023 4764,946 S 583,62396 2635,1033 11394,651 12272,942 11473,358 7825,3877
2,0190003 B 1432,5278 4710,142 13595,467 10969,362 21590,023 4764,946 S 583,62396 2635,1033 11394,651 12272,942 11473,358 7825,3877
2,0192354 B 1432,5278 4710,142 13595,467 10969,362 21590,023 4764,946 S 583,62396 2635,1033 11394,651 12272,942 11473,358 7825,3877
2,0200002 B 1432,5278 4710,142 13595,467 10969,362 21590,023 4764,946 S 583,62396 2635,1033 11394,651 12272,942 11473,358 7825,3877
2,02 B 1432,5278 4710,142 13595,467 10969,362 21590,023 4764,946 S 583,62396 2635,1033 11394,651 12272,942 11473,358 7825,3877
2,0200002 B 1432,5278 4710,142 13595,467 10969,362 21590,023 4764,946 S 583,62396 2635,1033 11394,651 12272,942 11473,358 7825,3877
2,0200002 B 1432,5278 4710,142 13595,467 10969,362 21590,023 4764,946 S 583,62396 2635,1033 11394,651 12272,942 11473,358 7825,3877
2,0200005 B 1432,5278 4710,142 13595,467 10969,362 21590,023 4764,946 S 583,62396 2635,1033 11394,651 12272,942 11473,358 7825,3877
2,0186024 B 1432,5278 4710,142 13595,467 10969,362 21590,023 4764,946 S 583,62396 2635,1033 11394,651 12272,942 11473,358 7825,3877
2,015065 B 1432,5278 4710,142 13595,467 10969,362 21590,023 4764,946 S 583,62396 2635,1033 11394,651 12272,942 11473,358 7825,3877
2,0178924 B 1432,5278 4710,142 13595,467 10969,362 21590,023 4764,946 S 583,62396 2635,1033 11394,651 12272,942 11473,358 7825,3877
2,0193815 B 1432,5278 4710,142 13595,467 10969,362 21590,023 4764,946 S 583,62396 2635,1033 11394,651 12272,942 11473,358 7825,3877
2,0189996 B 1432,5278 4710,142 13595,467 10969,362 21590,023 4764,946 S 583,62396 2635,1033 11394,651 12272,942 11473,358 7825,3877
2,0182521 B 1432,5278 4710,142 13595,467 10969,362 21590,023 4764,946 S 583,62396 2635,1033 11394,651 12272,942 11473,358 7825,3877
2,018582 B 1432,5278 4710,142 13595,467 10969,362 21590,023 4764,946 S 583,62396 2635,1033 11394,651 12272,942 11473,358 7825,3877
2,0185704 B 1432,5278 4710,142 13595,467 10969,362 21590,023 4764,946 S 583,62396 2635,1033 11394,651 12272,942 11473,358 7825,3877
2,0192976 B 1432,5278 4710,142 13595,467 10969,362 21590,023 4764,946 S 583,62396 2635,1033 11394,651 12272,942 11473,358 7825,3877
2,0188704 B 1432,5278 4710,142 13595,467 10969,362 21590,023 4764,946 S 583,62396 2635,1033 11394,651 12272,942 11473,358 7825,3877
2,0190005 B 1432,5278 4710,142 13595,467 10969,362 21590,023 4764,946 S 583,62396 2635,1033 11394,651 12272,942 11473,358 7825,3877
2,019 B 1432,5278 4710,142 13595,467 10969,362 21590,023 4764,946 S 583,62396 2635,1033 11394,651 12272,942 11473,358 7825,3877
2,0193846 B 1432,5278 4710,142 13595,467 10969,362 21590,023 4764,946 S 583,62396 2635,1033 11394,651 12272,942 11473,358 7825,3877
2,0223906 B 1432,5278 4710,142 13595,467 10969,362 21590,023 4764,946 S 583,62396 2635,1033 11394,651 12272,942 11473,358 7825,3877
2,0239563 B 1432,5278 4710,142 13595,467 10969,362 21590,023 4764,946 S 583,62396 2635,1033 11394,651 12272,942 11473,358 7825,3877
2,0254426 B 1432,5278 4710,142 13595,467 10969,362 21590,023 4764,946 S 583,62396 2635,1033 11394,651 12272,942 11473,358 7825,3877
2,0267384 B 1432,5278 4710,142 13595,467 10969,362 21590,023 4764,946 S 583,62396 2635,1033 11394,651 12272,942 11473,358 7825,3877
2,027402 B 1432,5278 4710,142 13595,467 10969,362 21590,023 4764,946 S 583,62396 2635,1033 11394,651 12272,942 11473,358 7825,3877
2,0289114 B 1432,5278 4710,142 13595,467 10969,362 21590,023 4764,946 S 583,62396 2635,1033 11394,651 12272,942 11473,358 7825,3877
2,0304172 B 1432,5278 4710,142 13595,467 10969,362 21590,023 4764,946 S 583,62396 2635,1033 11394,651 12272,942 11473,358 7825,3877
2,0328004 B 1432,5278 4710,142 13595,467 10969,362 21590,023 4764,946 S 583,62396 2635,1033 11394,651 12272,942 11473,358 7825,3877
2,0291255 B 1432,5278 4710,142 13595,467 10969,362 21590,023 4764,946 S 583,62396 2635,1033 11394,651 12272,942 11473,358 7825,3877
2,028 B 1432,5278 4710,142 13595,467 10969,362 21590,023 4764,946 S 583,62396 2635,1033 11394,651 12272,942 11473,358 7825,3877
2,0280004 B 1432,5278 4710,142 13595,467 10969,362 21590,023 4764,946 S 583,62396 2635,1033 11394,651 12272,942 11473,358 7825,3877
2,0280004 B 1432,5278 4710,142 13595,467 10969,362 21590,023 4764,946 S 583,62396 2635,1033 11394,651 12272,942 11473,358 7825,3877
2,028 B 1432,5278 4710,142 13595,467 10969,362 21590,023 4764,946 S 583,62396 2635,1033 11394,651 12272,942 11473,358 7825,3877
2,028 B 1432,5278 4710,142 13595,467 10969,362 21590,023 4764,946 S 583,62396 2635,1033 11394,651 12272,942 11473,358 7825,3877
2,0279996 B 1432,5278 4710,142 13595,467 10969,362 21590,023 4764,946 S 583,62396 2635,1033 11394,651 12272,942 11473,358 7825,3877
2,0280004 B 1432,5278 4710,142 13595,467 10969,362 21590,023 4764,946 S 583,62396 2635,1033 11394,651 12272,942 11473,358 7825,3877
2,0280006 B 1432,5278 4710,142 13595,467 10969,362 21590,023 4764,946 S 583,62396 2635,1033 11394,651 12272,942 11473,358 7825,3877
2,029782 B 1432,5278 4710,142 13595,467 10969,362 21590,023 4764,946 S 583,62396 2635,1033 11394,651 12272,942 11473,358 7825,3877
2,03 B 1432,5278 4710,142 13595,467 10969,362 21590,023 4764,946 S 583,62396 2635,1033 11394,651 12272,942 11473,358 7825,3877
2,0319848 B 1432,5278 4710,142 13595,467 10969,362 21590,023 4764,946 S 583,62396 2635,1033 11394,651 12272,942 11473,358 7825,3877
2,0324144 B 1432,5278 4710,142 13595,467 10969,362 21590,023 4764,946 S 583,62396 2635,1033 11394,651 12272,942 11473,358 7825,3877
2,0309997 B 1432,5278 4710,142 13595,467 10969,362 21590,023 4764,946 S 583,62396 2635,1033 11394,651 12272,942 11473,358 7825,3877
2,0309994 B 1432,5278 4710,142 13595,467 10969,362 21590,023 4764,946 S 583,62396 2635,1033 11394,651 12272,942 11473,358 7825,3877
2,0310004 B 1432,5278 4710,142 13595,467 10969,362 21590,023 4764,946 S 583,62396 2635,1033 11394,651 12272,942 11473,358 7825,3877
2,0309997 B 1432,5278 4710,142 13595,467 10969,362 21590,023 4764,946 S 583,62396 2635,1033 11394,651 12272,942 11473,358 7825,3877
2,0303676 B 1432,5278 4710,142 13595,467 10969,362 21590,023 4764,946 S 583,62396 2635,1033 11394,651 12272,942 11473,358 7825,3877
2,0275474 B 1432,5278 4710,142 13595,467 10969,362 21590,023 4764,946 S 583,62396 2635,1033 11394,651 12272,942 11473,358 7825,3877
2,026594 B 1432,5278 4710,142 13595,467 10969,362 21590,023 4764,946 S 583,62396 2635,1033 11394,651 12272,942 11473,358 7825,3877
2,0250878 B 1432,5278 4710,142 13595,467 10969,362 21590,023 4764,946 S 583,62396 2635,1033 11394,651 12272,942 11473,358 7825,3877
2,023087 B 1432,5278 4710,142 13595,467 10969,362 21590,023 4764,946 S 583,62396 2635,1033 11394,651 12272,942 11473,358 7825,3877
2,0229557 B 1432,5278 4710,142 13595,467 10969,362 21590,023 4764,946 S 583,62396 2635,1033 11394,651 12272,942 11473,358 7825,3877
2,0239997 B 1432,5278 4710,142 13595,467 10969,362 21590,023 4764,946 S 583,62396 2635,1033 11394,651 12272,942 11473,358 7825,3877
2,024 B 1432,5278 4710,142 13595,467 10969,362 21590,023 4764,946 S 583,62396 2635,1033 11394,651 12272,942 11473,358 7825,3877
2,0240004 B 1432,5278 4710,142 13595,467 10969,362 21590,023 4764,946 S 583,62396 2635,1033 11394,651 12272,942 11473,358 7825,3877
2,0240004 B 1432,5278 4710,142 13595,467 10969,362 21590,023 4764,946 S 583,62396 2635,1033 11394,651 12272,942 11473,358 7825,3877
2,0240002 B 1432,5278 4710,142 13595,467 10969,362 21590,023 4764,946 S 583,62396 2635,1033 11394,651 12272,942 11473,358 7825,3877
2,024552 B 1432,5278 4710,142 13595,467 10969,362 21590,023 4764,946 S 583,62396 2635,1033 11394,651 12272,942 11473,358 7825,3877
2,025012 B 1432,5278 4710,142 13595,467 10969,362 21590,023 4764,946 S 583,62396 2635,1033 11394,651 12272,942 11473,358 7825,3877
2,0237057 B 1432,5278 4710,142 13595,467 10969,362 21590,023 4764,946 S 583,62396 2635,1033 11394,651 12272,942 11473,358 7825,3877
2,0219357 B 1432,5278 4710,142 13595,467 10969,362 21590,023 4764,946 S 583,62396 2635,1033 11394,651 12272,942 11473,358 7825,3877
2,0209992 B 1432,5278 4710,142 13595,467 10969,362 21590,023 4764,946 S 583,62396 2635,1033 11394,651 12272,942 11473,358 7825,3877
2,0210006 B 1432,5278 4710,142 13595,467 10969,362 21590,023 4764,946 S 583,62396 2635,1033 11394,651 12272,942 11473,358 7825,3877
2,0210001 B 1432,5278 4710,142 13595,467 10969,362 21590,023 4764,946 S 583,62396 2635,1033 11394,651 12272,942 11473,358 7825,3877
2,0209994 B 1432,5278 4710,142 13595,467 10969,362 21590,023 4764,946 S 583,62396 2635,1033 11394,651 12272,942 11473,358 7825,3877
2,0209994 B 1432,5278 4710,142 13595,467 10969,362 21590,023 4764,946 S 583,62396 2635,1033 11394,651 12272,942 11473,358 7825,3877
2,0219014 B 1432,5278 4710,142 13595,467 10969,362 21590,023 4764,946 S 583,62396 2635,1033 11394,651 12272,942 11473,358 7825,3877
2,0219998 B 1432,5278 4710,142 13595,467 10969,362 21590,023 4764,946 S 583,62396 2635,1033 11394,651 12272,942 11473,358 7825,3877
2,0220003 B 1432,5278 4710,142 13595,467 10969,362 21590,023 4764,946 S 583,62396 2635,1033 11394,651 12272,942 11473,358 7825,3877
2,0219998 B 1432,5278 4710,142 13595,467 10969,362 21590,023 4764,946 S 583,62396 2635,1033 11394,651 12272,942 11473,358 7825,3877
2,0220003 B 1432,5278 4710,142 13595,467 10969,362 21590,023 4764,946 S 583,62396 2635,1033 11394,651 12272,942 11473,358 7825,3877
2,0219998 B 1432,5278 4710,142 13595,467 10969,362 21590,023 4764,946 S 583,62396 2635,1033 11394,651 12272,942 11473,358 7825,3877
2,0219998 B 1432,5278 4710,142 13595,467 10969,362 21590,023 4764,946 S 583,62396 2635,1033 11394,651 12272,942 11473,358 7825,3877
2,0220003 B 1432,5278 4710,142 13595,467 10969,362 21590,023 4764,946 S 583,62396 2635,1033 11394,651 12272,942 11473,358 7825,3877
2,0220003 B 1432,5278 4710,142 13595,467 10969,362 21590,023 4764,946 S 583,62396 2635,1033 11394,651 12272,942 11473,358 7825,3877
2,0219996 B 1432,5278 4710,142 13595,467 10969,362 21590,023 4764,946 S 583,62396 2635,1033 11394,651 12272,942 11473,358 7825,3877
2,0220006 B 1432,5278 4710,142 13595,467 10969,362 21590,023 4764,946 S 583,62396 2635,1033 11394,651 12272,942 11473,358 7825,3877
2,022 B 1432,5278 4710,142 13595,467 10969,362 21590,023 4764,946 S 583,62396 2635,1033 11394,651 12272,942 11473,358 7825,3877
2,0220003 B 1432,5278 4710,142 13595,467 10969,362 21590,023 4764,946 S 583,62396 2635,1033 11394,651 12272,942 11473,358 7825,3877
2,0231907 B 1432,5278 4710,142 13595,467 10969,362 21590,023 4764,946 S 583,62396 2635,1033 11394,651 12272,942 11473,358 7825,3877
2,0250003 B 1432,5278 4710,142 13595,467 10969,362 21590,023 4764,946 S 583,62396 2635,1033 11394,651 12272,942 11473,358 7825,3877
2,0236766 B 1432,5278 4710,142 13595,467 10969,362 21590,023 4764,946 S 583,62396 2635,1033 11394,651 12272,942 11473,358 7825,3877
2,0229995 B 1432,5278 4710,142 13595,467 10969,362 21590,023 4764,946 S 583,62396 2635,1033 11394,651 12272,942 11473,358 7825,3877
2,0222976 B 1432,5278 4710,142 13595,467 10969,362 21590,023 4764,946 S 583,62396 2635,1033 11394,651 12272,942 11473,358 7825,3877
2,0238836 B 1432,5278 4710,142 13595,467 10969,362 21590,023 4764,946 S 583,62396 2635,1033 11394,651 12272,942 11473,358 7825,3877
2,0240002 B 1432,5278 4710,142 13595,467 10969,362 21590,023 4764,946 S 583,62396 2635,1033 11394,651 12272,942 11473,358 7825,3877
2,0236518 B 1432,5278 4710,142 13595,467 10969,362 21590,023 4764,946 S 583,62396 2635,1033 11394,651 12272,942 11473,358 7825,3877
2,02323 B 1432,5278 4710,142 13595,467 10969,362 21590,023 4764,946 S 583,62396 2635,1033 11394,651 12272,942 11473,358 7825,3877
2,024 B 1432,5278 4710,142 13595,467 10969,362 21590,023 4764,946 S 583,62396 2635,1033 11394,651 12272,942 11473,358 7825,3877
2,023606 B 1432,5278 4710,142 13595,467 10969,362 21590,023 4764,946 S 583,62396 2635,1033 11394,651 12272,942 11473,358 7825,3877
2,0230167 B 1432,5278 4710,142 13595,467 10969,362 21590,023 4764,946 S 583,62396 2635,1033 11394,651 12272,942 11473,358 7825,3877
2,021 B 1432,5278 4710,142 13595,467 10969,362 21590,023 4764,946 S 583,62396 2635,1033 11394,651 12272,942 11473,358 7825,3877
2,0209997 B 1432,5278 4710,142 13595,467 10969,362 21590,023 4764,946 S 583,62396 2635,1033 11394,651 12272,942 11473,358 7825,3877
2,020999 B 1432,5278 4710,142 13595,467 10969,362 21590,023 4764,946 S 583,62396 2635,1033 11394,651 12272,942 11473,358 7825,3877
2,0208254 B 1432,5278 4710,142 13595,467 10969,362 21590,023 4764,946 S 583,62396 2635,1033 11394,651 12272,942 11473,358 7825,3877
2,0210001 B 1432,5278 4710,142 13595,467 10969,362 21590,023 4764,946 S 583,62396 2635,1033 11394,651 12272,942 11473,358 7825,3877
2,021936 B 1432,5278 4710,142 13595,467 10969,362 21590,023 4764,946 S 583,62396 2635,1033 11394,651 12272,942 11473,358 7825,3877
2,0219998 B 1432,5278 4710,142 13595,467 10969,362 21590,023 4764,946 S 583,62396 2635,1033 11394,651 12272,942 11473,358 7825,3877
2,022 B 1432,5278 4710,142 13595,467 10969,362 21590,023 4764,946 S 583,62396 2635,1033 11394,651 12272,942 11473,358 7825,3877
2,0220003 B 1432,5278 4710,142 13595,467 10969,362 21590,023 4764,946 S 583,62396 2635,1033 11394,651 12272,942 11473,358 7825,3877
2,0212219 B 1432,5278 4710,142 13595,467 10969,362 21590,023 4764,946 S 583,62396 2635,1033 11394,651 12272,942 11473,358 7825,3877
2,021426 B 1432,5278 4710,142 13595,467 10969,362 21590,023 4764,946 S 583,62396 2635,1033 11394,651 12272,942 11473,358 7825,3877
2,022 B 1432,5278 4710,142 13595,467 10969,362 21590,023 4764,946 S 583,62396 2635,1033 11394,651 12272,942 11473,358 7825,3877
2,0220003 B 1432,5278 4710,142 13595,467 10969,362 21590,023 4764,946 S 583,62396 2635,1033 11394,651 12272,942 11473,358 7825,3877
2,0219998 B 1432,5278 4710,142 13595,467 10969,362 21590,023 4764,946 S 583,62396 2635,1033 11394,651 12272,942 11473,358 7825,3877
2,022 B 1432,5278 4710,142 13595,467 10969,362 21590,023 4764,946 S 583,62396 2635,1033 11394,651 12272,942 11473,358 7825,3877
2,0220006 B 1432,5278 4710,142 13595,467 10969,362 21590,023 4764,946 S 583,62396 2635,1033 11394,651 12272,942 11473,358 7825,3877
2,022389 B 1432,5278 4710,142 13595,467 10969,362 21590,023 4764,946 S 583,62396 2635,1033 11394,651 12272,942 11473,358 7825,3877
2,024065 B 1432,5278 4710,142 13595,467 10969,362 21590,023 4764,946 S 583,62396 2635,1033 11394,651 12272,942 11473,358 7825,3877
2,0259283 B 1432,5278 4710,142 13595,467 10969,362 21590,023 4764,946 S 583,62396 2635,1033 11394,651 12272,942 11473,358 7825,3877
2,0259998 B 1432,5278 4710,142 13595,467 10969,362 21590,023 4764,946 S 583,62396 2635,1033 11394,651 12272,942 11473,358 7825,3877
2,0259998 B 1432,5278 4710,142 13595,467 10969,362 21590,023 4764,946 S 583,62396 2635,1033 11394,651 12272,942 11473,358 7825,3877
2,0258505 B 1432,5278 4710,142 13595,467 10969,362 21590,023 4764,946 S 583,62396 2635,1033 11394,651 12272,942 11473,358 7825,3877
2,02766 B 1432,5278 4710,142 13595,467 10969,362 21590,023 4764,946 S 583,62396 2635,1033 11394,651 12272,942 11473,358 7825,3877
2,0280004 B 1432,5278 4710,142 13595,467 10969,362 21590,023 4764,946 S 583,62396 2635,1033 11394,651 12272,942 11473,358 7825,3877
2,027209 B 1432,5278 4710,142 13595,467 10969,362 21590,023 4764,946 S 583,62396 2635,1033 11394,651 12272,942 11473,358 7825,3877
2,0239997 B 1432,5278 4710,142 13595,467 10969,362 21590,023 4764,946 S 583,62396 2635,1033 11394,651 12272,942 11473,358 7825,3877
2,024 B 1432,5278 4710,142 13595,467 10969,362 21590,023 4764,946 S 583,62396 2635,1033 11394,651 12272,942 11473,358 7825,3877
2,0239997 B 1432,5278 4710,142 13595,467 10969,362 21590,023 4764,946 S 583,62396 2635,1033 11394,651 12272,942 11473,358 7825,3877
2,0240002 B 1432,5278 4710,142 13595,467 10969,362 21590,023 4764,946 S 583,62396 2635,1033 11394,651 12272,942 11473,358 7825,3877
2,0236566 B 1432,5278 4710,142 13595,467 10969,362 21590,023 4764,946 S 583,62396 2635,1033 11394,651 12272,942 11473,358 7825,3877
2,0213785 B 1432,5278 4710,142 13595,467 10969,362 21590,023 4764,946 S 583,62396 2635,1033 11394,651 12272,942 11473,358 7825,3877
2,0207262 B 1432,5278 4710,142 13595,467 10969,362 21590,023 4764,946 S 583,62396 2635,1033 11394,651 12272,942 11473,358 7825,3877
2,021 B 1432,5278 4710,142 13595,467 10969,362 21590,023 4764,946 S 583,62396 2635,1033 11394,651 12272,942 11473,358 7825,3877
2,021 B 1432,5278 4710,142 13595,467 10969,362 21590,023 4764,946 S 583,62396 2635,1033 11394,651 12272,942 11473,358 7825,3877
2,0209997 B 1432,5278 4710,142 13595,467 10969,362 21590,023 4764,946 S 583,62396 2635,1033 11394,651 12272,942 11473,358 7825,3877
2,0210004 B 1432,5278 4710,142 13595,467 10969,362 21590,023 4764,946 S 583,62396 2635,1033 11394,651 12272,942 11473,358 7825,3877
2,021 B 1432,5278 4710,142 13595,467 10969,362 21590,023 4764,946 S 583,62396 2635,1033 11394,651 12272,942 11473,358 7825,3877
2,0215917 B 1432,5278 4710,142 13595,467 10969,362 21590,023 4764,946 S 583,62396 2635,1033 11394,651 12272,942 11473,358 7825,3877
2,0235555 B 1432,5278 4710,142 13595,467 10969,362 21590,023 4764,946 S 583,62396 2635,1033 11394,651 12272,942 11473,358 7825,3877
2,0240004 B 1432,5278 4710,142 13595,467 10969,362 21590,023 4764,946 S 583,62396 2635,1033 11394,651 12272,942 11473,358 7825,3877
2,0240002 B 1432,5278 4710,142 13595,467 10969,362 21590,023 4764,946 S 583,62396 2635,1033 11394,651 12272,942 11473,358 7825,3877
2,024 B 1432,5278 4710,142 13595,467 10969,362 21590,023 4764,946 S 583,62396 2635,1033 11394,651 12272,942 11473,358 7825,3877
2,0239997 B 1432,5278 4710,142 13595,467 10969,362 21590,023 4764,946 S 583,62396 2635,1033 11394,651 12272,942 11473,358 7825,3877
2,0240095 B 1432,5278 4710,142 13595,467 10969,362 21590,023 4764,946 S 583,62396 2635,1033 11394,651 12272,942 11473,358 7825,3877
2,0249994 B 1432,5278 4710,142 13595,467 10969,362 21590,023 4764,946 S 583,62396 2635,1033 11394,651 12272,942 11473,358 7825,3877
2,0251355 B 1432,5278 4710,142 13595,467 10969,362 21590,023 4764,946 S 583,62396 2635,1033 11394,651 12272,942 11473,358 7825,3877
2,0240002 B 1432,5278 4710,142 13595,467 10969,362 21590,023 4764,946 S 583,62396 2635,1033 11394,651 12272,942 11473,358 7825,3877
2,0231562 B 1432,5278 4710,142 13595,467 10969,362 21590,023 4764,946 S 583,62396 2635,1033 11394,651 12272,942 11473,358 7825,3877
2,0227787 B 1432,5278 4710,142 13595,467 10969,362 21590,023 4764,946 S 583,62396 2635,1033 11394,651 12272,942 11473,358 7825,3877
2,0217779 B 1432,5278 4710,142 13595,467 10969,362 21590,023 4764,946 S 583,62396 2635,1033 11394,651 12272,942 11473,358 7825,3877
2,02 B 1432,5278 4710,142 13595,467 10969,362 21590,023 4764,946 S 583,62396 2635,1033 11394,651 12272,942 11473,358 7825,3877
2,0199995 B 1432,5278 4710,142 13595,467 10969,362 21590,023 4764,946 S 583,62396 2635,1033 11394,651 12272,942 11473,358 7825,3877
2,0199995 B 1432,5278 4710,142 13595,467 10969,362 21590,023 4764,946 S 583,62396 2635,1033 11394,651 12272,942 11473,358 7825,3877
2,0182412 B 1432,5278 4710,142 13595,467 10969,362 21590,023 4764,946 S 583,62396 2635,1033 11394,651 12272,942 11473,358 7825,3877
2,0172622 B 1432,5278 4710,142 13595,467 10969,362 21590,023 4764,946 S 583,62396 2635,1033 11394,651 12272,942 11473,358 7825,3877
2,0170004 B 1432,5278 4710,142 13595,467 10969,362 21590,023 4764,946 S 583,62396 2635,1033 11394,651 12272,942 11473,358 7825,3877
2,017 B 1432,5278 4710,142 13595,467 10969,362 21590,023 4764,946 S 583,62396 2635,1033 11394,651 12272,942 11473,358 7825,3877
2,0169997 B 1432,5278 4710,142 13595,467 10969,362 21590,023 4764,946 S 583,62396 2635,1033 11394,651 12272,942 11473,358 7825,3877
2,017 B 1432,5278 4710,142 13595,467 10969,362 21590,023 4764,946 S 583,62396 2635,1033 11394,651 12272,942 11473,358 7825,3877
2,0171657 B 1432,5278 4710,142 13595,467 10969,362 21590,023 4764,946 S 583,62396 2635,1033 11394,651 12272,942 11473,358 7825,3877
2,0180001 B 1432,5278 4710,142 13595,467 10969,362 21590,023 4764,946 S 583,62396 2635,1033 11394,651 12272,942 11473,358 7825,3877
2,0180001 B 1432,5278 4710,142 13595,467 10969,362 21590,023 4764,946 S 583,62396 2635,1033 11394,651 12272,942 11473,358 7825,3877
2,0180006 B 1432,5278 4710,142 13595,467 10969,362 21590,023 4764,946 S 583,62396 2635,1033 11394,651 12272,942 11473,358 7825,3877
2,0180006 B 1432,5278 4710,142 13595,467 10969,362 21590,023 4764,946 S 583,62396 2635,1033 11394,651 12272,942 11473,358 7825,3877
2,0180008 B 1432,5278 4710,142 13595,467 10969,362 21590,023 4764,946 S 583,62396 2635,1033 11394,651 12272,942 11473,358 7825,3877
2,0192237 B 1432,5278 4710,142 13595,467 10969,362 21590,023 4764,946 S 583,62396 2635,1033 11394,651 12272,942 11473,358 7825,3877
2,0221922 B 1432,5278 4710,142 13595,467 10969,362 21590,023 4764,946 S 583,62396 2635,1033 11394,651 12272,942 11473,358 7825,3877
2,0219998 B 1432,5278 4710,142 13595,467 10969,362 21590,023 4764,946 S 583,62396 2635,1033 11394,651 12272,942 11473,358 7825,3877
2,0224907 B 1432,5278 4710,142 13595,467 10969,362 21590,023 4764,946 S 583,62396 2635,1033 11394,651 12272,942 11473,358 7825,3877
2,0219996 B 1432,5278 4710,142 13595,467 10969,362 21590,023 4764,946 S 583,62396 2635,1033 11394,651 12272,942 11473,358 7825,3877
2,0229688 B 1432,5278 4710,142 13595,467 10969,362 21590,023 4764,946 S 583,62396 2635,1033 11394,651 12272,942 11473,358 7825,3877
2,0230002 B 1432,5278 4710,142 13595,467 10969,362 21590,023 4764,946 S 583,62396 2635,1033 11394,651 12272,942 11473,358 7825,3877
2,0230005 B 1432,5278 4710,142 13595,467 10969,362 21590,023 4764,946 S 583,62396 2635,1033 11394,651 12272,942 11473,358 7825,3877
2,0221474 B 1432,5278 4710,142 13595,467 10969,362 21590,023 4764,946 S 583,62396 2635,1033 11394,651 12272,942 11473,358 7825,3877
2,0210154 B 1432,5278 4710,142 13595,467 10969,362 21590,023 4764,946 S 583,62396 2635,1033 11394,651 12272,942 11473,358 7825,3877
2,0195105 B 1432,5278 4710,142 13595,467 10969,362 21590,023 4764,946 S 583,62396 2635,1033 11394,651 12272,942 11473,358 7825,3877
