1,884718
1,8799994 B 7625,8506 9758,179 15897,682 9395,361 2718,519 12184,687 S 589,78 1730,0696 8518,655 14509,3 8168,515 10649,676
1,880392 B 7625,8506 9758,179 15897,682 9395,361 2718,519 12184,687 S 589,78 1730,0696 8518,655 14509,3 8168,515 10649,676
1,881 B 7625,8506 9758,179 15897,682 9395,361 2718,519 12184,687 S 589,78 1730,0696 8518,655 14509,3 8168,515 10649,676
1,8810004 B 7625,8506 9758,179 15897,682 9395,361 2718,519 12184,687 S 589,78 1730,0696 8518,655 14509,3 8168,515 10649,676
1,8809999 B 7625,8506 9758,179 15897,682 9395,361 2718,519 12184,687 S 589,78 1730,0696 8518,655 14509,3 8168,515 10649,676
1,8810003 B 7625,8506 9758,179 15897,682 9395,361 2718,519 12184,687 S 589,78 1730,0696 8518,655 14509,3 8168,515 10649,676
1,8810003 B 7625,8506 9758,179 15897,682 9395,361 2718,519 12184,687 S 589,78 1730,0696 8518,655 14509,3 8168,515 10649,676
1,881 B 7625,8506 9758,179 15897,682 9395,361 2718,519 12184,687 S 589,78 1730,0696 8518,655 14509,3 8168,515 10649,676
1,8815411 B 7625,8506 9758,179 15897,682 9395,361 2718,519 12184,687 S 589,78 1730,0696 8518,655 14509,3 8168,515 10649,676
1,8829999 B 7625,8506 9758,179 15897,682 9395,361 2718,519 12184,687 S 589,78 1730,0696 8518,655 14509,3 8168,515 10649,676
1,8830003 B 7625,8506 9758,179 15897,682 9395,361 2718,519 12184,687 S 589,78 1730,0696 8518,655 14509,3 8168,515 10649,676
1,8830005 B 7625,8506 9758,179 15897,682 9395,361 2718,519 12184,687 S 589,78 1730,0696 8518,655 14509,3 8168,515 10649,676
1,8837277 B 7625,8506 9758,179 15897,682 9395,361 2718,519 12184,687 S 589,78 1730,0696 8518,655 14509,3 8168,515 10649,676
1,8833938 B 7625,8506 9758,179 15897,682 9395,361 2718,519 12184,687 S 589,78 1730,0696 8518,655 14509,3 8168,515 10649,676
1,8830003 B 7625,8506 9758,179 15897,682 9395,361 2718,519 12184,687 S 589,78 1730,0696 8518,655 14509,3 8168,515 10649,676
1,8829998 B 7625,8506 9758,179 15897,682 9395,361 2718,519 12184,687 S 589,78 1730,0696 8518,655 14509,3 8168,515 10649,676
1,882663 B 7625,8506 9758,179 15897,682 9395,361 2718,519 12184,687 S 589,78 1730,0696 8518,655 14509,3 8168,515 10649,676
1,8779391 B 7625,8506 9758,179 15897,682 9395,361 2718,519 12184,687 S 589,78 1730,0696 8518,655 14509,3 8168,515 10649,676
1,8769931 B 7625,8506 9758,179 15897,682 9395,361 2718,519 12184,687 S 589,78 1730,0696 8518,655 14509,3 8168,515 10649,676
1,8782836 B 7625,8506 9758,179 15897,682 9395,361 2718,519 12184,687 S 589,78 1730,0696 8518,655 14509,3 8168,515 10649,676
1,8800004 B 7625,8506 9758,179 15897,682 9395,361 2718,519 12184,687 S 589,78 1730,0696 8518,655 14509,3 8168,515 10649,676
1,8816338 B 7625,8506 9758,179 15897,682 9395,361 2718,519 12184,687 S 589,78 1730,0696 8518,655 14509,3 8168,515 10649,676
1,8819997 B 7625,8506 9758,179 15897,682 9395,361 2718,519 12184,687 S 589,78 1730,0696 8518,655 14509,3 8168,515 10649,676
1,8796597 B 7625,8506 9758,179 15897,682 9395,361 2718,519 12184,687 S 589,78 1730,0696 8518,655 14509,3 8168,515 10649,676
1,8790001 B 7625,8506 9758,179 15897,682 9395,361 2718,519 12184,687 S 589,78 1730,0696 8518,655 14509,3 8168,515 10649,676
1,8790001 B 7625,8506 9758,179 15897,682 9395,361 2718,519 12184,687 S 589,78 1730,0696 8518,655 14509,3 8168,515 10649,676
1,8790003 B 7625,8506 9758,179 15897,682 9395,361 2718,519 12184,687 S 589,78 1730,0696 8518,655 14509,3 8168,515 10649,676
1,8790002 B 7625,8506 9758,179 15897,682 9395,361 2718,519 12184,687 S 589,78 1730,0696 8518,655 14509,3 8168,515 10649,676
1,8790003 B 7625,8506 9758,179 15897,682 9395,361 2718,519 12184,687 S 589,78 1730,0696 8518,655 14509,3 8168,515 10649,676
1,879744 B 7625,8506 9758,179 15897,682 9395,361 2718,519 12184,687 S 589,78 1730,0696 8518,655 14509,3 8168,515 10649,676
1,8832269 B 7625,8506 9758,179 15897,682 9395,361 2718,519 12184,687 S 589,78 1730,0696 8518,655 14509,3 8168,515 10649,676
1,8838679 B 7625,8506 9758,179 15897,682 9395,361 2718,519 12184,687 S 589,78 1730,0696 8518,655 14509,3 8168,515 10649,676
1,8829998 B 7625,8506 9758,179 15897,682 9395,361 2718,519 12184,687 S 589,78 1730,0696 8518,655 14509,3 8168,515 10649,676
1,8829997 B 7625,8506 9758,179 15897,682 9395,361 2718,519 12184,687 S 589,78 1730,0696 8518,655 14509,3 8168,515 10649,676
1,883 B 7625,8506 9758,179 15897,682 9395,361 2718,519 12184,687 S 589,78 1730,0696 8518,655 14509,3 8168,515 10649,676
1,8830007 B 7625,8506 9758,179 15897,682 9395,361 2718,519 12184,687 S 589,78 1730,0696 8518,655 14509,3 8168,515 10649,676
1,883 B 7625,8506 9758,179 15897,682 9395,361 2718,519 12184,687 S 589,78 1730,0696 8518,655 14509,3 8168,515 10649,676
1,883 B 7625,8506 9758,179 15897,682 9395,361 2718,519 12184,687 S 589,78 1730,0696 8518,655 14509,3 8168,515 10649,676
1,8837413 B 7625,8506 9758,179 15897,682 9395,361 2718,519 12184,687 S 589,78 1730,0696 8518,655 14509,3 8168,515 10649,676
1,8840003 B 7625,8506 9758,179 15897,682 9395,361 2718,519 12184,687 S 589,78 1730,0696 8518,655 14509,3 8168,515 10649,676
1,8840002 B 7625,8506 9758,179 15897,682 9395,361 2718,519 12184,687 S 589,78 1730,0696 8518,655 14509,3 8168,515 10649,676
1,8839412 B 7625,8506 9758,179 15897,682 9395,361 2718,519 12184,687 S 589,78 1730,0696 8518,655 14509,3 8168,515 10649,676
1,8830003 B 7625,8506 9758,179 15897,682 9395,361 2718,519 12184,687 S 589,78 1730,0696 8518,655 14509,3 8168,515 10649,676
1,8830006 B 7625,8506 9758,179 15897,682 9395,361 2718,519 12184,687 S 589,78 1730,0696 8518,655 14509,3 8168,515 10649,676
1,8829998 B 7625,8506 9758,179 15897,682 9395,361 2718,519 12184,687 S 589,78 1730,0696 8518,655 14509,3 8168,515 10649,676
1,883 B 7625,8506 9758,179 15897,682 9395,361 2718,519 12184,687 S 589,78 1730,0696 8518,655 14509,3 8168,515 10649,676
1,8830003 B 7625,8506 9758,179 15897,682 9395,361 2718,519 12184,687 S 589,78 1730,0696 8518,655 14509,3 8168,515 10649,676
1,8829999 B 7625,8506 9758,179 15897,682 9395,361 2718,519 12184,687 S 589,78 1730,0696 8518,655 14509,3 8168,515 10649,676
1,8830007 B 7625,8506 9758,179 15897,682 9395,361 2718,519 12184,687 S 589,78 1730,0696 8518,655 14509,3 8168,515 10649,676
1,8834763 B 7625,8506 9758,179 15897,682 9395,361 2718,519 12184,687 S 589,78 1730,0696 8518,655 14509,3 8168,515 10649,676
1,885 B 7625,8506 9758,179 15897,682 9395,361 2718,519 12184,687 S 589,78 1730,0696 8518,655 14509,3 8168,515 10649,676
1,8850002 B 7625,8506 9758,179 15897,682 9395,361 2718,519 12184,687 S 589,78 1730,0696 8518,655 14509,3 8168,515 10649,676
1,8849995 B 7625,8506 9758,179 15897,682 9395,361 2718,519 12184,687 S 589,78 1730,0696 8518,655 14509,3 8168,515 10649,676
1,8868916 B 7625,8506 9758,179 15897,682 9395,361 2718,519 12184,687 S 589,78 1730,0696 8518,655 14509,3 8168,515 10649,676
1,8879433 B 7625,8506 9758,179 15897,682 9395,361 2718,519 12184,687 S 589,78 1730,0696 8518,655 14509,3 8168,515 10649,676
1,8880006 B 7625,8506 9758,179 15897,682 9395,361 2718,519 12184,687 S 589,78 1730,0696 8518,655 14509,3 8168,515 10649,676
1,8879999 B 7625,8506 9758,179 15897,682 9395,361 2718,519 12184,687 S 589,78 1730,0696 8518,655 14509,3 8168,515 10649,676
1,888 B 7625,8506 9758,179 15897,682 9395,361 2718,519 12184,687 S 589,78 1730,0696 8518,655 14509,3 8168,515 10649,676
1,8879993 B 7625,8506 9758,179 15897,682 9395,361 2718,519 12184,687 S 589,78 1730,0696 8518,655 14509,3 8168,515 10649,676
1,8880001 B 7625,8506 9758,179 15897,682 9395,361 2718,519 12184,687 S 589,78 1730,0696 8518,655 14509,3 8168,515 10649,676
1,8880001 B 7625,8506 9758,179 15897,682 9395,361 2718,519 12184,687 S 589,78 1730,0696 8518,655 14509,3 8168,515 10649,676
1,8879994 B 7625,8506 9758,179 15897,682 9395,361 2718,519 12184,687 S 589,78 1730,0696 8518,655 14509,3 8168,515 10649,676
1,8879999 B 7625,8506 9758,179 15897,682 9395,361 2718,519 12184,687 S 589,78 1730,0696 8518,655 14509,3 8168,515 10649,676
1,8880002 B 7625,8506 9758,179 15897,682 9395,361 2718,519 12184,687 S 589,78 1730,0696 8518,655 14509,3 8168,515 10649,676
1,8880002 B 7625,8506 9758,179 15897,682 9395,361 2718,519 12184,687 S 589,78 1730,0696 8518,655 14509,3 8168,515 10649,676
1,8884448 B 7625,8506 9758,179 15897,682 9395,361 2718,519 12184,687 S 589,78 1730,0696 8518,655 14509,3 8168,515 10649,676
1,8889997 B 7625,8506 9758,179 15897,682 9395,361 2718,519 12184,687 S 589,78 1730,0696 8518,655 14509,3 8168,515 10649,676
1,8889997 B 7625,8506 9758,179 15897,682 9395,361 2718,519 12184,687 S 589,78 1730,0696 8518,655 14509,3 8168,515 10649,676
1,8890004 B 7625,8506 9758,179 15897,682 9395,361 2718,519 12184,687 S 589,78 1730,0696 8518,655 14509,3 8168,515 10649,676
1,8890004 B 7625,8506 9758,179 15897,682 9395,361 2718,519 12184,687 S 589,78 1730,0696 8518,655 14509,3 8168,515 10649,676
1,889 B 7625,8506 9758,179 15897,682 9395,361 2718,519 12184,687 S 589,78 1730,0696 8518,655 14509,3 8168,515 10649,676
1,889 B 7625,8506 9758,179 15897,682 9395,361 2718,519 12184,687 S 589,78 1730,0696 8518,655 14509,3 8168,515 10649,676
1,8889999 B 7625,8506 9758,179 15897,682 9395,361 2718,519 12184,687 S 589,78 1730,0696 8518,655 14509,3 8168,515 10649,676
1,8890004 B 7625,8506 9758,179 15897,682 9395,361 2718,519 12184,687 S 589,78 1730,0696 8518,655 14509,3 8168,515 10649,676
1,8890003 B 7625,8506 9758,179 15897,682 9395,361 2718,519 12184,687 S 589,78 1730,0696 8518,655 14509,3 8168,515 10649,676
1,8889999 B 7625,8506 9758,179 15897,682 9395,361 2718,519 12184,687 S 589,78 1730,0696 8518,655 14509,3 8168,515 10649,676
1,8889999 B 7625,8506 9758,179 15897,682 9395,361 2718,519 12184,687 S 589,78 1730,0696 8518,655 14509,3 8168,515 10649,676
1,8889995 B 7625,8506 9758,179 15897,682 9395,361 2718,519 12184,687 S 589,78 1730,0696 8518,655 14509,3 8168,515 10649,676
1,8890002 B 7625,8506 9758,179 15897,682 9395,361 2718,519 12184,687 S 589,78 1730,0696 8518,655 14509,3 8168,515 10649,676
1,8884212 B 7625,8506 9758,179 15897,682 9395,361 2718,519 12184,687 S 589,78 1730,0696 8518,655 14509,3 8168,515 10649,676
1,887 B 7625,8506 9758,179 15897,682 9395,361 2718,519 12184,687 S 589,78 1730,0696 8518,655 14509,3 8168,515 10649,676
1,88664 B 7625,8506 9758,179 15897,682 9395,361 2718,519 12184,687 S 589,78 1730,0696 8518,655 14509,3 8168,515 10649,676
1,8859997 B 7625,8506 9758,179 15897,682 9395,361 2718,519 12184,687 S 589,78 1730,0696 8518,655 14509,3 8168,515 10649,676
1,8859999 B 7625,8506 9758,179 15897,682 9395,361 2718,519 12184,687 S 589,78 1730,0696 8518,655 14509,3 8168,515 10649,676
1,886 B 7625,8506 9758,179 15897,682 9395,361 2718,519 12184,687 S 589,78 1730,0696 8518,655 14509,3 8168,515 10649,676
1,8859994 B 7625,8506 9758,179 15897,682 9395,361 2718,519 12184,687 S 589,78 1730,0696 8518,655 14509,3 8168,515 10649,676
1,8860003 B 7625,8506 9758,179 15897,682 9395,361 2718,519 12184,687 S 589,78 1730,0696 8518,655 14509,3 8168,515 10649,676
1,8859999 B 7625,8506 9758,179 15897,682 9395,361 2718,519 12184,687 S 589,78 1730,0696 8518,655 14509,3 8168,515 10649,676
1,8860002 B 7625,8506 9758,179 15897,682 9395,361 2718,519 12184,687 S 589,78 1730,0696 8518,655 14509,3 8168,515 10649,676
1,8860008 B 7625,8506 9758,179 15897,682 9395,361 2718,519 12184,687 S 589,78 1730,0696 8518,655 14509,3 8168,515 10649,676
1,8860002 B 7625,8506 9758,179 15897,682 9395,361 2718,519 12184,687 S 589,78 1730,0696 8518,655 14509,3 8168,515 10649,676
1,8860004 B 7625,8506 9758,179 15897,682 9395,361 2718,519 12184,687 S 589,78 1730,0696 8518,655 14509,3 8168,515 10649,676
1,886 B 7625,8506 9758,179 15897,682 9395,361 2718,519 12184,687 S 589,78 1730,0696 8518,655 14509,3 8168,515 10649,676
1,8859994 B 7625,8506 9758,179 15897,682 9395,361 2718,519 12184,687 S 589,78 1730,0696 8518,655 14509,3 8168,515 10649,676
1,886 B 7625,8506 9758,179 15897,682 9395,361 2718,519 12184,687 S 589,78 1730,0696 8518,655 14509,3 8168,515 10649,676
1,8859997 B 7625,8506 9758,179 15897,682 9395,361 2718,519 12184,687 S 589,78 1730,0696 8518,655 14509,3 8168,515 10649,676
1,8859996 B 7625,8506 9758,179 15897,682 9395,361 2718,519 12184,687 S 589,78 1730,0696 8518,655 14509,3 8168,515 10649,676
1,8866597 B 7625,8506 9758,179 15897,682 9395,361 2718,519 12184,687 S 589,78 1730,0696 8518,655 14509,3 8168,515 10649,676
1,8869997 B 7625,8506 9758,179 15897,682 9395,361 2718,519 12184,687 S 589,78 1730,0696 8518,655 14509,3 8168,515 10649,676
1,8869995 B 7625,8506 9758,179 15897,682 9395,361 2718,519 12184,687 S 589,78 1730,0696 8518,655 14509,3 8168,515 10649,676
1,8870002 B 7625,8506 9758,179 15897,682 9395,361 2718,519 12184,687 S 589,78 1730,0696 8518,655 14509,3 8168,515 10649,676
1,8866242 B 7625,8506 9758,179 15897,682 9395,361 2718,519 12184,687 S 589,78 1730,0696 8518,655 14509,3 8168,515 10649,676
1,886 B 7625,8506 9758,179 15897,682 9395,361 2718,519 12184,687 S 589,78 1730,0696 8518,655 14509,3 8168,515 10649,676
1,8860008 B 7625,8506 9758,179 15897,682 9395,361 2718,519 12184,687 S 589,78 1730,0696 8518,655 14509,3 8168,515 10649,676
1,8859996 B 7625,8506 9758,179 15897,682 9395,361 2718,519 12184,687 S 589,78 1730,0696 8518,655 14509,3 8168,515 10649,676
1,8860003 B 7625,8506 9758,179 15897,682 9395,361 2718,519 12184,687 S 589,78 1730,0696 8518,655 14509,3 8168,515 10649,676
1,8858324 B 7625,8506 9758,179 15897,682 9395,361 2718,519 12184,687 S 589,78 1730,0696 8518,655 14509,3 8168,515 10649,676
1,8839993 B 7625,8506 9758,179 15897,682 9395,361 2718,519 12184,687 S 589,78 1730,0696 8518,655 14509,3 8168,515 10649,676
1,8840003 B 7625,8506 9758,179 15897,682 9395,361 2718,519 12184,687 S 589,78 1730,0696 8518,655 14509,3 8168,515 10649,676
1,8840004 B 7625,8506 9758,179 15897,682 9395,361 2718,519 12184,687 S 589,78 1730,0696 8518,655 14509,3 8168,515 10649,676
1,8840004 B 7625,8506 9758,179 15897,682 9395,361 2718,519 12184,687 S 589,78 1730,0696 8518,655 14509,3 8168,515 10649,676
1,8856181 B 7625,8506 9758,179 15897,682 9395,361 2718,519 12184,687 S 589,78 1730,0696 8518,655 14509,3 8168,515 10649,676
1,886 B 7625,8506 9758,179 15897,682 9395,361 2718,519 12184,687 S 589,78 1730,0696 8518,655 14509,3 8168,515 10649,676
1,8859999 B 7625,8506 9758,179 15897,682 9395,361 2718,519 12184,687 S 589,78 1730,0696 8518,655 14509,3 8168,515 10649,676
1,8859997 B 7625,8506 9758,179 15897,682 9395,361 2718,519 12184,687 S 589,78 1730,0696 8518,655 14509,3 8168,515 10649,676
1,8860002 B 7625,8506 9758,179 15897,682 9395,361 2718,519 12184,687 S 589,78 1730,0696 8518,655 14509,3 8168,515 10649,676
1,8860004 B 7625,8506 9758,179 15897,682 9395,361 2718,519 12184,687 S 589,78 1730,0696 8518,655 14509,3 8168,515 10649,676
1,8868153 B 7625,8506 9758,179 15897,682 9395,361 2718,519 12184,687 S 589,78 1730,0696 8518,655 14509,3 8168,515 10649,676
1,8880002 B 7625,8506 9758,179 15897,682 9395,361 2718,519 12184,687 S 589,78 1730,0696 8518,655 14509,3 8168,515 10649,676
1,8880002 B 7625,8506 9758,179 15897,682 9395,361 2718,519 12184,687 S 589,78 1730,0696 8518,655 14509,3 8168,515 10649,676
1,8880001 B 7625,8506 9758,179 15897,682 9395,361 2718,519 12184,687 S 589,78 1730,0696 8518,655 14509,3 8168,515 10649,676
1,888 B 7625,8506 9758,179 15897,682 9395,361 2718,519 12184,687 S 589,78 1730,0696 8518,655 14509,3 8168,515 10649,676
1,888 B 7625,8506 9758,179 15897,682 9395,361 2718,519 12184,687 S 589,78 1730,0696 8518,655 14509,3 8168,515 10649,676
1,8880005 B 7625,8506 9758,179 15897,682 9395,361 2718,519 12184,687 S 589,78 1730,0696 8518,655 14509,3 8168,515 10649,676
1,8880004 B 7625,8506 9758,179 15897,682 9395,361 2718,519 12184,687 S 589,78 1730,0696 8518,655 14509,3 8168,515 10649,676
1,888 B 7625,8506 9758,179 15897,682 9395,361 2718,519 12184,687 S 589,78 1730,0696 8518,655 14509,3 8168,515 10649,676
1,8880001 B 7625,8506 9758,179 15897,682 9395,361 2718,519 12184,687 S 589,78 1730,0696 8518,655 14509,3 8168,515 10649,676
1,8889431 B 7625,8506 9758,179 15897,682 9395,361 2718,519 12184,687 S 589,78 1730,0696 8518,655 14509,3 8168,515 10649,676
1,8889998 B 7625,8506 9758,179 15897,682 9395,361 2718,519 12184,687 S 589,78 1730,0696 8518,655 14509,3 8168,515 10649,676
1,8889998 B 7625,8506 9758,179 15897,682 9395,361 2718,519 12184,687 S 589,78 1730,0696 8518,655 14509,3 8168,515 10649,676
1,8890003 B 7625,8506 9758,179 15897,682 9395,361 2718,519 12184,687 S 589,78 1730,0696 8518,655 14509,3 8168,515 10649,676
1,8890005 B 7625,8506 9758,179 15897,682 9395,361 2718,519 12184,687 S 589,78 1730,0696 8518,655 14509,3 8168,515 10649,676
1,8881544 B 7625,8506 9758,179 15897,682 9395,361 2718,519 12184,687 S 589,78 1730,0696 8518,655 14509,3 8168,515 10649,676
1,888 B 7625,8506 9758,179 15897,682 9395,361 2718,519 12184,687 S 589,78 1730,0696 8518,655 14509,3 8168,515 10649,676
1,8880004 B 7625,8506 9758,179 15897,682 9395,361 2718,519 12184,687 S 589,78 1730,0696 8518,655 14509,3 8168,515 10649,676
1,8880006 B 7625,8506 9758,179 15897,682 9395,361 2718,519 12184,687 S 589,78 1730,0696 8518,655 14509,3 8168,515 10649,676
1,8876054 B 7625,8506 9758,179 15897,682 9395,361 2718,519 12184,687 S 589,78 1730,0696 8518,655 14509,3 8168,515 10649,676
1,8869997 B 7625,8506 9758,179 15897,682 9395,361 2718,519 12184,687 S 589,78 1730,0696 8518,655 14509,3 8168,515 10649,676
1,8869998 B 7625,8506 9758,179 15897,682 9395,361 2718,519 12184,687 S 589,78 1730,0696 8518,655 14509,3 8168,515 10649,676
1,8870002 B 7625,8506 9758,179 15897,682 9395,361 2718,519 12184,687 S 589,78 1730,0696 8518,655 14509,3 8168,515 10649,676
1,887 B 7625,8506 9758,179 15897,682 9395,361 2718,519 12184,687 S 589,78 1730,0696 8518,655 14509,3 8168,515 10649,676
1,8870002 B 7625,8506 9758,179 15897,682 9395,361 2718,519 12184,687 S 589,78 1730,0696 8518,655 14509,3 8168,515 10649,676
1,8869094 B 7625,8506 9758,179 15897,682 9395,361 2718,519 12184,687 S 589,78 1730,0696 8518,655 14509,3 8168,515 10649,676
1,8859998 B 7625,8506 9758,179 15897,682 9395,361 2718,519 12184,687 S 589,78 1730,0696 8518,655 14509,3 8168,515 10649,676
1,8859999 B 7625,8506 9758,179 15897,682 9395,361 2718,519 12184,687 S 589,78 1730,0696 8518,655 14509,3 8168,515 10649,676
1,8855323 B 7625,8506 9758,179 15897,682 9395,361 2718,519 12184,687 S 589,78 1730,0696 8518,655 14509,3 8168,515 10649,676
1,885 B 7625,8506 9758,179 15897,682 9395,361 2718,519 12184,687 S 589,78 1730,0696 8518,655 14509,3 8168,515 10649,676
1,8850003 B 7625,8506 9758,179 15897,682 9395,361 2718,519 12184,687 S 589,78 1730,0696 8518,655 14509,3 8168,515 10649,676
1,8850003 B 7625,8506 9758,179 15897,682 9395,361 2718,519 12184,687 S 589,78 1730,0696 8518,655 14509,3 8168,515 10649,676
1,8849999 B 7625,8506 9758,179 15897,682 9395,361 2718,519 12184,687 S 589,78 1730,0696 8518,655 14509,3 8168,515 10649,676
1,8834665 B 7625,8506 9758,179 15897,682 9395,361 2718,519 12184,687 S 589,78 1730,0696 8518,655 14509,3 8168,515 10649,676
1,8830003 B 7625,8506 9758,179 15897,682 9395,361 2718,519 12184,687 S 589,78 1730,0696 8518,655 14509,3 8168,515 10649,676
1,8830003 B 7625,8506 9758,179 15897,682 9395,361 2718,519 12184,687 S 589,78 1730,0696 8518,655 14509,3 8168,515 10649,676
1,8830001 B 7625,8506 9758,179 15897,682 9395,361 2718,519 12184,687 S 589,78 1730,0696 8518,655 14509,3 8168,515 10649,676
1,8830001 B 7625,8506 9758,179 15897,682 9395,361 2718,519 12184,687 S 589,78 1730,0696 8518,655 14509,3 8168,515 10649,676
1,883 B 7625,8506 9758,179 15897,682 9395,361 2718,519 12184,687 S 589,78 1730,0696 8518,655 14509,3 8168,515 10649,676
1,8839252 B 7625,8506 9758,179 15897,682 9395,361 2718,519 12184,687 S 589,78 1730,0696 8518,655 14509,3 8168,515 10649,676
1,8839995 B 7625,8506 9758,179 15897,682 9395,361 2718,519 12184,687 S 589,78 1730,0696 8518,655 14509,3 8168,515 10649,676
1,8840002 B 7625,8506 9758,179 15897,682 9395,361 2718,519 12184,687 S 589,78 1730,0696 8518,655 14509,3 8168,515 10649,676
1,8840003 B 7625,8506 9758,179 15897,682 9395,361 2718,519 12184,687 S 589,78 1730,0696 8518,655 14509,3 8168,515 10649,676
1,8839997 B 7625,8506 9758,179 15897,682 9395,361 2718,519 12184,687 S 589,78 1730,0696 8518,655 14509,3 8168,515 10649,676
1,8839997 B 7625,8506 9758,179 15897,682 9395,361 2718,519 12184,687 S 589,78 1730,0696 8518,655 14509,3 8168,515 10649,676
1,8841728 B 7625,8506 9758,179 15897,682 9395,361 2718,519 12184,687 S 589,78 1730,0696 8518,655 14509,3 8168,515 10649,676
1,8849996 B 7625,8506 9758,179 15897,682 9395,361 2718,519 12184,687 S 589,78 1730,0696 8518,655 14509,3 8168,515 10649,676
1,8850005 B 7625,8506 9758,179 15897,682 9395,361 2718,519 12184,687 S 589,78 1730,0696 8518,655 14509,3 8168,515 10649,676
1,8849999 B 7625,8506 9758,179 15897,682 9395,361 2718,519 12184,687 S 589,78 1730,0696 8518,655 14509,3 8168,515 10649,676
1,8849999 B 7625,8506 9758,179 15897,682 9395,361 2718,519 12184,687 S 589,78 1730,0696 8518,655 14509,3 8168,515 10649,676
1,8849998 B 7625,8506 9758,179 15897,682 9395,361 2718,519 12184,687 S 589,78 1730,0696 8518,655 14509,3 8168,515 10649,676
1,885 B 7625,8506 9758,179 15897,682 9395,361 2718,519 12184,687 S 589,78 1730,0696 8518,655 14509,3 8168,515 10649,676
1,885274 B 7625,8506 9758,179 15897,682 9395,361 2718,519 12184,687 S 589,78 1730,0696 8518,655 14509,3 8168,515 10649,676
1,8860005 B 7625,8506 9758,179 15897,682 9395,361 2718,519 12184,687 S 589,78 1730,0696 8518,655 14509,3 8168,515 10649,676
1,8840554 B 7625,8506 9758,179 15897,682 9395,361 2718,519 12184,687 S 589,78 1730,0696 8518,655 14509,3 8168,515 10649,676
1,8839997 B 7625,8506 9758,179 15897,682 9395,361 2718,519 12184,687 S 589,78 1730,0696 8518,655 14509,3 8168,515 10649,676
1,8844703 B 7625,8506 9758,179 15897,682 9395,361 2718,519 12184,687 S 589,78 1730,0696 8518,655 14509,3 8168,515 10649,676
1,8849996 B 7625,8506 9758,179 15897,682 9395,361 2718,519 12184,687 S 589,78 1730,0696 8518,655 14509,3 8168,515 10649,676
1,8849998 B 7625,8506 9758,179 15897,682 9395,361 2718,519 12184,687 S 589,78 1730,0696 8518,655 14509,3 8168,515 10649,676
1,8849999 B 7625,8506 9758,179 15897,682 9395,361 2718,519 12184,687 S 589,78 1730,0696 8518,655 14509,3 8168,515 10649,676
1,8850002 B 7625,8506 9758,179 15897,682 9395,361 2718,519 12184,687 S 589,78 1730,0696 8518,655 14509,3 8168,515 10649,676
1,885 B 7625,8506 9758,179 15897,682 9395,361 2718,519 12184,687 S 589,78 1730,0696 8518,655 14509,3 8168,515 10649,676
1,8850001 B 7625,8506 9758,179 15897,682 9395,361 2718,519 12184,687 S 589,78 1730,0696 8518,655 14509,3 8168,515 10649,676
1,8849996 B 7625,8506 9758,179 15897,682 9395,361 2718,519 12184,687 S 589,78 1730,0696 8518,655 14509,3 8168,515 10649,676
1,8849999 B 7625,8506 9758,179 15897,682 9395,361 2718,519 12184,687 S 589,78 1730,0696 8518,655 14509,3 8168,515 10649,676
1,8850002 B 7625,8506 9758,179 15897,682 9395,361 2718,519 12184,687 S 589,78 1730,0696 8518,655 14509,3 8168,515 10649,676
1,8850001 B 7625,8506 9758,179 15897,682 9395,361 2718,519 12184,687 S 589,78 1730,0696 8518,655 14509,3 8168,515 10649,676
1,8849996 B 7625,8506 9758,179 15897,682 9395,361 2718,519 12184,687 S 589,78 1730,0696 8518,655 14509,3 8168,515 10649,676
1,8850001 B 7625,8506 9758,179 15897,682 9395,361 2718,519 12184,687 S 589,78 1730,0696 8518,655 14509,3 8168,515 10649,676
1,8850002 B 7625,8506 9758,179 15897,682 9395,361 2718,519 12184,687 S 589,78 1730,0696 8518,655 14509,3 8168,515 10649,676
1,8850001 B 7625,8506 9758,179 15897,682 9395,361 2718,519 12184,687 S 589,78 1730,0696 8518,655 14509,3 8168,515 10649,676
1,8850002 B 7625,8506 9758,179 15897,682 9395,361 2718,519 12184,687 S 589,78 1730,0696 8518,655 14509,3 8168,515 10649,676
1,8850005 B 7625,8506 9758,179 15897,682 9395,361 2718,519 12184,687 S 589,78 1730,0696 8518,655 14509,3 8168,515 10649,676
1,8849995 B 7625,8506 9758,179 15897,682 9395,361 2718,519 12184,687 S 589,78 1730,0696 8518,655 14509,3 8168,515 10649,676
1,8849998 B 7625,8506 9758,179 15897,682 9395,361 2718,519 12184,687 S 589,78 1730,0696 8518,655 14509,3 8168,515 10649,676
1,8849996 B 7625,8506 9758,179 15897,682 9395,361 2718,519 12184,687 S 589,78 1730,0696 8518,655 14509,3 8168,515 10649,676
1,885 B 7625,8506 9758,179 15897,682 9395,361 2718,519 12184,687 S 589,78 1730,0696 8518,655 14509,3 8168,515 10649,676
1,8850002 B 7625,8506 9758,179 15897,682 9395,361 2718,519 12184,687 S 589,78 1730,0696 8518,655 14509,3 8168,515 10649,676
1,885 B 7625,8506 9758,179 15897,682 9395,361 2718,519 12184,687 S 589,78 1730,0696 8518,655 14509,3 8168,515 10649,676
1,8850007 B 7625,8506 9758,179 15897,682 9395,361 2718,519 12184,687 S 589,78 1730,0696 8518,655 14509,3 8168,515 10649,676
1,8849999 B 7625,8506 9758,179 15897,682 9395,361 2718,519 12184,687 S 589,78 1730,0696 8518,655 14509,3 8168,515 10649,676
1,8850003 B 7625,8506 9758,179 15897,682 9395,361 2718,519 12184,687 S 589,78 1730,0696 8518,655 14509,3 8168,515 10649,676
1,8849999 B 7625,8506 9758,179 15897,682 9395,361 2718,519 12184,687 S 589,78 1730,0696 8518,655 14509,3 8168,515 10649,676
1,8850002 B 7625,8506 9758,179 15897,682 9395,361 2718,519 12184,687 S 589,78 1730,0696 8518,655 14509,3 8168,515 10649,676
1,8849999 B 7625,8506 9758,179 15897,682 9395,361 2718,519 12184,687 S 589,78 1730,0696 8518,655 14509,3 8168,515 10649,676
1,8833523 B 7625,8506 9758,179 15897,682 9395,361 2718,519 12184,687 S 589,78 1730,0696 8518,655 14509,3 8168,515 10649,676
1,8821263 B 7625,8506 9758,179 15897,682 9395,361 2718,519 12184,687 S 589,78 1730,0696 8518,655 14509,3 8168,515 10649,676
1,882 B 7625,8506 9758,179 15897,682 9395,361 2718,519 12184,687 S 589,78 1730,0696 8518,655 14509,3 8168,515 10649,676
1,8820001 B 7625,8506 9758,179 15897,682 9395,361 2718,519 12184,687 S 589,78 1730,0696 8518,655 14509,3 8168,515 10649,676
1,8820001 B 7625,8506 9758,179 15897,682 9395,361 2718,519 12184,687 S 589,78 1730,0696 8518,655 14509,3 8168,515 10649,676
1,8819999 B 7625,8506 9758,179 15897,682 9395,361 2718,519 12184,687 S 589,78 1730,0696 8518,655 14509,3 8168,515 10649,676
1,882 B 7625,8506 9758,179 15897,682 9395,361 2718,519 12184,687 S 589,78 1730,0696 8518,655 14509,3 8168,515 10649,676
1,8819999 B 7625,8506 9758,179 15897,682 9395,361 2718,519 12184,687 S 589,78 1730,0696 8518,655 14509,3 8168,515 10649,676
1,8820002 B 7625,8506 9758,179 15897,682 9395,361 2718,519 12184,687 S 589,78 1730,0696 8518,655 14509,3 8168,515 10649,676
1,8819996 B 7625,8506 9758,179 15897,682 9395,361 2718,519 12184,687 S 589,78 1730,0696 8518,655 14509,3 8168,515 10649,676
1,8820001 B 7625,8506 9758,179 15897,682 9395,361 2718,519 12184,687 S 589,78 1730,0696 8518,655 14509,3 8168,515 10649,676
1,8820001 B 7625,8506 9758,179 15897,682 9395,361 2718,519 12184,687 S 589,78 1730,0696 8518,655 14509,3 8168,515 10649,676
1,8820002 B 7625,8506 9758,179 15897,682 9395,361 2718,519 12184,687 S 589,78 1730,0696 8518,655 14509,3 8168,515 10649,676
1,8820006 B 7625,8506 9758,179 15897,682 9395,361 2718,519 12184,687 S 589,78 1730,0696 8518,655 14509,3 8168,515 10649,676
1,882 B 7625,8506 9758,179 15897,682 9395,361 2718,519 12184,687 S 589,78 1730,0696 8518,655 14509,3 8168,515 10649,676
1,8820004 B 7625,8506 9758,179 15897,682 9395,361 2718,519 12184,687 S 589,78 1730,0696 8518,655 14509,3 8168,515 10649,676
1,8820001 B 7625,8506 9758,179 15897,682 9395,361 2718,519 12184,687 S 589,78 1730,0696 8518,655 14509,3 8168,515 10649,676
1,8820004 B 7625,8506 9758,179 15897,682 9395,361 2718,519 12184,687 S 589,78 1730,0696 8518,655 14509,3 8168,515 10649,676
1,882 B 7625,8506 9758,179 15897,682 9395,361 2718,519 12184,687 S 589,78 1730,0696 8518,655 14509,3 8168,515 10649,676
1,8819996 B 7625,8506 9758,179 15897,682 9395,361 2718,519 12184,687 S 589,78 1730,0696 8518,655 14509,3 8168,515 10649,676
1,8819996 B 7625,8506 9758,179 15897,682 9395,361 2718,519 12184,687 S 589,78 1730,0696 8518,655 14509,3 8168,515 10649,676
1,8828907 B 7625,8506 9758,179 15897,682 9395,361 2718,519 12184,687 S 589,78 1730,0696 8518,655 14509,3 8168,515 10649,676
1,8839993 B 7625,8506 9758,179 15897,682 9395,361 2718,519 12184,687 S 589,78 1730,0696 8518,655 14509,3 8168,515 10649,676
1,8839997 B 7625,8506 9758,179 15897,682 9395,361 2718,519 12184,687 S 589,78 1730,0696 8518,655 14509,3 8168,515 10649,676
1,8831109 B 7625,8506 9758,179 15897,682 9395,361 2718,519 12184,687 S 589,78 1730,0696 8518,655 14509,3 8168,515 10649,676
1,8829999 B 7625,8506 9758,179 15897,682 9395,361 2718,519 12184,687 S 589,78 1730,0696 8518,655 14509,3 8168,515 10649,676
1,8829999 B 7625,8506 9758,179 15897,682 9395,361 2718,519 12184,687 S 589,78 1730,0696 8518,655 14509,3 8168,515 10649,676
1,8829998 B 7625,8506 9758,179 15897,682 9395,361 2718,519 12184,687 S 589,78 1730,0696 8518,655 14509,3 8168,515 10649,676
1,8829999 B 7625,8506 9758,179 15897,682 9395,361 2718,519 12184,687 S 589,78 1730,0696 8518,655 14509,3 8168,515 10649,676
1,8829997 B 7625,8506 9758,179 15897,682 9395,361 2718,519 12184,687 S 589,78 1730,0696 8518,655 14509,3 8168,515 10649,676
1,8829999 B 7625,8506 9758,179 15897,682 9395,361 2718,519 12184,687 S 589,78 1730,0696 8518,655 14509,3 8168,515 10649,676
1,883 B 7625,8506 9758,179 15897,682 9395,361 2718,519 12184,687 S 589,78 1730,0696 8518,655 14509,3 8168,515 10649,676
1,8829992 B 7625,8506 9758,179 15897,682 9395,361 2718,519 12184,687 S 589,78 1730,0696 8518,655 14509,3 8168,515 10649,676
1,8830006 B 7625,8506 9758,179 15897,682 9395,361 2718,519 12184,687 S 589,78 1730,0696 8518,655 14509,3 8168,515 10649,676
1,8829999 B 7625,8506 9758,179 15897,682 9395,361 2718,519 12184,687 S 589,78 1730,0696 8518,655 14509,3 8168,515 10649,676
1,8830001 B 7625,8506 9758,179 15897,682 9395,361 2718,519 12184,687 S 589,78 1730,0696 8518,655 14509,3 8168,515 10649,676
1,883 B 7625,8506 9758,179 15897,682 9395,361 2718,519 12184,687 S 589,78 1730,0696 8518,655 14509,3 8168,515 10649,676
1,8829994 B 7625,8506 9758,179 15897,682 9395,361 2718,519 12184,687 S 589,78 1730,0696 8518,655 14509,3 8168,515 10649,676
