1,9117793
1,9120009 B 757,9896 5233,151 11648,37 13383,75 14357,314 3619,5 S 583,9999 2578,0857 3469,6155 12572,862 2922,3103 10609,573
1,9119996 B 757,9896 5233,151 11648,37 13383,75 14357,314 3619,5 S 583,9999 2578,0857 3469,6155 12572,862 2922,3103 10609,573
1,912 B 757,9896 5233,151 11648,37 13383,75 14357,314 3619,5 S 583,9999 2578,0857 3469,6155 12572,862 2922,3103 10609,573
1,9120002 B 757,9896 5233,151 11648,37 13383,75 14357,314 3619,5 S 583,9999 2578,0857 3469,6155 12572,862 2922,3103 10609,573
1,912 B 757,9896 5233,151 11648,37 13383,75 14357,314 3619,5 S 583,9999 2578,0857 3469,6155 12572,862 2922,3103 10609,573
1,9119996 B 757,9896 5233,151 11648,37 13383,75 14357,314 3619,5 S 583,9999 2578,0857 3469,6155 12572,862 2922,3103 10609,573
1,912 B 757,9896 5233,151 11648,37 13383,75 14357,314 3619,5 S 583,9999 2578,0857 3469,6155 12572,862 2922,3103 10609,573
1,912 B 757,9896 5233,151 11648,37 13383,75 14357,314 3619,5 S 583,9999 2578,0857 3469,6155 12572,862 2922,3103 10609,573
1,9119993 B 757,9896 5233,151 11648,37 13383,75 14357,314 3619,5 S 583,9999 2578,0857 3469,6155 12572,862 2922,3103 10609,573
1,9119996 B 757,9896 5233,151 11648,37 13383,75 14357,314 3619,5 S 583,9999 2578,0857 3469,6155 12572,862 2922,3103 10609,573
1,9120005 B 757,9896 5233,151 11648,37 13383,75 14357,314 3619,5 S 583,9999 2578,0857 3469,6155 12572,862 2922,3103 10609,573
1,912 B 757,9896 5233,151 11648,37 13383,75 14357,314 3619,5 S 583,9999 2578,0857 3469,6155 12572,862 2922,3103 10609,573
1,9119538 B 757,9896 5233,151 11648,37 13383,75 14357,314 3619,5 S 583,9999 2578,0857 3469,6155 12572,862 2922,3103 10609,573
1,9094256 B 757,9896 5233,151 11648,37 13383,75 14357,314 3619,5 S 583,9999 2578,0857 3469,6155 12572,862 2922,3103 10609,573
1,9089999 B 757,9896 5233,151 11648,37 13383,75 14357,314 3619,5 S 583,9999 2578,0857 3469,6155 12572,862 2922,3103 10609,573
1,9082085 B 757,9896 5233,151 11648,37 13383,75 14357,314 3619,5 S 583,9999 2578,0857 3469,6155 12572,862 2922,3103 10609,573
1,9080001 B 757,9896 5233,151 11648,37 13383,75 14357,314 3619,5 S 583,9999 2578,0857 3469,6155 12572,862 2922,3103 10609,573
1,9079999 B 757,9896 5233,151 11648,37 13383,75 14357,314 3619,5 S 583,9999 2578,0857 3469,6155 12572,862 2922,3103 10609,573
1,9079999 B 757,9896 5233,151 11648,37 13383,75 14357,314 3619,5 S 583,9999 2578,0857 3469,6155 12572,862 2922,3103 10609,573
1,9079996 B 757,9896 5233,151 11648,37 13383,75 14357,314 3619,5 S 583,9999 2578,0857 3469,6155 12572,862 2922,3103 10609,573
1,9079999 B 757,9896 5233,151 11648,37 13383,75 14357,314 3619,5 S 583,9999 2578,0857 3469,6155 12572,862 2922,3103 10609,573
1,9079998 B 757,9896 5233,151 11648,37 13383,75 14357,314 3619,5 S 583,9999 2578,0857 3469,6155 12572,862 2922,3103 10609,573
1,9079999 B 757,9896 5233,151 11648,37 13383,75 14357,314 3619,5 S 583,9999 2578,0857 3469,6155 12572,862 2922,3103 10609,573
1,9079998 B 757,9896 5233,151 11648,37 13383,75 14357,314 3619,5 S 583,9999 2578,0857 3469,6155 12572,862 2922,3103 10609,573
1,9079995 B 757,9896 5233,151 11648,37 13383,75 14357,314 3619,5 S 583,9999 2578,0857 3469,6155 12572,862 2922,3103 10609,573
1,9071645 B 757,9896 5233,151 11648,37 13383,75 14357,314 3619,5 S 583,9999 2578,0857 3469,6155 12572,862 2922,3103 10609,573
1,907 B 757,9896 5233,151 11648,37 13383,75 14357,314 3619,5 S 583,9999 2578,0857 3469,6155 12572,862 2922,3103 10609,573
1,9069998 B 757,9896 5233,151 11648,37 13383,75 14357,314 3619,5 S 583,9999 2578,0857 3469,6155 12572,862 2922,3103 10609,573
1,907 B 757,9896 5233,151 11648,37 13383,75 14357,314 3619,5 S 583,9999 2578,0857 3469,6155 12572,862 2922,3103 10609,573
1,9069998 B 757,9896 5233,151 11648,37 13383,75 14357,314 3619,5 S 583,9999 2578,0857 3469,6155 12572,862 2922,3103 10609,573
1,9069996 B 757,9896 5233,151 11648,37 13383,75 14357,314 3619,5 S 583,9999 2578,0857 3469,6155 12572,862 2922,3103 10609,573
1,9069394 B 757,9896 5233,151 11648,37 13383,75 14357,314 3619,5 S 583,9999 2578,0857 3469,6155 12572,862 2922,3103 10609,573
1,9060003 B 757,9896 5233,151 11648,37 13383,75 14357,314 3619,5 S 583,9999 2578,0857 3469,6155 12572,862 2922,3103 10609,573
1,906 B 757,9896 5233,151 11648,37 13383,75 14357,314 3619,5 S 583,9999 2578,0857 3469,6155 12572,862 2922,3103 10609,573
1,9059995 B 757,9896 5233,151 11648,37 13383,75 14357,314 3619,5 S 583,9999 2578,0857 3469,6155 12572,862 2922,3103 10609,573
1,9060001 B 757,9896 5233,151 11648,37 13383,75 14357,314 3619,5 S 583,9999 2578,0857 3469,6155 12572,862 2922,3103 10609,573
1,9060003 B 757,9896 5233,151 11648,37 13383,75 14357,314 3619,5 S 583,9999 2578,0857 3469,6155 12572,862 2922,3103 10609,573
1,9052994 B 757,9896 5233,151 11648,37 13383,75 14357,314 3619,5 S 583,9999 2578,0857 3469,6155 12572,862 2922,3103 10609,573
1,905 B 757,9896 5233,151 11648,37 13383,75 14357,314 3619,5 S 583,9999 2578,0857 3469,6155 12572,862 2922,3103 10609,573
1,9049996 B 757,9896 5233,151 11648,37 13383,75 14357,314 3619,5 S 583,9999 2578,0857 3469,6155 12572,862 2922,3103 10609,573
1,9050006 B 757,9896 5233,151 11648,37 13383,75 14357,314 3619,5 S 583,9999 2578,0857 3469,6155 12572,862 2922,3103 10609,573
1,905 B 757,9896 5233,151 11648,37 13383,75 14357,314 3619,5 S 583,9999 2578,0857 3469,6155 12572,862 2922,3103 10609,573
1,9050001 B 757,9896 5233,151 11648,37 13383,75 14357,314 3619,5 S 583,9999 2578,0857 3469,6155 12572,862 2922,3103 10609,573
1,9050006 B 757,9896 5233,151 11648,37 13383,75 14357,314 3619,5 S 583,9999 2578,0857 3469,6155 12572,862 2922,3103 10609,573
1,9049995 B 757,9896 5233,151 11648,37 13383,75 14357,314 3619,5 S 583,9999 2578,0857 3469,6155 12572,862 2922,3103 10609,573
1,9050001 B 757,9896 5233,151 11648,37 13383,75 14357,314 3619,5 S 583,9999 2578,0857 3469,6155 12572,862 2922,3103 10609,573
1,9049995 B 757,9896 5233,151 11648,37 13383,75 14357,314 3619,5 S 583,9999 2578,0857 3469,6155 12572,862 2922,3103 10609,573
1,9050002 B 757,9896 5233,151 11648,37 13383,75 14357,314 3619,5 S 583,9999 2578,0857 3469,6155 12572,862 2922,3103 10609,573
1,9050001 B 757,9896 5233,151 11648,37 13383,75 14357,314 3619,5 S 583,9999 2578,0857 3469,6155 12572,862 2922,3103 10609,573
1,9050001 B 757,9896 5233,151 11648,37 13383,75 14357,314 3619,5 S 583,9999 2578,0857 3469,6155 12572,862 2922,3103 10609,573
1,9050002 B 757,9896 5233,151 11648,37 13383,75 14357,314 3619,5 S 583,9999 2578,0857 3469,6155 12572,862 2922,3103 10609,573
1,9050003 B 757,9896 5233,151 11648,37 13383,75 14357,314 3619,5 S 583,9999 2578,0857 3469,6155 12572,862 2922,3103 10609,573
1,9050004 B 757,9896 5233,151 11648,37 13383,75 14357,314 3619,5 S 583,9999 2578,0857 3469,6155 12572,862 2922,3103 10609,573
1,9050001 B 757,9896 5233,151 11648,37 13383,75 14357,314 3619,5 S 583,9999 2578,0857 3469,6155 12572,862 2922,3103 10609,573
1,9050002 B 757,9896 5233,151 11648,37 13383,75 14357,314 3619,5 S 583,9999 2578,0857 3469,6155 12572,862 2922,3103 10609,573
1,9049995 B 757,9896 5233,151 11648,37 13383,75 14357,314 3619,5 S 583,9999 2578,0857 3469,6155 12572,862 2922,3103 10609,573
1,9049999 B 757,9896 5233,151 11648,37 13383,75 14357,314 3619,5 S 583,9999 2578,0857 3469,6155 12572,862 2922,3103 10609,573
1,9050003 B 757,9896 5233,151 11648,37 13383,75 14357,314 3619,5 S 583,9999 2578,0857 3469,6155 12572,862 2922,3103 10609,573
1,9050002 B 757,9896 5233,151 11648,37 13383,75 14357,314 3619,5 S 583,9999 2578,0857 3469,6155 12572,862 2922,3103 10609,573
1,9049995 B 757,9896 5233,151 11648,37 13383,75 14357,314 3619,5 S 583,9999 2578,0857 3469,6155 12572,862 2922,3103 10609,573
1,9050002 B 757,9896 5233,151 11648,37 13383,75 14357,314 3619,5 S 583,9999 2578,0857 3469,6155 12572,862 2922,3103 10609,573
1,9049999 B 757,9896 5233,151 11648,37 13383,75 14357,314 3619,5 S 583,9999 2578,0857 3469,6155 12572,862 2922,3103 10609,573
1,9050002 B 757,9896 5233,151 11648,37 13383,75 14357,314 3619,5 S 583,9999 2578,0857 3469,6155 12572,862 2922,3103 10609,573
1,9049996 B 757,9896 5233,151 11648,37 13383,75 14357,314 3619,5 S 583,9999 2578,0857 3469,6155 12572,862 2922,3103 10609,573
1,9050003 B 757,9896 5233,151 11648,37 13383,75 14357,314 3619,5 S 583,9999 2578,0857 3469,6155 12572,862 2922,3103 10609,573
1,905 B 757,9896 5233,151 11648,37 13383,75 14357,314 3619,5 S 583,9999 2578,0857 3469,6155 12572,862 2922,3103 10609,573
1,9050001 B 757,9896 5233,151 11648,37 13383,75 14357,314 3619,5 S 583,9999 2578,0857 3469,6155 12572,862 2922,3103 10609,573
1,9050001 B 757,9896 5233,151 11648,37 13383,75 14357,314 3619,5 S 583,9999 2578,0857 3469,6155 12572,862 2922,3103 10609,573
1,9049999 B 757,9896 5233,151 11648,37 13383,75 14357,314 3619,5 S 583,9999 2578,0857 3469,6155 12572,862 2922,3103 10609,573
1,9049996 B 757,9896 5233,151 11648,37 13383,75 14357,314 3619,5 S 583,9999 2578,0857 3469,6155 12572,862 2922,3103 10609,573
1,905 B 757,9896 5233,151 11648,37 13383,75 14357,314 3619,5 S 583,9999 2578,0857 3469,6155 12572,862 2922,3103 10609,573
1,9049994 B 757,9896 5233,151 11648,37 13383,75 14357,314 3619,5 S 583,9999 2578,0857 3469,6155 12572,862 2922,3103 10609,573
1,9049995 B 757,9896 5233,151 11648,37 13383,75 14357,314 3619,5 S 583,9999 2578,0857 3469,6155 12572,862 2922,3103 10609,573
1,905 B 757,9896 5233,151 11648,37 13383,75 14357,314 3619,5 S 583,9999 2578,0857 3469,6155 12572,862 2922,3103 10609,573
1,9050002 B 757,9896 5233,151 11648,37 13383,75 14357,314 3619,5 S 583,9999 2578,0857 3469,6155 12572,862 2922,3103 10609,573
1,9049999 B 757,9896 5233,151 11648,37 13383,75 14357,314 3619,5 S 583,9999 2578,0857 3469,6155 12572,862 2922,3103 10609,573
1,9050004 B 757,9896 5233,151 11648,37 13383,75 14357,314 3619,5 S 583,9999 2578,0857 3469,6155 12572,862 2922,3103 10609,573
1,9049996 B 757,9896 5233,151 11648,37 13383,75 14357,314 3619,5 S 583,9999 2578,0857 3469,6155 12572,862 2922,3103 10609,573
1,9049994 B 757,9896 5233,151 11648,37 13383,75 14357,314 3619,5 S 583,9999 2578,0857 3469,6155 12572,862 2922,3103 10609,573
1,905 B 757,9896 5233,151 11648,37 13383,75 14357,314 3619,5 S 583,9999 2578,0857 3469,6155 12572,862 2922,3103 10609,573
1,9050002 B 757,9896 5233,151 11648,37 13383,75 14357,314 3619,5 S 583,9999 2578,0857 3469,6155 12572,862 2922,3103 10609,573
1,9050002 B 757,9896 5233,151 11648,37 13383,75 14357,314 3619,5 S 583,9999 2578,0857 3469,6155 12572,862 2922,3103 10609,573
1,9049999 B 757,9896 5233,151 11648,37 13383,75 14357,314 3619,5 S 583,9999 2578,0857 3469,6155 12572,862 2922,3103 10609,573
1,9050001 B 757,9896 5233,151 11648,37 13383,75 14357,314 3619,5 S 583,9999 2578,0857 3469,6155 12572,862 2922,3103 10609,573
1,905 B 757,9896 5233,151 11648,37 13383,75 14357,314 3619,5 S 583,9999 2578,0857 3469,6155 12572,862 2922,3103 10609,573
1,9049999 B 757,9896 5233,151 11648,37 13383,75 14357,314 3619,5 S 583,9999 2578,0857 3469,6155 12572,862 2922,3103 10609,573
1,9049999 B 757,9896 5233,151 11648,37 13383,75 14357,314 3619,5 S 583,9999 2578,0857 3469,6155 12572,862 2922,3103 10609,573
1,908424 B 757,9896 5233,151 11648,37 13383,75 14357,314 3619,5 S 583,9999 2578,0857 3469,6155 12572,862 2922,3103 10609,573
1,9112761 B 757,9896 5233,151 11648,37 13383,75 14357,314 3619,5 S 583,9999 2578,0857 3469,6155 12572,862 2922,3103 10609,573
1,9120001 B 757,9896 5233,151 11648,37 13383,75 14357,314 3619,5 S 583,9999 2578,0857 3469,6155 12572,862 2922,3103 10609,573
1,9120003 B 757,9896 5233,151 11648,37 13383,75 14357,314 3619,5 S 583,9999 2578,0857 3469,6155 12572,862 2922,3103 10609,573
1,9120002 B 757,9896 5233,151 11648,37 13383,75 14357,314 3619,5 S 583,9999 2578,0857 3469,6155 12572,862 2922,3103 10609,573
1,9120005 B 757,9896 5233,151 11648,37 13383,75 14357,314 3619,5 S 583,9999 2578,0857 3469,6155 12572,862 2922,3103 10609,573
1,9120002 B 757,9896 5233,151 11648,37 13383,75 14357,314 3619,5 S 583,9999 2578,0857 3469,6155 12572,862 2922,3103 10609,573
1,9119998 B 757,9896 5233,151 11648,37 13383,75 14357,314 3619,5 S 583,9999 2578,0857 3469,6155 12572,862 2922,3103 10609,573
1,9120002 B 757,9896 5233,151 11648,37 13383,75 14357,314 3619,5 S 583,9999 2578,0857 3469,6155 12572,862 2922,3103 10609,573
1,912 B 757,9896 5233,151 11648,37 13383,75 14357,314 3619,5 S 583,9999 2578,0857 3469,6155 12572,862 2922,3103 10609,573
1,9120001 B 757,9896 5233,151 11648,37 13383,75 14357,314 3619,5 S 583,9999 2578,0857 3469,6155 12572,862 2922,3103 10609,573
1,9120001 B 757,9896 5233,151 11648,37 13383,75 14357,314 3619,5 S 583,9999 2578,0857 3469,6155 12572,862 2922,3103 10609,573
1,9119995 B 757,9896 5233,151 11648,37 13383,75 14357,314 3619,5 S 583,9999 2578,0857 3469,6155 12572,862 2922,3103 10609,573
1,9124309 B 757,9896 5233,151 11648,37 13383,75 14357,314 3619,5 S 583,9999 2578,0857 3469,6155 12572,862 2922,3103 10609,573
1,9129997 B 757,9896 5233,151 11648,37 13383,75 14357,314 3619,5 S 583,9999 2578,0857 3469,6155 12572,862 2922,3103 10609,573
1,9129989 B 757,9896 5233,151 11648,37 13383,75 14357,314 3619,5 S 583,9999 2578,0857 3469,6155 12572,862 2922,3103 10609,573
1,9129999 B 757,9896 5233,151 11648,37 13383,75 14357,314 3619,5 S 583,9999 2578,0857 3469,6155 12572,862 2922,3103 10609,573
1,9127449 B 757,9896 5233,151 11648,37 13383,75 14357,314 3619,5 S 583,9999 2578,0857 3469,6155 12572,862 2922,3103 10609,573
1,9119998 B 757,9896 5233,151 11648,37 13383,75 14357,314 3619,5 S 583,9999 2578,0857 3469,6155 12572,862 2922,3103 10609,573
1,9120013 B 757,9896 5233,151 11648,37 13383,75 14357,314 3619,5 S 583,9999 2578,0857 3469,6155 12572,862 2922,3103 10609,573
1,9122735 B 757,9896 5233,151 11648,37 13383,75 14357,314 3619,5 S 583,9999 2578,0857 3469,6155 12572,862 2922,3103 10609,573
1,9129999 B 757,9896 5233,151 11648,37 13383,75 14357,314 3619,5 S 583,9999 2578,0857 3469,6155 12572,862 2922,3103 10609,573
1,9129995 B 757,9896 5233,151 11648,37 13383,75 14357,314 3619,5 S 583,9999 2578,0857 3469,6155 12572,862 2922,3103 10609,573
1,9130006 B 757,9896 5233,151 11648,37 13383,75 14357,314 3619,5 S 583,9999 2578,0857 3469,6155 12572,862 2922,3103 10609,573
1,912351 B 757,9896 5233,151 11648,37 13383,75 14357,314 3619,5 S 583,9999 2578,0857 3469,6155 12572,862 2922,3103 10609,573
1,9123539 B 757,9896 5233,151 11648,37 13383,75 14357,314 3619,5 S 583,9999 2578,0857 3469,6155 12572,862 2922,3103 10609,573
1,9130001 B 757,9896 5233,151 11648,37 13383,75 14357,314 3619,5 S 583,9999 2578,0857 3469,6155 12572,862 2922,3103 10609,573
1,9130003 B 757,9896 5233,151 11648,37 13383,75 14357,314 3619,5 S 583,9999 2578,0857 3469,6155 12572,862 2922,3103 10609,573
1,9130006 B 757,9896 5233,151 11648,37 13383,75 14357,314 3619,5 S 583,9999 2578,0857 3469,6155 12572,862 2922,3103 10609,573
1,9130001 B 757,9896 5233,151 11648,37 13383,75 14357,314 3619,5 S 583,9999 2578,0857 3469,6155 12572,862 2922,3103 10609,573
1,9129997 B 757,9896 5233,151 11648,37 13383,75 14357,314 3619,5 S 583,9999 2578,0857 3469,6155 12572,862 2922,3103 10609,573
1,9129995 B 757,9896 5233,151 11648,37 13383,75 14357,314 3619,5 S 583,9999 2578,0857 3469,6155 12572,862 2922,3103 10609,573
1,9139179 B 757,9896 5233,151 11648,37 13383,75 14357,314 3619,5 S 583,9999 2578,0857 3469,6155 12572,862 2922,3103 10609,573
1,9140003 B 757,9896 5233,151 11648,37 13383,75 14357,314 3619,5 S 583,9999 2578,0857 3469,6155 12572,862 2922,3103 10609,573
1,9140003 B 757,9896 5233,151 11648,37 13383,75 14357,314 3619,5 S 583,9999 2578,0857 3469,6155 12572,862 2922,3103 10609,573
1,9139998 B 757,9896 5233,151 11648,37 13383,75 14357,314 3619,5 S 583,9999 2578,0857 3469,6155 12572,862 2922,3103 10609,573
1,914 B 757,9896 5233,151 11648,37 13383,75 14357,314 3619,5 S 583,9999 2578,0857 3469,6155 12572,862 2922,3103 10609,573
1,914583 B 757,9896 5233,151 11648,37 13383,75 14357,314 3619,5 S 583,9999 2578,0857 3469,6155 12572,862 2922,3103 10609,573
1,9149996 B 757,9896 5233,151 11648,37 13383,75 14357,314 3619,5 S 583,9999 2578,0857 3469,6155 12572,862 2922,3103 10609,573
1,9149995 B 757,9896 5233,151 11648,37 13383,75 14357,314 3619,5 S 583,9999 2578,0857 3469,6155 12572,862 2922,3103 10609,573
1,9149997 B 757,9896 5233,151 11648,37 13383,75 14357,314 3619,5 S 583,9999 2578,0857 3469,6155 12572,862 2922,3103 10609,573
1,9149994 B 757,9896 5233,151 11648,37 13383,75 14357,314 3619,5 S 583,9999 2578,0857 3469,6155 12572,862 2922,3103 10609,573
1,9149996 B 757,9896 5233,151 11648,37 13383,75 14357,314 3619,5 S 583,9999 2578,0857 3469,6155 12572,862 2922,3103 10609,573
1,9149997 B 757,9896 5233,151 11648,37 13383,75 14357,314 3619,5 S 583,9999 2578,0857 3469,6155 12572,862 2922,3103 10609,573
1,9149998 B 757,9896 5233,151 11648,37 13383,75 14357,314 3619,5 S 583,9999 2578,0857 3469,6155 12572,862 2922,3103 10609,573
1,9150002 B 757,9896 5233,151 11648,37 13383,75 14357,314 3619,5 S 583,9999 2578,0857 3469,6155 12572,862 2922,3103 10609,573
1,9149997 B 757,9896 5233,151 11648,37 13383,75 14357,314 3619,5 S 583,9999 2578,0857 3469,6155 12572,862 2922,3103 10609,573
1,9149994 B 757,9896 5233,151 11648,37 13383,75 14357,314 3619,5 S 583,9999 2578,0857 3469,6155 12572,862 2922,3103 10609,573
1,9149995 B 757,9896 5233,151 11648,37 13383,75 14357,314 3619,5 S 583,9999 2578,0857 3469,6155 12572,862 2922,3103 10609,573
1,9149992 B 757,9896 5233,151 11648,37 13383,75 14357,314 3619,5 S 583,9999 2578,0857 3469,6155 12572,862 2922,3103 10609,573
1,9119974 B 757,9896 5233,151 11648,37 13383,75 14357,314 3619,5 S 583,9999 2578,0857 3469,6155 12572,862 2922,3103 10609,573
1,9089996 B 757,9896 5233,151 11648,37 13383,75 14357,314 3619,5 S 583,9999 2578,0857 3469,6155 12572,862 2922,3103 10609,573
1,9089997 B 757,9896 5233,151 11648,37 13383,75 14357,314 3619,5 S 583,9999 2578,0857 3469,6155 12572,862 2922,3103 10609,573
1,9089999 B 757,9896 5233,151 11648,37 13383,75 14357,314 3619,5 S 583,9999 2578,0857 3469,6155 12572,862 2922,3103 10609,573
1,9089998 B 757,9896 5233,151 11648,37 13383,75 14357,314 3619,5 S 583,9999 2578,0857 3469,6155 12572,862 2922,3103 10609,573
1,9089993 B 757,9896 5233,151 11648,37 13383,75 14357,314 3619,5 S 583,9999 2578,0857 3469,6155 12572,862 2922,3103 10609,573
1,9089999 B 757,9896 5233,151 11648,37 13383,75 14357,314 3619,5 S 583,9999 2578,0857 3469,6155 12572,862 2922,3103 10609,573
1,9082879 B 757,9896 5233,151 11648,37 13383,75 14357,314 3619,5 S 583,9999 2578,0857 3469,6155 12572,862 2922,3103 10609,573
1,9080002 B 757,9896 5233,151 11648,37 13383,75 14357,314 3619,5 S 583,9999 2578,0857 3469,6155 12572,862 2922,3103 10609,573
1,9080003 B 757,9896 5233,151 11648,37 13383,75 14357,314 3619,5 S 583,9999 2578,0857 3469,6155 12572,862 2922,3103 10609,573
1,9080001 B 757,9896 5233,151 11648,37 13383,75 14357,314 3619,5 S 583,9999 2578,0857 3469,6155 12572,862 2922,3103 10609,573
1,9080002 B 757,9896 5233,151 11648,37 13383,75 14357,314 3619,5 S 583,9999 2578,0857 3469,6155 12572,862 2922,3103 10609,573
1,9109424 B 757,9896 5233,151 11648,37 13383,75 14357,314 3619,5 S 583,9999 2578,0857 3469,6155 12572,862 2922,3103 10609,573
1,9140003 B 757,9896 5233,151 11648,37 13383,75 14357,314 3619,5 S 583,9999 2578,0857 3469,6155 12572,862 2922,3103 10609,573
1,9140003 B 757,9896 5233,151 11648,37 13383,75 14357,314 3619,5 S 583,9999 2578,0857 3469,6155 12572,862 2922,3103 10609,573
1,9139997 B 757,9896 5233,151 11648,37 13383,75 14357,314 3619,5 S 583,9999 2578,0857 3469,6155 12572,862 2922,3103 10609,573
1,9139999 B 757,9896 5233,151 11648,37 13383,75 14357,314 3619,5 S 583,9999 2578,0857 3469,6155 12572,862 2922,3103 10609,573
1,9139999 B 757,9896 5233,151 11648,37 13383,75 14357,314 3619,5 S 583,9999 2578,0857 3469,6155 12572,862 2922,3103 10609,573
1,9140004 B 757,9896 5233,151 11648,37 13383,75 14357,314 3619,5 S 583,9999 2578,0857 3469,6155 12572,862 2922,3103 10609,573
1,9154783 B 757,9896 5233,151 11648,37 13383,75 14357,314 3619,5 S 583,9999 2578,0857 3469,6155 12572,862 2922,3103 10609,573
1,9160004 B 757,9896 5233,151 11648,37 13383,75 14357,314 3619,5 S 583,9999 2578,0857 3469,6155 12572,862 2922,3103 10609,573
1,9159999 B 757,9896 5233,151 11648,37 13383,75 14357,314 3619,5 S 583,9999 2578,0857 3469,6155 12572,862 2922,3103 10609,573
1,916 B 757,9896 5233,151 11648,37 13383,75 14357,314 3619,5 S 583,9999 2578,0857 3469,6155 12572,862 2922,3103 10609,573
1,9160002 B 757,9896 5233,151 11648,37 13383,75 14357,314 3619,5 S 583,9999 2578,0857 3469,6155 12572,862 2922,3103 10609,573
1,9160001 B 757,9896 5233,151 11648,37 13383,75 14357,314 3619,5 S 583,9999 2578,0857 3469,6155 12572,862 2922,3103 10609,573
1,9168699 B 757,9896 5233,151 11648,37 13383,75 14357,314 3619,5 S 583,9999 2578,0857 3469,6155 12572,862 2922,3103 10609,573
1,917 B 757,9896 5233,151 11648,37 13383,75 14357,314 3619,5 S 583,9999 2578,0857 3469,6155 12572,862 2922,3103 10609,573
1,9169992 B 757,9896 5233,151 11648,37 13383,75 14357,314 3619,5 S 583,9999 2578,0857 3469,6155 12572,862 2922,3103 10609,573
1,9169998 B 757,9896 5233,151 11648,37 13383,75 14357,314 3619,5 S 583,9999 2578,0857 3469,6155 12572,862 2922,3103 10609,573
1,9170002 B 757,9896 5233,151 11648,37 13383,75 14357,314 3619,5 S 583,9999 2578,0857 3469,6155 12572,862 2922,3103 10609,573
1,9170002 B 757,9896 5233,151 11648,37 13383,75 14357,314 3619,5 S 583,9999 2578,0857 3469,6155 12572,862 2922,3103 10609,573
1,9169998 B 757,9896 5233,151 11648,37 13383,75 14357,314 3619,5 S 583,9999 2578,0857 3469,6155 12572,862 2922,3103 10609,573
1,9170004 B 757,9896 5233,151 11648,37 13383,75 14357,314 3619,5 S 583,9999 2578,0857 3469,6155 12572,862 2922,3103 10609,573
1,917 B 757,9896 5233,151 11648,37 13383,75 14357,314 3619,5 S 583,9999 2578,0857 3469,6155 12572,862 2922,3103 10609,573
1,917 B 757,9896 5233,151 11648,37 13383,75 14357,314 3619,5 S 583,9999 2578,0857 3469,6155 12572,862 2922,3103 10609,573
1,9170003 B 757,9896 5233,151 11648,37 13383,75 14357,314 3619,5 S 583,9999 2578,0857 3469,6155 12572,862 2922,3103 10609,573
1,9169998 B 757,9896 5233,151 11648,37 13383,75 14357,314 3619,5 S 583,9999 2578,0857 3469,6155 12572,862 2922,3103 10609,573
1,917 B 757,9896 5233,151 11648,37 13383,75 14357,314 3619,5 S 583,9999 2578,0857 3469,6155 12572,862 2922,3103 10609,573
1,9170002 B 757,9896 5233,151 11648,37 13383,75 14357,314 3619,5 S 583,9999 2578,0857 3469,6155 12572,862 2922,3103 10609,573
1,917 B 757,9896 5233,151 11648,37 13383,75 14357,314 3619,5 S 583,9999 2578,0857 3469,6155 12572,862 2922,3103 10609,573
1,9170004 B 757,9896 5233,151 11648,37 13383,75 14357,314 3619,5 S 583,9999 2578,0857 3469,6155 12572,862 2922,3103 10609,573
1,9169996 B 757,9896 5233,151 11648,37 13383,75 14357,314 3619,5 S 583,9999 2578,0857 3469,6155 12572,862 2922,3103 10609,573
1,9169996 B 757,9896 5233,151 11648,37 13383,75 14357,314 3619,5 S 583,9999 2578,0857 3469,6155 12572,862 2922,3103 10609,573
1,9170003 B 757,9896 5233,151 11648,37 13383,75 14357,314 3619,5 S 583,9999 2578,0857 3469,6155 12572,862 2922,3103 10609,573
1,9169998 B 757,9896 5233,151 11648,37 13383,75 14357,314 3619,5 S 583,9999 2578,0857 3469,6155 12572,862 2922,3103 10609,573
1,9169997 B 757,9896 5233,151 11648,37 13383,75 14357,314 3619,5 S 583,9999 2578,0857 3469,6155 12572,862 2922,3103 10609,573
1,9170003 B 757,9896 5233,151 11648,37 13383,75 14357,314 3619,5 S 583,9999 2578,0857 3469,6155 12572,862 2922,3103 10609,573
1,917 B 757,9896 5233,151 11648,37 13383,75 14357,314 3619,5 S 583,9999 2578,0857 3469,6155 12572,862 2922,3103 10609,573
1,917 B 757,9896 5233,151 11648,37 13383,75 14357,314 3619,5 S 583,9999 2578,0857 3469,6155 12572,862 2922,3103 10609,573
1,9169999 B 757,9896 5233,151 11648,37 13383,75 14357,314 3619,5 S 583,9999 2578,0857 3469,6155 12572,862 2922,3103 10609,573
1,9169999 B 757,9896 5233,151 11648,37 13383,75 14357,314 3619,5 S 583,9999 2578,0857 3469,6155 12572,862 2922,3103 10609,573
1,9169997 B 757,9896 5233,151 11648,37 13383,75 14357,314 3619,5 S 583,9999 2578,0857 3469,6155 12572,862 2922,3103 10609,573
1,9170009 B 757,9896 5233,151 11648,37 13383,75 14357,314 3619,5 S 583,9999 2578,0857 3469,6155 12572,862 2922,3103 10609,573
1,9170004 B 757,9896 5233,151 11648,37 13383,75 14357,314 3619,5 S 583,9999 2578,0857 3469,6155 12572,862 2922,3103 10609,573
1,9169998 B 757,9896 5233,151 11648,37 13383,75 14357,314 3619,5 S 583,9999 2578,0857 3469,6155 12572,862 2922,3103 10609,573
1,9169998 B 757,9896 5233,151 11648,37 13383,75 14357,314 3619,5 S 583,9999 2578,0857 3469,6155 12572,862 2922,3103 10609,573
1,9169998 B 757,9896 5233,151 11648,37 13383,75 14357,314 3619,5 S 583,9999 2578,0857 3469,6155 12572,862 2922,3103 10609,573
1,9170003 B 757,9896 5233,151 11648,37 13383,75 14357,314 3619,5 S 583,9999 2578,0857 3469,6155 12572,862 2922,3103 10609,573
1,9169999 B 757,9896 5233,151 11648,37 13383,75 14357,314 3619,5 S 583,9999 2578,0857 3469,6155 12572,862 2922,3103 10609,573
1,9169997 B 757,9896 5233,151 11648,37 13383,75 14357,314 3619,5 S 583,9999 2578,0857 3469,6155 12572,862 2922,3103 10609,573
1,9155663 B 757,9896 5233,151 11648,37 13383,75 14357,314 3619,5 S 583,9999 2578,0857 3469,6155 12572,862 2922,3103 10609,573
1,915199 B 757,9896 5233,151 11648,37 13383,75 14357,314 3619,5 S 583,9999 2578,0857 3469,6155 12572,862 2922,3103 10609,573
1,9160005 B 757,9896 5233,151 11648,37 13383,75 14357,314 3619,5 S 583,9999 2578,0857 3469,6155 12572,862 2922,3103 10609,573
1,9160004 B 757,9896 5233,151 11648,37 13383,75 14357,314 3619,5 S 583,9999 2578,0857 3469,6155 12572,862 2922,3103 10609,573
1,9160004 B 757,9896 5233,151 11648,37 13383,75 14357,314 3619,5 S 583,9999 2578,0857 3469,6155 12572,862 2922,3103 10609,573
1,9160004 B 757,9896 5233,151 11648,37 13383,75 14357,314 3619,5 S 583,9999 2578,0857 3469,6155 12572,862 2922,3103 10609,573
1,9160005 B 757,9896 5233,151 11648,37 13383,75 14357,314 3619,5 S 583,9999 2578,0857 3469,6155 12572,862 2922,3103 10609,573
1,9159999 B 757,9896 5233,151 11648,37 13383,75 14357,314 3619,5 S 583,9999 2578,0857 3469,6155 12572,862 2922,3103 10609,573
1,916 B 757,9896 5233,151 11648,37 13383,75 14357,314 3619,5 S 583,9999 2578,0857 3469,6155 12572,862 2922,3103 10609,573
1,9159998 B 757,9896 5233,151 11648,37 13383,75 14357,314 3619,5 S 583,9999 2578,0857 3469,6155 12572,862 2922,3103 10609,573
1,9159993 B 757,9896 5233,151 11648,37 13383,75 14357,314 3619,5 S 583,9999 2578,0857 3469,6155 12572,862 2922,3103 10609,573
1,9160005 B 757,9896 5233,151 11648,37 13383,75 14357,314 3619,5 S 583,9999 2578,0857 3469,6155 12572,862 2922,3103 10609,573
1,9159998 B 757,9896 5233,151 11648,37 13383,75 14357,314 3619,5 S 583,9999 2578,0857 3469,6155 12572,862 2922,3103 10609,573
1,9159995 B 757,9896 5233,151 11648,37 13383,75 14357,314 3619,5 S 583,9999 2578,0857 3469,6155 12572,862 2922,3103 10609,573
1,916 B 757,9896 5233,151 11648,37 13383,75 14357,314 3619,5 S 583,9999 2578,0857 3469,6155 12572,862 2922,3103 10609,573
1,9160004 B 757,9896 5233,151 11648,37 13383,75 14357,314 3619,5 S 583,9999 2578,0857 3469,6155 12572,862 2922,3103 10609,573
1,916 B 757,9896 5233,151 11648,37 13383,75 14357,314 3619,5 S 583,9999 2578,0857 3469,6155 12572,862 2922,3103 10609,573
1,9160001 B 757,9896 5233,151 11648,37 13383,75 14357,314 3619,5 S 583,9999 2578,0857 3469,6155 12572,862 2922,3103 10609,573
1,9159999 B 757,9896 5233,151 11648,37 13383,75 14357,314 3619,5 S 583,9999 2578,0857 3469,6155 12572,862 2922,3103 10609,573
1,9160001 B 757,9896 5233,151 11648,37 13383,75 14357,314 3619,5 S 583,9999 2578,0857 3469,6155 12572,862 2922,3103 10609,573
1,9152358 B 757,9896 5233,151 11648,37 13383,75 14357,314 3619,5 S 583,9999 2578,0857 3469,6155 12572,862 2922,3103 10609,573
1,9148564 B 757,9896 5233,151 11648,37 13383,75 14357,314 3619,5 S 583,9999 2578,0857 3469,6155 12572,862 2922,3103 10609,573
1,9129193 B 757,9896 5233,151 11648,37 13383,75 14357,314 3619,5 S 583,9999 2578,0857 3469,6155 12572,862 2922,3103 10609,573
1,9122105 B 757,9896 5233,151 11648,37 13383,75 14357,314 3619,5 S 583,9999 2578,0857 3469,6155 12572,862 2922,3103 10609,573
1,9150001 B 757,9896 5233,151 11648,37 13383,75 14357,314 3619,5 S 583,9999 2578,0857 3469,6155 12572,862 2922,3103 10609,573
1,9149995 B 757,9896 5233,151 11648,37 13383,75 14357,314 3619,5 S 583,9999 2578,0857 3469,6155 12572,862 2922,3103 10609,573
1,9158503 B 757,9896 5233,151 11648,37 13383,75 14357,314 3619,5 S 583,9999 2578,0857 3469,6155 12572,862 2922,3103 10609,573
1,9160002 B 757,9896 5233,151 11648,37 13383,75 14357,314 3619,5 S 583,9999 2578,0857 3469,6155 12572,862 2922,3103 10609,573
1,9160004 B 757,9896 5233,151 11648,37 13383,75 14357,314 3619,5 S 583,9999 2578,0857 3469,6155 12572,862 2922,3103 10609,573
1,9160002 B 757,9896 5233,151 11648,37 13383,75 14357,314 3619,5 S 583,9999 2578,0857 3469,6155 12572,862 2922,3103 10609,573
1,9160004 B 757,9896 5233,151 11648,37 13383,75 14357,314 3619,5 S 583,9999 2578,0857 3469,6155 12572,862 2922,3103 10609,573
1,915098 B 757,9896 5233,151 11648,37 13383,75 14357,314 3619,5 S 583,9999 2578,0857 3469,6155 12572,862 2922,3103 10609,573
1,9149994 B 757,9896 5233,151 11648,37 13383,75 14357,314 3619,5 S 583,9999 2578,0857 3469,6155 12572,862 2922,3103 10609,573
1,9150001 B 757,9896 5233,151 11648,37 13383,75 14357,314 3619,5 S 583,9999 2578,0857 3469,6155 12572,862 2922,3103 10609,573
1,9149998 B 757,9896 5233,151 11648,37 13383,75 14357,314 3619,5 S 583,9999 2578,0857 3469,6155 12572,862 2922,3103 10609,573
1,9149996 B 757,9896 5233,151 11648,37 13383,75 14357,314 3619,5 S 583,9999 2578,0857 3469,6155 12572,862 2922,3103 10609,573
1,9155146 B 757,9896 5233,151 11648,37 13383,75 14357,314 3619,5 S 583,9999 2578,0857 3469,6155 12572,862 2922,3103 10609,573
1,9190001 B 757,9896 5233,151 11648,37 13383,75 14357,314 3619,5 S 583,9999 2578,0857 3469,6155 12572,862 2922,3103 10609,573
1,919 B 757,9896 5233,151 11648,37 13383,75 14357,314 3619,5 S 583,9999 2578,0857 3469,6155 12572,862 2922,3103 10609,573
1,9191672 B 757,9896 5233,151 11648,37 13383,75 14357,314 3619,5 S 583,9999 2578,0857 3469,6155 12572,862 2922,3103 10609,573
1,9202921 B 757,9896 5233,151 11648,37 13383,75 14357,314 3619,5 S 583,9999 2578,0857 3469,6155 12572,862 2922,3103 10609,573
1,9208982 B 757,9896 5233,151 11648,37 13383,75 14357,314 3619,5 S 583,9999 2578,0857 3469,6155 12572,862 2922,3103 10609,573
1,920878 B 757,9896 5233,151 11648,37 13383,75 14357,314 3619,5 S 583,9999 2578,0857 3469,6155 12572,862 2922,3103 10609,573
