1,8854674
1,8890004 B 376,5361 2129,9097 16878,049 13274,173 7935,19 15280,192 S 9117,696 18754,527 12331,417 10224,37 3663,469 7546,8887
1,8889999 B 376,5361 2129,9097 16878,049 13274,173 7935,19 15280,192 S 9117,696 18754,527 12331,417 10224,37 3663,469 7546,8887
1,8890003 B 376,5361 2129,9097 16878,049 13274,173 7935,19 15280,192 S 9117,696 18754,527 12331,417 10224,37 3663,469 7546,8887
1,8889999 B 376,5361 2129,9097 16878,049 13274,173 7935,19 15280,192 S 9117,696 18754,527 12331,417 10224,37 3663,469 7546,8887
1,8889999 B 376,5361 2129,9097 16878,049 13274,173 7935,19 15280,192 S 9117,696 18754,527 12331,417 10224,37 3663,469 7546,8887
1,8889999 B 376,5361 2129,9097 16878,049 13274,173 7935,19 15280,192 S 9117,696 18754,527 12331,417 10224,37 3663,469 7546,8887
1,8890003 B 376,5361 2129,9097 16878,049 13274,173 7935,19 15280,192 S 9117,696 18754,527 12331,417 10224,37 3663,469 7546,8887
1,8889999 B 376,5361 2129,9097 16878,049 13274,173 7935,19 15280,192 S 9117,696 18754,527 12331,417 10224,37 3663,469 7546,8887
1,8889996 B 376,5361 2129,9097 16878,049 13274,173 7935,19 15280,192 S 9117,696 18754,527 12331,417 10224,37 3663,469 7546,8887
1,8889997 B 376,5361 2129,9097 16878,049 13274,173 7935,19 15280,192 S 9117,696 18754,527 12331,417 10224,37 3663,469 7546,8887
1,8890005 B 376,5361 2129,9097 16878,049 13274,173 7935,19 15280,192 S 9117,696 18754,527 12331,417 10224,37 3663,469 7546,8887
1,8889999 B 376,5361 2129,9097 16878,049 13274,173 7935,19 15280,192 S 9117,696 18754,527 12331,417 10224,37 3663,469 7546,8887
1,8889999 B 376,5361 2129,9097 16878,049 13274,173 7935,19 15280,192 S 9117,696 18754,527 12331,417 10224,37 3663,469 7546,8887
1,8890003 B 376,5361 2129,9097 16878,049 13274,173 7935,19 15280,192 S 9117,696 18754,527 12331,417 10224,37 3663,469 7546,8887
1,889 B 376,5361 2129,9097 16878,049 13274,173 7935,19 15280,192 S 9117,696 18754,527 12331,417 10224,37 3663,469 7546,8887
1,8890002 B 376,5361 2129,9097 16878,049 13274,173 7935,19 15280,192 S 9117,696 18754,527 12331,417 10224,37 3663,469 7546,8887
1,8889999 B 376,5361 2129,9097 16878,049 13274,173 7935,19 15280,192 S 9117,696 18754,527 12331,417 10224,37 3663,469 7546,8887
1,8890004 B 376,5361 2129,9097 16878,049 13274,173 7935,19 15280,192 S 9117,696 18754,527 12331,417 10224,37 3663,469 7546,8887
1,8890007 B 376,5361 2129,9097 16878,049 13274,173 7935,19 15280,192 S 9117,696 18754,527 12331,417 10224,37 3663,469 7546,8887
1,8890002 B 376,5361 2129,9097 16878,049 13274,173 7935,19 15280,192 S 9117,696 18754,527 12331,417 10224,37 3663,469 7546,8887
1,8890003 B 376,5361 2129,9097 16878,049 13274,173 7935,19 15280,192 S 9117,696 18754,527 12331,417 10224,37 3663,469 7546,8887
1,889001 B 376,5361 2129,9097 16878,049 13274,173 7935,19 15280,192 S 9117,696 18754,527 12331,417 10224,37 3663,469 7546,8887
1,8890004 B 376,5361 2129,9097 16878,049 13274,173 7935,19 15280,192 S 9117,696 18754,527 12331,417 10224,37 3663,469 7546,8887
1,8894948 B 376,5361 2129,9097 16878,049 13274,173 7935,19 15280,192 S 9117,696 18754,527 12331,417 10224,37 3663,469 7546,8887
1,8899996 B 376,5361 2129,9097 16878,049 13274,173 7935,19 15280,192 S 9117,696 18754,527 12331,417 10224,37 3663,469 7546,8887
1,8900005 B 376,5361 2129,9097 16878,049 13274,173 7935,19 15280,192 S 9117,696 18754,527 12331,417 10224,37 3663,469 7546,8887
1,8896115 B 376,5361 2129,9097 16878,049 13274,173 7935,19 15280,192 S 9117,696 18754,527 12331,417 10224,37 3663,469 7546,8887
1,8879998 B 376,5361 2129,9097 16878,049 13274,173 7935,19 15280,192 S 9117,696 18754,527 12331,417 10224,37 3663,469 7546,8887
1,887721 B 376,5361 2129,9097 16878,049 13274,173 7935,19 15280,192 S 9117,696 18754,527 12331,417 10224,37 3663,469 7546,8887
1,887 B 376,5361 2129,9097 16878,049 13274,173 7935,19 15280,192 S 9117,696 18754,527 12331,417 10224,37 3663,469 7546,8887
1,887 B 376,5361 2129,9097 16878,049 13274,173 7935,19 15280,192 S 9117,696 18754,527 12331,417 10224,37 3663,469 7546,8887
1,8870002 B 376,5361 2129,9097 16878,049 13274,173 7935,19 15280,192 S 9117,696 18754,527 12331,417 10224,37 3663,469 7546,8887
1,8869996 B 376,5361 2129,9097 16878,049 13274,173 7935,19 15280,192 S 9117,696 18754,527 12331,417 10224,37 3663,469 7546,8887
1,8870003 B 376,5361 2129,9097 16878,049 13274,173 7935,19 15280,192 S 9117,696 18754,527 12331,417 10224,37 3663,469 7546,8887
1,8869997 B 376,5361 2129,9097 16878,049 13274,173 7935,19 15280,192 S 9117,696 18754,527 12331,417 10224,37 3663,469 7546,8887
1,8869998 B 376,5361 2129,9097 16878,049 13274,173 7935,19 15280,192 S 9117,696 18754,527 12331,417 10224,37 3663,469 7546,8887
1,887 B 376,5361 2129,9097 16878,049 13274,173 7935,19 15280,192 S 9117,696 18754,527 12331,417 10224,37 3663,469 7546,8887
1,8869995 B 376,5361 2129,9097 16878,049 13274,173 7935,19 15280,192 S 9117,696 18754,527 12331,417 10224,37 3663,469 7546,8887
1,8869992 B 376,5361 2129,9097 16878,049 13274,173 7935,19 15280,192 S 9117,696 18754,527 12331,417 10224,37 3663,469 7546,8887
1,8869996 B 376,5361 2129,9097 16878,049 13274,173 7935,19 15280,192 S 9117,696 18754,527 12331,417 10224,37 3663,469 7546,8887
1,8877714 B 376,5361 2129,9097 16878,049 13274,173 7935,19 15280,192 S 9117,696 18754,527 12331,417 10224,37 3663,469 7546,8887
1,8890003 B 376,5361 2129,9097 16878,049 13274,173 7935,19 15280,192 S 9117,696 18754,527 12331,417 10224,37 3663,469 7546,8887
1,8890007 B 376,5361 2129,9097 16878,049 13274,173 7935,19 15280,192 S 9117,696 18754,527 12331,417 10224,37 3663,469 7546,8887
1,8889999 B 376,5361 2129,9097 16878,049 13274,173 7935,19 15280,192 S 9117,696 18754,527 12331,417 10224,37 3663,469 7546,8887
1,8890003 B 376,5361 2129,9097 16878,049 13274,173 7935,19 15280,192 S 9117,696 18754,527 12331,417 10224,37 3663,469 7546,8887
1,8890003 B 376,5361 2129,9097 16878,049 13274,173 7935,19 15280,192 S 9117,696 18754,527 12331,417 10224,37 3663,469 7546,8887
1,889 B 376,5361 2129,9097 16878,049 13274,173 7935,19 15280,192 S 9117,696 18754,527 12331,417 10224,37 3663,469 7546,8887
1,8890003 B 376,5361 2129,9097 16878,049 13274,173 7935,19 15280,192 S 9117,696 18754,527 12331,417 10224,37 3663,469 7546,8887
1,8882382 B 376,5361 2129,9097 16878,049 13274,173 7935,19 15280,192 S 9117,696 18754,527 12331,417 10224,37 3663,469 7546,8887
1,8880004 B 376,5361 2129,9097 16878,049 13274,173 7935,19 15280,192 S 9117,696 18754,527 12331,417 10224,37 3663,469 7546,8887
1,8879998 B 376,5361 2129,9097 16878,049 13274,173 7935,19 15280,192 S 9117,696 18754,527 12331,417 10224,37 3663,469 7546,8887
1,8880001 B 376,5361 2129,9097 16878,049 13274,173 7935,19 15280,192 S 9117,696 18754,527 12331,417 10224,37 3663,469 7546,8887
1,8880004 B 376,5361 2129,9097 16878,049 13274,173 7935,19 15280,192 S 9117,696 18754,527 12331,417 10224,37 3663,469 7546,8887
1,8884517 B 376,5361 2129,9097 16878,049 13274,173 7935,19 15280,192 S 9117,696 18754,527 12331,417 10224,37 3663,469 7546,8887
1,8889998 B 376,5361 2129,9097 16878,049 13274,173 7935,19 15280,192 S 9117,696 18754,527 12331,417 10224,37 3663,469 7546,8887
1,8889999 B 376,5361 2129,9097 16878,049 13274,173 7935,19 15280,192 S 9117,696 18754,527 12331,417 10224,37 3663,469 7546,8887
1,8890004 B 376,5361 2129,9097 16878,049 13274,173 7935,19 15280,192 S 9117,696 18754,527 12331,417 10224,37 3663,469 7546,8887
1,8890002 B 376,5361 2129,9097 16878,049 13274,173 7935,19 15280,192 S 9117,696 18754,527 12331,417 10224,37 3663,469 7546,8887
1,8890002 B 376,5361 2129,9097 16878,049 13274,173 7935,19 15280,192 S 9117,696 18754,527 12331,417 10224,37 3663,469 7546,8887
1,8889997 B 376,5361 2129,9097 16878,049 13274,173 7935,19 15280,192 S 9117,696 18754,527 12331,417 10224,37 3663,469 7546,8887
1,8890003 B 376,5361 2129,9097 16878,049 13274,173 7935,19 15280,192 S 9117,696 18754,527 12331,417 10224,37 3663,469 7546,8887
1,8889998 B 376,5361 2129,9097 16878,049 13274,173 7935,19 15280,192 S 9117,696 18754,527 12331,417 10224,37 3663,469 7546,8887
1,8889998 B 376,5361 2129,9097 16878,049 13274,173 7935,19 15280,192 S 9117,696 18754,527 12331,417 10224,37 3663,469 7546,8887
1,8890004 B 376,5361 2129,9097 16878,049 13274,173 7935,19 15280,192 S 9117,696 18754,527 12331,417 10224,37 3663,469 7546,8887
1,8871573 B 376,5361 2129,9097 16878,049 13274,173 7935,19 15280,192 S 9117,696 18754,527 12331,417 10224,37 3663,469 7546,8887
1,8869998 B 376,5361 2129,9097 16878,049 13274,173 7935,19 15280,192 S 9117,696 18754,527 12331,417 10224,37 3663,469 7546,8887
1,8867078 B 376,5361 2129,9097 16878,049 13274,173 7935,19 15280,192 S 9117,696 18754,527 12331,417 10224,37 3663,469 7546,8887
1,884427 B 376,5361 2129,9097 16878,049 13274,173 7935,19 15280,192 S 9117,696 18754,527 12331,417 10224,37 3663,469 7546,8887
1,8836379 B 376,5361 2129,9097 16878,049 13274,173 7935,19 15280,192 S 9117,696 18754,527 12331,417 10224,37 3663,469 7546,8887
1,8836706 B 376,5361 2129,9097 16878,049 13274,173 7935,19 15280,192 S 9117,696 18754,527 12331,417 10224,37 3663,469 7546,8887
1,8840001 B 376,5361 2129,9097 16878,049 13274,173 7935,19 15280,192 S 9117,696 18754,527 12331,417 10224,37 3663,469 7546,8887
1,884 B 376,5361 2129,9097 16878,049 13274,173 7935,19 15280,192 S 9117,696 18754,527 12331,417 10224,37 3663,469 7546,8887
1,8846875 B 376,5361 2129,9097 16878,049 13274,173 7935,19 15280,192 S 9117,696 18754,527 12331,417 10224,37 3663,469 7546,8887
1,8850002 B 376,5361 2129,9097 16878,049 13274,173 7935,19 15280,192 S 9117,696 18754,527 12331,417 10224,37 3663,469 7546,8887
1,8850006 B 376,5361 2129,9097 16878,049 13274,173 7935,19 15280,192 S 9117,696 18754,527 12331,417 10224,37 3663,469 7546,8887
1,8849998 B 376,5361 2129,9097 16878,049 13274,173 7935,19 15280,192 S 9117,696 18754,527 12331,417 10224,37 3663,469 7546,8887
1,885 B 376,5361 2129,9097 16878,049 13274,173 7935,19 15280,192 S 9117,696 18754,527 12331,417 10224,37 3663,469 7546,8887
1,885 B 376,5361 2129,9097 16878,049 13274,173 7935,19 15280,192 S 9117,696 18754,527 12331,417 10224,37 3663,469 7546,8887
1,8850001 B 376,5361 2129,9097 16878,049 13274,173 7935,19 15280,192 S 9117,696 18754,527 12331,417 10224,37 3663,469 7546,8887
1,8850003 B 376,5361 2129,9097 16878,049 13274,173 7935,19 15280,192 S 9117,696 18754,527 12331,417 10224,37 3663,469 7546,8887
1,8850002 B 376,5361 2129,9097 16878,049 13274,173 7935,19 15280,192 S 9117,696 18754,527 12331,417 10224,37 3663,469 7546,8887
1,8841709 B 376,5361 2129,9097 16878,049 13274,173 7935,19 15280,192 S 9117,696 18754,527 12331,417 10224,37 3663,469 7546,8887
1,8839995 B 376,5361 2129,9097 16878,049 13274,173 7935,19 15280,192 S 9117,696 18754,527 12331,417 10224,37 3663,469 7546,8887
1,8840001 B 376,5361 2129,9097 16878,049 13274,173 7935,19 15280,192 S 9117,696 18754,527 12331,417 10224,37 3663,469 7546,8887
1,8839995 B 376,5361 2129,9097 16878,049 13274,173 7935,19 15280,192 S 9117,696 18754,527 12331,417 10224,37 3663,469 7546,8887
1,884 B 376,5361 2129,9097 16878,049 13274,173 7935,19 15280,192 S 9117,696 18754,527 12331,417 10224,37 3663,469 7546,8887
1,8839997 B 376,5361 2129,9097 16878,049 13274,173 7935,19 15280,192 S 9117,696 18754,527 12331,417 10224,37 3663,469 7546,8887
1,8840002 B 376,5361 2129,9097 16878,049 13274,173 7935,19 15280,192 S 9117,696 18754,527 12331,417 10224,37 3663,469 7546,8887
1,8840002 B 376,5361 2129,9097 16878,049 13274,173 7935,19 15280,192 S 9117,696 18754,527 12331,417 10224,37 3663,469 7546,8887
1,8834457 B 376,5361 2129,9097 16878,049 13274,173 7935,19 15280,192 S 9117,696 18754,527 12331,417 10224,37 3663,469 7546,8887
1,8830001 B 376,5361 2129,9097 16878,049 13274,173 7935,19 15280,192 S 9117,696 18754,527 12331,417 10224,37 3663,469 7546,8887
1,8830001 B 376,5361 2129,9097 16878,049 13274,173 7935,19 15280,192 S 9117,696 18754,527 12331,417 10224,37 3663,469 7546,8887
1,8837663 B 376,5361 2129,9097 16878,049 13274,173 7935,19 15280,192 S 9117,696 18754,527 12331,417 10224,37 3663,469 7546,8887
1,885 B 376,5361 2129,9097 16878,049 13274,173 7935,19 15280,192 S 9117,696 18754,527 12331,417 10224,37 3663,469 7546,8887
1,8850002 B 376,5361 2129,9097 16878,049 13274,173 7935,19 15280,192 S 9117,696 18754,527 12331,417 10224,37 3663,469 7546,8887
1,885 B 376,5361 2129,9097 16878,049 13274,173 7935,19 15280,192 S 9117,696 18754,527 12331,417 10224,37 3663,469 7546,8887
1,8849999 B 376,5361 2129,9097 16878,049 13274,173 7935,19 15280,192 S 9117,696 18754,527 12331,417 10224,37 3663,469 7546,8887
1,8850002 B 376,5361 2129,9097 16878,049 13274,173 7935,19 15280,192 S 9117,696 18754,527 12331,417 10224,37 3663,469 7546,8887
1,8850007 B 376,5361 2129,9097 16878,049 13274,173 7935,19 15280,192 S 9117,696 18754,527 12331,417 10224,37 3663,469 7546,8887
1,885 B 376,5361 2129,9097 16878,049 13274,173 7935,19 15280,192 S 9117,696 18754,527 12331,417 10224,37 3663,469 7546,8887
1,885 B 376,5361 2129,9097 16878,049 13274,173 7935,19 15280,192 S 9117,696 18754,527 12331,417 10224,37 3663,469 7546,8887
1,8850002 B 376,5361 2129,9097 16878,049 13274,173 7935,19 15280,192 S 9117,696 18754,527 12331,417 10224,37 3663,469 7546,8887
1,8850002 B 376,5361 2129,9097 16878,049 13274,173 7935,19 15280,192 S 9117,696 18754,527 12331,417 10224,37 3663,469 7546,8887
1,8849999 B 376,5361 2129,9097 16878,049 13274,173 7935,19 15280,192 S 9117,696 18754,527 12331,417 10224,37 3663,469 7546,8887
1,885 B 376,5361 2129,9097 16878,049 13274,173 7935,19 15280,192 S 9117,696 18754,527 12331,417 10224,37 3663,469 7546,8887
1,8849999 B 376,5361 2129,9097 16878,049 13274,173 7935,19 15280,192 S 9117,696 18754,527 12331,417 10224,37 3663,469 7546,8887
1,8849996 B 376,5361 2129,9097 16878,049 13274,173 7935,19 15280,192 S 9117,696 18754,527 12331,417 10224,37 3663,469 7546,8887
1,884999 B 376,5361 2129,9097 16878,049 13274,173 7935,19 15280,192 S 9117,696 18754,527 12331,417 10224,37 3663,469 7546,8887
1,8850005 B 376,5361 2129,9097 16878,049 13274,173 7935,19 15280,192 S 9117,696 18754,527 12331,417 10224,37 3663,469 7546,8887
1,8849998 B 376,5361 2129,9097 16878,049 13274,173 7935,19 15280,192 S 9117,696 18754,527 12331,417 10224,37 3663,469 7546,8887
1,8849995 B 376,5361 2129,9097 16878,049 13274,173 7935,19 15280,192 S 9117,696 18754,527 12331,417 10224,37 3663,469 7546,8887
1,885 B 376,5361 2129,9097 16878,049 13274,173 7935,19 15280,192 S 9117,696 18754,527 12331,417 10224,37 3663,469 7546,8887
1,8850002 B 376,5361 2129,9097 16878,049 13274,173 7935,19 15280,192 S 9117,696 18754,527 12331,417 10224,37 3663,469 7546,8887
1,8850994 B 376,5361 2129,9097 16878,049 13274,173 7935,19 15280,192 S 9117,696 18754,527 12331,417 10224,37 3663,469 7546,8887
1,8860003 B 376,5361 2129,9097 16878,049 13274,173 7935,19 15280,192 S 9117,696 18754,527 12331,417 10224,37 3663,469 7546,8887
1,8859996 B 376,5361 2129,9097 16878,049 13274,173 7935,19 15280,192 S 9117,696 18754,527 12331,417 10224,37 3663,469 7546,8887
1,8859999 B 376,5361 2129,9097 16878,049 13274,173 7935,19 15280,192 S 9117,696 18754,527 12331,417 10224,37 3663,469 7546,8887
1,8860002 B 376,5361 2129,9097 16878,049 13274,173 7935,19 15280,192 S 9117,696 18754,527 12331,417 10224,37 3663,469 7546,8887
1,8859999 B 376,5361 2129,9097 16878,049 13274,173 7935,19 15280,192 S 9117,696 18754,527 12331,417 10224,37 3663,469 7546,8887
1,886 B 376,5361 2129,9097 16878,049 13274,173 7935,19 15280,192 S 9117,696 18754,527 12331,417 10224,37 3663,469 7546,8887
1,8860003 B 376,5361 2129,9097 16878,049 13274,173 7935,19 15280,192 S 9117,696 18754,527 12331,417 10224,37 3663,469 7546,8887
1,886 B 376,5361 2129,9097 16878,049 13274,173 7935,19 15280,192 S 9117,696 18754,527 12331,417 10224,37 3663,469 7546,8887
1,8859998 B 376,5361 2129,9097 16878,049 13274,173 7935,19 15280,192 S 9117,696 18754,527 12331,417 10224,37 3663,469 7546,8887
1,8859996 B 376,5361 2129,9097 16878,049 13274,173 7935,19 15280,192 S 9117,696 18754,527 12331,417 10224,37 3663,469 7546,8887
1,8859998 B 376,5361 2129,9097 16878,049 13274,173 7935,19 15280,192 S 9117,696 18754,527 12331,417 10224,37 3663,469 7546,8887
1,8860004 B 376,5361 2129,9097 16878,049 13274,173 7935,19 15280,192 S 9117,696 18754,527 12331,417 10224,37 3663,469 7546,8887
1,8860009 B 376,5361 2129,9097 16878,049 13274,173 7935,19 15280,192 S 9117,696 18754,527 12331,417 10224,37 3663,469 7546,8887
1,8860002 B 376,5361 2129,9097 16878,049 13274,173 7935,19 15280,192 S 9117,696 18754,527 12331,417 10224,37 3663,469 7546,8887
1,8860003 B 376,5361 2129,9097 16878,049 13274,173 7935,19 15280,192 S 9117,696 18754,527 12331,417 10224,37 3663,469 7546,8887
1,8860002 B 376,5361 2129,9097 16878,049 13274,173 7935,19 15280,192 S 9117,696 18754,527 12331,417 10224,37 3663,469 7546,8887
1,886 B 376,5361 2129,9097 16878,049 13274,173 7935,19 15280,192 S 9117,696 18754,527 12331,417 10224,37 3663,469 7546,8887
1,8859998 B 376,5361 2129,9097 16878,049 13274,173 7935,19 15280,192 S 9117,696 18754,527 12331,417 10224,37 3663,469 7546,8887
1,8859998 B 376,5361 2129,9097 16878,049 13274,173 7935,19 15280,192 S 9117,696 18754,527 12331,417 10224,37 3663,469 7546,8887
1,8860002 B 376,5361 2129,9097 16878,049 13274,173 7935,19 15280,192 S 9117,696 18754,527 12331,417 10224,37 3663,469 7546,8887
1,8860005 B 376,5361 2129,9097 16878,049 13274,173 7935,19 15280,192 S 9117,696 18754,527 12331,417 10224,37 3663,469 7546,8887
1,8860002 B 376,5361 2129,9097 16878,049 13274,173 7935,19 15280,192 S 9117,696 18754,527 12331,417 10224,37 3663,469 7546,8887
1,8860002 B 376,5361 2129,9097 16878,049 13274,173 7935,19 15280,192 S 9117,696 18754,527 12331,417 10224,37 3663,469 7546,8887
1,8852342 B 376,5361 2129,9097 16878,049 13274,173 7935,19 15280,192 S 9117,696 18754,527 12331,417 10224,37 3663,469 7546,8887
1,8850001 B 376,5361 2129,9097 16878,049 13274,173 7935,19 15280,192 S 9117,696 18754,527 12331,417 10224,37 3663,469 7546,8887
1,885 B 376,5361 2129,9097 16878,049 13274,173 7935,19 15280,192 S 9117,696 18754,527 12331,417 10224,37 3663,469 7546,8887
1,8849998 B 376,5361 2129,9097 16878,049 13274,173 7935,19 15280,192 S 9117,696 18754,527 12331,417 10224,37 3663,469 7546,8887
1,8849994 B 376,5361 2129,9097 16878,049 13274,173 7935,19 15280,192 S 9117,696 18754,527 12331,417 10224,37 3663,469 7546,8887
1,885 B 376,5361 2129,9097 16878,049 13274,173 7935,19 15280,192 S 9117,696 18754,527 12331,417 10224,37 3663,469 7546,8887
1,8841594 B 376,5361 2129,9097 16878,049 13274,173 7935,19 15280,192 S 9117,696 18754,527 12331,417 10224,37 3663,469 7546,8887
1,8839993 B 376,5361 2129,9097 16878,049 13274,173 7935,19 15280,192 S 9117,696 18754,527 12331,417 10224,37 3663,469 7546,8887
1,8839993 B 376,5361 2129,9097 16878,049 13274,173 7935,19 15280,192 S 9117,696 18754,527 12331,417 10224,37 3663,469 7546,8887
1,884432 B 376,5361 2129,9097 16878,049 13274,173 7935,19 15280,192 S 9117,696 18754,527 12331,417 10224,37 3663,469 7546,8887
1,8849995 B 376,5361 2129,9097 16878,049 13274,173 7935,19 15280,192 S 9117,696 18754,527 12331,417 10224,37 3663,469 7546,8887
1,8850001 B 376,5361 2129,9097 16878,049 13274,173 7935,19 15280,192 S 9117,696 18754,527 12331,417 10224,37 3663,469 7546,8887
1,885 B 376,5361 2129,9097 16878,049 13274,173 7935,19 15280,192 S 9117,696 18754,527 12331,417 10224,37 3663,469 7546,8887
1,8849995 B 376,5361 2129,9097 16878,049 13274,173 7935,19 15280,192 S 9117,696 18754,527 12331,417 10224,37 3663,469 7546,8887
1,8850001 B 376,5361 2129,9097 16878,049 13274,173 7935,19 15280,192 S 9117,696 18754,527 12331,417 10224,37 3663,469 7546,8887
1,8850002 B 376,5361 2129,9097 16878,049 13274,173 7935,19 15280,192 S 9117,696 18754,527 12331,417 10224,37 3663,469 7546,8887
1,8850001 B 376,5361 2129,9097 16878,049 13274,173 7935,19 15280,192 S 9117,696 18754,527 12331,417 10224,37 3663,469 7546,8887
1,8842092 B 376,5361 2129,9097 16878,049 13274,173 7935,19 15280,192 S 9117,696 18754,527 12331,417 10224,37 3663,469 7546,8887
1,8840003 B 376,5361 2129,9097 16878,049 13274,173 7935,19 15280,192 S 9117,696 18754,527 12331,417 10224,37 3663,469 7546,8887
1,8840002 B 376,5361 2129,9097 16878,049 13274,173 7935,19 15280,192 S 9117,696 18754,527 12331,417 10224,37 3663,469 7546,8887
1,8839995 B 376,5361 2129,9097 16878,049 13274,173 7935,19 15280,192 S 9117,696 18754,527 12331,417 10224,37 3663,469 7546,8887
1,8839996 B 376,5361 2129,9097 16878,049 13274,173 7935,19 15280,192 S 9117,696 18754,527 12331,417 10224,37 3663,469 7546,8887
1,8839437 B 376,5361 2129,9097 16878,049 13274,173 7935,19 15280,192 S 9117,696 18754,527 12331,417 10224,37 3663,469 7546,8887
1,883 B 376,5361 2129,9097 16878,049 13274,173 7935,19 15280,192 S 9117,696 18754,527 12331,417 10224,37 3663,469 7546,8887
1,8823277 B 376,5361 2129,9097 16878,049 13274,173 7935,19 15280,192 S 9117,696 18754,527 12331,417 10224,37 3663,469 7546,8887
1,8819999 B 376,5361 2129,9097 16878,049 13274,173 7935,19 15280,192 S 9117,696 18754,527 12331,417 10224,37 3663,469 7546,8887
1,8820002 B 376,5361 2129,9097 16878,049 13274,173 7935,19 15280,192 S 9117,696 18754,527 12331,417 10224,37 3663,469 7546,8887
1,882 B 376,5361 2129,9097 16878,049 13274,173 7935,19 15280,192 S 9117,696 18754,527 12331,417 10224,37 3663,469 7546,8887
1,8819996 B 376,5361 2129,9097 16878,049 13274,173 7935,19 15280,192 S 9117,696 18754,527 12331,417 10224,37 3663,469 7546,8887
1,8820001 B 376,5361 2129,9097 16878,049 13274,173 7935,19 15280,192 S 9117,696 18754,527 12331,417 10224,37 3663,469 7546,8887
1,8819993 B 376,5361 2129,9097 16878,049 13274,173 7935,19 15280,192 S 9117,696 18754,527 12331,417 10224,37 3663,469 7546,8887
1,8820006 B 376,5361 2129,9097 16878,049 13274,173 7935,19 15280,192 S 9117,696 18754,527 12331,417 10224,37 3663,469 7546,8887
1,8820003 B 376,5361 2129,9097 16878,049 13274,173 7935,19 15280,192 S 9117,696 18754,527 12331,417 10224,37 3663,469 7546,8887
1,8820002 B 376,5361 2129,9097 16878,049 13274,173 7935,19 15280,192 S 9117,696 18754,527 12331,417 10224,37 3663,469 7546,8887
1,8820001 B 376,5361 2129,9097 16878,049 13274,173 7935,19 15280,192 S 9117,696 18754,527 12331,417 10224,37 3663,469 7546,8887
1,8819999 B 376,5361 2129,9097 16878,049 13274,173 7935,19 15280,192 S 9117,696 18754,527 12331,417 10224,37 3663,469 7546,8887
1,8820001 B 376,5361 2129,9097 16878,049 13274,173 7935,19 15280,192 S 9117,696 18754,527 12331,417 10224,37 3663,469 7546,8887
1,8819995 B 376,5361 2129,9097 16878,049 13274,173 7935,19 15280,192 S 9117,696 18754,527 12331,417 10224,37 3663,469 7546,8887
1,8822103 B 376,5361 2129,9097 16878,049 13274,173 7935,19 15280,192 S 9117,696 18754,527 12331,417 10224,37 3663,469 7546,8887
1,884 B 376,5361 2129,9097 16878,049 13274,173 7935,19 15280,192 S 9117,696 18754,527 12331,417 10224,37 3663,469 7546,8887
1,8840002 B 376,5361 2129,9097 16878,049 13274,173 7935,19 15280,192 S 9117,696 18754,527 12331,417 10224,37 3663,469 7546,8887
1,8840002 B 376,5361 2129,9097 16878,049 13274,173 7935,19 15280,192 S 9117,696 18754,527 12331,417 10224,37 3663,469 7546,8887
1,8839997 B 376,5361 2129,9097 16878,049 13274,173 7935,19 15280,192 S 9117,696 18754,527 12331,417 10224,37 3663,469 7546,8887
1,8848474 B 376,5361 2129,9097 16878,049 13274,173 7935,19 15280,192 S 9117,696 18754,527 12331,417 10224,37 3663,469 7546,8887
1,8850005 B 376,5361 2129,9097 16878,049 13274,173 7935,19 15280,192 S 9117,696 18754,527 12331,417 10224,37 3663,469 7546,8887
1,8846974 B 376,5361 2129,9097 16878,049 13274,173 7935,19 15280,192 S 9117,696 18754,527 12331,417 10224,37 3663,469 7546,8887
1,8840004 B 376,5361 2129,9097 16878,049 13274,173 7935,19 15280,192 S 9117,696 18754,527 12331,417 10224,37 3663,469 7546,8887
1,8841652 B 376,5361 2129,9097 16878,049 13274,173 7935,19 15280,192 S 9117,696 18754,527 12331,417 10224,37 3663,469 7546,8887
1,8849999 B 376,5361 2129,9097 16878,049 13274,173 7935,19 15280,192 S 9117,696 18754,527 12331,417 10224,37 3663,469 7546,8887
1,8850001 B 376,5361 2129,9097 16878,049 13274,173 7935,19 15280,192 S 9117,696 18754,527 12331,417 10224,37 3663,469 7546,8887
1,885 B 376,5361 2129,9097 16878,049 13274,173 7935,19 15280,192 S 9117,696 18754,527 12331,417 10224,37 3663,469 7546,8887
1,8849999 B 376,5361 2129,9097 16878,049 13274,173 7935,19 15280,192 S 9117,696 18754,527 12331,417 10224,37 3663,469 7546,8887
1,885038 B 376,5361 2129,9097 16878,049 13274,173 7935,19 15280,192 S 9117,696 18754,527 12331,417 10224,37 3663,469 7546,8887
1,8859999 B 376,5361 2129,9097 16878,049 13274,173 7935,19 15280,192 S 9117,696 18754,527 12331,417 10224,37 3663,469 7546,8887
1,8860003 B 376,5361 2129,9097 16878,049 13274,173 7935,19 15280,192 S 9117,696 18754,527 12331,417 10224,37 3663,469 7546,8887
1,8859998 B 376,5361 2129,9097 16878,049 13274,173 7935,19 15280,192 S 9117,696 18754,527 12331,417 10224,37 3663,469 7546,8887
1,8859997 B 376,5361 2129,9097 16878,049 13274,173 7935,19 15280,192 S 9117,696 18754,527 12331,417 10224,37 3663,469 7546,8887
1,886 B 376,5361 2129,9097 16878,049 13274,173 7935,19 15280,192 S 9117,696 18754,527 12331,417 10224,37 3663,469 7546,8887
1,8859996 B 376,5361 2129,9097 16878,049 13274,173 7935,19 15280,192 S 9117,696 18754,527 12331,417 10224,37 3663,469 7546,8887
1,8859998 B 376,5361 2129,9097 16878,049 13274,173 7935,19 15280,192 S 9117,696 18754,527 12331,417 10224,37 3663,469 7546,8887
1,8859997 B 376,5361 2129,9097 16878,049 13274,173 7935,19 15280,192 S 9117,696 18754,527 12331,417 10224,37 3663,469 7546,8887
1,8859999 B 376,5361 2129,9097 16878,049 13274,173 7935,19 15280,192 S 9117,696 18754,527 12331,417 10224,37 3663,469 7546,8887
1,8851668 B 376,5361 2129,9097 16878,049 13274,173 7935,19 15280,192 S 9117,696 18754,527 12331,417 10224,37 3663,469 7546,8887
1,884151 B 376,5361 2129,9097 16878,049 13274,173 7935,19 15280,192 S 9117,696 18754,527 12331,417 10224,37 3663,469 7546,8887
1,8839997 B 376,5361 2129,9097 16878,049 13274,173 7935,19 15280,192 S 9117,696 18754,527 12331,417 10224,37 3663,469 7546,8887
1,8840001 B 376,5361 2129,9097 16878,049 13274,173 7935,19 15280,192 S 9117,696 18754,527 12331,417 10224,37 3663,469 7546,8887
1,8845512 B 376,5361 2129,9097 16878,049 13274,173 7935,19 15280,192 S 9117,696 18754,527 12331,417 10224,37 3663,469 7546,8887
1,8849999 B 376,5361 2129,9097 16878,049 13274,173 7935,19 15280,192 S 9117,696 18754,527 12331,417 10224,37 3663,469 7546,8887
1,8850002 B 376,5361 2129,9097 16878,049 13274,173 7935,19 15280,192 S 9117,696 18754,527 12331,417 10224,37 3663,469 7546,8887
1,8850001 B 376,5361 2129,9097 16878,049 13274,173 7935,19 15280,192 S 9117,696 18754,527 12331,417 10224,37 3663,469 7546,8887
1,8850001 B 376,5361 2129,9097 16878,049 13274,173 7935,19 15280,192 S 9117,696 18754,527 12331,417 10224,37 3663,469 7546,8887
1,8849999 B 376,5361 2129,9097 16878,049 13274,173 7935,19 15280,192 S 9117,696 18754,527 12331,417 10224,37 3663,469 7546,8887
1,885 B 376,5361 2129,9097 16878,049 13274,173 7935,19 15280,192 S 9117,696 18754,527 12331,417 10224,37 3663,469 7546,8887
1,8849999 B 376,5361 2129,9097 16878,049 13274,173 7935,19 15280,192 S 9117,696 18754,527 12331,417 10224,37 3663,469 7546,8887
1,8842136 B 376,5361 2129,9097 16878,049 13274,173 7935,19 15280,192 S 9117,696 18754,527 12331,417 10224,37 3663,469 7546,8887
1,884 B 376,5361 2129,9097 16878,049 13274,173 7935,19 15280,192 S 9117,696 18754,527 12331,417 10224,37 3663,469 7546,8887
1,884 B 376,5361 2129,9097 16878,049 13274,173 7935,19 15280,192 S 9117,696 18754,527 12331,417 10224,37 3663,469 7546,8887
1,884 B 376,5361 2129,9097 16878,049 13274,173 7935,19 15280,192 S 9117,696 18754,527 12331,417 10224,37 3663,469 7546,8887
1,8840002 B 376,5361 2129,9097 16878,049 13274,173 7935,19 15280,192 S 9117,696 18754,527 12331,417 10224,37 3663,469 7546,8887
1,8839402 B 376,5361 2129,9097 16878,049 13274,173 7935,19 15280,192 S 9117,696 18754,527 12331,417 10224,37 3663,469 7546,8887
1,8830001 B 376,5361 2129,9097 16878,049 13274,173 7935,19 15280,192 S 9117,696 18754,527 12331,417 10224,37 3663,469 7546,8887
1,8830003 B 376,5361 2129,9097 16878,049 13274,173 7935,19 15280,192 S 9117,696 18754,527 12331,417 10224,37 3663,469 7546,8887
1,8830001 B 376,5361 2129,9097 16878,049 13274,173 7935,19 15280,192 S 9117,696 18754,527 12331,417 10224,37 3663,469 7546,8887
1,8829993 B 376,5361 2129,9097 16878,049 13274,173 7935,19 15280,192 S 9117,696 18754,527 12331,417 10224,37 3663,469 7546,8887
1,8828474 B 376,5361 2129,9097 16878,049 13274,173 7935,19 15280,192 S 9117,696 18754,527 12331,417 10224,37 3663,469 7546,8887
1,8829998 B 376,5361 2129,9097 16878,049 13274,173 7935,19 15280,192 S 9117,696 18754,527 12331,417 10224,37 3663,469 7546,8887
1,8830005 B 376,5361 2129,9097 16878,049 13274,173 7935,19 15280,192 S 9117,696 18754,527 12331,417 10224,37 3663,469 7546,8887
1,8830006 B 376,5361 2129,9097 16878,049 13274,173 7935,19 15280,192 S 9117,696 18754,527 12331,417 10224,37 3663,469 7546,8887
1,8821137 B 376,5361 2129,9097 16878,049 13274,173 7935,19 15280,192 S 9117,696 18754,527 12331,417 10224,37 3663,469 7546,8887
1,882 B 376,5361 2129,9097 16878,049 13274,173 7935,19 15280,192 S 9117,696 18754,527 12331,417 10224,37 3663,469 7546,8887
1,8820004 B 376,5361 2129,9097 16878,049 13274,173 7935,19 15280,192 S 9117,696 18754,527 12331,417 10224,37 3663,469 7546,8887
1,8819999 B 376,5361 2129,9097 16878,049 13274,173 7935,19 15280,192 S 9117,696 18754,527 12331,417 10224,37 3663,469 7546,8887
1,882 B 376,5361 2129,9097 16878,049 13274,173 7935,19 15280,192 S 9117,696 18754,527 12331,417 10224,37 3663,469 7546,8887
1,8819997 B 376,5361 2129,9097 16878,049 13274,173 7935,19 15280,192 S 9117,696 18754,527 12331,417 10224,37 3663,469 7546,8887
1,8819997 B 376,5361 2129,9097 16878,049 13274,173 7935,19 15280,192 S 9117,696 18754,527 12331,417 10224,37 3663,469 7546,8887
1,8820003 B 376,5361 2129,9097 16878,049 13274,173 7935,19 15280,192 S 9117,696 18754,527 12331,417 10224,37 3663,469 7546,8887
1,8820003 B 376,5361 2129,9097 16878,049 13274,173 7935,19 15280,192 S 9117,696 18754,527 12331,417 10224,37 3663,469 7546,8887
1,8819999 B 376,5361 2129,9097 16878,049 13274,173 7935,19 15280,192 S 9117,696 18754,527 12331,417 10224,37 3663,469 7546,8887
1,882 B 376,5361 2129,9097 16878,049 13274,173 7935,19 15280,192 S 9117,696 18754,527 12331,417 10224,37 3663,469 7546,8887
1,8819999 B 376,5361 2129,9097 16878,049 13274,173 7935,19 15280,192 S 9117,696 18754,527 12331,417 10224,37 3663,469 7546,8887
1,8820004 B 376,5361 2129,9097 16878,049 13274,173 7935,19 15280,192 S 9117,696 18754,527 12331,417 10224,37 3663,469 7546,8887
1,8811729 B 376,5361 2129,9097 16878,049 13274,173 7935,19 15280,192 S 9117,696 18754,527 12331,417 10224,37 3663,469 7546,8887
1,8810011 B 376,5361 2129,9097 16878,049 13274,173 7935,19 15280,192 S 9117,696 18754,527 12331,417 10224,37 3663,469 7546,8887
