1,8747882
1,8809997 B 2219,915 6341,971 1784,9701 2143,7869 3723,9038 3035,9006 S 3250,8142 7219,1245 2795,4814 9016,58 2480,1619 1932,3323
1,8809999 B 2219,915 6341,971 1784,9701 2143,7869 3723,9038 3035,9006 S 3250,8142 7219,1245 2795,4814 9016,58 2480,1619 1932,3323
1,881 B 2219,915 6341,971 1784,9701 2143,7869 3723,9038 3035,9006 S 3250,8142 7219,1245 2795,4814 9016,58 2480,1619 1932,3323
1,8810005 B 2219,915 6341,971 1784,9701 2143,7869 3723,9038 3035,9006 S 3250,8142 7219,1245 2795,4814 9016,58 2480,1619 1932,3323
1,8810005 B 2219,915 6341,971 1784,9701 2143,7869 3723,9038 3035,9006 S 3250,8142 7219,1245 2795,4814 9016,58 2480,1619 1932,3323
1,8810005 B 2219,915 6341,971 1784,9701 2143,7869 3723,9038 3035,9006 S 3250,8142 7219,1245 2795,4814 9016,58 2480,1619 1932,3323
1,8810003 B 2219,915 6341,971 1784,9701 2143,7869 3723,9038 3035,9006 S 3250,8142 7219,1245 2795,4814 9016,58 2480,1619 1932,3323
1,8809994 B 2219,915 6341,971 1784,9701 2143,7869 3723,9038 3035,9006 S 3250,8142 7219,1245 2795,4814 9016,58 2480,1619 1932,3323
1,8810008 B 2219,915 6341,971 1784,9701 2143,7869 3723,9038 3035,9006 S 3250,8142 7219,1245 2795,4814 9016,58 2480,1619 1932,3323
1,8801315 B 2219,915 6341,971 1784,9701 2143,7869 3723,9038 3035,9006 S 3250,8142 7219,1245 2795,4814 9016,58 2480,1619 1932,3323
1,878682 B 2219,915 6341,971 1784,9701 2143,7869 3723,9038 3035,9006 S 3250,8142 7219,1245 2795,4814 9016,58 2480,1619 1932,3323
1,8780001 B 2219,915 6341,971 1784,9701 2143,7869 3723,9038 3035,9006 S 3250,8142 7219,1245 2795,4814 9016,58 2480,1619 1932,3323
1,8780001 B 2219,915 6341,971 1784,9701 2143,7869 3723,9038 3035,9006 S 3250,8142 7219,1245 2795,4814 9016,58 2480,1619 1932,3323
1,8777888 B 2219,915 6341,971 1784,9701 2143,7869 3723,9038 3035,9006 S 3250,8142 7219,1245 2795,4814 9016,58 2480,1619 1932,3323
1,8756217 B 2219,915 6341,971 1784,9701 2143,7869 3723,9038 3035,9006 S 3250,8142 7219,1245 2795,4814 9016,58 2480,1619 1932,3323
1,875967 B 2219,915 6341,971 1784,9701 2143,7869 3723,9038 3035,9006 S 3250,8142 7219,1245 2795,4814 9016,58 2480,1619 1932,3323
1,8760005 B 2219,915 6341,971 1784,9701 2143,7869 3723,9038 3035,9006 S 3250,8142 7219,1245 2795,4814 9016,58 2480,1619 1932,3323
1,8761991 B 2219,915 6341,971 1784,9701 2143,7869 3723,9038 3035,9006 S 3250,8142 7219,1245 2795,4814 9016,58 2480,1619 1932,3323
1,8780004 B 2219,915 6341,971 1784,9701 2143,7869 3723,9038 3035,9006 S 3250,8142 7219,1245 2795,4814 9016,58 2480,1619 1932,3323
1,8779999 B 2219,915 6341,971 1784,9701 2143,7869 3723,9038 3035,9006 S 3250,8142 7219,1245 2795,4814 9016,58 2480,1619 1932,3323
1,8779998 B 2219,915 6341,971 1784,9701 2143,7869 3723,9038 3035,9006 S 3250,8142 7219,1245 2795,4814 9016,58 2480,1619 1932,3323
1,878 B 2219,915 6341,971 1784,9701 2143,7869 3723,9038 3035,9006 S 3250,8142 7219,1245 2795,4814 9016,58 2480,1619 1932,3323
1,8780001 B 2219,915 6341,971 1784,9701 2143,7869 3723,9038 3035,9006 S 3250,8142 7219,1245 2795,4814 9016,58 2480,1619 1932,3323
1,878 B 2219,915 6341,971 1784,9701 2143,7869 3723,9038 3035,9006 S 3250,8142 7219,1245 2795,4814 9016,58 2480,1619 1932,3323
1,8780004 B 2219,915 6341,971 1784,9701 2143,7869 3723,9038 3035,9006 S 3250,8142 7219,1245 2795,4814 9016,58 2480,1619 1932,3323
1,8779999 B 2219,915 6341,971 1784,9701 2143,7869 3723,9038 3035,9006 S 3250,8142 7219,1245 2795,4814 9016,58 2480,1619 1932,3323
1,8780005 B 2219,915 6341,971 1784,9701 2143,7869 3723,9038 3035,9006 S 3250,8142 7219,1245 2795,4814 9016,58 2480,1619 1932,3323
1,8780001 B 2219,915 6341,971 1784,9701 2143,7869 3723,9038 3035,9006 S 3250,8142 7219,1245 2795,4814 9016,58 2480,1619 1932,3323
1,878 B 2219,915 6341,971 1784,9701 2143,7869 3723,9038 3035,9006 S 3250,8142 7219,1245 2795,4814 9016,58 2480,1619 1932,3323
1,8779997 B 2219,915 6341,971 1784,9701 2143,7869 3723,9038 3035,9006 S 3250,8142 7219,1245 2795,4814 9016,58 2480,1619 1932,3323
1,878848 B 2219,915 6341,971 1784,9701 2143,7869 3723,9038 3035,9006 S 3250,8142 7219,1245 2795,4814 9016,58 2480,1619 1932,3323
1,879 B 2219,915 6341,971 1784,9701 2143,7869 3723,9038 3035,9006 S 3250,8142 7219,1245 2795,4814 9016,58 2480,1619 1932,3323
1,8785892 B 2219,915 6341,971 1784,9701 2143,7869 3723,9038 3035,9006 S 3250,8142 7219,1245 2795,4814 9016,58 2480,1619 1932,3323
1,8779999 B 2219,915 6341,971 1784,9701 2143,7869 3723,9038 3035,9006 S 3250,8142 7219,1245 2795,4814 9016,58 2480,1619 1932,3323
1,8780005 B 2219,915 6341,971 1784,9701 2143,7869 3723,9038 3035,9006 S 3250,8142 7219,1245 2795,4814 9016,58 2480,1619 1932,3323
1,8780005 B 2219,915 6341,971 1784,9701 2143,7869 3723,9038 3035,9006 S 3250,8142 7219,1245 2795,4814 9016,58 2480,1619 1932,3323
1,8774084 B 2219,915 6341,971 1784,9701 2143,7869 3723,9038 3035,9006 S 3250,8142 7219,1245 2795,4814 9016,58 2480,1619 1932,3323
1,877 B 2219,915 6341,971 1784,9701 2143,7869 3723,9038 3035,9006 S 3250,8142 7219,1245 2795,4814 9016,58 2480,1619 1932,3323
1,8770002 B 2219,915 6341,971 1784,9701 2143,7869 3723,9038 3035,9006 S 3250,8142 7219,1245 2795,4814 9016,58 2480,1619 1932,3323
1,877 B 2219,915 6341,971 1784,9701 2143,7869 3723,9038 3035,9006 S 3250,8142 7219,1245 2795,4814 9016,58 2480,1619 1932,3323
1,877151 B 2219,915 6341,971 1784,9701 2143,7869 3723,9038 3035,9006 S 3250,8142 7219,1245 2795,4814 9016,58 2480,1619 1932,3323
1,8780005 B 2219,915 6341,971 1784,9701 2143,7869 3723,9038 3035,9006 S 3250,8142 7219,1245 2795,4814 9016,58 2480,1619 1932,3323
1,8780001 B 2219,915 6341,971 1784,9701 2143,7869 3723,9038 3035,9006 S 3250,8142 7219,1245 2795,4814 9016,58 2480,1619 1932,3323
1,8779999 B 2219,915 6341,971 1784,9701 2143,7869 3723,9038 3035,9006 S 3250,8142 7219,1245 2795,4814 9016,58 2480,1619 1932,3323
1,8780005 B 2219,915 6341,971 1784,9701 2143,7869 3723,9038 3035,9006 S 3250,8142 7219,1245 2795,4814 9016,58 2480,1619 1932,3323
1,8780003 B 2219,915 6341,971 1784,9701 2143,7869 3723,9038 3035,9006 S 3250,8142 7219,1245 2795,4814 9016,58 2480,1619 1932,3323
1,8777534 B 2219,915 6341,971 1784,9701 2143,7869 3723,9038 3035,9006 S 3250,8142 7219,1245 2795,4814 9016,58 2480,1619 1932,3323
1,8769997 B 2219,915 6341,971 1784,9701 2143,7869 3723,9038 3035,9006 S 3250,8142 7219,1245 2795,4814 9016,58 2480,1619 1932,3323
1,8769994 B 2219,915 6341,971 1784,9701 2143,7869 3723,9038 3035,9006 S 3250,8142 7219,1245 2795,4814 9016,58 2480,1619 1932,3323
1,8770005 B 2219,915 6341,971 1784,9701 2143,7869 3723,9038 3035,9006 S 3250,8142 7219,1245 2795,4814 9016,58 2480,1619 1932,3323
1,8770002 B 2219,915 6341,971 1784,9701 2143,7869 3723,9038 3035,9006 S 3250,8142 7219,1245 2795,4814 9016,58 2480,1619 1932,3323
1,8770001 B 2219,915 6341,971 1784,9701 2143,7869 3723,9038 3035,9006 S 3250,8142 7219,1245 2795,4814 9016,58 2480,1619 1932,3323
1,877 B 2219,915 6341,971 1784,9701 2143,7869 3723,9038 3035,9006 S 3250,8142 7219,1245 2795,4814 9016,58 2480,1619 1932,3323
1,877565 B 2219,915 6341,971 1784,9701 2143,7869 3723,9038 3035,9006 S 3250,8142 7219,1245 2795,4814 9016,58 2480,1619 1932,3323
1,8779998 B 2219,915 6341,971 1784,9701 2143,7869 3723,9038 3035,9006 S 3250,8142 7219,1245 2795,4814 9016,58 2480,1619 1932,3323
1,8780001 B 2219,915 6341,971 1784,9701 2143,7869 3723,9038 3035,9006 S 3250,8142 7219,1245 2795,4814 9016,58 2480,1619 1932,3323
1,8780004 B 2219,915 6341,971 1784,9701 2143,7869 3723,9038 3035,9006 S 3250,8142 7219,1245 2795,4814 9016,58 2480,1619 1932,3323
1,8780001 B 2219,915 6341,971 1784,9701 2143,7869 3723,9038 3035,9006 S 3250,8142 7219,1245 2795,4814 9016,58 2480,1619 1932,3323
1,8788427 B 2219,915 6341,971 1784,9701 2143,7869 3723,9038 3035,9006 S 3250,8142 7219,1245 2795,4814 9016,58 2480,1619 1932,3323
1,8790004 B 2219,915 6341,971 1784,9701 2143,7869 3723,9038 3035,9006 S 3250,8142 7219,1245 2795,4814 9016,58 2480,1619 1932,3323
1,8789995 B 2219,915 6341,971 1784,9701 2143,7869 3723,9038 3035,9006 S 3250,8142 7219,1245 2795,4814 9016,58 2480,1619 1932,3323
1,8792853 B 2219,915 6341,971 1784,9701 2143,7869 3723,9038 3035,9006 S 3250,8142 7219,1245 2795,4814 9016,58 2480,1619 1932,3323
1,8799999 B 2219,915 6341,971 1784,9701 2143,7869 3723,9038 3035,9006 S 3250,8142 7219,1245 2795,4814 9016,58 2480,1619 1932,3323
1,8799999 B 2219,915 6341,971 1784,9701 2143,7869 3723,9038 3035,9006 S 3250,8142 7219,1245 2795,4814 9016,58 2480,1619 1932,3323
1,88 B 2219,915 6341,971 1784,9701 2143,7869 3723,9038 3035,9006 S 3250,8142 7219,1245 2795,4814 9016,58 2480,1619 1932,3323
1,8800007 B 2219,915 6341,971 1784,9701 2143,7869 3723,9038 3035,9006 S 3250,8142 7219,1245 2795,4814 9016,58 2480,1619 1932,3323
1,8810809 B 2219,915 6341,971 1784,9701 2143,7869 3723,9038 3035,9006 S 3250,8142 7219,1245 2795,4814 9016,58 2480,1619 1932,3323
1,8819996 B 2219,915 6341,971 1784,9701 2143,7869 3723,9038 3035,9006 S 3250,8142 7219,1245 2795,4814 9016,58 2480,1619 1932,3323
1,882 B 2219,915 6341,971 1784,9701 2143,7869 3723,9038 3035,9006 S 3250,8142 7219,1245 2795,4814 9016,58 2480,1619 1932,3323
1,882 B 2219,915 6341,971 1784,9701 2143,7869 3723,9038 3035,9006 S 3250,8142 7219,1245 2795,4814 9016,58 2480,1619 1932,3323
1,883836 B 2219,915 6341,971 1784,9701 2143,7869 3723,9038 3035,9006 S 3250,8142 7219,1245 2795,4814 9016,58 2480,1619 1932,3323
1,8840001 B 2219,915 6341,971 1784,9701 2143,7869 3723,9038 3035,9006 S 3250,8142 7219,1245 2795,4814 9016,58 2480,1619 1932,3323
1,8839995 B 2219,915 6341,971 1784,9701 2143,7869 3723,9038 3035,9006 S 3250,8142 7219,1245 2795,4814 9016,58 2480,1619 1932,3323
1,884 B 2219,915 6341,971 1784,9701 2143,7869 3723,9038 3035,9006 S 3250,8142 7219,1245 2795,4814 9016,58 2480,1619 1932,3323
1,8839997 B 2219,915 6341,971 1784,9701 2143,7869 3723,9038 3035,9006 S 3250,8142 7219,1245 2795,4814 9016,58 2480,1619 1932,3323
1,8840002 B 2219,915 6341,971 1784,9701 2143,7869 3723,9038 3035,9006 S 3250,8142 7219,1245 2795,4814 9016,58 2480,1619 1932,3323
1,884 B 2219,915 6341,971 1784,9701 2143,7869 3723,9038 3035,9006 S 3250,8142 7219,1245 2795,4814 9016,58 2480,1619 1932,3323
1,8835171 B 2219,915 6341,971 1784,9701 2143,7869 3723,9038 3035,9006 S 3250,8142 7219,1245 2795,4814 9016,58 2480,1619 1932,3323
1,8820004 B 2219,915 6341,971 1784,9701 2143,7869 3723,9038 3035,9006 S 3250,8142 7219,1245 2795,4814 9016,58 2480,1619 1932,3323
1,8819999 B 2219,915 6341,971 1784,9701 2143,7869 3723,9038 3035,9006 S 3250,8142 7219,1245 2795,4814 9016,58 2480,1619 1932,3323
1,882 B 2219,915 6341,971 1784,9701 2143,7869 3723,9038 3035,9006 S 3250,8142 7219,1245 2795,4814 9016,58 2480,1619 1932,3323
1,8820008 B 2219,915 6341,971 1784,9701 2143,7869 3723,9038 3035,9006 S 3250,8142 7219,1245 2795,4814 9016,58 2480,1619 1932,3323
1,882 B 2219,915 6341,971 1784,9701 2143,7869 3723,9038 3035,9006 S 3250,8142 7219,1245 2795,4814 9016,58 2480,1619 1932,3323
1,8820001 B 2219,915 6341,971 1784,9701 2143,7869 3723,9038 3035,9006 S 3250,8142 7219,1245 2795,4814 9016,58 2480,1619 1932,3323
1,8819999 B 2219,915 6341,971 1784,9701 2143,7869 3723,9038 3035,9006 S 3250,8142 7219,1245 2795,4814 9016,58 2480,1619 1932,3323
1,8819999 B 2219,915 6341,971 1784,9701 2143,7869 3723,9038 3035,9006 S 3250,8142 7219,1245 2795,4814 9016,58 2480,1619 1932,3323
1,8820003 B 2219,915 6341,971 1784,9701 2143,7869 3723,9038 3035,9006 S 3250,8142 7219,1245 2795,4814 9016,58 2480,1619 1932,3323
1,8820002 B 2219,915 6341,971 1784,9701 2143,7869 3723,9038 3035,9006 S 3250,8142 7219,1245 2795,4814 9016,58 2480,1619 1932,3323
1,8820002 B 2219,915 6341,971 1784,9701 2143,7869 3723,9038 3035,9006 S 3250,8142 7219,1245 2795,4814 9016,58 2480,1619 1932,3323
1,8820003 B 2219,915 6341,971 1784,9701 2143,7869 3723,9038 3035,9006 S 3250,8142 7219,1245 2795,4814 9016,58 2480,1619 1932,3323
1,8815911 B 2219,915 6341,971 1784,9701 2143,7869 3723,9038 3035,9006 S 3250,8142 7219,1245 2795,4814 9016,58 2480,1619 1932,3323
1,8808659 B 2219,915 6341,971 1784,9701 2143,7869 3723,9038 3035,9006 S 3250,8142 7219,1245 2795,4814 9016,58 2480,1619 1932,3323
1,8799998 B 2219,915 6341,971 1784,9701 2143,7869 3723,9038 3035,9006 S 3250,8142 7219,1245 2795,4814 9016,58 2480,1619 1932,3323
1,8798648 B 2219,915 6341,971 1784,9701 2143,7869 3723,9038 3035,9006 S 3250,8142 7219,1245 2795,4814 9016,58 2480,1619 1932,3323
1,8779998 B 2219,915 6341,971 1784,9701 2143,7869 3723,9038 3035,9006 S 3250,8142 7219,1245 2795,4814 9016,58 2480,1619 1932,3323
1,8779999 B 2219,915 6341,971 1784,9701 2143,7869 3723,9038 3035,9006 S 3250,8142 7219,1245 2795,4814 9016,58 2480,1619 1932,3323
1,8761259 B 2219,915 6341,971 1784,9701 2143,7869 3723,9038 3035,9006 S 3250,8142 7219,1245 2795,4814 9016,58 2480,1619 1932,3323
1,8759999 B 2219,915 6341,971 1784,9701 2143,7869 3723,9038 3035,9006 S 3250,8142 7219,1245 2795,4814 9016,58 2480,1619 1932,3323
1,8760008 B 2219,915 6341,971 1784,9701 2143,7869 3723,9038 3035,9006 S 3250,8142 7219,1245 2795,4814 9016,58 2480,1619 1932,3323
1,8759993 B 2219,915 6341,971 1784,9701 2143,7869 3723,9038 3035,9006 S 3250,8142 7219,1245 2795,4814 9016,58 2480,1619 1932,3323
1,8760003 B 2219,915 6341,971 1784,9701 2143,7869 3723,9038 3035,9006 S 3250,8142 7219,1245 2795,4814 9016,58 2480,1619 1932,3323
1,8759998 B 2219,915 6341,971 1784,9701 2143,7869 3723,9038 3035,9006 S 3250,8142 7219,1245 2795,4814 9016,58 2480,1619 1932,3323
1,876 B 2219,915 6341,971 1784,9701 2143,7869 3723,9038 3035,9006 S 3250,8142 7219,1245 2795,4814 9016,58 2480,1619 1932,3323
1,876 B 2219,915 6341,971 1784,9701 2143,7869 3723,9038 3035,9006 S 3250,8142 7219,1245 2795,4814 9016,58 2480,1619 1932,3323
1,8760002 B 2219,915 6341,971 1784,9701 2143,7869 3723,9038 3035,9006 S 3250,8142 7219,1245 2795,4814 9016,58 2480,1619 1932,3323
1,8759998 B 2219,915 6341,971 1784,9701 2143,7869 3723,9038 3035,9006 S 3250,8142 7219,1245 2795,4814 9016,58 2480,1619 1932,3323
1,8759996 B 2219,915 6341,971 1784,9701 2143,7869 3723,9038 3035,9006 S 3250,8142 7219,1245 2795,4814 9016,58 2480,1619 1932,3323
1,8760009 B 2219,915 6341,971 1784,9701 2143,7869 3723,9038 3035,9006 S 3250,8142 7219,1245 2795,4814 9016,58 2480,1619 1932,3323
1,8760003 B 2219,915 6341,971 1784,9701 2143,7869 3723,9038 3035,9006 S 3250,8142 7219,1245 2795,4814 9016,58 2480,1619 1932,3323
1,8759999 B 2219,915 6341,971 1784,9701 2143,7869 3723,9038 3035,9006 S 3250,8142 7219,1245 2795,4814 9016,58 2480,1619 1932,3323
1,8759999 B 2219,915 6341,971 1784,9701 2143,7869 3723,9038 3035,9006 S 3250,8142 7219,1245 2795,4814 9016,58 2480,1619 1932,3323
1,8759998 B 2219,915 6341,971 1784,9701 2143,7869 3723,9038 3035,9006 S 3250,8142 7219,1245 2795,4814 9016,58 2480,1619 1932,3323
1,8759998 B 2219,915 6341,971 1784,9701 2143,7869 3723,9038 3035,9006 S 3250,8142 7219,1245 2795,4814 9016,58 2480,1619 1932,3323
1,8759996 B 2219,915 6341,971 1784,9701 2143,7869 3723,9038 3035,9006 S 3250,8142 7219,1245 2795,4814 9016,58 2480,1619 1932,3323
1,8759997 B 2219,915 6341,971 1784,9701 2143,7869 3723,9038 3035,9006 S 3250,8142 7219,1245 2795,4814 9016,58 2480,1619 1932,3323
1,8760002 B 2219,915 6341,971 1784,9701 2143,7869 3723,9038 3035,9006 S 3250,8142 7219,1245 2795,4814 9016,58 2480,1619 1932,3323
1,8764756 B 2219,915 6341,971 1784,9701 2143,7869 3723,9038 3035,9006 S 3250,8142 7219,1245 2795,4814 9016,58 2480,1619 1932,3323
1,8786643 B 2219,915 6341,971 1784,9701 2143,7869 3723,9038 3035,9006 S 3250,8142 7219,1245 2795,4814 9016,58 2480,1619 1932,3323
1,8790001 B 2219,915 6341,971 1784,9701 2143,7869 3723,9038 3035,9006 S 3250,8142 7219,1245 2795,4814 9016,58 2480,1619 1932,3323
1,8790003 B 2219,915 6341,971 1784,9701 2143,7869 3723,9038 3035,9006 S 3250,8142 7219,1245 2795,4814 9016,58 2480,1619 1932,3323
1,8790003 B 2219,915 6341,971 1784,9701 2143,7869 3723,9038 3035,9006 S 3250,8142 7219,1245 2795,4814 9016,58 2480,1619 1932,3323
1,8790003 B 2219,915 6341,971 1784,9701 2143,7869 3723,9038 3035,9006 S 3250,8142 7219,1245 2795,4814 9016,58 2480,1619 1932,3323
1,8790002 B 2219,915 6341,971 1784,9701 2143,7869 3723,9038 3035,9006 S 3250,8142 7219,1245 2795,4814 9016,58 2480,1619 1932,3323
1,8790003 B 2219,915 6341,971 1784,9701 2143,7869 3723,9038 3035,9006 S 3250,8142 7219,1245 2795,4814 9016,58 2480,1619 1932,3323
1,8789997 B 2219,915 6341,971 1784,9701 2143,7869 3723,9038 3035,9006 S 3250,8142 7219,1245 2795,4814 9016,58 2480,1619 1932,3323
1,879 B 2219,915 6341,971 1784,9701 2143,7869 3723,9038 3035,9006 S 3250,8142 7219,1245 2795,4814 9016,58 2480,1619 1932,3323
1,8791221 B 2219,915 6341,971 1784,9701 2143,7869 3723,9038 3035,9006 S 3250,8142 7219,1245 2795,4814 9016,58 2480,1619 1932,3323
1,8800004 B 2219,915 6341,971 1784,9701 2143,7869 3723,9038 3035,9006 S 3250,8142 7219,1245 2795,4814 9016,58 2480,1619 1932,3323
1,8799994 B 2219,915 6341,971 1784,9701 2143,7869 3723,9038 3035,9006 S 3250,8142 7219,1245 2795,4814 9016,58 2480,1619 1932,3323
1,8800002 B 2219,915 6341,971 1784,9701 2143,7869 3723,9038 3035,9006 S 3250,8142 7219,1245 2795,4814 9016,58 2480,1619 1932,3323
1,8804923 B 2219,915 6341,971 1784,9701 2143,7869 3723,9038 3035,9006 S 3250,8142 7219,1245 2795,4814 9016,58 2480,1619 1932,3323
1,8810002 B 2219,915 6341,971 1784,9701 2143,7869 3723,9038 3035,9006 S 3250,8142 7219,1245 2795,4814 9016,58 2480,1619 1932,3323
1,8810006 B 2219,915 6341,971 1784,9701 2143,7869 3723,9038 3035,9006 S 3250,8142 7219,1245 2795,4814 9016,58 2480,1619 1932,3323
1,8810002 B 2219,915 6341,971 1784,9701 2143,7869 3723,9038 3035,9006 S 3250,8142 7219,1245 2795,4814 9016,58 2480,1619 1932,3323
1,8810002 B 2219,915 6341,971 1784,9701 2143,7869 3723,9038 3035,9006 S 3250,8142 7219,1245 2795,4814 9016,58 2480,1619 1932,3323
1,8809999 B 2219,915 6341,971 1784,9701 2143,7869 3723,9038 3035,9006 S 3250,8142 7219,1245 2795,4814 9016,58 2480,1619 1932,3323
1,8810003 B 2219,915 6341,971 1784,9701 2143,7869 3723,9038 3035,9006 S 3250,8142 7219,1245 2795,4814 9016,58 2480,1619 1932,3323
1,8810003 B 2219,915 6341,971 1784,9701 2143,7869 3723,9038 3035,9006 S 3250,8142 7219,1245 2795,4814 9016,58 2480,1619 1932,3323
1,8810002 B 2219,915 6341,971 1784,9701 2143,7869 3723,9038 3035,9006 S 3250,8142 7219,1245 2795,4814 9016,58 2480,1619 1932,3323
1,8810004 B 2219,915 6341,971 1784,9701 2143,7869 3723,9038 3035,9006 S 3250,8142 7219,1245 2795,4814 9016,58 2480,1619 1932,3323
1,8809991 B 2219,915 6341,971 1784,9701 2143,7869 3723,9038 3035,9006 S 3250,8142 7219,1245 2795,4814 9016,58 2480,1619 1932,3323
1,8810002 B 2219,915 6341,971 1784,9701 2143,7869 3723,9038 3035,9006 S 3250,8142 7219,1245 2795,4814 9016,58 2480,1619 1932,3323
1,8810005 B 2219,915 6341,971 1784,9701 2143,7869 3723,9038 3035,9006 S 3250,8142 7219,1245 2795,4814 9016,58 2480,1619 1932,3323
1,8810002 B 2219,915 6341,971 1784,9701 2143,7869 3723,9038 3035,9006 S 3250,8142 7219,1245 2795,4814 9016,58 2480,1619 1932,3323
1,8809999 B 2219,915 6341,971 1784,9701 2143,7869 3723,9038 3035,9006 S 3250,8142 7219,1245 2795,4814 9016,58 2480,1619 1932,3323
1,8815428 B 2219,915 6341,971 1784,9701 2143,7869 3723,9038 3035,9006 S 3250,8142 7219,1245 2795,4814 9016,58 2480,1619 1932,3323
1,8819997 B 2219,915 6341,971 1784,9701 2143,7869 3723,9038 3035,9006 S 3250,8142 7219,1245 2795,4814 9016,58 2480,1619 1932,3323
1,882 B 2219,915 6341,971 1784,9701 2143,7869 3723,9038 3035,9006 S 3250,8142 7219,1245 2795,4814 9016,58 2480,1619 1932,3323
1,8819997 B 2219,915 6341,971 1784,9701 2143,7869 3723,9038 3035,9006 S 3250,8142 7219,1245 2795,4814 9016,58 2480,1619 1932,3323
1,8820004 B 2219,915 6341,971 1784,9701 2143,7869 3723,9038 3035,9006 S 3250,8142 7219,1245 2795,4814 9016,58 2480,1619 1932,3323
1,882 B 2219,915 6341,971 1784,9701 2143,7869 3723,9038 3035,9006 S 3250,8142 7219,1245 2795,4814 9016,58 2480,1619 1932,3323
1,882 B 2219,915 6341,971 1784,9701 2143,7869 3723,9038 3035,9006 S 3250,8142 7219,1245 2795,4814 9016,58 2480,1619 1932,3323
1,8820001 B 2219,915 6341,971 1784,9701 2143,7869 3723,9038 3035,9006 S 3250,8142 7219,1245 2795,4814 9016,58 2480,1619 1932,3323
1,882 B 2219,915 6341,971 1784,9701 2143,7869 3723,9038 3035,9006 S 3250,8142 7219,1245 2795,4814 9016,58 2480,1619 1932,3323
1,8820002 B 2219,915 6341,971 1784,9701 2143,7869 3723,9038 3035,9006 S 3250,8142 7219,1245 2795,4814 9016,58 2480,1619 1932,3323
1,882 B 2219,915 6341,971 1784,9701 2143,7869 3723,9038 3035,9006 S 3250,8142 7219,1245 2795,4814 9016,58 2480,1619 1932,3323
1,88133 B 2219,915 6341,971 1784,9701 2143,7869 3723,9038 3035,9006 S 3250,8142 7219,1245 2795,4814 9016,58 2480,1619 1932,3323
1,8810002 B 2219,915 6341,971 1784,9701 2143,7869 3723,9038 3035,9006 S 3250,8142 7219,1245 2795,4814 9016,58 2480,1619 1932,3323
1,8810002 B 2219,915 6341,971 1784,9701 2143,7869 3723,9038 3035,9006 S 3250,8142 7219,1245 2795,4814 9016,58 2480,1619 1932,3323
1,8810003 B 2219,915 6341,971 1784,9701 2143,7869 3723,9038 3035,9006 S 3250,8142 7219,1245 2795,4814 9016,58 2480,1619 1932,3323
1,8810002 B 2219,915 6341,971 1784,9701 2143,7869 3723,9038 3035,9006 S 3250,8142 7219,1245 2795,4814 9016,58 2480,1619 1932,3323
1,8800434 B 2219,915 6341,971 1784,9701 2143,7869 3723,9038 3035,9006 S 3250,8142 7219,1245 2795,4814 9016,58 2480,1619 1932,3323
1,8800004 B 2219,915 6341,971 1784,9701 2143,7869 3723,9038 3035,9006 S 3250,8142 7219,1245 2795,4814 9016,58 2480,1619 1932,3323
1,8800004 B 2219,915 6341,971 1784,9701 2143,7869 3723,9038 3035,9006 S 3250,8142 7219,1245 2795,4814 9016,58 2480,1619 1932,3323
1,8787746 B 2219,915 6341,971 1784,9701 2143,7869 3723,9038 3035,9006 S 3250,8142 7219,1245 2795,4814 9016,58 2480,1619 1932,3323
1,8791606 B 2219,915 6341,971 1784,9701 2143,7869 3723,9038 3035,9006 S 3250,8142 7219,1245 2795,4814 9016,58 2480,1619 1932,3323
1,88 B 2219,915 6341,971 1784,9701 2143,7869 3723,9038 3035,9006 S 3250,8142 7219,1245 2795,4814 9016,58 2480,1619 1932,3323
1,8808192 B 2219,915 6341,971 1784,9701 2143,7869 3723,9038 3035,9006 S 3250,8142 7219,1245 2795,4814 9016,58 2480,1619 1932,3323
1,8810002 B 2219,915 6341,971 1784,9701 2143,7869 3723,9038 3035,9006 S 3250,8142 7219,1245 2795,4814 9016,58 2480,1619 1932,3323
1,8809999 B 2219,915 6341,971 1784,9701 2143,7869 3723,9038 3035,9006 S 3250,8142 7219,1245 2795,4814 9016,58 2480,1619 1932,3323
1,8809998 B 2219,915 6341,971 1784,9701 2143,7869 3723,9038 3035,9006 S 3250,8142 7219,1245 2795,4814 9016,58 2480,1619 1932,3323
1,8810002 B 2219,915 6341,971 1784,9701 2143,7869 3723,9038 3035,9006 S 3250,8142 7219,1245 2795,4814 9016,58 2480,1619 1932,3323
1,8809997 B 2219,915 6341,971 1784,9701 2143,7869 3723,9038 3035,9006 S 3250,8142 7219,1245 2795,4814 9016,58 2480,1619 1932,3323
1,881 B 2219,915 6341,971 1784,9701 2143,7869 3723,9038 3035,9006 S 3250,8142 7219,1245 2795,4814 9016,58 2480,1619 1932,3323
1,8810002 B 2219,915 6341,971 1784,9701 2143,7869 3723,9038 3035,9006 S 3250,8142 7219,1245 2795,4814 9016,58 2480,1619 1932,3323
1,880489 B 2219,915 6341,971 1784,9701 2143,7869 3723,9038 3035,9006 S 3250,8142 7219,1245 2795,4814 9016,58 2480,1619 1932,3323
1,8784512 B 2219,915 6341,971 1784,9701 2143,7869 3723,9038 3035,9006 S 3250,8142 7219,1245 2795,4814 9016,58 2480,1619 1932,3323
1,8770003 B 2219,915 6341,971 1784,9701 2143,7869 3723,9038 3035,9006 S 3250,8142 7219,1245 2795,4814 9016,58 2480,1619 1932,3323
1,8770002 B 2219,915 6341,971 1784,9701 2143,7869 3723,9038 3035,9006 S 3250,8142 7219,1245 2795,4814 9016,58 2480,1619 1932,3323
1,8769996 B 2219,915 6341,971 1784,9701 2143,7869 3723,9038 3035,9006 S 3250,8142 7219,1245 2795,4814 9016,58 2480,1619 1932,3323
1,8770003 B 2219,915 6341,971 1784,9701 2143,7869 3723,9038 3035,9006 S 3250,8142 7219,1245 2795,4814 9016,58 2480,1619 1932,3323
1,8771902 B 2219,915 6341,971 1784,9701 2143,7869 3723,9038 3035,9006 S 3250,8142 7219,1245 2795,4814 9016,58 2480,1619 1932,3323
1,8760003 B 2219,915 6341,971 1784,9701 2143,7869 3723,9038 3035,9006 S 3250,8142 7219,1245 2795,4814 9016,58 2480,1619 1932,3323
1,8759997 B 2219,915 6341,971 1784,9701 2143,7869 3723,9038 3035,9006 S 3250,8142 7219,1245 2795,4814 9016,58 2480,1619 1932,3323
1,876 B 2219,915 6341,971 1784,9701 2143,7869 3723,9038 3035,9006 S 3250,8142 7219,1245 2795,4814 9016,58 2480,1619 1932,3323
1,8759997 B 2219,915 6341,971 1784,9701 2143,7869 3723,9038 3035,9006 S 3250,8142 7219,1245 2795,4814 9016,58 2480,1619 1932,3323
1,8760006 B 2219,915 6341,971 1784,9701 2143,7869 3723,9038 3035,9006 S 3250,8142 7219,1245 2795,4814 9016,58 2480,1619 1932,3323
1,876336 B 2219,915 6341,971 1784,9701 2143,7869 3723,9038 3035,9006 S 3250,8142 7219,1245 2795,4814 9016,58 2480,1619 1932,3323
1,8770002 B 2219,915 6341,971 1784,9701 2143,7869 3723,9038 3035,9006 S 3250,8142 7219,1245 2795,4814 9016,58 2480,1619 1932,3323
1,8769997 B 2219,915 6341,971 1784,9701 2143,7869 3723,9038 3035,9006 S 3250,8142 7219,1245 2795,4814 9016,58 2480,1619 1932,3323
1,8769997 B 2219,915 6341,971 1784,9701 2143,7869 3723,9038 3035,9006 S 3250,8142 7219,1245 2795,4814 9016,58 2480,1619 1932,3323
1,8777882 B 2219,915 6341,971 1784,9701 2143,7869 3723,9038 3035,9006 S 3250,8142 7219,1245 2795,4814 9016,58 2480,1619 1932,3323
1,8770001 B 2219,915 6341,971 1784,9701 2143,7869 3723,9038 3035,9006 S 3250,8142 7219,1245 2795,4814 9016,58 2480,1619 1932,3323
1,8770005 B 2219,915 6341,971 1784,9701 2143,7869 3723,9038 3035,9006 S 3250,8142 7219,1245 2795,4814 9016,58 2480,1619 1932,3323
1,8770003 B 2219,915 6341,971 1784,9701 2143,7869 3723,9038 3035,9006 S 3250,8142 7219,1245 2795,4814 9016,58 2480,1619 1932,3323
1,8769996 B 2219,915 6341,971 1784,9701 2143,7869 3723,9038 3035,9006 S 3250,8142 7219,1245 2795,4814 9016,58 2480,1619 1932,3323
1,875843 B 2219,915 6341,971 1784,9701 2143,7869 3723,9038 3035,9006 S 3250,8142 7219,1245 2795,4814 9016,58 2480,1619 1932,3323
1,8749999 B 2219,915 6341,971 1784,9701 2143,7869 3723,9038 3035,9006 S 3250,8142 7219,1245 2795,4814 9016,58 2480,1619 1932,3323
1,8749996 B 2219,915 6341,971 1784,9701 2143,7869 3723,9038 3035,9006 S 3250,8142 7219,1245 2795,4814 9016,58 2480,1619 1932,3323
1,8740374 B 2219,915 6341,971 1784,9701 2143,7869 3723,9038 3035,9006 S 3250,8142 7219,1245 2795,4814 9016,58 2480,1619 1932,3323
1,8720653 B 2219,915 6341,971 1784,9701 2143,7869 3723,9038 3035,9006 S 3250,8142 7219,1245 2795,4814 9016,58 2480,1619 1932,3323
1,873 B 2219,915 6341,971 1784,9701 2143,7869 3723,9038 3035,9006 S 3250,8142 7219,1245 2795,4814 9016,58 2480,1619 1932,3323
1,8729998 B 2219,915 6341,971 1784,9701 2143,7869 3723,9038 3035,9006 S 3250,8142 7219,1245 2795,4814 9016,58 2480,1619 1932,3323
1,8730003 B 2219,915 6341,971 1784,9701 2143,7869 3723,9038 3035,9006 S 3250,8142 7219,1245 2795,4814 9016,58 2480,1619 1932,3323
1,8738393 B 2219,915 6341,971 1784,9701 2143,7869 3723,9038 3035,9006 S 3250,8142 7219,1245 2795,4814 9016,58 2480,1619 1932,3323
1,875 B 2219,915 6341,971 1784,9701 2143,7869 3723,9038 3035,9006 S 3250,8142 7219,1245 2795,4814 9016,58 2480,1619 1932,3323
1,8739483 B 2219,915 6341,971 1784,9701 2143,7869 3723,9038 3035,9006 S 3250,8142 7219,1245 2795,4814 9016,58 2480,1619 1932,3323
1,872 B 2219,915 6341,971 1784,9701 2143,7869 3723,9038 3035,9006 S 3250,8142 7219,1245 2795,4814 9016,58 2480,1619 1932,3323
1,872 B 2219,915 6341,971 1784,9701 2143,7869 3723,9038 3035,9006 S 3250,8142 7219,1245 2795,4814 9016,58 2480,1619 1932,3323
1,8667961 B 2219,915 6341,971 1784,9701 2143,7869 3723,9038 3035,9006 S 3250,8142 7219,1245 2795,4814 9016,58 2480,1619 1932,3323
1,865377 B 2219,915 6341,971 1784,9701 2143,7869 3723,9038 3035,9006 S 3250,8142 7219,1245 2795,4814 9016,58 2480,1619 1932,3323
1,8669994 B 2219,915 6341,971 1784,9701 2143,7869 3723,9038 3035,9006 S 3250,8142 7219,1245 2795,4814 9016,58 2480,1619 1932,3323
1,8665744 B 2219,915 6341,971 1784,9701 2143,7869 3723,9038 3035,9006 S 3250,8142 7219,1245 2795,4814 9016,58 2480,1619 1932,3323
1,8660003 B 2219,915 6341,971 1784,9701 2143,7869 3723,9038 3035,9006 S 3250,8142 7219,1245 2795,4814 9016,58 2480,1619 1932,3323
1,8659996 B 2219,915 6341,971 1784,9701 2143,7869 3723,9038 3035,9006 S 3250,8142 7219,1245 2795,4814 9016,58 2480,1619 1932,3323
1,8656459 B 2219,915 6341,971 1784,9701 2143,7869 3723,9038 3035,9006 S 3250,8142 7219,1245 2795,4814 9016,58 2480,1619 1932,3323
1,8618376 B 2219,915 6341,971 1784,9701 2143,7869 3723,9038 3035,9006 S 3250,8142 7219,1245 2795,4814 9016,58 2480,1619 1932,3323
1,8482989 B 2219,915 6341,971 1784,9701 2143,7869 3723,9038 3035,9006 S 3250,8142 7219,1245 2795,4814 9016,58 2480,1619 1932,3323
1,8382336 B 2219,915 6341,971 1784,9701 2143,7869 3723,9038 3035,9006 S 3250,8142 7219,1245 2795,4814 9016,58 2480,1619 1932,3323
1,8393154 B 2219,915 6341,971 1784,9701 2143,7869 3723,9038 3035,9006 S 3250,8142 7219,1245 2795,4814 9016,58 2480,1619 1932,3323
1,8408602 B 2219,915 6341,971 1784,9701 2143,7869 3723,9038 3035,9006 S 3250,8142 7219,1245 2795,4814 9016,58 2480,1619 1932,3323
1,8425529 B 2219,915 6341,971 1784,9701 2143,7869 3723,9038 3035,9006 S 3250,8142 7219,1245 2795,4814 9016,58 2480,1619 1932,3323
1,84289 B 2219,915 6341,971 1784,9701 2143,7869 3723,9038 3035,9006 S 3250,8142 7219,1245 2795,4814 9016,58 2480,1619 1932,3323
1,8451817 B 2219,915 6341,971 1784,9701 2143,7869 3723,9038 3035,9006 S 3250,8142 7219,1245 2795,4814 9016,58 2480,1619 1932,3323
1,8475968 B 2219,915 6341,971 1784,9701 2143,7869 3723,9038 3035,9006 S 3250,8142 7219,1245 2795,4814 9016,58 2480,1619 1932,3323
1,8479912 B 2219,915 6341,971 1784,9701 2143,7869 3723,9038 3035,9006 S 3250,8142 7219,1245 2795,4814 9016,58 2480,1619 1932,3323
1,847 B 2219,915 6341,971 1784,9701 2143,7869 3723,9038 3035,9006 S 3250,8142 7219,1245 2795,4814 9016,58 2480,1619 1932,3323
1,8460592 B 2219,915 6341,971 1784,9701 2143,7869 3723,9038 3035,9006 S 3250,8142 7219,1245 2795,4814 9016,58 2480,1619 1932,3323
1,8452924 B 2219,915 6341,971 1784,9701 2143,7869 3723,9038 3035,9006 S 3250,8142 7219,1245 2795,4814 9016,58 2480,1619 1932,3323
1,8416158 B 2219,915 6341,971 1784,9701 2143,7869 3723,9038 3035,9006 S 3250,8142 7219,1245 2795,4814 9016,58 2480,1619 1932,3323
1,8421 B 2219,915 6341,971 1784,9701 2143,7869 3723,9038 3035,9006 S 3250,8142 7219,1245 2795,4814 9016,58 2480,1619 1932,3323
1,8438092 B 2219,915 6341,971 1784,9701 2143,7869 3723,9038 3035,9006 S 3250,8142 7219,1245 2795,4814 9016,58 2480,1619 1932,3323
1,8431722 B 2219,915 6341,971 1784,9701 2143,7869 3723,9038 3035,9006 S 3250,8142 7219,1245 2795,4814 9016,58 2480,1619 1932,3323
1,8436326 B 2219,915 6341,971 1784,9701 2143,7869 3723,9038 3035,9006 S 3250,8142 7219,1245 2795,4814 9016,58 2480,1619 1932,3323
1,8430004 B 2219,915 6341,971 1784,9701 2143,7869 3723,9038 3035,9006 S 3250,8142 7219,1245 2795,4814 9016,58 2480,1619 1932,3323
1,8432596 B 2219,915 6341,971 1784,9701 2143,7869 3723,9038 3035,9006 S 3250,8142 7219,1245 2795,4814 9016,58 2480,1619 1932,3323
1,8401203 B 2219,915 6341,971 1784,9701 2143,7869 3723,9038 3035,9006 S 3250,8142 7219,1245 2795,4814 9016,58 2480,1619 1932,3323
1,8276082 B 2219,915 6341,971 1784,9701 2143,7869 3723,9038 3035,9006 S 3250,8142 7219,1245 2795,4814 9016,58 2480,1619 1932,3323
1,8229996 B 2219,915 6341,971 1784,9701 2143,7869 3723,9038 3035,9006 S 3250,8142 7219,1245 2795,4814 9016,58 2480,1619 1932,3323
1,8187927 B 2219,915 6341,971 1784,9701 2143,7869 3723,9038 3035,9006 S 3250,8142 7219,1245 2795,4814 9016,58 2480,1619 1932,3323
