1,8943704
1,8950002 B 4891,9297 13049,2295 19996,475 6557,6406 10027,306 8939,644 S 1779,0574 10086,472 12254,478 10409,986 10681,889 6422,167
1,8942574 B 4891,9297 13049,2295 19996,475 6557,6406 10027,306 8939,644 S 1779,0574 10086,472 12254,478 10409,986 10681,889 6422,167
1,8929994 B 4891,9297 13049,2295 19996,475 6557,6406 10027,306 8939,644 S 1779,0574 10086,472 12254,478 10409,986 10681,889 6422,167
1,8930011 B 4891,9297 13049,2295 19996,475 6557,6406 10027,306 8939,644 S 1779,0574 10086,472 12254,478 10409,986 10681,889 6422,167
1,8929999 B 4891,9297 13049,2295 19996,475 6557,6406 10027,306 8939,644 S 1779,0574 10086,472 12254,478 10409,986 10681,889 6422,167
1,8929999 B 4891,9297 13049,2295 19996,475 6557,6406 10027,306 8939,644 S 1779,0574 10086,472 12254,478 10409,986 10681,889 6422,167
1,8929995 B 4891,9297 13049,2295 19996,475 6557,6406 10027,306 8939,644 S 1779,0574 10086,472 12254,478 10409,986 10681,889 6422,167
1,893 B 4891,9297 13049,2295 19996,475 6557,6406 10027,306 8939,644 S 1779,0574 10086,472 12254,478 10409,986 10681,889 6422,167
1,893 B 4891,9297 13049,2295 19996,475 6557,6406 10027,306 8939,644 S 1779,0574 10086,472 12254,478 10409,986 10681,889 6422,167
1,8929998 B 4891,9297 13049,2295 19996,475 6557,6406 10027,306 8939,644 S 1779,0574 10086,472 12254,478 10409,986 10681,889 6422,167
1,8930001 B 4891,9297 13049,2295 19996,475 6557,6406 10027,306 8939,644 S 1779,0574 10086,472 12254,478 10409,986 10681,889 6422,167
1,8930001 B 4891,9297 13049,2295 19996,475 6557,6406 10027,306 8939,644 S 1779,0574 10086,472 12254,478 10409,986 10681,889 6422,167
1,8929998 B 4891,9297 13049,2295 19996,475 6557,6406 10027,306 8939,644 S 1779,0574 10086,472 12254,478 10409,986 10681,889 6422,167
1,8929998 B 4891,9297 13049,2295 19996,475 6557,6406 10027,306 8939,644 S 1779,0574 10086,472 12254,478 10409,986 10681,889 6422,167
1,8929998 B 4891,9297 13049,2295 19996,475 6557,6406 10027,306 8939,644 S 1779,0574 10086,472 12254,478 10409,986 10681,889 6422,167
1,8930004 B 4891,9297 13049,2295 19996,475 6557,6406 10027,306 8939,644 S 1779,0574 10086,472 12254,478 10409,986 10681,889 6422,167
1,8958919 B 4891,9297 13049,2295 19996,475 6557,6406 10027,306 8939,644 S 1779,0574 10086,472 12254,478 10409,986 10681,889 6422,167
1,8953273 B 4891,9297 13049,2295 19996,475 6557,6406 10027,306 8939,644 S 1779,0574 10086,472 12254,478 10409,986 10681,889 6422,167
1,8949996 B 4891,9297 13049,2295 19996,475 6557,6406 10027,306 8939,644 S 1779,0574 10086,472 12254,478 10409,986 10681,889 6422,167
1,8950001 B 4891,9297 13049,2295 19996,475 6557,6406 10027,306 8939,644 S 1779,0574 10086,472 12254,478 10409,986 10681,889 6422,167
1,8947527 B 4891,9297 13049,2295 19996,475 6557,6406 10027,306 8939,644 S 1779,0574 10086,472 12254,478 10409,986 10681,889 6422,167
1,8939998 B 4891,9297 13049,2295 19996,475 6557,6406 10027,306 8939,644 S 1779,0574 10086,472 12254,478 10409,986 10681,889 6422,167
1,8939995 B 4891,9297 13049,2295 19996,475 6557,6406 10027,306 8939,644 S 1779,0574 10086,472 12254,478 10409,986 10681,889 6422,167
1,8939987 B 4891,9297 13049,2295 19996,475 6557,6406 10027,306 8939,644 S 1779,0574 10086,472 12254,478 10409,986 10681,889 6422,167
1,894623 B 4891,9297 13049,2295 19996,475 6557,6406 10027,306 8939,644 S 1779,0574 10086,472 12254,478 10409,986 10681,889 6422,167
1,8950002 B 4891,9297 13049,2295 19996,475 6557,6406 10027,306 8939,644 S 1779,0574 10086,472 12254,478 10409,986 10681,889 6422,167
1,895 B 4891,9297 13049,2295 19996,475 6557,6406 10027,306 8939,644 S 1779,0574 10086,472 12254,478 10409,986 10681,889 6422,167
1,8947651 B 4891,9297 13049,2295 19996,475 6557,6406 10027,306 8939,644 S 1779,0574 10086,472 12254,478 10409,986 10681,889 6422,167
1,8939997 B 4891,9297 13049,2295 19996,475 6557,6406 10027,306 8939,644 S 1779,0574 10086,472 12254,478 10409,986 10681,889 6422,167
1,8939995 B 4891,9297 13049,2295 19996,475 6557,6406 10027,306 8939,644 S 1779,0574 10086,472 12254,478 10409,986 10681,889 6422,167
1,8935649 B 4891,9297 13049,2295 19996,475 6557,6406 10027,306 8939,644 S 1779,0574 10086,472 12254,478 10409,986 10681,889 6422,167
1,893 B 4891,9297 13049,2295 19996,475 6557,6406 10027,306 8939,644 S 1779,0574 10086,472 12254,478 10409,986 10681,889 6422,167
1,8929998 B 4891,9297 13049,2295 19996,475 6557,6406 10027,306 8939,644 S 1779,0574 10086,472 12254,478 10409,986 10681,889 6422,167
1,8929996 B 4891,9297 13049,2295 19996,475 6557,6406 10027,306 8939,644 S 1779,0574 10086,472 12254,478 10409,986 10681,889 6422,167
1,8929998 B 4891,9297 13049,2295 19996,475 6557,6406 10027,306 8939,644 S 1779,0574 10086,472 12254,478 10409,986 10681,889 6422,167
1,8929996 B 4891,9297 13049,2295 19996,475 6557,6406 10027,306 8939,644 S 1779,0574 10086,472 12254,478 10409,986 10681,889 6422,167
1,8929998 B 4891,9297 13049,2295 19996,475 6557,6406 10027,306 8939,644 S 1779,0574 10086,472 12254,478 10409,986 10681,889 6422,167
1,8937981 B 4891,9297 13049,2295 19996,475 6557,6406 10027,306 8939,644 S 1779,0574 10086,472 12254,478 10409,986 10681,889 6422,167
1,8960006 B 4891,9297 13049,2295 19996,475 6557,6406 10027,306 8939,644 S 1779,0574 10086,472 12254,478 10409,986 10681,889 6422,167
1,896 B 4891,9297 13049,2295 19996,475 6557,6406 10027,306 8939,644 S 1779,0574 10086,472 12254,478 10409,986 10681,889 6422,167
1,8960003 B 4891,9297 13049,2295 19996,475 6557,6406 10027,306 8939,644 S 1779,0574 10086,472 12254,478 10409,986 10681,889 6422,167
1,8960001 B 4891,9297 13049,2295 19996,475 6557,6406 10027,306 8939,644 S 1779,0574 10086,472 12254,478 10409,986 10681,889 6422,167
1,8960005 B 4891,9297 13049,2295 19996,475 6557,6406 10027,306 8939,644 S 1779,0574 10086,472 12254,478 10409,986 10681,889 6422,167
1,8960006 B 4891,9297 13049,2295 19996,475 6557,6406 10027,306 8939,644 S 1779,0574 10086,472 12254,478 10409,986 10681,889 6422,167
1,896 B 4891,9297 13049,2295 19996,475 6557,6406 10027,306 8939,644 S 1779,0574 10086,472 12254,478 10409,986 10681,889 6422,167
1,8964485 B 4891,9297 13049,2295 19996,475 6557,6406 10027,306 8939,644 S 1779,0574 10086,472 12254,478 10409,986 10681,889 6422,167
1,897 B 4891,9297 13049,2295 19996,475 6557,6406 10027,306 8939,644 S 1779,0574 10086,472 12254,478 10409,986 10681,889 6422,167
1,8969997 B 4891,9297 13049,2295 19996,475 6557,6406 10027,306 8939,644 S 1779,0574 10086,472 12254,478 10409,986 10681,889 6422,167
1,8969998 B 4891,9297 13049,2295 19996,475 6557,6406 10027,306 8939,644 S 1779,0574 10086,472 12254,478 10409,986 10681,889 6422,167
1,8984699 B 4891,9297 13049,2295 19996,475 6557,6406 10027,306 8939,644 S 1779,0574 10086,472 12254,478 10409,986 10681,889 6422,167
1,8989996 B 4891,9297 13049,2295 19996,475 6557,6406 10027,306 8939,644 S 1779,0574 10086,472 12254,478 10409,986 10681,889 6422,167
1,8989999 B 4891,9297 13049,2295 19996,475 6557,6406 10027,306 8939,644 S 1779,0574 10086,472 12254,478 10409,986 10681,889 6422,167
1,8989997 B 4891,9297 13049,2295 19996,475 6557,6406 10027,306 8939,644 S 1779,0574 10086,472 12254,478 10409,986 10681,889 6422,167
1,8990003 B 4891,9297 13049,2295 19996,475 6557,6406 10027,306 8939,644 S 1779,0574 10086,472 12254,478 10409,986 10681,889 6422,167
1,899 B 4891,9297 13049,2295 19996,475 6557,6406 10027,306 8939,644 S 1779,0574 10086,472 12254,478 10409,986 10681,889 6422,167
1,8989997 B 4891,9297 13049,2295 19996,475 6557,6406 10027,306 8939,644 S 1779,0574 10086,472 12254,478 10409,986 10681,889 6422,167
1,8985335 B 4891,9297 13049,2295 19996,475 6557,6406 10027,306 8939,644 S 1779,0574 10086,472 12254,478 10409,986 10681,889 6422,167
1,8980004 B 4891,9297 13049,2295 19996,475 6557,6406 10027,306 8939,644 S 1779,0574 10086,472 12254,478 10409,986 10681,889 6422,167
1,898 B 4891,9297 13049,2295 19996,475 6557,6406 10027,306 8939,644 S 1779,0574 10086,472 12254,478 10409,986 10681,889 6422,167
1,898 B 4891,9297 13049,2295 19996,475 6557,6406 10027,306 8939,644 S 1779,0574 10086,472 12254,478 10409,986 10681,889 6422,167
1,8979996 B 4891,9297 13049,2295 19996,475 6557,6406 10027,306 8939,644 S 1779,0574 10086,472 12254,478 10409,986 10681,889 6422,167
1,898 B 4891,9297 13049,2295 19996,475 6557,6406 10027,306 8939,644 S 1779,0574 10086,472 12254,478 10409,986 10681,889 6422,167
1,8979994 B 4891,9297 13049,2295 19996,475 6557,6406 10027,306 8939,644 S 1779,0574 10086,472 12254,478 10409,986 10681,889 6422,167
1,8980004 B 4891,9297 13049,2295 19996,475 6557,6406 10027,306 8939,644 S 1779,0574 10086,472 12254,478 10409,986 10681,889 6422,167
1,898 B 4891,9297 13049,2295 19996,475 6557,6406 10027,306 8939,644 S 1779,0574 10086,472 12254,478 10409,986 10681,889 6422,167
1,8979999 B 4891,9297 13049,2295 19996,475 6557,6406 10027,306 8939,644 S 1779,0574 10086,472 12254,478 10409,986 10681,889 6422,167
1,898 B 4891,9297 13049,2295 19996,475 6557,6406 10027,306 8939,644 S 1779,0574 10086,472 12254,478 10409,986 10681,889 6422,167
1,8979996 B 4891,9297 13049,2295 19996,475 6557,6406 10027,306 8939,644 S 1779,0574 10086,472 12254,478 10409,986 10681,889 6422,167
1,89782 B 4891,9297 13049,2295 19996,475 6557,6406 10027,306 8939,644 S 1779,0574 10086,472 12254,478 10409,986 10681,889 6422,167
1,8950001 B 4891,9297 13049,2295 19996,475 6557,6406 10027,306 8939,644 S 1779,0574 10086,472 12254,478 10409,986 10681,889 6422,167
1,895 B 4891,9297 13049,2295 19996,475 6557,6406 10027,306 8939,644 S 1779,0574 10086,472 12254,478 10409,986 10681,889 6422,167
1,8950001 B 4891,9297 13049,2295 19996,475 6557,6406 10027,306 8939,644 S 1779,0574 10086,472 12254,478 10409,986 10681,889 6422,167
1,895 B 4891,9297 13049,2295 19996,475 6557,6406 10027,306 8939,644 S 1779,0574 10086,472 12254,478 10409,986 10681,889 6422,167
1,8950006 B 4891,9297 13049,2295 19996,475 6557,6406 10027,306 8939,644 S 1779,0574 10086,472 12254,478 10409,986 10681,889 6422,167
1,8950002 B 4891,9297 13049,2295 19996,475 6557,6406 10027,306 8939,644 S 1779,0574 10086,472 12254,478 10409,986 10681,889 6422,167
1,8950005 B 4891,9297 13049,2295 19996,475 6557,6406 10027,306 8939,644 S 1779,0574 10086,472 12254,478 10409,986 10681,889 6422,167
1,895 B 4891,9297 13049,2295 19996,475 6557,6406 10027,306 8939,644 S 1779,0574 10086,472 12254,478 10409,986 10681,889 6422,167
1,894999 B 4891,9297 13049,2295 19996,475 6557,6406 10027,306 8939,644 S 1779,0574 10086,472 12254,478 10409,986 10681,889 6422,167
1,8950003 B 4891,9297 13049,2295 19996,475 6557,6406 10027,306 8939,644 S 1779,0574 10086,472 12254,478 10409,986 10681,889 6422,167
1,8950002 B 4891,9297 13049,2295 19996,475 6557,6406 10027,306 8939,644 S 1779,0574 10086,472 12254,478 10409,986 10681,889 6422,167
1,8950003 B 4891,9297 13049,2295 19996,475 6557,6406 10027,306 8939,644 S 1779,0574 10086,472 12254,478 10409,986 10681,889 6422,167
1,895674 B 4891,9297 13049,2295 19996,475 6557,6406 10027,306 8939,644 S 1779,0574 10086,472 12254,478 10409,986 10681,889 6422,167
1,8960005 B 4891,9297 13049,2295 19996,475 6557,6406 10027,306 8939,644 S 1779,0574 10086,472 12254,478 10409,986 10681,889 6422,167
1,8960702 B 4891,9297 13049,2295 19996,475 6557,6406 10027,306 8939,644 S 1779,0574 10086,472 12254,478 10409,986 10681,889 6422,167
1,8969995 B 4891,9297 13049,2295 19996,475 6557,6406 10027,306 8939,644 S 1779,0574 10086,472 12254,478 10409,986 10681,889 6422,167
1,897 B 4891,9297 13049,2295 19996,475 6557,6406 10027,306 8939,644 S 1779,0574 10086,472 12254,478 10409,986 10681,889 6422,167
1,8969995 B 4891,9297 13049,2295 19996,475 6557,6406 10027,306 8939,644 S 1779,0574 10086,472 12254,478 10409,986 10681,889 6422,167
1,8969998 B 4891,9297 13049,2295 19996,475 6557,6406 10027,306 8939,644 S 1779,0574 10086,472 12254,478 10409,986 10681,889 6422,167
1,8969992 B 4891,9297 13049,2295 19996,475 6557,6406 10027,306 8939,644 S 1779,0574 10086,472 12254,478 10409,986 10681,889 6422,167
1,897 B 4891,9297 13049,2295 19996,475 6557,6406 10027,306 8939,644 S 1779,0574 10086,472 12254,478 10409,986 10681,889 6422,167
1,8961921 B 4891,9297 13049,2295 19996,475 6557,6406 10027,306 8939,644 S 1779,0574 10086,472 12254,478 10409,986 10681,889 6422,167
1,8960005 B 4891,9297 13049,2295 19996,475 6557,6406 10027,306 8939,644 S 1779,0574 10086,472 12254,478 10409,986 10681,889 6422,167
1,896 B 4891,9297 13049,2295 19996,475 6557,6406 10027,306 8939,644 S 1779,0574 10086,472 12254,478 10409,986 10681,889 6422,167
1,8960004 B 4891,9297 13049,2295 19996,475 6557,6406 10027,306 8939,644 S 1779,0574 10086,472 12254,478 10409,986 10681,889 6422,167
1,8960004 B 4891,9297 13049,2295 19996,475 6557,6406 10027,306 8939,644 S 1779,0574 10086,472 12254,478 10409,986 10681,889 6422,167
1,8959998 B 4891,9297 13049,2295 19996,475 6557,6406 10027,306 8939,644 S 1779,0574 10086,472 12254,478 10409,986 10681,889 6422,167
1,896 B 4891,9297 13049,2295 19996,475 6557,6406 10027,306 8939,644 S 1779,0574 10086,472 12254,478 10409,986 10681,889 6422,167
1,8960003 B 4891,9297 13049,2295 19996,475 6557,6406 10027,306 8939,644 S 1779,0574 10086,472 12254,478 10409,986 10681,889 6422,167
1,8960004 B 4891,9297 13049,2295 19996,475 6557,6406 10027,306 8939,644 S 1779,0574 10086,472 12254,478 10409,986 10681,889 6422,167
1,8958774 B 4891,9297 13049,2295 19996,475 6557,6406 10027,306 8939,644 S 1779,0574 10086,472 12254,478 10409,986 10681,889 6422,167
1,8949996 B 4891,9297 13049,2295 19996,475 6557,6406 10027,306 8939,644 S 1779,0574 10086,472 12254,478 10409,986 10681,889 6422,167
1,8950002 B 4891,9297 13049,2295 19996,475 6557,6406 10027,306 8939,644 S 1779,0574 10086,472 12254,478 10409,986 10681,889 6422,167
1,8950005 B 4891,9297 13049,2295 19996,475 6557,6406 10027,306 8939,644 S 1779,0574 10086,472 12254,478 10409,986 10681,889 6422,167
1,895 B 4891,9297 13049,2295 19996,475 6557,6406 10027,306 8939,644 S 1779,0574 10086,472 12254,478 10409,986 10681,889 6422,167
1,895 B 4891,9297 13049,2295 19996,475 6557,6406 10027,306 8939,644 S 1779,0574 10086,472 12254,478 10409,986 10681,889 6422,167
1,8949997 B 4891,9297 13049,2295 19996,475 6557,6406 10027,306 8939,644 S 1779,0574 10086,472 12254,478 10409,986 10681,889 6422,167
1,8950001 B 4891,9297 13049,2295 19996,475 6557,6406 10027,306 8939,644 S 1779,0574 10086,472 12254,478 10409,986 10681,889 6422,167
1,895 B 4891,9297 13049,2295 19996,475 6557,6406 10027,306 8939,644 S 1779,0574 10086,472 12254,478 10409,986 10681,889 6422,167
1,8950005 B 4891,9297 13049,2295 19996,475 6557,6406 10027,306 8939,644 S 1779,0574 10086,472 12254,478 10409,986 10681,889 6422,167
1,8950006 B 4891,9297 13049,2295 19996,475 6557,6406 10027,306 8939,644 S 1779,0574 10086,472 12254,478 10409,986 10681,889 6422,167
1,8950007 B 4891,9297 13049,2295 19996,475 6557,6406 10027,306 8939,644 S 1779,0574 10086,472 12254,478 10409,986 10681,889 6422,167
1,8950001 B 4891,9297 13049,2295 19996,475 6557,6406 10027,306 8939,644 S 1779,0574 10086,472 12254,478 10409,986 10681,889 6422,167
1,8956045 B 4891,9297 13049,2295 19996,475 6557,6406 10027,306 8939,644 S 1779,0574 10086,472 12254,478 10409,986 10681,889 6422,167
1,8960003 B 4891,9297 13049,2295 19996,475 6557,6406 10027,306 8939,644 S 1779,0574 10086,472 12254,478 10409,986 10681,889 6422,167
1,8959997 B 4891,9297 13049,2295 19996,475 6557,6406 10027,306 8939,644 S 1779,0574 10086,472 12254,478 10409,986 10681,889 6422,167
1,896 B 4891,9297 13049,2295 19996,475 6557,6406 10027,306 8939,644 S 1779,0574 10086,472 12254,478 10409,986 10681,889 6422,167
1,8960003 B 4891,9297 13049,2295 19996,475 6557,6406 10027,306 8939,644 S 1779,0574 10086,472 12254,478 10409,986 10681,889 6422,167
1,896 B 4891,9297 13049,2295 19996,475 6557,6406 10027,306 8939,644 S 1779,0574 10086,472 12254,478 10409,986 10681,889 6422,167
1,8960007 B 4891,9297 13049,2295 19996,475 6557,6406 10027,306 8939,644 S 1779,0574 10086,472 12254,478 10409,986 10681,889 6422,167
1,8960885 B 4891,9297 13049,2295 19996,475 6557,6406 10027,306 8939,644 S 1779,0574 10086,472 12254,478 10409,986 10681,889 6422,167
1,8980002 B 4891,9297 13049,2295 19996,475 6557,6406 10027,306 8939,644 S 1779,0574 10086,472 12254,478 10409,986 10681,889 6422,167
1,8979996 B 4891,9297 13049,2295 19996,475 6557,6406 10027,306 8939,644 S 1779,0574 10086,472 12254,478 10409,986 10681,889 6422,167
1,8963952 B 4891,9297 13049,2295 19996,475 6557,6406 10027,306 8939,644 S 1779,0574 10086,472 12254,478 10409,986 10681,889 6422,167
1,8949997 B 4891,9297 13049,2295 19996,475 6557,6406 10027,306 8939,644 S 1779,0574 10086,472 12254,478 10409,986 10681,889 6422,167
1,8949999 B 4891,9297 13049,2295 19996,475 6557,6406 10027,306 8939,644 S 1779,0574 10086,472 12254,478 10409,986 10681,889 6422,167
1,895 B 4891,9297 13049,2295 19996,475 6557,6406 10027,306 8939,644 S 1779,0574 10086,472 12254,478 10409,986 10681,889 6422,167
1,8949999 B 4891,9297 13049,2295 19996,475 6557,6406 10027,306 8939,644 S 1779,0574 10086,472 12254,478 10409,986 10681,889 6422,167
1,895 B 4891,9297 13049,2295 19996,475 6557,6406 10027,306 8939,644 S 1779,0574 10086,472 12254,478 10409,986 10681,889 6422,167
1,8950005 B 4891,9297 13049,2295 19996,475 6557,6406 10027,306 8939,644 S 1779,0574 10086,472 12254,478 10409,986 10681,889 6422,167
1,8950002 B 4891,9297 13049,2295 19996,475 6557,6406 10027,306 8939,644 S 1779,0574 10086,472 12254,478 10409,986 10681,889 6422,167
1,8949994 B 4891,9297 13049,2295 19996,475 6557,6406 10027,306 8939,644 S 1779,0574 10086,472 12254,478 10409,986 10681,889 6422,167
1,8945413 B 4891,9297 13049,2295 19996,475 6557,6406 10027,306 8939,644 S 1779,0574 10086,472 12254,478 10409,986 10681,889 6422,167
1,8939993 B 4891,9297 13049,2295 19996,475 6557,6406 10027,306 8939,644 S 1779,0574 10086,472 12254,478 10409,986 10681,889 6422,167
1,8939996 B 4891,9297 13049,2295 19996,475 6557,6406 10027,306 8939,644 S 1779,0574 10086,472 12254,478 10409,986 10681,889 6422,167
1,8939991 B 4891,9297 13049,2295 19996,475 6557,6406 10027,306 8939,644 S 1779,0574 10086,472 12254,478 10409,986 10681,889 6422,167
1,8939995 B 4891,9297 13049,2295 19996,475 6557,6406 10027,306 8939,644 S 1779,0574 10086,472 12254,478 10409,986 10681,889 6422,167
1,8939989 B 4891,9297 13049,2295 19996,475 6557,6406 10027,306 8939,644 S 1779,0574 10086,472 12254,478 10409,986 10681,889 6422,167
1,893999 B 4891,9297 13049,2295 19996,475 6557,6406 10027,306 8939,644 S 1779,0574 10086,472 12254,478 10409,986 10681,889 6422,167
1,893999 B 4891,9297 13049,2295 19996,475 6557,6406 10027,306 8939,644 S 1779,0574 10086,472 12254,478 10409,986 10681,889 6422,167
1,8939993 B 4891,9297 13049,2295 19996,475 6557,6406 10027,306 8939,644 S 1779,0574 10086,472 12254,478 10409,986 10681,889 6422,167
1,8939991 B 4891,9297 13049,2295 19996,475 6557,6406 10027,306 8939,644 S 1779,0574 10086,472 12254,478 10409,986 10681,889 6422,167
1,8939997 B 4891,9297 13049,2295 19996,475 6557,6406 10027,306 8939,644 S 1779,0574 10086,472 12254,478 10409,986 10681,889 6422,167
1,8939993 B 4891,9297 13049,2295 19996,475 6557,6406 10027,306 8939,644 S 1779,0574 10086,472 12254,478 10409,986 10681,889 6422,167
1,8939991 B 4891,9297 13049,2295 19996,475 6557,6406 10027,306 8939,644 S 1779,0574 10086,472 12254,478 10409,986 10681,889 6422,167
1,893999 B 4891,9297 13049,2295 19996,475 6557,6406 10027,306 8939,644 S 1779,0574 10086,472 12254,478 10409,986 10681,889 6422,167
1,8939995 B 4891,9297 13049,2295 19996,475 6557,6406 10027,306 8939,644 S 1779,0574 10086,472 12254,478 10409,986 10681,889 6422,167
1,8939992 B 4891,9297 13049,2295 19996,475 6557,6406 10027,306 8939,644 S 1779,0574 10086,472 12254,478 10409,986 10681,889 6422,167
1,8939993 B 4891,9297 13049,2295 19996,475 6557,6406 10027,306 8939,644 S 1779,0574 10086,472 12254,478 10409,986 10681,889 6422,167
1,8930365 B 4891,9297 13049,2295 19996,475 6557,6406 10027,306 8939,644 S 1779,0574 10086,472 12254,478 10409,986 10681,889 6422,167
1,8930001 B 4891,9297 13049,2295 19996,475 6557,6406 10027,306 8939,644 S 1779,0574 10086,472 12254,478 10409,986 10681,889 6422,167
1,893 B 4891,9297 13049,2295 19996,475 6557,6406 10027,306 8939,644 S 1779,0574 10086,472 12254,478 10409,986 10681,889 6422,167
1,8930002 B 4891,9297 13049,2295 19996,475 6557,6406 10027,306 8939,644 S 1779,0574 10086,472 12254,478 10409,986 10681,889 6422,167
1,8929996 B 4891,9297 13049,2295 19996,475 6557,6406 10027,306 8939,644 S 1779,0574 10086,472 12254,478 10409,986 10681,889 6422,167
1,8929996 B 4891,9297 13049,2295 19996,475 6557,6406 10027,306 8939,644 S 1779,0574 10086,472 12254,478 10409,986 10681,889 6422,167
1,8930001 B 4891,9297 13049,2295 19996,475 6557,6406 10027,306 8939,644 S 1779,0574 10086,472 12254,478 10409,986 10681,889 6422,167
1,8929998 B 4891,9297 13049,2295 19996,475 6557,6406 10027,306 8939,644 S 1779,0574 10086,472 12254,478 10409,986 10681,889 6422,167
1,8930002 B 4891,9297 13049,2295 19996,475 6557,6406 10027,306 8939,644 S 1779,0574 10086,472 12254,478 10409,986 10681,889 6422,167
1,8929999 B 4891,9297 13049,2295 19996,475 6557,6406 10027,306 8939,644 S 1779,0574 10086,472 12254,478 10409,986 10681,889 6422,167
1,8929999 B 4891,9297 13049,2295 19996,475 6557,6406 10027,306 8939,644 S 1779,0574 10086,472 12254,478 10409,986 10681,889 6422,167
1,8937961 B 4891,9297 13049,2295 19996,475 6557,6406 10027,306 8939,644 S 1779,0574 10086,472 12254,478 10409,986 10681,889 6422,167
1,8939996 B 4891,9297 13049,2295 19996,475 6557,6406 10027,306 8939,644 S 1779,0574 10086,472 12254,478 10409,986 10681,889 6422,167
1,8939992 B 4891,9297 13049,2295 19996,475 6557,6406 10027,306 8939,644 S 1779,0574 10086,472 12254,478 10409,986 10681,889 6422,167
1,8939996 B 4891,9297 13049,2295 19996,475 6557,6406 10027,306 8939,644 S 1779,0574 10086,472 12254,478 10409,986 10681,889 6422,167
1,8939993 B 4891,9297 13049,2295 19996,475 6557,6406 10027,306 8939,644 S 1779,0574 10086,472 12254,478 10409,986 10681,889 6422,167
1,8939995 B 4891,9297 13049,2295 19996,475 6557,6406 10027,306 8939,644 S 1779,0574 10086,472 12254,478 10409,986 10681,889 6422,167
1,8939993 B 4891,9297 13049,2295 19996,475 6557,6406 10027,306 8939,644 S 1779,0574 10086,472 12254,478 10409,986 10681,889 6422,167
1,8939991 B 4891,9297 13049,2295 19996,475 6557,6406 10027,306 8939,644 S 1779,0574 10086,472 12254,478 10409,986 10681,889 6422,167
1,8939993 B 4891,9297 13049,2295 19996,475 6557,6406 10027,306 8939,644 S 1779,0574 10086,472 12254,478 10409,986 10681,889 6422,167
1,8939991 B 4891,9297 13049,2295 19996,475 6557,6406 10027,306 8939,644 S 1779,0574 10086,472 12254,478 10409,986 10681,889 6422,167
1,8939996 B 4891,9297 13049,2295 19996,475 6557,6406 10027,306 8939,644 S 1779,0574 10086,472 12254,478 10409,986 10681,889 6422,167
1,8939991 B 4891,9297 13049,2295 19996,475 6557,6406 10027,306 8939,644 S 1779,0574 10086,472 12254,478 10409,986 10681,889 6422,167
1,890986 B 4891,9297 13049,2295 19996,475 6557,6406 10027,306 8939,644 S 1779,0574 10086,472 12254,478 10409,986 10681,889 6422,167
1,8889998 B 4891,9297 13049,2295 19996,475 6557,6406 10027,306 8939,644 S 1779,0574 10086,472 12254,478 10409,986 10681,889 6422,167
1,8889999 B 4891,9297 13049,2295 19996,475 6557,6406 10027,306 8939,644 S 1779,0574 10086,472 12254,478 10409,986 10681,889 6422,167
1,8899456 B 4891,9297 13049,2295 19996,475 6557,6406 10027,306 8939,644 S 1779,0574 10086,472 12254,478 10409,986 10681,889 6422,167
1,8899996 B 4891,9297 13049,2295 19996,475 6557,6406 10027,306 8939,644 S 1779,0574 10086,472 12254,478 10409,986 10681,889 6422,167
1,8899999 B 4891,9297 13049,2295 19996,475 6557,6406 10027,306 8939,644 S 1779,0574 10086,472 12254,478 10409,986 10681,889 6422,167
1,8899993 B 4891,9297 13049,2295 19996,475 6557,6406 10027,306 8939,644 S 1779,0574 10086,472 12254,478 10409,986 10681,889 6422,167
1,8900001 B 4891,9297 13049,2295 19996,475 6557,6406 10027,306 8939,644 S 1779,0574 10086,472 12254,478 10409,986 10681,889 6422,167
1,8900001 B 4891,9297 13049,2295 19996,475 6557,6406 10027,306 8939,644 S 1779,0574 10086,472 12254,478 10409,986 10681,889 6422,167
1,8902824 B 4891,9297 13049,2295 19996,475 6557,6406 10027,306 8939,644 S 1779,0574 10086,472 12254,478 10409,986 10681,889 6422,167
1,8909999 B 4891,9297 13049,2295 19996,475 6557,6406 10027,306 8939,644 S 1779,0574 10086,472 12254,478 10409,986 10681,889 6422,167
1,8909999 B 4891,9297 13049,2295 19996,475 6557,6406 10027,306 8939,644 S 1779,0574 10086,472 12254,478 10409,986 10681,889 6422,167
1,8910002 B 4891,9297 13049,2295 19996,475 6557,6406 10027,306 8939,644 S 1779,0574 10086,472 12254,478 10409,986 10681,889 6422,167
1,8909996 B 4891,9297 13049,2295 19996,475 6557,6406 10027,306 8939,644 S 1779,0574 10086,472 12254,478 10409,986 10681,889 6422,167
1,891 B 4891,9297 13049,2295 19996,475 6557,6406 10027,306 8939,644 S 1779,0574 10086,472 12254,478 10409,986 10681,889 6422,167
1,8910002 B 4891,9297 13049,2295 19996,475 6557,6406 10027,306 8939,644 S 1779,0574 10086,472 12254,478 10409,986 10681,889 6422,167
1,8910003 B 4891,9297 13049,2295 19996,475 6557,6406 10027,306 8939,644 S 1779,0574 10086,472 12254,478 10409,986 10681,889 6422,167
1,8910002 B 4891,9297 13049,2295 19996,475 6557,6406 10027,306 8939,644 S 1779,0574 10086,472 12254,478 10409,986 10681,889 6422,167
1,8915732 B 4891,9297 13049,2295 19996,475 6557,6406 10027,306 8939,644 S 1779,0574 10086,472 12254,478 10409,986 10681,889 6422,167
1,8920006 B 4891,9297 13049,2295 19996,475 6557,6406 10027,306 8939,644 S 1779,0574 10086,472 12254,478 10409,986 10681,889 6422,167
1,8920002 B 4891,9297 13049,2295 19996,475 6557,6406 10027,306 8939,644 S 1779,0574 10086,472 12254,478 10409,986 10681,889 6422,167
1,8920006 B 4891,9297 13049,2295 19996,475 6557,6406 10027,306 8939,644 S 1779,0574 10086,472 12254,478 10409,986 10681,889 6422,167
1,8924699 B 4891,9297 13049,2295 19996,475 6557,6406 10027,306 8939,644 S 1779,0574 10086,472 12254,478 10409,986 10681,889 6422,167
1,8930008 B 4891,9297 13049,2295 19996,475 6557,6406 10027,306 8939,644 S 1779,0574 10086,472 12254,478 10409,986 10681,889 6422,167
1,893 B 4891,9297 13049,2295 19996,475 6557,6406 10027,306 8939,644 S 1779,0574 10086,472 12254,478 10409,986 10681,889 6422,167
1,893 B 4891,9297 13049,2295 19996,475 6557,6406 10027,306 8939,644 S 1779,0574 10086,472 12254,478 10409,986 10681,889 6422,167
1,8930005 B 4891,9297 13049,2295 19996,475 6557,6406 10027,306 8939,644 S 1779,0574 10086,472 12254,478 10409,986 10681,889 6422,167
1,8924671 B 4891,9297 13049,2295 19996,475 6557,6406 10027,306 8939,644 S 1779,0574 10086,472 12254,478 10409,986 10681,889 6422,167
1,8920003 B 4891,9297 13049,2295 19996,475 6557,6406 10027,306 8939,644 S 1779,0574 10086,472 12254,478 10409,986 10681,889 6422,167
1,8912638 B 4891,9297 13049,2295 19996,475 6557,6406 10027,306 8939,644 S 1779,0574 10086,472 12254,478 10409,986 10681,889 6422,167
1,8910003 B 4891,9297 13049,2295 19996,475 6557,6406 10027,306 8939,644 S 1779,0574 10086,472 12254,478 10409,986 10681,889 6422,167
1,8910004 B 4891,9297 13049,2295 19996,475 6557,6406 10027,306 8939,644 S 1779,0574 10086,472 12254,478 10409,986 10681,889 6422,167
1,8910004 B 4891,9297 13049,2295 19996,475 6557,6406 10027,306 8939,644 S 1779,0574 10086,472 12254,478 10409,986 10681,889 6422,167
1,8910002 B 4891,9297 13049,2295 19996,475 6557,6406 10027,306 8939,644 S 1779,0574 10086,472 12254,478 10409,986 10681,889 6422,167
1,8910005 B 4891,9297 13049,2295 19996,475 6557,6406 10027,306 8939,644 S 1779,0574 10086,472 12254,478 10409,986 10681,889 6422,167
1,8909996 B 4891,9297 13049,2295 19996,475 6557,6406 10027,306 8939,644 S 1779,0574 10086,472 12254,478 10409,986 10681,889 6422,167
1,8909996 B 4891,9297 13049,2295 19996,475 6557,6406 10027,306 8939,644 S 1779,0574 10086,472 12254,478 10409,986 10681,889 6422,167
1,8910002 B 4891,9297 13049,2295 19996,475 6557,6406 10027,306 8939,644 S 1779,0574 10086,472 12254,478 10409,986 10681,889 6422,167
1,8909999 B 4891,9297 13049,2295 19996,475 6557,6406 10027,306 8939,644 S 1779,0574 10086,472 12254,478 10409,986 10681,889 6422,167
1,8910007 B 4891,9297 13049,2295 19996,475 6557,6406 10027,306 8939,644 S 1779,0574 10086,472 12254,478 10409,986 10681,889 6422,167
1,8909997 B 4891,9297 13049,2295 19996,475 6557,6406 10027,306 8939,644 S 1779,0574 10086,472 12254,478 10409,986 10681,889 6422,167
1,8921511 B 4891,9297 13049,2295 19996,475 6557,6406 10027,306 8939,644 S 1779,0574 10086,472 12254,478 10409,986 10681,889 6422,167
1,894313 B 4891,9297 13049,2295 19996,475 6557,6406 10027,306 8939,644 S 1779,0574 10086,472 12254,478 10409,986 10681,889 6422,167
1,8950016 B 4891,9297 13049,2295 19996,475 6557,6406 10027,306 8939,644 S 1779,0574 10086,472 12254,478 10409,986 10681,889 6422,167
1,8949993 B 4891,9297 13049,2295 19996,475 6557,6406 10027,306 8939,644 S 1779,0574 10086,472 12254,478 10409,986 10681,889 6422,167
1,895 B 4891,9297 13049,2295 19996,475 6557,6406 10027,306 8939,644 S 1779,0574 10086,472 12254,478 10409,986 10681,889 6422,167
1,8949996 B 4891,9297 13049,2295 19996,475 6557,6406 10027,306 8939,644 S 1779,0574 10086,472 12254,478 10409,986 10681,889 6422,167
1,895 B 4891,9297 13049,2295 19996,475 6557,6406 10027,306 8939,644 S 1779,0574 10086,472 12254,478 10409,986 10681,889 6422,167
1,8950003 B 4891,9297 13049,2295 19996,475 6557,6406 10027,306 8939,644 S 1779,0574 10086,472 12254,478 10409,986 10681,889 6422,167
1,8949999 B 4891,9297 13049,2295 19996,475 6557,6406 10027,306 8939,644 S 1779,0574 10086,472 12254,478 10409,986 10681,889 6422,167
1,8950001 B 4891,9297 13049,2295 19996,475 6557,6406 10027,306 8939,644 S 1779,0574 10086,472 12254,478 10409,986 10681,889 6422,167
1,895 B 4891,9297 13049,2295 19996,475 6557,6406 10027,306 8939,644 S 1779,0574 10086,472 12254,478 10409,986 10681,889 6422,167
1,8949999 B 4891,9297 13049,2295 19996,475 6557,6406 10027,306 8939,644 S 1779,0574 10086,472 12254,478 10409,986 10681,889 6422,167
1,8950003 B 4891,9297 13049,2295 19996,475 6557,6406 10027,306 8939,644 S 1779,0574 10086,472 12254,478 10409,986 10681,889 6422,167
1,8950006 B 4891,9297 13049,2295 19996,475 6557,6406 10027,306 8939,644 S 1779,0574 10086,472 12254,478 10409,986 10681,889 6422,167
1,8955194 B 4891,9297 13049,2295 19996,475 6557,6406 10027,306 8939,644 S 1779,0574 10086,472 12254,478 10409,986 10681,889 6422,167
1,8948001 B 4891,9297 13049,2295 19996,475 6557,6406 10027,306 8939,644 S 1779,0574 10086,472 12254,478 10409,986 10681,889 6422,167
1,8939987 B 4891,9297 13049,2295 19996,475 6557,6406 10027,306 8939,644 S 1779,0574 10086,472 12254,478 10409,986 10681,889 6422,167
1,8939993 B 4891,9297 13049,2295 19996,475 6557,6406 10027,306 8939,644 S 1779,0574 10086,472 12254,478 10409,986 10681,889 6422,167
1,8939995 B 4891,9297 13049,2295 19996,475 6557,6406 10027,306 8939,644 S 1779,0574 10086,472 12254,478 10409,986 10681,889 6422,167
1,8939992 B 4891,9297 13049,2295 19996,475 6557,6406 10027,306 8939,644 S 1779,0574 10086,472 12254,478 10409,986 10681,889 6422,167
1,8939993 B 4891,9297 13049,2295 19996,475 6557,6406 10027,306 8939,644 S 1779,0574 10086,472 12254,478 10409,986 10681,889 6422,167
1,8939995 B 4891,9297 13049,2295 19996,475 6557,6406 10027,306 8939,644 S 1779,0574 10086,472 12254,478 10409,986 10681,889 6422,167
1,8939993 B 4891,9297 13049,2295 19996,475 6557,6406 10027,306 8939,644 S 1779,0574 10086,472 12254,478 10409,986 10681,889 6422,167
1,893999 B 4891,9297 13049,2295 19996,475 6557,6406 10027,306 8939,644 S 1779,0574 10086,472 12254,478 10409,986 10681,889 6422,167
1,893999 B 4891,9297 13049,2295 19996,475 6557,6406 10027,306 8939,644 S 1779,0574 10086,472 12254,478 10409,986 10681,889 6422,167
1,8939991 B 4891,9297 13049,2295 19996,475 6557,6406 10027,306 8939,644 S 1779,0574 10086,472 12254,478 10409,986 10681,889 6422,167
1,8939997 B 4891,9297 13049,2295 19996,475 6557,6406 10027,306 8939,644 S 1779,0574 10086,472 12254,478 10409,986 10681,889 6422,167
1,8942066 B 4891,9297 13049,2295 19996,475 6557,6406 10027,306 8939,644 S 1779,0574 10086,472 12254,478 10409,986 10681,889 6422,167
