1,792719
1,8450001 B 4369,6196 9091,775 14553,562 17657,615 9318,459 1385,6499 S 664,2592 7216,259 14359,751 13698,432 5995,323 2415,9954
1,8449998 B 4369,6196 9091,775 14553,562 17657,615 9318,459 1385,6499 S 664,2592 7216,259 14359,751 13698,432 5995,323 2415,9954
1,8449998 B 4369,6196 9091,775 14553,562 17657,615 9318,459 1385,6499 S 664,2592 7216,259 14359,751 13698,432 5995,323 2415,9954
1,8449997 B 4369,6196 9091,775 14553,562 17657,615 9318,459 1385,6499 S 664,2592 7216,259 14359,751 13698,432 5995,323 2415,9954
1,8449997 B 4369,6196 9091,775 14553,562 17657,615 9318,459 1385,6499 S 664,2592 7216,259 14359,751 13698,432 5995,323 2415,9954
1,8449996 B 4369,6196 9091,775 14553,562 17657,615 9318,459 1385,6499 S 664,2592 7216,259 14359,751 13698,432 5995,323 2415,9954
1,8449997 B 4369,6196 9091,775 14553,562 17657,615 9318,459 1385,6499 S 664,2592 7216,259 14359,751 13698,432 5995,323 2415,9954
1,8450005 B 4369,6196 9091,775 14553,562 17657,615 9318,459 1385,6499 S 664,2592 7216,259 14359,751 13698,432 5995,323 2415,9954
1,8454001 B 4369,6196 9091,775 14553,562 17657,615 9318,459 1385,6499 S 664,2592 7216,259 14359,751 13698,432 5995,323 2415,9954
1,8460002 B 4369,6196 9091,775 14553,562 17657,615 9318,459 1385,6499 S 664,2592 7216,259 14359,751 13698,432 5995,323 2415,9954
1,8459996 B 4369,6196 9091,775 14553,562 17657,615 9318,459 1385,6499 S 664,2592 7216,259 14359,751 13698,432 5995,323 2415,9954
1,8458406 B 4369,6196 9091,775 14553,562 17657,615 9318,459 1385,6499 S 664,2592 7216,259 14359,751 13698,432 5995,323 2415,9954
1,8467075 B 4369,6196 9091,775 14553,562 17657,615 9318,459 1385,6499 S 664,2592 7216,259 14359,751 13698,432 5995,323 2415,9954
1,8470005 B 4369,6196 9091,775 14553,562 17657,615 9318,459 1385,6499 S 664,2592 7216,259 14359,751 13698,432 5995,323 2415,9954
1,8470004 B 4369,6196 9091,775 14553,562 17657,615 9318,459 1385,6499 S 664,2592 7216,259 14359,751 13698,432 5995,323 2415,9954
1,8469999 B 4369,6196 9091,775 14553,562 17657,615 9318,459 1385,6499 S 664,2592 7216,259 14359,751 13698,432 5995,323 2415,9954
1,8470004 B 4369,6196 9091,775 14553,562 17657,615 9318,459 1385,6499 S 664,2592 7216,259 14359,751 13698,432 5995,323 2415,9954
1,8450902 B 4369,6196 9091,775 14553,562 17657,615 9318,459 1385,6499 S 664,2592 7216,259 14359,751 13698,432 5995,323 2415,9954
1,845 B 4369,6196 9091,775 14553,562 17657,615 9318,459 1385,6499 S 664,2592 7216,259 14359,751 13698,432 5995,323 2415,9954
1,8402828 B 4369,6196 9091,775 14553,562 17657,615 9318,459 1385,6499 S 664,2592 7216,259 14359,751 13698,432 5995,323 2415,9954
1,8278311 B 4369,6196 9091,775 14553,562 17657,615 9318,459 1385,6499 S 664,2592 7216,259 14359,751 13698,432 5995,323 2415,9954
1,8158025 B 4369,6196 9091,775 14553,562 17657,615 9318,459 1385,6499 S 664,2592 7216,259 14359,751 13698,432 5995,323 2415,9954
1,7836323 B 4369,6196 9091,775 14553,562 17657,615 9318,459 1385,6499 S 664,2592 7216,259 14359,751 13698,432 5995,323 2415,9954
1,738015 B 4369,6196 9091,775 14553,562 17657,615 9318,459 1385,6499 S 664,2592 7216,259 14359,751 13698,432 5995,323 2415,9954
1,7577174 B 4369,6196 9091,775 14553,562 17657,615 9318,459 1385,6499 S 664,2592 7216,259 14359,751 13698,432 5995,323 2415,9954
1,7678151 B 4369,6196 9091,775 14553,562 17657,615 9318,459 1385,6499 S 664,2592 7216,259 14359,751 13698,432 5995,323 2415,9954
1,7786931 B 4369,6196 9091,775 14553,562 17657,615 9318,459 1385,6499 S 664,2592 7216,259 14359,751 13698,432 5995,323 2415,9954
1,7895509 B 4369,6196 9091,775 14553,562 17657,615 9318,459 1385,6499 S 664,2592 7216,259 14359,751 13698,432 5995,323 2415,9954
1,7901134 B 4369,6196 9091,775 14553,562 17657,615 9318,459 1385,6499 S 664,2592 7216,259 14359,751 13698,432 5995,323 2415,9954
1,7866663 B 4369,6196 9091,775 14553,562 17657,615 9318,459 1385,6499 S 664,2592 7216,259 14359,751 13698,432 5995,323 2415,9954
1,7828857 B 4369,6196 9091,775 14553,562 17657,615 9318,459 1385,6499 S 664,2592 7216,259 14359,751 13698,432 5995,323 2415,9954
1,790064 B 4369,6196 9091,775 14553,562 17657,615 9318,459 1385,6499 S 664,2592 7216,259 14359,751 13698,432 5995,323 2415,9954
1,7917758 B 4369,6196 9091,775 14553,562 17657,615 9318,459 1385,6499 S 664,2592 7216,259 14359,751 13698,432 5995,323 2415,9954
1,7914215 B 4369,6196 9091,775 14553,562 17657,615 9318,459 1385,6499 S 664,2592 7216,259 14359,751 13698,432 5995,323 2415,9954
1,7913628 B 4369,6196 9091,775 14553,562 17657,615 9318,459 1385,6499 S 664,2592 7216,259 14359,751 13698,432 5995,323 2415,9954
1,7919999 B 4369,6196 9091,775 14553,562 17657,615 9318,459 1385,6499 S 664,2592 7216,259 14359,751 13698,432 5995,323 2415,9954
1,7936999 B 4369,6196 9091,775 14553,562 17657,615 9318,459 1385,6499 S 664,2592 7216,259 14359,751 13698,432 5995,323 2415,9954
1,7961748 B 4369,6196 9091,775 14553,562 17657,615 9318,459 1385,6499 S 664,2592 7216,259 14359,751 13698,432 5995,323 2415,9954
1,7956184 B 4369,6196 9091,775 14553,562 17657,615 9318,459 1385,6499 S 664,2592 7216,259 14359,751 13698,432 5995,323 2415,9954
1,7959249 B 4369,6196 9091,775 14553,562 17657,615 9318,459 1385,6499 S 664,2592 7216,259 14359,751 13698,432 5995,323 2415,9954
1,7946519 B 4369,6196 9091,775 14553,562 17657,615 9318,459 1385,6499 S 664,2592 7216,259 14359,751 13698,432 5995,323 2415,9954
1,790728 B 4369,6196 9091,775 14553,562 17657,615 9318,459 1385,6499 S 664,2592 7216,259 14359,751 13698,432 5995,323 2415,9954
1,7958506 B 4369,6196 9091,775 14553,562 17657,615 9318,459 1385,6499 S 664,2592 7216,259 14359,751 13698,432 5995,323 2415,9954
1,7965541 B 4369,6196 9091,775 14553,562 17657,615 9318,459 1385,6499 S 664,2592 7216,259 14359,751 13698,432 5995,323 2415,9954
1,7961227 B 4369,6196 9091,775 14553,562 17657,615 9318,459 1385,6499 S 664,2592 7216,259 14359,751 13698,432 5995,323 2415,9954
1,7959442 B 4369,6196 9091,775 14553,562 17657,615 9318,459 1385,6499 S 664,2592 7216,259 14359,751 13698,432 5995,323 2415,9954
1,7927932 B 4369,6196 9091,775 14553,562 17657,615 9318,459 1385,6499 S 664,2592 7216,259 14359,751 13698,432 5995,323 2415,9954
1,795938 B 4369,6196 9091,775 14553,562 17657,615 9318,459 1385,6499 S 664,2592 7216,259 14359,751 13698,432 5995,323 2415,9954
1,7963662 B 4369,6196 9091,775 14553,562 17657,615 9318,459 1385,6499 S 664,2592 7216,259 14359,751 13698,432 5995,323 2415,9954
1,7979995 B 4369,6196 9091,775 14553,562 17657,615 9318,459 1385,6499 S 664,2592 7216,259 14359,751 13698,432 5995,323 2415,9954
1,7944697 B 4369,6196 9091,775 14553,562 17657,615 9318,459 1385,6499 S 664,2592 7216,259 14359,751 13698,432 5995,323 2415,9954
1,7910794 B 4369,6196 9091,775 14553,562 17657,615 9318,459 1385,6499 S 664,2592 7216,259 14359,751 13698,432 5995,323 2415,9954
1,7893642 B 4369,6196 9091,775 14553,562 17657,615 9318,459 1385,6499 S 664,2592 7216,259 14359,751 13698,432 5995,323 2415,9954
1,7890036 B 4369,6196 9091,775 14553,562 17657,615 9318,459 1385,6499 S 664,2592 7216,259 14359,751 13698,432 5995,323 2415,9954
1,7899996 B 4369,6196 9091,775 14553,562 17657,615 9318,459 1385,6499 S 664,2592 7216,259 14359,751 13698,432 5995,323 2415,9954
1,7900003 B 4369,6196 9091,775 14553,562 17657,615 9318,459 1385,6499 S 664,2592 7216,259 14359,751 13698,432 5995,323 2415,9954
1,7911165 B 4369,6196 9091,775 14553,562 17657,615 9318,459 1385,6499 S 664,2592 7216,259 14359,751 13698,432 5995,323 2415,9954
1,7920296 B 4369,6196 9091,775 14553,562 17657,615 9318,459 1385,6499 S 664,2592 7216,259 14359,751 13698,432 5995,323 2415,9954
1,7937843 B 4369,6196 9091,775 14553,562 17657,615 9318,459 1385,6499 S 664,2592 7216,259 14359,751 13698,432 5995,323 2415,9954
1,7945094 B 4369,6196 9091,775 14553,562 17657,615 9318,459 1385,6499 S 664,2592 7216,259 14359,751 13698,432 5995,323 2415,9954
1,7954648 B 4369,6196 9091,775 14553,562 17657,615 9318,459 1385,6499 S 664,2592 7216,259 14359,751 13698,432 5995,323 2415,9954
1,7979062 B 4369,6196 9091,775 14553,562 17657,615 9318,459 1385,6499 S 664,2592 7216,259 14359,751 13698,432 5995,323 2415,9954
1,7950002 B 4369,6196 9091,775 14553,562 17657,615 9318,459 1385,6499 S 664,2592 7216,259 14359,751 13698,432 5995,323 2415,9954
1,7958207 B 4369,6196 9091,775 14553,562 17657,615 9318,459 1385,6499 S 664,2592 7216,259 14359,751 13698,432 5995,323 2415,9954
1,7960002 B 4369,6196 9091,775 14553,562 17657,615 9318,459 1385,6499 S 664,2592 7216,259 14359,751 13698,432 5995,323 2415,9954
1,7959349 B 4369,6196 9091,775 14553,562 17657,615 9318,459 1385,6499 S 664,2592 7216,259 14359,751 13698,432 5995,323 2415,9954
1,795391 B 4369,6196 9091,775 14553,562 17657,615 9318,459 1385,6499 S 664,2592 7216,259 14359,751 13698,432 5995,323 2415,9954
1,7960002 B 4369,6196 9091,775 14553,562 17657,615 9318,459 1385,6499 S 664,2592 7216,259 14359,751 13698,432 5995,323 2415,9954
1,797826 B 4369,6196 9091,775 14553,562 17657,615 9318,459 1385,6499 S 664,2592 7216,259 14359,751 13698,432 5995,323 2415,9954
1,795269 B 4369,6196 9091,775 14553,562 17657,615 9318,459 1385,6499 S 664,2592 7216,259 14359,751 13698,432 5995,323 2415,9954
1,7946173 B 4369,6196 9091,775 14553,562 17657,615 9318,459 1385,6499 S 664,2592 7216,259 14359,751 13698,432 5995,323 2415,9954
1,794234 B 4369,6196 9091,775 14553,562 17657,615 9318,459 1385,6499 S 664,2592 7216,259 14359,751 13698,432 5995,323 2415,9954
1,796948 B 4369,6196 9091,775 14553,562 17657,615 9318,459 1385,6499 S 664,2592 7216,259 14359,751 13698,432 5995,323 2415,9954
1,7980003 B 4369,6196 9091,775 14553,562 17657,615 9318,459 1385,6499 S 664,2592 7216,259 14359,751 13698,432 5995,323 2415,9954
1,7979999 B 4369,6196 9091,775 14553,562 17657,615 9318,459 1385,6499 S 664,2592 7216,259 14359,751 13698,432 5995,323 2415,9954
1,7979999 B 4369,6196 9091,775 14553,562 17657,615 9318,459 1385,6499 S 664,2592 7216,259 14359,751 13698,432 5995,323 2415,9954
1,7970717 B 4369,6196 9091,775 14553,562 17657,615 9318,459 1385,6499 S 664,2592 7216,259 14359,751 13698,432 5995,323 2415,9954
1,7963581 B 4369,6196 9091,775 14553,562 17657,615 9318,459 1385,6499 S 664,2592 7216,259 14359,751 13698,432 5995,323 2415,9954
1,7940459 B 4369,6196 9091,775 14553,562 17657,615 9318,459 1385,6499 S 664,2592 7216,259 14359,751 13698,432 5995,323 2415,9954
1,7930385 B 4369,6196 9091,775 14553,562 17657,615 9318,459 1385,6499 S 664,2592 7216,259 14359,751 13698,432 5995,323 2415,9954
1,7925755 B 4369,6196 9091,775 14553,562 17657,615 9318,459 1385,6499 S 664,2592 7216,259 14359,751 13698,432 5995,323 2415,9954
1,7910001 B 4369,6196 9091,775 14553,562 17657,615 9318,459 1385,6499 S 664,2592 7216,259 14359,751 13698,432 5995,323 2415,9954
1,7910001 B 4369,6196 9091,775 14553,562 17657,615 9318,459 1385,6499 S 664,2592 7216,259 14359,751 13698,432 5995,323 2415,9954
1,7912974 B 4369,6196 9091,775 14553,562 17657,615 9318,459 1385,6499 S 664,2592 7216,259 14359,751 13698,432 5995,323 2415,9954
1,7939999 B 4369,6196 9091,775 14553,562 17657,615 9318,459 1385,6499 S 664,2592 7216,259 14359,751 13698,432 5995,323 2415,9954
1,7940011 B 4369,6196 9091,775 14553,562 17657,615 9318,459 1385,6499 S 664,2592 7216,259 14359,751 13698,432 5995,323 2415,9954
1,7936159 B 4369,6196 9091,775 14553,562 17657,615 9318,459 1385,6499 S 664,2592 7216,259 14359,751 13698,432 5995,323 2415,9954
1,7929995 B 4369,6196 9091,775 14553,562 17657,615 9318,459 1385,6499 S 664,2592 7216,259 14359,751 13698,432 5995,323 2415,9954
1,7929997 B 4369,6196 9091,775 14553,562 17657,615 9318,459 1385,6499 S 664,2592 7216,259 14359,751 13698,432 5995,323 2415,9954
1,793 B 4369,6196 9091,775 14553,562 17657,615 9318,459 1385,6499 S 664,2592 7216,259 14359,751 13698,432 5995,323 2415,9954
1,7914903 B 4369,6196 9091,775 14553,562 17657,615 9318,459 1385,6499 S 664,2592 7216,259 14359,751 13698,432 5995,323 2415,9954
1,7910002 B 4369,6196 9091,775 14553,562 17657,615 9318,459 1385,6499 S 664,2592 7216,259 14359,751 13698,432 5995,323 2415,9954
1,7910002 B 4369,6196 9091,775 14553,562 17657,615 9318,459 1385,6499 S 664,2592 7216,259 14359,751 13698,432 5995,323 2415,9954
1,7904114 B 4369,6196 9091,775 14553,562 17657,615 9318,459 1385,6499 S 664,2592 7216,259 14359,751 13698,432 5995,323 2415,9954
1,7898632 B 4369,6196 9091,775 14553,562 17657,615 9318,459 1385,6499 S 664,2592 7216,259 14359,751 13698,432 5995,323 2415,9954
1,7886397 B 4369,6196 9091,775 14553,562 17657,615 9318,459 1385,6499 S 664,2592 7216,259 14359,751 13698,432 5995,323 2415,9954
1,7888005 B 4369,6196 9091,775 14553,562 17657,615 9318,459 1385,6499 S 664,2592 7216,259 14359,751 13698,432 5995,323 2415,9954
1,7869998 B 4369,6196 9091,775 14553,562 17657,615 9318,459 1385,6499 S 664,2592 7216,259 14359,751 13698,432 5995,323 2415,9954
1,7870005 B 4369,6196 9091,775 14553,562 17657,615 9318,459 1385,6499 S 664,2592 7216,259 14359,751 13698,432 5995,323 2415,9954
1,7870007 B 4369,6196 9091,775 14553,562 17657,615 9318,459 1385,6499 S 664,2592 7216,259 14359,751 13698,432 5995,323 2415,9954
1,7870005 B 4369,6196 9091,775 14553,562 17657,615 9318,459 1385,6499 S 664,2592 7216,259 14359,751 13698,432 5995,323 2415,9954
1,78774 B 4369,6196 9091,775 14553,562 17657,615 9318,459 1385,6499 S 664,2592 7216,259 14359,751 13698,432 5995,323 2415,9954
1,7874181 B 4369,6196 9091,775 14553,562 17657,615 9318,459 1385,6499 S 664,2592 7216,259 14359,751 13698,432 5995,323 2415,9954
1,7892197 B 4369,6196 9091,775 14553,562 17657,615 9318,459 1385,6499 S 664,2592 7216,259 14359,751 13698,432 5995,323 2415,9954
1,7911223 B 4369,6196 9091,775 14553,562 17657,615 9318,459 1385,6499 S 664,2592 7216,259 14359,751 13698,432 5995,323 2415,9954
1,7919999 B 4369,6196 9091,775 14553,562 17657,615 9318,459 1385,6499 S 664,2592 7216,259 14359,751 13698,432 5995,323 2415,9954
1,7919997 B 4369,6196 9091,775 14553,562 17657,615 9318,459 1385,6499 S 664,2592 7216,259 14359,751 13698,432 5995,323 2415,9954
1,790269 B 4369,6196 9091,775 14553,562 17657,615 9318,459 1385,6499 S 664,2592 7216,259 14359,751 13698,432 5995,323 2415,9954
1,789333 B 4369,6196 9091,775 14553,562 17657,615 9318,459 1385,6499 S 664,2592 7216,259 14359,751 13698,432 5995,323 2415,9954
1,7880002 B 4369,6196 9091,775 14553,562 17657,615 9318,459 1385,6499 S 664,2592 7216,259 14359,751 13698,432 5995,323 2415,9954
1,786494 B 4369,6196 9091,775 14553,562 17657,615 9318,459 1385,6499 S 664,2592 7216,259 14359,751 13698,432 5995,323 2415,9954
1,7854607 B 4369,6196 9091,775 14553,562 17657,615 9318,459 1385,6499 S 664,2592 7216,259 14359,751 13698,432 5995,323 2415,9954
1,7836736 B 4369,6196 9091,775 14553,562 17657,615 9318,459 1385,6499 S 664,2592 7216,259 14359,751 13698,432 5995,323 2415,9954
1,7829999 B 4369,6196 9091,775 14553,562 17657,615 9318,459 1385,6499 S 664,2592 7216,259 14359,751 13698,432 5995,323 2415,9954
1,7830001 B 4369,6196 9091,775 14553,562 17657,615 9318,459 1385,6499 S 664,2592 7216,259 14359,751 13698,432 5995,323 2415,9954
1,7830002 B 4369,6196 9091,775 14553,562 17657,615 9318,459 1385,6499 S 664,2592 7216,259 14359,751 13698,432 5995,323 2415,9954
1,7829998 B 4369,6196 9091,775 14553,562 17657,615 9318,459 1385,6499 S 664,2592 7216,259 14359,751 13698,432 5995,323 2415,9954
1,7846678 B 4369,6196 9091,775 14553,562 17657,615 9318,459 1385,6499 S 664,2592 7216,259 14359,751 13698,432 5995,323 2415,9954
1,7849998 B 4369,6196 9091,775 14553,562 17657,615 9318,459 1385,6499 S 664,2592 7216,259 14359,751 13698,432 5995,323 2415,9954
1,784202 B 4369,6196 9091,775 14553,562 17657,615 9318,459 1385,6499 S 664,2592 7216,259 14359,751 13698,432 5995,323 2415,9954
1,7839997 B 4369,6196 9091,775 14553,562 17657,615 9318,459 1385,6499 S 664,2592 7216,259 14359,751 13698,432 5995,323 2415,9954
1,7847674 B 4369,6196 9091,775 14553,562 17657,615 9318,459 1385,6499 S 664,2592 7216,259 14359,751 13698,432 5995,323 2415,9954
1,7859142 B 4369,6196 9091,775 14553,562 17657,615 9318,459 1385,6499 S 664,2592 7216,259 14359,751 13698,432 5995,323 2415,9954
1,786 B 4369,6196 9091,775 14553,562 17657,615 9318,459 1385,6499 S 664,2592 7216,259 14359,751 13698,432 5995,323 2415,9954
1,7859998 B 4369,6196 9091,775 14553,562 17657,615 9318,459 1385,6499 S 664,2592 7216,259 14359,751 13698,432 5995,323 2415,9954
1,7857964 B 4369,6196 9091,775 14553,562 17657,615 9318,459 1385,6499 S 664,2592 7216,259 14359,751 13698,432 5995,323 2415,9954
1,7840002 B 4369,6196 9091,775 14553,562 17657,615 9318,459 1385,6499 S 664,2592 7216,259 14359,751 13698,432 5995,323 2415,9954
1,7840009 B 4369,6196 9091,775 14553,562 17657,615 9318,459 1385,6499 S 664,2592 7216,259 14359,751 13698,432 5995,323 2415,9954
1,7835382 B 4369,6196 9091,775 14553,562 17657,615 9318,459 1385,6499 S 664,2592 7216,259 14359,751 13698,432 5995,323 2415,9954
1,7820003 B 4369,6196 9091,775 14553,562 17657,615 9318,459 1385,6499 S 664,2592 7216,259 14359,751 13698,432 5995,323 2415,9954
1,7819998 B 4369,6196 9091,775 14553,562 17657,615 9318,459 1385,6499 S 664,2592 7216,259 14359,751 13698,432 5995,323 2415,9954
1,7819998 B 4369,6196 9091,775 14553,562 17657,615 9318,459 1385,6499 S 664,2592 7216,259 14359,751 13698,432 5995,323 2415,9954
1,7819996 B 4369,6196 9091,775 14553,562 17657,615 9318,459 1385,6499 S 664,2592 7216,259 14359,751 13698,432 5995,323 2415,9954
1,7820002 B 4369,6196 9091,775 14553,562 17657,615 9318,459 1385,6499 S 664,2592 7216,259 14359,751 13698,432 5995,323 2415,9954
1,7828621 B 4369,6196 9091,775 14553,562 17657,615 9318,459 1385,6499 S 664,2592 7216,259 14359,751 13698,432 5995,323 2415,9954
1,7840004 B 4369,6196 9091,775 14553,562 17657,615 9318,459 1385,6499 S 664,2592 7216,259 14359,751 13698,432 5995,323 2415,9954
1,7839999 B 4369,6196 9091,775 14553,562 17657,615 9318,459 1385,6499 S 664,2592 7216,259 14359,751 13698,432 5995,323 2415,9954
1,7840004 B 4369,6196 9091,775 14553,562 17657,615 9318,459 1385,6499 S 664,2592 7216,259 14359,751 13698,432 5995,323 2415,9954
1,7844609 B 4369,6196 9091,775 14553,562 17657,615 9318,459 1385,6499 S 664,2592 7216,259 14359,751 13698,432 5995,323 2415,9954
1,786082 B 4369,6196 9091,775 14553,562 17657,615 9318,459 1385,6499 S 664,2592 7216,259 14359,751 13698,432 5995,323 2415,9954
1,7862229 B 4369,6196 9091,775 14553,562 17657,615 9318,459 1385,6499 S 664,2592 7216,259 14359,751 13698,432 5995,323 2415,9954
1,786 B 4369,6196 9091,775 14553,562 17657,615 9318,459 1385,6499 S 664,2592 7216,259 14359,751 13698,432 5995,323 2415,9954
1,7859999 B 4369,6196 9091,775 14553,562 17657,615 9318,459 1385,6499 S 664,2592 7216,259 14359,751 13698,432 5995,323 2415,9954
1,7859998 B 4369,6196 9091,775 14553,562 17657,615 9318,459 1385,6499 S 664,2592 7216,259 14359,751 13698,432 5995,323 2415,9954
1,7859998 B 4369,6196 9091,775 14553,562 17657,615 9318,459 1385,6499 S 664,2592 7216,259 14359,751 13698,432 5995,323 2415,9954
1,7859999 B 4369,6196 9091,775 14553,562 17657,615 9318,459 1385,6499 S 664,2592 7216,259 14359,751 13698,432 5995,323 2415,9954
1,7859999 B 4369,6196 9091,775 14553,562 17657,615 9318,459 1385,6499 S 664,2592 7216,259 14359,751 13698,432 5995,323 2415,9954
1,7859999 B 4369,6196 9091,775 14553,562 17657,615 9318,459 1385,6499 S 664,2592 7216,259 14359,751 13698,432 5995,323 2415,9954
1,7860004 B 4369,6196 9091,775 14553,562 17657,615 9318,459 1385,6499 S 664,2592 7216,259 14359,751 13698,432 5995,323 2415,9954
1,7868309 B 4369,6196 9091,775 14553,562 17657,615 9318,459 1385,6499 S 664,2592 7216,259 14359,751 13698,432 5995,323 2415,9954
1,7887576 B 4369,6196 9091,775 14553,562 17657,615 9318,459 1385,6499 S 664,2592 7216,259 14359,751 13698,432 5995,323 2415,9954
1,7902416 B 4369,6196 9091,775 14553,562 17657,615 9318,459 1385,6499 S 664,2592 7216,259 14359,751 13698,432 5995,323 2415,9954
1,792459 B 4369,6196 9091,775 14553,562 17657,615 9318,459 1385,6499 S 664,2592 7216,259 14359,751 13698,432 5995,323 2415,9954
1,7929994 B 4369,6196 9091,775 14553,562 17657,615 9318,459 1385,6499 S 664,2592 7216,259 14359,751 13698,432 5995,323 2415,9954
1,7916415 B 4369,6196 9091,775 14553,562 17657,615 9318,459 1385,6499 S 664,2592 7216,259 14359,751 13698,432 5995,323 2415,9954
1,7895694 B 4369,6196 9091,775 14553,562 17657,615 9318,459 1385,6499 S 664,2592 7216,259 14359,751 13698,432 5995,323 2415,9954
1,7880003 B 4369,6196 9091,775 14553,562 17657,615 9318,459 1385,6499 S 664,2592 7216,259 14359,751 13698,432 5995,323 2415,9954
1,7880002 B 4369,6196 9091,775 14553,562 17657,615 9318,459 1385,6499 S 664,2592 7216,259 14359,751 13698,432 5995,323 2415,9954
1,788885 B 4369,6196 9091,775 14553,562 17657,615 9318,459 1385,6499 S 664,2592 7216,259 14359,751 13698,432 5995,323 2415,9954
1,7899364 B 4369,6196 9091,775 14553,562 17657,615 9318,459 1385,6499 S 664,2592 7216,259 14359,751 13698,432 5995,323 2415,9954
1,7910002 B 4369,6196 9091,775 14553,562 17657,615 9318,459 1385,6499 S 664,2592 7216,259 14359,751 13698,432 5995,323 2415,9954
1,789755 B 4369,6196 9091,775 14553,562 17657,615 9318,459 1385,6499 S 664,2592 7216,259 14359,751 13698,432 5995,323 2415,9954
1,7889994 B 4369,6196 9091,775 14553,562 17657,615 9318,459 1385,6499 S 664,2592 7216,259 14359,751 13698,432 5995,323 2415,9954
1,787021 B 4369,6196 9091,775 14553,562 17657,615 9318,459 1385,6499 S 664,2592 7216,259 14359,751 13698,432 5995,323 2415,9954
1,7868594 B 4369,6196 9091,775 14553,562 17657,615 9318,459 1385,6499 S 664,2592 7216,259 14359,751 13698,432 5995,323 2415,9954
1,787 B 4369,6196 9091,775 14553,562 17657,615 9318,459 1385,6499 S 664,2592 7216,259 14359,751 13698,432 5995,323 2415,9954
1,7870002 B 4369,6196 9091,775 14553,562 17657,615 9318,459 1385,6499 S 664,2592 7216,259 14359,751 13698,432 5995,323 2415,9954
1,7870007 B 4369,6196 9091,775 14553,562 17657,615 9318,459 1385,6499 S 664,2592 7216,259 14359,751 13698,432 5995,323 2415,9954
1,7870003 B 4369,6196 9091,775 14553,562 17657,615 9318,459 1385,6499 S 664,2592 7216,259 14359,751 13698,432 5995,323 2415,9954
1,7869998 B 4369,6196 9091,775 14553,562 17657,615 9318,459 1385,6499 S 664,2592 7216,259 14359,751 13698,432 5995,323 2415,9954
1,7870002 B 4369,6196 9091,775 14553,562 17657,615 9318,459 1385,6499 S 664,2592 7216,259 14359,751 13698,432 5995,323 2415,9954
1,787 B 4369,6196 9091,775 14553,562 17657,615 9318,459 1385,6499 S 664,2592 7216,259 14359,751 13698,432 5995,323 2415,9954
1,7865007 B 4369,6196 9091,775 14553,562 17657,615 9318,459 1385,6499 S 664,2592 7216,259 14359,751 13698,432 5995,323 2415,9954
1,7860001 B 4369,6196 9091,775 14553,562 17657,615 9318,459 1385,6499 S 664,2592 7216,259 14359,751 13698,432 5995,323 2415,9954
1,7860007 B 4369,6196 9091,775 14553,562 17657,615 9318,459 1385,6499 S 664,2592 7216,259 14359,751 13698,432 5995,323 2415,9954
1,786181 B 4369,6196 9091,775 14553,562 17657,615 9318,459 1385,6499 S 664,2592 7216,259 14359,751 13698,432 5995,323 2415,9954
1,788 B 4369,6196 9091,775 14553,562 17657,615 9318,459 1385,6499 S 664,2592 7216,259 14359,751 13698,432 5995,323 2415,9954
1,7882435 B 4369,6196 9091,775 14553,562 17657,615 9318,459 1385,6499 S 664,2592 7216,259 14359,751 13698,432 5995,323 2415,9954
1,7889996 B 4369,6196 9091,775 14553,562 17657,615 9318,459 1385,6499 S 664,2592 7216,259 14359,751 13698,432 5995,323 2415,9954
1,7885997 B 4369,6196 9091,775 14553,562 17657,615 9318,459 1385,6499 S 664,2592 7216,259 14359,751 13698,432 5995,323 2415,9954
1,7880003 B 4369,6196 9091,775 14553,562 17657,615 9318,459 1385,6499 S 664,2592 7216,259 14359,751 13698,432 5995,323 2415,9954
1,7870867 B 4369,6196 9091,775 14553,562 17657,615 9318,459 1385,6499 S 664,2592 7216,259 14359,751 13698,432 5995,323 2415,9954
1,7859575 B 4369,6196 9091,775 14553,562 17657,615 9318,459 1385,6499 S 664,2592 7216,259 14359,751 13698,432 5995,323 2415,9954
1,785 B 4369,6196 9091,775 14553,562 17657,615 9318,459 1385,6499 S 664,2592 7216,259 14359,751 13698,432 5995,323 2415,9954
1,785 B 4369,6196 9091,775 14553,562 17657,615 9318,459 1385,6499 S 664,2592 7216,259 14359,751 13698,432 5995,323 2415,9954
1,7850003 B 4369,6196 9091,775 14553,562 17657,615 9318,459 1385,6499 S 664,2592 7216,259 14359,751 13698,432 5995,323 2415,9954
1,785 B 4369,6196 9091,775 14553,562 17657,615 9318,459 1385,6499 S 664,2592 7216,259 14359,751 13698,432 5995,323 2415,9954
1,7850003 B 4369,6196 9091,775 14553,562 17657,615 9318,459 1385,6499 S 664,2592 7216,259 14359,751 13698,432 5995,323 2415,9954
1,7862633 B 4369,6196 9091,775 14553,562 17657,615 9318,459 1385,6499 S 664,2592 7216,259 14359,751 13698,432 5995,323 2415,9954
1,7870002 B 4369,6196 9091,775 14553,562 17657,615 9318,459 1385,6499 S 664,2592 7216,259 14359,751 13698,432 5995,323 2415,9954
1,7870002 B 4369,6196 9091,775 14553,562 17657,615 9318,459 1385,6499 S 664,2592 7216,259 14359,751 13698,432 5995,323 2415,9954
1,7871366 B 4369,6196 9091,775 14553,562 17657,615 9318,459 1385,6499 S 664,2592 7216,259 14359,751 13698,432 5995,323 2415,9954
1,7854316 B 4369,6196 9091,775 14553,562 17657,615 9318,459 1385,6499 S 664,2592 7216,259 14359,751 13698,432 5995,323 2415,9954
1,7850001 B 4369,6196 9091,775 14553,562 17657,615 9318,459 1385,6499 S 664,2592 7216,259 14359,751 13698,432 5995,323 2415,9954
1,7850003 B 4369,6196 9091,775 14553,562 17657,615 9318,459 1385,6499 S 664,2592 7216,259 14359,751 13698,432 5995,323 2415,9954
1,7849998 B 4369,6196 9091,775 14553,562 17657,615 9318,459 1385,6499 S 664,2592 7216,259 14359,751 13698,432 5995,323 2415,9954
1,7846171 B 4369,6196 9091,775 14553,562 17657,615 9318,459 1385,6499 S 664,2592 7216,259 14359,751 13698,432 5995,323 2415,9954
1,7838172 B 4369,6196 9091,775 14553,562 17657,615 9318,459 1385,6499 S 664,2592 7216,259 14359,751 13698,432 5995,323 2415,9954
1,7830005 B 4369,6196 9091,775 14553,562 17657,615 9318,459 1385,6499 S 664,2592 7216,259 14359,751 13698,432 5995,323 2415,9954
1,7829999 B 4369,6196 9091,775 14553,562 17657,615 9318,459 1385,6499 S 664,2592 7216,259 14359,751 13698,432 5995,323 2415,9954
1,7830001 B 4369,6196 9091,775 14553,562 17657,615 9318,459 1385,6499 S 664,2592 7216,259 14359,751 13698,432 5995,323 2415,9954
1,7829999 B 4369,6196 9091,775 14553,562 17657,615 9318,459 1385,6499 S 664,2592 7216,259 14359,751 13698,432 5995,323 2415,9954
1,7845616 B 4369,6196 9091,775 14553,562 17657,615 9318,459 1385,6499 S 664,2592 7216,259 14359,751 13698,432 5995,323 2415,9954
1,7850001 B 4369,6196 9091,775 14553,562 17657,615 9318,459 1385,6499 S 664,2592 7216,259 14359,751 13698,432 5995,323 2415,9954
1,7849998 B 4369,6196 9091,775 14553,562 17657,615 9318,459 1385,6499 S 664,2592 7216,259 14359,751 13698,432 5995,323 2415,9954
1,7850001 B 4369,6196 9091,775 14553,562 17657,615 9318,459 1385,6499 S 664,2592 7216,259 14359,751 13698,432 5995,323 2415,9954
1,7835383 B 4369,6196 9091,775 14553,562 17657,615 9318,459 1385,6499 S 664,2592 7216,259 14359,751 13698,432 5995,323 2415,9954
1,7823749 B 4369,6196 9091,775 14553,562 17657,615 9318,459 1385,6499 S 664,2592 7216,259 14359,751 13698,432 5995,323 2415,9954
1,7829894 B 4369,6196 9091,775 14553,562 17657,615 9318,459 1385,6499 S 664,2592 7216,259 14359,751 13698,432 5995,323 2415,9954
1,7830002 B 4369,6196 9091,775 14553,562 17657,615 9318,459 1385,6499 S 664,2592 7216,259 14359,751 13698,432 5995,323 2415,9954
1,7830005 B 4369,6196 9091,775 14553,562 17657,615 9318,459 1385,6499 S 664,2592 7216,259 14359,751 13698,432 5995,323 2415,9954
1,7829999 B 4369,6196 9091,775 14553,562 17657,615 9318,459 1385,6499 S 664,2592 7216,259 14359,751 13698,432 5995,323 2415,9954
1,7830001 B 4369,6196 9091,775 14553,562 17657,615 9318,459 1385,6499 S 664,2592 7216,259 14359,751 13698,432 5995,323 2415,9954
1,7830006 B 4369,6196 9091,775 14553,562 17657,615 9318,459 1385,6499 S 664,2592 7216,259 14359,751 13698,432 5995,323 2415,9954
1,7828466 B 4369,6196 9091,775 14553,562 17657,615 9318,459 1385,6499 S 664,2592 7216,259 14359,751 13698,432 5995,323 2415,9954
1,7819998 B 4369,6196 9091,775 14553,562 17657,615 9318,459 1385,6499 S 664,2592 7216,259 14359,751 13698,432 5995,323 2415,9954
1,7820002 B 4369,6196 9091,775 14553,562 17657,615 9318,459 1385,6499 S 664,2592 7216,259 14359,751 13698,432 5995,323 2415,9954
1,7820001 B 4369,6196 9091,775 14553,562 17657,615 9318,459 1385,6499 S 664,2592 7216,259 14359,751 13698,432 5995,323 2415,9954
1,7820001 B 4369,6196 9091,775 14553,562 17657,615 9318,459 1385,6499 S 664,2592 7216,259 14359,751 13698,432 5995,323 2415,9954
1,7826084 B 4369,6196 9091,775 14553,562 17657,615 9318,459 1385,6499 S 664,2592 7216,259 14359,751 13698,432 5995,323 2415,9954
1,7840003 B 4369,6196 9091,775 14553,562 17657,615 9318,459 1385,6499 S 664,2592 7216,259 14359,751 13698,432 5995,323 2415,9954
1,7833264 B 4369,6196 9091,775 14553,562 17657,615 9318,459 1385,6499 S 664,2592 7216,259 14359,751 13698,432 5995,323 2415,9954
1,7830005 B 4369,6196 9091,775 14553,562 17657,615 9318,459 1385,6499 S 664,2592 7216,259 14359,751 13698,432 5995,323 2415,9954
1,7829998 B 4369,6196 9091,775 14553,562 17657,615 9318,459 1385,6499 S 664,2592 7216,259 14359,751 13698,432 5995,323 2415,9954
1,7814547 B 4369,6196 9091,775 14553,562 17657,615 9318,459 1385,6499 S 664,2592 7216,259 14359,751 13698,432 5995,323 2415,9954
1,7819932 B 4369,6196 9091,775 14553,562 17657,615 9318,459 1385,6499 S 664,2592 7216,259 14359,751 13698,432 5995,323 2415,9954
1,7830003 B 4369,6196 9091,775 14553,562 17657,615 9318,459 1385,6499 S 664,2592 7216,259 14359,751 13698,432 5995,323 2415,9954
1,7829999 B 4369,6196 9091,775 14553,562 17657,615 9318,459 1385,6499 S 664,2592 7216,259 14359,751 13698,432 5995,323 2415,9954
1,7844347 B 4369,6196 9091,775 14553,562 17657,615 9318,459 1385,6499 S 664,2592 7216,259 14359,751 13698,432 5995,323 2415,9954
1,7849996 B 4369,6196 9091,775 14553,562 17657,615 9318,459 1385,6499 S 664,2592 7216,259 14359,751 13698,432 5995,323 2415,9954
1,7814571 B 4369,6196 9091,775 14553,562 17657,615 9318,459 1385,6499 S 664,2592 7216,259 14359,751 13698,432 5995,323 2415,9954
1,779105 B 4369,6196 9091,775 14553,562 17657,615 9318,459 1385,6499 S 664,2592 7216,259 14359,751 13698,432 5995,323 2415,9954
1,7813853 B 4369,6196 9091,775 14553,562 17657,615 9318,459 1385,6499 S 664,2592 7216,259 14359,751 13698,432 5995,323 2415,9954
1,7854103 B 4369,6196 9091,775 14553,562 17657,615 9318,459 1385,6499 S 664,2592 7216,259 14359,751 13698,432 5995,323 2415,9954
1,7861937 B 4369,6196 9091,775 14553,562 17657,615 9318,459 1385,6499 S 664,2592 7216,259 14359,751 13698,432 5995,323 2415,9954
1,7869998 B 4369,6196 9091,775 14553,562 17657,615 9318,459 1385,6499 S 664,2592 7216,259 14359,751 13698,432 5995,323 2415,9954
1,7869998 B 4369,6196 9091,775 14553,562 17657,615 9318,459 1385,6499 S 664,2592 7216,259 14359,751 13698,432 5995,323 2415,9954
1,7870004 B 4369,6196 9091,775 14553,562 17657,615 9318,459 1385,6499 S 664,2592 7216,259 14359,751 13698,432 5995,323 2415,9954
1,7870002 B 4369,6196 9091,775 14553,562 17657,615 9318,459 1385,6499 S 664,2592 7216,259 14359,751 13698,432 5995,323 2415,9954
1,7869998 B 4369,6196 9091,775 14553,562 17657,615 9318,459 1385,6499 S 664,2592 7216,259 14359,751 13698,432 5995,323 2415,9954
