1,8295856
1,8220003 B 4070,6328 9224,309 11336,545 9593,263 7485,373 11863,951 S 4231,146 6087,205 12212,955 9335,316 8812,128 9111,026
1,8219999 B 4070,6328 9224,309 11336,545 9593,263 7485,373 11863,951 S 4231,146 6087,205 12212,955 9335,316 8812,128 9111,026
1,8222364 B 4070,6328 9224,309 11336,545 9593,263 7485,373 11863,951 S 4231,146 6087,205 12212,955 9335,316 8812,128 9111,026
1,8239998 B 4070,6328 9224,309 11336,545 9593,263 7485,373 11863,951 S 4231,146 6087,205 12212,955 9335,316 8812,128 9111,026
1,8240006 B 4070,6328 9224,309 11336,545 9593,263 7485,373 11863,951 S 4231,146 6087,205 12212,955 9335,316 8812,128 9111,026
1,824 B 4070,6328 9224,309 11336,545 9593,263 7485,373 11863,951 S 4231,146 6087,205 12212,955 9335,316 8812,128 9111,026
1,8231536 B 4070,6328 9224,309 11336,545 9593,263 7485,373 11863,951 S 4231,146 6087,205 12212,955 9335,316 8812,128 9111,026
1,8221616 B 4070,6328 9224,309 11336,545 9593,263 7485,373 11863,951 S 4231,146 6087,205 12212,955 9335,316 8812,128 9111,026
1,8199623 B 4070,6328 9224,309 11336,545 9593,263 7485,373 11863,951 S 4231,146 6087,205 12212,955 9335,316 8812,128 9111,026
1,8190004 B 4070,6328 9224,309 11336,545 9593,263 7485,373 11863,951 S 4231,146 6087,205 12212,955 9335,316 8812,128 9111,026
1,8189999 B 4070,6328 9224,309 11336,545 9593,263 7485,373 11863,951 S 4231,146 6087,205 12212,955 9335,316 8812,128 9111,026
1,8196428 B 4070,6328 9224,309 11336,545 9593,263 7485,373 11863,951 S 4231,146 6087,205 12212,955 9335,316 8812,128 9111,026
1,8199999 B 4070,6328 9224,309 11336,545 9593,263 7485,373 11863,951 S 4231,146 6087,205 12212,955 9335,316 8812,128 9111,026
1,8199998 B 4070,6328 9224,309 11336,545 9593,263 7485,373 11863,951 S 4231,146 6087,205 12212,955 9335,316 8812,128 9111,026
1,8200003 B 4070,6328 9224,309 11336,545 9593,263 7485,373 11863,951 S 4231,146 6087,205 12212,955 9335,316 8812,128 9111,026
1,82 B 4070,6328 9224,309 11336,545 9593,263 7485,373 11863,951 S 4231,146 6087,205 12212,955 9335,316 8812,128 9111,026
1,8199999 B 4070,6328 9224,309 11336,545 9593,263 7485,373 11863,951 S 4231,146 6087,205 12212,955 9335,316 8812,128 9111,026
1,8200003 B 4070,6328 9224,309 11336,545 9593,263 7485,373 11863,951 S 4231,146 6087,205 12212,955 9335,316 8812,128 9111,026
1,82 B 4070,6328 9224,309 11336,545 9593,263 7485,373 11863,951 S 4231,146 6087,205 12212,955 9335,316 8812,128 9111,026
1,82 B 4070,6328 9224,309 11336,545 9593,263 7485,373 11863,951 S 4231,146 6087,205 12212,955 9335,316 8812,128 9111,026
1,8199996 B 4070,6328 9224,309 11336,545 9593,263 7485,373 11863,951 S 4231,146 6087,205 12212,955 9335,316 8812,128 9111,026
1,8200002 B 4070,6328 9224,309 11336,545 9593,263 7485,373 11863,951 S 4231,146 6087,205 12212,955 9335,316 8812,128 9111,026
1,8199998 B 4070,6328 9224,309 11336,545 9593,263 7485,373 11863,951 S 4231,146 6087,205 12212,955 9335,316 8812,128 9111,026
1,82 B 4070,6328 9224,309 11336,545 9593,263 7485,373 11863,951 S 4231,146 6087,205 12212,955 9335,316 8812,128 9111,026
1,8200003 B 4070,6328 9224,309 11336,545 9593,263 7485,373 11863,951 S 4231,146 6087,205 12212,955 9335,316 8812,128 9111,026
1,8200002 B 4070,6328 9224,309 11336,545 9593,263 7485,373 11863,951 S 4231,146 6087,205 12212,955 9335,316 8812,128 9111,026
1,8200002 B 4070,6328 9224,309 11336,545 9593,263 7485,373 11863,951 S 4231,146 6087,205 12212,955 9335,316 8812,128 9111,026
1,8200003 B 4070,6328 9224,309 11336,545 9593,263 7485,373 11863,951 S 4231,146 6087,205 12212,955 9335,316 8812,128 9111,026
1,8199995 B 4070,6328 9224,309 11336,545 9593,263 7485,373 11863,951 S 4231,146 6087,205 12212,955 9335,316 8812,128 9111,026
1,8199998 B 4070,6328 9224,309 11336,545 9593,263 7485,373 11863,951 S 4231,146 6087,205 12212,955 9335,316 8812,128 9111,026
1,8199999 B 4070,6328 9224,309 11336,545 9593,263 7485,373 11863,951 S 4231,146 6087,205 12212,955 9335,316 8812,128 9111,026
1,82 B 4070,6328 9224,309 11336,545 9593,263 7485,373 11863,951 S 4231,146 6087,205 12212,955 9335,316 8812,128 9111,026
1,8199998 B 4070,6328 9224,309 11336,545 9593,263 7485,373 11863,951 S 4231,146 6087,205 12212,955 9335,316 8812,128 9111,026
1,8209862 B 4070,6328 9224,309 11336,545 9593,263 7485,373 11863,951 S 4231,146 6087,205 12212,955 9335,316 8812,128 9111,026
1,8212085 B 4070,6328 9224,309 11336,545 9593,263 7485,373 11863,951 S 4231,146 6087,205 12212,955 9335,316 8812,128 9111,026
1,8220005 B 4070,6328 9224,309 11336,545 9593,263 7485,373 11863,951 S 4231,146 6087,205 12212,955 9335,316 8812,128 9111,026
1,822 B 4070,6328 9224,309 11336,545 9593,263 7485,373 11863,951 S 4231,146 6087,205 12212,955 9335,316 8812,128 9111,026
1,8210167 B 4070,6328 9224,309 11336,545 9593,263 7485,373 11863,951 S 4231,146 6087,205 12212,955 9335,316 8812,128 9111,026
1,8210003 B 4070,6328 9224,309 11336,545 9593,263 7485,373 11863,951 S 4231,146 6087,205 12212,955 9335,316 8812,128 9111,026
1,8209999 B 4070,6328 9224,309 11336,545 9593,263 7485,373 11863,951 S 4231,146 6087,205 12212,955 9335,316 8812,128 9111,026
1,8209997 B 4070,6328 9224,309 11336,545 9593,263 7485,373 11863,951 S 4231,146 6087,205 12212,955 9335,316 8812,128 9111,026
1,8209996 B 4070,6328 9224,309 11336,545 9593,263 7485,373 11863,951 S 4231,146 6087,205 12212,955 9335,316 8812,128 9111,026
1,8226472 B 4070,6328 9224,309 11336,545 9593,263 7485,373 11863,951 S 4231,146 6087,205 12212,955 9335,316 8812,128 9111,026
1,8233378 B 4070,6328 9224,309 11336,545 9593,263 7485,373 11863,951 S 4231,146 6087,205 12212,955 9335,316 8812,128 9111,026
1,8229995 B 4070,6328 9224,309 11336,545 9593,263 7485,373 11863,951 S 4231,146 6087,205 12212,955 9335,316 8812,128 9111,026
1,8230003 B 4070,6328 9224,309 11336,545 9593,263 7485,373 11863,951 S 4231,146 6087,205 12212,955 9335,316 8812,128 9111,026
1,8230003 B 4070,6328 9224,309 11336,545 9593,263 7485,373 11863,951 S 4231,146 6087,205 12212,955 9335,316 8812,128 9111,026
1,823 B 4070,6328 9224,309 11336,545 9593,263 7485,373 11863,951 S 4231,146 6087,205 12212,955 9335,316 8812,128 9111,026
1,8230001 B 4070,6328 9224,309 11336,545 9593,263 7485,373 11863,951 S 4231,146 6087,205 12212,955 9335,316 8812,128 9111,026
1,8229997 B 4070,6328 9224,309 11336,545 9593,263 7485,373 11863,951 S 4231,146 6087,205 12212,955 9335,316 8812,128 9111,026
1,8229997 B 4070,6328 9224,309 11336,545 9593,263 7485,373 11863,951 S 4231,146 6087,205 12212,955 9335,316 8812,128 9111,026
1,8230004 B 4070,6328 9224,309 11336,545 9593,263 7485,373 11863,951 S 4231,146 6087,205 12212,955 9335,316 8812,128 9111,026
1,8230001 B 4070,6328 9224,309 11336,545 9593,263 7485,373 11863,951 S 4231,146 6087,205 12212,955 9335,316 8812,128 9111,026
1,8229997 B 4070,6328 9224,309 11336,545 9593,263 7485,373 11863,951 S 4231,146 6087,205 12212,955 9335,316 8812,128 9111,026
1,8230001 B 4070,6328 9224,309 11336,545 9593,263 7485,373 11863,951 S 4231,146 6087,205 12212,955 9335,316 8812,128 9111,026
1,8230002 B 4070,6328 9224,309 11336,545 9593,263 7485,373 11863,951 S 4231,146 6087,205 12212,955 9335,316 8812,128 9111,026
1,8229996 B 4070,6328 9224,309 11336,545 9593,263 7485,373 11863,951 S 4231,146 6087,205 12212,955 9335,316 8812,128 9111,026
1,8229995 B 4070,6328 9224,309 11336,545 9593,263 7485,373 11863,951 S 4231,146 6087,205 12212,955 9335,316 8812,128 9111,026
1,8229998 B 4070,6328 9224,309 11336,545 9593,263 7485,373 11863,951 S 4231,146 6087,205 12212,955 9335,316 8812,128 9111,026
1,8229996 B 4070,6328 9224,309 11336,545 9593,263 7485,373 11863,951 S 4231,146 6087,205 12212,955 9335,316 8812,128 9111,026
1,8230006 B 4070,6328 9224,309 11336,545 9593,263 7485,373 11863,951 S 4231,146 6087,205 12212,955 9335,316 8812,128 9111,026
1,8229996 B 4070,6328 9224,309 11336,545 9593,263 7485,373 11863,951 S 4231,146 6087,205 12212,955 9335,316 8812,128 9111,026
1,8237469 B 4070,6328 9224,309 11336,545 9593,263 7485,373 11863,951 S 4231,146 6087,205 12212,955 9335,316 8812,128 9111,026
1,8271638 B 4070,6328 9224,309 11336,545 9593,263 7485,373 11863,951 S 4231,146 6087,205 12212,955 9335,316 8812,128 9111,026
1,8279997 B 4070,6328 9224,309 11336,545 9593,263 7485,373 11863,951 S 4231,146 6087,205 12212,955 9335,316 8812,128 9111,026
1,828511 B 4070,6328 9224,309 11336,545 9593,263 7485,373 11863,951 S 4231,146 6087,205 12212,955 9335,316 8812,128 9111,026
1,8300002 B 4070,6328 9224,309 11336,545 9593,263 7485,373 11863,951 S 4231,146 6087,205 12212,955 9335,316 8812,128 9111,026
1,83 B 4070,6328 9224,309 11336,545 9593,263 7485,373 11863,951 S 4231,146 6087,205 12212,955 9335,316 8812,128 9111,026
1,8305929 B 4070,6328 9224,309 11336,545 9593,263 7485,373 11863,951 S 4231,146 6087,205 12212,955 9335,316 8812,128 9111,026
1,831445 B 4070,6328 9224,309 11336,545 9593,263 7485,373 11863,951 S 4231,146 6087,205 12212,955 9335,316 8812,128 9111,026
1,8315427 B 4070,6328 9224,309 11336,545 9593,263 7485,373 11863,951 S 4231,146 6087,205 12212,955 9335,316 8812,128 9111,026
1,8319992 B 4070,6328 9224,309 11336,545 9593,263 7485,373 11863,951 S 4231,146 6087,205 12212,955 9335,316 8812,128 9111,026
1,8319997 B 4070,6328 9224,309 11336,545 9593,263 7485,373 11863,951 S 4231,146 6087,205 12212,955 9335,316 8812,128 9111,026
1,8320003 B 4070,6328 9224,309 11336,545 9593,263 7485,373 11863,951 S 4231,146 6087,205 12212,955 9335,316 8812,128 9111,026
1,8313222 B 4070,6328 9224,309 11336,545 9593,263 7485,373 11863,951 S 4231,146 6087,205 12212,955 9335,316 8812,128 9111,026
1,8309996 B 4070,6328 9224,309 11336,545 9593,263 7485,373 11863,951 S 4231,146 6087,205 12212,955 9335,316 8812,128 9111,026
1,8309991 B 4070,6328 9224,309 11336,545 9593,263 7485,373 11863,951 S 4231,146 6087,205 12212,955 9335,316 8812,128 9111,026
1,8310001 B 4070,6328 9224,309 11336,545 9593,263 7485,373 11863,951 S 4231,146 6087,205 12212,955 9335,316 8812,128 9111,026
1,8309999 B 4070,6328 9224,309 11336,545 9593,263 7485,373 11863,951 S 4231,146 6087,205 12212,955 9335,316 8812,128 9111,026
1,8309999 B 4070,6328 9224,309 11336,545 9593,263 7485,373 11863,951 S 4231,146 6087,205 12212,955 9335,316 8812,128 9111,026
1,8309999 B 4070,6328 9224,309 11336,545 9593,263 7485,373 11863,951 S 4231,146 6087,205 12212,955 9335,316 8812,128 9111,026
1,8302156 B 4070,6328 9224,309 11336,545 9593,263 7485,373 11863,951 S 4231,146 6087,205 12212,955 9335,316 8812,128 9111,026
1,8301846 B 4070,6328 9224,309 11336,545 9593,263 7485,373 11863,951 S 4231,146 6087,205 12212,955 9335,316 8812,128 9111,026
1,832 B 4070,6328 9224,309 11336,545 9593,263 7485,373 11863,951 S 4231,146 6087,205 12212,955 9335,316 8812,128 9111,026
1,8320004 B 4070,6328 9224,309 11336,545 9593,263 7485,373 11863,951 S 4231,146 6087,205 12212,955 9335,316 8812,128 9111,026
1,8319994 B 4070,6328 9224,309 11336,545 9593,263 7485,373 11863,951 S 4231,146 6087,205 12212,955 9335,316 8812,128 9111,026
1,832 B 4070,6328 9224,309 11336,545 9593,263 7485,373 11863,951 S 4231,146 6087,205 12212,955 9335,316 8812,128 9111,026
1,8319999 B 4070,6328 9224,309 11336,545 9593,263 7485,373 11863,951 S 4231,146 6087,205 12212,955 9335,316 8812,128 9111,026
1,832306 B 4070,6328 9224,309 11336,545 9593,263 7485,373 11863,951 S 4231,146 6087,205 12212,955 9335,316 8812,128 9111,026
1,8337624 B 4070,6328 9224,309 11336,545 9593,263 7485,373 11863,951 S 4231,146 6087,205 12212,955 9335,316 8812,128 9111,026
1,8339999 B 4070,6328 9224,309 11336,545 9593,263 7485,373 11863,951 S 4231,146 6087,205 12212,955 9335,316 8812,128 9111,026
1,8339999 B 4070,6328 9224,309 11336,545 9593,263 7485,373 11863,951 S 4231,146 6087,205 12212,955 9335,316 8812,128 9111,026
1,8340001 B 4070,6328 9224,309 11336,545 9593,263 7485,373 11863,951 S 4231,146 6087,205 12212,955 9335,316 8812,128 9111,026
1,8340003 B 4070,6328 9224,309 11336,545 9593,263 7485,373 11863,951 S 4231,146 6087,205 12212,955 9335,316 8812,128 9111,026
1,8341 B 4070,6328 9224,309 11336,545 9593,263 7485,373 11863,951 S 4231,146 6087,205 12212,955 9335,316 8812,128 9111,026
1,8345187 B 4070,6328 9224,309 11336,545 9593,263 7485,373 11863,951 S 4231,146 6087,205 12212,955 9335,316 8812,128 9111,026
1,8340003 B 4070,6328 9224,309 11336,545 9593,263 7485,373 11863,951 S 4231,146 6087,205 12212,955 9335,316 8812,128 9111,026
1,8339996 B 4070,6328 9224,309 11336,545 9593,263 7485,373 11863,951 S 4231,146 6087,205 12212,955 9335,316 8812,128 9111,026
1,8340011 B 4070,6328 9224,309 11336,545 9593,263 7485,373 11863,951 S 4231,146 6087,205 12212,955 9335,316 8812,128 9111,026
1,8349998 B 4070,6328 9224,309 11336,545 9593,263 7485,373 11863,951 S 4231,146 6087,205 12212,955 9335,316 8812,128 9111,026
1,8349531 B 4070,6328 9224,309 11336,545 9593,263 7485,373 11863,951 S 4231,146 6087,205 12212,955 9335,316 8812,128 9111,026
1,8339996 B 4070,6328 9224,309 11336,545 9593,263 7485,373 11863,951 S 4231,146 6087,205 12212,955 9335,316 8812,128 9111,026
1,8339994 B 4070,6328 9224,309 11336,545 9593,263 7485,373 11863,951 S 4231,146 6087,205 12212,955 9335,316 8812,128 9111,026
1,834 B 4070,6328 9224,309 11336,545 9593,263 7485,373 11863,951 S 4231,146 6087,205 12212,955 9335,316 8812,128 9111,026
1,834 B 4070,6328 9224,309 11336,545 9593,263 7485,373 11863,951 S 4231,146 6087,205 12212,955 9335,316 8812,128 9111,026
1,8340001 B 4070,6328 9224,309 11336,545 9593,263 7485,373 11863,951 S 4231,146 6087,205 12212,955 9335,316 8812,128 9111,026
1,8340002 B 4070,6328 9224,309 11336,545 9593,263 7485,373 11863,951 S 4231,146 6087,205 12212,955 9335,316 8812,128 9111,026
1,8339998 B 4070,6328 9224,309 11336,545 9593,263 7485,373 11863,951 S 4231,146 6087,205 12212,955 9335,316 8812,128 9111,026
1,8339998 B 4070,6328 9224,309 11336,545 9593,263 7485,373 11863,951 S 4231,146 6087,205 12212,955 9335,316 8812,128 9111,026
1,8332647 B 4070,6328 9224,309 11336,545 9593,263 7485,373 11863,951 S 4231,146 6087,205 12212,955 9335,316 8812,128 9111,026
1,8320003 B 4070,6328 9224,309 11336,545 9593,263 7485,373 11863,951 S 4231,146 6087,205 12212,955 9335,316 8812,128 9111,026
1,8320005 B 4070,6328 9224,309 11336,545 9593,263 7485,373 11863,951 S 4231,146 6087,205 12212,955 9335,316 8812,128 9111,026
1,8324199 B 4070,6328 9224,309 11336,545 9593,263 7485,373 11863,951 S 4231,146 6087,205 12212,955 9335,316 8812,128 9111,026
1,8330204 B 4070,6328 9224,309 11336,545 9593,263 7485,373 11863,951 S 4231,146 6087,205 12212,955 9335,316 8812,128 9111,026
1,8340003 B 4070,6328 9224,309 11336,545 9593,263 7485,373 11863,951 S 4231,146 6087,205 12212,955 9335,316 8812,128 9111,026
1,8340001 B 4070,6328 9224,309 11336,545 9593,263 7485,373 11863,951 S 4231,146 6087,205 12212,955 9335,316 8812,128 9111,026
1,8340003 B 4070,6328 9224,309 11336,545 9593,263 7485,373 11863,951 S 4231,146 6087,205 12212,955 9335,316 8812,128 9111,026
1,8338082 B 4070,6328 9224,309 11336,545 9593,263 7485,373 11863,951 S 4231,146 6087,205 12212,955 9335,316 8812,128 9111,026
1,8325695 B 4070,6328 9224,309 11336,545 9593,263 7485,373 11863,951 S 4231,146 6087,205 12212,955 9335,316 8812,128 9111,026
1,8321114 B 4070,6328 9224,309 11336,545 9593,263 7485,373 11863,951 S 4231,146 6087,205 12212,955 9335,316 8812,128 9111,026
1,833 B 4070,6328 9224,309 11336,545 9593,263 7485,373 11863,951 S 4231,146 6087,205 12212,955 9335,316 8812,128 9111,026
1,8330008 B 4070,6328 9224,309 11336,545 9593,263 7485,373 11863,951 S 4231,146 6087,205 12212,955 9335,316 8812,128 9111,026
1,8312249 B 4070,6328 9224,309 11336,545 9593,263 7485,373 11863,951 S 4231,146 6087,205 12212,955 9335,316 8812,128 9111,026
1,8309993 B 4070,6328 9224,309 11336,545 9593,263 7485,373 11863,951 S 4231,146 6087,205 12212,955 9335,316 8812,128 9111,026
1,8310002 B 4070,6328 9224,309 11336,545 9593,263 7485,373 11863,951 S 4231,146 6087,205 12212,955 9335,316 8812,128 9111,026
1,8311782 B 4070,6328 9224,309 11336,545 9593,263 7485,373 11863,951 S 4231,146 6087,205 12212,955 9335,316 8812,128 9111,026
1,832 B 4070,6328 9224,309 11336,545 9593,263 7485,373 11863,951 S 4231,146 6087,205 12212,955 9335,316 8812,128 9111,026
1,8320003 B 4070,6328 9224,309 11336,545 9593,263 7485,373 11863,951 S 4231,146 6087,205 12212,955 9335,316 8812,128 9111,026
1,8320001 B 4070,6328 9224,309 11336,545 9593,263 7485,373 11863,951 S 4231,146 6087,205 12212,955 9335,316 8812,128 9111,026
1,8323833 B 4070,6328 9224,309 11336,545 9593,263 7485,373 11863,951 S 4231,146 6087,205 12212,955 9335,316 8812,128 9111,026
1,8319997 B 4070,6328 9224,309 11336,545 9593,263 7485,373 11863,951 S 4231,146 6087,205 12212,955 9335,316 8812,128 9111,026
1,8320004 B 4070,6328 9224,309 11336,545 9593,263 7485,373 11863,951 S 4231,146 6087,205 12212,955 9335,316 8812,128 9111,026
1,8319999 B 4070,6328 9224,309 11336,545 9593,263 7485,373 11863,951 S 4231,146 6087,205 12212,955 9335,316 8812,128 9111,026
1,8319999 B 4070,6328 9224,309 11336,545 9593,263 7485,373 11863,951 S 4231,146 6087,205 12212,955 9335,316 8812,128 9111,026
1,8320003 B 4070,6328 9224,309 11336,545 9593,263 7485,373 11863,951 S 4231,146 6087,205 12212,955 9335,316 8812,128 9111,026
1,8319995 B 4070,6328 9224,309 11336,545 9593,263 7485,373 11863,951 S 4231,146 6087,205 12212,955 9335,316 8812,128 9111,026
1,8320003 B 4070,6328 9224,309 11336,545 9593,263 7485,373 11863,951 S 4231,146 6087,205 12212,955 9335,316 8812,128 9111,026
1,8319994 B 4070,6328 9224,309 11336,545 9593,263 7485,373 11863,951 S 4231,146 6087,205 12212,955 9335,316 8812,128 9111,026
1,8313174 B 4070,6328 9224,309 11336,545 9593,263 7485,373 11863,951 S 4231,146 6087,205 12212,955 9335,316 8812,128 9111,026
1,8309994 B 4070,6328 9224,309 11336,545 9593,263 7485,373 11863,951 S 4231,146 6087,205 12212,955 9335,316 8812,128 9111,026
1,8309995 B 4070,6328 9224,309 11336,545 9593,263 7485,373 11863,951 S 4231,146 6087,205 12212,955 9335,316 8812,128 9111,026
1,831 B 4070,6328 9224,309 11336,545 9593,263 7485,373 11863,951 S 4231,146 6087,205 12212,955 9335,316 8812,128 9111,026
1,8309995 B 4070,6328 9224,309 11336,545 9593,263 7485,373 11863,951 S 4231,146 6087,205 12212,955 9335,316 8812,128 9111,026
1,8309997 B 4070,6328 9224,309 11336,545 9593,263 7485,373 11863,951 S 4231,146 6087,205 12212,955 9335,316 8812,128 9111,026
1,8309996 B 4070,6328 9224,309 11336,545 9593,263 7485,373 11863,951 S 4231,146 6087,205 12212,955 9335,316 8812,128 9111,026
1,8309996 B 4070,6328 9224,309 11336,545 9593,263 7485,373 11863,951 S 4231,146 6087,205 12212,955 9335,316 8812,128 9111,026
1,8309996 B 4070,6328 9224,309 11336,545 9593,263 7485,373 11863,951 S 4231,146 6087,205 12212,955 9335,316 8812,128 9111,026
1,8310001 B 4070,6328 9224,309 11336,545 9593,263 7485,373 11863,951 S 4231,146 6087,205 12212,955 9335,316 8812,128 9111,026
1,8309995 B 4070,6328 9224,309 11336,545 9593,263 7485,373 11863,951 S 4231,146 6087,205 12212,955 9335,316 8812,128 9111,026
1,8302149 B 4070,6328 9224,309 11336,545 9593,263 7485,373 11863,951 S 4231,146 6087,205 12212,955 9335,316 8812,128 9111,026
1,8298696 B 4070,6328 9224,309 11336,545 9593,263 7485,373 11863,951 S 4231,146 6087,205 12212,955 9335,316 8812,128 9111,026
1,8300003 B 4070,6328 9224,309 11336,545 9593,263 7485,373 11863,951 S 4231,146 6087,205 12212,955 9335,316 8812,128 9111,026
1,8290206 B 4070,6328 9224,309 11336,545 9593,263 7485,373 11863,951 S 4231,146 6087,205 12212,955 9335,316 8812,128 9111,026
1,8290001 B 4070,6328 9224,309 11336,545 9593,263 7485,373 11863,951 S 4231,146 6087,205 12212,955 9335,316 8812,128 9111,026
1,829 B 4070,6328 9224,309 11336,545 9593,263 7485,373 11863,951 S 4231,146 6087,205 12212,955 9335,316 8812,128 9111,026
1,8289999 B 4070,6328 9224,309 11336,545 9593,263 7485,373 11863,951 S 4231,146 6087,205 12212,955 9335,316 8812,128 9111,026
1,8289998 B 4070,6328 9224,309 11336,545 9593,263 7485,373 11863,951 S 4231,146 6087,205 12212,955 9335,316 8812,128 9111,026
1,8283955 B 4070,6328 9224,309 11336,545 9593,263 7485,373 11863,951 S 4231,146 6087,205 12212,955 9335,316 8812,128 9111,026
1,8280002 B 4070,6328 9224,309 11336,545 9593,263 7485,373 11863,951 S 4231,146 6087,205 12212,955 9335,316 8812,128 9111,026
1,8279996 B 4070,6328 9224,309 11336,545 9593,263 7485,373 11863,951 S 4231,146 6087,205 12212,955 9335,316 8812,128 9111,026
1,8295668 B 4070,6328 9224,309 11336,545 9593,263 7485,373 11863,951 S 4231,146 6087,205 12212,955 9335,316 8812,128 9111,026
1,8310001 B 4070,6328 9224,309 11336,545 9593,263 7485,373 11863,951 S 4231,146 6087,205 12212,955 9335,316 8812,128 9111,026
1,8309999 B 4070,6328 9224,309 11336,545 9593,263 7485,373 11863,951 S 4231,146 6087,205 12212,955 9335,316 8812,128 9111,026
1,8309997 B 4070,6328 9224,309 11336,545 9593,263 7485,373 11863,951 S 4231,146 6087,205 12212,955 9335,316 8812,128 9111,026
1,8309997 B 4070,6328 9224,309 11336,545 9593,263 7485,373 11863,951 S 4231,146 6087,205 12212,955 9335,316 8812,128 9111,026
1,8309991 B 4070,6328 9224,309 11336,545 9593,263 7485,373 11863,951 S 4231,146 6087,205 12212,955 9335,316 8812,128 9111,026
1,8309996 B 4070,6328 9224,309 11336,545 9593,263 7485,373 11863,951 S 4231,146 6087,205 12212,955 9335,316 8812,128 9111,026
1,8309999 B 4070,6328 9224,309 11336,545 9593,263 7485,373 11863,951 S 4231,146 6087,205 12212,955 9335,316 8812,128 9111,026
1,8309996 B 4070,6328 9224,309 11336,545 9593,263 7485,373 11863,951 S 4231,146 6087,205 12212,955 9335,316 8812,128 9111,026
1,8309997 B 4070,6328 9224,309 11336,545 9593,263 7485,373 11863,951 S 4231,146 6087,205 12212,955 9335,316 8812,128 9111,026
1,831 B 4070,6328 9224,309 11336,545 9593,263 7485,373 11863,951 S 4231,146 6087,205 12212,955 9335,316 8812,128 9111,026
1,8309996 B 4070,6328 9224,309 11336,545 9593,263 7485,373 11863,951 S 4231,146 6087,205 12212,955 9335,316 8812,128 9111,026
1,8309996 B 4070,6328 9224,309 11336,545 9593,263 7485,373 11863,951 S 4231,146 6087,205 12212,955 9335,316 8812,128 9111,026
1,8309993 B 4070,6328 9224,309 11336,545 9593,263 7485,373 11863,951 S 4231,146 6087,205 12212,955 9335,316 8812,128 9111,026
1,8319782 B 4070,6328 9224,309 11336,545 9593,263 7485,373 11863,951 S 4231,146 6087,205 12212,955 9335,316 8812,128 9111,026
1,8320001 B 4070,6328 9224,309 11336,545 9593,263 7485,373 11863,951 S 4231,146 6087,205 12212,955 9335,316 8812,128 9111,026
1,8318763 B 4070,6328 9224,309 11336,545 9593,263 7485,373 11863,951 S 4231,146 6087,205 12212,955 9335,316 8812,128 9111,026
1,8310001 B 4070,6328 9224,309 11336,545 9593,263 7485,373 11863,951 S 4231,146 6087,205 12212,955 9335,316 8812,128 9111,026
1,831 B 4070,6328 9224,309 11336,545 9593,263 7485,373 11863,951 S 4231,146 6087,205 12212,955 9335,316 8812,128 9111,026
1,831 B 4070,6328 9224,309 11336,545 9593,263 7485,373 11863,951 S 4231,146 6087,205 12212,955 9335,316 8812,128 9111,026
1,830999 B 4070,6328 9224,309 11336,545 9593,263 7485,373 11863,951 S 4231,146 6087,205 12212,955 9335,316 8812,128 9111,026
1,8309993 B 4070,6328 9224,309 11336,545 9593,263 7485,373 11863,951 S 4231,146 6087,205 12212,955 9335,316 8812,128 9111,026
1,8309996 B 4070,6328 9224,309 11336,545 9593,263 7485,373 11863,951 S 4231,146 6087,205 12212,955 9335,316 8812,128 9111,026
1,831 B 4070,6328 9224,309 11336,545 9593,263 7485,373 11863,951 S 4231,146 6087,205 12212,955 9335,316 8812,128 9111,026
1,8310004 B 4070,6328 9224,309 11336,545 9593,263 7485,373 11863,951 S 4231,146 6087,205 12212,955 9335,316 8812,128 9111,026
1,8314737 B 4070,6328 9224,309 11336,545 9593,263 7485,373 11863,951 S 4231,146 6087,205 12212,955 9335,316 8812,128 9111,026
1,8318919 B 4070,6328 9224,309 11336,545 9593,263 7485,373 11863,951 S 4231,146 6087,205 12212,955 9335,316 8812,128 9111,026
1,8315194 B 4070,6328 9224,309 11336,545 9593,263 7485,373 11863,951 S 4231,146 6087,205 12212,955 9335,316 8812,128 9111,026
1,8309999 B 4070,6328 9224,309 11336,545 9593,263 7485,373 11863,951 S 4231,146 6087,205 12212,955 9335,316 8812,128 9111,026
1,8310002 B 4070,6328 9224,309 11336,545 9593,263 7485,373 11863,951 S 4231,146 6087,205 12212,955 9335,316 8812,128 9111,026
1,8309995 B 4070,6328 9224,309 11336,545 9593,263 7485,373 11863,951 S 4231,146 6087,205 12212,955 9335,316 8812,128 9111,026
1,8310004 B 4070,6328 9224,309 11336,545 9593,263 7485,373 11863,951 S 4231,146 6087,205 12212,955 9335,316 8812,128 9111,026
1,8309997 B 4070,6328 9224,309 11336,545 9593,263 7485,373 11863,951 S 4231,146 6087,205 12212,955 9335,316 8812,128 9111,026
1,8309997 B 4070,6328 9224,309 11336,545 9593,263 7485,373 11863,951 S 4231,146 6087,205 12212,955 9335,316 8812,128 9111,026
1,8309997 B 4070,6328 9224,309 11336,545 9593,263 7485,373 11863,951 S 4231,146 6087,205 12212,955 9335,316 8812,128 9111,026
1,8309997 B 4070,6328 9224,309 11336,545 9593,263 7485,373 11863,951 S 4231,146 6087,205 12212,955 9335,316 8812,128 9111,026
1,8309995 B 4070,6328 9224,309 11336,545 9593,263 7485,373 11863,951 S 4231,146 6087,205 12212,955 9335,316 8812,128 9111,026
1,8309997 B 4070,6328 9224,309 11336,545 9593,263 7485,373 11863,951 S 4231,146 6087,205 12212,955 9335,316 8812,128 9111,026
1,8310001 B 4070,6328 9224,309 11336,545 9593,263 7485,373 11863,951 S 4231,146 6087,205 12212,955 9335,316 8812,128 9111,026
1,831 B 4070,6328 9224,309 11336,545 9593,263 7485,373 11863,951 S 4231,146 6087,205 12212,955 9335,316 8812,128 9111,026
1,8311636 B 4070,6328 9224,309 11336,545 9593,263 7485,373 11863,951 S 4231,146 6087,205 12212,955 9335,316 8812,128 9111,026
1,8320003 B 4070,6328 9224,309 11336,545 9593,263 7485,373 11863,951 S 4231,146 6087,205 12212,955 9335,316 8812,128 9111,026
1,832 B 4070,6328 9224,309 11336,545 9593,263 7485,373 11863,951 S 4231,146 6087,205 12212,955 9335,316 8812,128 9111,026
1,832 B 4070,6328 9224,309 11336,545 9593,263 7485,373 11863,951 S 4231,146 6087,205 12212,955 9335,316 8812,128 9111,026
1,8320643 B 4070,6328 9224,309 11336,545 9593,263 7485,373 11863,951 S 4231,146 6087,205 12212,955 9335,316 8812,128 9111,026
1,8330007 B 4070,6328 9224,309 11336,545 9593,263 7485,373 11863,951 S 4231,146 6087,205 12212,955 9335,316 8812,128 9111,026
1,8336511 B 4070,6328 9224,309 11336,545 9593,263 7485,373 11863,951 S 4231,146 6087,205 12212,955 9335,316 8812,128 9111,026
1,8339996 B 4070,6328 9224,309 11336,545 9593,263 7485,373 11863,951 S 4231,146 6087,205 12212,955 9335,316 8812,128 9111,026
1,8340001 B 4070,6328 9224,309 11336,545 9593,263 7485,373 11863,951 S 4231,146 6087,205 12212,955 9335,316 8812,128 9111,026
1,8339999 B 4070,6328 9224,309 11336,545 9593,263 7485,373 11863,951 S 4231,146 6087,205 12212,955 9335,316 8812,128 9111,026
1,8334464 B 4070,6328 9224,309 11336,545 9593,263 7485,373 11863,951 S 4231,146 6087,205 12212,955 9335,316 8812,128 9111,026
1,8330002 B 4070,6328 9224,309 11336,545 9593,263 7485,373 11863,951 S 4231,146 6087,205 12212,955 9335,316 8812,128 9111,026
1,8330003 B 4070,6328 9224,309 11336,545 9593,263 7485,373 11863,951 S 4231,146 6087,205 12212,955 9335,316 8812,128 9111,026
1,8333827 B 4070,6328 9224,309 11336,545 9593,263 7485,373 11863,951 S 4231,146 6087,205 12212,955 9335,316 8812,128 9111,026
1,8340002 B 4070,6328 9224,309 11336,545 9593,263 7485,373 11863,951 S 4231,146 6087,205 12212,955 9335,316 8812,128 9111,026
1,834 B 4070,6328 9224,309 11336,545 9593,263 7485,373 11863,951 S 4231,146 6087,205 12212,955 9335,316 8812,128 9111,026
1,8340002 B 4070,6328 9224,309 11336,545 9593,263 7485,373 11863,951 S 4231,146 6087,205 12212,955 9335,316 8812,128 9111,026
1,8339999 B 4070,6328 9224,309 11336,545 9593,263 7485,373 11863,951 S 4231,146 6087,205 12212,955 9335,316 8812,128 9111,026
1,8345497 B 4070,6328 9224,309 11336,545 9593,263 7485,373 11863,951 S 4231,146 6087,205 12212,955 9335,316 8812,128 9111,026
1,8349996 B 4070,6328 9224,309 11336,545 9593,263 7485,373 11863,951 S 4231,146 6087,205 12212,955 9335,316 8812,128 9111,026
1,8352051 B 4070,6328 9224,309 11336,545 9593,263 7485,373 11863,951 S 4231,146 6087,205 12212,955 9335,316 8812,128 9111,026
1,8360009 B 4070,6328 9224,309 11336,545 9593,263 7485,373 11863,951 S 4231,146 6087,205 12212,955 9335,316 8812,128 9111,026
1,8358693 B 4070,6328 9224,309 11336,545 9593,263 7485,373 11863,951 S 4231,146 6087,205 12212,955 9335,316 8812,128 9111,026
1,8349999 B 4070,6328 9224,309 11336,545 9593,263 7485,373 11863,951 S 4231,146 6087,205 12212,955 9335,316 8812,128 9111,026
1,8349998 B 4070,6328 9224,309 11336,545 9593,263 7485,373 11863,951 S 4231,146 6087,205 12212,955 9335,316 8812,128 9111,026
1,8349998 B 4070,6328 9224,309 11336,545 9593,263 7485,373 11863,951 S 4231,146 6087,205 12212,955 9335,316 8812,128 9111,026
1,8354558 B 4070,6328 9224,309 11336,545 9593,263 7485,373 11863,951 S 4231,146 6087,205 12212,955 9335,316 8812,128 9111,026
1,8371581 B 4070,6328 9224,309 11336,545 9593,263 7485,373 11863,951 S 4231,146 6087,205 12212,955 9335,316 8812,128 9111,026
1,8389363 B 4070,6328 9224,309 11336,545 9593,263 7485,373 11863,951 S 4231,146 6087,205 12212,955 9335,316 8812,128 9111,026
1,8393509 B 4070,6328 9224,309 11336,545 9593,263 7485,373 11863,951 S 4231,146 6087,205 12212,955 9335,316 8812,128 9111,026
1,8398803 B 4070,6328 9224,309 11336,545 9593,263 7485,373 11863,951 S 4231,146 6087,205 12212,955 9335,316 8812,128 9111,026
1,8388778 B 4070,6328 9224,309 11336,545 9593,263 7485,373 11863,951 S 4231,146 6087,205 12212,955 9335,316 8812,128 9111,026
1,8380009 B 4070,6328 9224,309 11336,545 9593,263 7485,373 11863,951 S 4231,146 6087,205 12212,955 9335,316 8812,128 9111,026
1,8380005 B 4070,6328 9224,309 11336,545 9593,263 7485,373 11863,951 S 4231,146 6087,205 12212,955 9335,316 8812,128 9111,026
1,8379996 B 4070,6328 9224,309 11336,545 9593,263 7485,373 11863,951 S 4231,146 6087,205 12212,955 9335,316 8812,128 9111,026
1,8382151 B 4070,6328 9224,309 11336,545 9593,263 7485,373 11863,951 S 4231,146 6087,205 12212,955 9335,316 8812,128 9111,026
1,839 B 4070,6328 9224,309 11336,545 9593,263 7485,373 11863,951 S 4231,146 6087,205 12212,955 9335,316 8812,128 9111,026
1,8390002 B 4070,6328 9224,309 11336,545 9593,263 7485,373 11863,951 S 4231,146 6087,205 12212,955 9335,316 8812,128 9111,026
1,8389995 B 4070,6328 9224,309 11336,545 9593,263 7485,373 11863,951 S 4231,146 6087,205 12212,955 9335,316 8812,128 9111,026
1,8398106 B 4070,6328 9224,309 11336,545 9593,263 7485,373 11863,951 S 4231,146 6087,205 12212,955 9335,316 8812,128 9111,026
