1,7934
1,8090707 B 4531,491 8343,533 9340,953 7731,3994 10541,854 6770,3877 S 2523,9524 14983,029 13298,47 14854,7705 4185,8564 131,75996
1,8066533 B 4531,491 8343,533 9340,953 7731,3994 10541,854 6770,3877 S 2523,9524 14983,029 13298,47 14854,7705 4185,8564 131,75996
1,8059998 B 4531,491 8343,533 9340,953 7731,3994 10541,854 6770,3877 S 2523,9524 14983,029 13298,47 14854,7705 4185,8564 131,75996
1,8059995 B 4531,491 8343,533 9340,953 7731,3994 10541,854 6770,3877 S 2523,9524 14983,029 13298,47 14854,7705 4185,8564 131,75996
1,8059998 B 4531,491 8343,533 9340,953 7731,3994 10541,854 6770,3877 S 2523,9524 14983,029 13298,47 14854,7705 4185,8564 131,75996
1,8055146 B 4531,491 8343,533 9340,953 7731,3994 10541,854 6770,3877 S 2523,9524 14983,029 13298,47 14854,7705 4185,8564 131,75996
1,8049998 B 4531,491 8343,533 9340,953 7731,3994 10541,854 6770,3877 S 2523,9524 14983,029 13298,47 14854,7705 4185,8564 131,75996
1,8049998 B 4531,491 8343,533 9340,953 7731,3994 10541,854 6770,3877 S 2523,9524 14983,029 13298,47 14854,7705 4185,8564 131,75996
1,8050007 B 4531,491 8343,533 9340,953 7731,3994 10541,854 6770,3877 S 2523,9524 14983,029 13298,47 14854,7705 4185,8564 131,75996
1,8050001 B 4531,491 8343,533 9340,953 7731,3994 10541,854 6770,3877 S 2523,9524 14983,029 13298,47 14854,7705 4185,8564 131,75996
1,8050003 B 4531,491 8343,533 9340,953 7731,3994 10541,854 6770,3877 S 2523,9524 14983,029 13298,47 14854,7705 4185,8564 131,75996
1,8050004 B 4531,491 8343,533 9340,953 7731,3994 10541,854 6770,3877 S 2523,9524 14983,029 13298,47 14854,7705 4185,8564 131,75996
1,8050002 B 4531,491 8343,533 9340,953 7731,3994 10541,854 6770,3877 S 2523,9524 14983,029 13298,47 14854,7705 4185,8564 131,75996
1,805 B 4531,491 8343,533 9340,953 7731,3994 10541,854 6770,3877 S 2523,9524 14983,029 13298,47 14854,7705 4185,8564 131,75996
1,8067343 B 4531,491 8343,533 9340,953 7731,3994 10541,854 6770,3877 S 2523,9524 14983,029 13298,47 14854,7705 4185,8564 131,75996
1,8089998 B 4531,491 8343,533 9340,953 7731,3994 10541,854 6770,3877 S 2523,9524 14983,029 13298,47 14854,7705 4185,8564 131,75996
1,8090004 B 4531,491 8343,533 9340,953 7731,3994 10541,854 6770,3877 S 2523,9524 14983,029 13298,47 14854,7705 4185,8564 131,75996
1,8090001 B 4531,491 8343,533 9340,953 7731,3994 10541,854 6770,3877 S 2523,9524 14983,029 13298,47 14854,7705 4185,8564 131,75996
1,8090003 B 4531,491 8343,533 9340,953 7731,3994 10541,854 6770,3877 S 2523,9524 14983,029 13298,47 14854,7705 4185,8564 131,75996
1,808395 B 4531,491 8343,533 9340,953 7731,3994 10541,854 6770,3877 S 2523,9524 14983,029 13298,47 14854,7705 4185,8564 131,75996
1,8070003 B 4531,491 8343,533 9340,953 7731,3994 10541,854 6770,3877 S 2523,9524 14983,029 13298,47 14854,7705 4185,8564 131,75996
1,8069999 B 4531,491 8343,533 9340,953 7731,3994 10541,854 6770,3877 S 2523,9524 14983,029 13298,47 14854,7705 4185,8564 131,75996
1,8070006 B 4531,491 8343,533 9340,953 7731,3994 10541,854 6770,3877 S 2523,9524 14983,029 13298,47 14854,7705 4185,8564 131,75996
1,807 B 4531,491 8343,533 9340,953 7731,3994 10541,854 6770,3877 S 2523,9524 14983,029 13298,47 14854,7705 4185,8564 131,75996
1,8074558 B 4531,491 8343,533 9340,953 7731,3994 10541,854 6770,3877 S 2523,9524 14983,029 13298,47 14854,7705 4185,8564 131,75996
1,8079998 B 4531,491 8343,533 9340,953 7731,3994 10541,854 6770,3877 S 2523,9524 14983,029 13298,47 14854,7705 4185,8564 131,75996
1,8079997 B 4531,491 8343,533 9340,953 7731,3994 10541,854 6770,3877 S 2523,9524 14983,029 13298,47 14854,7705 4185,8564 131,75996
1,807893 B 4531,491 8343,533 9340,953 7731,3994 10541,854 6770,3877 S 2523,9524 14983,029 13298,47 14854,7705 4185,8564 131,75996
1,8070004 B 4531,491 8343,533 9340,953 7731,3994 10541,854 6770,3877 S 2523,9524 14983,029 13298,47 14854,7705 4185,8564 131,75996
1,8062711 B 4531,491 8343,533 9340,953 7731,3994 10541,854 6770,3877 S 2523,9524 14983,029 13298,47 14854,7705 4185,8564 131,75996
1,806 B 4531,491 8343,533 9340,953 7731,3994 10541,854 6770,3877 S 2523,9524 14983,029 13298,47 14854,7705 4185,8564 131,75996
1,8059996 B 4531,491 8343,533 9340,953 7731,3994 10541,854 6770,3877 S 2523,9524 14983,029 13298,47 14854,7705 4185,8564 131,75996
1,8059994 B 4531,491 8343,533 9340,953 7731,3994 10541,854 6770,3877 S 2523,9524 14983,029 13298,47 14854,7705 4185,8564 131,75996
1,8060005 B 4531,491 8343,533 9340,953 7731,3994 10541,854 6770,3877 S 2523,9524 14983,029 13298,47 14854,7705 4185,8564 131,75996
1,806001 B 4531,491 8343,533 9340,953 7731,3994 10541,854 6770,3877 S 2523,9524 14983,029 13298,47 14854,7705 4185,8564 131,75996
1,8067048 B 4531,491 8343,533 9340,953 7731,3994 10541,854 6770,3877 S 2523,9524 14983,029 13298,47 14854,7705 4185,8564 131,75996
1,8069994 B 4531,491 8343,533 9340,953 7731,3994 10541,854 6770,3877 S 2523,9524 14983,029 13298,47 14854,7705 4185,8564 131,75996
1,8069998 B 4531,491 8343,533 9340,953 7731,3994 10541,854 6770,3877 S 2523,9524 14983,029 13298,47 14854,7705 4185,8564 131,75996
1,8069998 B 4531,491 8343,533 9340,953 7731,3994 10541,854 6770,3877 S 2523,9524 14983,029 13298,47 14854,7705 4185,8564 131,75996
1,8077674 B 4531,491 8343,533 9340,953 7731,3994 10541,854 6770,3877 S 2523,9524 14983,029 13298,47 14854,7705 4185,8564 131,75996
1,8080001 B 4531,491 8343,533 9340,953 7731,3994 10541,854 6770,3877 S 2523,9524 14983,029 13298,47 14854,7705 4185,8564 131,75996
1,8084489 B 4531,491 8343,533 9340,953 7731,3994 10541,854 6770,3877 S 2523,9524 14983,029 13298,47 14854,7705 4185,8564 131,75996
1,8100002 B 4531,491 8343,533 9340,953 7731,3994 10541,854 6770,3877 S 2523,9524 14983,029 13298,47 14854,7705 4185,8564 131,75996
1,8100002 B 4531,491 8343,533 9340,953 7731,3994 10541,854 6770,3877 S 2523,9524 14983,029 13298,47 14854,7705 4185,8564 131,75996
1,81 B 4531,491 8343,533 9340,953 7731,3994 10541,854 6770,3877 S 2523,9524 14983,029 13298,47 14854,7705 4185,8564 131,75996
1,8100005 B 4531,491 8343,533 9340,953 7731,3994 10541,854 6770,3877 S 2523,9524 14983,029 13298,47 14854,7705 4185,8564 131,75996
1,81 B 4531,491 8343,533 9340,953 7731,3994 10541,854 6770,3877 S 2523,9524 14983,029 13298,47 14854,7705 4185,8564 131,75996
1,8100002 B 4531,491 8343,533 9340,953 7731,3994 10541,854 6770,3877 S 2523,9524 14983,029 13298,47 14854,7705 4185,8564 131,75996
1,8099995 B 4531,491 8343,533 9340,953 7731,3994 10541,854 6770,3877 S 2523,9524 14983,029 13298,47 14854,7705 4185,8564 131,75996
1,8099998 B 4531,491 8343,533 9340,953 7731,3994 10541,854 6770,3877 S 2523,9524 14983,029 13298,47 14854,7705 4185,8564 131,75996
1,807822 B 4531,491 8343,533 9340,953 7731,3994 10541,854 6770,3877 S 2523,9524 14983,029 13298,47 14854,7705 4185,8564 131,75996
1,8060634 B 4531,491 8343,533 9340,953 7731,3994 10541,854 6770,3877 S 2523,9524 14983,029 13298,47 14854,7705 4185,8564 131,75996
1,8052428 B 4531,491 8343,533 9340,953 7731,3994 10541,854 6770,3877 S 2523,9524 14983,029 13298,47 14854,7705 4185,8564 131,75996
1,8040004 B 4531,491 8343,533 9340,953 7731,3994 10541,854 6770,3877 S 2523,9524 14983,029 13298,47 14854,7705 4185,8564 131,75996
1,8032658 B 4531,491 8343,533 9340,953 7731,3994 10541,854 6770,3877 S 2523,9524 14983,029 13298,47 14854,7705 4185,8564 131,75996
1,803 B 4531,491 8343,533 9340,953 7731,3994 10541,854 6770,3877 S 2523,9524 14983,029 13298,47 14854,7705 4185,8564 131,75996
1,8029997 B 4531,491 8343,533 9340,953 7731,3994 10541,854 6770,3877 S 2523,9524 14983,029 13298,47 14854,7705 4185,8564 131,75996
1,8030678 B 4531,491 8343,533 9340,953 7731,3994 10541,854 6770,3877 S 2523,9524 14983,029 13298,47 14854,7705 4185,8564 131,75996
1,80492 B 4531,491 8343,533 9340,953 7731,3994 10541,854 6770,3877 S 2523,9524 14983,029 13298,47 14854,7705 4185,8564 131,75996
1,8060001 B 4531,491 8343,533 9340,953 7731,3994 10541,854 6770,3877 S 2523,9524 14983,029 13298,47 14854,7705 4185,8564 131,75996
1,8059996 B 4531,491 8343,533 9340,953 7731,3994 10541,854 6770,3877 S 2523,9524 14983,029 13298,47 14854,7705 4185,8564 131,75996
1,8059999 B 4531,491 8343,533 9340,953 7731,3994 10541,854 6770,3877 S 2523,9524 14983,029 13298,47 14854,7705 4185,8564 131,75996
1,8060004 B 4531,491 8343,533 9340,953 7731,3994 10541,854 6770,3877 S 2523,9524 14983,029 13298,47 14854,7705 4185,8564 131,75996
1,8060006 B 4531,491 8343,533 9340,953 7731,3994 10541,854 6770,3877 S 2523,9524 14983,029 13298,47 14854,7705 4185,8564 131,75996
1,8060001 B 4531,491 8343,533 9340,953 7731,3994 10541,854 6770,3877 S 2523,9524 14983,029 13298,47 14854,7705 4185,8564 131,75996
1,806 B 4531,491 8343,533 9340,953 7731,3994 10541,854 6770,3877 S 2523,9524 14983,029 13298,47 14854,7705 4185,8564 131,75996
1,8052609 B 4531,491 8343,533 9340,953 7731,3994 10541,854 6770,3877 S 2523,9524 14983,029 13298,47 14854,7705 4185,8564 131,75996
1,8050001 B 4531,491 8343,533 9340,953 7731,3994 10541,854 6770,3877 S 2523,9524 14983,029 13298,47 14854,7705 4185,8564 131,75996
1,8043675 B 4531,491 8343,533 9340,953 7731,3994 10541,854 6770,3877 S 2523,9524 14983,029 13298,47 14854,7705 4185,8564 131,75996
1,8039992 B 4531,491 8343,533 9340,953 7731,3994 10541,854 6770,3877 S 2523,9524 14983,029 13298,47 14854,7705 4185,8564 131,75996
1,8034022 B 4531,491 8343,533 9340,953 7731,3994 10541,854 6770,3877 S 2523,9524 14983,029 13298,47 14854,7705 4185,8564 131,75996
1,8029997 B 4531,491 8343,533 9340,953 7731,3994 10541,854 6770,3877 S 2523,9524 14983,029 13298,47 14854,7705 4185,8564 131,75996
1,8029999 B 4531,491 8343,533 9340,953 7731,3994 10541,854 6770,3877 S 2523,9524 14983,029 13298,47 14854,7705 4185,8564 131,75996
1,8030002 B 4531,491 8343,533 9340,953 7731,3994 10541,854 6770,3877 S 2523,9524 14983,029 13298,47 14854,7705 4185,8564 131,75996
1,8030003 B 4531,491 8343,533 9340,953 7731,3994 10541,854 6770,3877 S 2523,9524 14983,029 13298,47 14854,7705 4185,8564 131,75996
1,8029999 B 4531,491 8343,533 9340,953 7731,3994 10541,854 6770,3877 S 2523,9524 14983,029 13298,47 14854,7705 4185,8564 131,75996
1,8030006 B 4531,491 8343,533 9340,953 7731,3994 10541,854 6770,3877 S 2523,9524 14983,029 13298,47 14854,7705 4185,8564 131,75996
1,8030002 B 4531,491 8343,533 9340,953 7731,3994 10541,854 6770,3877 S 2523,9524 14983,029 13298,47 14854,7705 4185,8564 131,75996
1,8030001 B 4531,491 8343,533 9340,953 7731,3994 10541,854 6770,3877 S 2523,9524 14983,029 13298,47 14854,7705 4185,8564 131,75996
1,8029995 B 4531,491 8343,533 9340,953 7731,3994 10541,854 6770,3877 S 2523,9524 14983,029 13298,47 14854,7705 4185,8564 131,75996
1,8029996 B 4531,491 8343,533 9340,953 7731,3994 10541,854 6770,3877 S 2523,9524 14983,029 13298,47 14854,7705 4185,8564 131,75996
1,8032039 B 4531,491 8343,533 9340,953 7731,3994 10541,854 6770,3877 S 2523,9524 14983,029 13298,47 14854,7705 4185,8564 131,75996
1,8050009 B 4531,491 8343,533 9340,953 7731,3994 10541,854 6770,3877 S 2523,9524 14983,029 13298,47 14854,7705 4185,8564 131,75996
1,8047825 B 4531,491 8343,533 9340,953 7731,3994 10541,854 6770,3877 S 2523,9524 14983,029 13298,47 14854,7705 4185,8564 131,75996
1,8040003 B 4531,491 8343,533 9340,953 7731,3994 10541,854 6770,3877 S 2523,9524 14983,029 13298,47 14854,7705 4185,8564 131,75996
1,8036271 B 4531,491 8343,533 9340,953 7731,3994 10541,854 6770,3877 S 2523,9524 14983,029 13298,47 14854,7705 4185,8564 131,75996
1,8019998 B 4531,491 8343,533 9340,953 7731,3994 10541,854 6770,3877 S 2523,9524 14983,029 13298,47 14854,7705 4185,8564 131,75996
1,8020003 B 4531,491 8343,533 9340,953 7731,3994 10541,854 6770,3877 S 2523,9524 14983,029 13298,47 14854,7705 4185,8564 131,75996
1,8019998 B 4531,491 8343,533 9340,953 7731,3994 10541,854 6770,3877 S 2523,9524 14983,029 13298,47 14854,7705 4185,8564 131,75996
1,802 B 4531,491 8343,533 9340,953 7731,3994 10541,854 6770,3877 S 2523,9524 14983,029 13298,47 14854,7705 4185,8564 131,75996
1,8019997 B 4531,491 8343,533 9340,953 7731,3994 10541,854 6770,3877 S 2523,9524 14983,029 13298,47 14854,7705 4185,8564 131,75996
1,8023211 B 4531,491 8343,533 9340,953 7731,3994 10541,854 6770,3877 S 2523,9524 14983,029 13298,47 14854,7705 4185,8564 131,75996
1,8030001 B 4531,491 8343,533 9340,953 7731,3994 10541,854 6770,3877 S 2523,9524 14983,029 13298,47 14854,7705 4185,8564 131,75996
1,8030001 B 4531,491 8343,533 9340,953 7731,3994 10541,854 6770,3877 S 2523,9524 14983,029 13298,47 14854,7705 4185,8564 131,75996
1,8030001 B 4531,491 8343,533 9340,953 7731,3994 10541,854 6770,3877 S 2523,9524 14983,029 13298,47 14854,7705 4185,8564 131,75996
1,8023684 B 4531,491 8343,533 9340,953 7731,3994 10541,854 6770,3877 S 2523,9524 14983,029 13298,47 14854,7705 4185,8564 131,75996
1,8016537 B 4531,491 8343,533 9340,953 7731,3994 10541,854 6770,3877 S 2523,9524 14983,029 13298,47 14854,7705 4185,8564 131,75996
1,7985861 B 4531,491 8343,533 9340,953 7731,3994 10541,854 6770,3877 S 2523,9524 14983,029 13298,47 14854,7705 4185,8564 131,75996
1,7982086 B 4531,491 8343,533 9340,953 7731,3994 10541,854 6770,3877 S 2523,9524 14983,029 13298,47 14854,7705 4185,8564 131,75996
1,7980001 B 4531,491 8343,533 9340,953 7731,3994 10541,854 6770,3877 S 2523,9524 14983,029 13298,47 14854,7705 4185,8564 131,75996
1,797999 B 4531,491 8343,533 9340,953 7731,3994 10541,854 6770,3877 S 2523,9524 14983,029 13298,47 14854,7705 4185,8564 131,75996
1,7960109 B 4531,491 8343,533 9340,953 7731,3994 10541,854 6770,3877 S 2523,9524 14983,029 13298,47 14854,7705 4185,8564 131,75996
1,7970002 B 4531,491 8343,533 9340,953 7731,3994 10541,854 6770,3877 S 2523,9524 14983,029 13298,47 14854,7705 4185,8564 131,75996
1,7969998 B 4531,491 8343,533 9340,953 7731,3994 10541,854 6770,3877 S 2523,9524 14983,029 13298,47 14854,7705 4185,8564 131,75996
1,7960688 B 4531,491 8343,533 9340,953 7731,3994 10541,854 6770,3877 S 2523,9524 14983,029 13298,47 14854,7705 4185,8564 131,75996
1,7945281 B 4531,491 8343,533 9340,953 7731,3994 10541,854 6770,3877 S 2523,9524 14983,029 13298,47 14854,7705 4185,8564 131,75996
1,7939994 B 4531,491 8343,533 9340,953 7731,3994 10541,854 6770,3877 S 2523,9524 14983,029 13298,47 14854,7705 4185,8564 131,75996
1,7930645 B 4531,491 8343,533 9340,953 7731,3994 10541,854 6770,3877 S 2523,9524 14983,029 13298,47 14854,7705 4185,8564 131,75996
1,7936118 B 4531,491 8343,533 9340,953 7731,3994 10541,854 6770,3877 S 2523,9524 14983,029 13298,47 14854,7705 4185,8564 131,75996
1,7921033 B 4531,491 8343,533 9340,953 7731,3994 10541,854 6770,3877 S 2523,9524 14983,029 13298,47 14854,7705 4185,8564 131,75996
1,7919998 B 4531,491 8343,533 9340,953 7731,3994 10541,854 6770,3877 S 2523,9524 14983,029 13298,47 14854,7705 4185,8564 131,75996
1,7919999 B 4531,491 8343,533 9340,953 7731,3994 10541,854 6770,3877 S 2523,9524 14983,029 13298,47 14854,7705 4185,8564 131,75996
1,7911733 B 4531,491 8343,533 9340,953 7731,3994 10541,854 6770,3877 S 2523,9524 14983,029 13298,47 14854,7705 4185,8564 131,75996
1,7919997 B 4531,491 8343,533 9340,953 7731,3994 10541,854 6770,3877 S 2523,9524 14983,029 13298,47 14854,7705 4185,8564 131,75996
1,7920003 B 4531,491 8343,533 9340,953 7731,3994 10541,854 6770,3877 S 2523,9524 14983,029 13298,47 14854,7705 4185,8564 131,75996
1,792232 B 4531,491 8343,533 9340,953 7731,3994 10541,854 6770,3877 S 2523,9524 14983,029 13298,47 14854,7705 4185,8564 131,75996
1,7925088 B 4531,491 8343,533 9340,953 7731,3994 10541,854 6770,3877 S 2523,9524 14983,029 13298,47 14854,7705 4185,8564 131,75996
1,7919997 B 4531,491 8343,533 9340,953 7731,3994 10541,854 6770,3877 S 2523,9524 14983,029 13298,47 14854,7705 4185,8564 131,75996
1,7919998 B 4531,491 8343,533 9340,953 7731,3994 10541,854 6770,3877 S 2523,9524 14983,029 13298,47 14854,7705 4185,8564 131,75996
1,792 B 4531,491 8343,533 9340,953 7731,3994 10541,854 6770,3877 S 2523,9524 14983,029 13298,47 14854,7705 4185,8564 131,75996
1,7920002 B 4531,491 8343,533 9340,953 7731,3994 10541,854 6770,3877 S 2523,9524 14983,029 13298,47 14854,7705 4185,8564 131,75996
1,7919999 B 4531,491 8343,533 9340,953 7731,3994 10541,854 6770,3877 S 2523,9524 14983,029 13298,47 14854,7705 4185,8564 131,75996
1,792 B 4531,491 8343,533 9340,953 7731,3994 10541,854 6770,3877 S 2523,9524 14983,029 13298,47 14854,7705 4185,8564 131,75996
1,7906818 B 4531,491 8343,533 9340,953 7731,3994 10541,854 6770,3877 S 2523,9524 14983,029 13298,47 14854,7705 4185,8564 131,75996
1,7914616 B 4531,491 8343,533 9340,953 7731,3994 10541,854 6770,3877 S 2523,9524 14983,029 13298,47 14854,7705 4185,8564 131,75996
1,7929618 B 4531,491 8343,533 9340,953 7731,3994 10541,854 6770,3877 S 2523,9524 14983,029 13298,47 14854,7705 4185,8564 131,75996
1,7933706 B 4531,491 8343,533 9340,953 7731,3994 10541,854 6770,3877 S 2523,9524 14983,029 13298,47 14854,7705 4185,8564 131,75996
1,7939999 B 4531,491 8343,533 9340,953 7731,3994 10541,854 6770,3877 S 2523,9524 14983,029 13298,47 14854,7705 4185,8564 131,75996
1,7939999 B 4531,491 8343,533 9340,953 7731,3994 10541,854 6770,3877 S 2523,9524 14983,029 13298,47 14854,7705 4185,8564 131,75996
1,7944943 B 4531,491 8343,533 9340,953 7731,3994 10541,854 6770,3877 S 2523,9524 14983,029 13298,47 14854,7705 4185,8564 131,75996
1,795 B 4531,491 8343,533 9340,953 7731,3994 10541,854 6770,3877 S 2523,9524 14983,029 13298,47 14854,7705 4185,8564 131,75996
1,7949998 B 4531,491 8343,533 9340,953 7731,3994 10541,854 6770,3877 S 2523,9524 14983,029 13298,47 14854,7705 4185,8564 131,75996
1,7950002 B 4531,491 8343,533 9340,953 7731,3994 10541,854 6770,3877 S 2523,9524 14983,029 13298,47 14854,7705 4185,8564 131,75996
1,7949997 B 4531,491 8343,533 9340,953 7731,3994 10541,854 6770,3877 S 2523,9524 14983,029 13298,47 14854,7705 4185,8564 131,75996
1,7949996 B 4531,491 8343,533 9340,953 7731,3994 10541,854 6770,3877 S 2523,9524 14983,029 13298,47 14854,7705 4185,8564 131,75996
1,7943933 B 4531,491 8343,533 9340,953 7731,3994 10541,854 6770,3877 S 2523,9524 14983,029 13298,47 14854,7705 4185,8564 131,75996
1,7940003 B 4531,491 8343,533 9340,953 7731,3994 10541,854 6770,3877 S 2523,9524 14983,029 13298,47 14854,7705 4185,8564 131,75996
1,7919526 B 4531,491 8343,533 9340,953 7731,3994 10541,854 6770,3877 S 2523,9524 14983,029 13298,47 14854,7705 4185,8564 131,75996
1,7910006 B 4531,491 8343,533 9340,953 7731,3994 10541,854 6770,3877 S 2523,9524 14983,029 13298,47 14854,7705 4185,8564 131,75996
1,7909296 B 4531,491 8343,533 9340,953 7731,3994 10541,854 6770,3877 S 2523,9524 14983,029 13298,47 14854,7705 4185,8564 131,75996
1,7882093 B 4531,491 8343,533 9340,953 7731,3994 10541,854 6770,3877 S 2523,9524 14983,029 13298,47 14854,7705 4185,8564 131,75996
1,7889999 B 4531,491 8343,533 9340,953 7731,3994 10541,854 6770,3877 S 2523,9524 14983,029 13298,47 14854,7705 4185,8564 131,75996
1,7907957 B 4531,491 8343,533 9340,953 7731,3994 10541,854 6770,3877 S 2523,9524 14983,029 13298,47 14854,7705 4185,8564 131,75996
1,791 B 4531,491 8343,533 9340,953 7731,3994 10541,854 6770,3877 S 2523,9524 14983,029 13298,47 14854,7705 4185,8564 131,75996
1,790724 B 4531,491 8343,533 9340,953 7731,3994 10541,854 6770,3877 S 2523,9524 14983,029 13298,47 14854,7705 4185,8564 131,75996
1,7907662 B 4531,491 8343,533 9340,953 7731,3994 10541,854 6770,3877 S 2523,9524 14983,029 13298,47 14854,7705 4185,8564 131,75996
1,7910004 B 4531,491 8343,533 9340,953 7731,3994 10541,854 6770,3877 S 2523,9524 14983,029 13298,47 14854,7705 4185,8564 131,75996
1,7910005 B 4531,491 8343,533 9340,953 7731,3994 10541,854 6770,3877 S 2523,9524 14983,029 13298,47 14854,7705 4185,8564 131,75996
1,7910002 B 4531,491 8343,533 9340,953 7731,3994 10541,854 6770,3877 S 2523,9524 14983,029 13298,47 14854,7705 4185,8564 131,75996
1,79051 B 4531,491 8343,533 9340,953 7731,3994 10541,854 6770,3877 S 2523,9524 14983,029 13298,47 14854,7705 4185,8564 131,75996
1,7900001 B 4531,491 8343,533 9340,953 7731,3994 10541,854 6770,3877 S 2523,9524 14983,029 13298,47 14854,7705 4185,8564 131,75996
1,7900003 B 4531,491 8343,533 9340,953 7731,3994 10541,854 6770,3877 S 2523,9524 14983,029 13298,47 14854,7705 4185,8564 131,75996
1,7900004 B 4531,491 8343,533 9340,953 7731,3994 10541,854 6770,3877 S 2523,9524 14983,029 13298,47 14854,7705 4185,8564 131,75996
1,788305 B 4531,491 8343,533 9340,953 7731,3994 10541,854 6770,3877 S 2523,9524 14983,029 13298,47 14854,7705 4185,8564 131,75996
1,7880001 B 4531,491 8343,533 9340,953 7731,3994 10541,854 6770,3877 S 2523,9524 14983,029 13298,47 14854,7705 4185,8564 131,75996
1,7880002 B 4531,491 8343,533 9340,953 7731,3994 10541,854 6770,3877 S 2523,9524 14983,029 13298,47 14854,7705 4185,8564 131,75996
1,7879999 B 4531,491 8343,533 9340,953 7731,3994 10541,854 6770,3877 S 2523,9524 14983,029 13298,47 14854,7705 4185,8564 131,75996
1,7880002 B 4531,491 8343,533 9340,953 7731,3994 10541,854 6770,3877 S 2523,9524 14983,029 13298,47 14854,7705 4185,8564 131,75996
1,7866548 B 4531,491 8343,533 9340,953 7731,3994 10541,854 6770,3877 S 2523,9524 14983,029 13298,47 14854,7705 4185,8564 131,75996
1,7856042 B 4531,491 8343,533 9340,953 7731,3994 10541,854 6770,3877 S 2523,9524 14983,029 13298,47 14854,7705 4185,8564 131,75996
1,785 B 4531,491 8343,533 9340,953 7731,3994 10541,854 6770,3877 S 2523,9524 14983,029 13298,47 14854,7705 4185,8564 131,75996
1,7849998 B 4531,491 8343,533 9340,953 7731,3994 10541,854 6770,3877 S 2523,9524 14983,029 13298,47 14854,7705 4185,8564 131,75996
1,7849998 B 4531,491 8343,533 9340,953 7731,3994 10541,854 6770,3877 S 2523,9524 14983,029 13298,47 14854,7705 4185,8564 131,75996
1,7849997 B 4531,491 8343,533 9340,953 7731,3994 10541,854 6770,3877 S 2523,9524 14983,029 13298,47 14854,7705 4185,8564 131,75996
1,7843747 B 4531,491 8343,533 9340,953 7731,3994 10541,854 6770,3877 S 2523,9524 14983,029 13298,47 14854,7705 4185,8564 131,75996
1,7807364 B 4531,491 8343,533 9340,953 7731,3994 10541,854 6770,3877 S 2523,9524 14983,029 13298,47 14854,7705 4185,8564 131,75996
1,7811505 B 4531,491 8343,533 9340,953 7731,3994 10541,854 6770,3877 S 2523,9524 14983,029 13298,47 14854,7705 4185,8564 131,75996
1,7820628 B 4531,491 8343,533 9340,953 7731,3994 10541,854 6770,3877 S 2523,9524 14983,029 13298,47 14854,7705 4185,8564 131,75996
1,7820001 B 4531,491 8343,533 9340,953 7731,3994 10541,854 6770,3877 S 2523,9524 14983,029 13298,47 14854,7705 4185,8564 131,75996
1,7820002 B 4531,491 8343,533 9340,953 7731,3994 10541,854 6770,3877 S 2523,9524 14983,029 13298,47 14854,7705 4185,8564 131,75996
1,7820001 B 4531,491 8343,533 9340,953 7731,3994 10541,854 6770,3877 S 2523,9524 14983,029 13298,47 14854,7705 4185,8564 131,75996
1,7802292 B 4531,491 8343,533 9340,953 7731,3994 10541,854 6770,3877 S 2523,9524 14983,029 13298,47 14854,7705 4185,8564 131,75996
1,7799996 B 4531,491 8343,533 9340,953 7731,3994 10541,854 6770,3877 S 2523,9524 14983,029 13298,47 14854,7705 4185,8564 131,75996
1,78 B 4531,491 8343,533 9340,953 7731,3994 10541,854 6770,3877 S 2523,9524 14983,029 13298,47 14854,7705 4185,8564 131,75996
1,7803893 B 4531,491 8343,533 9340,953 7731,3994 10541,854 6770,3877 S 2523,9524 14983,029 13298,47 14854,7705 4185,8564 131,75996
1,7810001 B 4531,491 8343,533 9340,953 7731,3994 10541,854 6770,3877 S 2523,9524 14983,029 13298,47 14854,7705 4185,8564 131,75996
1,7809999 B 4531,491 8343,533 9340,953 7731,3994 10541,854 6770,3877 S 2523,9524 14983,029 13298,47 14854,7705 4185,8564 131,75996
1,780931 B 4531,491 8343,533 9340,953 7731,3994 10541,854 6770,3877 S 2523,9524 14983,029 13298,47 14854,7705 4185,8564 131,75996
1,7809995 B 4531,491 8343,533 9340,953 7731,3994 10541,854 6770,3877 S 2523,9524 14983,029 13298,47 14854,7705 4185,8564 131,75996
1,7809999 B 4531,491 8343,533 9340,953 7731,3994 10541,854 6770,3877 S 2523,9524 14983,029 13298,47 14854,7705 4185,8564 131,75996
1,7809999 B 4531,491 8343,533 9340,953 7731,3994 10541,854 6770,3877 S 2523,9524 14983,029 13298,47 14854,7705 4185,8564 131,75996
1,78034 B 4531,491 8343,533 9340,953 7731,3994 10541,854 6770,3877 S 2523,9524 14983,029 13298,47 14854,7705 4185,8564 131,75996
1,7790852 B 4531,491 8343,533 9340,953 7731,3994 10541,854 6770,3877 S 2523,9524 14983,029 13298,47 14854,7705 4185,8564 131,75996
1,7790006 B 4531,491 8343,533 9340,953 7731,3994 10541,854 6770,3877 S 2523,9524 14983,029 13298,47 14854,7705 4185,8564 131,75996
1,7790004 B 4531,491 8343,533 9340,953 7731,3994 10541,854 6770,3877 S 2523,9524 14983,029 13298,47 14854,7705 4185,8564 131,75996
1,7789998 B 4531,491 8343,533 9340,953 7731,3994 10541,854 6770,3877 S 2523,9524 14983,029 13298,47 14854,7705 4185,8564 131,75996
1,7790008 B 4531,491 8343,533 9340,953 7731,3994 10541,854 6770,3877 S 2523,9524 14983,029 13298,47 14854,7705 4185,8564 131,75996
1,7792199 B 4531,491 8343,533 9340,953 7731,3994 10541,854 6770,3877 S 2523,9524 14983,029 13298,47 14854,7705 4185,8564 131,75996
1,7800004 B 4531,491 8343,533 9340,953 7731,3994 10541,854 6770,3877 S 2523,9524 14983,029 13298,47 14854,7705 4185,8564 131,75996
1,7801336 B 4531,491 8343,533 9340,953 7731,3994 10541,854 6770,3877 S 2523,9524 14983,029 13298,47 14854,7705 4185,8564 131,75996
1,7810001 B 4531,491 8343,533 9340,953 7731,3994 10541,854 6770,3877 S 2523,9524 14983,029 13298,47 14854,7705 4185,8564 131,75996
1,7809998 B 4531,491 8343,533 9340,953 7731,3994 10541,854 6770,3877 S 2523,9524 14983,029 13298,47 14854,7705 4185,8564 131,75996
1,7810001 B 4531,491 8343,533 9340,953 7731,3994 10541,854 6770,3877 S 2523,9524 14983,029 13298,47 14854,7705 4185,8564 131,75996
1,7810001 B 4531,491 8343,533 9340,953 7731,3994 10541,854 6770,3877 S 2523,9524 14983,029 13298,47 14854,7705 4185,8564 131,75996
1,7809995 B 4531,491 8343,533 9340,953 7731,3994 10541,854 6770,3877 S 2523,9524 14983,029 13298,47 14854,7705 4185,8564 131,75996
1,7812016 B 4531,491 8343,533 9340,953 7731,3994 10541,854 6770,3877 S 2523,9524 14983,029 13298,47 14854,7705 4185,8564 131,75996
1,781 B 4531,491 8343,533 9340,953 7731,3994 10541,854 6770,3877 S 2523,9524 14983,029 13298,47 14854,7705 4185,8564 131,75996
1,7809998 B 4531,491 8343,533 9340,953 7731,3994 10541,854 6770,3877 S 2523,9524 14983,029 13298,47 14854,7705 4185,8564 131,75996
1,7802944 B 4531,491 8343,533 9340,953 7731,3994 10541,854 6770,3877 S 2523,9524 14983,029 13298,47 14854,7705 4185,8564 131,75996
1,779 B 4531,491 8343,533 9340,953 7731,3994 10541,854 6770,3877 S 2523,9524 14983,029 13298,47 14854,7705 4185,8564 131,75996
1,779 B 4531,491 8343,533 9340,953 7731,3994 10541,854 6770,3877 S 2523,9524 14983,029 13298,47 14854,7705 4185,8564 131,75996
1,7780007 B 4531,491 8343,533 9340,953 7731,3994 10541,854 6770,3877 S 2523,9524 14983,029 13298,47 14854,7705 4185,8564 131,75996
1,7778023 B 4531,491 8343,533 9340,953 7731,3994 10541,854 6770,3877 S 2523,9524 14983,029 13298,47 14854,7705 4185,8564 131,75996
1,7790006 B 4531,491 8343,533 9340,953 7731,3994 10541,854 6770,3877 S 2523,9524 14983,029 13298,47 14854,7705 4185,8564 131,75996
1,7795415 B 4531,491 8343,533 9340,953 7731,3994 10541,854 6770,3877 S 2523,9524 14983,029 13298,47 14854,7705 4185,8564 131,75996
1,7799999 B 4531,491 8343,533 9340,953 7731,3994 10541,854 6770,3877 S 2523,9524 14983,029 13298,47 14854,7705 4185,8564 131,75996
1,7800001 B 4531,491 8343,533 9340,953 7731,3994 10541,854 6770,3877 S 2523,9524 14983,029 13298,47 14854,7705 4185,8564 131,75996
1,7809404 B 4531,491 8343,533 9340,953 7731,3994 10541,854 6770,3877 S 2523,9524 14983,029 13298,47 14854,7705 4185,8564 131,75996
1,7807555 B 4531,491 8343,533 9340,953 7731,3994 10541,854 6770,3877 S 2523,9524 14983,029 13298,47 14854,7705 4185,8564 131,75996
1,7791466 B 4531,491 8343,533 9340,953 7731,3994 10541,854 6770,3877 S 2523,9524 14983,029 13298,47 14854,7705 4185,8564 131,75996
1,7789997 B 4531,491 8343,533 9340,953 7731,3994 10541,854 6770,3877 S 2523,9524 14983,029 13298,47 14854,7705 4185,8564 131,75996
1,7789999 B 4531,491 8343,533 9340,953 7731,3994 10541,854 6770,3877 S 2523,9524 14983,029 13298,47 14854,7705 4185,8564 131,75996
1,7790009 B 4531,491 8343,533 9340,953 7731,3994 10541,854 6770,3877 S 2523,9524 14983,029 13298,47 14854,7705 4185,8564 131,75996
1,7783002 B 4531,491 8343,533 9340,953 7731,3994 10541,854 6770,3877 S 2523,9524 14983,029 13298,47 14854,7705 4185,8564 131,75996
1,778 B 4531,491 8343,533 9340,953 7731,3994 10541,854 6770,3877 S 2523,9524 14983,029 13298,47 14854,7705 4185,8564 131,75996
1,7780001 B 4531,491 8343,533 9340,953 7731,3994 10541,854 6770,3877 S 2523,9524 14983,029 13298,47 14854,7705 4185,8564 131,75996
1,7780002 B 4531,491 8343,533 9340,953 7731,3994 10541,854 6770,3877 S 2523,9524 14983,029 13298,47 14854,7705 4185,8564 131,75996
1,7771991 B 4531,491 8343,533 9340,953 7731,3994 10541,854 6770,3877 S 2523,9524 14983,029 13298,47 14854,7705 4185,8564 131,75996
1,7770002 B 4531,491 8343,533 9340,953 7731,3994 10541,854 6770,3877 S 2523,9524 14983,029 13298,47 14854,7705 4185,8564 131,75996
1,77748 B 4531,491 8343,533 9340,953 7731,3994 10541,854 6770,3877 S 2523,9524 14983,029 13298,47 14854,7705 4185,8564 131,75996
1,778 B 4531,491 8343,533 9340,953 7731,3994 10541,854 6770,3877 S 2523,9524 14983,029 13298,47 14854,7705 4185,8564 131,75996
1,7775477 B 4531,491 8343,533 9340,953 7731,3994 10541,854 6770,3877 S 2523,9524 14983,029 13298,47 14854,7705 4185,8564 131,75996
1,7775682 B 4531,491 8343,533 9340,953 7731,3994 10541,854 6770,3877 S 2523,9524 14983,029 13298,47 14854,7705 4185,8564 131,75996
1,776891 B 4531,491 8343,533 9340,953 7731,3994 10541,854 6770,3877 S 2523,9524 14983,029 13298,47 14854,7705 4185,8564 131,75996
1,7754571 B 4531,491 8343,533 9340,953 7731,3994 10541,854 6770,3877 S 2523,9524 14983,029 13298,47 14854,7705 4185,8564 131,75996
1,776941 B 4531,491 8343,533 9340,953 7731,3994 10541,854 6770,3877 S 2523,9524 14983,029 13298,47 14854,7705 4185,8564 131,75996
1,7779604 B 4531,491 8343,533 9340,953 7731,3994 10541,854 6770,3877 S 2523,9524 14983,029 13298,47 14854,7705 4185,8564 131,75996
1,7779996 B 4531,491 8343,533 9340,953 7731,3994 10541,854 6770,3877 S 2523,9524 14983,029 13298,47 14854,7705 4185,8564 131,75996
1,7787584 B 4531,491 8343,533 9340,953 7731,3994 10541,854 6770,3877 S 2523,9524 14983,029 13298,47 14854,7705 4185,8564 131,75996
1,7779334 B 4531,491 8343,533 9340,953 7731,3994 10541,854 6770,3877 S 2523,9524 14983,029 13298,47 14854,7705 4185,8564 131,75996
1,7765414 B 4531,491 8343,533 9340,953 7731,3994 10541,854 6770,3877 S 2523,9524 14983,029 13298,47 14854,7705 4185,8564 131,75996
1,7769996 B 4531,491 8343,533 9340,953 7731,3994 10541,854 6770,3877 S 2523,9524 14983,029 13298,47 14854,7705 4185,8564 131,75996
1,7765757 B 4531,491 8343,533 9340,953 7731,3994 10541,854 6770,3877 S 2523,9524 14983,029 13298,47 14854,7705 4185,8564 131,75996
1,7759995 B 4531,491 8343,533 9340,953 7731,3994 10541,854 6770,3877 S 2523,9524 14983,029 13298,47 14854,7705 4185,8564 131,75996
1,7759995 B 4531,491 8343,533 9340,953 7731,3994 10541,854 6770,3877 S 2523,9524 14983,029 13298,47 14854,7705 4185,8564 131,75996
1,7755351 B 4531,491 8343,533 9340,953 7731,3994 10541,854 6770,3877 S 2523,9524 14983,029 13298,47 14854,7705 4185,8564 131,75996
1,7750003 B 4531,491 8343,533 9340,953 7731,3994 10541,854 6770,3877 S 2523,9524 14983,029 13298,47 14854,7705 4185,8564 131,75996
1,77586 B 4531,491 8343,533 9340,953 7731,3994 10541,854 6770,3877 S 2523,9524 14983,029 13298,47 14854,7705 4185,8564 131,75996
1,7760001 B 4531,491 8343,533 9340,953 7731,3994 10541,854 6770,3877 S 2523,9524 14983,029 13298,47 14854,7705 4185,8564 131,75996
1,7759997 B 4531,491 8343,533 9340,953 7731,3994 10541,854 6770,3877 S 2523,9524 14983,029 13298,47 14854,7705 4185,8564 131,75996
