1,8032463
1,795 B 3888,1921 13249,77 8928,816 15667,257 4568,3623 2329,4644 S 2061,301 5507,3906 9236,26 11356,296 6347,0615 5827,962
1,7949998 B 3888,1921 13249,77 8928,816 15667,257 4568,3623 2329,4644 S 2061,301 5507,3906 9236,26 11356,296 6347,0615 5827,962
1,7952448 B 3888,1921 13249,77 8928,816 15667,257 4568,3623 2329,4644 S 2061,301 5507,3906 9236,26 11356,296 6347,0615 5827,962
1,7959995 B 3888,1921 13249,77 8928,816 15667,257 4568,3623 2329,4644 S 2061,301 5507,3906 9236,26 11356,296 6347,0615 5827,962
1,7959999 B 3888,1921 13249,77 8928,816 15667,257 4568,3623 2329,4644 S 2061,301 5507,3906 9236,26 11356,296 6347,0615 5827,962
1,7959998 B 3888,1921 13249,77 8928,816 15667,257 4568,3623 2329,4644 S 2061,301 5507,3906 9236,26 11356,296 6347,0615 5827,962
1,7960002 B 3888,1921 13249,77 8928,816 15667,257 4568,3623 2329,4644 S 2061,301 5507,3906 9236,26 11356,296 6347,0615 5827,962
1,7959998 B 3888,1921 13249,77 8928,816 15667,257 4568,3623 2329,4644 S 2061,301 5507,3906 9236,26 11356,296 6347,0615 5827,962
1,7959999 B 3888,1921 13249,77 8928,816 15667,257 4568,3623 2329,4644 S 2061,301 5507,3906 9236,26 11356,296 6347,0615 5827,962
1,7959996 B 3888,1921 13249,77 8928,816 15667,257 4568,3623 2329,4644 S 2061,301 5507,3906 9236,26 11356,296 6347,0615 5827,962
1,7960001 B 3888,1921 13249,77 8928,816 15667,257 4568,3623 2329,4644 S 2061,301 5507,3906 9236,26 11356,296 6347,0615 5827,962
1,7959996 B 3888,1921 13249,77 8928,816 15667,257 4568,3623 2329,4644 S 2061,301 5507,3906 9236,26 11356,296 6347,0615 5827,962
1,7960002 B 3888,1921 13249,77 8928,816 15667,257 4568,3623 2329,4644 S 2061,301 5507,3906 9236,26 11356,296 6347,0615 5827,962
1,7960001 B 3888,1921 13249,77 8928,816 15667,257 4568,3623 2329,4644 S 2061,301 5507,3906 9236,26 11356,296 6347,0615 5827,962
1,7959999 B 3888,1921 13249,77 8928,816 15667,257 4568,3623 2329,4644 S 2061,301 5507,3906 9236,26 11356,296 6347,0615 5827,962
1,7960001 B 3888,1921 13249,77 8928,816 15667,257 4568,3623 2329,4644 S 2061,301 5507,3906 9236,26 11356,296 6347,0615 5827,962
1,7959999 B 3888,1921 13249,77 8928,816 15667,257 4568,3623 2329,4644 S 2061,301 5507,3906 9236,26 11356,296 6347,0615 5827,962
1,7959999 B 3888,1921 13249,77 8928,816 15667,257 4568,3623 2329,4644 S 2061,301 5507,3906 9236,26 11356,296 6347,0615 5827,962
1,7960002 B 3888,1921 13249,77 8928,816 15667,257 4568,3623 2329,4644 S 2061,301 5507,3906 9236,26 11356,296 6347,0615 5827,962
1,7960001 B 3888,1921 13249,77 8928,816 15667,257 4568,3623 2329,4644 S 2061,301 5507,3906 9236,26 11356,296 6347,0615 5827,962
1,7960001 B 3888,1921 13249,77 8928,816 15667,257 4568,3623 2329,4644 S 2061,301 5507,3906 9236,26 11356,296 6347,0615 5827,962
1,7969345 B 3888,1921 13249,77 8928,816 15667,257 4568,3623 2329,4644 S 2061,301 5507,3906 9236,26 11356,296 6347,0615 5827,962
1,7994964 B 3888,1921 13249,77 8928,816 15667,257 4568,3623 2329,4644 S 2061,301 5507,3906 9236,26 11356,296 6347,0615 5827,962
1,8000004 B 3888,1921 13249,77 8928,816 15667,257 4568,3623 2329,4644 S 2061,301 5507,3906 9236,26 11356,296 6347,0615 5827,962
1,8000004 B 3888,1921 13249,77 8928,816 15667,257 4568,3623 2329,4644 S 2061,301 5507,3906 9236,26 11356,296 6347,0615 5827,962
1,7999998 B 3888,1921 13249,77 8928,816 15667,257 4568,3623 2329,4644 S 2061,301 5507,3906 9236,26 11356,296 6347,0615 5827,962
1,8000001 B 3888,1921 13249,77 8928,816 15667,257 4568,3623 2329,4644 S 2061,301 5507,3906 9236,26 11356,296 6347,0615 5827,962
1,7999998 B 3888,1921 13249,77 8928,816 15667,257 4568,3623 2329,4644 S 2061,301 5507,3906 9236,26 11356,296 6347,0615 5827,962
1,7999995 B 3888,1921 13249,77 8928,816 15667,257 4568,3623 2329,4644 S 2061,301 5507,3906 9236,26 11356,296 6347,0615 5827,962
1,8008353 B 3888,1921 13249,77 8928,816 15667,257 4568,3623 2329,4644 S 2061,301 5507,3906 9236,26 11356,296 6347,0615 5827,962
1,8010006 B 3888,1921 13249,77 8928,816 15667,257 4568,3623 2329,4644 S 2061,301 5507,3906 9236,26 11356,296 6347,0615 5827,962
1,8010001 B 3888,1921 13249,77 8928,816 15667,257 4568,3623 2329,4644 S 2061,301 5507,3906 9236,26 11356,296 6347,0615 5827,962
1,8010002 B 3888,1921 13249,77 8928,816 15667,257 4568,3623 2329,4644 S 2061,301 5507,3906 9236,26 11356,296 6347,0615 5827,962
1,8010002 B 3888,1921 13249,77 8928,816 15667,257 4568,3623 2329,4644 S 2061,301 5507,3906 9236,26 11356,296 6347,0615 5827,962
1,8010001 B 3888,1921 13249,77 8928,816 15667,257 4568,3623 2329,4644 S 2061,301 5507,3906 9236,26 11356,296 6347,0615 5827,962
1,8009999 B 3888,1921 13249,77 8928,816 15667,257 4568,3623 2329,4644 S 2061,301 5507,3906 9236,26 11356,296 6347,0615 5827,962
1,8011578 B 3888,1921 13249,77 8928,816 15667,257 4568,3623 2329,4644 S 2061,301 5507,3906 9236,26 11356,296 6347,0615 5827,962
1,8019999 B 3888,1921 13249,77 8928,816 15667,257 4568,3623 2329,4644 S 2061,301 5507,3906 9236,26 11356,296 6347,0615 5827,962
1,8019997 B 3888,1921 13249,77 8928,816 15667,257 4568,3623 2329,4644 S 2061,301 5507,3906 9236,26 11356,296 6347,0615 5827,962
1,8019999 B 3888,1921 13249,77 8928,816 15667,257 4568,3623 2329,4644 S 2061,301 5507,3906 9236,26 11356,296 6347,0615 5827,962
1,8003907 B 3888,1921 13249,77 8928,816 15667,257 4568,3623 2329,4644 S 2061,301 5507,3906 9236,26 11356,296 6347,0615 5827,962
1,8000001 B 3888,1921 13249,77 8928,816 15667,257 4568,3623 2329,4644 S 2061,301 5507,3906 9236,26 11356,296 6347,0615 5827,962
1,8000001 B 3888,1921 13249,77 8928,816 15667,257 4568,3623 2329,4644 S 2061,301 5507,3906 9236,26 11356,296 6347,0615 5827,962
1,79961 B 3888,1921 13249,77 8928,816 15667,257 4568,3623 2329,4644 S 2061,301 5507,3906 9236,26 11356,296 6347,0615 5827,962
1,7989999 B 3888,1921 13249,77 8928,816 15667,257 4568,3623 2329,4644 S 2061,301 5507,3906 9236,26 11356,296 6347,0615 5827,962
1,7990003 B 3888,1921 13249,77 8928,816 15667,257 4568,3623 2329,4644 S 2061,301 5507,3906 9236,26 11356,296 6347,0615 5827,962
1,7987217 B 3888,1921 13249,77 8928,816 15667,257 4568,3623 2329,4644 S 2061,301 5507,3906 9236,26 11356,296 6347,0615 5827,962
1,798 B 3888,1921 13249,77 8928,816 15667,257 4568,3623 2329,4644 S 2061,301 5507,3906 9236,26 11356,296 6347,0615 5827,962
1,798 B 3888,1921 13249,77 8928,816 15667,257 4568,3623 2329,4644 S 2061,301 5507,3906 9236,26 11356,296 6347,0615 5827,962
1,796287 B 3888,1921 13249,77 8928,816 15667,257 4568,3623 2329,4644 S 2061,301 5507,3906 9236,26 11356,296 6347,0615 5827,962
1,7950385 B 3888,1921 13249,77 8928,816 15667,257 4568,3623 2329,4644 S 2061,301 5507,3906 9236,26 11356,296 6347,0615 5827,962
1,7950002 B 3888,1921 13249,77 8928,816 15667,257 4568,3623 2329,4644 S 2061,301 5507,3906 9236,26 11356,296 6347,0615 5827,962
1,7946991 B 3888,1921 13249,77 8928,816 15667,257 4568,3623 2329,4644 S 2061,301 5507,3906 9236,26 11356,296 6347,0615 5827,962
1,7939999 B 3888,1921 13249,77 8928,816 15667,257 4568,3623 2329,4644 S 2061,301 5507,3906 9236,26 11356,296 6347,0615 5827,962
1,7940001 B 3888,1921 13249,77 8928,816 15667,257 4568,3623 2329,4644 S 2061,301 5507,3906 9236,26 11356,296 6347,0615 5827,962
1,7940004 B 3888,1921 13249,77 8928,816 15667,257 4568,3623 2329,4644 S 2061,301 5507,3906 9236,26 11356,296 6347,0615 5827,962
1,794 B 3888,1921 13249,77 8928,816 15667,257 4568,3623 2329,4644 S 2061,301 5507,3906 9236,26 11356,296 6347,0615 5827,962
1,7940004 B 3888,1921 13249,77 8928,816 15667,257 4568,3623 2329,4644 S 2061,301 5507,3906 9236,26 11356,296 6347,0615 5827,962
1,7940004 B 3888,1921 13249,77 8928,816 15667,257 4568,3623 2329,4644 S 2061,301 5507,3906 9236,26 11356,296 6347,0615 5827,962
1,7940004 B 3888,1921 13249,77 8928,816 15667,257 4568,3623 2329,4644 S 2061,301 5507,3906 9236,26 11356,296 6347,0615 5827,962
1,794 B 3888,1921 13249,77 8928,816 15667,257 4568,3623 2329,4644 S 2061,301 5507,3906 9236,26 11356,296 6347,0615 5827,962
1,7939994 B 3888,1921 13249,77 8928,816 15667,257 4568,3623 2329,4644 S 2061,301 5507,3906 9236,26 11356,296 6347,0615 5827,962
1,794 B 3888,1921 13249,77 8928,816 15667,257 4568,3623 2329,4644 S 2061,301 5507,3906 9236,26 11356,296 6347,0615 5827,962
1,7938951 B 3888,1921 13249,77 8928,816 15667,257 4568,3623 2329,4644 S 2061,301 5507,3906 9236,26 11356,296 6347,0615 5827,962
1,7930003 B 3888,1921 13249,77 8928,816 15667,257 4568,3623 2329,4644 S 2061,301 5507,3906 9236,26 11356,296 6347,0615 5827,962
1,7929997 B 3888,1921 13249,77 8928,816 15667,257 4568,3623 2329,4644 S 2061,301 5507,3906 9236,26 11356,296 6347,0615 5827,962
1,7925636 B 3888,1921 13249,77 8928,816 15667,257 4568,3623 2329,4644 S 2061,301 5507,3906 9236,26 11356,296 6347,0615 5827,962
1,792 B 3888,1921 13249,77 8928,816 15667,257 4568,3623 2329,4644 S 2061,301 5507,3906 9236,26 11356,296 6347,0615 5827,962
1,7920002 B 3888,1921 13249,77 8928,816 15667,257 4568,3623 2329,4644 S 2061,301 5507,3906 9236,26 11356,296 6347,0615 5827,962
1,7919998 B 3888,1921 13249,77 8928,816 15667,257 4568,3623 2329,4644 S 2061,301 5507,3906 9236,26 11356,296 6347,0615 5827,962
1,7919998 B 3888,1921 13249,77 8928,816 15667,257 4568,3623 2329,4644 S 2061,301 5507,3906 9236,26 11356,296 6347,0615 5827,962
1,7919998 B 3888,1921 13249,77 8928,816 15667,257 4568,3623 2329,4644 S 2061,301 5507,3906 9236,26 11356,296 6347,0615 5827,962
1,7937717 B 3888,1921 13249,77 8928,816 15667,257 4568,3623 2329,4644 S 2061,301 5507,3906 9236,26 11356,296 6347,0615 5827,962
1,794 B 3888,1921 13249,77 8928,816 15667,257 4568,3623 2329,4644 S 2061,301 5507,3906 9236,26 11356,296 6347,0615 5827,962
1,7940004 B 3888,1921 13249,77 8928,816 15667,257 4568,3623 2329,4644 S 2061,301 5507,3906 9236,26 11356,296 6347,0615 5827,962
1,7940004 B 3888,1921 13249,77 8928,816 15667,257 4568,3623 2329,4644 S 2061,301 5507,3906 9236,26 11356,296 6347,0615 5827,962
1,7948188 B 3888,1921 13249,77 8928,816 15667,257 4568,3623 2329,4644 S 2061,301 5507,3906 9236,26 11356,296 6347,0615 5827,962
1,796 B 3888,1921 13249,77 8928,816 15667,257 4568,3623 2329,4644 S 2061,301 5507,3906 9236,26 11356,296 6347,0615 5827,962
1,7960002 B 3888,1921 13249,77 8928,816 15667,257 4568,3623 2329,4644 S 2061,301 5507,3906 9236,26 11356,296 6347,0615 5827,962
1,7961476 B 3888,1921 13249,77 8928,816 15667,257 4568,3623 2329,4644 S 2061,301 5507,3906 9236,26 11356,296 6347,0615 5827,962
1,7969998 B 3888,1921 13249,77 8928,816 15667,257 4568,3623 2329,4644 S 2061,301 5507,3906 9236,26 11356,296 6347,0615 5827,962
1,7970005 B 3888,1921 13249,77 8928,816 15667,257 4568,3623 2329,4644 S 2061,301 5507,3906 9236,26 11356,296 6347,0615 5827,962
1,7970002 B 3888,1921 13249,77 8928,816 15667,257 4568,3623 2329,4644 S 2061,301 5507,3906 9236,26 11356,296 6347,0615 5827,962
1,7970003 B 3888,1921 13249,77 8928,816 15667,257 4568,3623 2329,4644 S 2061,301 5507,3906 9236,26 11356,296 6347,0615 5827,962
1,7964485 B 3888,1921 13249,77 8928,816 15667,257 4568,3623 2329,4644 S 2061,301 5507,3906 9236,26 11356,296 6347,0615 5827,962
1,7959999 B 3888,1921 13249,77 8928,816 15667,257 4568,3623 2329,4644 S 2061,301 5507,3906 9236,26 11356,296 6347,0615 5827,962
1,7967187 B 3888,1921 13249,77 8928,816 15667,257 4568,3623 2329,4644 S 2061,301 5507,3906 9236,26 11356,296 6347,0615 5827,962
1,799826 B 3888,1921 13249,77 8928,816 15667,257 4568,3623 2329,4644 S 2061,301 5507,3906 9236,26 11356,296 6347,0615 5827,962
1,8031266 B 3888,1921 13249,77 8928,816 15667,257 4568,3623 2329,4644 S 2061,301 5507,3906 9236,26 11356,296 6347,0615 5827,962
1,8033482 B 3888,1921 13249,77 8928,816 15667,257 4568,3623 2329,4644 S 2061,301 5507,3906 9236,26 11356,296 6347,0615 5827,962
1,8029994 B 3888,1921 13249,77 8928,816 15667,257 4568,3623 2329,4644 S 2061,301 5507,3906 9236,26 11356,296 6347,0615 5827,962
1,8030003 B 3888,1921 13249,77 8928,816 15667,257 4568,3623 2329,4644 S 2061,301 5507,3906 9236,26 11356,296 6347,0615 5827,962
1,8029995 B 3888,1921 13249,77 8928,816 15667,257 4568,3623 2329,4644 S 2061,301 5507,3906 9236,26 11356,296 6347,0615 5827,962
1,8043311 B 3888,1921 13249,77 8928,816 15667,257 4568,3623 2329,4644 S 2061,301 5507,3906 9236,26 11356,296 6347,0615 5827,962
1,8060001 B 3888,1921 13249,77 8928,816 15667,257 4568,3623 2329,4644 S 2061,301 5507,3906 9236,26 11356,296 6347,0615 5827,962
1,8060002 B 3888,1921 13249,77 8928,816 15667,257 4568,3623 2329,4644 S 2061,301 5507,3906 9236,26 11356,296 6347,0615 5827,962
1,8060001 B 3888,1921 13249,77 8928,816 15667,257 4568,3623 2329,4644 S 2061,301 5507,3906 9236,26 11356,296 6347,0615 5827,962
1,8068632 B 3888,1921 13249,77 8928,816 15667,257 4568,3623 2329,4644 S 2061,301 5507,3906 9236,26 11356,296 6347,0615 5827,962
1,8069946 B 3888,1921 13249,77 8928,816 15667,257 4568,3623 2329,4644 S 2061,301 5507,3906 9236,26 11356,296 6347,0615 5827,962
1,8060005 B 3888,1921 13249,77 8928,816 15667,257 4568,3623 2329,4644 S 2061,301 5507,3906 9236,26 11356,296 6347,0615 5827,962
1,8060001 B 3888,1921 13249,77 8928,816 15667,257 4568,3623 2329,4644 S 2061,301 5507,3906 9236,26 11356,296 6347,0615 5827,962
1,8060002 B 3888,1921 13249,77 8928,816 15667,257 4568,3623 2329,4644 S 2061,301 5507,3906 9236,26 11356,296 6347,0615 5827,962
1,806 B 3888,1921 13249,77 8928,816 15667,257 4568,3623 2329,4644 S 2061,301 5507,3906 9236,26 11356,296 6347,0615 5827,962
1,8059003 B 3888,1921 13249,77 8928,816 15667,257 4568,3623 2329,4644 S 2061,301 5507,3906 9236,26 11356,296 6347,0615 5827,962
1,8050008 B 3888,1921 13249,77 8928,816 15667,257 4568,3623 2329,4644 S 2061,301 5507,3906 9236,26 11356,296 6347,0615 5827,962
1,8042519 B 3888,1921 13249,77 8928,816 15667,257 4568,3623 2329,4644 S 2061,301 5507,3906 9236,26 11356,296 6347,0615 5827,962
1,8046825 B 3888,1921 13249,77 8928,816 15667,257 4568,3623 2329,4644 S 2061,301 5507,3906 9236,26 11356,296 6347,0615 5827,962
1,8050004 B 3888,1921 13249,77 8928,816 15667,257 4568,3623 2329,4644 S 2061,301 5507,3906 9236,26 11356,296 6347,0615 5827,962
1,8050001 B 3888,1921 13249,77 8928,816 15667,257 4568,3623 2329,4644 S 2061,301 5507,3906 9236,26 11356,296 6347,0615 5827,962
1,805905 B 3888,1921 13249,77 8928,816 15667,257 4568,3623 2329,4644 S 2061,301 5507,3906 9236,26 11356,296 6347,0615 5827,962
1,8059999 B 3888,1921 13249,77 8928,816 15667,257 4568,3623 2329,4644 S 2061,301 5507,3906 9236,26 11356,296 6347,0615 5827,962
1,8067272 B 3888,1921 13249,77 8928,816 15667,257 4568,3623 2329,4644 S 2061,301 5507,3906 9236,26 11356,296 6347,0615 5827,962
1,8069997 B 3888,1921 13249,77 8928,816 15667,257 4568,3623 2329,4644 S 2061,301 5507,3906 9236,26 11356,296 6347,0615 5827,962
1,8064195 B 3888,1921 13249,77 8928,816 15667,257 4568,3623 2329,4644 S 2061,301 5507,3906 9236,26 11356,296 6347,0615 5827,962
1,806 B 3888,1921 13249,77 8928,816 15667,257 4568,3623 2329,4644 S 2061,301 5507,3906 9236,26 11356,296 6347,0615 5827,962
1,806 B 3888,1921 13249,77 8928,816 15667,257 4568,3623 2329,4644 S 2061,301 5507,3906 9236,26 11356,296 6347,0615 5827,962
1,8059993 B 3888,1921 13249,77 8928,816 15667,257 4568,3623 2329,4644 S 2061,301 5507,3906 9236,26 11356,296 6347,0615 5827,962
1,8060001 B 3888,1921 13249,77 8928,816 15667,257 4568,3623 2329,4644 S 2061,301 5507,3906 9236,26 11356,296 6347,0615 5827,962
1,806001 B 3888,1921 13249,77 8928,816 15667,257 4568,3623 2329,4644 S 2061,301 5507,3906 9236,26 11356,296 6347,0615 5827,962
1,806921 B 3888,1921 13249,77 8928,816 15667,257 4568,3623 2329,4644 S 2061,301 5507,3906 9236,26 11356,296 6347,0615 5827,962
1,8072504 B 3888,1921 13249,77 8928,816 15667,257 4568,3623 2329,4644 S 2061,301 5507,3906 9236,26 11356,296 6347,0615 5827,962
1,8079998 B 3888,1921 13249,77 8928,816 15667,257 4568,3623 2329,4644 S 2061,301 5507,3906 9236,26 11356,296 6347,0615 5827,962
1,8080001 B 3888,1921 13249,77 8928,816 15667,257 4568,3623 2329,4644 S 2061,301 5507,3906 9236,26 11356,296 6347,0615 5827,962
1,8080001 B 3888,1921 13249,77 8928,816 15667,257 4568,3623 2329,4644 S 2061,301 5507,3906 9236,26 11356,296 6347,0615 5827,962
1,8080003 B 3888,1921 13249,77 8928,816 15667,257 4568,3623 2329,4644 S 2061,301 5507,3906 9236,26 11356,296 6347,0615 5827,962
1,808 B 3888,1921 13249,77 8928,816 15667,257 4568,3623 2329,4644 S 2061,301 5507,3906 9236,26 11356,296 6347,0615 5827,962
1,8080002 B 3888,1921 13249,77 8928,816 15667,257 4568,3623 2329,4644 S 2061,301 5507,3906 9236,26 11356,296 6347,0615 5827,962
1,8080001 B 3888,1921 13249,77 8928,816 15667,257 4568,3623 2329,4644 S 2061,301 5507,3906 9236,26 11356,296 6347,0615 5827,962
1,8079995 B 3888,1921 13249,77 8928,816 15667,257 4568,3623 2329,4644 S 2061,301 5507,3906 9236,26 11356,296 6347,0615 5827,962
1,8080004 B 3888,1921 13249,77 8928,816 15667,257 4568,3623 2329,4644 S 2061,301 5507,3906 9236,26 11356,296 6347,0615 5827,962
1,8080001 B 3888,1921 13249,77 8928,816 15667,257 4568,3623 2329,4644 S 2061,301 5507,3906 9236,26 11356,296 6347,0615 5827,962
1,8087046 B 3888,1921 13249,77 8928,816 15667,257 4568,3623 2329,4644 S 2061,301 5507,3906 9236,26 11356,296 6347,0615 5827,962
1,8100003 B 3888,1921 13249,77 8928,816 15667,257 4568,3623 2329,4644 S 2061,301 5507,3906 9236,26 11356,296 6347,0615 5827,962
1,8099996 B 3888,1921 13249,77 8928,816 15667,257 4568,3623 2329,4644 S 2061,301 5507,3906 9236,26 11356,296 6347,0615 5827,962
1,8099995 B 3888,1921 13249,77 8928,816 15667,257 4568,3623 2329,4644 S 2061,301 5507,3906 9236,26 11356,296 6347,0615 5827,962
1,8100003 B 3888,1921 13249,77 8928,816 15667,257 4568,3623 2329,4644 S 2061,301 5507,3906 9236,26 11356,296 6347,0615 5827,962
1,8099995 B 3888,1921 13249,77 8928,816 15667,257 4568,3623 2329,4644 S 2061,301 5507,3906 9236,26 11356,296 6347,0615 5827,962
1,8099998 B 3888,1921 13249,77 8928,816 15667,257 4568,3623 2329,4644 S 2061,301 5507,3906 9236,26 11356,296 6347,0615 5827,962
1,8100002 B 3888,1921 13249,77 8928,816 15667,257 4568,3623 2329,4644 S 2061,301 5507,3906 9236,26 11356,296 6347,0615 5827,962
1,8100008 B 3888,1921 13249,77 8928,816 15667,257 4568,3623 2329,4644 S 2061,301 5507,3906 9236,26 11356,296 6347,0615 5827,962
1,8080357 B 3888,1921 13249,77 8928,816 15667,257 4568,3623 2329,4644 S 2061,301 5507,3906 9236,26 11356,296 6347,0615 5827,962
1,8064101 B 3888,1921 13249,77 8928,816 15667,257 4568,3623 2329,4644 S 2061,301 5507,3906 9236,26 11356,296 6347,0615 5827,962
1,8049895 B 3888,1921 13249,77 8928,816 15667,257 4568,3623 2329,4644 S 2061,301 5507,3906 9236,26 11356,296 6347,0615 5827,962
1,8029997 B 3888,1921 13249,77 8928,816 15667,257 4568,3623 2329,4644 S 2061,301 5507,3906 9236,26 11356,296 6347,0615 5827,962
1,803 B 3888,1921 13249,77 8928,816 15667,257 4568,3623 2329,4644 S 2061,301 5507,3906 9236,26 11356,296 6347,0615 5827,962
1,8030003 B 3888,1921 13249,77 8928,816 15667,257 4568,3623 2329,4644 S 2061,301 5507,3906 9236,26 11356,296 6347,0615 5827,962
1,8029994 B 3888,1921 13249,77 8928,816 15667,257 4568,3623 2329,4644 S 2061,301 5507,3906 9236,26 11356,296 6347,0615 5827,962
1,8029993 B 3888,1921 13249,77 8928,816 15667,257 4568,3623 2329,4644 S 2061,301 5507,3906 9236,26 11356,296 6347,0615 5827,962
1,8030003 B 3888,1921 13249,77 8928,816 15667,257 4568,3623 2329,4644 S 2061,301 5507,3906 9236,26 11356,296 6347,0615 5827,962
1,8030001 B 3888,1921 13249,77 8928,816 15667,257 4568,3623 2329,4644 S 2061,301 5507,3906 9236,26 11356,296 6347,0615 5827,962
1,8030002 B 3888,1921 13249,77 8928,816 15667,257 4568,3623 2329,4644 S 2061,301 5507,3906 9236,26 11356,296 6347,0615 5827,962
1,8030007 B 3888,1921 13249,77 8928,816 15667,257 4568,3623 2329,4644 S 2061,301 5507,3906 9236,26 11356,296 6347,0615 5827,962
1,8029994 B 3888,1921 13249,77 8928,816 15667,257 4568,3623 2329,4644 S 2061,301 5507,3906 9236,26 11356,296 6347,0615 5827,962
1,8030002 B 3888,1921 13249,77 8928,816 15667,257 4568,3623 2329,4644 S 2061,301 5507,3906 9236,26 11356,296 6347,0615 5827,962
1,8029997 B 3888,1921 13249,77 8928,816 15667,257 4568,3623 2329,4644 S 2061,301 5507,3906 9236,26 11356,296 6347,0615 5827,962
1,8029997 B 3888,1921 13249,77 8928,816 15667,257 4568,3623 2329,4644 S 2061,301 5507,3906 9236,26 11356,296 6347,0615 5827,962
1,803 B 3888,1921 13249,77 8928,816 15667,257 4568,3623 2329,4644 S 2061,301 5507,3906 9236,26 11356,296 6347,0615 5827,962
1,803 B 3888,1921 13249,77 8928,816 15667,257 4568,3623 2329,4644 S 2061,301 5507,3906 9236,26 11356,296 6347,0615 5827,962
1,8034674 B 3888,1921 13249,77 8928,816 15667,257 4568,3623 2329,4644 S 2061,301 5507,3906 9236,26 11356,296 6347,0615 5827,962
1,8040004 B 3888,1921 13249,77 8928,816 15667,257 4568,3623 2329,4644 S 2061,301 5507,3906 9236,26 11356,296 6347,0615 5827,962
1,8040004 B 3888,1921 13249,77 8928,816 15667,257 4568,3623 2329,4644 S 2061,301 5507,3906 9236,26 11356,296 6347,0615 5827,962
1,8040001 B 3888,1921 13249,77 8928,816 15667,257 4568,3623 2329,4644 S 2061,301 5507,3906 9236,26 11356,296 6347,0615 5827,962
1,8039991 B 3888,1921 13249,77 8928,816 15667,257 4568,3623 2329,4644 S 2061,301 5507,3906 9236,26 11356,296 6347,0615 5827,962
1,8039995 B 3888,1921 13249,77 8928,816 15667,257 4568,3623 2329,4644 S 2061,301 5507,3906 9236,26 11356,296 6347,0615 5827,962
1,8030853 B 3888,1921 13249,77 8928,816 15667,257 4568,3623 2329,4644 S 2061,301 5507,3906 9236,26 11356,296 6347,0615 5827,962
1,8025358 B 3888,1921 13249,77 8928,816 15667,257 4568,3623 2329,4644 S 2061,301 5507,3906 9236,26 11356,296 6347,0615 5827,962
1,8040001 B 3888,1921 13249,77 8928,816 15667,257 4568,3623 2329,4644 S 2061,301 5507,3906 9236,26 11356,296 6347,0615 5827,962
1,8037875 B 3888,1921 13249,77 8928,816 15667,257 4568,3623 2329,4644 S 2061,301 5507,3906 9236,26 11356,296 6347,0615 5827,962
1,8030006 B 3888,1921 13249,77 8928,816 15667,257 4568,3623 2329,4644 S 2061,301 5507,3906 9236,26 11356,296 6347,0615 5827,962
1,8029999 B 3888,1921 13249,77 8928,816 15667,257 4568,3623 2329,4644 S 2061,301 5507,3906 9236,26 11356,296 6347,0615 5827,962
1,8030001 B 3888,1921 13249,77 8928,816 15667,257 4568,3623 2329,4644 S 2061,301 5507,3906 9236,26 11356,296 6347,0615 5827,962
1,8029997 B 3888,1921 13249,77 8928,816 15667,257 4568,3623 2329,4644 S 2061,301 5507,3906 9236,26 11356,296 6347,0615 5827,962
1,8047469 B 3888,1921 13249,77 8928,816 15667,257 4568,3623 2329,4644 S 2061,301 5507,3906 9236,26 11356,296 6347,0615 5827,962
1,805 B 3888,1921 13249,77 8928,816 15667,257 4568,3623 2329,4644 S 2061,301 5507,3906 9236,26 11356,296 6347,0615 5827,962
1,8051014 B 3888,1921 13249,77 8928,816 15667,257 4568,3623 2329,4644 S 2061,301 5507,3906 9236,26 11356,296 6347,0615 5827,962
1,8060001 B 3888,1921 13249,77 8928,816 15667,257 4568,3623 2329,4644 S 2061,301 5507,3906 9236,26 11356,296 6347,0615 5827,962
1,8060006 B 3888,1921 13249,77 8928,816 15667,257 4568,3623 2329,4644 S 2061,301 5507,3906 9236,26 11356,296 6347,0615 5827,962
1,8060002 B 3888,1921 13249,77 8928,816 15667,257 4568,3623 2329,4644 S 2061,301 5507,3906 9236,26 11356,296 6347,0615 5827,962
1,8059998 B 3888,1921 13249,77 8928,816 15667,257 4568,3623 2329,4644 S 2061,301 5507,3906 9236,26 11356,296 6347,0615 5827,962
1,8064548 B 3888,1921 13249,77 8928,816 15667,257 4568,3623 2329,4644 S 2061,301 5507,3906 9236,26 11356,296 6347,0615 5827,962
1,8077348 B 3888,1921 13249,77 8928,816 15667,257 4568,3623 2329,4644 S 2061,301 5507,3906 9236,26 11356,296 6347,0615 5827,962
1,8079998 B 3888,1921 13249,77 8928,816 15667,257 4568,3623 2329,4644 S 2061,301 5507,3906 9236,26 11356,296 6347,0615 5827,962
1,8080002 B 3888,1921 13249,77 8928,816 15667,257 4568,3623 2329,4644 S 2061,301 5507,3906 9236,26 11356,296 6347,0615 5827,962
1,8079995 B 3888,1921 13249,77 8928,816 15667,257 4568,3623 2329,4644 S 2061,301 5507,3906 9236,26 11356,296 6347,0615 5827,962
1,8080003 B 3888,1921 13249,77 8928,816 15667,257 4568,3623 2329,4644 S 2061,301 5507,3906 9236,26 11356,296 6347,0615 5827,962
1,8080001 B 3888,1921 13249,77 8928,816 15667,257 4568,3623 2329,4644 S 2061,301 5507,3906 9236,26 11356,296 6347,0615 5827,962
1,8088279 B 3888,1921 13249,77 8928,816 15667,257 4568,3623 2329,4644 S 2061,301 5507,3906 9236,26 11356,296 6347,0615 5827,962
1,8089999 B 3888,1921 13249,77 8928,816 15667,257 4568,3623 2329,4644 S 2061,301 5507,3906 9236,26 11356,296 6347,0615 5827,962
1,8090003 B 3888,1921 13249,77 8928,816 15667,257 4568,3623 2329,4644 S 2061,301 5507,3906 9236,26 11356,296 6347,0615 5827,962
1,8090001 B 3888,1921 13249,77 8928,816 15667,257 4568,3623 2329,4644 S 2061,301 5507,3906 9236,26 11356,296 6347,0615 5827,962
1,8089995 B 3888,1921 13249,77 8928,816 15667,257 4568,3623 2329,4644 S 2061,301 5507,3906 9236,26 11356,296 6347,0615 5827,962
1,8090005 B 3888,1921 13249,77 8928,816 15667,257 4568,3623 2329,4644 S 2061,301 5507,3906 9236,26 11356,296 6347,0615 5827,962
1,8090003 B 3888,1921 13249,77 8928,816 15667,257 4568,3623 2329,4644 S 2061,301 5507,3906 9236,26 11356,296 6347,0615 5827,962
1,8090003 B 3888,1921 13249,77 8928,816 15667,257 4568,3623 2329,4644 S 2061,301 5507,3906 9236,26 11356,296 6347,0615 5827,962
1,8090001 B 3888,1921 13249,77 8928,816 15667,257 4568,3623 2329,4644 S 2061,301 5507,3906 9236,26 11356,296 6347,0615 5827,962
1,8090003 B 3888,1921 13249,77 8928,816 15667,257 4568,3623 2329,4644 S 2061,301 5507,3906 9236,26 11356,296 6347,0615 5827,962
1,8090007 B 3888,1921 13249,77 8928,816 15667,257 4568,3623 2329,4644 S 2061,301 5507,3906 9236,26 11356,296 6347,0615 5827,962
1,8090004 B 3888,1921 13249,77 8928,816 15667,257 4568,3623 2329,4644 S 2061,301 5507,3906 9236,26 11356,296 6347,0615 5827,962
1,809 B 3888,1921 13249,77 8928,816 15667,257 4568,3623 2329,4644 S 2061,301 5507,3906 9236,26 11356,296 6347,0615 5827,962
1,8089995 B 3888,1921 13249,77 8928,816 15667,257 4568,3623 2329,4644 S 2061,301 5507,3906 9236,26 11356,296 6347,0615 5827,962
1,8090004 B 3888,1921 13249,77 8928,816 15667,257 4568,3623 2329,4644 S 2061,301 5507,3906 9236,26 11356,296 6347,0615 5827,962
1,8090007 B 3888,1921 13249,77 8928,816 15667,257 4568,3623 2329,4644 S 2061,301 5507,3906 9236,26 11356,296 6347,0615 5827,962
1,8089999 B 3888,1921 13249,77 8928,816 15667,257 4568,3623 2329,4644 S 2061,301 5507,3906 9236,26 11356,296 6347,0615 5827,962
1,8090005 B 3888,1921 13249,77 8928,816 15667,257 4568,3623 2329,4644 S 2061,301 5507,3906 9236,26 11356,296 6347,0615 5827,962
1,8089998 B 3888,1921 13249,77 8928,816 15667,257 4568,3623 2329,4644 S 2061,301 5507,3906 9236,26 11356,296 6347,0615 5827,962
1,8089999 B 3888,1921 13249,77 8928,816 15667,257 4568,3623 2329,4644 S 2061,301 5507,3906 9236,26 11356,296 6347,0615 5827,962
1,8089999 B 3888,1921 13249,77 8928,816 15667,257 4568,3623 2329,4644 S 2061,301 5507,3906 9236,26 11356,296 6347,0615 5827,962
1,8090003 B 3888,1921 13249,77 8928,816 15667,257 4568,3623 2329,4644 S 2061,301 5507,3906 9236,26 11356,296 6347,0615 5827,962
1,8091975 B 3888,1921 13249,77 8928,816 15667,257 4568,3623 2329,4644 S 2061,301 5507,3906 9236,26 11356,296 6347,0615 5827,962
1,809027 B 3888,1921 13249,77 8928,816 15667,257 4568,3623 2329,4644 S 2061,301 5507,3906 9236,26 11356,296 6347,0615 5827,962
1,809 B 3888,1921 13249,77 8928,816 15667,257 4568,3623 2329,4644 S 2061,301 5507,3906 9236,26 11356,296 6347,0615 5827,962
1,8096186 B 3888,1921 13249,77 8928,816 15667,257 4568,3623 2329,4644 S 2061,301 5507,3906 9236,26 11356,296 6347,0615 5827,962
1,8102572 B 3888,1921 13249,77 8928,816 15667,257 4568,3623 2329,4644 S 2061,301 5507,3906 9236,26 11356,296 6347,0615 5827,962
1,8110006 B 3888,1921 13249,77 8928,816 15667,257 4568,3623 2329,4644 S 2061,301 5507,3906 9236,26 11356,296 6347,0615 5827,962
1,8110001 B 3888,1921 13249,77 8928,816 15667,257 4568,3623 2329,4644 S 2061,301 5507,3906 9236,26 11356,296 6347,0615 5827,962
1,8110003 B 3888,1921 13249,77 8928,816 15667,257 4568,3623 2329,4644 S 2061,301 5507,3906 9236,26 11356,296 6347,0615 5827,962
1,8110002 B 3888,1921 13249,77 8928,816 15667,257 4568,3623 2329,4644 S 2061,301 5507,3906 9236,26 11356,296 6347,0615 5827,962
1,8109998 B 3888,1921 13249,77 8928,816 15667,257 4568,3623 2329,4644 S 2061,301 5507,3906 9236,26 11356,296 6347,0615 5827,962
1,8109995 B 3888,1921 13249,77 8928,816 15667,257 4568,3623 2329,4644 S 2061,301 5507,3906 9236,26 11356,296 6347,0615 5827,962
1,8110002 B 3888,1921 13249,77 8928,816 15667,257 4568,3623 2329,4644 S 2061,301 5507,3906 9236,26 11356,296 6347,0615 5827,962
1,8110002 B 3888,1921 13249,77 8928,816 15667,257 4568,3623 2329,4644 S 2061,301 5507,3906 9236,26 11356,296 6347,0615 5827,962
1,8104967 B 3888,1921 13249,77 8928,816 15667,257 4568,3623 2329,4644 S 2061,301 5507,3906 9236,26 11356,296 6347,0615 5827,962
1,81 B 3888,1921 13249,77 8928,816 15667,257 4568,3623 2329,4644 S 2061,301 5507,3906 9236,26 11356,296 6347,0615 5827,962
1,8093164 B 3888,1921 13249,77 8928,816 15667,257 4568,3623 2329,4644 S 2061,301 5507,3906 9236,26 11356,296 6347,0615 5827,962
1,809 B 3888,1921 13249,77 8928,816 15667,257 4568,3623 2329,4644 S 2061,301 5507,3906 9236,26 11356,296 6347,0615 5827,962
1,8090001 B 3888,1921 13249,77 8928,816 15667,257 4568,3623 2329,4644 S 2061,301 5507,3906 9236,26 11356,296 6347,0615 5827,962
1,8090001 B 3888,1921 13249,77 8928,816 15667,257 4568,3623 2329,4644 S 2061,301 5507,3906 9236,26 11356,296 6347,0615 5827,962
1,8089999 B 3888,1921 13249,77 8928,816 15667,257 4568,3623 2329,4644 S 2061,301 5507,3906 9236,26 11356,296 6347,0615 5827,962
1,8090005 B 3888,1921 13249,77 8928,816 15667,257 4568,3623 2329,4644 S 2061,301 5507,3906 9236,26 11356,296 6347,0615 5827,962
1,8089998 B 3888,1921 13249,77 8928,816 15667,257 4568,3623 2329,4644 S 2061,301 5507,3906 9236,26 11356,296 6347,0615 5827,962
1,8090001 B 3888,1921 13249,77 8928,816 15667,257 4568,3623 2329,4644 S 2061,301 5507,3906 9236,26 11356,296 6347,0615 5827,962
1,8090004 B 3888,1921 13249,77 8928,816 15667,257 4568,3623 2329,4644 S 2061,301 5507,3906 9236,26 11356,296 6347,0615 5827,962
1,8081405 B 3888,1921 13249,77 8928,816 15667,257 4568,3623 2329,4644 S 2061,301 5507,3906 9236,26 11356,296 6347,0615 5827,962
1,8080002 B 3888,1921 13249,77 8928,816 15667,257 4568,3623 2329,4644 S 2061,301 5507,3906 9236,26 11356,296 6347,0615 5827,962
1,8077114 B 3888,1921 13249,77 8928,816 15667,257 4568,3623 2329,4644 S 2061,301 5507,3906 9236,26 11356,296 6347,0615 5827,962
1,8108369 B 3888,1921 13249,77 8928,816 15667,257 4568,3623 2329,4644 S 2061,301 5507,3906 9236,26 11356,296 6347,0615 5827,962
1,8110967 B 3888,1921 13249,77 8928,816 15667,257 4568,3623 2329,4644 S 2061,301 5507,3906 9236,26 11356,296 6347,0615 5827,962
1,8122469 B 3888,1921 13249,77 8928,816 15667,257 4568,3623 2329,4644 S 2061,301 5507,3906 9236,26 11356,296 6347,0615 5827,962
1,812 B 3888,1921 13249,77 8928,816 15667,257 4568,3623 2329,4644 S 2061,301 5507,3906 9236,26 11356,296 6347,0615 5827,962
1,8120003 B 3888,1921 13249,77 8928,816 15667,257 4568,3623 2329,4644 S 2061,301 5507,3906 9236,26 11356,296 6347,0615 5827,962
