1,8624221
1,8579999 B 3528,2678 9533,729 15510,2 15885,347 10906,457 2829,5586 S 1826,6661 7963,1313 15199,54 8967,981 6694,249 3310,5588
1,8577081 B 3528,2678 9533,729 15510,2 15885,347 10906,457 2829,5586 S 1826,6661 7963,1313 15199,54 8967,981 6694,249 3310,5588
1,8560671 B 3528,2678 9533,729 15510,2 15885,347 10906,457 2829,5586 S 1826,6661 7963,1313 15199,54 8967,981 6694,249 3310,5588
1,8545575 B 3528,2678 9533,729 15510,2 15885,347 10906,457 2829,5586 S 1826,6661 7963,1313 15199,54 8967,981 6694,249 3310,5588
1,854 B 3528,2678 9533,729 15510,2 15885,347 10906,457 2829,5586 S 1826,6661 7963,1313 15199,54 8967,981 6694,249 3310,5588
1,8540006 B 3528,2678 9533,729 15510,2 15885,347 10906,457 2829,5586 S 1826,6661 7963,1313 15199,54 8967,981 6694,249 3310,5588
1,8543797 B 3528,2678 9533,729 15510,2 15885,347 10906,457 2829,5586 S 1826,6661 7963,1313 15199,54 8967,981 6694,249 3310,5588
1,8550001 B 3528,2678 9533,729 15510,2 15885,347 10906,457 2829,5586 S 1826,6661 7963,1313 15199,54 8967,981 6694,249 3310,5588
1,8549999 B 3528,2678 9533,729 15510,2 15885,347 10906,457 2829,5586 S 1826,6661 7963,1313 15199,54 8967,981 6694,249 3310,5588
1,8553524 B 3528,2678 9533,729 15510,2 15885,347 10906,457 2829,5586 S 1826,6661 7963,1313 15199,54 8967,981 6694,249 3310,5588
1,8560002 B 3528,2678 9533,729 15510,2 15885,347 10906,457 2829,5586 S 1826,6661 7963,1313 15199,54 8967,981 6694,249 3310,5588
1,8559992 B 3528,2678 9533,729 15510,2 15885,347 10906,457 2829,5586 S 1826,6661 7963,1313 15199,54 8967,981 6694,249 3310,5588
1,856794 B 3528,2678 9533,729 15510,2 15885,347 10906,457 2829,5586 S 1826,6661 7963,1313 15199,54 8967,981 6694,249 3310,5588
1,857 B 3528,2678 9533,729 15510,2 15885,347 10906,457 2829,5586 S 1826,6661 7963,1313 15199,54 8967,981 6694,249 3310,5588
1,8569998 B 3528,2678 9533,729 15510,2 15885,347 10906,457 2829,5586 S 1826,6661 7963,1313 15199,54 8967,981 6694,249 3310,5588
1,8570001 B 3528,2678 9533,729 15510,2 15885,347 10906,457 2829,5586 S 1826,6661 7963,1313 15199,54 8967,981 6694,249 3310,5588
1,8570006 B 3528,2678 9533,729 15510,2 15885,347 10906,457 2829,5586 S 1826,6661 7963,1313 15199,54 8967,981 6694,249 3310,5588
1,8573343 B 3528,2678 9533,729 15510,2 15885,347 10906,457 2829,5586 S 1826,6661 7963,1313 15199,54 8967,981 6694,249 3310,5588
1,8568451 B 3528,2678 9533,729 15510,2 15885,347 10906,457 2829,5586 S 1826,6661 7963,1313 15199,54 8967,981 6694,249 3310,5588
1,8560004 B 3528,2678 9533,729 15510,2 15885,347 10906,457 2829,5586 S 1826,6661 7963,1313 15199,54 8967,981 6694,249 3310,5588
1,8559998 B 3528,2678 9533,729 15510,2 15885,347 10906,457 2829,5586 S 1826,6661 7963,1313 15199,54 8967,981 6694,249 3310,5588
1,8580893 B 3528,2678 9533,729 15510,2 15885,347 10906,457 2829,5586 S 1826,6661 7963,1313 15199,54 8967,981 6694,249 3310,5588
1,8590008 B 3528,2678 9533,729 15510,2 15885,347 10906,457 2829,5586 S 1826,6661 7963,1313 15199,54 8967,981 6694,249 3310,5588
1,8597445 B 3528,2678 9533,729 15510,2 15885,347 10906,457 2829,5586 S 1826,6661 7963,1313 15199,54 8967,981 6694,249 3310,5588
1,8599999 B 3528,2678 9533,729 15510,2 15885,347 10906,457 2829,5586 S 1826,6661 7963,1313 15199,54 8967,981 6694,249 3310,5588
1,8599995 B 3528,2678 9533,729 15510,2 15885,347 10906,457 2829,5586 S 1826,6661 7963,1313 15199,54 8967,981 6694,249 3310,5588
1,8600001 B 3528,2678 9533,729 15510,2 15885,347 10906,457 2829,5586 S 1826,6661 7963,1313 15199,54 8967,981 6694,249 3310,5588
1,8599993 B 3528,2678 9533,729 15510,2 15885,347 10906,457 2829,5586 S 1826,6661 7963,1313 15199,54 8967,981 6694,249 3310,5588
1,8599995 B 3528,2678 9533,729 15510,2 15885,347 10906,457 2829,5586 S 1826,6661 7963,1313 15199,54 8967,981 6694,249 3310,5588
1,86 B 3528,2678 9533,729 15510,2 15885,347 10906,457 2829,5586 S 1826,6661 7963,1313 15199,54 8967,981 6694,249 3310,5588
1,8600004 B 3528,2678 9533,729 15510,2 15885,347 10906,457 2829,5586 S 1826,6661 7963,1313 15199,54 8967,981 6694,249 3310,5588
1,8599998 B 3528,2678 9533,729 15510,2 15885,347 10906,457 2829,5586 S 1826,6661 7963,1313 15199,54 8967,981 6694,249 3310,5588
1,8599995 B 3528,2678 9533,729 15510,2 15885,347 10906,457 2829,5586 S 1826,6661 7963,1313 15199,54 8967,981 6694,249 3310,5588
1,8600004 B 3528,2678 9533,729 15510,2 15885,347 10906,457 2829,5586 S 1826,6661 7963,1313 15199,54 8967,981 6694,249 3310,5588
1,8600001 B 3528,2678 9533,729 15510,2 15885,347 10906,457 2829,5586 S 1826,6661 7963,1313 15199,54 8967,981 6694,249 3310,5588
1,8600001 B 3528,2678 9533,729 15510,2 15885,347 10906,457 2829,5586 S 1826,6661 7963,1313 15199,54 8967,981 6694,249 3310,5588
1,859182 B 3528,2678 9533,729 15510,2 15885,347 10906,457 2829,5586 S 1826,6661 7963,1313 15199,54 8967,981 6694,249 3310,5588
1,8582658 B 3528,2678 9533,729 15510,2 15885,347 10906,457 2829,5586 S 1826,6661 7963,1313 15199,54 8967,981 6694,249 3310,5588
1,8579997 B 3528,2678 9533,729 15510,2 15885,347 10906,457 2829,5586 S 1826,6661 7963,1313 15199,54 8967,981 6694,249 3310,5588
1,8580004 B 3528,2678 9533,729 15510,2 15885,347 10906,457 2829,5586 S 1826,6661 7963,1313 15199,54 8967,981 6694,249 3310,5588
1,8580006 B 3528,2678 9533,729 15510,2 15885,347 10906,457 2829,5586 S 1826,6661 7963,1313 15199,54 8967,981 6694,249 3310,5588
1,8594868 B 3528,2678 9533,729 15510,2 15885,347 10906,457 2829,5586 S 1826,6661 7963,1313 15199,54 8967,981 6694,249 3310,5588
1,8599995 B 3528,2678 9533,729 15510,2 15885,347 10906,457 2829,5586 S 1826,6661 7963,1313 15199,54 8967,981 6694,249 3310,5588
1,8600005 B 3528,2678 9533,729 15510,2 15885,347 10906,457 2829,5586 S 1826,6661 7963,1313 15199,54 8967,981 6694,249 3310,5588
1,8599998 B 3528,2678 9533,729 15510,2 15885,347 10906,457 2829,5586 S 1826,6661 7963,1313 15199,54 8967,981 6694,249 3310,5588
1,8610897 B 3528,2678 9533,729 15510,2 15885,347 10906,457 2829,5586 S 1826,6661 7963,1313 15199,54 8967,981 6694,249 3310,5588
1,8619995 B 3528,2678 9533,729 15510,2 15885,347 10906,457 2829,5586 S 1826,6661 7963,1313 15199,54 8967,981 6694,249 3310,5588
1,8620003 B 3528,2678 9533,729 15510,2 15885,347 10906,457 2829,5586 S 1826,6661 7963,1313 15199,54 8967,981 6694,249 3310,5588
1,8619996 B 3528,2678 9533,729 15510,2 15885,347 10906,457 2829,5586 S 1826,6661 7963,1313 15199,54 8967,981 6694,249 3310,5588
1,8620003 B 3528,2678 9533,729 15510,2 15885,347 10906,457 2829,5586 S 1826,6661 7963,1313 15199,54 8967,981 6694,249 3310,5588
1,8620006 B 3528,2678 9533,729 15510,2 15885,347 10906,457 2829,5586 S 1826,6661 7963,1313 15199,54 8967,981 6694,249 3310,5588
1,862 B 3528,2678 9533,729 15510,2 15885,347 10906,457 2829,5586 S 1826,6661 7963,1313 15199,54 8967,981 6694,249 3310,5588
1,8620003 B 3528,2678 9533,729 15510,2 15885,347 10906,457 2829,5586 S 1826,6661 7963,1313 15199,54 8967,981 6694,249 3310,5588
1,862 B 3528,2678 9533,729 15510,2 15885,347 10906,457 2829,5586 S 1826,6661 7963,1313 15199,54 8967,981 6694,249 3310,5588
1,8619998 B 3528,2678 9533,729 15510,2 15885,347 10906,457 2829,5586 S 1826,6661 7963,1313 15199,54 8967,981 6694,249 3310,5588
1,8620002 B 3528,2678 9533,729 15510,2 15885,347 10906,457 2829,5586 S 1826,6661 7963,1313 15199,54 8967,981 6694,249 3310,5588
1,8620001 B 3528,2678 9533,729 15510,2 15885,347 10906,457 2829,5586 S 1826,6661 7963,1313 15199,54 8967,981 6694,249 3310,5588
1,8595461 B 3528,2678 9533,729 15510,2 15885,347 10906,457 2829,5586 S 1826,6661 7963,1313 15199,54 8967,981 6694,249 3310,5588
1,8589998 B 3528,2678 9533,729 15510,2 15885,347 10906,457 2829,5586 S 1826,6661 7963,1313 15199,54 8967,981 6694,249 3310,5588
1,859 B 3528,2678 9533,729 15510,2 15885,347 10906,457 2829,5586 S 1826,6661 7963,1313 15199,54 8967,981 6694,249 3310,5588
1,8592412 B 3528,2678 9533,729 15510,2 15885,347 10906,457 2829,5586 S 1826,6661 7963,1313 15199,54 8967,981 6694,249 3310,5588
1,8600003 B 3528,2678 9533,729 15510,2 15885,347 10906,457 2829,5586 S 1826,6661 7963,1313 15199,54 8967,981 6694,249 3310,5588
1,8600003 B 3528,2678 9533,729 15510,2 15885,347 10906,457 2829,5586 S 1826,6661 7963,1313 15199,54 8967,981 6694,249 3310,5588
1,8600004 B 3528,2678 9533,729 15510,2 15885,347 10906,457 2829,5586 S 1826,6661 7963,1313 15199,54 8967,981 6694,249 3310,5588
1,8605429 B 3528,2678 9533,729 15510,2 15885,347 10906,457 2829,5586 S 1826,6661 7963,1313 15199,54 8967,981 6694,249 3310,5588
1,8628788 B 3528,2678 9533,729 15510,2 15885,347 10906,457 2829,5586 S 1826,6661 7963,1313 15199,54 8967,981 6694,249 3310,5588
1,8637909 B 3528,2678 9533,729 15510,2 15885,347 10906,457 2829,5586 S 1826,6661 7963,1313 15199,54 8967,981 6694,249 3310,5588
1,863453 B 3528,2678 9533,729 15510,2 15885,347 10906,457 2829,5586 S 1826,6661 7963,1313 15199,54 8967,981 6694,249 3310,5588
1,8640002 B 3528,2678 9533,729 15510,2 15885,347 10906,457 2829,5586 S 1826,6661 7963,1313 15199,54 8967,981 6694,249 3310,5588
1,8640002 B 3528,2678 9533,729 15510,2 15885,347 10906,457 2829,5586 S 1826,6661 7963,1313 15199,54 8967,981 6694,249 3310,5588
1,8640004 B 3528,2678 9533,729 15510,2 15885,347 10906,457 2829,5586 S 1826,6661 7963,1313 15199,54 8967,981 6694,249 3310,5588
1,8639996 B 3528,2678 9533,729 15510,2 15885,347 10906,457 2829,5586 S 1826,6661 7963,1313 15199,54 8967,981 6694,249 3310,5588
1,8640003 B 3528,2678 9533,729 15510,2 15885,347 10906,457 2829,5586 S 1826,6661 7963,1313 15199,54 8967,981 6694,249 3310,5588
1,8640002 B 3528,2678 9533,729 15510,2 15885,347 10906,457 2829,5586 S 1826,6661 7963,1313 15199,54 8967,981 6694,249 3310,5588
1,8639998 B 3528,2678 9533,729 15510,2 15885,347 10906,457 2829,5586 S 1826,6661 7963,1313 15199,54 8967,981 6694,249 3310,5588
1,864 B 3528,2678 9533,729 15510,2 15885,347 10906,457 2829,5586 S 1826,6661 7963,1313 15199,54 8967,981 6694,249 3310,5588
1,8639996 B 3528,2678 9533,729 15510,2 15885,347 10906,457 2829,5586 S 1826,6661 7963,1313 15199,54 8967,981 6694,249 3310,5588
1,8630462 B 3528,2678 9533,729 15510,2 15885,347 10906,457 2829,5586 S 1826,6661 7963,1313 15199,54 8967,981 6694,249 3310,5588
1,862 B 3528,2678 9533,729 15510,2 15885,347 10906,457 2829,5586 S 1826,6661 7963,1313 15199,54 8967,981 6694,249 3310,5588
1,8625584 B 3528,2678 9533,729 15510,2 15885,347 10906,457 2829,5586 S 1826,6661 7963,1313 15199,54 8967,981 6694,249 3310,5588
1,8629997 B 3528,2678 9533,729 15510,2 15885,347 10906,457 2829,5586 S 1826,6661 7963,1313 15199,54 8967,981 6694,249 3310,5588
1,8630002 B 3528,2678 9533,729 15510,2 15885,347 10906,457 2829,5586 S 1826,6661 7963,1313 15199,54 8967,981 6694,249 3310,5588
1,8630004 B 3528,2678 9533,729 15510,2 15885,347 10906,457 2829,5586 S 1826,6661 7963,1313 15199,54 8967,981 6694,249 3310,5588
1,8629996 B 3528,2678 9533,729 15510,2 15885,347 10906,457 2829,5586 S 1826,6661 7963,1313 15199,54 8967,981 6694,249 3310,5588
1,863 B 3528,2678 9533,729 15510,2 15885,347 10906,457 2829,5586 S 1826,6661 7963,1313 15199,54 8967,981 6694,249 3310,5588
1,8630005 B 3528,2678 9533,729 15510,2 15885,347 10906,457 2829,5586 S 1826,6661 7963,1313 15199,54 8967,981 6694,249 3310,5588
1,8630002 B 3528,2678 9533,729 15510,2 15885,347 10906,457 2829,5586 S 1826,6661 7963,1313 15199,54 8967,981 6694,249 3310,5588
1,8629996 B 3528,2678 9533,729 15510,2 15885,347 10906,457 2829,5586 S 1826,6661 7963,1313 15199,54 8967,981 6694,249 3310,5588
1,8630004 B 3528,2678 9533,729 15510,2 15885,347 10906,457 2829,5586 S 1826,6661 7963,1313 15199,54 8967,981 6694,249 3310,5588
1,8630003 B 3528,2678 9533,729 15510,2 15885,347 10906,457 2829,5586 S 1826,6661 7963,1313 15199,54 8967,981 6694,249 3310,5588
1,8629992 B 3528,2678 9533,729 15510,2 15885,347 10906,457 2829,5586 S 1826,6661 7963,1313 15199,54 8967,981 6694,249 3310,5588
1,8629998 B 3528,2678 9533,729 15510,2 15885,347 10906,457 2829,5586 S 1826,6661 7963,1313 15199,54 8967,981 6694,249 3310,5588
1,8630003 B 3528,2678 9533,729 15510,2 15885,347 10906,457 2829,5586 S 1826,6661 7963,1313 15199,54 8967,981 6694,249 3310,5588
1,8623596 B 3528,2678 9533,729 15510,2 15885,347 10906,457 2829,5586 S 1826,6661 7963,1313 15199,54 8967,981 6694,249 3310,5588
1,8619999 B 3528,2678 9533,729 15510,2 15885,347 10906,457 2829,5586 S 1826,6661 7963,1313 15199,54 8967,981 6694,249 3310,5588
1,8619046 B 3528,2678 9533,729 15510,2 15885,347 10906,457 2829,5586 S 1826,6661 7963,1313 15199,54 8967,981 6694,249 3310,5588
1,8599999 B 3528,2678 9533,729 15510,2 15885,347 10906,457 2829,5586 S 1826,6661 7963,1313 15199,54 8967,981 6694,249 3310,5588
1,8600001 B 3528,2678 9533,729 15510,2 15885,347 10906,457 2829,5586 S 1826,6661 7963,1313 15199,54 8967,981 6694,249 3310,5588
1,8600001 B 3528,2678 9533,729 15510,2 15885,347 10906,457 2829,5586 S 1826,6661 7963,1313 15199,54 8967,981 6694,249 3310,5588
1,8600001 B 3528,2678 9533,729 15510,2 15885,347 10906,457 2829,5586 S 1826,6661 7963,1313 15199,54 8967,981 6694,249 3310,5588
1,8601742 B 3528,2678 9533,729 15510,2 15885,347 10906,457 2829,5586 S 1826,6661 7963,1313 15199,54 8967,981 6694,249 3310,5588
1,8609996 B 3528,2678 9533,729 15510,2 15885,347 10906,457 2829,5586 S 1826,6661 7963,1313 15199,54 8967,981 6694,249 3310,5588
1,8610003 B 3528,2678 9533,729 15510,2 15885,347 10906,457 2829,5586 S 1826,6661 7963,1313 15199,54 8967,981 6694,249 3310,5588
1,8610004 B 3528,2678 9533,729 15510,2 15885,347 10906,457 2829,5586 S 1826,6661 7963,1313 15199,54 8967,981 6694,249 3310,5588
1,8609998 B 3528,2678 9533,729 15510,2 15885,347 10906,457 2829,5586 S 1826,6661 7963,1313 15199,54 8967,981 6694,249 3310,5588
1,8619404 B 3528,2678 9533,729 15510,2 15885,347 10906,457 2829,5586 S 1826,6661 7963,1313 15199,54 8967,981 6694,249 3310,5588
1,8633369 B 3528,2678 9533,729 15510,2 15885,347 10906,457 2829,5586 S 1826,6661 7963,1313 15199,54 8967,981 6694,249 3310,5588
1,8640004 B 3528,2678 9533,729 15510,2 15885,347 10906,457 2829,5586 S 1826,6661 7963,1313 15199,54 8967,981 6694,249 3310,5588
1,8639997 B 3528,2678 9533,729 15510,2 15885,347 10906,457 2829,5586 S 1826,6661 7963,1313 15199,54 8967,981 6694,249 3310,5588
1,8639995 B 3528,2678 9533,729 15510,2 15885,347 10906,457 2829,5586 S 1826,6661 7963,1313 15199,54 8967,981 6694,249 3310,5588
1,8639995 B 3528,2678 9533,729 15510,2 15885,347 10906,457 2829,5586 S 1826,6661 7963,1313 15199,54 8967,981 6694,249 3310,5588
1,8639992 B 3528,2678 9533,729 15510,2 15885,347 10906,457 2829,5586 S 1826,6661 7963,1313 15199,54 8967,981 6694,249 3310,5588
1,8639998 B 3528,2678 9533,729 15510,2 15885,347 10906,457 2829,5586 S 1826,6661 7963,1313 15199,54 8967,981 6694,249 3310,5588
1,8639995 B 3528,2678 9533,729 15510,2 15885,347 10906,457 2829,5586 S 1826,6661 7963,1313 15199,54 8967,981 6694,249 3310,5588
1,8640001 B 3528,2678 9533,729 15510,2 15885,347 10906,457 2829,5586 S 1826,6661 7963,1313 15199,54 8967,981 6694,249 3310,5588
1,8640007 B 3528,2678 9533,729 15510,2 15885,347 10906,457 2829,5586 S 1826,6661 7963,1313 15199,54 8967,981 6694,249 3310,5588
1,8640001 B 3528,2678 9533,729 15510,2 15885,347 10906,457 2829,5586 S 1826,6661 7963,1313 15199,54 8967,981 6694,249 3310,5588
1,864 B 3528,2678 9533,729 15510,2 15885,347 10906,457 2829,5586 S 1826,6661 7963,1313 15199,54 8967,981 6694,249 3310,5588
1,8640006 B 3528,2678 9533,729 15510,2 15885,347 10906,457 2829,5586 S 1826,6661 7963,1313 15199,54 8967,981 6694,249 3310,5588
1,8640006 B 3528,2678 9533,729 15510,2 15885,347 10906,457 2829,5586 S 1826,6661 7963,1313 15199,54 8967,981 6694,249 3310,5588
1,8637282 B 3528,2678 9533,729 15510,2 15885,347 10906,457 2829,5586 S 1826,6661 7963,1313 15199,54 8967,981 6694,249 3310,5588
1,8629998 B 3528,2678 9533,729 15510,2 15885,347 10906,457 2829,5586 S 1826,6661 7963,1313 15199,54 8967,981 6694,249 3310,5588
1,863 B 3528,2678 9533,729 15510,2 15885,347 10906,457 2829,5586 S 1826,6661 7963,1313 15199,54 8967,981 6694,249 3310,5588
1,8629992 B 3528,2678 9533,729 15510,2 15885,347 10906,457 2829,5586 S 1826,6661 7963,1313 15199,54 8967,981 6694,249 3310,5588
1,8630005 B 3528,2678 9533,729 15510,2 15885,347 10906,457 2829,5586 S 1826,6661 7963,1313 15199,54 8967,981 6694,249 3310,5588
1,8629997 B 3528,2678 9533,729 15510,2 15885,347 10906,457 2829,5586 S 1826,6661 7963,1313 15199,54 8967,981 6694,249 3310,5588
1,863 B 3528,2678 9533,729 15510,2 15885,347 10906,457 2829,5586 S 1826,6661 7963,1313 15199,54 8967,981 6694,249 3310,5588
1,8629996 B 3528,2678 9533,729 15510,2 15885,347 10906,457 2829,5586 S 1826,6661 7963,1313 15199,54 8967,981 6694,249 3310,5588
1,8629998 B 3528,2678 9533,729 15510,2 15885,347 10906,457 2829,5586 S 1826,6661 7963,1313 15199,54 8967,981 6694,249 3310,5588
1,8630002 B 3528,2678 9533,729 15510,2 15885,347 10906,457 2829,5586 S 1826,6661 7963,1313 15199,54 8967,981 6694,249 3310,5588
1,8630002 B 3528,2678 9533,729 15510,2 15885,347 10906,457 2829,5586 S 1826,6661 7963,1313 15199,54 8967,981 6694,249 3310,5588
1,8629996 B 3528,2678 9533,729 15510,2 15885,347 10906,457 2829,5586 S 1826,6661 7963,1313 15199,54 8967,981 6694,249 3310,5588
1,8629998 B 3528,2678 9533,729 15510,2 15885,347 10906,457 2829,5586 S 1826,6661 7963,1313 15199,54 8967,981 6694,249 3310,5588
1,8630004 B 3528,2678 9533,729 15510,2 15885,347 10906,457 2829,5586 S 1826,6661 7963,1313 15199,54 8967,981 6694,249 3310,5588
1,863 B 3528,2678 9533,729 15510,2 15885,347 10906,457 2829,5586 S 1826,6661 7963,1313 15199,54 8967,981 6694,249 3310,5588
1,8629996 B 3528,2678 9533,729 15510,2 15885,347 10906,457 2829,5586 S 1826,6661 7963,1313 15199,54 8967,981 6694,249 3310,5588
1,8629994 B 3528,2678 9533,729 15510,2 15885,347 10906,457 2829,5586 S 1826,6661 7963,1313 15199,54 8967,981 6694,249 3310,5588
1,8629997 B 3528,2678 9533,729 15510,2 15885,347 10906,457 2829,5586 S 1826,6661 7963,1313 15199,54 8967,981 6694,249 3310,5588
1,8629994 B 3528,2678 9533,729 15510,2 15885,347 10906,457 2829,5586 S 1826,6661 7963,1313 15199,54 8967,981 6694,249 3310,5588
1,863 B 3528,2678 9533,729 15510,2 15885,347 10906,457 2829,5586 S 1826,6661 7963,1313 15199,54 8967,981 6694,249 3310,5588
1,8630004 B 3528,2678 9533,729 15510,2 15885,347 10906,457 2829,5586 S 1826,6661 7963,1313 15199,54 8967,981 6694,249 3310,5588
1,8629998 B 3528,2678 9533,729 15510,2 15885,347 10906,457 2829,5586 S 1826,6661 7963,1313 15199,54 8967,981 6694,249 3310,5588
1,863 B 3528,2678 9533,729 15510,2 15885,347 10906,457 2829,5586 S 1826,6661 7963,1313 15199,54 8967,981 6694,249 3310,5588
1,8630002 B 3528,2678 9533,729 15510,2 15885,347 10906,457 2829,5586 S 1826,6661 7963,1313 15199,54 8967,981 6694,249 3310,5588
1,8629998 B 3528,2678 9533,729 15510,2 15885,347 10906,457 2829,5586 S 1826,6661 7963,1313 15199,54 8967,981 6694,249 3310,5588
1,8630004 B 3528,2678 9533,729 15510,2 15885,347 10906,457 2829,5586 S 1826,6661 7963,1313 15199,54 8967,981 6694,249 3310,5588
1,8630004 B 3528,2678 9533,729 15510,2 15885,347 10906,457 2829,5586 S 1826,6661 7963,1313 15199,54 8967,981 6694,249 3310,5588
1,863 B 3528,2678 9533,729 15510,2 15885,347 10906,457 2829,5586 S 1826,6661 7963,1313 15199,54 8967,981 6694,249 3310,5588
1,8630002 B 3528,2678 9533,729 15510,2 15885,347 10906,457 2829,5586 S 1826,6661 7963,1313 15199,54 8967,981 6694,249 3310,5588
1,8630002 B 3528,2678 9533,729 15510,2 15885,347 10906,457 2829,5586 S 1826,6661 7963,1313 15199,54 8967,981 6694,249 3310,5588
1,8630003 B 3528,2678 9533,729 15510,2 15885,347 10906,457 2829,5586 S 1826,6661 7963,1313 15199,54 8967,981 6694,249 3310,5588
1,8630002 B 3528,2678 9533,729 15510,2 15885,347 10906,457 2829,5586 S 1826,6661 7963,1313 15199,54 8967,981 6694,249 3310,5588
1,8630003 B 3528,2678 9533,729 15510,2 15885,347 10906,457 2829,5586 S 1826,6661 7963,1313 15199,54 8967,981 6694,249 3310,5588
1,8630005 B 3528,2678 9533,729 15510,2 15885,347 10906,457 2829,5586 S 1826,6661 7963,1313 15199,54 8967,981 6694,249 3310,5588
1,8629996 B 3528,2678 9533,729 15510,2 15885,347 10906,457 2829,5586 S 1826,6661 7963,1313 15199,54 8967,981 6694,249 3310,5588
1,8639301 B 3528,2678 9533,729 15510,2 15885,347 10906,457 2829,5586 S 1826,6661 7963,1313 15199,54 8967,981 6694,249 3310,5588
1,8649998 B 3528,2678 9533,729 15510,2 15885,347 10906,457 2829,5586 S 1826,6661 7963,1313 15199,54 8967,981 6694,249 3310,5588
1,8650004 B 3528,2678 9533,729 15510,2 15885,347 10906,457 2829,5586 S 1826,6661 7963,1313 15199,54 8967,981 6694,249 3310,5588
1,865 B 3528,2678 9533,729 15510,2 15885,347 10906,457 2829,5586 S 1826,6661 7963,1313 15199,54 8967,981 6694,249 3310,5588
1,8649997 B 3528,2678 9533,729 15510,2 15885,347 10906,457 2829,5586 S 1826,6661 7963,1313 15199,54 8967,981 6694,249 3310,5588
1,8649998 B 3528,2678 9533,729 15510,2 15885,347 10906,457 2829,5586 S 1826,6661 7963,1313 15199,54 8967,981 6694,249 3310,5588
1,8649999 B 3528,2678 9533,729 15510,2 15885,347 10906,457 2829,5586 S 1826,6661 7963,1313 15199,54 8967,981 6694,249 3310,5588
1,8649998 B 3528,2678 9533,729 15510,2 15885,347 10906,457 2829,5586 S 1826,6661 7963,1313 15199,54 8967,981 6694,249 3310,5588
1,8650004 B 3528,2678 9533,729 15510,2 15885,347 10906,457 2829,5586 S 1826,6661 7963,1313 15199,54 8967,981 6694,249 3310,5588
1,8649998 B 3528,2678 9533,729 15510,2 15885,347 10906,457 2829,5586 S 1826,6661 7963,1313 15199,54 8967,981 6694,249 3310,5588
1,865 B 3528,2678 9533,729 15510,2 15885,347 10906,457 2829,5586 S 1826,6661 7963,1313 15199,54 8967,981 6694,249 3310,5588
1,8650001 B 3528,2678 9533,729 15510,2 15885,347 10906,457 2829,5586 S 1826,6661 7963,1313 15199,54 8967,981 6694,249 3310,5588
1,8649994 B 3528,2678 9533,729 15510,2 15885,347 10906,457 2829,5586 S 1826,6661 7963,1313 15199,54 8967,981 6694,249 3310,5588
1,865 B 3528,2678 9533,729 15510,2 15885,347 10906,457 2829,5586 S 1826,6661 7963,1313 15199,54 8967,981 6694,249 3310,5588
1,8650002 B 3528,2678 9533,729 15510,2 15885,347 10906,457 2829,5586 S 1826,6661 7963,1313 15199,54 8967,981 6694,249 3310,5588
1,8649992 B 3528,2678 9533,729 15510,2 15885,347 10906,457 2829,5586 S 1826,6661 7963,1313 15199,54 8967,981 6694,249 3310,5588
1,8650002 B 3528,2678 9533,729 15510,2 15885,347 10906,457 2829,5586 S 1826,6661 7963,1313 15199,54 8967,981 6694,249 3310,5588
1,8650001 B 3528,2678 9533,729 15510,2 15885,347 10906,457 2829,5586 S 1826,6661 7963,1313 15199,54 8967,981 6694,249 3310,5588
1,8641955 B 3528,2678 9533,729 15510,2 15885,347 10906,457 2829,5586 S 1826,6661 7963,1313 15199,54 8967,981 6694,249 3310,5588
1,8639998 B 3528,2678 9533,729 15510,2 15885,347 10906,457 2829,5586 S 1826,6661 7963,1313 15199,54 8967,981 6694,249 3310,5588
1,8630091 B 3528,2678 9533,729 15510,2 15885,347 10906,457 2829,5586 S 1826,6661 7963,1313 15199,54 8967,981 6694,249 3310,5588
1,8629998 B 3528,2678 9533,729 15510,2 15885,347 10906,457 2829,5586 S 1826,6661 7963,1313 15199,54 8967,981 6694,249 3310,5588
1,8629997 B 3528,2678 9533,729 15510,2 15885,347 10906,457 2829,5586 S 1826,6661 7963,1313 15199,54 8967,981 6694,249 3310,5588
1,8630002 B 3528,2678 9533,729 15510,2 15885,347 10906,457 2829,5586 S 1826,6661 7963,1313 15199,54 8967,981 6694,249 3310,5588
1,8629996 B 3528,2678 9533,729 15510,2 15885,347 10906,457 2829,5586 S 1826,6661 7963,1313 15199,54 8967,981 6694,249 3310,5588
1,8630003 B 3528,2678 9533,729 15510,2 15885,347 10906,457 2829,5586 S 1826,6661 7963,1313 15199,54 8967,981 6694,249 3310,5588
1,8629998 B 3528,2678 9533,729 15510,2 15885,347 10906,457 2829,5586 S 1826,6661 7963,1313 15199,54 8967,981 6694,249 3310,5588
1,8630003 B 3528,2678 9533,729 15510,2 15885,347 10906,457 2829,5586 S 1826,6661 7963,1313 15199,54 8967,981 6694,249 3310,5588
1,863 B 3528,2678 9533,729 15510,2 15885,347 10906,457 2829,5586 S 1826,6661 7963,1313 15199,54 8967,981 6694,249 3310,5588
1,8630003 B 3528,2678 9533,729 15510,2 15885,347 10906,457 2829,5586 S 1826,6661 7963,1313 15199,54 8967,981 6694,249 3310,5588
1,8635327 B 3528,2678 9533,729 15510,2 15885,347 10906,457 2829,5586 S 1826,6661 7963,1313 15199,54 8967,981 6694,249 3310,5588
1,8639996 B 3528,2678 9533,729 15510,2 15885,347 10906,457 2829,5586 S 1826,6661 7963,1313 15199,54 8967,981 6694,249 3310,5588
1,864573 B 3528,2678 9533,729 15510,2 15885,347 10906,457 2829,5586 S 1826,6661 7963,1313 15199,54 8967,981 6694,249 3310,5588
1,8645309 B 3528,2678 9533,729 15510,2 15885,347 10906,457 2829,5586 S 1826,6661 7963,1313 15199,54 8967,981 6694,249 3310,5588
1,8640001 B 3528,2678 9533,729 15510,2 15885,347 10906,457 2829,5586 S 1826,6661 7963,1313 15199,54 8967,981 6694,249 3310,5588
1,864 B 3528,2678 9533,729 15510,2 15885,347 10906,457 2829,5586 S 1826,6661 7963,1313 15199,54 8967,981 6694,249 3310,5588
1,8639998 B 3528,2678 9533,729 15510,2 15885,347 10906,457 2829,5586 S 1826,6661 7963,1313 15199,54 8967,981 6694,249 3310,5588
1,8639998 B 3528,2678 9533,729 15510,2 15885,347 10906,457 2829,5586 S 1826,6661 7963,1313 15199,54 8967,981 6694,249 3310,5588
1,8639998 B 3528,2678 9533,729 15510,2 15885,347 10906,457 2829,5586 S 1826,6661 7963,1313 15199,54 8967,981 6694,249 3310,5588
1,8639998 B 3528,2678 9533,729 15510,2 15885,347 10906,457 2829,5586 S 1826,6661 7963,1313 15199,54 8967,981 6694,249 3310,5588
1,8639998 B 3528,2678 9533,729 15510,2 15885,347 10906,457 2829,5586 S 1826,6661 7963,1313 15199,54 8967,981 6694,249 3310,5588
1,8639997 B 3528,2678 9533,729 15510,2 15885,347 10906,457 2829,5586 S 1826,6661 7963,1313 15199,54 8967,981 6694,249 3310,5588
1,8639998 B 3528,2678 9533,729 15510,2 15885,347 10906,457 2829,5586 S 1826,6661 7963,1313 15199,54 8967,981 6694,249 3310,5588
1,8639997 B 3528,2678 9533,729 15510,2 15885,347 10906,457 2829,5586 S 1826,6661 7963,1313 15199,54 8967,981 6694,249 3310,5588
1,8639998 B 3528,2678 9533,729 15510,2 15885,347 10906,457 2829,5586 S 1826,6661 7963,1313 15199,54 8967,981 6694,249 3310,5588
1,864 B 3528,2678 9533,729 15510,2 15885,347 10906,457 2829,5586 S 1826,6661 7963,1313 15199,54 8967,981 6694,249 3310,5588
1,8639997 B 3528,2678 9533,729 15510,2 15885,347 10906,457 2829,5586 S 1826,6661 7963,1313 15199,54 8967,981 6694,249 3310,5588
1,864 B 3528,2678 9533,729 15510,2 15885,347 10906,457 2829,5586 S 1826,6661 7963,1313 15199,54 8967,981 6694,249 3310,5588
1,8640001 B 3528,2678 9533,729 15510,2 15885,347 10906,457 2829,5586 S 1826,6661 7963,1313 15199,54 8967,981 6694,249 3310,5588
1,8639996 B 3528,2678 9533,729 15510,2 15885,347 10906,457 2829,5586 S 1826,6661 7963,1313 15199,54 8967,981 6694,249 3310,5588
1,8639996 B 3528,2678 9533,729 15510,2 15885,347 10906,457 2829,5586 S 1826,6661 7963,1313 15199,54 8967,981 6694,249 3310,5588
1,8640004 B 3528,2678 9533,729 15510,2 15885,347 10906,457 2829,5586 S 1826,6661 7963,1313 15199,54 8967,981 6694,249 3310,5588
1,8640002 B 3528,2678 9533,729 15510,2 15885,347 10906,457 2829,5586 S 1826,6661 7963,1313 15199,54 8967,981 6694,249 3310,5588
1,8640001 B 3528,2678 9533,729 15510,2 15885,347 10906,457 2829,5586 S 1826,6661 7963,1313 15199,54 8967,981 6694,249 3310,5588
1,864537 B 3528,2678 9533,729 15510,2 15885,347 10906,457 2829,5586 S 1826,6661 7963,1313 15199,54 8967,981 6694,249 3310,5588
1,865 B 3528,2678 9533,729 15510,2 15885,347 10906,457 2829,5586 S 1826,6661 7963,1313 15199,54 8967,981 6694,249 3310,5588
1,865 B 3528,2678 9533,729 15510,2 15885,347 10906,457 2829,5586 S 1826,6661 7963,1313 15199,54 8967,981 6694,249 3310,5588
1,8650001 B 3528,2678 9533,729 15510,2 15885,347 10906,457 2829,5586 S 1826,6661 7963,1313 15199,54 8967,981 6694,249 3310,5588
1,865 B 3528,2678 9533,729 15510,2 15885,347 10906,457 2829,5586 S 1826,6661 7963,1313 15199,54 8967,981 6694,249 3310,5588
1,8650001 B 3528,2678 9533,729 15510,2 15885,347 10906,457 2829,5586 S 1826,6661 7963,1313 15199,54 8967,981 6694,249 3310,5588
1,8657964 B 3528,2678 9533,729 15510,2 15885,347 10906,457 2829,5586 S 1826,6661 7963,1313 15199,54 8967,981 6694,249 3310,5588
1,8669997 B 3528,2678 9533,729 15510,2 15885,347 10906,457 2829,5586 S 1826,6661 7963,1313 15199,54 8967,981 6694,249 3310,5588
1,8670005 B 3528,2678 9533,729 15510,2 15885,347 10906,457 2829,5586 S 1826,6661 7963,1313 15199,54 8967,981 6694,249 3310,5588
1,8670006 B 3528,2678 9533,729 15510,2 15885,347 10906,457 2829,5586 S 1826,6661 7963,1313 15199,54 8967,981 6694,249 3310,5588
1,8669994 B 3528,2678 9533,729 15510,2 15885,347 10906,457 2829,5586 S 1826,6661 7963,1313 15199,54 8967,981 6694,249 3310,5588
1,8669997 B 3528,2678 9533,729 15510,2 15885,347 10906,457 2829,5586 S 1826,6661 7963,1313 15199,54 8967,981 6694,249 3310,5588
1,8670002 B 3528,2678 9533,729 15510,2 15885,347 10906,457 2829,5586 S 1826,6661 7963,1313 15199,54 8967,981 6694,249 3310,5588
1,867 B 3528,2678 9533,729 15510,2 15885,347 10906,457 2829,5586 S 1826,6661 7963,1313 15199,54 8967,981 6694,249 3310,5588
1,8662341 B 3528,2678 9533,729 15510,2 15885,347 10906,457 2829,5586 S 1826,6661 7963,1313 15199,54 8967,981 6694,249 3310,5588
1,8649999 B 3528,2678 9533,729 15510,2 15885,347 10906,457 2829,5586 S 1826,6661 7963,1313 15199,54 8967,981 6694,249 3310,5588
1,8649998 B 3528,2678 9533,729 15510,2 15885,347 10906,457 2829,5586 S 1826,6661 7963,1313 15199,54 8967,981 6694,249 3310,5588
1,865 B 3528,2678 9533,729 15510,2 15885,347 10906,457 2829,5586 S 1826,6661 7963,1313 15199,54 8967,981 6694,249 3310,5588
1,8649997 B 3528,2678 9533,729 15510,2 15885,347 10906,457 2829,5586 S 1826,6661 7963,1313 15199,54 8967,981 6694,249 3310,5588
1,8649999 B 3528,2678 9533,729 15510,2 15885,347 10906,457 2829,5586 S 1826,6661 7963,1313 15199,54 8967,981 6694,249 3310,5588
1,8649995 B 3528,2678 9533,729 15510,2 15885,347 10906,457 2829,5586 S 1826,6661 7963,1313 15199,54 8967,981 6694,249 3310,5588
1,8650004 B 3528,2678 9533,729 15510,2 15885,347 10906,457 2829,5586 S 1826,6661 7963,1313 15199,54 8967,981 6694,249 3310,5588
1,8649999 B 3528,2678 9533,729 15510,2 15885,347 10906,457 2829,5586 S 1826,6661 7963,1313 15199,54 8967,981 6694,249 3310,5588
1,8649997 B 3528,2678 9533,729 15510,2 15885,347 10906,457 2829,5586 S 1826,6661 7963,1313 15199,54 8967,981 6694,249 3310,5588
1,8650004 B 3528,2678 9533,729 15510,2 15885,347 10906,457 2829,5586 S 1826,6661 7963,1313 15199,54 8967,981 6694,249 3310,5588
1,8643013 B 3528,2678 9533,729 15510,2 15885,347 10906,457 2829,5586 S 1826,6661 7963,1313 15199,54 8967,981 6694,249 3310,5588
1,864 B 3528,2678 9533,729 15510,2 15885,347 10906,457 2829,5586 S 1826,6661 7963,1313 15199,54 8967,981 6694,249 3310,5588
1,8639996 B 3528,2678 9533,729 15510,2 15885,347 10906,457 2829,5586 S 1826,6661 7963,1313 15199,54 8967,981 6694,249 3310,5588
1,8633672 B 3528,2678 9533,729 15510,2 15885,347 10906,457 2829,5586 S 1826,6661 7963,1313 15199,54 8967,981 6694,249 3310,5588
1,8645267 B 3528,2678 9533,729 15510,2 15885,347 10906,457 2829,5586 S 1826,6661 7963,1313 15199,54 8967,981 6694,249 3310,5588
1,8649995 B 3528,2678 9533,729 15510,2 15885,347 10906,457 2829,5586 S 1826,6661 7963,1313 15199,54 8967,981 6694,249 3310,5588
