1,7768141
1,7870002 B 5192,97 11542,929 13083,23 10744,717 5325,365 9397,724 S 301,4125 12309,974 10517,301 13753,474 3956,5107 14168,283
1,7864312 B 5192,97 11542,929 13083,23 10744,717 5325,365 9397,724 S 301,4125 12309,974 10517,301 13753,474 3956,5107 14168,283
1,785997 B 5192,97 11542,929 13083,23 10744,717 5325,365 9397,724 S 301,4125 12309,974 10517,301 13753,474 3956,5107 14168,283
1,7869503 B 5192,97 11542,929 13083,23 10744,717 5325,365 9397,724 S 301,4125 12309,974 10517,301 13753,474 3956,5107 14168,283
1,7853941 B 5192,97 11542,929 13083,23 10744,717 5325,365 9397,724 S 301,4125 12309,974 10517,301 13753,474 3956,5107 14168,283
1,7846521 B 5192,97 11542,929 13083,23 10744,717 5325,365 9397,724 S 301,4125 12309,974 10517,301 13753,474 3956,5107 14168,283
1,7850003 B 5192,97 11542,929 13083,23 10744,717 5325,365 9397,724 S 301,4125 12309,974 10517,301 13753,474 3956,5107 14168,283
1,7849997 B 5192,97 11542,929 13083,23 10744,717 5325,365 9397,724 S 301,4125 12309,974 10517,301 13753,474 3956,5107 14168,283
1,7844634 B 5192,97 11542,929 13083,23 10744,717 5325,365 9397,724 S 301,4125 12309,974 10517,301 13753,474 3956,5107 14168,283
1,7840002 B 5192,97 11542,929 13083,23 10744,717 5325,365 9397,724 S 301,4125 12309,974 10517,301 13753,474 3956,5107 14168,283
1,7834706 B 5192,97 11542,929 13083,23 10744,717 5325,365 9397,724 S 301,4125 12309,974 10517,301 13753,474 3956,5107 14168,283
1,7841305 B 5192,97 11542,929 13083,23 10744,717 5325,365 9397,724 S 301,4125 12309,974 10517,301 13753,474 3956,5107 14168,283
1,7859997 B 5192,97 11542,929 13083,23 10744,717 5325,365 9397,724 S 301,4125 12309,974 10517,301 13753,474 3956,5107 14168,283
1,7868165 B 5192,97 11542,929 13083,23 10744,717 5325,365 9397,724 S 301,4125 12309,974 10517,301 13753,474 3956,5107 14168,283
1,7870003 B 5192,97 11542,929 13083,23 10744,717 5325,365 9397,724 S 301,4125 12309,974 10517,301 13753,474 3956,5107 14168,283
1,7870004 B 5192,97 11542,929 13083,23 10744,717 5325,365 9397,724 S 301,4125 12309,974 10517,301 13753,474 3956,5107 14168,283
1,7862284 B 5192,97 11542,929 13083,23 10744,717 5325,365 9397,724 S 301,4125 12309,974 10517,301 13753,474 3956,5107 14168,283
1,7859995 B 5192,97 11542,929 13083,23 10744,717 5325,365 9397,724 S 301,4125 12309,974 10517,301 13753,474 3956,5107 14168,283
1,786001 B 5192,97 11542,929 13083,23 10744,717 5325,365 9397,724 S 301,4125 12309,974 10517,301 13753,474 3956,5107 14168,283
1,7863562 B 5192,97 11542,929 13083,23 10744,717 5325,365 9397,724 S 301,4125 12309,974 10517,301 13753,474 3956,5107 14168,283
1,7879999 B 5192,97 11542,929 13083,23 10744,717 5325,365 9397,724 S 301,4125 12309,974 10517,301 13753,474 3956,5107 14168,283
1,788996 B 5192,97 11542,929 13083,23 10744,717 5325,365 9397,724 S 301,4125 12309,974 10517,301 13753,474 3956,5107 14168,283
1,7890002 B 5192,97 11542,929 13083,23 10744,717 5325,365 9397,724 S 301,4125 12309,974 10517,301 13753,474 3956,5107 14168,283
1,7890004 B 5192,97 11542,929 13083,23 10744,717 5325,365 9397,724 S 301,4125 12309,974 10517,301 13753,474 3956,5107 14168,283
1,7890002 B 5192,97 11542,929 13083,23 10744,717 5325,365 9397,724 S 301,4125 12309,974 10517,301 13753,474 3956,5107 14168,283
1,7890002 B 5192,97 11542,929 13083,23 10744,717 5325,365 9397,724 S 301,4125 12309,974 10517,301 13753,474 3956,5107 14168,283
1,7889998 B 5192,97 11542,929 13083,23 10744,717 5325,365 9397,724 S 301,4125 12309,974 10517,301 13753,474 3956,5107 14168,283
1,7875105 B 5192,97 11542,929 13083,23 10744,717 5325,365 9397,724 S 301,4125 12309,974 10517,301 13753,474 3956,5107 14168,283
1,7870007 B 5192,97 11542,929 13083,23 10744,717 5325,365 9397,724 S 301,4125 12309,974 10517,301 13753,474 3956,5107 14168,283
1,7869998 B 5192,97 11542,929 13083,23 10744,717 5325,365 9397,724 S 301,4125 12309,974 10517,301 13753,474 3956,5107 14168,283
1,7870003 B 5192,97 11542,929 13083,23 10744,717 5325,365 9397,724 S 301,4125 12309,974 10517,301 13753,474 3956,5107 14168,283
1,7866603 B 5192,97 11542,929 13083,23 10744,717 5325,365 9397,724 S 301,4125 12309,974 10517,301 13753,474 3956,5107 14168,283
1,7859999 B 5192,97 11542,929 13083,23 10744,717 5325,365 9397,724 S 301,4125 12309,974 10517,301 13753,474 3956,5107 14168,283
1,7859999 B 5192,97 11542,929 13083,23 10744,717 5325,365 9397,724 S 301,4125 12309,974 10517,301 13753,474 3956,5107 14168,283
1,7864492 B 5192,97 11542,929 13083,23 10744,717 5325,365 9397,724 S 301,4125 12309,974 10517,301 13753,474 3956,5107 14168,283
1,7869995 B 5192,97 11542,929 13083,23 10744,717 5325,365 9397,724 S 301,4125 12309,974 10517,301 13753,474 3956,5107 14168,283
1,7869995 B 5192,97 11542,929 13083,23 10744,717 5325,365 9397,724 S 301,4125 12309,974 10517,301 13753,474 3956,5107 14168,283
1,7870001 B 5192,97 11542,929 13083,23 10744,717 5325,365 9397,724 S 301,4125 12309,974 10517,301 13753,474 3956,5107 14168,283
1,7869993 B 5192,97 11542,929 13083,23 10744,717 5325,365 9397,724 S 301,4125 12309,974 10517,301 13753,474 3956,5107 14168,283
1,7869998 B 5192,97 11542,929 13083,23 10744,717 5325,365 9397,724 S 301,4125 12309,974 10517,301 13753,474 3956,5107 14168,283
1,7869998 B 5192,97 11542,929 13083,23 10744,717 5325,365 9397,724 S 301,4125 12309,974 10517,301 13753,474 3956,5107 14168,283
1,7870001 B 5192,97 11542,929 13083,23 10744,717 5325,365 9397,724 S 301,4125 12309,974 10517,301 13753,474 3956,5107 14168,283
1,7870003 B 5192,97 11542,929 13083,23 10744,717 5325,365 9397,724 S 301,4125 12309,974 10517,301 13753,474 3956,5107 14168,283
1,7861806 B 5192,97 11542,929 13083,23 10744,717 5325,365 9397,724 S 301,4125 12309,974 10517,301 13753,474 3956,5107 14168,283
1,7849998 B 5192,97 11542,929 13083,23 10744,717 5325,365 9397,724 S 301,4125 12309,974 10517,301 13753,474 3956,5107 14168,283
1,7840849 B 5192,97 11542,929 13083,23 10744,717 5325,365 9397,724 S 301,4125 12309,974 10517,301 13753,474 3956,5107 14168,283
1,7832037 B 5192,97 11542,929 13083,23 10744,717 5325,365 9397,724 S 301,4125 12309,974 10517,301 13753,474 3956,5107 14168,283
1,7830003 B 5192,97 11542,929 13083,23 10744,717 5325,365 9397,724 S 301,4125 12309,974 10517,301 13753,474 3956,5107 14168,283
1,7830002 B 5192,97 11542,929 13083,23 10744,717 5325,365 9397,724 S 301,4125 12309,974 10517,301 13753,474 3956,5107 14168,283
1,7829999 B 5192,97 11542,929 13083,23 10744,717 5325,365 9397,724 S 301,4125 12309,974 10517,301 13753,474 3956,5107 14168,283
1,7829996 B 5192,97 11542,929 13083,23 10744,717 5325,365 9397,724 S 301,4125 12309,974 10517,301 13753,474 3956,5107 14168,283
1,7830001 B 5192,97 11542,929 13083,23 10744,717 5325,365 9397,724 S 301,4125 12309,974 10517,301 13753,474 3956,5107 14168,283
1,7830003 B 5192,97 11542,929 13083,23 10744,717 5325,365 9397,724 S 301,4125 12309,974 10517,301 13753,474 3956,5107 14168,283
1,7830005 B 5192,97 11542,929 13083,23 10744,717 5325,365 9397,724 S 301,4125 12309,974 10517,301 13753,474 3956,5107 14168,283
1,7830001 B 5192,97 11542,929 13083,23 10744,717 5325,365 9397,724 S 301,4125 12309,974 10517,301 13753,474 3956,5107 14168,283
1,7844144 B 5192,97 11542,929 13083,23 10744,717 5325,365 9397,724 S 301,4125 12309,974 10517,301 13753,474 3956,5107 14168,283
1,7850002 B 5192,97 11542,929 13083,23 10744,717 5325,365 9397,724 S 301,4125 12309,974 10517,301 13753,474 3956,5107 14168,283
1,7850002 B 5192,97 11542,929 13083,23 10744,717 5325,365 9397,724 S 301,4125 12309,974 10517,301 13753,474 3956,5107 14168,283
1,785 B 5192,97 11542,929 13083,23 10744,717 5325,365 9397,724 S 301,4125 12309,974 10517,301 13753,474 3956,5107 14168,283
1,785 B 5192,97 11542,929 13083,23 10744,717 5325,365 9397,724 S 301,4125 12309,974 10517,301 13753,474 3956,5107 14168,283
1,7850006 B 5192,97 11542,929 13083,23 10744,717 5325,365 9397,724 S 301,4125 12309,974 10517,301 13753,474 3956,5107 14168,283
1,7849785 B 5192,97 11542,929 13083,23 10744,717 5325,365 9397,724 S 301,4125 12309,974 10517,301 13753,474 3956,5107 14168,283
1,7840003 B 5192,97 11542,929 13083,23 10744,717 5325,365 9397,724 S 301,4125 12309,974 10517,301 13753,474 3956,5107 14168,283
1,7840006 B 5192,97 11542,929 13083,23 10744,717 5325,365 9397,724 S 301,4125 12309,974 10517,301 13753,474 3956,5107 14168,283
1,784 B 5192,97 11542,929 13083,23 10744,717 5325,365 9397,724 S 301,4125 12309,974 10517,301 13753,474 3956,5107 14168,283
1,7815213 B 5192,97 11542,929 13083,23 10744,717 5325,365 9397,724 S 301,4125 12309,974 10517,301 13753,474 3956,5107 14168,283
1,7801548 B 5192,97 11542,929 13083,23 10744,717 5325,365 9397,724 S 301,4125 12309,974 10517,301 13753,474 3956,5107 14168,283
1,7800001 B 5192,97 11542,929 13083,23 10744,717 5325,365 9397,724 S 301,4125 12309,974 10517,301 13753,474 3956,5107 14168,283
1,7797723 B 5192,97 11542,929 13083,23 10744,717 5325,365 9397,724 S 301,4125 12309,974 10517,301 13753,474 3956,5107 14168,283
1,7790002 B 5192,97 11542,929 13083,23 10744,717 5325,365 9397,724 S 301,4125 12309,974 10517,301 13753,474 3956,5107 14168,283
1,7781367 B 5192,97 11542,929 13083,23 10744,717 5325,365 9397,724 S 301,4125 12309,974 10517,301 13753,474 3956,5107 14168,283
1,777251 B 5192,97 11542,929 13083,23 10744,717 5325,365 9397,724 S 301,4125 12309,974 10517,301 13753,474 3956,5107 14168,283
1,778 B 5192,97 11542,929 13083,23 10744,717 5325,365 9397,724 S 301,4125 12309,974 10517,301 13753,474 3956,5107 14168,283
1,7790083 B 5192,97 11542,929 13083,23 10744,717 5325,365 9397,724 S 301,4125 12309,974 10517,301 13753,474 3956,5107 14168,283
1,7818716 B 5192,97 11542,929 13083,23 10744,717 5325,365 9397,724 S 301,4125 12309,974 10517,301 13753,474 3956,5107 14168,283
1,7819998 B 5192,97 11542,929 13083,23 10744,717 5325,365 9397,724 S 301,4125 12309,974 10517,301 13753,474 3956,5107 14168,283
1,7820001 B 5192,97 11542,929 13083,23 10744,717 5325,365 9397,724 S 301,4125 12309,974 10517,301 13753,474 3956,5107 14168,283
1,7819997 B 5192,97 11542,929 13083,23 10744,717 5325,365 9397,724 S 301,4125 12309,974 10517,301 13753,474 3956,5107 14168,283
1,780053 B 5192,97 11542,929 13083,23 10744,717 5325,365 9397,724 S 301,4125 12309,974 10517,301 13753,474 3956,5107 14168,283
1,7805905 B 5192,97 11542,929 13083,23 10744,717 5325,365 9397,724 S 301,4125 12309,974 10517,301 13753,474 3956,5107 14168,283
1,7830001 B 5192,97 11542,929 13083,23 10744,717 5325,365 9397,724 S 301,4125 12309,974 10517,301 13753,474 3956,5107 14168,283
1,7829999 B 5192,97 11542,929 13083,23 10744,717 5325,365 9397,724 S 301,4125 12309,974 10517,301 13753,474 3956,5107 14168,283
1,7829998 B 5192,97 11542,929 13083,23 10744,717 5325,365 9397,724 S 301,4125 12309,974 10517,301 13753,474 3956,5107 14168,283
1,7829998 B 5192,97 11542,929 13083,23 10744,717 5325,365 9397,724 S 301,4125 12309,974 10517,301 13753,474 3956,5107 14168,283
1,7823817 B 5192,97 11542,929 13083,23 10744,717 5325,365 9397,724 S 301,4125 12309,974 10517,301 13753,474 3956,5107 14168,283
1,7820002 B 5192,97 11542,929 13083,23 10744,717 5325,365 9397,724 S 301,4125 12309,974 10517,301 13753,474 3956,5107 14168,283
1,7791361 B 5192,97 11542,929 13083,23 10744,717 5325,365 9397,724 S 301,4125 12309,974 10517,301 13753,474 3956,5107 14168,283
1,779 B 5192,97 11542,929 13083,23 10744,717 5325,365 9397,724 S 301,4125 12309,974 10517,301 13753,474 3956,5107 14168,283
1,779 B 5192,97 11542,929 13083,23 10744,717 5325,365 9397,724 S 301,4125 12309,974 10517,301 13753,474 3956,5107 14168,283
1,7821513 B 5192,97 11542,929 13083,23 10744,717 5325,365 9397,724 S 301,4125 12309,974 10517,301 13753,474 3956,5107 14168,283
1,7840005 B 5192,97 11542,929 13083,23 10744,717 5325,365 9397,724 S 301,4125 12309,974 10517,301 13753,474 3956,5107 14168,283
1,7840003 B 5192,97 11542,929 13083,23 10744,717 5325,365 9397,724 S 301,4125 12309,974 10517,301 13753,474 3956,5107 14168,283
1,7840002 B 5192,97 11542,929 13083,23 10744,717 5325,365 9397,724 S 301,4125 12309,974 10517,301 13753,474 3956,5107 14168,283
1,7834865 B 5192,97 11542,929 13083,23 10744,717 5325,365 9397,724 S 301,4125 12309,974 10517,301 13753,474 3956,5107 14168,283
1,7830001 B 5192,97 11542,929 13083,23 10744,717 5325,365 9397,724 S 301,4125 12309,974 10517,301 13753,474 3956,5107 14168,283
1,7820216 B 5192,97 11542,929 13083,23 10744,717 5325,365 9397,724 S 301,4125 12309,974 10517,301 13753,474 3956,5107 14168,283
1,7789999 B 5192,97 11542,929 13083,23 10744,717 5325,365 9397,724 S 301,4125 12309,974 10517,301 13753,474 3956,5107 14168,283
1,7790004 B 5192,97 11542,929 13083,23 10744,717 5325,365 9397,724 S 301,4125 12309,974 10517,301 13753,474 3956,5107 14168,283
1,776027 B 5192,97 11542,929 13083,23 10744,717 5325,365 9397,724 S 301,4125 12309,974 10517,301 13753,474 3956,5107 14168,283
1,7753218 B 5192,97 11542,929 13083,23 10744,717 5325,365 9397,724 S 301,4125 12309,974 10517,301 13753,474 3956,5107 14168,283
1,7790005 B 5192,97 11542,929 13083,23 10744,717 5325,365 9397,724 S 301,4125 12309,974 10517,301 13753,474 3956,5107 14168,283
1,7770847 B 5192,97 11542,929 13083,23 10744,717 5325,365 9397,724 S 301,4125 12309,974 10517,301 13753,474 3956,5107 14168,283
1,7760739 B 5192,97 11542,929 13083,23 10744,717 5325,365 9397,724 S 301,4125 12309,974 10517,301 13753,474 3956,5107 14168,283
1,7769817 B 5192,97 11542,929 13083,23 10744,717 5325,365 9397,724 S 301,4125 12309,974 10517,301 13753,474 3956,5107 14168,283
1,7770001 B 5192,97 11542,929 13083,23 10744,717 5325,365 9397,724 S 301,4125 12309,974 10517,301 13753,474 3956,5107 14168,283
1,7776104 B 5192,97 11542,929 13083,23 10744,717 5325,365 9397,724 S 301,4125 12309,974 10517,301 13753,474 3956,5107 14168,283
1,7779999 B 5192,97 11542,929 13083,23 10744,717 5325,365 9397,724 S 301,4125 12309,974 10517,301 13753,474 3956,5107 14168,283
1,7779999 B 5192,97 11542,929 13083,23 10744,717 5325,365 9397,724 S 301,4125 12309,974 10517,301 13753,474 3956,5107 14168,283
1,7779998 B 5192,97 11542,929 13083,23 10744,717 5325,365 9397,724 S 301,4125 12309,974 10517,301 13753,474 3956,5107 14168,283
1,7789857 B 5192,97 11542,929 13083,23 10744,717 5325,365 9397,724 S 301,4125 12309,974 10517,301 13753,474 3956,5107 14168,283
1,7790005 B 5192,97 11542,929 13083,23 10744,717 5325,365 9397,724 S 301,4125 12309,974 10517,301 13753,474 3956,5107 14168,283
1,7790002 B 5192,97 11542,929 13083,23 10744,717 5325,365 9397,724 S 301,4125 12309,974 10517,301 13753,474 3956,5107 14168,283
1,7789997 B 5192,97 11542,929 13083,23 10744,717 5325,365 9397,724 S 301,4125 12309,974 10517,301 13753,474 3956,5107 14168,283
1,7787927 B 5192,97 11542,929 13083,23 10744,717 5325,365 9397,724 S 301,4125 12309,974 10517,301 13753,474 3956,5107 14168,283
1,7760415 B 5192,97 11542,929 13083,23 10744,717 5325,365 9397,724 S 301,4125 12309,974 10517,301 13753,474 3956,5107 14168,283
1,7722503 B 5192,97 11542,929 13083,23 10744,717 5325,365 9397,724 S 301,4125 12309,974 10517,301 13753,474 3956,5107 14168,283
1,7721931 B 5192,97 11542,929 13083,23 10744,717 5325,365 9397,724 S 301,4125 12309,974 10517,301 13753,474 3956,5107 14168,283
1,7691582 B 5192,97 11542,929 13083,23 10744,717 5325,365 9397,724 S 301,4125 12309,974 10517,301 13753,474 3956,5107 14168,283
1,7703701 B 5192,97 11542,929 13083,23 10744,717 5325,365 9397,724 S 301,4125 12309,974 10517,301 13753,474 3956,5107 14168,283
1,7704455 B 5192,97 11542,929 13083,23 10744,717 5325,365 9397,724 S 301,4125 12309,974 10517,301 13753,474 3956,5107 14168,283
1,7657422 B 5192,97 11542,929 13083,23 10744,717 5325,365 9397,724 S 301,4125 12309,974 10517,301 13753,474 3956,5107 14168,283
1,7666345 B 5192,97 11542,929 13083,23 10744,717 5325,365 9397,724 S 301,4125 12309,974 10517,301 13753,474 3956,5107 14168,283
1,7672063 B 5192,97 11542,929 13083,23 10744,717 5325,365 9397,724 S 301,4125 12309,974 10517,301 13753,474 3956,5107 14168,283
1,7654204 B 5192,97 11542,929 13083,23 10744,717 5325,365 9397,724 S 301,4125 12309,974 10517,301 13753,474 3956,5107 14168,283
1,7640005 B 5192,97 11542,929 13083,23 10744,717 5325,365 9397,724 S 301,4125 12309,974 10517,301 13753,474 3956,5107 14168,283
1,7643086 B 5192,97 11542,929 13083,23 10744,717 5325,365 9397,724 S 301,4125 12309,974 10517,301 13753,474 3956,5107 14168,283
1,76487 B 5192,97 11542,929 13083,23 10744,717 5325,365 9397,724 S 301,4125 12309,974 10517,301 13753,474 3956,5107 14168,283
1,7644061 B 5192,97 11542,929 13083,23 10744,717 5325,365 9397,724 S 301,4125 12309,974 10517,301 13753,474 3956,5107 14168,283
1,7650005 B 5192,97 11542,929 13083,23 10744,717 5325,365 9397,724 S 301,4125 12309,974 10517,301 13753,474 3956,5107 14168,283
1,7653786 B 5192,97 11542,929 13083,23 10744,717 5325,365 9397,724 S 301,4125 12309,974 10517,301 13753,474 3956,5107 14168,283
1,7660003 B 5192,97 11542,929 13083,23 10744,717 5325,365 9397,724 S 301,4125 12309,974 10517,301 13753,474 3956,5107 14168,283
1,7660002 B 5192,97 11542,929 13083,23 10744,717 5325,365 9397,724 S 301,4125 12309,974 10517,301 13753,474 3956,5107 14168,283
1,7660003 B 5192,97 11542,929 13083,23 10744,717 5325,365 9397,724 S 301,4125 12309,974 10517,301 13753,474 3956,5107 14168,283
1,7660003 B 5192,97 11542,929 13083,23 10744,717 5325,365 9397,724 S 301,4125 12309,974 10517,301 13753,474 3956,5107 14168,283
1,7660007 B 5192,97 11542,929 13083,23 10744,717 5325,365 9397,724 S 301,4125 12309,974 10517,301 13753,474 3956,5107 14168,283
1,7646611 B 5192,97 11542,929 13083,23 10744,717 5325,365 9397,724 S 301,4125 12309,974 10517,301 13753,474 3956,5107 14168,283
1,7639995 B 5192,97 11542,929 13083,23 10744,717 5325,365 9397,724 S 301,4125 12309,974 10517,301 13753,474 3956,5107 14168,283
1,7643908 B 5192,97 11542,929 13083,23 10744,717 5325,365 9397,724 S 301,4125 12309,974 10517,301 13753,474 3956,5107 14168,283
1,7658398 B 5192,97 11542,929 13083,23 10744,717 5325,365 9397,724 S 301,4125 12309,974 10517,301 13753,474 3956,5107 14168,283
1,7650001 B 5192,97 11542,929 13083,23 10744,717 5325,365 9397,724 S 301,4125 12309,974 10517,301 13753,474 3956,5107 14168,283
1,765283 B 5192,97 11542,929 13083,23 10744,717 5325,365 9397,724 S 301,4125 12309,974 10517,301 13753,474 3956,5107 14168,283
1,7682401 B 5192,97 11542,929 13083,23 10744,717 5325,365 9397,724 S 301,4125 12309,974 10517,301 13753,474 3956,5107 14168,283
1,7693536 B 5192,97 11542,929 13083,23 10744,717 5325,365 9397,724 S 301,4125 12309,974 10517,301 13753,474 3956,5107 14168,283
1,7683424 B 5192,97 11542,929 13083,23 10744,717 5325,365 9397,724 S 301,4125 12309,974 10517,301 13753,474 3956,5107 14168,283
1,7689998 B 5192,97 11542,929 13083,23 10744,717 5325,365 9397,724 S 301,4125 12309,974 10517,301 13753,474 3956,5107 14168,283
1,7703012 B 5192,97 11542,929 13083,23 10744,717 5325,365 9397,724 S 301,4125 12309,974 10517,301 13753,474 3956,5107 14168,283
1,771 B 5192,97 11542,929 13083,23 10744,717 5325,365 9397,724 S 301,4125 12309,974 10517,301 13753,474 3956,5107 14168,283
1,7709999 B 5192,97 11542,929 13083,23 10744,717 5325,365 9397,724 S 301,4125 12309,974 10517,301 13753,474 3956,5107 14168,283
1,7703594 B 5192,97 11542,929 13083,23 10744,717 5325,365 9397,724 S 301,4125 12309,974 10517,301 13753,474 3956,5107 14168,283
1,77 B 5192,97 11542,929 13083,23 10744,717 5325,365 9397,724 S 301,4125 12309,974 10517,301 13753,474 3956,5107 14168,283
1,7700002 B 5192,97 11542,929 13083,23 10744,717 5325,365 9397,724 S 301,4125 12309,974 10517,301 13753,474 3956,5107 14168,283
1,7695483 B 5192,97 11542,929 13083,23 10744,717 5325,365 9397,724 S 301,4125 12309,974 10517,301 13753,474 3956,5107 14168,283
1,7689215 B 5192,97 11542,929 13083,23 10744,717 5325,365 9397,724 S 301,4125 12309,974 10517,301 13753,474 3956,5107 14168,283
1,7679998 B 5192,97 11542,929 13083,23 10744,717 5325,365 9397,724 S 301,4125 12309,974 10517,301 13753,474 3956,5107 14168,283
1,7680002 B 5192,97 11542,929 13083,23 10744,717 5325,365 9397,724 S 301,4125 12309,974 10517,301 13753,474 3956,5107 14168,283
1,7689037 B 5192,97 11542,929 13083,23 10744,717 5325,365 9397,724 S 301,4125 12309,974 10517,301 13753,474 3956,5107 14168,283
1,7700007 B 5192,97 11542,929 13083,23 10744,717 5325,365 9397,724 S 301,4125 12309,974 10517,301 13753,474 3956,5107 14168,283
1,7713902 B 5192,97 11542,929 13083,23 10744,717 5325,365 9397,724 S 301,4125 12309,974 10517,301 13753,474 3956,5107 14168,283
1,7727787 B 5192,97 11542,929 13083,23 10744,717 5325,365 9397,724 S 301,4125 12309,974 10517,301 13753,474 3956,5107 14168,283
1,7722487 B 5192,97 11542,929 13083,23 10744,717 5325,365 9397,724 S 301,4125 12309,974 10517,301 13753,474 3956,5107 14168,283
1,7711756 B 5192,97 11542,929 13083,23 10744,717 5325,365 9397,724 S 301,4125 12309,974 10517,301 13753,474 3956,5107 14168,283
1,7709994 B 5192,97 11542,929 13083,23 10744,717 5325,365 9397,724 S 301,4125 12309,974 10517,301 13753,474 3956,5107 14168,283
1,771 B 5192,97 11542,929 13083,23 10744,717 5325,365 9397,724 S 301,4125 12309,974 10517,301 13753,474 3956,5107 14168,283
1,7709997 B 5192,97 11542,929 13083,23 10744,717 5325,365 9397,724 S 301,4125 12309,974 10517,301 13753,474 3956,5107 14168,283
1,7710001 B 5192,97 11542,929 13083,23 10744,717 5325,365 9397,724 S 301,4125 12309,974 10517,301 13753,474 3956,5107 14168,283
1,769586 B 5192,97 11542,929 13083,23 10744,717 5325,365 9397,724 S 301,4125 12309,974 10517,301 13753,474 3956,5107 14168,283
1,7694877 B 5192,97 11542,929 13083,23 10744,717 5325,365 9397,724 S 301,4125 12309,974 10517,301 13753,474 3956,5107 14168,283
1,7700005 B 5192,97 11542,929 13083,23 10744,717 5325,365 9397,724 S 301,4125 12309,974 10517,301 13753,474 3956,5107 14168,283
1,7694371 B 5192,97 11542,929 13083,23 10744,717 5325,365 9397,724 S 301,4125 12309,974 10517,301 13753,474 3956,5107 14168,283
1,7670453 B 5192,97 11542,929 13083,23 10744,717 5325,365 9397,724 S 301,4125 12309,974 10517,301 13753,474 3956,5107 14168,283
1,7679998 B 5192,97 11542,929 13083,23 10744,717 5325,365 9397,724 S 301,4125 12309,974 10517,301 13753,474 3956,5107 14168,283
1,7680002 B 5192,97 11542,929 13083,23 10744,717 5325,365 9397,724 S 301,4125 12309,974 10517,301 13753,474 3956,5107 14168,283
1,7693778 B 5192,97 11542,929 13083,23 10744,717 5325,365 9397,724 S 301,4125 12309,974 10517,301 13753,474 3956,5107 14168,283
1,7691052 B 5192,97 11542,929 13083,23 10744,717 5325,365 9397,724 S 301,4125 12309,974 10517,301 13753,474 3956,5107 14168,283
1,7690004 B 5192,97 11542,929 13083,23 10744,717 5325,365 9397,724 S 301,4125 12309,974 10517,301 13753,474 3956,5107 14168,283
1,7693862 B 5192,97 11542,929 13083,23 10744,717 5325,365 9397,724 S 301,4125 12309,974 10517,301 13753,474 3956,5107 14168,283
1,7700005 B 5192,97 11542,929 13083,23 10744,717 5325,365 9397,724 S 301,4125 12309,974 10517,301 13753,474 3956,5107 14168,283
1,7700611 B 5192,97 11542,929 13083,23 10744,717 5325,365 9397,724 S 301,4125 12309,974 10517,301 13753,474 3956,5107 14168,283
1,7710917 B 5192,97 11542,929 13083,23 10744,717 5325,365 9397,724 S 301,4125 12309,974 10517,301 13753,474 3956,5107 14168,283
1,7720203 B 5192,97 11542,929 13083,23 10744,717 5325,365 9397,724 S 301,4125 12309,974 10517,301 13753,474 3956,5107 14168,283
1,7725251 B 5192,97 11542,929 13083,23 10744,717 5325,365 9397,724 S 301,4125 12309,974 10517,301 13753,474 3956,5107 14168,283
1,7739447 B 5192,97 11542,929 13083,23 10744,717 5325,365 9397,724 S 301,4125 12309,974 10517,301 13753,474 3956,5107 14168,283
1,7740005 B 5192,97 11542,929 13083,23 10744,717 5325,365 9397,724 S 301,4125 12309,974 10517,301 13753,474 3956,5107 14168,283
1,7735823 B 5192,97 11542,929 13083,23 10744,717 5325,365 9397,724 S 301,4125 12309,974 10517,301 13753,474 3956,5107 14168,283
1,7720001 B 5192,97 11542,929 13083,23 10744,717 5325,365 9397,724 S 301,4125 12309,974 10517,301 13753,474 3956,5107 14168,283
1,7729721 B 5192,97 11542,929 13083,23 10744,717 5325,365 9397,724 S 301,4125 12309,974 10517,301 13753,474 3956,5107 14168,283
1,774628 B 5192,97 11542,929 13083,23 10744,717 5325,365 9397,724 S 301,4125 12309,974 10517,301 13753,474 3956,5107 14168,283
1,7743474 B 5192,97 11542,929 13083,23 10744,717 5325,365 9397,724 S 301,4125 12309,974 10517,301 13753,474 3956,5107 14168,283
1,7750003 B 5192,97 11542,929 13083,23 10744,717 5325,365 9397,724 S 301,4125 12309,974 10517,301 13753,474 3956,5107 14168,283
1,7750001 B 5192,97 11542,929 13083,23 10744,717 5325,365 9397,724 S 301,4125 12309,974 10517,301 13753,474 3956,5107 14168,283
1,7749996 B 5192,97 11542,929 13083,23 10744,717 5325,365 9397,724 S 301,4125 12309,974 10517,301 13753,474 3956,5107 14168,283
1,7741878 B 5192,97 11542,929 13083,23 10744,717 5325,365 9397,724 S 301,4125 12309,974 10517,301 13753,474 3956,5107 14168,283
1,7740449 B 5192,97 11542,929 13083,23 10744,717 5325,365 9397,724 S 301,4125 12309,974 10517,301 13753,474 3956,5107 14168,283
1,7749999 B 5192,97 11542,929 13083,23 10744,717 5325,365 9397,724 S 301,4125 12309,974 10517,301 13753,474 3956,5107 14168,283
1,7749997 B 5192,97 11542,929 13083,23 10744,717 5325,365 9397,724 S 301,4125 12309,974 10517,301 13753,474 3956,5107 14168,283
1,7750003 B 5192,97 11542,929 13083,23 10744,717 5325,365 9397,724 S 301,4125 12309,974 10517,301 13753,474 3956,5107 14168,283
1,7747947 B 5192,97 11542,929 13083,23 10744,717 5325,365 9397,724 S 301,4125 12309,974 10517,301 13753,474 3956,5107 14168,283
1,7730001 B 5192,97 11542,929 13083,23 10744,717 5325,365 9397,724 S 301,4125 12309,974 10517,301 13753,474 3956,5107 14168,283
1,7730001 B 5192,97 11542,929 13083,23 10744,717 5325,365 9397,724 S 301,4125 12309,974 10517,301 13753,474 3956,5107 14168,283
1,7730001 B 5192,97 11542,929 13083,23 10744,717 5325,365 9397,724 S 301,4125 12309,974 10517,301 13753,474 3956,5107 14168,283
1,7730001 B 5192,97 11542,929 13083,23 10744,717 5325,365 9397,724 S 301,4125 12309,974 10517,301 13753,474 3956,5107 14168,283
1,7722225 B 5192,97 11542,929 13083,23 10744,717 5325,365 9397,724 S 301,4125 12309,974 10517,301 13753,474 3956,5107 14168,283
1,7724907 B 5192,97 11542,929 13083,23 10744,717 5325,365 9397,724 S 301,4125 12309,974 10517,301 13753,474 3956,5107 14168,283
1,7730002 B 5192,97 11542,929 13083,23 10744,717 5325,365 9397,724 S 301,4125 12309,974 10517,301 13753,474 3956,5107 14168,283
1,7725018 B 5192,97 11542,929 13083,23 10744,717 5325,365 9397,724 S 301,4125 12309,974 10517,301 13753,474 3956,5107 14168,283
1,772 B 5192,97 11542,929 13083,23 10744,717 5325,365 9397,724 S 301,4125 12309,974 10517,301 13753,474 3956,5107 14168,283
1,772 B 5192,97 11542,929 13083,23 10744,717 5325,365 9397,724 S 301,4125 12309,974 10517,301 13753,474 3956,5107 14168,283
1,7719995 B 5192,97 11542,929 13083,23 10744,717 5325,365 9397,724 S 301,4125 12309,974 10517,301 13753,474 3956,5107 14168,283
1,7719998 B 5192,97 11542,929 13083,23 10744,717 5325,365 9397,724 S 301,4125 12309,974 10517,301 13753,474 3956,5107 14168,283
1,7719998 B 5192,97 11542,929 13083,23 10744,717 5325,365 9397,724 S 301,4125 12309,974 10517,301 13753,474 3956,5107 14168,283
1,7716923 B 5192,97 11542,929 13083,23 10744,717 5325,365 9397,724 S 301,4125 12309,974 10517,301 13753,474 3956,5107 14168,283
1,7710004 B 5192,97 11542,929 13083,23 10744,717 5325,365 9397,724 S 301,4125 12309,974 10517,301 13753,474 3956,5107 14168,283
1,771 B 5192,97 11542,929 13083,23 10744,717 5325,365 9397,724 S 301,4125 12309,974 10517,301 13753,474 3956,5107 14168,283
1,7709999 B 5192,97 11542,929 13083,23 10744,717 5325,365 9397,724 S 301,4125 12309,974 10517,301 13753,474 3956,5107 14168,283
1,7719826 B 5192,97 11542,929 13083,23 10744,717 5325,365 9397,724 S 301,4125 12309,974 10517,301 13753,474 3956,5107 14168,283
1,7726363 B 5192,97 11542,929 13083,23 10744,717 5325,365 9397,724 S 301,4125 12309,974 10517,301 13753,474 3956,5107 14168,283
1,7730006 B 5192,97 11542,929 13083,23 10744,717 5325,365 9397,724 S 301,4125 12309,974 10517,301 13753,474 3956,5107 14168,283
1,7730004 B 5192,97 11542,929 13083,23 10744,717 5325,365 9397,724 S 301,4125 12309,974 10517,301 13753,474 3956,5107 14168,283
1,7730004 B 5192,97 11542,929 13083,23 10744,717 5325,365 9397,724 S 301,4125 12309,974 10517,301 13753,474 3956,5107 14168,283
1,7730005 B 5192,97 11542,929 13083,23 10744,717 5325,365 9397,724 S 301,4125 12309,974 10517,301 13753,474 3956,5107 14168,283
1,7734097 B 5192,97 11542,929 13083,23 10744,717 5325,365 9397,724 S 301,4125 12309,974 10517,301 13753,474 3956,5107 14168,283
1,7724174 B 5192,97 11542,929 13083,23 10744,717 5325,365 9397,724 S 301,4125 12309,974 10517,301 13753,474 3956,5107 14168,283
1,7717488 B 5192,97 11542,929 13083,23 10744,717 5325,365 9397,724 S 301,4125 12309,974 10517,301 13753,474 3956,5107 14168,283
1,7709999 B 5192,97 11542,929 13083,23 10744,717 5325,365 9397,724 S 301,4125 12309,974 10517,301 13753,474 3956,5107 14168,283
1,7717004 B 5192,97 11542,929 13083,23 10744,717 5325,365 9397,724 S 301,4125 12309,974 10517,301 13753,474 3956,5107 14168,283
1,7719997 B 5192,97 11542,929 13083,23 10744,717 5325,365 9397,724 S 301,4125 12309,974 10517,301 13753,474 3956,5107 14168,283
1,7719998 B 5192,97 11542,929 13083,23 10744,717 5325,365 9397,724 S 301,4125 12309,974 10517,301 13753,474 3956,5107 14168,283
1,7733117 B 5192,97 11542,929 13083,23 10744,717 5325,365 9397,724 S 301,4125 12309,974 10517,301 13753,474 3956,5107 14168,283
1,7740002 B 5192,97 11542,929 13083,23 10744,717 5325,365 9397,724 S 301,4125 12309,974 10517,301 13753,474 3956,5107 14168,283
1,774 B 5192,97 11542,929 13083,23 10744,717 5325,365 9397,724 S 301,4125 12309,974 10517,301 13753,474 3956,5107 14168,283
1,7745781 B 5192,97 11542,929 13083,23 10744,717 5325,365 9397,724 S 301,4125 12309,974 10517,301 13753,474 3956,5107 14168,283
1,775059 B 5192,97 11542,929 13083,23 10744,717 5325,365 9397,724 S 301,4125 12309,974 10517,301 13753,474 3956,5107 14168,283
1,7760005 B 5192,97 11542,929 13083,23 10744,717 5325,365 9397,724 S 301,4125 12309,974 10517,301 13753,474 3956,5107 14168,283
1,776846 B 5192,97 11542,929 13083,23 10744,717 5325,365 9397,724 S 301,4125 12309,974 10517,301 13753,474 3956,5107 14168,283
1,777 B 5192,97 11542,929 13083,23 10744,717 5325,365 9397,724 S 301,4125 12309,974 10517,301 13753,474 3956,5107 14168,283
1,7769998 B 5192,97 11542,929 13083,23 10744,717 5325,365 9397,724 S 301,4125 12309,974 10517,301 13753,474 3956,5107 14168,283
1,7770004 B 5192,97 11542,929 13083,23 10744,717 5325,365 9397,724 S 301,4125 12309,974 10517,301 13753,474 3956,5107 14168,283
1,7769997 B 5192,97 11542,929 13083,23 10744,717 5325,365 9397,724 S 301,4125 12309,974 10517,301 13753,474 3956,5107 14168,283
1,7769998 B 5192,97 11542,929 13083,23 10744,717 5325,365 9397,724 S 301,4125 12309,974 10517,301 13753,474 3956,5107 14168,283
1,7770001 B 5192,97 11542,929 13083,23 10744,717 5325,365 9397,724 S 301,4125 12309,974 10517,301 13753,474 3956,5107 14168,283
