1,7937894
1,7920004 B 2983,4749 7841,831 12375,779 9779,486 11881,89 3151,6067 S 1374,332 5792,9824 11180,213 13314,418 10115,369 3469,902
1,7920003 B 2983,4749 7841,831 12375,779 9779,486 11881,89 3151,6067 S 1374,332 5792,9824 11180,213 13314,418 10115,369 3469,902
1,7920003 B 2983,4749 7841,831 12375,779 9779,486 11881,89 3151,6067 S 1374,332 5792,9824 11180,213 13314,418 10115,369 3469,902
1,7920002 B 2983,4749 7841,831 12375,779 9779,486 11881,89 3151,6067 S 1374,332 5792,9824 11180,213 13314,418 10115,369 3469,902
1,7919999 B 2983,4749 7841,831 12375,779 9779,486 11881,89 3151,6067 S 1374,332 5792,9824 11180,213 13314,418 10115,369 3469,902
1,7920003 B 2983,4749 7841,831 12375,779 9779,486 11881,89 3151,6067 S 1374,332 5792,9824 11180,213 13314,418 10115,369 3469,902
1,7920004 B 2983,4749 7841,831 12375,779 9779,486 11881,89 3151,6067 S 1374,332 5792,9824 11180,213 13314,418 10115,369 3469,902
1,7920004 B 2983,4749 7841,831 12375,779 9779,486 11881,89 3151,6067 S 1374,332 5792,9824 11180,213 13314,418 10115,369 3469,902
1,7919998 B 2983,4749 7841,831 12375,779 9779,486 11881,89 3151,6067 S 1374,332 5792,9824 11180,213 13314,418 10115,369 3469,902
1,7916611 B 2983,4749 7841,831 12375,779 9779,486 11881,89 3151,6067 S 1374,332 5792,9824 11180,213 13314,418 10115,369 3469,902
1,7899997 B 2983,4749 7841,831 12375,779 9779,486 11881,89 3151,6067 S 1374,332 5792,9824 11180,213 13314,418 10115,369 3469,902
1,789943 B 2983,4749 7841,831 12375,779 9779,486 11881,89 3151,6067 S 1374,332 5792,9824 11180,213 13314,418 10115,369 3469,902
1,789 B 2983,4749 7841,831 12375,779 9779,486 11881,89 3151,6067 S 1374,332 5792,9824 11180,213 13314,418 10115,369 3469,902
1,7889999 B 2983,4749 7841,831 12375,779 9779,486 11881,89 3151,6067 S 1374,332 5792,9824 11180,213 13314,418 10115,369 3469,902
1,78892 B 2983,4749 7841,831 12375,779 9779,486 11881,89 3151,6067 S 1374,332 5792,9824 11180,213 13314,418 10115,369 3469,902
1,788 B 2983,4749 7841,831 12375,779 9779,486 11881,89 3151,6067 S 1374,332 5792,9824 11180,213 13314,418 10115,369 3469,902
1,7879996 B 2983,4749 7841,831 12375,779 9779,486 11881,89 3151,6067 S 1374,332 5792,9824 11180,213 13314,418 10115,369 3469,902
1,7887146 B 2983,4749 7841,831 12375,779 9779,486 11881,89 3151,6067 S 1374,332 5792,9824 11180,213 13314,418 10115,369 3469,902
1,7889999 B 2983,4749 7841,831 12375,779 9779,486 11881,89 3151,6067 S 1374,332 5792,9824 11180,213 13314,418 10115,369 3469,902
1,7890002 B 2983,4749 7841,831 12375,779 9779,486 11881,89 3151,6067 S 1374,332 5792,9824 11180,213 13314,418 10115,369 3469,902
1,7890002 B 2983,4749 7841,831 12375,779 9779,486 11881,89 3151,6067 S 1374,332 5792,9824 11180,213 13314,418 10115,369 3469,902
1,7889998 B 2983,4749 7841,831 12375,779 9779,486 11881,89 3151,6067 S 1374,332 5792,9824 11180,213 13314,418 10115,369 3469,902
1,789 B 2983,4749 7841,831 12375,779 9779,486 11881,89 3151,6067 S 1374,332 5792,9824 11180,213 13314,418 10115,369 3469,902
1,7889999 B 2983,4749 7841,831 12375,779 9779,486 11881,89 3151,6067 S 1374,332 5792,9824 11180,213 13314,418 10115,369 3469,902
1,7890004 B 2983,4749 7841,831 12375,779 9779,486 11881,89 3151,6067 S 1374,332 5792,9824 11180,213 13314,418 10115,369 3469,902
1,788871 B 2983,4749 7841,831 12375,779 9779,486 11881,89 3151,6067 S 1374,332 5792,9824 11180,213 13314,418 10115,369 3469,902
1,7879999 B 2983,4749 7841,831 12375,779 9779,486 11881,89 3151,6067 S 1374,332 5792,9824 11180,213 13314,418 10115,369 3469,902
1,7872502 B 2983,4749 7841,831 12375,779 9779,486 11881,89 3151,6067 S 1374,332 5792,9824 11180,213 13314,418 10115,369 3469,902
1,7870002 B 2983,4749 7841,831 12375,779 9779,486 11881,89 3151,6067 S 1374,332 5792,9824 11180,213 13314,418 10115,369 3469,902
1,7870001 B 2983,4749 7841,831 12375,779 9779,486 11881,89 3151,6067 S 1374,332 5792,9824 11180,213 13314,418 10115,369 3469,902
1,7870001 B 2983,4749 7841,831 12375,779 9779,486 11881,89 3151,6067 S 1374,332 5792,9824 11180,213 13314,418 10115,369 3469,902
1,7878089 B 2983,4749 7841,831 12375,779 9779,486 11881,89 3151,6067 S 1374,332 5792,9824 11180,213 13314,418 10115,369 3469,902
1,7879999 B 2983,4749 7841,831 12375,779 9779,486 11881,89 3151,6067 S 1374,332 5792,9824 11180,213 13314,418 10115,369 3469,902
1,7880003 B 2983,4749 7841,831 12375,779 9779,486 11881,89 3151,6067 S 1374,332 5792,9824 11180,213 13314,418 10115,369 3469,902
1,788 B 2983,4749 7841,831 12375,779 9779,486 11881,89 3151,6067 S 1374,332 5792,9824 11180,213 13314,418 10115,369 3469,902
1,7880007 B 2983,4749 7841,831 12375,779 9779,486 11881,89 3151,6067 S 1374,332 5792,9824 11180,213 13314,418 10115,369 3469,902
1,7879999 B 2983,4749 7841,831 12375,779 9779,486 11881,89 3151,6067 S 1374,332 5792,9824 11180,213 13314,418 10115,369 3469,902
1,7880002 B 2983,4749 7841,831 12375,779 9779,486 11881,89 3151,6067 S 1374,332 5792,9824 11180,213 13314,418 10115,369 3469,902
1,7879997 B 2983,4749 7841,831 12375,779 9779,486 11881,89 3151,6067 S 1374,332 5792,9824 11180,213 13314,418 10115,369 3469,902
1,7891537 B 2983,4749 7841,831 12375,779 9779,486 11881,89 3151,6067 S 1374,332 5792,9824 11180,213 13314,418 10115,369 3469,902
1,7902428 B 2983,4749 7841,831 12375,779 9779,486 11881,89 3151,6067 S 1374,332 5792,9824 11180,213 13314,418 10115,369 3469,902
1,7910005 B 2983,4749 7841,831 12375,779 9779,486 11881,89 3151,6067 S 1374,332 5792,9824 11180,213 13314,418 10115,369 3469,902
1,7919494 B 2983,4749 7841,831 12375,779 9779,486 11881,89 3151,6067 S 1374,332 5792,9824 11180,213 13314,418 10115,369 3469,902
1,7920007 B 2983,4749 7841,831 12375,779 9779,486 11881,89 3151,6067 S 1374,332 5792,9824 11180,213 13314,418 10115,369 3469,902
1,792 B 2983,4749 7841,831 12375,779 9779,486 11881,89 3151,6067 S 1374,332 5792,9824 11180,213 13314,418 10115,369 3469,902
1,792 B 2983,4749 7841,831 12375,779 9779,486 11881,89 3151,6067 S 1374,332 5792,9824 11180,213 13314,418 10115,369 3469,902
1,7919997 B 2983,4749 7841,831 12375,779 9779,486 11881,89 3151,6067 S 1374,332 5792,9824 11180,213 13314,418 10115,369 3469,902
1,7924281 B 2983,4749 7841,831 12375,779 9779,486 11881,89 3151,6067 S 1374,332 5792,9824 11180,213 13314,418 10115,369 3469,902
1,7929999 B 2983,4749 7841,831 12375,779 9779,486 11881,89 3151,6067 S 1374,332 5792,9824 11180,213 13314,418 10115,369 3469,902
1,7930001 B 2983,4749 7841,831 12375,779 9779,486 11881,89 3151,6067 S 1374,332 5792,9824 11180,213 13314,418 10115,369 3469,902
1,7930003 B 2983,4749 7841,831 12375,779 9779,486 11881,89 3151,6067 S 1374,332 5792,9824 11180,213 13314,418 10115,369 3469,902
1,7929999 B 2983,4749 7841,831 12375,779 9779,486 11881,89 3151,6067 S 1374,332 5792,9824 11180,213 13314,418 10115,369 3469,902
1,7929995 B 2983,4749 7841,831 12375,779 9779,486 11881,89 3151,6067 S 1374,332 5792,9824 11180,213 13314,418 10115,369 3469,902
1,7930003 B 2983,4749 7841,831 12375,779 9779,486 11881,89 3151,6067 S 1374,332 5792,9824 11180,213 13314,418 10115,369 3469,902
1,7930005 B 2983,4749 7841,831 12375,779 9779,486 11881,89 3151,6067 S 1374,332 5792,9824 11180,213 13314,418 10115,369 3469,902
1,7916447 B 2983,4749 7841,831 12375,779 9779,486 11881,89 3151,6067 S 1374,332 5792,9824 11180,213 13314,418 10115,369 3469,902
1,7910001 B 2983,4749 7841,831 12375,779 9779,486 11881,89 3151,6067 S 1374,332 5792,9824 11180,213 13314,418 10115,369 3469,902
1,7910001 B 2983,4749 7841,831 12375,779 9779,486 11881,89 3151,6067 S 1374,332 5792,9824 11180,213 13314,418 10115,369 3469,902
1,7910005 B 2983,4749 7841,831 12375,779 9779,486 11881,89 3151,6067 S 1374,332 5792,9824 11180,213 13314,418 10115,369 3469,902
1,7908018 B 2983,4749 7841,831 12375,779 9779,486 11881,89 3151,6067 S 1374,332 5792,9824 11180,213 13314,418 10115,369 3469,902
1,791211 B 2983,4749 7841,831 12375,779 9779,486 11881,89 3151,6067 S 1374,332 5792,9824 11180,213 13314,418 10115,369 3469,902
1,7920003 B 2983,4749 7841,831 12375,779 9779,486 11881,89 3151,6067 S 1374,332 5792,9824 11180,213 13314,418 10115,369 3469,902
1,7920003 B 2983,4749 7841,831 12375,779 9779,486 11881,89 3151,6067 S 1374,332 5792,9824 11180,213 13314,418 10115,369 3469,902
1,792 B 2983,4749 7841,831 12375,779 9779,486 11881,89 3151,6067 S 1374,332 5792,9824 11180,213 13314,418 10115,369 3469,902
1,7919997 B 2983,4749 7841,831 12375,779 9779,486 11881,89 3151,6067 S 1374,332 5792,9824 11180,213 13314,418 10115,369 3469,902
1,7920002 B 2983,4749 7841,831 12375,779 9779,486 11881,89 3151,6067 S 1374,332 5792,9824 11180,213 13314,418 10115,369 3469,902
1,7919998 B 2983,4749 7841,831 12375,779 9779,486 11881,89 3151,6067 S 1374,332 5792,9824 11180,213 13314,418 10115,369 3469,902
1,7919998 B 2983,4749 7841,831 12375,779 9779,486 11881,89 3151,6067 S 1374,332 5792,9824 11180,213 13314,418 10115,369 3469,902
1,7919998 B 2983,4749 7841,831 12375,779 9779,486 11881,89 3151,6067 S 1374,332 5792,9824 11180,213 13314,418 10115,369 3469,902
1,7919999 B 2983,4749 7841,831 12375,779 9779,486 11881,89 3151,6067 S 1374,332 5792,9824 11180,213 13314,418 10115,369 3469,902
1,7920002 B 2983,4749 7841,831 12375,779 9779,486 11881,89 3151,6067 S 1374,332 5792,9824 11180,213 13314,418 10115,369 3469,902
1,7920003 B 2983,4749 7841,831 12375,779 9779,486 11881,89 3151,6067 S 1374,332 5792,9824 11180,213 13314,418 10115,369 3469,902
1,7914251 B 2983,4749 7841,831 12375,779 9779,486 11881,89 3151,6067 S 1374,332 5792,9824 11180,213 13314,418 10115,369 3469,902
1,791828 B 2983,4749 7841,831 12375,779 9779,486 11881,89 3151,6067 S 1374,332 5792,9824 11180,213 13314,418 10115,369 3469,902
1,792 B 2983,4749 7841,831 12375,779 9779,486 11881,89 3151,6067 S 1374,332 5792,9824 11180,213 13314,418 10115,369 3469,902
1,7919996 B 2983,4749 7841,831 12375,779 9779,486 11881,89 3151,6067 S 1374,332 5792,9824 11180,213 13314,418 10115,369 3469,902
1,792 B 2983,4749 7841,831 12375,779 9779,486 11881,89 3151,6067 S 1374,332 5792,9824 11180,213 13314,418 10115,369 3469,902
1,7920003 B 2983,4749 7841,831 12375,779 9779,486 11881,89 3151,6067 S 1374,332 5792,9824 11180,213 13314,418 10115,369 3469,902
1,7919999 B 2983,4749 7841,831 12375,779 9779,486 11881,89 3151,6067 S 1374,332 5792,9824 11180,213 13314,418 10115,369 3469,902
1,7920002 B 2983,4749 7841,831 12375,779 9779,486 11881,89 3151,6067 S 1374,332 5792,9824 11180,213 13314,418 10115,369 3469,902
1,7920003 B 2983,4749 7841,831 12375,779 9779,486 11881,89 3151,6067 S 1374,332 5792,9824 11180,213 13314,418 10115,369 3469,902
1,7919999 B 2983,4749 7841,831 12375,779 9779,486 11881,89 3151,6067 S 1374,332 5792,9824 11180,213 13314,418 10115,369 3469,902
1,7919998 B 2983,4749 7841,831 12375,779 9779,486 11881,89 3151,6067 S 1374,332 5792,9824 11180,213 13314,418 10115,369 3469,902
1,7919995 B 2983,4749 7841,831 12375,779 9779,486 11881,89 3151,6067 S 1374,332 5792,9824 11180,213 13314,418 10115,369 3469,902
1,7918811 B 2983,4749 7841,831 12375,779 9779,486 11881,89 3151,6067 S 1374,332 5792,9824 11180,213 13314,418 10115,369 3469,902
1,7910002 B 2983,4749 7841,831 12375,779 9779,486 11881,89 3151,6067 S 1374,332 5792,9824 11180,213 13314,418 10115,369 3469,902
1,7909999 B 2983,4749 7841,831 12375,779 9779,486 11881,89 3151,6067 S 1374,332 5792,9824 11180,213 13314,418 10115,369 3469,902
1,791 B 2983,4749 7841,831 12375,779 9779,486 11881,89 3151,6067 S 1374,332 5792,9824 11180,213 13314,418 10115,369 3469,902
1,7910005 B 2983,4749 7841,831 12375,779 9779,486 11881,89 3151,6067 S 1374,332 5792,9824 11180,213 13314,418 10115,369 3469,902
1,7910005 B 2983,4749 7841,831 12375,779 9779,486 11881,89 3151,6067 S 1374,332 5792,9824 11180,213 13314,418 10115,369 3469,902
1,7910007 B 2983,4749 7841,831 12375,779 9779,486 11881,89 3151,6067 S 1374,332 5792,9824 11180,213 13314,418 10115,369 3469,902
1,7910001 B 2983,4749 7841,831 12375,779 9779,486 11881,89 3151,6067 S 1374,332 5792,9824 11180,213 13314,418 10115,369 3469,902
1,7910002 B 2983,4749 7841,831 12375,779 9779,486 11881,89 3151,6067 S 1374,332 5792,9824 11180,213 13314,418 10115,369 3469,902
1,7910002 B 2983,4749 7841,831 12375,779 9779,486 11881,89 3151,6067 S 1374,332 5792,9824 11180,213 13314,418 10115,369 3469,902
1,7902917 B 2983,4749 7841,831 12375,779 9779,486 11881,89 3151,6067 S 1374,332 5792,9824 11180,213 13314,418 10115,369 3469,902
1,7900002 B 2983,4749 7841,831 12375,779 9779,486 11881,89 3151,6067 S 1374,332 5792,9824 11180,213 13314,418 10115,369 3469,902
1,7899997 B 2983,4749 7841,831 12375,779 9779,486 11881,89 3151,6067 S 1374,332 5792,9824 11180,213 13314,418 10115,369 3469,902
1,7885274 B 2983,4749 7841,831 12375,779 9779,486 11881,89 3151,6067 S 1374,332 5792,9824 11180,213 13314,418 10115,369 3469,902
1,7880003 B 2983,4749 7841,831 12375,779 9779,486 11881,89 3151,6067 S 1374,332 5792,9824 11180,213 13314,418 10115,369 3469,902
1,7880001 B 2983,4749 7841,831 12375,779 9779,486 11881,89 3151,6067 S 1374,332 5792,9824 11180,213 13314,418 10115,369 3469,902
1,7879997 B 2983,4749 7841,831 12375,779 9779,486 11881,89 3151,6067 S 1374,332 5792,9824 11180,213 13314,418 10115,369 3469,902
1,7879999 B 2983,4749 7841,831 12375,779 9779,486 11881,89 3151,6067 S 1374,332 5792,9824 11180,213 13314,418 10115,369 3469,902
1,7886288 B 2983,4749 7841,831 12375,779 9779,486 11881,89 3151,6067 S 1374,332 5792,9824 11180,213 13314,418 10115,369 3469,902
1,7889999 B 2983,4749 7841,831 12375,779 9779,486 11881,89 3151,6067 S 1374,332 5792,9824 11180,213 13314,418 10115,369 3469,902
1,7890007 B 2983,4749 7841,831 12375,779 9779,486 11881,89 3151,6067 S 1374,332 5792,9824 11180,213 13314,418 10115,369 3469,902
1,7890004 B 2983,4749 7841,831 12375,779 9779,486 11881,89 3151,6067 S 1374,332 5792,9824 11180,213 13314,418 10115,369 3469,902
1,7887136 B 2983,4749 7841,831 12375,779 9779,486 11881,89 3151,6067 S 1374,332 5792,9824 11180,213 13314,418 10115,369 3469,902
1,7902482 B 2983,4749 7841,831 12375,779 9779,486 11881,89 3151,6067 S 1374,332 5792,9824 11180,213 13314,418 10115,369 3469,902
1,7919999 B 2983,4749 7841,831 12375,779 9779,486 11881,89 3151,6067 S 1374,332 5792,9824 11180,213 13314,418 10115,369 3469,902
1,7943691 B 2983,4749 7841,831 12375,779 9779,486 11881,89 3151,6067 S 1374,332 5792,9824 11180,213 13314,418 10115,369 3469,902
1,7950003 B 2983,4749 7841,831 12375,779 9779,486 11881,89 3151,6067 S 1374,332 5792,9824 11180,213 13314,418 10115,369 3469,902
1,7950004 B 2983,4749 7841,831 12375,779 9779,486 11881,89 3151,6067 S 1374,332 5792,9824 11180,213 13314,418 10115,369 3469,902
1,7950003 B 2983,4749 7841,831 12375,779 9779,486 11881,89 3151,6067 S 1374,332 5792,9824 11180,213 13314,418 10115,369 3469,902
1,7953604 B 2983,4749 7841,831 12375,779 9779,486 11881,89 3151,6067 S 1374,332 5792,9824 11180,213 13314,418 10115,369 3469,902
1,7961017 B 2983,4749 7841,831 12375,779 9779,486 11881,89 3151,6067 S 1374,332 5792,9824 11180,213 13314,418 10115,369 3469,902
1,7969997 B 2983,4749 7841,831 12375,779 9779,486 11881,89 3151,6067 S 1374,332 5792,9824 11180,213 13314,418 10115,369 3469,902
1,7977118 B 2983,4749 7841,831 12375,779 9779,486 11881,89 3151,6067 S 1374,332 5792,9824 11180,213 13314,418 10115,369 3469,902
1,7970119 B 2983,4749 7841,831 12375,779 9779,486 11881,89 3151,6067 S 1374,332 5792,9824 11180,213 13314,418 10115,369 3469,902
1,7960001 B 2983,4749 7841,831 12375,779 9779,486 11881,89 3151,6067 S 1374,332 5792,9824 11180,213 13314,418 10115,369 3469,902
1,796 B 2983,4749 7841,831 12375,779 9779,486 11881,89 3151,6067 S 1374,332 5792,9824 11180,213 13314,418 10115,369 3469,902
1,7959999 B 2983,4749 7841,831 12375,779 9779,486 11881,89 3151,6067 S 1374,332 5792,9824 11180,213 13314,418 10115,369 3469,902
1,796 B 2983,4749 7841,831 12375,779 9779,486 11881,89 3151,6067 S 1374,332 5792,9824 11180,213 13314,418 10115,369 3469,902
1,7960002 B 2983,4749 7841,831 12375,779 9779,486 11881,89 3151,6067 S 1374,332 5792,9824 11180,213 13314,418 10115,369 3469,902
1,7960006 B 2983,4749 7841,831 12375,779 9779,486 11881,89 3151,6067 S 1374,332 5792,9824 11180,213 13314,418 10115,369 3469,902
1,7959994 B 2983,4749 7841,831 12375,779 9779,486 11881,89 3151,6067 S 1374,332 5792,9824 11180,213 13314,418 10115,369 3469,902
1,7986838 B 2983,4749 7841,831 12375,779 9779,486 11881,89 3151,6067 S 1374,332 5792,9824 11180,213 13314,418 10115,369 3469,902
1,7987148 B 2983,4749 7841,831 12375,779 9779,486 11881,89 3151,6067 S 1374,332 5792,9824 11180,213 13314,418 10115,369 3469,902
1,7989999 B 2983,4749 7841,831 12375,779 9779,486 11881,89 3151,6067 S 1374,332 5792,9824 11180,213 13314,418 10115,369 3469,902
1,7989998 B 2983,4749 7841,831 12375,779 9779,486 11881,89 3151,6067 S 1374,332 5792,9824 11180,213 13314,418 10115,369 3469,902
1,7984737 B 2983,4749 7841,831 12375,779 9779,486 11881,89 3151,6067 S 1374,332 5792,9824 11180,213 13314,418 10115,369 3469,902
1,7960271 B 2983,4749 7841,831 12375,779 9779,486 11881,89 3151,6067 S 1374,332 5792,9824 11180,213 13314,418 10115,369 3469,902
1,796 B 2983,4749 7841,831 12375,779 9779,486 11881,89 3151,6067 S 1374,332 5792,9824 11180,213 13314,418 10115,369 3469,902
1,7960492 B 2983,4749 7841,831 12375,779 9779,486 11881,89 3151,6067 S 1374,332 5792,9824 11180,213 13314,418 10115,369 3469,902
1,7985013 B 2983,4749 7841,831 12375,779 9779,486 11881,89 3151,6067 S 1374,332 5792,9824 11180,213 13314,418 10115,369 3469,902
1,7990005 B 2983,4749 7841,831 12375,779 9779,486 11881,89 3151,6067 S 1374,332 5792,9824 11180,213 13314,418 10115,369 3469,902
1,7992438 B 2983,4749 7841,831 12375,779 9779,486 11881,89 3151,6067 S 1374,332 5792,9824 11180,213 13314,418 10115,369 3469,902
1,7989999 B 2983,4749 7841,831 12375,779 9779,486 11881,89 3151,6067 S 1374,332 5792,9824 11180,213 13314,418 10115,369 3469,902
1,7988173 B 2983,4749 7841,831 12375,779 9779,486 11881,89 3151,6067 S 1374,332 5792,9824 11180,213 13314,418 10115,369 3469,902
1,7979997 B 2983,4749 7841,831 12375,779 9779,486 11881,89 3151,6067 S 1374,332 5792,9824 11180,213 13314,418 10115,369 3469,902
1,798 B 2983,4749 7841,831 12375,779 9779,486 11881,89 3151,6067 S 1374,332 5792,9824 11180,213 13314,418 10115,369 3469,902
1,7985126 B 2983,4749 7841,831 12375,779 9779,486 11881,89 3151,6067 S 1374,332 5792,9824 11180,213 13314,418 10115,369 3469,902
1,7997842 B 2983,4749 7841,831 12375,779 9779,486 11881,89 3151,6067 S 1374,332 5792,9824 11180,213 13314,418 10115,369 3469,902
1,8 B 2983,4749 7841,831 12375,779 9779,486 11881,89 3151,6067 S 1374,332 5792,9824 11180,213 13314,418 10115,369 3469,902
1,7998351 B 2983,4749 7841,831 12375,779 9779,486 11881,89 3151,6067 S 1374,332 5792,9824 11180,213 13314,418 10115,369 3469,902
1,7990003 B 2983,4749 7841,831 12375,779 9779,486 11881,89 3151,6067 S 1374,332 5792,9824 11180,213 13314,418 10115,369 3469,902
1,799 B 2983,4749 7841,831 12375,779 9779,486 11881,89 3151,6067 S 1374,332 5792,9824 11180,213 13314,418 10115,369 3469,902
1,7989999 B 2983,4749 7841,831 12375,779 9779,486 11881,89 3151,6067 S 1374,332 5792,9824 11180,213 13314,418 10115,369 3469,902
1,799 B 2983,4749 7841,831 12375,779 9779,486 11881,89 3151,6067 S 1374,332 5792,9824 11180,213 13314,418 10115,369 3469,902
1,7989995 B 2983,4749 7841,831 12375,779 9779,486 11881,89 3151,6067 S 1374,332 5792,9824 11180,213 13314,418 10115,369 3469,902
1,7990003 B 2983,4749 7841,831 12375,779 9779,486 11881,89 3151,6067 S 1374,332 5792,9824 11180,213 13314,418 10115,369 3469,902
1,7990001 B 2983,4749 7841,831 12375,779 9779,486 11881,89 3151,6067 S 1374,332 5792,9824 11180,213 13314,418 10115,369 3469,902
1,7989998 B 2983,4749 7841,831 12375,779 9779,486 11881,89 3151,6067 S 1374,332 5792,9824 11180,213 13314,418 10115,369 3469,902
1,7989997 B 2983,4749 7841,831 12375,779 9779,486 11881,89 3151,6067 S 1374,332 5792,9824 11180,213 13314,418 10115,369 3469,902
1,7990003 B 2983,4749 7841,831 12375,779 9779,486 11881,89 3151,6067 S 1374,332 5792,9824 11180,213 13314,418 10115,369 3469,902
1,7971516 B 2983,4749 7841,831 12375,779 9779,486 11881,89 3151,6067 S 1374,332 5792,9824 11180,213 13314,418 10115,369 3469,902
1,7970004 B 2983,4749 7841,831 12375,779 9779,486 11881,89 3151,6067 S 1374,332 5792,9824 11180,213 13314,418 10115,369 3469,902
1,797 B 2983,4749 7841,831 12375,779 9779,486 11881,89 3151,6067 S 1374,332 5792,9824 11180,213 13314,418 10115,369 3469,902
1,7970005 B 2983,4749 7841,831 12375,779 9779,486 11881,89 3151,6067 S 1374,332 5792,9824 11180,213 13314,418 10115,369 3469,902
1,7970003 B 2983,4749 7841,831 12375,779 9779,486 11881,89 3151,6067 S 1374,332 5792,9824 11180,213 13314,418 10115,369 3469,902
1,7970002 B 2983,4749 7841,831 12375,779 9779,486 11881,89 3151,6067 S 1374,332 5792,9824 11180,213 13314,418 10115,369 3469,902
1,7970002 B 2983,4749 7841,831 12375,779 9779,486 11881,89 3151,6067 S 1374,332 5792,9824 11180,213 13314,418 10115,369 3469,902
1,7981364 B 2983,4749 7841,831 12375,779 9779,486 11881,89 3151,6067 S 1374,332 5792,9824 11180,213 13314,418 10115,369 3469,902
1,799 B 2983,4749 7841,831 12375,779 9779,486 11881,89 3151,6067 S 1374,332 5792,9824 11180,213 13314,418 10115,369 3469,902
1,7989995 B 2983,4749 7841,831 12375,779 9779,486 11881,89 3151,6067 S 1374,332 5792,9824 11180,213 13314,418 10115,369 3469,902
1,7990001 B 2983,4749 7841,831 12375,779 9779,486 11881,89 3151,6067 S 1374,332 5792,9824 11180,213 13314,418 10115,369 3469,902
1,7989998 B 2983,4749 7841,831 12375,779 9779,486 11881,89 3151,6067 S 1374,332 5792,9824 11180,213 13314,418 10115,369 3469,902
1,7990001 B 2983,4749 7841,831 12375,779 9779,486 11881,89 3151,6067 S 1374,332 5792,9824 11180,213 13314,418 10115,369 3469,902
1,7989998 B 2983,4749 7841,831 12375,779 9779,486 11881,89 3151,6067 S 1374,332 5792,9824 11180,213 13314,418 10115,369 3469,902
1,7972149 B 2983,4749 7841,831 12375,779 9779,486 11881,89 3151,6067 S 1374,332 5792,9824 11180,213 13314,418 10115,369 3469,902
1,7959996 B 2983,4749 7841,831 12375,779 9779,486 11881,89 3151,6067 S 1374,332 5792,9824 11180,213 13314,418 10115,369 3469,902
1,7959998 B 2983,4749 7841,831 12375,779 9779,486 11881,89 3151,6067 S 1374,332 5792,9824 11180,213 13314,418 10115,369 3469,902
1,7956126 B 2983,4749 7841,831 12375,779 9779,486 11881,89 3151,6067 S 1374,332 5792,9824 11180,213 13314,418 10115,369 3469,902
1,7949996 B 2983,4749 7841,831 12375,779 9779,486 11881,89 3151,6067 S 1374,332 5792,9824 11180,213 13314,418 10115,369 3469,902
1,7950001 B 2983,4749 7841,831 12375,779 9779,486 11881,89 3151,6067 S 1374,332 5792,9824 11180,213 13314,418 10115,369 3469,902
1,7950004 B 2983,4749 7841,831 12375,779 9779,486 11881,89 3151,6067 S 1374,332 5792,9824 11180,213 13314,418 10115,369 3469,902
1,7949996 B 2983,4749 7841,831 12375,779 9779,486 11881,89 3151,6067 S 1374,332 5792,9824 11180,213 13314,418 10115,369 3469,902
1,7949997 B 2983,4749 7841,831 12375,779 9779,486 11881,89 3151,6067 S 1374,332 5792,9824 11180,213 13314,418 10115,369 3469,902
1,7950002 B 2983,4749 7841,831 12375,779 9779,486 11881,89 3151,6067 S 1374,332 5792,9824 11180,213 13314,418 10115,369 3469,902
1,7949996 B 2983,4749 7841,831 12375,779 9779,486 11881,89 3151,6067 S 1374,332 5792,9824 11180,213 13314,418 10115,369 3469,902
1,795 B 2983,4749 7841,831 12375,779 9779,486 11881,89 3151,6067 S 1374,332 5792,9824 11180,213 13314,418 10115,369 3469,902
1,7950011 B 2983,4749 7841,831 12375,779 9779,486 11881,89 3151,6067 S 1374,332 5792,9824 11180,213 13314,418 10115,369 3469,902
1,7941121 B 2983,4749 7841,831 12375,779 9779,486 11881,89 3151,6067 S 1374,332 5792,9824 11180,213 13314,418 10115,369 3469,902
1,7940006 B 2983,4749 7841,831 12375,779 9779,486 11881,89 3151,6067 S 1374,332 5792,9824 11180,213 13314,418 10115,369 3469,902
1,7939996 B 2983,4749 7841,831 12375,779 9779,486 11881,89 3151,6067 S 1374,332 5792,9824 11180,213 13314,418 10115,369 3469,902
1,7939998 B 2983,4749 7841,831 12375,779 9779,486 11881,89 3151,6067 S 1374,332 5792,9824 11180,213 13314,418 10115,369 3469,902
1,7940003 B 2983,4749 7841,831 12375,779 9779,486 11881,89 3151,6067 S 1374,332 5792,9824 11180,213 13314,418 10115,369 3469,902
1,794 B 2983,4749 7841,831 12375,779 9779,486 11881,89 3151,6067 S 1374,332 5792,9824 11180,213 13314,418 10115,369 3469,902
1,7939998 B 2983,4749 7841,831 12375,779 9779,486 11881,89 3151,6067 S 1374,332 5792,9824 11180,213 13314,418 10115,369 3469,902
1,794 B 2983,4749 7841,831 12375,779 9779,486 11881,89 3151,6067 S 1374,332 5792,9824 11180,213 13314,418 10115,369 3469,902
1,7939998 B 2983,4749 7841,831 12375,779 9779,486 11881,89 3151,6067 S 1374,332 5792,9824 11180,213 13314,418 10115,369 3469,902
1,7939998 B 2983,4749 7841,831 12375,779 9779,486 11881,89 3151,6067 S 1374,332 5792,9824 11180,213 13314,418 10115,369 3469,902
1,7939996 B 2983,4749 7841,831 12375,779 9779,486 11881,89 3151,6067 S 1374,332 5792,9824 11180,213 13314,418 10115,369 3469,902
1,7939994 B 2983,4749 7841,831 12375,779 9779,486 11881,89 3151,6067 S 1374,332 5792,9824 11180,213 13314,418 10115,369 3469,902
1,7940004 B 2983,4749 7841,831 12375,779 9779,486 11881,89 3151,6067 S 1374,332 5792,9824 11180,213 13314,418 10115,369 3469,902
1,7940003 B 2983,4749 7841,831 12375,779 9779,486 11881,89 3151,6067 S 1374,332 5792,9824 11180,213 13314,418 10115,369 3469,902
1,7941526 B 2983,4749 7841,831 12375,779 9779,486 11881,89 3151,6067 S 1374,332 5792,9824 11180,213 13314,418 10115,369 3469,902
1,7960002 B 2983,4749 7841,831 12375,779 9779,486 11881,89 3151,6067 S 1374,332 5792,9824 11180,213 13314,418 10115,369 3469,902
1,7960008 B 2983,4749 7841,831 12375,779 9779,486 11881,89 3151,6067 S 1374,332 5792,9824 11180,213 13314,418 10115,369 3469,902
1,7959998 B 2983,4749 7841,831 12375,779 9779,486 11881,89 3151,6067 S 1374,332 5792,9824 11180,213 13314,418 10115,369 3469,902
1,7960007 B 2983,4749 7841,831 12375,779 9779,486 11881,89 3151,6067 S 1374,332 5792,9824 11180,213 13314,418 10115,369 3469,902
1,796 B 2983,4749 7841,831 12375,779 9779,486 11881,89 3151,6067 S 1374,332 5792,9824 11180,213 13314,418 10115,369 3469,902
1,7976112 B 2983,4749 7841,831 12375,779 9779,486 11881,89 3151,6067 S 1374,332 5792,9824 11180,213 13314,418 10115,369 3469,902
1,7980002 B 2983,4749 7841,831 12375,779 9779,486 11881,89 3151,6067 S 1374,332 5792,9824 11180,213 13314,418 10115,369 3469,902
1,7979997 B 2983,4749 7841,831 12375,779 9779,486 11881,89 3151,6067 S 1374,332 5792,9824 11180,213 13314,418 10115,369 3469,902
1,7980005 B 2983,4749 7841,831 12375,779 9779,486 11881,89 3151,6067 S 1374,332 5792,9824 11180,213 13314,418 10115,369 3469,902
1,7979997 B 2983,4749 7841,831 12375,779 9779,486 11881,89 3151,6067 S 1374,332 5792,9824 11180,213 13314,418 10115,369 3469,902
1,7980001 B 2983,4749 7841,831 12375,779 9779,486 11881,89 3151,6067 S 1374,332 5792,9824 11180,213 13314,418 10115,369 3469,902
1,7971768 B 2983,4749 7841,831 12375,779 9779,486 11881,89 3151,6067 S 1374,332 5792,9824 11180,213 13314,418 10115,369 3469,902
1,7969677 B 2983,4749 7841,831 12375,779 9779,486 11881,89 3151,6067 S 1374,332 5792,9824 11180,213 13314,418 10115,369 3469,902
1,7959993 B 2983,4749 7841,831 12375,779 9779,486 11881,89 3151,6067 S 1374,332 5792,9824 11180,213 13314,418 10115,369 3469,902
1,796 B 2983,4749 7841,831 12375,779 9779,486 11881,89 3151,6067 S 1374,332 5792,9824 11180,213 13314,418 10115,369 3469,902
1,7960002 B 2983,4749 7841,831 12375,779 9779,486 11881,89 3151,6067 S 1374,332 5792,9824 11180,213 13314,418 10115,369 3469,902
1,796 B 2983,4749 7841,831 12375,779 9779,486 11881,89 3151,6067 S 1374,332 5792,9824 11180,213 13314,418 10115,369 3469,902
1,7956892 B 2983,4749 7841,831 12375,779 9779,486 11881,89 3151,6067 S 1374,332 5792,9824 11180,213 13314,418 10115,369 3469,902
1,7950003 B 2983,4749 7841,831 12375,779 9779,486 11881,89 3151,6067 S 1374,332 5792,9824 11180,213 13314,418 10115,369 3469,902
1,7950002 B 2983,4749 7841,831 12375,779 9779,486 11881,89 3151,6067 S 1374,332 5792,9824 11180,213 13314,418 10115,369 3469,902
1,7950001 B 2983,4749 7841,831 12375,779 9779,486 11881,89 3151,6067 S 1374,332 5792,9824 11180,213 13314,418 10115,369 3469,902
1,7950004 B 2983,4749 7841,831 12375,779 9779,486 11881,89 3151,6067 S 1374,332 5792,9824 11180,213 13314,418 10115,369 3469,902
1,7949994 B 2983,4749 7841,831 12375,779 9779,486 11881,89 3151,6067 S 1374,332 5792,9824 11180,213 13314,418 10115,369 3469,902
1,7949998 B 2983,4749 7841,831 12375,779 9779,486 11881,89 3151,6067 S 1374,332 5792,9824 11180,213 13314,418 10115,369 3469,902
1,7950001 B 2983,4749 7841,831 12375,779 9779,486 11881,89 3151,6067 S 1374,332 5792,9824 11180,213 13314,418 10115,369 3469,902
1,7950004 B 2983,4749 7841,831 12375,779 9779,486 11881,89 3151,6067 S 1374,332 5792,9824 11180,213 13314,418 10115,369 3469,902
1,7950003 B 2983,4749 7841,831 12375,779 9779,486 11881,89 3151,6067 S 1374,332 5792,9824 11180,213 13314,418 10115,369 3469,902
1,7955016 B 2983,4749 7841,831 12375,779 9779,486 11881,89 3151,6067 S 1374,332 5792,9824 11180,213 13314,418 10115,369 3469,902
1,7960001 B 2983,4749 7841,831 12375,779 9779,486 11881,89 3151,6067 S 1374,332 5792,9824 11180,213 13314,418 10115,369 3469,902
1,7959466 B 2983,4749 7841,831 12375,779 9779,486 11881,89 3151,6067 S 1374,332 5792,9824 11180,213 13314,418 10115,369 3469,902
1,7950002 B 2983,4749 7841,831 12375,779 9779,486 11881,89 3151,6067 S 1374,332 5792,9824 11180,213 13314,418 10115,369 3469,902
1,7950002 B 2983,4749 7841,831 12375,779 9779,486 11881,89 3151,6067 S 1374,332 5792,9824 11180,213 13314,418 10115,369 3469,902
1,7950003 B 2983,4749 7841,831 12375,779 9779,486 11881,89 3151,6067 S 1374,332 5792,9824 11180,213 13314,418 10115,369 3469,902
1,7950003 B 2983,4749 7841,831 12375,779 9779,486 11881,89 3151,6067 S 1374,332 5792,9824 11180,213 13314,418 10115,369 3469,902
1,7949997 B 2983,4749 7841,831 12375,779 9779,486 11881,89 3151,6067 S 1374,332 5792,9824 11180,213 13314,418 10115,369 3469,902
1,7949997 B 2983,4749 7841,831 12375,779 9779,486 11881,89 3151,6067 S 1374,332 5792,9824 11180,213 13314,418 10115,369 3469,902
1,7966683 B 2983,4749 7841,831 12375,779 9779,486 11881,89 3151,6067 S 1374,332 5792,9824 11180,213 13314,418 10115,369 3469,902
1,7970002 B 2983,4749 7841,831 12375,779 9779,486 11881,89 3151,6067 S 1374,332 5792,9824 11180,213 13314,418 10115,369 3469,902
1,7969259 B 2983,4749 7841,831 12375,779 9779,486 11881,89 3151,6067 S 1374,332 5792,9824 11180,213 13314,418 10115,369 3469,902
1,796 B 2983,4749 7841,831 12375,779 9779,486 11881,89 3151,6067 S 1374,332 5792,9824 11180,213 13314,418 10115,369 3469,902
1,7960001 B 2983,4749 7841,831 12375,779 9779,486 11881,89 3151,6067 S 1374,332 5792,9824 11180,213 13314,418 10115,369 3469,902
1,7959998 B 2983,4749 7841,831 12375,779 9779,486 11881,89 3151,6067 S 1374,332 5792,9824 11180,213 13314,418 10115,369 3469,902
1,796 B 2983,4749 7841,831 12375,779 9779,486 11881,89 3151,6067 S 1374,332 5792,9824 11180,213 13314,418 10115,369 3469,902
1,7967454 B 2983,4749 7841,831 12375,779 9779,486 11881,89 3151,6067 S 1374,332 5792,9824 11180,213 13314,418 10115,369 3469,902
