1,7938085
1,8029999 B 1409,0577 5714,7275 12265,323 10828,386 7413,9966 7460,646 S 5092,414 11687,897 5168,5244 8465,443 4948,8594 3570,9656
1,8030001 B 1409,0577 5714,7275 12265,323 10828,386 7413,9966 7460,646 S 5092,414 11687,897 5168,5244 8465,443 4948,8594 3570,9656
1,8029997 B 1409,0577 5714,7275 12265,323 10828,386 7413,9966 7460,646 S 5092,414 11687,897 5168,5244 8465,443 4948,8594 3570,9656
1,8030002 B 1409,0577 5714,7275 12265,323 10828,386 7413,9966 7460,646 S 5092,414 11687,897 5168,5244 8465,443 4948,8594 3570,9656
1,8029999 B 1409,0577 5714,7275 12265,323 10828,386 7413,9966 7460,646 S 5092,414 11687,897 5168,5244 8465,443 4948,8594 3570,9656
1,8042156 B 1409,0577 5714,7275 12265,323 10828,386 7413,9966 7460,646 S 5092,414 11687,897 5168,5244 8465,443 4948,8594 3570,9656
1,8050002 B 1409,0577 5714,7275 12265,323 10828,386 7413,9966 7460,646 S 5092,414 11687,897 5168,5244 8465,443 4948,8594 3570,9656
1,8050001 B 1409,0577 5714,7275 12265,323 10828,386 7413,9966 7460,646 S 5092,414 11687,897 5168,5244 8465,443 4948,8594 3570,9656
1,8048168 B 1409,0577 5714,7275 12265,323 10828,386 7413,9966 7460,646 S 5092,414 11687,897 5168,5244 8465,443 4948,8594 3570,9656
1,8039296 B 1409,0577 5714,7275 12265,323 10828,386 7413,9966 7460,646 S 5092,414 11687,897 5168,5244 8465,443 4948,8594 3570,9656
1,8029994 B 1409,0577 5714,7275 12265,323 10828,386 7413,9966 7460,646 S 5092,414 11687,897 5168,5244 8465,443 4948,8594 3570,9656
1,8030003 B 1409,0577 5714,7275 12265,323 10828,386 7413,9966 7460,646 S 5092,414 11687,897 5168,5244 8465,443 4948,8594 3570,9656
1,8018227 B 1409,0577 5714,7275 12265,323 10828,386 7413,9966 7460,646 S 5092,414 11687,897 5168,5244 8465,443 4948,8594 3570,9656
1,7974906 B 1409,0577 5714,7275 12265,323 10828,386 7413,9966 7460,646 S 5092,414 11687,897 5168,5244 8465,443 4948,8594 3570,9656
1,8007076 B 1409,0577 5714,7275 12265,323 10828,386 7413,9966 7460,646 S 5092,414 11687,897 5168,5244 8465,443 4948,8594 3570,9656
1,801 B 1409,0577 5714,7275 12265,323 10828,386 7413,9966 7460,646 S 5092,414 11687,897 5168,5244 8465,443 4948,8594 3570,9656
1,8006078 B 1409,0577 5714,7275 12265,323 10828,386 7413,9966 7460,646 S 5092,414 11687,897 5168,5244 8465,443 4948,8594 3570,9656
1,7921453 B 1409,0577 5714,7275 12265,323 10828,386 7413,9966 7460,646 S 5092,414 11687,897 5168,5244 8465,443 4948,8594 3570,9656
1,7930027 B 1409,0577 5714,7275 12265,323 10828,386 7413,9966 7460,646 S 5092,414 11687,897 5168,5244 8465,443 4948,8594 3570,9656
1,7929997 B 1409,0577 5714,7275 12265,323 10828,386 7413,9966 7460,646 S 5092,414 11687,897 5168,5244 8465,443 4948,8594 3570,9656
1,7937602 B 1409,0577 5714,7275 12265,323 10828,386 7413,9966 7460,646 S 5092,414 11687,897 5168,5244 8465,443 4948,8594 3570,9656
1,7944273 B 1409,0577 5714,7275 12265,323 10828,386 7413,9966 7460,646 S 5092,414 11687,897 5168,5244 8465,443 4948,8594 3570,9656
1,7934482 B 1409,0577 5714,7275 12265,323 10828,386 7413,9966 7460,646 S 5092,414 11687,897 5168,5244 8465,443 4948,8594 3570,9656
1,794 B 1409,0577 5714,7275 12265,323 10828,386 7413,9966 7460,646 S 5092,414 11687,897 5168,5244 8465,443 4948,8594 3570,9656
1,7940004 B 1409,0577 5714,7275 12265,323 10828,386 7413,9966 7460,646 S 5092,414 11687,897 5168,5244 8465,443 4948,8594 3570,9656
1,7940001 B 1409,0577 5714,7275 12265,323 10828,386 7413,9966 7460,646 S 5092,414 11687,897 5168,5244 8465,443 4948,8594 3570,9656
1,7948126 B 1409,0577 5714,7275 12265,323 10828,386 7413,9966 7460,646 S 5092,414 11687,897 5168,5244 8465,443 4948,8594 3570,9656
1,796 B 1409,0577 5714,7275 12265,323 10828,386 7413,9966 7460,646 S 5092,414 11687,897 5168,5244 8465,443 4948,8594 3570,9656
1,7959995 B 1409,0577 5714,7275 12265,323 10828,386 7413,9966 7460,646 S 5092,414 11687,897 5168,5244 8465,443 4948,8594 3570,9656
1,7977433 B 1409,0577 5714,7275 12265,323 10828,386 7413,9966 7460,646 S 5092,414 11687,897 5168,5244 8465,443 4948,8594 3570,9656
1,7980003 B 1409,0577 5714,7275 12265,323 10828,386 7413,9966 7460,646 S 5092,414 11687,897 5168,5244 8465,443 4948,8594 3570,9656
1,7979999 B 1409,0577 5714,7275 12265,323 10828,386 7413,9966 7460,646 S 5092,414 11687,897 5168,5244 8465,443 4948,8594 3570,9656
1,7979999 B 1409,0577 5714,7275 12265,323 10828,386 7413,9966 7460,646 S 5092,414 11687,897 5168,5244 8465,443 4948,8594 3570,9656
1,7988425 B 1409,0577 5714,7275 12265,323 10828,386 7413,9966 7460,646 S 5092,414 11687,897 5168,5244 8465,443 4948,8594 3570,9656
1,7999989 B 1409,0577 5714,7275 12265,323 10828,386 7413,9966 7460,646 S 5092,414 11687,897 5168,5244 8465,443 4948,8594 3570,9656
1,8004743 B 1409,0577 5714,7275 12265,323 10828,386 7413,9966 7460,646 S 5092,414 11687,897 5168,5244 8465,443 4948,8594 3570,9656
1,8009999 B 1409,0577 5714,7275 12265,323 10828,386 7413,9966 7460,646 S 5092,414 11687,897 5168,5244 8465,443 4948,8594 3570,9656
1,8010002 B 1409,0577 5714,7275 12265,323 10828,386 7413,9966 7460,646 S 5092,414 11687,897 5168,5244 8465,443 4948,8594 3570,9656
1,8009273 B 1409,0577 5714,7275 12265,323 10828,386 7413,9966 7460,646 S 5092,414 11687,897 5168,5244 8465,443 4948,8594 3570,9656
1,799 B 1409,0577 5714,7275 12265,323 10828,386 7413,9966 7460,646 S 5092,414 11687,897 5168,5244 8465,443 4948,8594 3570,9656
1,7989998 B 1409,0577 5714,7275 12265,323 10828,386 7413,9966 7460,646 S 5092,414 11687,897 5168,5244 8465,443 4948,8594 3570,9656
1,7988541 B 1409,0577 5714,7275 12265,323 10828,386 7413,9966 7460,646 S 5092,414 11687,897 5168,5244 8465,443 4948,8594 3570,9656
1,7960001 B 1409,0577 5714,7275 12265,323 10828,386 7413,9966 7460,646 S 5092,414 11687,897 5168,5244 8465,443 4948,8594 3570,9656
1,796 B 1409,0577 5714,7275 12265,323 10828,386 7413,9966 7460,646 S 5092,414 11687,897 5168,5244 8465,443 4948,8594 3570,9656
1,7960002 B 1409,0577 5714,7275 12265,323 10828,386 7413,9966 7460,646 S 5092,414 11687,897 5168,5244 8465,443 4948,8594 3570,9656
1,7959998 B 1409,0577 5714,7275 12265,323 10828,386 7413,9966 7460,646 S 5092,414 11687,897 5168,5244 8465,443 4948,8594 3570,9656
1,7959999 B 1409,0577 5714,7275 12265,323 10828,386 7413,9966 7460,646 S 5092,414 11687,897 5168,5244 8465,443 4948,8594 3570,9656
1,7959998 B 1409,0577 5714,7275 12265,323 10828,386 7413,9966 7460,646 S 5092,414 11687,897 5168,5244 8465,443 4948,8594 3570,9656
1,796 B 1409,0577 5714,7275 12265,323 10828,386 7413,9966 7460,646 S 5092,414 11687,897 5168,5244 8465,443 4948,8594 3570,9656
1,796 B 1409,0577 5714,7275 12265,323 10828,386 7413,9966 7460,646 S 5092,414 11687,897 5168,5244 8465,443 4948,8594 3570,9656
1,7959994 B 1409,0577 5714,7275 12265,323 10828,386 7413,9966 7460,646 S 5092,414 11687,897 5168,5244 8465,443 4948,8594 3570,9656
1,796 B 1409,0577 5714,7275 12265,323 10828,386 7413,9966 7460,646 S 5092,414 11687,897 5168,5244 8465,443 4948,8594 3570,9656
1,7960006 B 1409,0577 5714,7275 12265,323 10828,386 7413,9966 7460,646 S 5092,414 11687,897 5168,5244 8465,443 4948,8594 3570,9656
1,7954437 B 1409,0577 5714,7275 12265,323 10828,386 7413,9966 7460,646 S 5092,414 11687,897 5168,5244 8465,443 4948,8594 3570,9656
1,7949997 B 1409,0577 5714,7275 12265,323 10828,386 7413,9966 7460,646 S 5092,414 11687,897 5168,5244 8465,443 4948,8594 3570,9656
1,7949996 B 1409,0577 5714,7275 12265,323 10828,386 7413,9966 7460,646 S 5092,414 11687,897 5168,5244 8465,443 4948,8594 3570,9656
1,7950001 B 1409,0577 5714,7275 12265,323 10828,386 7413,9966 7460,646 S 5092,414 11687,897 5168,5244 8465,443 4948,8594 3570,9656
1,7964259 B 1409,0577 5714,7275 12265,323 10828,386 7413,9966 7460,646 S 5092,414 11687,897 5168,5244 8465,443 4948,8594 3570,9656
1,7973555 B 1409,0577 5714,7275 12265,323 10828,386 7413,9966 7460,646 S 5092,414 11687,897 5168,5244 8465,443 4948,8594 3570,9656
1,7985312 B 1409,0577 5714,7275 12265,323 10828,386 7413,9966 7460,646 S 5092,414 11687,897 5168,5244 8465,443 4948,8594 3570,9656
1,79858 B 1409,0577 5714,7275 12265,323 10828,386 7413,9966 7460,646 S 5092,414 11687,897 5168,5244 8465,443 4948,8594 3570,9656
1,7970068 B 1409,0577 5714,7275 12265,323 10828,386 7413,9966 7460,646 S 5092,414 11687,897 5168,5244 8465,443 4948,8594 3570,9656
1,7960001 B 1409,0577 5714,7275 12265,323 10828,386 7413,9966 7460,646 S 5092,414 11687,897 5168,5244 8465,443 4948,8594 3570,9656
1,7960002 B 1409,0577 5714,7275 12265,323 10828,386 7413,9966 7460,646 S 5092,414 11687,897 5168,5244 8465,443 4948,8594 3570,9656
1,7959999 B 1409,0577 5714,7275 12265,323 10828,386 7413,9966 7460,646 S 5092,414 11687,897 5168,5244 8465,443 4948,8594 3570,9656
1,7959996 B 1409,0577 5714,7275 12265,323 10828,386 7413,9966 7460,646 S 5092,414 11687,897 5168,5244 8465,443 4948,8594 3570,9656
1,7971742 B 1409,0577 5714,7275 12265,323 10828,386 7413,9966 7460,646 S 5092,414 11687,897 5168,5244 8465,443 4948,8594 3570,9656
1,7989999 B 1409,0577 5714,7275 12265,323 10828,386 7413,9966 7460,646 S 5092,414 11687,897 5168,5244 8465,443 4948,8594 3570,9656
1,7989997 B 1409,0577 5714,7275 12265,323 10828,386 7413,9966 7460,646 S 5092,414 11687,897 5168,5244 8465,443 4948,8594 3570,9656
1,7995875 B 1409,0577 5714,7275 12265,323 10828,386 7413,9966 7460,646 S 5092,414 11687,897 5168,5244 8465,443 4948,8594 3570,9656
1,8003132 B 1409,0577 5714,7275 12265,323 10828,386 7413,9966 7460,646 S 5092,414 11687,897 5168,5244 8465,443 4948,8594 3570,9656
1,8010002 B 1409,0577 5714,7275 12265,323 10828,386 7413,9966 7460,646 S 5092,414 11687,897 5168,5244 8465,443 4948,8594 3570,9656
1,8009998 B 1409,0577 5714,7275 12265,323 10828,386 7413,9966 7460,646 S 5092,414 11687,897 5168,5244 8465,443 4948,8594 3570,9656
1,8009999 B 1409,0577 5714,7275 12265,323 10828,386 7413,9966 7460,646 S 5092,414 11687,897 5168,5244 8465,443 4948,8594 3570,9656
1,8009999 B 1409,0577 5714,7275 12265,323 10828,386 7413,9966 7460,646 S 5092,414 11687,897 5168,5244 8465,443 4948,8594 3570,9656
1,8009998 B 1409,0577 5714,7275 12265,323 10828,386 7413,9966 7460,646 S 5092,414 11687,897 5168,5244 8465,443 4948,8594 3570,9656
1,801 B 1409,0577 5714,7275 12265,323 10828,386 7413,9966 7460,646 S 5092,414 11687,897 5168,5244 8465,443 4948,8594 3570,9656
1,8010005 B 1409,0577 5714,7275 12265,323 10828,386 7413,9966 7460,646 S 5092,414 11687,897 5168,5244 8465,443 4948,8594 3570,9656
1,8010002 B 1409,0577 5714,7275 12265,323 10828,386 7413,9966 7460,646 S 5092,414 11687,897 5168,5244 8465,443 4948,8594 3570,9656
1,8009998 B 1409,0577 5714,7275 12265,323 10828,386 7413,9966 7460,646 S 5092,414 11687,897 5168,5244 8465,443 4948,8594 3570,9656
1,8009998 B 1409,0577 5714,7275 12265,323 10828,386 7413,9966 7460,646 S 5092,414 11687,897 5168,5244 8465,443 4948,8594 3570,9656
1,8016392 B 1409,0577 5714,7275 12265,323 10828,386 7413,9966 7460,646 S 5092,414 11687,897 5168,5244 8465,443 4948,8594 3570,9656
1,8019996 B 1409,0577 5714,7275 12265,323 10828,386 7413,9966 7460,646 S 5092,414 11687,897 5168,5244 8465,443 4948,8594 3570,9656
1,8020008 B 1409,0577 5714,7275 12265,323 10828,386 7413,9966 7460,646 S 5092,414 11687,897 5168,5244 8465,443 4948,8594 3570,9656
1,8020005 B 1409,0577 5714,7275 12265,323 10828,386 7413,9966 7460,646 S 5092,414 11687,897 5168,5244 8465,443 4948,8594 3570,9656
1,8020006 B 1409,0577 5714,7275 12265,323 10828,386 7413,9966 7460,646 S 5092,414 11687,897 5168,5244 8465,443 4948,8594 3570,9656
1,8020004 B 1409,0577 5714,7275 12265,323 10828,386 7413,9966 7460,646 S 5092,414 11687,897 5168,5244 8465,443 4948,8594 3570,9656
1,8020002 B 1409,0577 5714,7275 12265,323 10828,386 7413,9966 7460,646 S 5092,414 11687,897 5168,5244 8465,443 4948,8594 3570,9656
1,8020003 B 1409,0577 5714,7275 12265,323 10828,386 7413,9966 7460,646 S 5092,414 11687,897 5168,5244 8465,443 4948,8594 3570,9656
1,8013597 B 1409,0577 5714,7275 12265,323 10828,386 7413,9966 7460,646 S 5092,414 11687,897 5168,5244 8465,443 4948,8594 3570,9656
1,8009998 B 1409,0577 5714,7275 12265,323 10828,386 7413,9966 7460,646 S 5092,414 11687,897 5168,5244 8465,443 4948,8594 3570,9656
1,8010288 B 1409,0577 5714,7275 12265,323 10828,386 7413,9966 7460,646 S 5092,414 11687,897 5168,5244 8465,443 4948,8594 3570,9656
1,8019999 B 1409,0577 5714,7275 12265,323 10828,386 7413,9966 7460,646 S 5092,414 11687,897 5168,5244 8465,443 4948,8594 3570,9656
1,8020003 B 1409,0577 5714,7275 12265,323 10828,386 7413,9966 7460,646 S 5092,414 11687,897 5168,5244 8465,443 4948,8594 3570,9656
1,8020003 B 1409,0577 5714,7275 12265,323 10828,386 7413,9966 7460,646 S 5092,414 11687,897 5168,5244 8465,443 4948,8594 3570,9656
1,8018953 B 1409,0577 5714,7275 12265,323 10828,386 7413,9966 7460,646 S 5092,414 11687,897 5168,5244 8465,443 4948,8594 3570,9656
1,8000001 B 1409,0577 5714,7275 12265,323 10828,386 7413,9966 7460,646 S 5092,414 11687,897 5168,5244 8465,443 4948,8594 3570,9656
1,7977129 B 1409,0577 5714,7275 12265,323 10828,386 7413,9966 7460,646 S 5092,414 11687,897 5168,5244 8465,443 4948,8594 3570,9656
1,7966932 B 1409,0577 5714,7275 12265,323 10828,386 7413,9966 7460,646 S 5092,414 11687,897 5168,5244 8465,443 4948,8594 3570,9656
1,7942493 B 1409,0577 5714,7275 12265,323 10828,386 7413,9966 7460,646 S 5092,414 11687,897 5168,5244 8465,443 4948,8594 3570,9656
1,7942562 B 1409,0577 5714,7275 12265,323 10828,386 7413,9966 7460,646 S 5092,414 11687,897 5168,5244 8465,443 4948,8594 3570,9656
1,7948829 B 1409,0577 5714,7275 12265,323 10828,386 7413,9966 7460,646 S 5092,414 11687,897 5168,5244 8465,443 4948,8594 3570,9656
1,793379 B 1409,0577 5714,7275 12265,323 10828,386 7413,9966 7460,646 S 5092,414 11687,897 5168,5244 8465,443 4948,8594 3570,9656
1,7912067 B 1409,0577 5714,7275 12265,323 10828,386 7413,9966 7460,646 S 5092,414 11687,897 5168,5244 8465,443 4948,8594 3570,9656
1,7901534 B 1409,0577 5714,7275 12265,323 10828,386 7413,9966 7460,646 S 5092,414 11687,897 5168,5244 8465,443 4948,8594 3570,9656
1,7930267 B 1409,0577 5714,7275 12265,323 10828,386 7413,9966 7460,646 S 5092,414 11687,897 5168,5244 8465,443 4948,8594 3570,9656
1,7930257 B 1409,0577 5714,7275 12265,323 10828,386 7413,9966 7460,646 S 5092,414 11687,897 5168,5244 8465,443 4948,8594 3570,9656
1,7919997 B 1409,0577 5714,7275 12265,323 10828,386 7413,9966 7460,646 S 5092,414 11687,897 5168,5244 8465,443 4948,8594 3570,9656
1,7920855 B 1409,0577 5714,7275 12265,323 10828,386 7413,9966 7460,646 S 5092,414 11687,897 5168,5244 8465,443 4948,8594 3570,9656
1,7920003 B 1409,0577 5714,7275 12265,323 10828,386 7413,9966 7460,646 S 5092,414 11687,897 5168,5244 8465,443 4948,8594 3570,9656
1,7930208 B 1409,0577 5714,7275 12265,323 10828,386 7413,9966 7460,646 S 5092,414 11687,897 5168,5244 8465,443 4948,8594 3570,9656
1,7941574 B 1409,0577 5714,7275 12265,323 10828,386 7413,9966 7460,646 S 5092,414 11687,897 5168,5244 8465,443 4948,8594 3570,9656
1,793 B 1409,0577 5714,7275 12265,323 10828,386 7413,9966 7460,646 S 5092,414 11687,897 5168,5244 8465,443 4948,8594 3570,9656
1,7930003 B 1409,0577 5714,7275 12265,323 10828,386 7413,9966 7460,646 S 5092,414 11687,897 5168,5244 8465,443 4948,8594 3570,9656
1,793 B 1409,0577 5714,7275 12265,323 10828,386 7413,9966 7460,646 S 5092,414 11687,897 5168,5244 8465,443 4948,8594 3570,9656
1,7929994 B 1409,0577 5714,7275 12265,323 10828,386 7413,9966 7460,646 S 5092,414 11687,897 5168,5244 8465,443 4948,8594 3570,9656
1,7929996 B 1409,0577 5714,7275 12265,323 10828,386 7413,9966 7460,646 S 5092,414 11687,897 5168,5244 8465,443 4948,8594 3570,9656
1,7931343 B 1409,0577 5714,7275 12265,323 10828,386 7413,9966 7460,646 S 5092,414 11687,897 5168,5244 8465,443 4948,8594 3570,9656
1,794 B 1409,0577 5714,7275 12265,323 10828,386 7413,9966 7460,646 S 5092,414 11687,897 5168,5244 8465,443 4948,8594 3570,9656
1,7946571 B 1409,0577 5714,7275 12265,323 10828,386 7413,9966 7460,646 S 5092,414 11687,897 5168,5244 8465,443 4948,8594 3570,9656
1,7949996 B 1409,0577 5714,7275 12265,323 10828,386 7413,9966 7460,646 S 5092,414 11687,897 5168,5244 8465,443 4948,8594 3570,9656
1,7944541 B 1409,0577 5714,7275 12265,323 10828,386 7413,9966 7460,646 S 5092,414 11687,897 5168,5244 8465,443 4948,8594 3570,9656
1,7927307 B 1409,0577 5714,7275 12265,323 10828,386 7413,9966 7460,646 S 5092,414 11687,897 5168,5244 8465,443 4948,8594 3570,9656
1,7919997 B 1409,0577 5714,7275 12265,323 10828,386 7413,9966 7460,646 S 5092,414 11687,897 5168,5244 8465,443 4948,8594 3570,9656
1,7919997 B 1409,0577 5714,7275 12265,323 10828,386 7413,9966 7460,646 S 5092,414 11687,897 5168,5244 8465,443 4948,8594 3570,9656
1,7920002 B 1409,0577 5714,7275 12265,323 10828,386 7413,9966 7460,646 S 5092,414 11687,897 5168,5244 8465,443 4948,8594 3570,9656
1,7919998 B 1409,0577 5714,7275 12265,323 10828,386 7413,9966 7460,646 S 5092,414 11687,897 5168,5244 8465,443 4948,8594 3570,9656
1,7919996 B 1409,0577 5714,7275 12265,323 10828,386 7413,9966 7460,646 S 5092,414 11687,897 5168,5244 8465,443 4948,8594 3570,9656
1,7920002 B 1409,0577 5714,7275 12265,323 10828,386 7413,9966 7460,646 S 5092,414 11687,897 5168,5244 8465,443 4948,8594 3570,9656
1,7920002 B 1409,0577 5714,7275 12265,323 10828,386 7413,9966 7460,646 S 5092,414 11687,897 5168,5244 8465,443 4948,8594 3570,9656
1,7919999 B 1409,0577 5714,7275 12265,323 10828,386 7413,9966 7460,646 S 5092,414 11687,897 5168,5244 8465,443 4948,8594 3570,9656
1,7920004 B 1409,0577 5714,7275 12265,323 10828,386 7413,9966 7460,646 S 5092,414 11687,897 5168,5244 8465,443 4948,8594 3570,9656
1,7925493 B 1409,0577 5714,7275 12265,323 10828,386 7413,9966 7460,646 S 5092,414 11687,897 5168,5244 8465,443 4948,8594 3570,9656
1,793 B 1409,0577 5714,7275 12265,323 10828,386 7413,9966 7460,646 S 5092,414 11687,897 5168,5244 8465,443 4948,8594 3570,9656
1,7929997 B 1409,0577 5714,7275 12265,323 10828,386 7413,9966 7460,646 S 5092,414 11687,897 5168,5244 8465,443 4948,8594 3570,9656
1,793 B 1409,0577 5714,7275 12265,323 10828,386 7413,9966 7460,646 S 5092,414 11687,897 5168,5244 8465,443 4948,8594 3570,9656
1,7930001 B 1409,0577 5714,7275 12265,323 10828,386 7413,9966 7460,646 S 5092,414 11687,897 5168,5244 8465,443 4948,8594 3570,9656
1,7929997 B 1409,0577 5714,7275 12265,323 10828,386 7413,9966 7460,646 S 5092,414 11687,897 5168,5244 8465,443 4948,8594 3570,9656
1,7930003 B 1409,0577 5714,7275 12265,323 10828,386 7413,9966 7460,646 S 5092,414 11687,897 5168,5244 8465,443 4948,8594 3570,9656
1,7938546 B 1409,0577 5714,7275 12265,323 10828,386 7413,9966 7460,646 S 5092,414 11687,897 5168,5244 8465,443 4948,8594 3570,9656
1,794124 B 1409,0577 5714,7275 12265,323 10828,386 7413,9966 7460,646 S 5092,414 11687,897 5168,5244 8465,443 4948,8594 3570,9656
1,7938963 B 1409,0577 5714,7275 12265,323 10828,386 7413,9966 7460,646 S 5092,414 11687,897 5168,5244 8465,443 4948,8594 3570,9656
1,7929996 B 1409,0577 5714,7275 12265,323 10828,386 7413,9966 7460,646 S 5092,414 11687,897 5168,5244 8465,443 4948,8594 3570,9656
1,7929999 B 1409,0577 5714,7275 12265,323 10828,386 7413,9966 7460,646 S 5092,414 11687,897 5168,5244 8465,443 4948,8594 3570,9656
1,7929999 B 1409,0577 5714,7275 12265,323 10828,386 7413,9966 7460,646 S 5092,414 11687,897 5168,5244 8465,443 4948,8594 3570,9656
1,7930003 B 1409,0577 5714,7275 12265,323 10828,386 7413,9966 7460,646 S 5092,414 11687,897 5168,5244 8465,443 4948,8594 3570,9656
1,7929997 B 1409,0577 5714,7275 12265,323 10828,386 7413,9966 7460,646 S 5092,414 11687,897 5168,5244 8465,443 4948,8594 3570,9656
1,791782 B 1409,0577 5714,7275 12265,323 10828,386 7413,9966 7460,646 S 5092,414 11687,897 5168,5244 8465,443 4948,8594 3570,9656
1,7909826 B 1409,0577 5714,7275 12265,323 10828,386 7413,9966 7460,646 S 5092,414 11687,897 5168,5244 8465,443 4948,8594 3570,9656
1,7888364 B 1409,0577 5714,7275 12265,323 10828,386 7413,9966 7460,646 S 5092,414 11687,897 5168,5244 8465,443 4948,8594 3570,9656
1,7872394 B 1409,0577 5714,7275 12265,323 10828,386 7413,9966 7460,646 S 5092,414 11687,897 5168,5244 8465,443 4948,8594 3570,9656
1,7870001 B 1409,0577 5714,7275 12265,323 10828,386 7413,9966 7460,646 S 5092,414 11687,897 5168,5244 8465,443 4948,8594 3570,9656
1,7870002 B 1409,0577 5714,7275 12265,323 10828,386 7413,9966 7460,646 S 5092,414 11687,897 5168,5244 8465,443 4948,8594 3570,9656
1,7870011 B 1409,0577 5714,7275 12265,323 10828,386 7413,9966 7460,646 S 5092,414 11687,897 5168,5244 8465,443 4948,8594 3570,9656
1,7884328 B 1409,0577 5714,7275 12265,323 10828,386 7413,9966 7460,646 S 5092,414 11687,897 5168,5244 8465,443 4948,8594 3570,9656
1,7900006 B 1409,0577 5714,7275 12265,323 10828,386 7413,9966 7460,646 S 5092,414 11687,897 5168,5244 8465,443 4948,8594 3570,9656
1,7899995 B 1409,0577 5714,7275 12265,323 10828,386 7413,9966 7460,646 S 5092,414 11687,897 5168,5244 8465,443 4948,8594 3570,9656
1,7899997 B 1409,0577 5714,7275 12265,323 10828,386 7413,9966 7460,646 S 5092,414 11687,897 5168,5244 8465,443 4948,8594 3570,9656
1,7900003 B 1409,0577 5714,7275 12265,323 10828,386 7413,9966 7460,646 S 5092,414 11687,897 5168,5244 8465,443 4948,8594 3570,9656
1,7865013 B 1409,0577 5714,7275 12265,323 10828,386 7413,9966 7460,646 S 5092,414 11687,897 5168,5244 8465,443 4948,8594 3570,9656
1,7868767 B 1409,0577 5714,7275 12265,323 10828,386 7413,9966 7460,646 S 5092,414 11687,897 5168,5244 8465,443 4948,8594 3570,9656
1,7870002 B 1409,0577 5714,7275 12265,323 10828,386 7413,9966 7460,646 S 5092,414 11687,897 5168,5244 8465,443 4948,8594 3570,9656
1,7870003 B 1409,0577 5714,7275 12265,323 10828,386 7413,9966 7460,646 S 5092,414 11687,897 5168,5244 8465,443 4948,8594 3570,9656
1,7867838 B 1409,0577 5714,7275 12265,323 10828,386 7413,9966 7460,646 S 5092,414 11687,897 5168,5244 8465,443 4948,8594 3570,9656
1,7849505 B 1409,0577 5714,7275 12265,323 10828,386 7413,9966 7460,646 S 5092,414 11687,897 5168,5244 8465,443 4948,8594 3570,9656
1,7808263 B 1409,0577 5714,7275 12265,323 10828,386 7413,9966 7460,646 S 5092,414 11687,897 5168,5244 8465,443 4948,8594 3570,9656
1,7853267 B 1409,0577 5714,7275 12265,323 10828,386 7413,9966 7460,646 S 5092,414 11687,897 5168,5244 8465,443 4948,8594 3570,9656
1,7867767 B 1409,0577 5714,7275 12265,323 10828,386 7413,9966 7460,646 S 5092,414 11687,897 5168,5244 8465,443 4948,8594 3570,9656
1,7878486 B 1409,0577 5714,7275 12265,323 10828,386 7413,9966 7460,646 S 5092,414 11687,897 5168,5244 8465,443 4948,8594 3570,9656
1,7880003 B 1409,0577 5714,7275 12265,323 10828,386 7413,9966 7460,646 S 5092,414 11687,897 5168,5244 8465,443 4948,8594 3570,9656
1,7875282 B 1409,0577 5714,7275 12265,323 10828,386 7413,9966 7460,646 S 5092,414 11687,897 5168,5244 8465,443 4948,8594 3570,9656
1,7870001 B 1409,0577 5714,7275 12265,323 10828,386 7413,9966 7460,646 S 5092,414 11687,897 5168,5244 8465,443 4948,8594 3570,9656
1,7869998 B 1409,0577 5714,7275 12265,323 10828,386 7413,9966 7460,646 S 5092,414 11687,897 5168,5244 8465,443 4948,8594 3570,9656
1,7869993 B 1409,0577 5714,7275 12265,323 10828,386 7413,9966 7460,646 S 5092,414 11687,897 5168,5244 8465,443 4948,8594 3570,9656
1,787 B 1409,0577 5714,7275 12265,323 10828,386 7413,9966 7460,646 S 5092,414 11687,897 5168,5244 8465,443 4948,8594 3570,9656
1,787 B 1409,0577 5714,7275 12265,323 10828,386 7413,9966 7460,646 S 5092,414 11687,897 5168,5244 8465,443 4948,8594 3570,9656
1,787 B 1409,0577 5714,7275 12265,323 10828,386 7413,9966 7460,646 S 5092,414 11687,897 5168,5244 8465,443 4948,8594 3570,9656
1,7872505 B 1409,0577 5714,7275 12265,323 10828,386 7413,9966 7460,646 S 5092,414 11687,897 5168,5244 8465,443 4948,8594 3570,9656
1,7900004 B 1409,0577 5714,7275 12265,323 10828,386 7413,9966 7460,646 S 5092,414 11687,897 5168,5244 8465,443 4948,8594 3570,9656
1,7892467 B 1409,0577 5714,7275 12265,323 10828,386 7413,9966 7460,646 S 5092,414 11687,897 5168,5244 8465,443 4948,8594 3570,9656
1,7889999 B 1409,0577 5714,7275 12265,323 10828,386 7413,9966 7460,646 S 5092,414 11687,897 5168,5244 8465,443 4948,8594 3570,9656
1,7890004 B 1409,0577 5714,7275 12265,323 10828,386 7413,9966 7460,646 S 5092,414 11687,897 5168,5244 8465,443 4948,8594 3570,9656
1,7889999 B 1409,0577 5714,7275 12265,323 10828,386 7413,9966 7460,646 S 5092,414 11687,897 5168,5244 8465,443 4948,8594 3570,9656
1,7890009 B 1409,0577 5714,7275 12265,323 10828,386 7413,9966 7460,646 S 5092,414 11687,897 5168,5244 8465,443 4948,8594 3570,9656
1,7890002 B 1409,0577 5714,7275 12265,323 10828,386 7413,9966 7460,646 S 5092,414 11687,897 5168,5244 8465,443 4948,8594 3570,9656
1,7906306 B 1409,0577 5714,7275 12265,323 10828,386 7413,9966 7460,646 S 5092,414 11687,897 5168,5244 8465,443 4948,8594 3570,9656
1,7920003 B 1409,0577 5714,7275 12265,323 10828,386 7413,9966 7460,646 S 5092,414 11687,897 5168,5244 8465,443 4948,8594 3570,9656
1,7913822 B 1409,0577 5714,7275 12265,323 10828,386 7413,9966 7460,646 S 5092,414 11687,897 5168,5244 8465,443 4948,8594 3570,9656
1,7910005 B 1409,0577 5714,7275 12265,323 10828,386 7413,9966 7460,646 S 5092,414 11687,897 5168,5244 8465,443 4948,8594 3570,9656
1,7903409 B 1409,0577 5714,7275 12265,323 10828,386 7413,9966 7460,646 S 5092,414 11687,897 5168,5244 8465,443 4948,8594 3570,9656
1,7897375 B 1409,0577 5714,7275 12265,323 10828,386 7413,9966 7460,646 S 5092,414 11687,897 5168,5244 8465,443 4948,8594 3570,9656
1,7890002 B 1409,0577 5714,7275 12265,323 10828,386 7413,9966 7460,646 S 5092,414 11687,897 5168,5244 8465,443 4948,8594 3570,9656
1,7890006 B 1409,0577 5714,7275 12265,323 10828,386 7413,9966 7460,646 S 5092,414 11687,897 5168,5244 8465,443 4948,8594 3570,9656
1,7890004 B 1409,0577 5714,7275 12265,323 10828,386 7413,9966 7460,646 S 5092,414 11687,897 5168,5244 8465,443 4948,8594 3570,9656
1,789 B 1409,0577 5714,7275 12265,323 10828,386 7413,9966 7460,646 S 5092,414 11687,897 5168,5244 8465,443 4948,8594 3570,9656
1,7889998 B 1409,0577 5714,7275 12265,323 10828,386 7413,9966 7460,646 S 5092,414 11687,897 5168,5244 8465,443 4948,8594 3570,9656
1,7889996 B 1409,0577 5714,7275 12265,323 10828,386 7413,9966 7460,646 S 5092,414 11687,897 5168,5244 8465,443 4948,8594 3570,9656
1,7889999 B 1409,0577 5714,7275 12265,323 10828,386 7413,9966 7460,646 S 5092,414 11687,897 5168,5244 8465,443 4948,8594 3570,9656
1,7889998 B 1409,0577 5714,7275 12265,323 10828,386 7413,9966 7460,646 S 5092,414 11687,897 5168,5244 8465,443 4948,8594 3570,9656
1,789 B 1409,0577 5714,7275 12265,323 10828,386 7413,9966 7460,646 S 5092,414 11687,897 5168,5244 8465,443 4948,8594 3570,9656
1,7890003 B 1409,0577 5714,7275 12265,323 10828,386 7413,9966 7460,646 S 5092,414 11687,897 5168,5244 8465,443 4948,8594 3570,9656
1,7889999 B 1409,0577 5714,7275 12265,323 10828,386 7413,9966 7460,646 S 5092,414 11687,897 5168,5244 8465,443 4948,8594 3570,9656
1,7890006 B 1409,0577 5714,7275 12265,323 10828,386 7413,9966 7460,646 S 5092,414 11687,897 5168,5244 8465,443 4948,8594 3570,9656
1,7889998 B 1409,0577 5714,7275 12265,323 10828,386 7413,9966 7460,646 S 5092,414 11687,897 5168,5244 8465,443 4948,8594 3570,9656
1,7890002 B 1409,0577 5714,7275 12265,323 10828,386 7413,9966 7460,646 S 5092,414 11687,897 5168,5244 8465,443 4948,8594 3570,9656
1,7889997 B 1409,0577 5714,7275 12265,323 10828,386 7413,9966 7460,646 S 5092,414 11687,897 5168,5244 8465,443 4948,8594 3570,9656
1,7890007 B 1409,0577 5714,7275 12265,323 10828,386 7413,9966 7460,646 S 5092,414 11687,897 5168,5244 8465,443 4948,8594 3570,9656
1,7893796 B 1409,0577 5714,7275 12265,323 10828,386 7413,9966 7460,646 S 5092,414 11687,897 5168,5244 8465,443 4948,8594 3570,9656
1,7910002 B 1409,0577 5714,7275 12265,323 10828,386 7413,9966 7460,646 S 5092,414 11687,897 5168,5244 8465,443 4948,8594 3570,9656
1,7910008 B 1409,0577 5714,7275 12265,323 10828,386 7413,9966 7460,646 S 5092,414 11687,897 5168,5244 8465,443 4948,8594 3570,9656
1,7898171 B 1409,0577 5714,7275 12265,323 10828,386 7413,9966 7460,646 S 5092,414 11687,897 5168,5244 8465,443 4948,8594 3570,9656
1,7907693 B 1409,0577 5714,7275 12265,323 10828,386 7413,9966 7460,646 S 5092,414 11687,897 5168,5244 8465,443 4948,8594 3570,9656
1,792 B 1409,0577 5714,7275 12265,323 10828,386 7413,9966 7460,646 S 5092,414 11687,897 5168,5244 8465,443 4948,8594 3570,9656
1,7920004 B 1409,0577 5714,7275 12265,323 10828,386 7413,9966 7460,646 S 5092,414 11687,897 5168,5244 8465,443 4948,8594 3570,9656
1,792 B 1409,0577 5714,7275 12265,323 10828,386 7413,9966 7460,646 S 5092,414 11687,897 5168,5244 8465,443 4948,8594 3570,9656
1,7920004 B 1409,0577 5714,7275 12265,323 10828,386 7413,9966 7460,646 S 5092,414 11687,897 5168,5244 8465,443 4948,8594 3570,9656
1,792 B 1409,0577 5714,7275 12265,323 10828,386 7413,9966 7460,646 S 5092,414 11687,897 5168,5244 8465,443 4948,8594 3570,9656
1,7919998 B 1409,0577 5714,7275 12265,323 10828,386 7413,9966 7460,646 S 5092,414 11687,897 5168,5244 8465,443 4948,8594 3570,9656
1,792 B 1409,0577 5714,7275 12265,323 10828,386 7413,9966 7460,646 S 5092,414 11687,897 5168,5244 8465,443 4948,8594 3570,9656
1,792 B 1409,0577 5714,7275 12265,323 10828,386 7413,9966 7460,646 S 5092,414 11687,897 5168,5244 8465,443 4948,8594 3570,9656
1,7900108 B 1409,0577 5714,7275 12265,323 10828,386 7413,9966 7460,646 S 5092,414 11687,897 5168,5244 8465,443 4948,8594 3570,9656
1,788 B 1409,0577 5714,7275 12265,323 10828,386 7413,9966 7460,646 S 5092,414 11687,897 5168,5244 8465,443 4948,8594 3570,9656
1,7879995 B 1409,0577 5714,7275 12265,323 10828,386 7413,9966 7460,646 S 5092,414 11687,897 5168,5244 8465,443 4948,8594 3570,9656
1,7892582 B 1409,0577 5714,7275 12265,323 10828,386 7413,9966 7460,646 S 5092,414 11687,897 5168,5244 8465,443 4948,8594 3570,9656
1,790614 B 1409,0577 5714,7275 12265,323 10828,386 7413,9966 7460,646 S 5092,414 11687,897 5168,5244 8465,443 4948,8594 3570,9656
1,7912849 B 1409,0577 5714,7275 12265,323 10828,386 7413,9966 7460,646 S 5092,414 11687,897 5168,5244 8465,443 4948,8594 3570,9656
1,7914879 B 1409,0577 5714,7275 12265,323 10828,386 7413,9966 7460,646 S 5092,414 11687,897 5168,5244 8465,443 4948,8594 3570,9656
1,7892582 B 1409,0577 5714,7275 12265,323 10828,386 7413,9966 7460,646 S 5092,414 11687,897 5168,5244 8465,443 4948,8594 3570,9656
1,7863624 B 1409,0577 5714,7275 12265,323 10828,386 7413,9966 7460,646 S 5092,414 11687,897 5168,5244 8465,443 4948,8594 3570,9656
1,7859997 B 1409,0577 5714,7275 12265,323 10828,386 7413,9966 7460,646 S 5092,414 11687,897 5168,5244 8465,443 4948,8594 3570,9656
1,7859348 B 1409,0577 5714,7275 12265,323 10828,386 7413,9966 7460,646 S 5092,414 11687,897 5168,5244 8465,443 4948,8594 3570,9656
1,785 B 1409,0577 5714,7275 12265,323 10828,386 7413,9966 7460,646 S 5092,414 11687,897 5168,5244 8465,443 4948,8594 3570,9656
1,7850004 B 1409,0577 5714,7275 12265,323 10828,386 7413,9966 7460,646 S 5092,414 11687,897 5168,5244 8465,443 4948,8594 3570,9656
1,7867818 B 1409,0577 5714,7275 12265,323 10828,386 7413,9966 7460,646 S 5092,414 11687,897 5168,5244 8465,443 4948,8594 3570,9656
1,787 B 1409,0577 5714,7275 12265,323 10828,386 7413,9966 7460,646 S 5092,414 11687,897 5168,5244 8465,443 4948,8594 3570,9656
1,7864989 B 1409,0577 5714,7275 12265,323 10828,386 7413,9966 7460,646 S 5092,414 11687,897 5168,5244 8465,443 4948,8594 3570,9656
1,7859995 B 1409,0577 5714,7275 12265,323 10828,386 7413,9966 7460,646 S 5092,414 11687,897 5168,5244 8465,443 4948,8594 3570,9656
1,7867635 B 1409,0577 5714,7275 12265,323 10828,386 7413,9966 7460,646 S 5092,414 11687,897 5168,5244 8465,443 4948,8594 3570,9656
1,789142 B 1409,0577 5714,7275 12265,323 10828,386 7413,9966 7460,646 S 5092,414 11687,897 5168,5244 8465,443 4948,8594 3570,9656
1,7899996 B 1409,0577 5714,7275 12265,323 10828,386 7413,9966 7460,646 S 5092,414 11687,897 5168,5244 8465,443 4948,8594 3570,9656
