1,8381854
1,8259999 B 7772,1187 8158,618 10148,911 6260,5894 7616,098 11023,517 S 3376,8408 5683,81 6629,734 6594,95 5107,4517 8581,976
1,8260003 B 7772,1187 8158,618 10148,911 6260,5894 7616,098 11023,517 S 3376,8408 5683,81 6629,734 6594,95 5107,4517 8581,976
1,8260001 B 7772,1187 8158,618 10148,911 6260,5894 7616,098 11023,517 S 3376,8408 5683,81 6629,734 6594,95 5107,4517 8581,976
1,8259997 B 7772,1187 8158,618 10148,911 6260,5894 7616,098 11023,517 S 3376,8408 5683,81 6629,734 6594,95 5107,4517 8581,976
1,8260002 B 7772,1187 8158,618 10148,911 6260,5894 7616,098 11023,517 S 3376,8408 5683,81 6629,734 6594,95 5107,4517 8581,976
1,8260002 B 7772,1187 8158,618 10148,911 6260,5894 7616,098 11023,517 S 3376,8408 5683,81 6629,734 6594,95 5107,4517 8581,976
1,8260001 B 7772,1187 8158,618 10148,911 6260,5894 7616,098 11023,517 S 3376,8408 5683,81 6629,734 6594,95 5107,4517 8581,976
1,826 B 7772,1187 8158,618 10148,911 6260,5894 7616,098 11023,517 S 3376,8408 5683,81 6629,734 6594,95 5107,4517 8581,976
1,8260003 B 7772,1187 8158,618 10148,911 6260,5894 7616,098 11023,517 S 3376,8408 5683,81 6629,734 6594,95 5107,4517 8581,976
1,826316 B 7772,1187 8158,618 10148,911 6260,5894 7616,098 11023,517 S 3376,8408 5683,81 6629,734 6594,95 5107,4517 8581,976
1,8269998 B 7772,1187 8158,618 10148,911 6260,5894 7616,098 11023,517 S 3376,8408 5683,81 6629,734 6594,95 5107,4517 8581,976
1,8270001 B 7772,1187 8158,618 10148,911 6260,5894 7616,098 11023,517 S 3376,8408 5683,81 6629,734 6594,95 5107,4517 8581,976
1,8269998 B 7772,1187 8158,618 10148,911 6260,5894 7616,098 11023,517 S 3376,8408 5683,81 6629,734 6594,95 5107,4517 8581,976
1,8270003 B 7772,1187 8158,618 10148,911 6260,5894 7616,098 11023,517 S 3376,8408 5683,81 6629,734 6594,95 5107,4517 8581,976
1,8270001 B 7772,1187 8158,618 10148,911 6260,5894 7616,098 11023,517 S 3376,8408 5683,81 6629,734 6594,95 5107,4517 8581,976
1,8270005 B 7772,1187 8158,618 10148,911 6260,5894 7616,098 11023,517 S 3376,8408 5683,81 6629,734 6594,95 5107,4517 8581,976
1,8296281 B 7772,1187 8158,618 10148,911 6260,5894 7616,098 11023,517 S 3376,8408 5683,81 6629,734 6594,95 5107,4517 8581,976
1,832861 B 7772,1187 8158,618 10148,911 6260,5894 7616,098 11023,517 S 3376,8408 5683,81 6629,734 6594,95 5107,4517 8581,976
1,8320302 B 7772,1187 8158,618 10148,911 6260,5894 7616,098 11023,517 S 3376,8408 5683,81 6629,734 6594,95 5107,4517 8581,976
1,8321531 B 7772,1187 8158,618 10148,911 6260,5894 7616,098 11023,517 S 3376,8408 5683,81 6629,734 6594,95 5107,4517 8581,976
1,8330002 B 7772,1187 8158,618 10148,911 6260,5894 7616,098 11023,517 S 3376,8408 5683,81 6629,734 6594,95 5107,4517 8581,976
1,8330007 B 7772,1187 8158,618 10148,911 6260,5894 7616,098 11023,517 S 3376,8408 5683,81 6629,734 6594,95 5107,4517 8581,976
1,833 B 7772,1187 8158,618 10148,911 6260,5894 7616,098 11023,517 S 3376,8408 5683,81 6629,734 6594,95 5107,4517 8581,976
1,8322482 B 7772,1187 8158,618 10148,911 6260,5894 7616,098 11023,517 S 3376,8408 5683,81 6629,734 6594,95 5107,4517 8581,976
1,8312241 B 7772,1187 8158,618 10148,911 6260,5894 7616,098 11023,517 S 3376,8408 5683,81 6629,734 6594,95 5107,4517 8581,976
1,8309997 B 7772,1187 8158,618 10148,911 6260,5894 7616,098 11023,517 S 3376,8408 5683,81 6629,734 6594,95 5107,4517 8581,976
1,8309997 B 7772,1187 8158,618 10148,911 6260,5894 7616,098 11023,517 S 3376,8408 5683,81 6629,734 6594,95 5107,4517 8581,976
1,8309995 B 7772,1187 8158,618 10148,911 6260,5894 7616,098 11023,517 S 3376,8408 5683,81 6629,734 6594,95 5107,4517 8581,976
1,8310004 B 7772,1187 8158,618 10148,911 6260,5894 7616,098 11023,517 S 3376,8408 5683,81 6629,734 6594,95 5107,4517 8581,976
1,8309997 B 7772,1187 8158,618 10148,911 6260,5894 7616,098 11023,517 S 3376,8408 5683,81 6629,734 6594,95 5107,4517 8581,976
1,8329312 B 7772,1187 8158,618 10148,911 6260,5894 7616,098 11023,517 S 3376,8408 5683,81 6629,734 6594,95 5107,4517 8581,976
1,8330001 B 7772,1187 8158,618 10148,911 6260,5894 7616,098 11023,517 S 3376,8408 5683,81 6629,734 6594,95 5107,4517 8581,976
1,8330002 B 7772,1187 8158,618 10148,911 6260,5894 7616,098 11023,517 S 3376,8408 5683,81 6629,734 6594,95 5107,4517 8581,976
1,8336756 B 7772,1187 8158,618 10148,911 6260,5894 7616,098 11023,517 S 3376,8408 5683,81 6629,734 6594,95 5107,4517 8581,976
1,8349999 B 7772,1187 8158,618 10148,911 6260,5894 7616,098 11023,517 S 3376,8408 5683,81 6629,734 6594,95 5107,4517 8581,976
1,8350002 B 7772,1187 8158,618 10148,911 6260,5894 7616,098 11023,517 S 3376,8408 5683,81 6629,734 6594,95 5107,4517 8581,976
1,8350002 B 7772,1187 8158,618 10148,911 6260,5894 7616,098 11023,517 S 3376,8408 5683,81 6629,734 6594,95 5107,4517 8581,976
1,8350002 B 7772,1187 8158,618 10148,911 6260,5894 7616,098 11023,517 S 3376,8408 5683,81 6629,734 6594,95 5107,4517 8581,976
1,8350004 B 7772,1187 8158,618 10148,911 6260,5894 7616,098 11023,517 S 3376,8408 5683,81 6629,734 6594,95 5107,4517 8581,976
1,8366238 B 7772,1187 8158,618 10148,911 6260,5894 7616,098 11023,517 S 3376,8408 5683,81 6629,734 6594,95 5107,4517 8581,976
1,8369817 B 7772,1187 8158,618 10148,911 6260,5894 7616,098 11023,517 S 3376,8408 5683,81 6629,734 6594,95 5107,4517 8581,976
1,8360002 B 7772,1187 8158,618 10148,911 6260,5894 7616,098 11023,517 S 3376,8408 5683,81 6629,734 6594,95 5107,4517 8581,976
1,8359998 B 7772,1187 8158,618 10148,911 6260,5894 7616,098 11023,517 S 3376,8408 5683,81 6629,734 6594,95 5107,4517 8581,976
1,8360001 B 7772,1187 8158,618 10148,911 6260,5894 7616,098 11023,517 S 3376,8408 5683,81 6629,734 6594,95 5107,4517 8581,976
1,8359997 B 7772,1187 8158,618 10148,911 6260,5894 7616,098 11023,517 S 3376,8408 5683,81 6629,734 6594,95 5107,4517 8581,976
1,8359996 B 7772,1187 8158,618 10148,911 6260,5894 7616,098 11023,517 S 3376,8408 5683,81 6629,734 6594,95 5107,4517 8581,976
1,8359997 B 7772,1187 8158,618 10148,911 6260,5894 7616,098 11023,517 S 3376,8408 5683,81 6629,734 6594,95 5107,4517 8581,976
1,836 B 7772,1187 8158,618 10148,911 6260,5894 7616,098 11023,517 S 3376,8408 5683,81 6629,734 6594,95 5107,4517 8581,976
1,8360003 B 7772,1187 8158,618 10148,911 6260,5894 7616,098 11023,517 S 3376,8408 5683,81 6629,734 6594,95 5107,4517 8581,976
1,8359996 B 7772,1187 8158,618 10148,911 6260,5894 7616,098 11023,517 S 3376,8408 5683,81 6629,734 6594,95 5107,4517 8581,976
1,8360001 B 7772,1187 8158,618 10148,911 6260,5894 7616,098 11023,517 S 3376,8408 5683,81 6629,734 6594,95 5107,4517 8581,976
1,8359997 B 7772,1187 8158,618 10148,911 6260,5894 7616,098 11023,517 S 3376,8408 5683,81 6629,734 6594,95 5107,4517 8581,976
1,8359994 B 7772,1187 8158,618 10148,911 6260,5894 7616,098 11023,517 S 3376,8408 5683,81 6629,734 6594,95 5107,4517 8581,976
1,8357538 B 7772,1187 8158,618 10148,911 6260,5894 7616,098 11023,517 S 3376,8408 5683,81 6629,734 6594,95 5107,4517 8581,976
1,8349996 B 7772,1187 8158,618 10148,911 6260,5894 7616,098 11023,517 S 3376,8408 5683,81 6629,734 6594,95 5107,4517 8581,976
1,8350005 B 7772,1187 8158,618 10148,911 6260,5894 7616,098 11023,517 S 3376,8408 5683,81 6629,734 6594,95 5107,4517 8581,976
1,8349999 B 7772,1187 8158,618 10148,911 6260,5894 7616,098 11023,517 S 3376,8408 5683,81 6629,734 6594,95 5107,4517 8581,976
1,8349998 B 7772,1187 8158,618 10148,911 6260,5894 7616,098 11023,517 S 3376,8408 5683,81 6629,734 6594,95 5107,4517 8581,976
1,8350002 B 7772,1187 8158,618 10148,911 6260,5894 7616,098 11023,517 S 3376,8408 5683,81 6629,734 6594,95 5107,4517 8581,976
1,8350002 B 7772,1187 8158,618 10148,911 6260,5894 7616,098 11023,517 S 3376,8408 5683,81 6629,734 6594,95 5107,4517 8581,976
1,8349998 B 7772,1187 8158,618 10148,911 6260,5894 7616,098 11023,517 S 3376,8408 5683,81 6629,734 6594,95 5107,4517 8581,976
1,8350005 B 7772,1187 8158,618 10148,911 6260,5894 7616,098 11023,517 S 3376,8408 5683,81 6629,734 6594,95 5107,4517 8581,976
1,8347704 B 7772,1187 8158,618 10148,911 6260,5894 7616,098 11023,517 S 3376,8408 5683,81 6629,734 6594,95 5107,4517 8581,976
1,8340001 B 7772,1187 8158,618 10148,911 6260,5894 7616,098 11023,517 S 3376,8408 5683,81 6629,734 6594,95 5107,4517 8581,976
1,8339998 B 7772,1187 8158,618 10148,911 6260,5894 7616,098 11023,517 S 3376,8408 5683,81 6629,734 6594,95 5107,4517 8581,976
1,8340001 B 7772,1187 8158,618 10148,911 6260,5894 7616,098 11023,517 S 3376,8408 5683,81 6629,734 6594,95 5107,4517 8581,976
1,8339994 B 7772,1187 8158,618 10148,911 6260,5894 7616,098 11023,517 S 3376,8408 5683,81 6629,734 6594,95 5107,4517 8581,976
1,8340002 B 7772,1187 8158,618 10148,911 6260,5894 7616,098 11023,517 S 3376,8408 5683,81 6629,734 6594,95 5107,4517 8581,976
1,8340003 B 7772,1187 8158,618 10148,911 6260,5894 7616,098 11023,517 S 3376,8408 5683,81 6629,734 6594,95 5107,4517 8581,976
1,8344369 B 7772,1187 8158,618 10148,911 6260,5894 7616,098 11023,517 S 3376,8408 5683,81 6629,734 6594,95 5107,4517 8581,976
1,8350004 B 7772,1187 8158,618 10148,911 6260,5894 7616,098 11023,517 S 3376,8408 5683,81 6629,734 6594,95 5107,4517 8581,976
1,8349999 B 7772,1187 8158,618 10148,911 6260,5894 7616,098 11023,517 S 3376,8408 5683,81 6629,734 6594,95 5107,4517 8581,976
1,8350005 B 7772,1187 8158,618 10148,911 6260,5894 7616,098 11023,517 S 3376,8408 5683,81 6629,734 6594,95 5107,4517 8581,976
1,8350003 B 7772,1187 8158,618 10148,911 6260,5894 7616,098 11023,517 S 3376,8408 5683,81 6629,734 6594,95 5107,4517 8581,976
1,8349998 B 7772,1187 8158,618 10148,911 6260,5894 7616,098 11023,517 S 3376,8408 5683,81 6629,734 6594,95 5107,4517 8581,976
1,8357335 B 7772,1187 8158,618 10148,911 6260,5894 7616,098 11023,517 S 3376,8408 5683,81 6629,734 6594,95 5107,4517 8581,976
1,8379998 B 7772,1187 8158,618 10148,911 6260,5894 7616,098 11023,517 S 3376,8408 5683,81 6629,734 6594,95 5107,4517 8581,976
1,8380002 B 7772,1187 8158,618 10148,911 6260,5894 7616,098 11023,517 S 3376,8408 5683,81 6629,734 6594,95 5107,4517 8581,976
1,8379998 B 7772,1187 8158,618 10148,911 6260,5894 7616,098 11023,517 S 3376,8408 5683,81 6629,734 6594,95 5107,4517 8581,976
1,8380004 B 7772,1187 8158,618 10148,911 6260,5894 7616,098 11023,517 S 3376,8408 5683,81 6629,734 6594,95 5107,4517 8581,976
1,8380007 B 7772,1187 8158,618 10148,911 6260,5894 7616,098 11023,517 S 3376,8408 5683,81 6629,734 6594,95 5107,4517 8581,976
1,8379997 B 7772,1187 8158,618 10148,911 6260,5894 7616,098 11023,517 S 3376,8408 5683,81 6629,734 6594,95 5107,4517 8581,976
1,8379997 B 7772,1187 8158,618 10148,911 6260,5894 7616,098 11023,517 S 3376,8408 5683,81 6629,734 6594,95 5107,4517 8581,976
1,838 B 7772,1187 8158,618 10148,911 6260,5894 7616,098 11023,517 S 3376,8408 5683,81 6629,734 6594,95 5107,4517 8581,976
1,8364024 B 7772,1187 8158,618 10148,911 6260,5894 7616,098 11023,517 S 3376,8408 5683,81 6629,734 6594,95 5107,4517 8581,976
1,8359997 B 7772,1187 8158,618 10148,911 6260,5894 7616,098 11023,517 S 3376,8408 5683,81 6629,734 6594,95 5107,4517 8581,976
1,836 B 7772,1187 8158,618 10148,911 6260,5894 7616,098 11023,517 S 3376,8408 5683,81 6629,734 6594,95 5107,4517 8581,976
1,837323 B 7772,1187 8158,618 10148,911 6260,5894 7616,098 11023,517 S 3376,8408 5683,81 6629,734 6594,95 5107,4517 8581,976
1,8380004 B 7772,1187 8158,618 10148,911 6260,5894 7616,098 11023,517 S 3376,8408 5683,81 6629,734 6594,95 5107,4517 8581,976
1,8370616 B 7772,1187 8158,618 10148,911 6260,5894 7616,098 11023,517 S 3376,8408 5683,81 6629,734 6594,95 5107,4517 8581,976
1,8370001 B 7772,1187 8158,618 10148,911 6260,5894 7616,098 11023,517 S 3376,8408 5683,81 6629,734 6594,95 5107,4517 8581,976
1,8370001 B 7772,1187 8158,618 10148,911 6260,5894 7616,098 11023,517 S 3376,8408 5683,81 6629,734 6594,95 5107,4517 8581,976
1,8369999 B 7772,1187 8158,618 10148,911 6260,5894 7616,098 11023,517 S 3376,8408 5683,81 6629,734 6594,95 5107,4517 8581,976
1,8370006 B 7772,1187 8158,618 10148,911 6260,5894 7616,098 11023,517 S 3376,8408 5683,81 6629,734 6594,95 5107,4517 8581,976
1,837 B 7772,1187 8158,618 10148,911 6260,5894 7616,098 11023,517 S 3376,8408 5683,81 6629,734 6594,95 5107,4517 8581,976
1,8369995 B 7772,1187 8158,618 10148,911 6260,5894 7616,098 11023,517 S 3376,8408 5683,81 6629,734 6594,95 5107,4517 8581,976
1,8370001 B 7772,1187 8158,618 10148,911 6260,5894 7616,098 11023,517 S 3376,8408 5683,81 6629,734 6594,95 5107,4517 8581,976
1,8393387 B 7772,1187 8158,618 10148,911 6260,5894 7616,098 11023,517 S 3376,8408 5683,81 6629,734 6594,95 5107,4517 8581,976
1,8419997 B 7772,1187 8158,618 10148,911 6260,5894 7616,098 11023,517 S 3376,8408 5683,81 6629,734 6594,95 5107,4517 8581,976
1,8413424 B 7772,1187 8158,618 10148,911 6260,5894 7616,098 11023,517 S 3376,8408 5683,81 6629,734 6594,95 5107,4517 8581,976
1,8409998 B 7772,1187 8158,618 10148,911 6260,5894 7616,098 11023,517 S 3376,8408 5683,81 6629,734 6594,95 5107,4517 8581,976
1,8410003 B 7772,1187 8158,618 10148,911 6260,5894 7616,098 11023,517 S 3376,8408 5683,81 6629,734 6594,95 5107,4517 8581,976
1,8410004 B 7772,1187 8158,618 10148,911 6260,5894 7616,098 11023,517 S 3376,8408 5683,81 6629,734 6594,95 5107,4517 8581,976
1,8415093 B 7772,1187 8158,618 10148,911 6260,5894 7616,098 11023,517 S 3376,8408 5683,81 6629,734 6594,95 5107,4517 8581,976
1,843 B 7772,1187 8158,618 10148,911 6260,5894 7616,098 11023,517 S 3376,8408 5683,81 6629,734 6594,95 5107,4517 8581,976
1,8430003 B 7772,1187 8158,618 10148,911 6260,5894 7616,098 11023,517 S 3376,8408 5683,81 6629,734 6594,95 5107,4517 8581,976
1,8424265 B 7772,1187 8158,618 10148,911 6260,5894 7616,098 11023,517 S 3376,8408 5683,81 6629,734 6594,95 5107,4517 8581,976
1,8420035 B 7772,1187 8158,618 10148,911 6260,5894 7616,098 11023,517 S 3376,8408 5683,81 6629,734 6594,95 5107,4517 8581,976
1,843 B 7772,1187 8158,618 10148,911 6260,5894 7616,098 11023,517 S 3376,8408 5683,81 6629,734 6594,95 5107,4517 8581,976
1,8428322 B 7772,1187 8158,618 10148,911 6260,5894 7616,098 11023,517 S 3376,8408 5683,81 6629,734 6594,95 5107,4517 8581,976
1,84263 B 7772,1187 8158,618 10148,911 6260,5894 7616,098 11023,517 S 3376,8408 5683,81 6629,734 6594,95 5107,4517 8581,976
1,843 B 7772,1187 8158,618 10148,911 6260,5894 7616,098 11023,517 S 3376,8408 5683,81 6629,734 6594,95 5107,4517 8581,976
1,8429996 B 7772,1187 8158,618 10148,911 6260,5894 7616,098 11023,517 S 3376,8408 5683,81 6629,734 6594,95 5107,4517 8581,976
1,843 B 7772,1187 8158,618 10148,911 6260,5894 7616,098 11023,517 S 3376,8408 5683,81 6629,734 6594,95 5107,4517 8581,976
1,8430003 B 7772,1187 8158,618 10148,911 6260,5894 7616,098 11023,517 S 3376,8408 5683,81 6629,734 6594,95 5107,4517 8581,976
1,843 B 7772,1187 8158,618 10148,911 6260,5894 7616,098 11023,517 S 3376,8408 5683,81 6629,734 6594,95 5107,4517 8581,976
1,8429999 B 7772,1187 8158,618 10148,911 6260,5894 7616,098 11023,517 S 3376,8408 5683,81 6629,734 6594,95 5107,4517 8581,976
1,8427049 B 7772,1187 8158,618 10148,911 6260,5894 7616,098 11023,517 S 3376,8408 5683,81 6629,734 6594,95 5107,4517 8581,976
1,8420001 B 7772,1187 8158,618 10148,911 6260,5894 7616,098 11023,517 S 3376,8408 5683,81 6629,734 6594,95 5107,4517 8581,976
1,8432465 B 7772,1187 8158,618 10148,911 6260,5894 7616,098 11023,517 S 3376,8408 5683,81 6629,734 6594,95 5107,4517 8581,976
1,8440002 B 7772,1187 8158,618 10148,911 6260,5894 7616,098 11023,517 S 3376,8408 5683,81 6629,734 6594,95 5107,4517 8581,976
1,8433672 B 7772,1187 8158,618 10148,911 6260,5894 7616,098 11023,517 S 3376,8408 5683,81 6629,734 6594,95 5107,4517 8581,976
1,8430002 B 7772,1187 8158,618 10148,911 6260,5894 7616,098 11023,517 S 3376,8408 5683,81 6629,734 6594,95 5107,4517 8581,976
1,8421962 B 7772,1187 8158,618 10148,911 6260,5894 7616,098 11023,517 S 3376,8408 5683,81 6629,734 6594,95 5107,4517 8581,976
1,8425655 B 7772,1187 8158,618 10148,911 6260,5894 7616,098 11023,517 S 3376,8408 5683,81 6629,734 6594,95 5107,4517 8581,976
1,843 B 7772,1187 8158,618 10148,911 6260,5894 7616,098 11023,517 S 3376,8408 5683,81 6629,734 6594,95 5107,4517 8581,976
1,8430004 B 7772,1187 8158,618 10148,911 6260,5894 7616,098 11023,517 S 3376,8408 5683,81 6629,734 6594,95 5107,4517 8581,976
1,8430004 B 7772,1187 8158,618 10148,911 6260,5894 7616,098 11023,517 S 3376,8408 5683,81 6629,734 6594,95 5107,4517 8581,976
1,8429993 B 7772,1187 8158,618 10148,911 6260,5894 7616,098 11023,517 S 3376,8408 5683,81 6629,734 6594,95 5107,4517 8581,976
1,8430002 B 7772,1187 8158,618 10148,911 6260,5894 7616,098 11023,517 S 3376,8408 5683,81 6629,734 6594,95 5107,4517 8581,976
1,8426563 B 7772,1187 8158,618 10148,911 6260,5894 7616,098 11023,517 S 3376,8408 5683,81 6629,734 6594,95 5107,4517 8581,976
1,8430004 B 7772,1187 8158,618 10148,911 6260,5894 7616,098 11023,517 S 3376,8408 5683,81 6629,734 6594,95 5107,4517 8581,976
1,8430004 B 7772,1187 8158,618 10148,911 6260,5894 7616,098 11023,517 S 3376,8408 5683,81 6629,734 6594,95 5107,4517 8581,976
1,8429997 B 7772,1187 8158,618 10148,911 6260,5894 7616,098 11023,517 S 3376,8408 5683,81 6629,734 6594,95 5107,4517 8581,976
1,8429008 B 7772,1187 8158,618 10148,911 6260,5894 7616,098 11023,517 S 3376,8408 5683,81 6629,734 6594,95 5107,4517 8581,976
1,841687 B 7772,1187 8158,618 10148,911 6260,5894 7616,098 11023,517 S 3376,8408 5683,81 6629,734 6594,95 5107,4517 8581,976
1,8400003 B 7772,1187 8158,618 10148,911 6260,5894 7616,098 11023,517 S 3376,8408 5683,81 6629,734 6594,95 5107,4517 8581,976
1,8391545 B 7772,1187 8158,618 10148,911 6260,5894 7616,098 11023,517 S 3376,8408 5683,81 6629,734 6594,95 5107,4517 8581,976
1,8386918 B 7772,1187 8158,618 10148,911 6260,5894 7616,098 11023,517 S 3376,8408 5683,81 6629,734 6594,95 5107,4517 8581,976
1,838 B 7772,1187 8158,618 10148,911 6260,5894 7616,098 11023,517 S 3376,8408 5683,81 6629,734 6594,95 5107,4517 8581,976
1,8387185 B 7772,1187 8158,618 10148,911 6260,5894 7616,098 11023,517 S 3376,8408 5683,81 6629,734 6594,95 5107,4517 8581,976
1,838 B 7772,1187 8158,618 10148,911 6260,5894 7616,098 11023,517 S 3376,8408 5683,81 6629,734 6594,95 5107,4517 8581,976
1,8379999 B 7772,1187 8158,618 10148,911 6260,5894 7616,098 11023,517 S 3376,8408 5683,81 6629,734 6594,95 5107,4517 8581,976
1,8379999 B 7772,1187 8158,618 10148,911 6260,5894 7616,098 11023,517 S 3376,8408 5683,81 6629,734 6594,95 5107,4517 8581,976
1,838 B 7772,1187 8158,618 10148,911 6260,5894 7616,098 11023,517 S 3376,8408 5683,81 6629,734 6594,95 5107,4517 8581,976
1,8380009 B 7772,1187 8158,618 10148,911 6260,5894 7616,098 11023,517 S 3376,8408 5683,81 6629,734 6594,95 5107,4517 8581,976
1,8380007 B 7772,1187 8158,618 10148,911 6260,5894 7616,098 11023,517 S 3376,8408 5683,81 6629,734 6594,95 5107,4517 8581,976
1,8379996 B 7772,1187 8158,618 10148,911 6260,5894 7616,098 11023,517 S 3376,8408 5683,81 6629,734 6594,95 5107,4517 8581,976
1,838 B 7772,1187 8158,618 10148,911 6260,5894 7616,098 11023,517 S 3376,8408 5683,81 6629,734 6594,95 5107,4517 8581,976
1,8379998 B 7772,1187 8158,618 10148,911 6260,5894 7616,098 11023,517 S 3376,8408 5683,81 6629,734 6594,95 5107,4517 8581,976
1,8379997 B 7772,1187 8158,618 10148,911 6260,5894 7616,098 11023,517 S 3376,8408 5683,81 6629,734 6594,95 5107,4517 8581,976
1,8379996 B 7772,1187 8158,618 10148,911 6260,5894 7616,098 11023,517 S 3376,8408 5683,81 6629,734 6594,95 5107,4517 8581,976
1,8380005 B 7772,1187 8158,618 10148,911 6260,5894 7616,098 11023,517 S 3376,8408 5683,81 6629,734 6594,95 5107,4517 8581,976
1,8379998 B 7772,1187 8158,618 10148,911 6260,5894 7616,098 11023,517 S 3376,8408 5683,81 6629,734 6594,95 5107,4517 8581,976
1,8377067 B 7772,1187 8158,618 10148,911 6260,5894 7616,098 11023,517 S 3376,8408 5683,81 6629,734 6594,95 5107,4517 8581,976
1,8370004 B 7772,1187 8158,618 10148,911 6260,5894 7616,098 11023,517 S 3376,8408 5683,81 6629,734 6594,95 5107,4517 8581,976
1,8364792 B 7772,1187 8158,618 10148,911 6260,5894 7616,098 11023,517 S 3376,8408 5683,81 6629,734 6594,95 5107,4517 8581,976
1,8359998 B 7772,1187 8158,618 10148,911 6260,5894 7616,098 11023,517 S 3376,8408 5683,81 6629,734 6594,95 5107,4517 8581,976
1,836 B 7772,1187 8158,618 10148,911 6260,5894 7616,098 11023,517 S 3376,8408 5683,81 6629,734 6594,95 5107,4517 8581,976
1,8359998 B 7772,1187 8158,618 10148,911 6260,5894 7616,098 11023,517 S 3376,8408 5683,81 6629,734 6594,95 5107,4517 8581,976
1,8360002 B 7772,1187 8158,618 10148,911 6260,5894 7616,098 11023,517 S 3376,8408 5683,81 6629,734 6594,95 5107,4517 8581,976
1,8359993 B 7772,1187 8158,618 10148,911 6260,5894 7616,098 11023,517 S 3376,8408 5683,81 6629,734 6594,95 5107,4517 8581,976
1,8360002 B 7772,1187 8158,618 10148,911 6260,5894 7616,098 11023,517 S 3376,8408 5683,81 6629,734 6594,95 5107,4517 8581,976
1,8360002 B 7772,1187 8158,618 10148,911 6260,5894 7616,098 11023,517 S 3376,8408 5683,81 6629,734 6594,95 5107,4517 8581,976
1,8360003 B 7772,1187 8158,618 10148,911 6260,5894 7616,098 11023,517 S 3376,8408 5683,81 6629,734 6594,95 5107,4517 8581,976
1,8355083 B 7772,1187 8158,618 10148,911 6260,5894 7616,098 11023,517 S 3376,8408 5683,81 6629,734 6594,95 5107,4517 8581,976
1,8349998 B 7772,1187 8158,618 10148,911 6260,5894 7616,098 11023,517 S 3376,8408 5683,81 6629,734 6594,95 5107,4517 8581,976
1,8350002 B 7772,1187 8158,618 10148,911 6260,5894 7616,098 11023,517 S 3376,8408 5683,81 6629,734 6594,95 5107,4517 8581,976
1,835362 B 7772,1187 8158,618 10148,911 6260,5894 7616,098 11023,517 S 3376,8408 5683,81 6629,734 6594,95 5107,4517 8581,976
1,8360003 B 7772,1187 8158,618 10148,911 6260,5894 7616,098 11023,517 S 3376,8408 5683,81 6629,734 6594,95 5107,4517 8581,976
1,8350755 B 7772,1187 8158,618 10148,911 6260,5894 7616,098 11023,517 S 3376,8408 5683,81 6629,734 6594,95 5107,4517 8581,976
1,8340001 B 7772,1187 8158,618 10148,911 6260,5894 7616,098 11023,517 S 3376,8408 5683,81 6629,734 6594,95 5107,4517 8581,976
1,8339998 B 7772,1187 8158,618 10148,911 6260,5894 7616,098 11023,517 S 3376,8408 5683,81 6629,734 6594,95 5107,4517 8581,976
1,8339998 B 7772,1187 8158,618 10148,911 6260,5894 7616,098 11023,517 S 3376,8408 5683,81 6629,734 6594,95 5107,4517 8581,976
1,8339999 B 7772,1187 8158,618 10148,911 6260,5894 7616,098 11023,517 S 3376,8408 5683,81 6629,734 6594,95 5107,4517 8581,976
1,8340001 B 7772,1187 8158,618 10148,911 6260,5894 7616,098 11023,517 S 3376,8408 5683,81 6629,734 6594,95 5107,4517 8581,976
1,8339996 B 7772,1187 8158,618 10148,911 6260,5894 7616,098 11023,517 S 3376,8408 5683,81 6629,734 6594,95 5107,4517 8581,976
1,8339995 B 7772,1187 8158,618 10148,911 6260,5894 7616,098 11023,517 S 3376,8408 5683,81 6629,734 6594,95 5107,4517 8581,976
1,8339998 B 7772,1187 8158,618 10148,911 6260,5894 7616,098 11023,517 S 3376,8408 5683,81 6629,734 6594,95 5107,4517 8581,976
1,8340002 B 7772,1187 8158,618 10148,911 6260,5894 7616,098 11023,517 S 3376,8408 5683,81 6629,734 6594,95 5107,4517 8581,976
1,8340377 B 7772,1187 8158,618 10148,911 6260,5894 7616,098 11023,517 S 3376,8408 5683,81 6629,734 6594,95 5107,4517 8581,976
1,836 B 7772,1187 8158,618 10148,911 6260,5894 7616,098 11023,517 S 3376,8408 5683,81 6629,734 6594,95 5107,4517 8581,976
1,8360003 B 7772,1187 8158,618 10148,911 6260,5894 7616,098 11023,517 S 3376,8408 5683,81 6629,734 6594,95 5107,4517 8581,976
1,8360004 B 7772,1187 8158,618 10148,911 6260,5894 7616,098 11023,517 S 3376,8408 5683,81 6629,734 6594,95 5107,4517 8581,976
1,8360001 B 7772,1187 8158,618 10148,911 6260,5894 7616,098 11023,517 S 3376,8408 5683,81 6629,734 6594,95 5107,4517 8581,976
1,8396262 B 7772,1187 8158,618 10148,911 6260,5894 7616,098 11023,517 S 3376,8408 5683,81 6629,734 6594,95 5107,4517 8581,976
1,8429714 B 7772,1187 8158,618 10148,911 6260,5894 7616,098 11023,517 S 3376,8408 5683,81 6629,734 6594,95 5107,4517 8581,976
1,8430005 B 7772,1187 8158,618 10148,911 6260,5894 7616,098 11023,517 S 3376,8408 5683,81 6629,734 6594,95 5107,4517 8581,976
1,8422998 B 7772,1187 8158,618 10148,911 6260,5894 7616,098 11023,517 S 3376,8408 5683,81 6629,734 6594,95 5107,4517 8581,976
1,8418659 B 7772,1187 8158,618 10148,911 6260,5894 7616,098 11023,517 S 3376,8408 5683,81 6629,734 6594,95 5107,4517 8581,976
1,8402241 B 7772,1187 8158,618 10148,911 6260,5894 7616,098 11023,517 S 3376,8408 5683,81 6629,734 6594,95 5107,4517 8581,976
1,8400005 B 7772,1187 8158,618 10148,911 6260,5894 7616,098 11023,517 S 3376,8408 5683,81 6629,734 6594,95 5107,4517 8581,976
1,8403058 B 7772,1187 8158,618 10148,911 6260,5894 7616,098 11023,517 S 3376,8408 5683,81 6629,734 6594,95 5107,4517 8581,976
1,8409996 B 7772,1187 8158,618 10148,911 6260,5894 7616,098 11023,517 S 3376,8408 5683,81 6629,734 6594,95 5107,4517 8581,976
1,8409996 B 7772,1187 8158,618 10148,911 6260,5894 7616,098 11023,517 S 3376,8408 5683,81 6629,734 6594,95 5107,4517 8581,976
1,8409997 B 7772,1187 8158,618 10148,911 6260,5894 7616,098 11023,517 S 3376,8408 5683,81 6629,734 6594,95 5107,4517 8581,976
1,8409998 B 7772,1187 8158,618 10148,911 6260,5894 7616,098 11023,517 S 3376,8408 5683,81 6629,734 6594,95 5107,4517 8581,976
1,841 B 7772,1187 8158,618 10148,911 6260,5894 7616,098 11023,517 S 3376,8408 5683,81 6629,734 6594,95 5107,4517 8581,976
1,8409994 B 7772,1187 8158,618 10148,911 6260,5894 7616,098 11023,517 S 3376,8408 5683,81 6629,734 6594,95 5107,4517 8581,976
1,8414372 B 7772,1187 8158,618 10148,911 6260,5894 7616,098 11023,517 S 3376,8408 5683,81 6629,734 6594,95 5107,4517 8581,976
1,8420002 B 7772,1187 8158,618 10148,911 6260,5894 7616,098 11023,517 S 3376,8408 5683,81 6629,734 6594,95 5107,4517 8581,976
1,8425758 B 7772,1187 8158,618 10148,911 6260,5894 7616,098 11023,517 S 3376,8408 5683,81 6629,734 6594,95 5107,4517 8581,976
1,845781 B 7772,1187 8158,618 10148,911 6260,5894 7616,098 11023,517 S 3376,8408 5683,81 6629,734 6594,95 5107,4517 8581,976
1,8453816 B 7772,1187 8158,618 10148,911 6260,5894 7616,098 11023,517 S 3376,8408 5683,81 6629,734 6594,95 5107,4517 8581,976
1,8449996 B 7772,1187 8158,618 10148,911 6260,5894 7616,098 11023,517 S 3376,8408 5683,81 6629,734 6594,95 5107,4517 8581,976
1,8443147 B 7772,1187 8158,618 10148,911 6260,5894 7616,098 11023,517 S 3376,8408 5683,81 6629,734 6594,95 5107,4517 8581,976
1,8429509 B 7772,1187 8158,618 10148,911 6260,5894 7616,098 11023,517 S 3376,8408 5683,81 6629,734 6594,95 5107,4517 8581,976
1,8429997 B 7772,1187 8158,618 10148,911 6260,5894 7616,098 11023,517 S 3376,8408 5683,81 6629,734 6594,95 5107,4517 8581,976
1,8430003 B 7772,1187 8158,618 10148,911 6260,5894 7616,098 11023,517 S 3376,8408 5683,81 6629,734 6594,95 5107,4517 8581,976
1,8435246 B 7772,1187 8158,618 10148,911 6260,5894 7616,098 11023,517 S 3376,8408 5683,81 6629,734 6594,95 5107,4517 8581,976
1,8441652 B 7772,1187 8158,618 10148,911 6260,5894 7616,098 11023,517 S 3376,8408 5683,81 6629,734 6594,95 5107,4517 8581,976
1,8450005 B 7772,1187 8158,618 10148,911 6260,5894 7616,098 11023,517 S 3376,8408 5683,81 6629,734 6594,95 5107,4517 8581,976
1,8453315 B 7772,1187 8158,618 10148,911 6260,5894 7616,098 11023,517 S 3376,8408 5683,81 6629,734 6594,95 5107,4517 8581,976
1,8480003 B 7772,1187 8158,618 10148,911 6260,5894 7616,098 11023,517 S 3376,8408 5683,81 6629,734 6594,95 5107,4517 8581,976
1,8480008 B 7772,1187 8158,618 10148,911 6260,5894 7616,098 11023,517 S 3376,8408 5683,81 6629,734 6594,95 5107,4517 8581,976
1,8480002 B 7772,1187 8158,618 10148,911 6260,5894 7616,098 11023,517 S 3376,8408 5683,81 6629,734 6594,95 5107,4517 8581,976
1,8480004 B 7772,1187 8158,618 10148,911 6260,5894 7616,098 11023,517 S 3376,8408 5683,81 6629,734 6594,95 5107,4517 8581,976
1,8479902 B 7772,1187 8158,618 10148,911 6260,5894 7616,098 11023,517 S 3376,8408 5683,81 6629,734 6594,95 5107,4517 8581,976
1,8460004 B 7772,1187 8158,618 10148,911 6260,5894 7616,098 11023,517 S 3376,8408 5683,81 6629,734 6594,95 5107,4517 8581,976
1,8460006 B 7772,1187 8158,618 10148,911 6260,5894 7616,098 11023,517 S 3376,8408 5683,81 6629,734 6594,95 5107,4517 8581,976
1,8459995 B 7772,1187 8158,618 10148,911 6260,5894 7616,098 11023,517 S 3376,8408 5683,81 6629,734 6594,95 5107,4517 8581,976
1,8470187 B 7772,1187 8158,618 10148,911 6260,5894 7616,098 11023,517 S 3376,8408 5683,81 6629,734 6594,95 5107,4517 8581,976
1,848 B 7772,1187 8158,618 10148,911 6260,5894 7616,098 11023,517 S 3376,8408 5683,81 6629,734 6594,95 5107,4517 8581,976
1,8480004 B 7772,1187 8158,618 10148,911 6260,5894 7616,098 11023,517 S 3376,8408 5683,81 6629,734 6594,95 5107,4517 8581,976
1,8478833 B 7772,1187 8158,618 10148,911 6260,5894 7616,098 11023,517 S 3376,8408 5683,81 6629,734 6594,95 5107,4517 8581,976
1,8445954 B 7772,1187 8158,618 10148,911 6260,5894 7616,098 11023,517 S 3376,8408 5683,81 6629,734 6594,95 5107,4517 8581,976
1,8439997 B 7772,1187 8158,618 10148,911 6260,5894 7616,098 11023,517 S 3376,8408 5683,81 6629,734 6594,95 5107,4517 8581,976
1,8439999 B 7772,1187 8158,618 10148,911 6260,5894 7616,098 11023,517 S 3376,8408 5683,81 6629,734 6594,95 5107,4517 8581,976
1,845283 B 7772,1187 8158,618 10148,911 6260,5894 7616,098 11023,517 S 3376,8408 5683,81 6629,734 6594,95 5107,4517 8581,976
1,846 B 7772,1187 8158,618 10148,911 6260,5894 7616,098 11023,517 S 3376,8408 5683,81 6629,734 6594,95 5107,4517 8581,976
1,8460003 B 7772,1187 8158,618 10148,911 6260,5894 7616,098 11023,517 S 3376,8408 5683,81 6629,734 6594,95 5107,4517 8581,976
1,8460001 B 7772,1187 8158,618 10148,911 6260,5894 7616,098 11023,517 S 3376,8408 5683,81 6629,734 6594,95 5107,4517 8581,976
1,8462679 B 7772,1187 8158,618 10148,911 6260,5894 7616,098 11023,517 S 3376,8408 5683,81 6629,734 6594,95 5107,4517 8581,976
1,8480006 B 7772,1187 8158,618 10148,911 6260,5894 7616,098 11023,517 S 3376,8408 5683,81 6629,734 6594,95 5107,4517 8581,976
1,8489999 B 7772,1187 8158,618 10148,911 6260,5894 7616,098 11023,517 S 3376,8408 5683,81 6629,734 6594,95 5107,4517 8581,976
1,8483579 B 7772,1187 8158,618 10148,911 6260,5894 7616,098 11023,517 S 3376,8408 5683,81 6629,734 6594,95 5107,4517 8581,976
1,848 B 7772,1187 8158,618 10148,911 6260,5894 7616,098 11023,517 S 3376,8408 5683,81 6629,734 6594,95 5107,4517 8581,976
1,8479995 B 7772,1187 8158,618 10148,911 6260,5894 7616,098 11023,517 S 3376,8408 5683,81 6629,734 6594,95 5107,4517 8581,976
1,8480003 B 7772,1187 8158,618 10148,911 6260,5894 7616,098 11023,517 S 3376,8408 5683,81 6629,734 6594,95 5107,4517 8581,976
1,8487413 B 7772,1187 8158,618 10148,911 6260,5894 7616,098 11023,517 S 3376,8408 5683,81 6629,734 6594,95 5107,4517 8581,976
