1,8113382
1,8080001 B 1095,4171 5874,1875 16026,538 4261,021 8251,307 8238,087 S 5131,9937 6939,539 5615,7217 12724,439 4361,963 6565,0215
1,8080001 B 1095,4171 5874,1875 16026,538 4261,021 8251,307 8238,087 S 5131,9937 6939,539 5615,7217 12724,439 4361,963 6565,0215
1,8079994 B 1095,4171 5874,1875 16026,538 4261,021 8251,307 8238,087 S 5131,9937 6939,539 5615,7217 12724,439 4361,963 6565,0215
1,8079998 B 1095,4171 5874,1875 16026,538 4261,021 8251,307 8238,087 S 5131,9937 6939,539 5615,7217 12724,439 4361,963 6565,0215
1,8079997 B 1095,4171 5874,1875 16026,538 4261,021 8251,307 8238,087 S 5131,9937 6939,539 5615,7217 12724,439 4361,963 6565,0215
1,8080001 B 1095,4171 5874,1875 16026,538 4261,021 8251,307 8238,087 S 5131,9937 6939,539 5615,7217 12724,439 4361,963 6565,0215
1,8080001 B 1095,4171 5874,1875 16026,538 4261,021 8251,307 8238,087 S 5131,9937 6939,539 5615,7217 12724,439 4361,963 6565,0215
1,8080001 B 1095,4171 5874,1875 16026,538 4261,021 8251,307 8238,087 S 5131,9937 6939,539 5615,7217 12724,439 4361,963 6565,0215
1,8079993 B 1095,4171 5874,1875 16026,538 4261,021 8251,307 8238,087 S 5131,9937 6939,539 5615,7217 12724,439 4361,963 6565,0215
1,8080003 B 1095,4171 5874,1875 16026,538 4261,021 8251,307 8238,087 S 5131,9937 6939,539 5615,7217 12724,439 4361,963 6565,0215
1,808 B 1095,4171 5874,1875 16026,538 4261,021 8251,307 8238,087 S 5131,9937 6939,539 5615,7217 12724,439 4361,963 6565,0215
1,8080001 B 1095,4171 5874,1875 16026,538 4261,021 8251,307 8238,087 S 5131,9937 6939,539 5615,7217 12724,439 4361,963 6565,0215
1,8080003 B 1095,4171 5874,1875 16026,538 4261,021 8251,307 8238,087 S 5131,9937 6939,539 5615,7217 12724,439 4361,963 6565,0215
1,8080002 B 1095,4171 5874,1875 16026,538 4261,021 8251,307 8238,087 S 5131,9937 6939,539 5615,7217 12724,439 4361,963 6565,0215
1,8079995 B 1095,4171 5874,1875 16026,538 4261,021 8251,307 8238,087 S 5131,9937 6939,539 5615,7217 12724,439 4361,963 6565,0215
1,8080004 B 1095,4171 5874,1875 16026,538 4261,021 8251,307 8238,087 S 5131,9937 6939,539 5615,7217 12724,439 4361,963 6565,0215
1,808 B 1095,4171 5874,1875 16026,538 4261,021 8251,307 8238,087 S 5131,9937 6939,539 5615,7217 12724,439 4361,963 6565,0215
1,8080001 B 1095,4171 5874,1875 16026,538 4261,021 8251,307 8238,087 S 5131,9937 6939,539 5615,7217 12724,439 4361,963 6565,0215
1,8079997 B 1095,4171 5874,1875 16026,538 4261,021 8251,307 8238,087 S 5131,9937 6939,539 5615,7217 12724,439 4361,963 6565,0215
1,8080006 B 1095,4171 5874,1875 16026,538 4261,021 8251,307 8238,087 S 5131,9937 6939,539 5615,7217 12724,439 4361,963 6565,0215
1,8088851 B 1095,4171 5874,1875 16026,538 4261,021 8251,307 8238,087 S 5131,9937 6939,539 5615,7217 12724,439 4361,963 6565,0215
1,8090006 B 1095,4171 5874,1875 16026,538 4261,021 8251,307 8238,087 S 5131,9937 6939,539 5615,7217 12724,439 4361,963 6565,0215
1,8094945 B 1095,4171 5874,1875 16026,538 4261,021 8251,307 8238,087 S 5131,9937 6939,539 5615,7217 12724,439 4361,963 6565,0215
1,81 B 1095,4171 5874,1875 16026,538 4261,021 8251,307 8238,087 S 5131,9937 6939,539 5615,7217 12724,439 4361,963 6565,0215
1,8100005 B 1095,4171 5874,1875 16026,538 4261,021 8251,307 8238,087 S 5131,9937 6939,539 5615,7217 12724,439 4361,963 6565,0215
1,8099995 B 1095,4171 5874,1875 16026,538 4261,021 8251,307 8238,087 S 5131,9937 6939,539 5615,7217 12724,439 4361,963 6565,0215
1,8099997 B 1095,4171 5874,1875 16026,538 4261,021 8251,307 8238,087 S 5131,9937 6939,539 5615,7217 12724,439 4361,963 6565,0215
1,8099997 B 1095,4171 5874,1875 16026,538 4261,021 8251,307 8238,087 S 5131,9937 6939,539 5615,7217 12724,439 4361,963 6565,0215
1,8099998 B 1095,4171 5874,1875 16026,538 4261,021 8251,307 8238,087 S 5131,9937 6939,539 5615,7217 12724,439 4361,963 6565,0215
1,8100001 B 1095,4171 5874,1875 16026,538 4261,021 8251,307 8238,087 S 5131,9937 6939,539 5615,7217 12724,439 4361,963 6565,0215
1,8102342 B 1095,4171 5874,1875 16026,538 4261,021 8251,307 8238,087 S 5131,9937 6939,539 5615,7217 12724,439 4361,963 6565,0215
1,8109998 B 1095,4171 5874,1875 16026,538 4261,021 8251,307 8238,087 S 5131,9937 6939,539 5615,7217 12724,439 4361,963 6565,0215
1,8110006 B 1095,4171 5874,1875 16026,538 4261,021 8251,307 8238,087 S 5131,9937 6939,539 5615,7217 12724,439 4361,963 6565,0215
1,8110001 B 1095,4171 5874,1875 16026,538 4261,021 8251,307 8238,087 S 5131,9937 6939,539 5615,7217 12724,439 4361,963 6565,0215
1,8110005 B 1095,4171 5874,1875 16026,538 4261,021 8251,307 8238,087 S 5131,9937 6939,539 5615,7217 12724,439 4361,963 6565,0215
1,8110003 B 1095,4171 5874,1875 16026,538 4261,021 8251,307 8238,087 S 5131,9937 6939,539 5615,7217 12724,439 4361,963 6565,0215
1,8110006 B 1095,4171 5874,1875 16026,538 4261,021 8251,307 8238,087 S 5131,9937 6939,539 5615,7217 12724,439 4361,963 6565,0215
1,811 B 1095,4171 5874,1875 16026,538 4261,021 8251,307 8238,087 S 5131,9937 6939,539 5615,7217 12724,439 4361,963 6565,0215
1,8110003 B 1095,4171 5874,1875 16026,538 4261,021 8251,307 8238,087 S 5131,9937 6939,539 5615,7217 12724,439 4361,963 6565,0215
1,811 B 1095,4171 5874,1875 16026,538 4261,021 8251,307 8238,087 S 5131,9937 6939,539 5615,7217 12724,439 4361,963 6565,0215
1,8110306 B 1095,4171 5874,1875 16026,538 4261,021 8251,307 8238,087 S 5131,9937 6939,539 5615,7217 12724,439 4361,963 6565,0215
1,8120002 B 1095,4171 5874,1875 16026,538 4261,021 8251,307 8238,087 S 5131,9937 6939,539 5615,7217 12724,439 4361,963 6565,0215
1,8119996 B 1095,4171 5874,1875 16026,538 4261,021 8251,307 8238,087 S 5131,9937 6939,539 5615,7217 12724,439 4361,963 6565,0215
1,8120002 B 1095,4171 5874,1875 16026,538 4261,021 8251,307 8238,087 S 5131,9937 6939,539 5615,7217 12724,439 4361,963 6565,0215
1,8119998 B 1095,4171 5874,1875 16026,538 4261,021 8251,307 8238,087 S 5131,9937 6939,539 5615,7217 12724,439 4361,963 6565,0215
1,8120002 B 1095,4171 5874,1875 16026,538 4261,021 8251,307 8238,087 S 5131,9937 6939,539 5615,7217 12724,439 4361,963 6565,0215
1,8119997 B 1095,4171 5874,1875 16026,538 4261,021 8251,307 8238,087 S 5131,9937 6939,539 5615,7217 12724,439 4361,963 6565,0215
1,8119998 B 1095,4171 5874,1875 16026,538 4261,021 8251,307 8238,087 S 5131,9937 6939,539 5615,7217 12724,439 4361,963 6565,0215
1,8120002 B 1095,4171 5874,1875 16026,538 4261,021 8251,307 8238,087 S 5131,9937 6939,539 5615,7217 12724,439 4361,963 6565,0215
1,8139621 B 1095,4171 5874,1875 16026,538 4261,021 8251,307 8238,087 S 5131,9937 6939,539 5615,7217 12724,439 4361,963 6565,0215
1,8139999 B 1095,4171 5874,1875 16026,538 4261,021 8251,307 8238,087 S 5131,9937 6939,539 5615,7217 12724,439 4361,963 6565,0215
1,8146303 B 1095,4171 5874,1875 16026,538 4261,021 8251,307 8238,087 S 5131,9937 6939,539 5615,7217 12724,439 4361,963 6565,0215
1,815 B 1095,4171 5874,1875 16026,538 4261,021 8251,307 8238,087 S 5131,9937 6939,539 5615,7217 12724,439 4361,963 6565,0215
1,8150005 B 1095,4171 5874,1875 16026,538 4261,021 8251,307 8238,087 S 5131,9937 6939,539 5615,7217 12724,439 4361,963 6565,0215
1,815 B 1095,4171 5874,1875 16026,538 4261,021 8251,307 8238,087 S 5131,9937 6939,539 5615,7217 12724,439 4361,963 6565,0215
1,8149998 B 1095,4171 5874,1875 16026,538 4261,021 8251,307 8238,087 S 5131,9937 6939,539 5615,7217 12724,439 4361,963 6565,0215
1,8149999 B 1095,4171 5874,1875 16026,538 4261,021 8251,307 8238,087 S 5131,9937 6939,539 5615,7217 12724,439 4361,963 6565,0215
1,8150004 B 1095,4171 5874,1875 16026,538 4261,021 8251,307 8238,087 S 5131,9937 6939,539 5615,7217 12724,439 4361,963 6565,0215
1,815 B 1095,4171 5874,1875 16026,538 4261,021 8251,307 8238,087 S 5131,9937 6939,539 5615,7217 12724,439 4361,963 6565,0215
1,8150002 B 1095,4171 5874,1875 16026,538 4261,021 8251,307 8238,087 S 5131,9937 6939,539 5615,7217 12724,439 4361,963 6565,0215
1,8149997 B 1095,4171 5874,1875 16026,538 4261,021 8251,307 8238,087 S 5131,9937 6939,539 5615,7217 12724,439 4361,963 6565,0215
1,8150002 B 1095,4171 5874,1875 16026,538 4261,021 8251,307 8238,087 S 5131,9937 6939,539 5615,7217 12724,439 4361,963 6565,0215
1,815 B 1095,4171 5874,1875 16026,538 4261,021 8251,307 8238,087 S 5131,9937 6939,539 5615,7217 12724,439 4361,963 6565,0215
1,8150005 B 1095,4171 5874,1875 16026,538 4261,021 8251,307 8238,087 S 5131,9937 6939,539 5615,7217 12724,439 4361,963 6565,0215
1,8149995 B 1095,4171 5874,1875 16026,538 4261,021 8251,307 8238,087 S 5131,9937 6939,539 5615,7217 12724,439 4361,963 6565,0215
1,815 B 1095,4171 5874,1875 16026,538 4261,021 8251,307 8238,087 S 5131,9937 6939,539 5615,7217 12724,439 4361,963 6565,0215
1,8150003 B 1095,4171 5874,1875 16026,538 4261,021 8251,307 8238,087 S 5131,9937 6939,539 5615,7217 12724,439 4361,963 6565,0215
1,815 B 1095,4171 5874,1875 16026,538 4261,021 8251,307 8238,087 S 5131,9937 6939,539 5615,7217 12724,439 4361,963 6565,0215
1,8149998 B 1095,4171 5874,1875 16026,538 4261,021 8251,307 8238,087 S 5131,9937 6939,539 5615,7217 12724,439 4361,963 6565,0215
1,8149992 B 1095,4171 5874,1875 16026,538 4261,021 8251,307 8238,087 S 5131,9937 6939,539 5615,7217 12724,439 4361,963 6565,0215
1,8150008 B 1095,4171 5874,1875 16026,538 4261,021 8251,307 8238,087 S 5131,9937 6939,539 5615,7217 12724,439 4361,963 6565,0215
1,8149993 B 1095,4171 5874,1875 16026,538 4261,021 8251,307 8238,087 S 5131,9937 6939,539 5615,7217 12724,439 4361,963 6565,0215
1,8150003 B 1095,4171 5874,1875 16026,538 4261,021 8251,307 8238,087 S 5131,9937 6939,539 5615,7217 12724,439 4361,963 6565,0215
1,8150002 B 1095,4171 5874,1875 16026,538 4261,021 8251,307 8238,087 S 5131,9937 6939,539 5615,7217 12724,439 4361,963 6565,0215
1,8150004 B 1095,4171 5874,1875 16026,538 4261,021 8251,307 8238,087 S 5131,9937 6939,539 5615,7217 12724,439 4361,963 6565,0215
1,8149998 B 1095,4171 5874,1875 16026,538 4261,021 8251,307 8238,087 S 5131,9937 6939,539 5615,7217 12724,439 4361,963 6565,0215
1,8149997 B 1095,4171 5874,1875 16026,538 4261,021 8251,307 8238,087 S 5131,9937 6939,539 5615,7217 12724,439 4361,963 6565,0215
1,8150004 B 1095,4171 5874,1875 16026,538 4261,021 8251,307 8238,087 S 5131,9937 6939,539 5615,7217 12724,439 4361,963 6565,0215
1,8150007 B 1095,4171 5874,1875 16026,538 4261,021 8251,307 8238,087 S 5131,9937 6939,539 5615,7217 12724,439 4361,963 6565,0215
1,8149998 B 1095,4171 5874,1875 16026,538 4261,021 8251,307 8238,087 S 5131,9937 6939,539 5615,7217 12724,439 4361,963 6565,0215
1,8150003 B 1095,4171 5874,1875 16026,538 4261,021 8251,307 8238,087 S 5131,9937 6939,539 5615,7217 12724,439 4361,963 6565,0215
1,8150005 B 1095,4171 5874,1875 16026,538 4261,021 8251,307 8238,087 S 5131,9937 6939,539 5615,7217 12724,439 4361,963 6565,0215
1,8150002 B 1095,4171 5874,1875 16026,538 4261,021 8251,307 8238,087 S 5131,9937 6939,539 5615,7217 12724,439 4361,963 6565,0215
1,8150002 B 1095,4171 5874,1875 16026,538 4261,021 8251,307 8238,087 S 5131,9937 6939,539 5615,7217 12724,439 4361,963 6565,0215
1,8149998 B 1095,4171 5874,1875 16026,538 4261,021 8251,307 8238,087 S 5131,9937 6939,539 5615,7217 12724,439 4361,963 6565,0215
1,8150003 B 1095,4171 5874,1875 16026,538 4261,021 8251,307 8238,087 S 5131,9937 6939,539 5615,7217 12724,439 4361,963 6565,0215
1,8149998 B 1095,4171 5874,1875 16026,538 4261,021 8251,307 8238,087 S 5131,9937 6939,539 5615,7217 12724,439 4361,963 6565,0215
1,815 B 1095,4171 5874,1875 16026,538 4261,021 8251,307 8238,087 S 5131,9937 6939,539 5615,7217 12724,439 4361,963 6565,0215
1,8152192 B 1095,4171 5874,1875 16026,538 4261,021 8251,307 8238,087 S 5131,9937 6939,539 5615,7217 12724,439 4361,963 6565,0215
1,8160005 B 1095,4171 5874,1875 16026,538 4261,021 8251,307 8238,087 S 5131,9937 6939,539 5615,7217 12724,439 4361,963 6565,0215
1,8159999 B 1095,4171 5874,1875 16026,538 4261,021 8251,307 8238,087 S 5131,9937 6939,539 5615,7217 12724,439 4361,963 6565,0215
1,8160001 B 1095,4171 5874,1875 16026,538 4261,021 8251,307 8238,087 S 5131,9937 6939,539 5615,7217 12724,439 4361,963 6565,0215
1,8160003 B 1095,4171 5874,1875 16026,538 4261,021 8251,307 8238,087 S 5131,9937 6939,539 5615,7217 12724,439 4361,963 6565,0215
1,8159997 B 1095,4171 5874,1875 16026,538 4261,021 8251,307 8238,087 S 5131,9937 6939,539 5615,7217 12724,439 4361,963 6565,0215
1,8159997 B 1095,4171 5874,1875 16026,538 4261,021 8251,307 8238,087 S 5131,9937 6939,539 5615,7217 12724,439 4361,963 6565,0215
1,8160005 B 1095,4171 5874,1875 16026,538 4261,021 8251,307 8238,087 S 5131,9937 6939,539 5615,7217 12724,439 4361,963 6565,0215
1,8159997 B 1095,4171 5874,1875 16026,538 4261,021 8251,307 8238,087 S 5131,9937 6939,539 5615,7217 12724,439 4361,963 6565,0215
1,814892 B 1095,4171 5874,1875 16026,538 4261,021 8251,307 8238,087 S 5131,9937 6939,539 5615,7217 12724,439 4361,963 6565,0215
1,814 B 1095,4171 5874,1875 16026,538 4261,021 8251,307 8238,087 S 5131,9937 6939,539 5615,7217 12724,439 4361,963 6565,0215
1,8139999 B 1095,4171 5874,1875 16026,538 4261,021 8251,307 8238,087 S 5131,9937 6939,539 5615,7217 12724,439 4361,963 6565,0215
1,8148308 B 1095,4171 5874,1875 16026,538 4261,021 8251,307 8238,087 S 5131,9937 6939,539 5615,7217 12724,439 4361,963 6565,0215
1,8159994 B 1095,4171 5874,1875 16026,538 4261,021 8251,307 8238,087 S 5131,9937 6939,539 5615,7217 12724,439 4361,963 6565,0215
1,8160005 B 1095,4171 5874,1875 16026,538 4261,021 8251,307 8238,087 S 5131,9937 6939,539 5615,7217 12724,439 4361,963 6565,0215
1,8160001 B 1095,4171 5874,1875 16026,538 4261,021 8251,307 8238,087 S 5131,9937 6939,539 5615,7217 12724,439 4361,963 6565,0215
1,8159994 B 1095,4171 5874,1875 16026,538 4261,021 8251,307 8238,087 S 5131,9937 6939,539 5615,7217 12724,439 4361,963 6565,0215
1,8151218 B 1095,4171 5874,1875 16026,538 4261,021 8251,307 8238,087 S 5131,9937 6939,539 5615,7217 12724,439 4361,963 6565,0215
1,8150004 B 1095,4171 5874,1875 16026,538 4261,021 8251,307 8238,087 S 5131,9937 6939,539 5615,7217 12724,439 4361,963 6565,0215
1,815 B 1095,4171 5874,1875 16026,538 4261,021 8251,307 8238,087 S 5131,9937 6939,539 5615,7217 12724,439 4361,963 6565,0215
1,815 B 1095,4171 5874,1875 16026,538 4261,021 8251,307 8238,087 S 5131,9937 6939,539 5615,7217 12724,439 4361,963 6565,0215
1,8150003 B 1095,4171 5874,1875 16026,538 4261,021 8251,307 8238,087 S 5131,9937 6939,539 5615,7217 12724,439 4361,963 6565,0215
1,8150003 B 1095,4171 5874,1875 16026,538 4261,021 8251,307 8238,087 S 5131,9937 6939,539 5615,7217 12724,439 4361,963 6565,0215
1,815 B 1095,4171 5874,1875 16026,538 4261,021 8251,307 8238,087 S 5131,9937 6939,539 5615,7217 12724,439 4361,963 6565,0215
1,8150003 B 1095,4171 5874,1875 16026,538 4261,021 8251,307 8238,087 S 5131,9937 6939,539 5615,7217 12724,439 4361,963 6565,0215
1,8150007 B 1095,4171 5874,1875 16026,538 4261,021 8251,307 8238,087 S 5131,9937 6939,539 5615,7217 12724,439 4361,963 6565,0215
1,8149998 B 1095,4171 5874,1875 16026,538 4261,021 8251,307 8238,087 S 5131,9937 6939,539 5615,7217 12724,439 4361,963 6565,0215
1,8149998 B 1095,4171 5874,1875 16026,538 4261,021 8251,307 8238,087 S 5131,9937 6939,539 5615,7217 12724,439 4361,963 6565,0215
1,8150005 B 1095,4171 5874,1875 16026,538 4261,021 8251,307 8238,087 S 5131,9937 6939,539 5615,7217 12724,439 4361,963 6565,0215
1,8150008 B 1095,4171 5874,1875 16026,538 4261,021 8251,307 8238,087 S 5131,9937 6939,539 5615,7217 12724,439 4361,963 6565,0215
1,8150002 B 1095,4171 5874,1875 16026,538 4261,021 8251,307 8238,087 S 5131,9937 6939,539 5615,7217 12724,439 4361,963 6565,0215
1,8150003 B 1095,4171 5874,1875 16026,538 4261,021 8251,307 8238,087 S 5131,9937 6939,539 5615,7217 12724,439 4361,963 6565,0215
1,8149997 B 1095,4171 5874,1875 16026,538 4261,021 8251,307 8238,087 S 5131,9937 6939,539 5615,7217 12724,439 4361,963 6565,0215
1,8150005 B 1095,4171 5874,1875 16026,538 4261,021 8251,307 8238,087 S 5131,9937 6939,539 5615,7217 12724,439 4361,963 6565,0215
1,8150003 B 1095,4171 5874,1875 16026,538 4261,021 8251,307 8238,087 S 5131,9937 6939,539 5615,7217 12724,439 4361,963 6565,0215
1,8150004 B 1095,4171 5874,1875 16026,538 4261,021 8251,307 8238,087 S 5131,9937 6939,539 5615,7217 12724,439 4361,963 6565,0215
1,8149998 B 1095,4171 5874,1875 16026,538 4261,021 8251,307 8238,087 S 5131,9937 6939,539 5615,7217 12724,439 4361,963 6565,0215
1,8150004 B 1095,4171 5874,1875 16026,538 4261,021 8251,307 8238,087 S 5131,9937 6939,539 5615,7217 12724,439 4361,963 6565,0215
1,8149995 B 1095,4171 5874,1875 16026,538 4261,021 8251,307 8238,087 S 5131,9937 6939,539 5615,7217 12724,439 4361,963 6565,0215
1,8150003 B 1095,4171 5874,1875 16026,538 4261,021 8251,307 8238,087 S 5131,9937 6939,539 5615,7217 12724,439 4361,963 6565,0215
1,815 B 1095,4171 5874,1875 16026,538 4261,021 8251,307 8238,087 S 5131,9937 6939,539 5615,7217 12724,439 4361,963 6565,0215
1,8149997 B 1095,4171 5874,1875 16026,538 4261,021 8251,307 8238,087 S 5131,9937 6939,539 5615,7217 12724,439 4361,963 6565,0215
1,8150002 B 1095,4171 5874,1875 16026,538 4261,021 8251,307 8238,087 S 5131,9937 6939,539 5615,7217 12724,439 4361,963 6565,0215
1,8144873 B 1095,4171 5874,1875 16026,538 4261,021 8251,307 8238,087 S 5131,9937 6939,539 5615,7217 12724,439 4361,963 6565,0215
1,814 B 1095,4171 5874,1875 16026,538 4261,021 8251,307 8238,087 S 5131,9937 6939,539 5615,7217 12724,439 4361,963 6565,0215
1,8140004 B 1095,4171 5874,1875 16026,538 4261,021 8251,307 8238,087 S 5131,9937 6939,539 5615,7217 12724,439 4361,963 6565,0215
1,8139995 B 1095,4171 5874,1875 16026,538 4261,021 8251,307 8238,087 S 5131,9937 6939,539 5615,7217 12724,439 4361,963 6565,0215
1,814 B 1095,4171 5874,1875 16026,538 4261,021 8251,307 8238,087 S 5131,9937 6939,539 5615,7217 12724,439 4361,963 6565,0215
1,8126042 B 1095,4171 5874,1875 16026,538 4261,021 8251,307 8238,087 S 5131,9937 6939,539 5615,7217 12724,439 4361,963 6565,0215
1,8120003 B 1095,4171 5874,1875 16026,538 4261,021 8251,307 8238,087 S 5131,9937 6939,539 5615,7217 12724,439 4361,963 6565,0215
1,8119997 B 1095,4171 5874,1875 16026,538 4261,021 8251,307 8238,087 S 5131,9937 6939,539 5615,7217 12724,439 4361,963 6565,0215
1,8120002 B 1095,4171 5874,1875 16026,538 4261,021 8251,307 8238,087 S 5131,9937 6939,539 5615,7217 12724,439 4361,963 6565,0215
1,812 B 1095,4171 5874,1875 16026,538 4261,021 8251,307 8238,087 S 5131,9937 6939,539 5615,7217 12724,439 4361,963 6565,0215
1,812 B 1095,4171 5874,1875 16026,538 4261,021 8251,307 8238,087 S 5131,9937 6939,539 5615,7217 12724,439 4361,963 6565,0215
1,8120003 B 1095,4171 5874,1875 16026,538 4261,021 8251,307 8238,087 S 5131,9937 6939,539 5615,7217 12724,439 4361,963 6565,0215
1,8119996 B 1095,4171 5874,1875 16026,538 4261,021 8251,307 8238,087 S 5131,9937 6939,539 5615,7217 12724,439 4361,963 6565,0215
1,8119996 B 1095,4171 5874,1875 16026,538 4261,021 8251,307 8238,087 S 5131,9937 6939,539 5615,7217 12724,439 4361,963 6565,0215
1,8119997 B 1095,4171 5874,1875 16026,538 4261,021 8251,307 8238,087 S 5131,9937 6939,539 5615,7217 12724,439 4361,963 6565,0215
1,8120003 B 1095,4171 5874,1875 16026,538 4261,021 8251,307 8238,087 S 5131,9937 6939,539 5615,7217 12724,439 4361,963 6565,0215
1,8119997 B 1095,4171 5874,1875 16026,538 4261,021 8251,307 8238,087 S 5131,9937 6939,539 5615,7217 12724,439 4361,963 6565,0215
1,8120002 B 1095,4171 5874,1875 16026,538 4261,021 8251,307 8238,087 S 5131,9937 6939,539 5615,7217 12724,439 4361,963 6565,0215
1,8119996 B 1095,4171 5874,1875 16026,538 4261,021 8251,307 8238,087 S 5131,9937 6939,539 5615,7217 12724,439 4361,963 6565,0215
1,8120003 B 1095,4171 5874,1875 16026,538 4261,021 8251,307 8238,087 S 5131,9937 6939,539 5615,7217 12724,439 4361,963 6565,0215
1,8119998 B 1095,4171 5874,1875 16026,538 4261,021 8251,307 8238,087 S 5131,9937 6939,539 5615,7217 12724,439 4361,963 6565,0215
1,812 B 1095,4171 5874,1875 16026,538 4261,021 8251,307 8238,087 S 5131,9937 6939,539 5615,7217 12724,439 4361,963 6565,0215
1,8120003 B 1095,4171 5874,1875 16026,538 4261,021 8251,307 8238,087 S 5131,9937 6939,539 5615,7217 12724,439 4361,963 6565,0215
1,8120002 B 1095,4171 5874,1875 16026,538 4261,021 8251,307 8238,087 S 5131,9937 6939,539 5615,7217 12724,439 4361,963 6565,0215
1,8119999 B 1095,4171 5874,1875 16026,538 4261,021 8251,307 8238,087 S 5131,9937 6939,539 5615,7217 12724,439 4361,963 6565,0215
1,8119999 B 1095,4171 5874,1875 16026,538 4261,021 8251,307 8238,087 S 5131,9937 6939,539 5615,7217 12724,439 4361,963 6565,0215
1,8120002 B 1095,4171 5874,1875 16026,538 4261,021 8251,307 8238,087 S 5131,9937 6939,539 5615,7217 12724,439 4361,963 6565,0215
1,8119999 B 1095,4171 5874,1875 16026,538 4261,021 8251,307 8238,087 S 5131,9937 6939,539 5615,7217 12724,439 4361,963 6565,0215
1,8120002 B 1095,4171 5874,1875 16026,538 4261,021 8251,307 8238,087 S 5131,9937 6939,539 5615,7217 12724,439 4361,963 6565,0215
1,8119998 B 1095,4171 5874,1875 16026,538 4261,021 8251,307 8238,087 S 5131,9937 6939,539 5615,7217 12724,439 4361,963 6565,0215
1,812 B 1095,4171 5874,1875 16026,538 4261,021 8251,307 8238,087 S 5131,9937 6939,539 5615,7217 12724,439 4361,963 6565,0215
1,8119999 B 1095,4171 5874,1875 16026,538 4261,021 8251,307 8238,087 S 5131,9937 6939,539 5615,7217 12724,439 4361,963 6565,0215
1,8119999 B 1095,4171 5874,1875 16026,538 4261,021 8251,307 8238,087 S 5131,9937 6939,539 5615,7217 12724,439 4361,963 6565,0215
1,8120003 B 1095,4171 5874,1875 16026,538 4261,021 8251,307 8238,087 S 5131,9937 6939,539 5615,7217 12724,439 4361,963 6565,0215
1,812 B 1095,4171 5874,1875 16026,538 4261,021 8251,307 8238,087 S 5131,9937 6939,539 5615,7217 12724,439 4361,963 6565,0215
1,8119999 B 1095,4171 5874,1875 16026,538 4261,021 8251,307 8238,087 S 5131,9937 6939,539 5615,7217 12724,439 4361,963 6565,0215
1,8119998 B 1095,4171 5874,1875 16026,538 4261,021 8251,307 8238,087 S 5131,9937 6939,539 5615,7217 12724,439 4361,963 6565,0215
1,8119999 B 1095,4171 5874,1875 16026,538 4261,021 8251,307 8238,087 S 5131,9937 6939,539 5615,7217 12724,439 4361,963 6565,0215
1,8135363 B 1095,4171 5874,1875 16026,538 4261,021 8251,307 8238,087 S 5131,9937 6939,539 5615,7217 12724,439 4361,963 6565,0215
1,8140002 B 1095,4171 5874,1875 16026,538 4261,021 8251,307 8238,087 S 5131,9937 6939,539 5615,7217 12724,439 4361,963 6565,0215
1,8139992 B 1095,4171 5874,1875 16026,538 4261,021 8251,307 8238,087 S 5131,9937 6939,539 5615,7217 12724,439 4361,963 6565,0215
1,814 B 1095,4171 5874,1875 16026,538 4261,021 8251,307 8238,087 S 5131,9937 6939,539 5615,7217 12724,439 4361,963 6565,0215
1,8139998 B 1095,4171 5874,1875 16026,538 4261,021 8251,307 8238,087 S 5131,9937 6939,539 5615,7217 12724,439 4361,963 6565,0215
1,8139999 B 1095,4171 5874,1875 16026,538 4261,021 8251,307 8238,087 S 5131,9937 6939,539 5615,7217 12724,439 4361,963 6565,0215
1,8140005 B 1095,4171 5874,1875 16026,538 4261,021 8251,307 8238,087 S 5131,9937 6939,539 5615,7217 12724,439 4361,963 6565,0215
1,8139995 B 1095,4171 5874,1875 16026,538 4261,021 8251,307 8238,087 S 5131,9937 6939,539 5615,7217 12724,439 4361,963 6565,0215
1,8139999 B 1095,4171 5874,1875 16026,538 4261,021 8251,307 8238,087 S 5131,9937 6939,539 5615,7217 12724,439 4361,963 6565,0215
1,8139998 B 1095,4171 5874,1875 16026,538 4261,021 8251,307 8238,087 S 5131,9937 6939,539 5615,7217 12724,439 4361,963 6565,0215
1,8139995 B 1095,4171 5874,1875 16026,538 4261,021 8251,307 8238,087 S 5131,9937 6939,539 5615,7217 12724,439 4361,963 6565,0215
1,8139999 B 1095,4171 5874,1875 16026,538 4261,021 8251,307 8238,087 S 5131,9937 6939,539 5615,7217 12724,439 4361,963 6565,0215
1,8140004 B 1095,4171 5874,1875 16026,538 4261,021 8251,307 8238,087 S 5131,9937 6939,539 5615,7217 12724,439 4361,963 6565,0215
1,8140004 B 1095,4171 5874,1875 16026,538 4261,021 8251,307 8238,087 S 5131,9937 6939,539 5615,7217 12724,439 4361,963 6565,0215
1,8140006 B 1095,4171 5874,1875 16026,538 4261,021 8251,307 8238,087 S 5131,9937 6939,539 5615,7217 12724,439 4361,963 6565,0215
1,814 B 1095,4171 5874,1875 16026,538 4261,021 8251,307 8238,087 S 5131,9937 6939,539 5615,7217 12724,439 4361,963 6565,0215
1,8117803 B 1095,4171 5874,1875 16026,538 4261,021 8251,307 8238,087 S 5131,9937 6939,539 5615,7217 12724,439 4361,963 6565,0215
1,8110003 B 1095,4171 5874,1875 16026,538 4261,021 8251,307 8238,087 S 5131,9937 6939,539 5615,7217 12724,439 4361,963 6565,0215
1,8097997 B 1095,4171 5874,1875 16026,538 4261,021 8251,307 8238,087 S 5131,9937 6939,539 5615,7217 12724,439 4361,963 6565,0215
1,8090003 B 1095,4171 5874,1875 16026,538 4261,021 8251,307 8238,087 S 5131,9937 6939,539 5615,7217 12724,439 4361,963 6565,0215
1,809 B 1095,4171 5874,1875 16026,538 4261,021 8251,307 8238,087 S 5131,9937 6939,539 5615,7217 12724,439 4361,963 6565,0215
1,8089997 B 1095,4171 5874,1875 16026,538 4261,021 8251,307 8238,087 S 5131,9937 6939,539 5615,7217 12724,439 4361,963 6565,0215
1,8089998 B 1095,4171 5874,1875 16026,538 4261,021 8251,307 8238,087 S 5131,9937 6939,539 5615,7217 12724,439 4361,963 6565,0215
1,8090006 B 1095,4171 5874,1875 16026,538 4261,021 8251,307 8238,087 S 5131,9937 6939,539 5615,7217 12724,439 4361,963 6565,0215
1,8090001 B 1095,4171 5874,1875 16026,538 4261,021 8251,307 8238,087 S 5131,9937 6939,539 5615,7217 12724,439 4361,963 6565,0215
1,8090003 B 1095,4171 5874,1875 16026,538 4261,021 8251,307 8238,087 S 5131,9937 6939,539 5615,7217 12724,439 4361,963 6565,0215
1,8090004 B 1095,4171 5874,1875 16026,538 4261,021 8251,307 8238,087 S 5131,9937 6939,539 5615,7217 12724,439 4361,963 6565,0215
1,8090001 B 1095,4171 5874,1875 16026,538 4261,021 8251,307 8238,087 S 5131,9937 6939,539 5615,7217 12724,439 4361,963 6565,0215
1,8090005 B 1095,4171 5874,1875 16026,538 4261,021 8251,307 8238,087 S 5131,9937 6939,539 5615,7217 12724,439 4361,963 6565,0215
1,8080896 B 1095,4171 5874,1875 16026,538 4261,021 8251,307 8238,087 S 5131,9937 6939,539 5615,7217 12724,439 4361,963 6565,0215
1,8079991 B 1095,4171 5874,1875 16026,538 4261,021 8251,307 8238,087 S 5131,9937 6939,539 5615,7217 12724,439 4361,963 6565,0215
1,8076389 B 1095,4171 5874,1875 16026,538 4261,021 8251,307 8238,087 S 5131,9937 6939,539 5615,7217 12724,439 4361,963 6565,0215
1,8060001 B 1095,4171 5874,1875 16026,538 4261,021 8251,307 8238,087 S 5131,9937 6939,539 5615,7217 12724,439 4361,963 6565,0215
1,8059999 B 1095,4171 5874,1875 16026,538 4261,021 8251,307 8238,087 S 5131,9937 6939,539 5615,7217 12724,439 4361,963 6565,0215
1,8025308 B 1095,4171 5874,1875 16026,538 4261,021 8251,307 8238,087 S 5131,9937 6939,539 5615,7217 12724,439 4361,963 6565,0215
1,8040003 B 1095,4171 5874,1875 16026,538 4261,021 8251,307 8238,087 S 5131,9937 6939,539 5615,7217 12724,439 4361,963 6565,0215
1,8056293 B 1095,4171 5874,1875 16026,538 4261,021 8251,307 8238,087 S 5131,9937 6939,539 5615,7217 12724,439 4361,963 6565,0215
1,8059998 B 1095,4171 5874,1875 16026,538 4261,021 8251,307 8238,087 S 5131,9937 6939,539 5615,7217 12724,439 4361,963 6565,0215
1,8059993 B 1095,4171 5874,1875 16026,538 4261,021 8251,307 8238,087 S 5131,9937 6939,539 5615,7217 12724,439 4361,963 6565,0215
1,8059996 B 1095,4171 5874,1875 16026,538 4261,021 8251,307 8238,087 S 5131,9937 6939,539 5615,7217 12724,439 4361,963 6565,0215
1,8060002 B 1095,4171 5874,1875 16026,538 4261,021 8251,307 8238,087 S 5131,9937 6939,539 5615,7217 12724,439 4361,963 6565,0215
1,8060002 B 1095,4171 5874,1875 16026,538 4261,021 8251,307 8238,087 S 5131,9937 6939,539 5615,7217 12724,439 4361,963 6565,0215
1,8059999 B 1095,4171 5874,1875 16026,538 4261,021 8251,307 8238,087 S 5131,9937 6939,539 5615,7217 12724,439 4361,963 6565,0215
1,806 B 1095,4171 5874,1875 16026,538 4261,021 8251,307 8238,087 S 5131,9937 6939,539 5615,7217 12724,439 4361,963 6565,0215
1,8059996 B 1095,4171 5874,1875 16026,538 4261,021 8251,307 8238,087 S 5131,9937 6939,539 5615,7217 12724,439 4361,963 6565,0215
1,806 B 1095,4171 5874,1875 16026,538 4261,021 8251,307 8238,087 S 5131,9937 6939,539 5615,7217 12724,439 4361,963 6565,0215
1,8060001 B 1095,4171 5874,1875 16026,538 4261,021 8251,307 8238,087 S 5131,9937 6939,539 5615,7217 12724,439 4361,963 6565,0215
1,8060001 B 1095,4171 5874,1875 16026,538 4261,021 8251,307 8238,087 S 5131,9937 6939,539 5615,7217 12724,439 4361,963 6565,0215
1,8059996 B 1095,4171 5874,1875 16026,538 4261,021 8251,307 8238,087 S 5131,9937 6939,539 5615,7217 12724,439 4361,963 6565,0215
1,806 B 1095,4171 5874,1875 16026,538 4261,021 8251,307 8238,087 S 5131,9937 6939,539 5615,7217 12724,439 4361,963 6565,0215
1,8060002 B 1095,4171 5874,1875 16026,538 4261,021 8251,307 8238,087 S 5131,9937 6939,539 5615,7217 12724,439 4361,963 6565,0215
1,8059999 B 1095,4171 5874,1875 16026,538 4261,021 8251,307 8238,087 S 5131,9937 6939,539 5615,7217 12724,439 4361,963 6565,0215
1,8060006 B 1095,4171 5874,1875 16026,538 4261,021 8251,307 8238,087 S 5131,9937 6939,539 5615,7217 12724,439 4361,963 6565,0215
1,8059999 B 1095,4171 5874,1875 16026,538 4261,021 8251,307 8238,087 S 5131,9937 6939,539 5615,7217 12724,439 4361,963 6565,0215
1,8053889 B 1095,4171 5874,1875 16026,538 4261,021 8251,307 8238,087 S 5131,9937 6939,539 5615,7217 12724,439 4361,963 6565,0215
1,8049997 B 1095,4171 5874,1875 16026,538 4261,021 8251,307 8238,087 S 5131,9937 6939,539 5615,7217 12724,439 4361,963 6565,0215
1,805 B 1095,4171 5874,1875 16026,538 4261,021 8251,307 8238,087 S 5131,9937 6939,539 5615,7217 12724,439 4361,963 6565,0215
1,804763 B 1095,4171 5874,1875 16026,538 4261,021 8251,307 8238,087 S 5131,9937 6939,539 5615,7217 12724,439 4361,963 6565,0215
1,8040001 B 1095,4171 5874,1875 16026,538 4261,021 8251,307 8238,087 S 5131,9937 6939,539 5615,7217 12724,439 4361,963 6565,0215
1,804 B 1095,4171 5874,1875 16026,538 4261,021 8251,307 8238,087 S 5131,9937 6939,539 5615,7217 12724,439 4361,963 6565,0215
1,8040003 B 1095,4171 5874,1875 16026,538 4261,021 8251,307 8238,087 S 5131,9937 6939,539 5615,7217 12724,439 4361,963 6565,0215
1,8040004 B 1095,4171 5874,1875 16026,538 4261,021 8251,307 8238,087 S 5131,9937 6939,539 5615,7217 12724,439 4361,963 6565,0215
1,8036546 B 1095,4171 5874,1875 16026,538 4261,021 8251,307 8238,087 S 5131,9937 6939,539 5615,7217 12724,439 4361,963 6565,0215
1,8030003 B 1095,4171 5874,1875 16026,538 4261,021 8251,307 8238,087 S 5131,9937 6939,539 5615,7217 12724,439 4361,963 6565,0215
1,8019441 B 1095,4171 5874,1875 16026,538 4261,021 8251,307 8238,087 S 5131,9937 6939,539 5615,7217 12724,439 4361,963 6565,0215
1,7995244 B 1095,4171 5874,1875 16026,538 4261,021 8251,307 8238,087 S 5131,9937 6939,539 5615,7217 12724,439 4361,963 6565,0215
1,7980001 B 1095,4171 5874,1875 16026,538 4261,021 8251,307 8238,087 S 5131,9937 6939,539 5615,7217 12724,439 4361,963 6565,0215
1,7988925 B 1095,4171 5874,1875 16026,538 4261,021 8251,307 8238,087 S 5131,9937 6939,539 5615,7217 12724,439 4361,963 6565,0215
1,800815 B 1095,4171 5874,1875 16026,538 4261,021 8251,307 8238,087 S 5131,9937 6939,539 5615,7217 12724,439 4361,963 6565,0215
1,801 B 1095,4171 5874,1875 16026,538 4261,021 8251,307 8238,087 S 5131,9937 6939,539 5615,7217 12724,439 4361,963 6565,0215
1,8037243 B 1095,4171 5874,1875 16026,538 4261,021 8251,307 8238,087 S 5131,9937 6939,539 5615,7217 12724,439 4361,963 6565,0215
