1,8148481
1,8169999 B 9586,551 20683,166 14813,928 2367,2896 14614,183 3332,9995 S 560,5355 16913,062 13065,25 8518,8955 14971,066 615,6989
1,816924 B 9586,551 20683,166 14813,928 2367,2896 14614,183 3332,9995 S 560,5355 16913,062 13065,25 8518,8955 14971,066 615,6989
1,8160002 B 9586,551 20683,166 14813,928 2367,2896 14614,183 3332,9995 S 560,5355 16913,062 13065,25 8518,8955 14971,066 615,6989
1,8160006 B 9586,551 20683,166 14813,928 2367,2896 14614,183 3332,9995 S 560,5355 16913,062 13065,25 8518,8955 14971,066 615,6989
1,8160001 B 9586,551 20683,166 14813,928 2367,2896 14614,183 3332,9995 S 560,5355 16913,062 13065,25 8518,8955 14971,066 615,6989
1,8159999 B 9586,551 20683,166 14813,928 2367,2896 14614,183 3332,9995 S 560,5355 16913,062 13065,25 8518,8955 14971,066 615,6989
1,8160003 B 9586,551 20683,166 14813,928 2367,2896 14614,183 3332,9995 S 560,5355 16913,062 13065,25 8518,8955 14971,066 615,6989
1,8160003 B 9586,551 20683,166 14813,928 2367,2896 14614,183 3332,9995 S 560,5355 16913,062 13065,25 8518,8955 14971,066 615,6989
1,8159997 B 9586,551 20683,166 14813,928 2367,2896 14614,183 3332,9995 S 560,5355 16913,062 13065,25 8518,8955 14971,066 615,6989
1,8160005 B 9586,551 20683,166 14813,928 2367,2896 14614,183 3332,9995 S 560,5355 16913,062 13065,25 8518,8955 14971,066 615,6989
1,8160002 B 9586,551 20683,166 14813,928 2367,2896 14614,183 3332,9995 S 560,5355 16913,062 13065,25 8518,8955 14971,066 615,6989
1,8141888 B 9586,551 20683,166 14813,928 2367,2896 14614,183 3332,9995 S 560,5355 16913,062 13065,25 8518,8955 14971,066 615,6989
1,8140005 B 9586,551 20683,166 14813,928 2367,2896 14614,183 3332,9995 S 560,5355 16913,062 13065,25 8518,8955 14971,066 615,6989
1,8136806 B 9586,551 20683,166 14813,928 2367,2896 14614,183 3332,9995 S 560,5355 16913,062 13065,25 8518,8955 14971,066 615,6989
1,813 B 9586,551 20683,166 14813,928 2367,2896 14614,183 3332,9995 S 560,5355 16913,062 13065,25 8518,8955 14971,066 615,6989
1,813 B 9586,551 20683,166 14813,928 2367,2896 14614,183 3332,9995 S 560,5355 16913,062 13065,25 8518,8955 14971,066 615,6989
1,8130002 B 9586,551 20683,166 14813,928 2367,2896 14614,183 3332,9995 S 560,5355 16913,062 13065,25 8518,8955 14971,066 615,6989
1,8129997 B 9586,551 20683,166 14813,928 2367,2896 14614,183 3332,9995 S 560,5355 16913,062 13065,25 8518,8955 14971,066 615,6989
1,813 B 9586,551 20683,166 14813,928 2367,2896 14614,183 3332,9995 S 560,5355 16913,062 13065,25 8518,8955 14971,066 615,6989
1,8130001 B 9586,551 20683,166 14813,928 2367,2896 14614,183 3332,9995 S 560,5355 16913,062 13065,25 8518,8955 14971,066 615,6989
1,8129997 B 9586,551 20683,166 14813,928 2367,2896 14614,183 3332,9995 S 560,5355 16913,062 13065,25 8518,8955 14971,066 615,6989
1,8120577 B 9586,551 20683,166 14813,928 2367,2896 14614,183 3332,9995 S 560,5355 16913,062 13065,25 8518,8955 14971,066 615,6989
1,8134454 B 9586,551 20683,166 14813,928 2367,2896 14614,183 3332,9995 S 560,5355 16913,062 13065,25 8518,8955 14971,066 615,6989
1,815 B 9586,551 20683,166 14813,928 2367,2896 14614,183 3332,9995 S 560,5355 16913,062 13065,25 8518,8955 14971,066 615,6989
1,815 B 9586,551 20683,166 14813,928 2367,2896 14614,183 3332,9995 S 560,5355 16913,062 13065,25 8518,8955 14971,066 615,6989
1,8149998 B 9586,551 20683,166 14813,928 2367,2896 14614,183 3332,9995 S 560,5355 16913,062 13065,25 8518,8955 14971,066 615,6989
1,8149999 B 9586,551 20683,166 14813,928 2367,2896 14614,183 3332,9995 S 560,5355 16913,062 13065,25 8518,8955 14971,066 615,6989
1,8149998 B 9586,551 20683,166 14813,928 2367,2896 14614,183 3332,9995 S 560,5355 16913,062 13065,25 8518,8955 14971,066 615,6989
1,8149997 B 9586,551 20683,166 14813,928 2367,2896 14614,183 3332,9995 S 560,5355 16913,062 13065,25 8518,8955 14971,066 615,6989
1,8149995 B 9586,551 20683,166 14813,928 2367,2896 14614,183 3332,9995 S 560,5355 16913,062 13065,25 8518,8955 14971,066 615,6989
1,8149995 B 9586,551 20683,166 14813,928 2367,2896 14614,183 3332,9995 S 560,5355 16913,062 13065,25 8518,8955 14971,066 615,6989
1,8149999 B 9586,551 20683,166 14813,928 2367,2896 14614,183 3332,9995 S 560,5355 16913,062 13065,25 8518,8955 14971,066 615,6989
1,8138267 B 9586,551 20683,166 14813,928 2367,2896 14614,183 3332,9995 S 560,5355 16913,062 13065,25 8518,8955 14971,066 615,6989
1,8130004 B 9586,551 20683,166 14813,928 2367,2896 14614,183 3332,9995 S 560,5355 16913,062 13065,25 8518,8955 14971,066 615,6989
1,8129994 B 9586,551 20683,166 14813,928 2367,2896 14614,183 3332,9995 S 560,5355 16913,062 13065,25 8518,8955 14971,066 615,6989
1,8129996 B 9586,551 20683,166 14813,928 2367,2896 14614,183 3332,9995 S 560,5355 16913,062 13065,25 8518,8955 14971,066 615,6989
1,8130006 B 9586,551 20683,166 14813,928 2367,2896 14614,183 3332,9995 S 560,5355 16913,062 13065,25 8518,8955 14971,066 615,6989
1,8130002 B 9586,551 20683,166 14813,928 2367,2896 14614,183 3332,9995 S 560,5355 16913,062 13065,25 8518,8955 14971,066 615,6989
1,8130001 B 9586,551 20683,166 14813,928 2367,2896 14614,183 3332,9995 S 560,5355 16913,062 13065,25 8518,8955 14971,066 615,6989
1,813 B 9586,551 20683,166 14813,928 2367,2896 14614,183 3332,9995 S 560,5355 16913,062 13065,25 8518,8955 14971,066 615,6989
1,8130002 B 9586,551 20683,166 14813,928 2367,2896 14614,183 3332,9995 S 560,5355 16913,062 13065,25 8518,8955 14971,066 615,6989
1,8130008 B 9586,551 20683,166 14813,928 2367,2896 14614,183 3332,9995 S 560,5355 16913,062 13065,25 8518,8955 14971,066 615,6989
1,8130001 B 9586,551 20683,166 14813,928 2367,2896 14614,183 3332,9995 S 560,5355 16913,062 13065,25 8518,8955 14971,066 615,6989
1,8130003 B 9586,551 20683,166 14813,928 2367,2896 14614,183 3332,9995 S 560,5355 16913,062 13065,25 8518,8955 14971,066 615,6989
1,8129998 B 9586,551 20683,166 14813,928 2367,2896 14614,183 3332,9995 S 560,5355 16913,062 13065,25 8518,8955 14971,066 615,6989
1,8129996 B 9586,551 20683,166 14813,928 2367,2896 14614,183 3332,9995 S 560,5355 16913,062 13065,25 8518,8955 14971,066 615,6989
1,8129994 B 9586,551 20683,166 14813,928 2367,2896 14614,183 3332,9995 S 560,5355 16913,062 13065,25 8518,8955 14971,066 615,6989
1,8130004 B 9586,551 20683,166 14813,928 2367,2896 14614,183 3332,9995 S 560,5355 16913,062 13065,25 8518,8955 14971,066 615,6989
1,8129998 B 9586,551 20683,166 14813,928 2367,2896 14614,183 3332,9995 S 560,5355 16913,062 13065,25 8518,8955 14971,066 615,6989
1,8130004 B 9586,551 20683,166 14813,928 2367,2896 14614,183 3332,9995 S 560,5355 16913,062 13065,25 8518,8955 14971,066 615,6989
1,813 B 9586,551 20683,166 14813,928 2367,2896 14614,183 3332,9995 S 560,5355 16913,062 13065,25 8518,8955 14971,066 615,6989
1,8130001 B 9586,551 20683,166 14813,928 2367,2896 14614,183 3332,9995 S 560,5355 16913,062 13065,25 8518,8955 14971,066 615,6989
1,8130002 B 9586,551 20683,166 14813,928 2367,2896 14614,183 3332,9995 S 560,5355 16913,062 13065,25 8518,8955 14971,066 615,6989
1,8129994 B 9586,551 20683,166 14813,928 2367,2896 14614,183 3332,9995 S 560,5355 16913,062 13065,25 8518,8955 14971,066 615,6989
1,813 B 9586,551 20683,166 14813,928 2367,2896 14614,183 3332,9995 S 560,5355 16913,062 13065,25 8518,8955 14971,066 615,6989
1,8130001 B 9586,551 20683,166 14813,928 2367,2896 14614,183 3332,9995 S 560,5355 16913,062 13065,25 8518,8955 14971,066 615,6989
1,8130001 B 9586,551 20683,166 14813,928 2367,2896 14614,183 3332,9995 S 560,5355 16913,062 13065,25 8518,8955 14971,066 615,6989
1,813 B 9586,551 20683,166 14813,928 2367,2896 14614,183 3332,9995 S 560,5355 16913,062 13065,25 8518,8955 14971,066 615,6989
1,8129997 B 9586,551 20683,166 14813,928 2367,2896 14614,183 3332,9995 S 560,5355 16913,062 13065,25 8518,8955 14971,066 615,6989
1,8130001 B 9586,551 20683,166 14813,928 2367,2896 14614,183 3332,9995 S 560,5355 16913,062 13065,25 8518,8955 14971,066 615,6989
1,8129996 B 9586,551 20683,166 14813,928 2367,2896 14614,183 3332,9995 S 560,5355 16913,062 13065,25 8518,8955 14971,066 615,6989
1,8129996 B 9586,551 20683,166 14813,928 2367,2896 14614,183 3332,9995 S 560,5355 16913,062 13065,25 8518,8955 14971,066 615,6989
1,813 B 9586,551 20683,166 14813,928 2367,2896 14614,183 3332,9995 S 560,5355 16913,062 13065,25 8518,8955 14971,066 615,6989
1,8129996 B 9586,551 20683,166 14813,928 2367,2896 14614,183 3332,9995 S 560,5355 16913,062 13065,25 8518,8955 14971,066 615,6989
1,8129998 B 9586,551 20683,166 14813,928 2367,2896 14614,183 3332,9995 S 560,5355 16913,062 13065,25 8518,8955 14971,066 615,6989
1,813 B 9586,551 20683,166 14813,928 2367,2896 14614,183 3332,9995 S 560,5355 16913,062 13065,25 8518,8955 14971,066 615,6989
1,8130004 B 9586,551 20683,166 14813,928 2367,2896 14614,183 3332,9995 S 560,5355 16913,062 13065,25 8518,8955 14971,066 615,6989
1,813 B 9586,551 20683,166 14813,928 2367,2896 14614,183 3332,9995 S 560,5355 16913,062 13065,25 8518,8955 14971,066 615,6989
1,8129998 B 9586,551 20683,166 14813,928 2367,2896 14614,183 3332,9995 S 560,5355 16913,062 13065,25 8518,8955 14971,066 615,6989
1,8130006 B 9586,551 20683,166 14813,928 2367,2896 14614,183 3332,9995 S 560,5355 16913,062 13065,25 8518,8955 14971,066 615,6989
1,8129996 B 9586,551 20683,166 14813,928 2367,2896 14614,183 3332,9995 S 560,5355 16913,062 13065,25 8518,8955 14971,066 615,6989
1,8130001 B 9586,551 20683,166 14813,928 2367,2896 14614,183 3332,9995 S 560,5355 16913,062 13065,25 8518,8955 14971,066 615,6989
1,8129994 B 9586,551 20683,166 14813,928 2367,2896 14614,183 3332,9995 S 560,5355 16913,062 13065,25 8518,8955 14971,066 615,6989
1,8129995 B 9586,551 20683,166 14813,928 2367,2896 14614,183 3332,9995 S 560,5355 16913,062 13065,25 8518,8955 14971,066 615,6989
1,8129996 B 9586,551 20683,166 14813,928 2367,2896 14614,183 3332,9995 S 560,5355 16913,062 13065,25 8518,8955 14971,066 615,6989
1,8129996 B 9586,551 20683,166 14813,928 2367,2896 14614,183 3332,9995 S 560,5355 16913,062 13065,25 8518,8955 14971,066 615,6989
1,8129998 B 9586,551 20683,166 14813,928 2367,2896 14614,183 3332,9995 S 560,5355 16913,062 13065,25 8518,8955 14971,066 615,6989
1,8129996 B 9586,551 20683,166 14813,928 2367,2896 14614,183 3332,9995 S 560,5355 16913,062 13065,25 8518,8955 14971,066 615,6989
1,8129998 B 9586,551 20683,166 14813,928 2367,2896 14614,183 3332,9995 S 560,5355 16913,062 13065,25 8518,8955 14971,066 615,6989
1,813 B 9586,551 20683,166 14813,928 2367,2896 14614,183 3332,9995 S 560,5355 16913,062 13065,25 8518,8955 14971,066 615,6989
1,8129995 B 9586,551 20683,166 14813,928 2367,2896 14614,183 3332,9995 S 560,5355 16913,062 13065,25 8518,8955 14971,066 615,6989
1,8130003 B 9586,551 20683,166 14813,928 2367,2896 14614,183 3332,9995 S 560,5355 16913,062 13065,25 8518,8955 14971,066 615,6989
1,8129994 B 9586,551 20683,166 14813,928 2367,2896 14614,183 3332,9995 S 560,5355 16913,062 13065,25 8518,8955 14971,066 615,6989
1,8129996 B 9586,551 20683,166 14813,928 2367,2896 14614,183 3332,9995 S 560,5355 16913,062 13065,25 8518,8955 14971,066 615,6989
1,8129995 B 9586,551 20683,166 14813,928 2367,2896 14614,183 3332,9995 S 560,5355 16913,062 13065,25 8518,8955 14971,066 615,6989
1,8130002 B 9586,551 20683,166 14813,928 2367,2896 14614,183 3332,9995 S 560,5355 16913,062 13065,25 8518,8955 14971,066 615,6989
1,8130001 B 9586,551 20683,166 14813,928 2367,2896 14614,183 3332,9995 S 560,5355 16913,062 13065,25 8518,8955 14971,066 615,6989
1,8122994 B 9586,551 20683,166 14813,928 2367,2896 14614,183 3332,9995 S 560,5355 16913,062 13065,25 8518,8955 14971,066 615,6989
1,8129998 B 9586,551 20683,166 14813,928 2367,2896 14614,183 3332,9995 S 560,5355 16913,062 13065,25 8518,8955 14971,066 615,6989
1,813 B 9586,551 20683,166 14813,928 2367,2896 14614,183 3332,9995 S 560,5355 16913,062 13065,25 8518,8955 14971,066 615,6989
1,8130002 B 9586,551 20683,166 14813,928 2367,2896 14614,183 3332,9995 S 560,5355 16913,062 13065,25 8518,8955 14971,066 615,6989
1,813 B 9586,551 20683,166 14813,928 2367,2896 14614,183 3332,9995 S 560,5355 16913,062 13065,25 8518,8955 14971,066 615,6989
1,8130001 B 9586,551 20683,166 14813,928 2367,2896 14614,183 3332,9995 S 560,5355 16913,062 13065,25 8518,8955 14971,066 615,6989
1,8129997 B 9586,551 20683,166 14813,928 2367,2896 14614,183 3332,9995 S 560,5355 16913,062 13065,25 8518,8955 14971,066 615,6989
1,8129997 B 9586,551 20683,166 14813,928 2367,2896 14614,183 3332,9995 S 560,5355 16913,062 13065,25 8518,8955 14971,066 615,6989
1,8132024 B 9586,551 20683,166 14813,928 2367,2896 14614,183 3332,9995 S 560,5355 16913,062 13065,25 8518,8955 14971,066 615,6989
1,8139995 B 9586,551 20683,166 14813,928 2367,2896 14614,183 3332,9995 S 560,5355 16913,062 13065,25 8518,8955 14971,066 615,6989
1,814 B 9586,551 20683,166 14813,928 2367,2896 14614,183 3332,9995 S 560,5355 16913,062 13065,25 8518,8955 14971,066 615,6989
1,814 B 9586,551 20683,166 14813,928 2367,2896 14614,183 3332,9995 S 560,5355 16913,062 13065,25 8518,8955 14971,066 615,6989
1,8140004 B 9586,551 20683,166 14813,928 2367,2896 14614,183 3332,9995 S 560,5355 16913,062 13065,25 8518,8955 14971,066 615,6989
1,8139999 B 9586,551 20683,166 14813,928 2367,2896 14614,183 3332,9995 S 560,5355 16913,062 13065,25 8518,8955 14971,066 615,6989
1,8139997 B 9586,551 20683,166 14813,928 2367,2896 14614,183 3332,9995 S 560,5355 16913,062 13065,25 8518,8955 14971,066 615,6989
1,8140006 B 9586,551 20683,166 14813,928 2367,2896 14614,183 3332,9995 S 560,5355 16913,062 13065,25 8518,8955 14971,066 615,6989
1,814 B 9586,551 20683,166 14813,928 2367,2896 14614,183 3332,9995 S 560,5355 16913,062 13065,25 8518,8955 14971,066 615,6989
1,8139998 B 9586,551 20683,166 14813,928 2367,2896 14614,183 3332,9995 S 560,5355 16913,062 13065,25 8518,8955 14971,066 615,6989
1,8140002 B 9586,551 20683,166 14813,928 2367,2896 14614,183 3332,9995 S 560,5355 16913,062 13065,25 8518,8955 14971,066 615,6989
1,814 B 9586,551 20683,166 14813,928 2367,2896 14614,183 3332,9995 S 560,5355 16913,062 13065,25 8518,8955 14971,066 615,6989
1,8140005 B 9586,551 20683,166 14813,928 2367,2896 14614,183 3332,9995 S 560,5355 16913,062 13065,25 8518,8955 14971,066 615,6989
1,8149571 B 9586,551 20683,166 14813,928 2367,2896 14614,183 3332,9995 S 560,5355 16913,062 13065,25 8518,8955 14971,066 615,6989
1,8150002 B 9586,551 20683,166 14813,928 2367,2896 14614,183 3332,9995 S 560,5355 16913,062 13065,25 8518,8955 14971,066 615,6989
1,8149999 B 9586,551 20683,166 14813,928 2367,2896 14614,183 3332,9995 S 560,5355 16913,062 13065,25 8518,8955 14971,066 615,6989
1,8150003 B 9586,551 20683,166 14813,928 2367,2896 14614,183 3332,9995 S 560,5355 16913,062 13065,25 8518,8955 14971,066 615,6989
1,8150002 B 9586,551 20683,166 14813,928 2367,2896 14614,183 3332,9995 S 560,5355 16913,062 13065,25 8518,8955 14971,066 615,6989
1,8150004 B 9586,551 20683,166 14813,928 2367,2896 14614,183 3332,9995 S 560,5355 16913,062 13065,25 8518,8955 14971,066 615,6989
1,8149997 B 9586,551 20683,166 14813,928 2367,2896 14614,183 3332,9995 S 560,5355 16913,062 13065,25 8518,8955 14971,066 615,6989
1,8150007 B 9586,551 20683,166 14813,928 2367,2896 14614,183 3332,9995 S 560,5355 16913,062 13065,25 8518,8955 14971,066 615,6989
1,8150004 B 9586,551 20683,166 14813,928 2367,2896 14614,183 3332,9995 S 560,5355 16913,062 13065,25 8518,8955 14971,066 615,6989
1,815 B 9586,551 20683,166 14813,928 2367,2896 14614,183 3332,9995 S 560,5355 16913,062 13065,25 8518,8955 14971,066 615,6989
1,8149999 B 9586,551 20683,166 14813,928 2367,2896 14614,183 3332,9995 S 560,5355 16913,062 13065,25 8518,8955 14971,066 615,6989
1,8150003 B 9586,551 20683,166 14813,928 2367,2896 14614,183 3332,9995 S 560,5355 16913,062 13065,25 8518,8955 14971,066 615,6989
1,8149997 B 9586,551 20683,166 14813,928 2367,2896 14614,183 3332,9995 S 560,5355 16913,062 13065,25 8518,8955 14971,066 615,6989
1,8150004 B 9586,551 20683,166 14813,928 2367,2896 14614,183 3332,9995 S 560,5355 16913,062 13065,25 8518,8955 14971,066 615,6989
1,8149992 B 9586,551 20683,166 14813,928 2367,2896 14614,183 3332,9995 S 560,5355 16913,062 13065,25 8518,8955 14971,066 615,6989
1,8149999 B 9586,551 20683,166 14813,928 2367,2896 14614,183 3332,9995 S 560,5355 16913,062 13065,25 8518,8955 14971,066 615,6989
1,815 B 9586,551 20683,166 14813,928 2367,2896 14614,183 3332,9995 S 560,5355 16913,062 13065,25 8518,8955 14971,066 615,6989
1,8150004 B 9586,551 20683,166 14813,928 2367,2896 14614,183 3332,9995 S 560,5355 16913,062 13065,25 8518,8955 14971,066 615,6989
1,8150004 B 9586,551 20683,166 14813,928 2367,2896 14614,183 3332,9995 S 560,5355 16913,062 13065,25 8518,8955 14971,066 615,6989
1,815 B 9586,551 20683,166 14813,928 2367,2896 14614,183 3332,9995 S 560,5355 16913,062 13065,25 8518,8955 14971,066 615,6989
1,8150003 B 9586,551 20683,166 14813,928 2367,2896 14614,183 3332,9995 S 560,5355 16913,062 13065,25 8518,8955 14971,066 615,6989
1,8150002 B 9586,551 20683,166 14813,928 2367,2896 14614,183 3332,9995 S 560,5355 16913,062 13065,25 8518,8955 14971,066 615,6989
1,8150003 B 9586,551 20683,166 14813,928 2367,2896 14614,183 3332,9995 S 560,5355 16913,062 13065,25 8518,8955 14971,066 615,6989
1,815 B 9586,551 20683,166 14813,928 2367,2896 14614,183 3332,9995 S 560,5355 16913,062 13065,25 8518,8955 14971,066 615,6989
1,8150003 B 9586,551 20683,166 14813,928 2367,2896 14614,183 3332,9995 S 560,5355 16913,062 13065,25 8518,8955 14971,066 615,6989
1,8150002 B 9586,551 20683,166 14813,928 2367,2896 14614,183 3332,9995 S 560,5355 16913,062 13065,25 8518,8955 14971,066 615,6989
1,8150004 B 9586,551 20683,166 14813,928 2367,2896 14614,183 3332,9995 S 560,5355 16913,062 13065,25 8518,8955 14971,066 615,6989
1,8152748 B 9586,551 20683,166 14813,928 2367,2896 14614,183 3332,9995 S 560,5355 16913,062 13065,25 8518,8955 14971,066 615,6989
1,816 B 9586,551 20683,166 14813,928 2367,2896 14614,183 3332,9995 S 560,5355 16913,062 13065,25 8518,8955 14971,066 615,6989
1,8160003 B 9586,551 20683,166 14813,928 2367,2896 14614,183 3332,9995 S 560,5355 16913,062 13065,25 8518,8955 14971,066 615,6989
1,8160003 B 9586,551 20683,166 14813,928 2367,2896 14614,183 3332,9995 S 560,5355 16913,062 13065,25 8518,8955 14971,066 615,6989
1,8160006 B 9586,551 20683,166 14813,928 2367,2896 14614,183 3332,9995 S 560,5355 16913,062 13065,25 8518,8955 14971,066 615,6989
1,8159997 B 9586,551 20683,166 14813,928 2367,2896 14614,183 3332,9995 S 560,5355 16913,062 13065,25 8518,8955 14971,066 615,6989
1,816001 B 9586,551 20683,166 14813,928 2367,2896 14614,183 3332,9995 S 560,5355 16913,062 13065,25 8518,8955 14971,066 615,6989
1,8159999 B 9586,551 20683,166 14813,928 2367,2896 14614,183 3332,9995 S 560,5355 16913,062 13065,25 8518,8955 14971,066 615,6989
1,816 B 9586,551 20683,166 14813,928 2367,2896 14614,183 3332,9995 S 560,5355 16913,062 13065,25 8518,8955 14971,066 615,6989
1,8160005 B 9586,551 20683,166 14813,928 2367,2896 14614,183 3332,9995 S 560,5355 16913,062 13065,25 8518,8955 14971,066 615,6989
1,8159999 B 9586,551 20683,166 14813,928 2367,2896 14614,183 3332,9995 S 560,5355 16913,062 13065,25 8518,8955 14971,066 615,6989
1,816 B 9586,551 20683,166 14813,928 2367,2896 14614,183 3332,9995 S 560,5355 16913,062 13065,25 8518,8955 14971,066 615,6989
1,8160001 B 9586,551 20683,166 14813,928 2367,2896 14614,183 3332,9995 S 560,5355 16913,062 13065,25 8518,8955 14971,066 615,6989
1,8160003 B 9586,551 20683,166 14813,928 2367,2896 14614,183 3332,9995 S 560,5355 16913,062 13065,25 8518,8955 14971,066 615,6989
1,8159996 B 9586,551 20683,166 14813,928 2367,2896 14614,183 3332,9995 S 560,5355 16913,062 13065,25 8518,8955 14971,066 615,6989
1,8159997 B 9586,551 20683,166 14813,928 2367,2896 14614,183 3332,9995 S 560,5355 16913,062 13065,25 8518,8955 14971,066 615,6989
1,8160005 B 9586,551 20683,166 14813,928 2367,2896 14614,183 3332,9995 S 560,5355 16913,062 13065,25 8518,8955 14971,066 615,6989
1,8160002 B 9586,551 20683,166 14813,928 2367,2896 14614,183 3332,9995 S 560,5355 16913,062 13065,25 8518,8955 14971,066 615,6989
1,8160003 B 9586,551 20683,166 14813,928 2367,2896 14614,183 3332,9995 S 560,5355 16913,062 13065,25 8518,8955 14971,066 615,6989
1,816 B 9586,551 20683,166 14813,928 2367,2896 14614,183 3332,9995 S 560,5355 16913,062 13065,25 8518,8955 14971,066 615,6989
1,8160002 B 9586,551 20683,166 14813,928 2367,2896 14614,183 3332,9995 S 560,5355 16913,062 13065,25 8518,8955 14971,066 615,6989
1,8159996 B 9586,551 20683,166 14813,928 2367,2896 14614,183 3332,9995 S 560,5355 16913,062 13065,25 8518,8955 14971,066 615,6989
1,8159996 B 9586,551 20683,166 14813,928 2367,2896 14614,183 3332,9995 S 560,5355 16913,062 13065,25 8518,8955 14971,066 615,6989
1,8160002 B 9586,551 20683,166 14813,928 2367,2896 14614,183 3332,9995 S 560,5355 16913,062 13065,25 8518,8955 14971,066 615,6989
1,8159999 B 9586,551 20683,166 14813,928 2367,2896 14614,183 3332,9995 S 560,5355 16913,062 13065,25 8518,8955 14971,066 615,6989
1,8159992 B 9586,551 20683,166 14813,928 2367,2896 14614,183 3332,9995 S 560,5355 16913,062 13065,25 8518,8955 14971,066 615,6989
1,8160006 B 9586,551 20683,166 14813,928 2367,2896 14614,183 3332,9995 S 560,5355 16913,062 13065,25 8518,8955 14971,066 615,6989
1,8159996 B 9586,551 20683,166 14813,928 2367,2896 14614,183 3332,9995 S 560,5355 16913,062 13065,25 8518,8955 14971,066 615,6989
1,816 B 9586,551 20683,166 14813,928 2367,2896 14614,183 3332,9995 S 560,5355 16913,062 13065,25 8518,8955 14971,066 615,6989
1,8153123 B 9586,551 20683,166 14813,928 2367,2896 14614,183 3332,9995 S 560,5355 16913,062 13065,25 8518,8955 14971,066 615,6989
1,8150008 B 9586,551 20683,166 14813,928 2367,2896 14614,183 3332,9995 S 560,5355 16913,062 13065,25 8518,8955 14971,066 615,6989
1,815 B 9586,551 20683,166 14813,928 2367,2896 14614,183 3332,9995 S 560,5355 16913,062 13065,25 8518,8955 14971,066 615,6989
1,8150002 B 9586,551 20683,166 14813,928 2367,2896 14614,183 3332,9995 S 560,5355 16913,062 13065,25 8518,8955 14971,066 615,6989
1,815 B 9586,551 20683,166 14813,928 2367,2896 14614,183 3332,9995 S 560,5355 16913,062 13065,25 8518,8955 14971,066 615,6989
1,8149999 B 9586,551 20683,166 14813,928 2367,2896 14614,183 3332,9995 S 560,5355 16913,062 13065,25 8518,8955 14971,066 615,6989
1,8150004 B 9586,551 20683,166 14813,928 2367,2896 14614,183 3332,9995 S 560,5355 16913,062 13065,25 8518,8955 14971,066 615,6989
1,8150002 B 9586,551 20683,166 14813,928 2367,2896 14614,183 3332,9995 S 560,5355 16913,062 13065,25 8518,8955 14971,066 615,6989
1,815 B 9586,551 20683,166 14813,928 2367,2896 14614,183 3332,9995 S 560,5355 16913,062 13065,25 8518,8955 14971,066 615,6989
1,8150002 B 9586,551 20683,166 14813,928 2367,2896 14614,183 3332,9995 S 560,5355 16913,062 13065,25 8518,8955 14971,066 615,6989
1,8150002 B 9586,551 20683,166 14813,928 2367,2896 14614,183 3332,9995 S 560,5355 16913,062 13065,25 8518,8955 14971,066 615,6989
1,8150008 B 9586,551 20683,166 14813,928 2367,2896 14614,183 3332,9995 S 560,5355 16913,062 13065,25 8518,8955 14971,066 615,6989
1,8150002 B 9586,551 20683,166 14813,928 2367,2896 14614,183 3332,9995 S 560,5355 16913,062 13065,25 8518,8955 14971,066 615,6989
1,8150005 B 9586,551 20683,166 14813,928 2367,2896 14614,183 3332,9995 S 560,5355 16913,062 13065,25 8518,8955 14971,066 615,6989
1,8149999 B 9586,551 20683,166 14813,928 2367,2896 14614,183 3332,9995 S 560,5355 16913,062 13065,25 8518,8955 14971,066 615,6989
1,8149999 B 9586,551 20683,166 14813,928 2367,2896 14614,183 3332,9995 S 560,5355 16913,062 13065,25 8518,8955 14971,066 615,6989
1,8150004 B 9586,551 20683,166 14813,928 2367,2896 14614,183 3332,9995 S 560,5355 16913,062 13065,25 8518,8955 14971,066 615,6989
1,8150004 B 9586,551 20683,166 14813,928 2367,2896 14614,183 3332,9995 S 560,5355 16913,062 13065,25 8518,8955 14971,066 615,6989
1,8149995 B 9586,551 20683,166 14813,928 2367,2896 14614,183 3332,9995 S 560,5355 16913,062 13065,25 8518,8955 14971,066 615,6989
1,8163275 B 9586,551 20683,166 14813,928 2367,2896 14614,183 3332,9995 S 560,5355 16913,062 13065,25 8518,8955 14971,066 615,6989
1,8169996 B 9586,551 20683,166 14813,928 2367,2896 14614,183 3332,9995 S 560,5355 16913,062 13065,25 8518,8955 14971,066 615,6989
1,8170005 B 9586,551 20683,166 14813,928 2367,2896 14614,183 3332,9995 S 560,5355 16913,062 13065,25 8518,8955 14971,066 615,6989
1,8169998 B 9586,551 20683,166 14813,928 2367,2896 14614,183 3332,9995 S 560,5355 16913,062 13065,25 8518,8955 14971,066 615,6989
1,817 B 9586,551 20683,166 14813,928 2367,2896 14614,183 3332,9995 S 560,5355 16913,062 13065,25 8518,8955 14971,066 615,6989
1,817 B 9586,551 20683,166 14813,928 2367,2896 14614,183 3332,9995 S 560,5355 16913,062 13065,25 8518,8955 14971,066 615,6989
1,8170002 B 9586,551 20683,166 14813,928 2367,2896 14614,183 3332,9995 S 560,5355 16913,062 13065,25 8518,8955 14971,066 615,6989
1,8169999 B 9586,551 20683,166 14813,928 2367,2896 14614,183 3332,9995 S 560,5355 16913,062 13065,25 8518,8955 14971,066 615,6989
1,817 B 9586,551 20683,166 14813,928 2367,2896 14614,183 3332,9995 S 560,5355 16913,062 13065,25 8518,8955 14971,066 615,6989
1,8169996 B 9586,551 20683,166 14813,928 2367,2896 14614,183 3332,9995 S 560,5355 16913,062 13065,25 8518,8955 14971,066 615,6989
1,8170005 B 9586,551 20683,166 14813,928 2367,2896 14614,183 3332,9995 S 560,5355 16913,062 13065,25 8518,8955 14971,066 615,6989
1,817 B 9586,551 20683,166 14813,928 2367,2896 14614,183 3332,9995 S 560,5355 16913,062 13065,25 8518,8955 14971,066 615,6989
1,8170005 B 9586,551 20683,166 14813,928 2367,2896 14614,183 3332,9995 S 560,5355 16913,062 13065,25 8518,8955 14971,066 615,6989
1,817 B 9586,551 20683,166 14813,928 2367,2896 14614,183 3332,9995 S 560,5355 16913,062 13065,25 8518,8955 14971,066 615,6989
1,817 B 9586,551 20683,166 14813,928 2367,2896 14614,183 3332,9995 S 560,5355 16913,062 13065,25 8518,8955 14971,066 615,6989
1,8169999 B 9586,551 20683,166 14813,928 2367,2896 14614,183 3332,9995 S 560,5355 16913,062 13065,25 8518,8955 14971,066 615,6989
1,8170003 B 9586,551 20683,166 14813,928 2367,2896 14614,183 3332,9995 S 560,5355 16913,062 13065,25 8518,8955 14971,066 615,6989
1,8169997 B 9586,551 20683,166 14813,928 2367,2896 14614,183 3332,9995 S 560,5355 16913,062 13065,25 8518,8955 14971,066 615,6989
1,8170002 B 9586,551 20683,166 14813,928 2367,2896 14614,183 3332,9995 S 560,5355 16913,062 13065,25 8518,8955 14971,066 615,6989
1,8169998 B 9586,551 20683,166 14813,928 2367,2896 14614,183 3332,9995 S 560,5355 16913,062 13065,25 8518,8955 14971,066 615,6989
1,8169996 B 9586,551 20683,166 14813,928 2367,2896 14614,183 3332,9995 S 560,5355 16913,062 13065,25 8518,8955 14971,066 615,6989
1,8160348 B 9586,551 20683,166 14813,928 2367,2896 14614,183 3332,9995 S 560,5355 16913,062 13065,25 8518,8955 14971,066 615,6989
1,8160002 B 9586,551 20683,166 14813,928 2367,2896 14614,183 3332,9995 S 560,5355 16913,062 13065,25 8518,8955 14971,066 615,6989
1,8160001 B 9586,551 20683,166 14813,928 2367,2896 14614,183 3332,9995 S 560,5355 16913,062 13065,25 8518,8955 14971,066 615,6989
1,8160001 B 9586,551 20683,166 14813,928 2367,2896 14614,183 3332,9995 S 560,5355 16913,062 13065,25 8518,8955 14971,066 615,6989
1,8159999 B 9586,551 20683,166 14813,928 2367,2896 14614,183 3332,9995 S 560,5355 16913,062 13065,25 8518,8955 14971,066 615,6989
1,8160002 B 9586,551 20683,166 14813,928 2367,2896 14614,183 3332,9995 S 560,5355 16913,062 13065,25 8518,8955 14971,066 615,6989
1,8160001 B 9586,551 20683,166 14813,928 2367,2896 14614,183 3332,9995 S 560,5355 16913,062 13065,25 8518,8955 14971,066 615,6989
1,8160003 B 9586,551 20683,166 14813,928 2367,2896 14614,183 3332,9995 S 560,5355 16913,062 13065,25 8518,8955 14971,066 615,6989
1,8160001 B 9586,551 20683,166 14813,928 2367,2896 14614,183 3332,9995 S 560,5355 16913,062 13065,25 8518,8955 14971,066 615,6989
1,8159994 B 9586,551 20683,166 14813,928 2367,2896 14614,183 3332,9995 S 560,5355 16913,062 13065,25 8518,8955 14971,066 615,6989
1,8159997 B 9586,551 20683,166 14813,928 2367,2896 14614,183 3332,9995 S 560,5355 16913,062 13065,25 8518,8955 14971,066 615,6989
1,8160005 B 9586,551 20683,166 14813,928 2367,2896 14614,183 3332,9995 S 560,5355 16913,062 13065,25 8518,8955 14971,066 615,6989
1,8160001 B 9586,551 20683,166 14813,928 2367,2896 14614,183 3332,9995 S 560,5355 16913,062 13065,25 8518,8955 14971,066 615,6989
1,8160002 B 9586,551 20683,166 14813,928 2367,2896 14614,183 3332,9995 S 560,5355 16913,062 13065,25 8518,8955 14971,066 615,6989
1,8159997 B 9586,551 20683,166 14813,928 2367,2896 14614,183 3332,9995 S 560,5355 16913,062 13065,25 8518,8955 14971,066 615,6989
1,8160003 B 9586,551 20683,166 14813,928 2367,2896 14614,183 3332,9995 S 560,5355 16913,062 13065,25 8518,8955 14971,066 615,6989
1,8160001 B 9586,551 20683,166 14813,928 2367,2896 14614,183 3332,9995 S 560,5355 16913,062 13065,25 8518,8955 14971,066 615,6989
1,8160006 B 9586,551 20683,166 14813,928 2367,2896 14614,183 3332,9995 S 560,5355 16913,062 13065,25 8518,8955 14971,066 615,6989
1,8160002 B 9586,551 20683,166 14813,928 2367,2896 14614,183 3332,9995 S 560,5355 16913,062 13065,25 8518,8955 14971,066 615,6989
1,8159999 B 9586,551 20683,166 14813,928 2367,2896 14614,183 3332,9995 S 560,5355 16913,062 13065,25 8518,8955 14971,066 615,6989
1,8160003 B 9586,551 20683,166 14813,928 2367,2896 14614,183 3332,9995 S 560,5355 16913,062 13065,25 8518,8955 14971,066 615,6989
1,8159997 B 9586,551 20683,166 14813,928 2367,2896 14614,183 3332,9995 S 560,5355 16913,062 13065,25 8518,8955 14971,066 615,6989
1,8159996 B 9586,551 20683,166 14813,928 2367,2896 14614,183 3332,9995 S 560,5355 16913,062 13065,25 8518,8955 14971,066 615,6989
1,8160001 B 9586,551 20683,166 14813,928 2367,2896 14614,183 3332,9995 S 560,5355 16913,062 13065,25 8518,8955 14971,066 615,6989
1,8160001 B 9586,551 20683,166 14813,928 2367,2896 14614,183 3332,9995 S 560,5355 16913,062 13065,25 8518,8955 14971,066 615,6989
1,8159996 B 9586,551 20683,166 14813,928 2367,2896 14614,183 3332,9995 S 560,5355 16913,062 13065,25 8518,8955 14971,066 615,6989
1,8160002 B 9586,551 20683,166 14813,928 2367,2896 14614,183 3332,9995 S 560,5355 16913,062 13065,25 8518,8955 14971,066 615,6989
1,8159997 B 9586,551 20683,166 14813,928 2367,2896 14614,183 3332,9995 S 560,5355 16913,062 13065,25 8518,8955 14971,066 615,6989
1,816 B 9586,551 20683,166 14813,928 2367,2896 14614,183 3332,9995 S 560,5355 16913,062 13065,25 8518,8955 14971,066 615,6989
1,8160001 B 9586,551 20683,166 14813,928 2367,2896 14614,183 3332,9995 S 560,5355 16913,062 13065,25 8518,8955 14971,066 615,6989
1,8160001 B 9586,551 20683,166 14813,928 2367,2896 14614,183 3332,9995 S 560,5355 16913,062 13065,25 8518,8955 14971,066 615,6989
1,8172606 B 9586,551 20683,166 14813,928 2367,2896 14614,183 3332,9995 S 560,5355 16913,062 13065,25 8518,8955 14971,066 615,6989
1,8174 B 9586,551 20683,166 14813,928 2367,2896 14614,183 3332,9995 S 560,5355 16913,062 13065,25 8518,8955 14971,066 615,6989
1,8170002 B 9586,551 20683,166 14813,928 2367,2896 14614,183 3332,9995 S 560,5355 16913,062 13065,25 8518,8955 14971,066 615,6989
1,8170002 B 9586,551 20683,166 14813,928 2367,2896 14614,183 3332,9995 S 560,5355 16913,062 13065,25 8518,8955 14971,066 615,6989
1,8169998 B 9586,551 20683,166 14813,928 2367,2896 14614,183 3332,9995 S 560,5355 16913,062 13065,25 8518,8955 14971,066 615,6989
