1,7910501
1,798 B 4729,178 8875,732 3444,563 17059,004 3719,3477 6629,6147 S 3476,5652 7373,787 7607,3506 11027,212 8955,267 8670,621
1,7979999 B 4729,178 8875,732 3444,563 17059,004 3719,3477 6629,6147 S 3476,5652 7373,787 7607,3506 11027,212 8955,267 8670,621
1,7982765 B 4729,178 8875,732 3444,563 17059,004 3719,3477 6629,6147 S 3476,5652 7373,787 7607,3506 11027,212 8955,267 8670,621
1,7989994 B 4729,178 8875,732 3444,563 17059,004 3719,3477 6629,6147 S 3476,5652 7373,787 7607,3506 11027,212 8955,267 8670,621
1,7990003 B 4729,178 8875,732 3444,563 17059,004 3719,3477 6629,6147 S 3476,5652 7373,787 7607,3506 11027,212 8955,267 8670,621
1,7989999 B 4729,178 8875,732 3444,563 17059,004 3719,3477 6629,6147 S 3476,5652 7373,787 7607,3506 11027,212 8955,267 8670,621
1,7988571 B 4729,178 8875,732 3444,563 17059,004 3719,3477 6629,6147 S 3476,5652 7373,787 7607,3506 11027,212 8955,267 8670,621
1,7980005 B 4729,178 8875,732 3444,563 17059,004 3719,3477 6629,6147 S 3476,5652 7373,787 7607,3506 11027,212 8955,267 8670,621
1,7985523 B 4729,178 8875,732 3444,563 17059,004 3719,3477 6629,6147 S 3476,5652 7373,787 7607,3506 11027,212 8955,267 8670,621
1,799 B 4729,178 8875,732 3444,563 17059,004 3719,3477 6629,6147 S 3476,5652 7373,787 7607,3506 11027,212 8955,267 8670,621
1,7989998 B 4729,178 8875,732 3444,563 17059,004 3719,3477 6629,6147 S 3476,5652 7373,787 7607,3506 11027,212 8955,267 8670,621
1,7989998 B 4729,178 8875,732 3444,563 17059,004 3719,3477 6629,6147 S 3476,5652 7373,787 7607,3506 11027,212 8955,267 8670,621
1,7989997 B 4729,178 8875,732 3444,563 17059,004 3719,3477 6629,6147 S 3476,5652 7373,787 7607,3506 11027,212 8955,267 8670,621
1,7989998 B 4729,178 8875,732 3444,563 17059,004 3719,3477 6629,6147 S 3476,5652 7373,787 7607,3506 11027,212 8955,267 8670,621
1,7990001 B 4729,178 8875,732 3444,563 17059,004 3719,3477 6629,6147 S 3476,5652 7373,787 7607,3506 11027,212 8955,267 8670,621
1,7989999 B 4729,178 8875,732 3444,563 17059,004 3719,3477 6629,6147 S 3476,5652 7373,787 7607,3506 11027,212 8955,267 8670,621
1,7995725 B 4729,178 8875,732 3444,563 17059,004 3719,3477 6629,6147 S 3476,5652 7373,787 7607,3506 11027,212 8955,267 8670,621
1,8000003 B 4729,178 8875,732 3444,563 17059,004 3719,3477 6629,6147 S 3476,5652 7373,787 7607,3506 11027,212 8955,267 8670,621
1,8000004 B 4729,178 8875,732 3444,563 17059,004 3719,3477 6629,6147 S 3476,5652 7373,787 7607,3506 11027,212 8955,267 8670,621
1,8000005 B 4729,178 8875,732 3444,563 17059,004 3719,3477 6629,6147 S 3476,5652 7373,787 7607,3506 11027,212 8955,267 8670,621
1,8000001 B 4729,178 8875,732 3444,563 17059,004 3719,3477 6629,6147 S 3476,5652 7373,787 7607,3506 11027,212 8955,267 8670,621
1,8000003 B 4729,178 8875,732 3444,563 17059,004 3719,3477 6629,6147 S 3476,5652 7373,787 7607,3506 11027,212 8955,267 8670,621
1,8000004 B 4729,178 8875,732 3444,563 17059,004 3719,3477 6629,6147 S 3476,5652 7373,787 7607,3506 11027,212 8955,267 8670,621
1,7970606 B 4729,178 8875,732 3444,563 17059,004 3719,3477 6629,6147 S 3476,5652 7373,787 7607,3506 11027,212 8955,267 8670,621
1,7968305 B 4729,178 8875,732 3444,563 17059,004 3719,3477 6629,6147 S 3476,5652 7373,787 7607,3506 11027,212 8955,267 8670,621
1,7960007 B 4729,178 8875,732 3444,563 17059,004 3719,3477 6629,6147 S 3476,5652 7373,787 7607,3506 11027,212 8955,267 8670,621
1,7960004 B 4729,178 8875,732 3444,563 17059,004 3719,3477 6629,6147 S 3476,5652 7373,787 7607,3506 11027,212 8955,267 8670,621
1,7959999 B 4729,178 8875,732 3444,563 17059,004 3719,3477 6629,6147 S 3476,5652 7373,787 7607,3506 11027,212 8955,267 8670,621
1,7959995 B 4729,178 8875,732 3444,563 17059,004 3719,3477 6629,6147 S 3476,5652 7373,787 7607,3506 11027,212 8955,267 8670,621
1,7959996 B 4729,178 8875,732 3444,563 17059,004 3719,3477 6629,6147 S 3476,5652 7373,787 7607,3506 11027,212 8955,267 8670,621
1,7959999 B 4729,178 8875,732 3444,563 17059,004 3719,3477 6629,6147 S 3476,5652 7373,787 7607,3506 11027,212 8955,267 8670,621
1,7960001 B 4729,178 8875,732 3444,563 17059,004 3719,3477 6629,6147 S 3476,5652 7373,787 7607,3506 11027,212 8955,267 8670,621
1,7960006 B 4729,178 8875,732 3444,563 17059,004 3719,3477 6629,6147 S 3476,5652 7373,787 7607,3506 11027,212 8955,267 8670,621
1,7959999 B 4729,178 8875,732 3444,563 17059,004 3719,3477 6629,6147 S 3476,5652 7373,787 7607,3506 11027,212 8955,267 8670,621
1,796 B 4729,178 8875,732 3444,563 17059,004 3719,3477 6629,6147 S 3476,5652 7373,787 7607,3506 11027,212 8955,267 8670,621
1,7959999 B 4729,178 8875,732 3444,563 17059,004 3719,3477 6629,6147 S 3476,5652 7373,787 7607,3506 11027,212 8955,267 8670,621
1,7959995 B 4729,178 8875,732 3444,563 17059,004 3719,3477 6629,6147 S 3476,5652 7373,787 7607,3506 11027,212 8955,267 8670,621
1,7959996 B 4729,178 8875,732 3444,563 17059,004 3719,3477 6629,6147 S 3476,5652 7373,787 7607,3506 11027,212 8955,267 8670,621
1,7959998 B 4729,178 8875,732 3444,563 17059,004 3719,3477 6629,6147 S 3476,5652 7373,787 7607,3506 11027,212 8955,267 8670,621
1,7960004 B 4729,178 8875,732 3444,563 17059,004 3719,3477 6629,6147 S 3476,5652 7373,787 7607,3506 11027,212 8955,267 8670,621
1,7959994 B 4729,178 8875,732 3444,563 17059,004 3719,3477 6629,6147 S 3476,5652 7373,787 7607,3506 11027,212 8955,267 8670,621
1,7959998 B 4729,178 8875,732 3444,563 17059,004 3719,3477 6629,6147 S 3476,5652 7373,787 7607,3506 11027,212 8955,267 8670,621
1,7959998 B 4729,178 8875,732 3444,563 17059,004 3719,3477 6629,6147 S 3476,5652 7373,787 7607,3506 11027,212 8955,267 8670,621
1,7959999 B 4729,178 8875,732 3444,563 17059,004 3719,3477 6629,6147 S 3476,5652 7373,787 7607,3506 11027,212 8955,267 8670,621
1,7959996 B 4729,178 8875,732 3444,563 17059,004 3719,3477 6629,6147 S 3476,5652 7373,787 7607,3506 11027,212 8955,267 8670,621
1,796 B 4729,178 8875,732 3444,563 17059,004 3719,3477 6629,6147 S 3476,5652 7373,787 7607,3506 11027,212 8955,267 8670,621
1,7959999 B 4729,178 8875,732 3444,563 17059,004 3719,3477 6629,6147 S 3476,5652 7373,787 7607,3506 11027,212 8955,267 8670,621
1,7960006 B 4729,178 8875,732 3444,563 17059,004 3719,3477 6629,6147 S 3476,5652 7373,787 7607,3506 11027,212 8955,267 8670,621
1,796 B 4729,178 8875,732 3444,563 17059,004 3719,3477 6629,6147 S 3476,5652 7373,787 7607,3506 11027,212 8955,267 8670,621
1,796 B 4729,178 8875,732 3444,563 17059,004 3719,3477 6629,6147 S 3476,5652 7373,787 7607,3506 11027,212 8955,267 8670,621
1,7959999 B 4729,178 8875,732 3444,563 17059,004 3719,3477 6629,6147 S 3476,5652 7373,787 7607,3506 11027,212 8955,267 8670,621
1,796 B 4729,178 8875,732 3444,563 17059,004 3719,3477 6629,6147 S 3476,5652 7373,787 7607,3506 11027,212 8955,267 8670,621
1,7960006 B 4729,178 8875,732 3444,563 17059,004 3719,3477 6629,6147 S 3476,5652 7373,787 7607,3506 11027,212 8955,267 8670,621
1,7959998 B 4729,178 8875,732 3444,563 17059,004 3719,3477 6629,6147 S 3476,5652 7373,787 7607,3506 11027,212 8955,267 8670,621
1,7960001 B 4729,178 8875,732 3444,563 17059,004 3719,3477 6629,6147 S 3476,5652 7373,787 7607,3506 11027,212 8955,267 8670,621
1,7959999 B 4729,178 8875,732 3444,563 17059,004 3719,3477 6629,6147 S 3476,5652 7373,787 7607,3506 11027,212 8955,267 8670,621
1,7960004 B 4729,178 8875,732 3444,563 17059,004 3719,3477 6629,6147 S 3476,5652 7373,787 7607,3506 11027,212 8955,267 8670,621
1,7960002 B 4729,178 8875,732 3444,563 17059,004 3719,3477 6629,6147 S 3476,5652 7373,787 7607,3506 11027,212 8955,267 8670,621
1,796 B 4729,178 8875,732 3444,563 17059,004 3719,3477 6629,6147 S 3476,5652 7373,787 7607,3506 11027,212 8955,267 8670,621
1,7960001 B 4729,178 8875,732 3444,563 17059,004 3719,3477 6629,6147 S 3476,5652 7373,787 7607,3506 11027,212 8955,267 8670,621
1,7960001 B 4729,178 8875,732 3444,563 17059,004 3719,3477 6629,6147 S 3476,5652 7373,787 7607,3506 11027,212 8955,267 8670,621
1,7960002 B 4729,178 8875,732 3444,563 17059,004 3719,3477 6629,6147 S 3476,5652 7373,787 7607,3506 11027,212 8955,267 8670,621
1,7959996 B 4729,178 8875,732 3444,563 17059,004 3719,3477 6629,6147 S 3476,5652 7373,787 7607,3506 11027,212 8955,267 8670,621
1,796 B 4729,178 8875,732 3444,563 17059,004 3719,3477 6629,6147 S 3476,5652 7373,787 7607,3506 11027,212 8955,267 8670,621
1,796 B 4729,178 8875,732 3444,563 17059,004 3719,3477 6629,6147 S 3476,5652 7373,787 7607,3506 11027,212 8955,267 8670,621
1,7960001 B 4729,178 8875,732 3444,563 17059,004 3719,3477 6629,6147 S 3476,5652 7373,787 7607,3506 11027,212 8955,267 8670,621
1,7959998 B 4729,178 8875,732 3444,563 17059,004 3719,3477 6629,6147 S 3476,5652 7373,787 7607,3506 11027,212 8955,267 8670,621
1,796 B 4729,178 8875,732 3444,563 17059,004 3719,3477 6629,6147 S 3476,5652 7373,787 7607,3506 11027,212 8955,267 8670,621
1,796 B 4729,178 8875,732 3444,563 17059,004 3719,3477 6629,6147 S 3476,5652 7373,787 7607,3506 11027,212 8955,267 8670,621
1,7960001 B 4729,178 8875,732 3444,563 17059,004 3719,3477 6629,6147 S 3476,5652 7373,787 7607,3506 11027,212 8955,267 8670,621
1,7960002 B 4729,178 8875,732 3444,563 17059,004 3719,3477 6629,6147 S 3476,5652 7373,787 7607,3506 11027,212 8955,267 8670,621
1,7960002 B 4729,178 8875,732 3444,563 17059,004 3719,3477 6629,6147 S 3476,5652 7373,787 7607,3506 11027,212 8955,267 8670,621
1,7959999 B 4729,178 8875,732 3444,563 17059,004 3719,3477 6629,6147 S 3476,5652 7373,787 7607,3506 11027,212 8955,267 8670,621
1,7959996 B 4729,178 8875,732 3444,563 17059,004 3719,3477 6629,6147 S 3476,5652 7373,787 7607,3506 11027,212 8955,267 8670,621
1,7960002 B 4729,178 8875,732 3444,563 17059,004 3719,3477 6629,6147 S 3476,5652 7373,787 7607,3506 11027,212 8955,267 8670,621
1,796 B 4729,178 8875,732 3444,563 17059,004 3719,3477 6629,6147 S 3476,5652 7373,787 7607,3506 11027,212 8955,267 8670,621
1,7959998 B 4729,178 8875,732 3444,563 17059,004 3719,3477 6629,6147 S 3476,5652 7373,787 7607,3506 11027,212 8955,267 8670,621
1,7960006 B 4729,178 8875,732 3444,563 17059,004 3719,3477 6629,6147 S 3476,5652 7373,787 7607,3506 11027,212 8955,267 8670,621
1,7960001 B 4729,178 8875,732 3444,563 17059,004 3719,3477 6629,6147 S 3476,5652 7373,787 7607,3506 11027,212 8955,267 8670,621
1,7959996 B 4729,178 8875,732 3444,563 17059,004 3719,3477 6629,6147 S 3476,5652 7373,787 7607,3506 11027,212 8955,267 8670,621
1,7960002 B 4729,178 8875,732 3444,563 17059,004 3719,3477 6629,6147 S 3476,5652 7373,787 7607,3506 11027,212 8955,267 8670,621
1,7959999 B 4729,178 8875,732 3444,563 17059,004 3719,3477 6629,6147 S 3476,5652 7373,787 7607,3506 11027,212 8955,267 8670,621
1,7959998 B 4729,178 8875,732 3444,563 17059,004 3719,3477 6629,6147 S 3476,5652 7373,787 7607,3506 11027,212 8955,267 8670,621
1,796 B 4729,178 8875,732 3444,563 17059,004 3719,3477 6629,6147 S 3476,5652 7373,787 7607,3506 11027,212 8955,267 8670,621
1,7945637 B 4729,178 8875,732 3444,563 17059,004 3719,3477 6629,6147 S 3476,5652 7373,787 7607,3506 11027,212 8955,267 8670,621
1,794 B 4729,178 8875,732 3444,563 17059,004 3719,3477 6629,6147 S 3476,5652 7373,787 7607,3506 11027,212 8955,267 8670,621
1,794 B 4729,178 8875,732 3444,563 17059,004 3719,3477 6629,6147 S 3476,5652 7373,787 7607,3506 11027,212 8955,267 8670,621
1,794 B 4729,178 8875,732 3444,563 17059,004 3719,3477 6629,6147 S 3476,5652 7373,787 7607,3506 11027,212 8955,267 8670,621
1,7939999 B 4729,178 8875,732 3444,563 17059,004 3719,3477 6629,6147 S 3476,5652 7373,787 7607,3506 11027,212 8955,267 8670,621
1,794 B 4729,178 8875,732 3444,563 17059,004 3719,3477 6629,6147 S 3476,5652 7373,787 7607,3506 11027,212 8955,267 8670,621
1,7940003 B 4729,178 8875,732 3444,563 17059,004 3719,3477 6629,6147 S 3476,5652 7373,787 7607,3506 11027,212 8955,267 8670,621
1,7939998 B 4729,178 8875,732 3444,563 17059,004 3719,3477 6629,6147 S 3476,5652 7373,787 7607,3506 11027,212 8955,267 8670,621
1,7940001 B 4729,178 8875,732 3444,563 17059,004 3719,3477 6629,6147 S 3476,5652 7373,787 7607,3506 11027,212 8955,267 8670,621
1,7939999 B 4729,178 8875,732 3444,563 17059,004 3719,3477 6629,6147 S 3476,5652 7373,787 7607,3506 11027,212 8955,267 8670,621
1,794633 B 4729,178 8875,732 3444,563 17059,004 3719,3477 6629,6147 S 3476,5652 7373,787 7607,3506 11027,212 8955,267 8670,621
1,7950004 B 4729,178 8875,732 3444,563 17059,004 3719,3477 6629,6147 S 3476,5652 7373,787 7607,3506 11027,212 8955,267 8670,621
1,7950003 B 4729,178 8875,732 3444,563 17059,004 3719,3477 6629,6147 S 3476,5652 7373,787 7607,3506 11027,212 8955,267 8670,621
1,7950001 B 4729,178 8875,732 3444,563 17059,004 3719,3477 6629,6147 S 3476,5652 7373,787 7607,3506 11027,212 8955,267 8670,621
1,7949998 B 4729,178 8875,732 3444,563 17059,004 3719,3477 6629,6147 S 3476,5652 7373,787 7607,3506 11027,212 8955,267 8670,621
1,795 B 4729,178 8875,732 3444,563 17059,004 3719,3477 6629,6147 S 3476,5652 7373,787 7607,3506 11027,212 8955,267 8670,621
1,7950004 B 4729,178 8875,732 3444,563 17059,004 3719,3477 6629,6147 S 3476,5652 7373,787 7607,3506 11027,212 8955,267 8670,621
1,795 B 4729,178 8875,732 3444,563 17059,004 3719,3477 6629,6147 S 3476,5652 7373,787 7607,3506 11027,212 8955,267 8670,621
1,7950001 B 4729,178 8875,732 3444,563 17059,004 3719,3477 6629,6147 S 3476,5652 7373,787 7607,3506 11027,212 8955,267 8670,621
1,7949998 B 4729,178 8875,732 3444,563 17059,004 3719,3477 6629,6147 S 3476,5652 7373,787 7607,3506 11027,212 8955,267 8670,621
1,7950002 B 4729,178 8875,732 3444,563 17059,004 3719,3477 6629,6147 S 3476,5652 7373,787 7607,3506 11027,212 8955,267 8670,621
1,7949998 B 4729,178 8875,732 3444,563 17059,004 3719,3477 6629,6147 S 3476,5652 7373,787 7607,3506 11027,212 8955,267 8670,621
1,7950006 B 4729,178 8875,732 3444,563 17059,004 3719,3477 6629,6147 S 3476,5652 7373,787 7607,3506 11027,212 8955,267 8670,621
1,7949995 B 4729,178 8875,732 3444,563 17059,004 3719,3477 6629,6147 S 3476,5652 7373,787 7607,3506 11027,212 8955,267 8670,621
1,7949997 B 4729,178 8875,732 3444,563 17059,004 3719,3477 6629,6147 S 3476,5652 7373,787 7607,3506 11027,212 8955,267 8670,621
1,7949997 B 4729,178 8875,732 3444,563 17059,004 3719,3477 6629,6147 S 3476,5652 7373,787 7607,3506 11027,212 8955,267 8670,621
1,793837 B 4729,178 8875,732 3444,563 17059,004 3719,3477 6629,6147 S 3476,5652 7373,787 7607,3506 11027,212 8955,267 8670,621
1,7939268 B 4729,178 8875,732 3444,563 17059,004 3719,3477 6629,6147 S 3476,5652 7373,787 7607,3506 11027,212 8955,267 8670,621
1,7940004 B 4729,178 8875,732 3444,563 17059,004 3719,3477 6629,6147 S 3476,5652 7373,787 7607,3506 11027,212 8955,267 8670,621
1,7940001 B 4729,178 8875,732 3444,563 17059,004 3719,3477 6629,6147 S 3476,5652 7373,787 7607,3506 11027,212 8955,267 8670,621
1,793146 B 4729,178 8875,732 3444,563 17059,004 3719,3477 6629,6147 S 3476,5652 7373,787 7607,3506 11027,212 8955,267 8670,621
1,7929999 B 4729,178 8875,732 3444,563 17059,004 3719,3477 6629,6147 S 3476,5652 7373,787 7607,3506 11027,212 8955,267 8670,621
1,7929995 B 4729,178 8875,732 3444,563 17059,004 3719,3477 6629,6147 S 3476,5652 7373,787 7607,3506 11027,212 8955,267 8670,621
1,7947567 B 4729,178 8875,732 3444,563 17059,004 3719,3477 6629,6147 S 3476,5652 7373,787 7607,3506 11027,212 8955,267 8670,621
1,7960001 B 4729,178 8875,732 3444,563 17059,004 3719,3477 6629,6147 S 3476,5652 7373,787 7607,3506 11027,212 8955,267 8670,621
1,7960004 B 4729,178 8875,732 3444,563 17059,004 3719,3477 6629,6147 S 3476,5652 7373,787 7607,3506 11027,212 8955,267 8670,621
1,7960001 B 4729,178 8875,732 3444,563 17059,004 3719,3477 6629,6147 S 3476,5652 7373,787 7607,3506 11027,212 8955,267 8670,621
1,7960002 B 4729,178 8875,732 3444,563 17059,004 3719,3477 6629,6147 S 3476,5652 7373,787 7607,3506 11027,212 8955,267 8670,621
1,7968034 B 4729,178 8875,732 3444,563 17059,004 3719,3477 6629,6147 S 3476,5652 7373,787 7607,3506 11027,212 8955,267 8670,621
1,7970002 B 4729,178 8875,732 3444,563 17059,004 3719,3477 6629,6147 S 3476,5652 7373,787 7607,3506 11027,212 8955,267 8670,621
1,7970002 B 4729,178 8875,732 3444,563 17059,004 3719,3477 6629,6147 S 3476,5652 7373,787 7607,3506 11027,212 8955,267 8670,621
1,7970004 B 4729,178 8875,732 3444,563 17059,004 3719,3477 6629,6147 S 3476,5652 7373,787 7607,3506 11027,212 8955,267 8670,621
1,7969995 B 4729,178 8875,732 3444,563 17059,004 3719,3477 6629,6147 S 3476,5652 7373,787 7607,3506 11027,212 8955,267 8670,621
1,7970002 B 4729,178 8875,732 3444,563 17059,004 3719,3477 6629,6147 S 3476,5652 7373,787 7607,3506 11027,212 8955,267 8670,621
1,7970003 B 4729,178 8875,732 3444,563 17059,004 3719,3477 6629,6147 S 3476,5652 7373,787 7607,3506 11027,212 8955,267 8670,621
1,7970005 B 4729,178 8875,732 3444,563 17059,004 3719,3477 6629,6147 S 3476,5652 7373,787 7607,3506 11027,212 8955,267 8670,621
1,7970008 B 4729,178 8875,732 3444,563 17059,004 3719,3477 6629,6147 S 3476,5652 7373,787 7607,3506 11027,212 8955,267 8670,621
1,7969996 B 4729,178 8875,732 3444,563 17059,004 3719,3477 6629,6147 S 3476,5652 7373,787 7607,3506 11027,212 8955,267 8670,621
1,7970004 B 4729,178 8875,732 3444,563 17059,004 3719,3477 6629,6147 S 3476,5652 7373,787 7607,3506 11027,212 8955,267 8670,621
1,797 B 4729,178 8875,732 3444,563 17059,004 3719,3477 6629,6147 S 3476,5652 7373,787 7607,3506 11027,212 8955,267 8670,621
1,795773 B 4729,178 8875,732 3444,563 17059,004 3719,3477 6629,6147 S 3476,5652 7373,787 7607,3506 11027,212 8955,267 8670,621
1,7953613 B 4729,178 8875,732 3444,563 17059,004 3719,3477 6629,6147 S 3476,5652 7373,787 7607,3506 11027,212 8955,267 8670,621
1,7959999 B 4729,178 8875,732 3444,563 17059,004 3719,3477 6629,6147 S 3476,5652 7373,787 7607,3506 11027,212 8955,267 8670,621
1,796 B 4729,178 8875,732 3444,563 17059,004 3719,3477 6629,6147 S 3476,5652 7373,787 7607,3506 11027,212 8955,267 8670,621
1,7960002 B 4729,178 8875,732 3444,563 17059,004 3719,3477 6629,6147 S 3476,5652 7373,787 7607,3506 11027,212 8955,267 8670,621
1,7960004 B 4729,178 8875,732 3444,563 17059,004 3719,3477 6629,6147 S 3476,5652 7373,787 7607,3506 11027,212 8955,267 8670,621
1,7960001 B 4729,178 8875,732 3444,563 17059,004 3719,3477 6629,6147 S 3476,5652 7373,787 7607,3506 11027,212 8955,267 8670,621
1,7959995 B 4729,178 8875,732 3444,563 17059,004 3719,3477 6629,6147 S 3476,5652 7373,787 7607,3506 11027,212 8955,267 8670,621
1,7960002 B 4729,178 8875,732 3444,563 17059,004 3719,3477 6629,6147 S 3476,5652 7373,787 7607,3506 11027,212 8955,267 8670,621
1,796 B 4729,178 8875,732 3444,563 17059,004 3719,3477 6629,6147 S 3476,5652 7373,787 7607,3506 11027,212 8955,267 8670,621
1,7939042 B 4729,178 8875,732 3444,563 17059,004 3719,3477 6629,6147 S 3476,5652 7373,787 7607,3506 11027,212 8955,267 8670,621
1,7929999 B 4729,178 8875,732 3444,563 17059,004 3719,3477 6629,6147 S 3476,5652 7373,787 7607,3506 11027,212 8955,267 8670,621
1,7929999 B 4729,178 8875,732 3444,563 17059,004 3719,3477 6629,6147 S 3476,5652 7373,787 7607,3506 11027,212 8955,267 8670,621
1,793 B 4729,178 8875,732 3444,563 17059,004 3719,3477 6629,6147 S 3476,5652 7373,787 7607,3506 11027,212 8955,267 8670,621
1,7949666 B 4729,178 8875,732 3444,563 17059,004 3719,3477 6629,6147 S 3476,5652 7373,787 7607,3506 11027,212 8955,267 8670,621
1,7959405 B 4729,178 8875,732 3444,563 17059,004 3719,3477 6629,6147 S 3476,5652 7373,787 7607,3506 11027,212 8955,267 8670,621
1,7959995 B 4729,178 8875,732 3444,563 17059,004 3719,3477 6629,6147 S 3476,5652 7373,787 7607,3506 11027,212 8955,267 8670,621
1,7960002 B 4729,178 8875,732 3444,563 17059,004 3719,3477 6629,6147 S 3476,5652 7373,787 7607,3506 11027,212 8955,267 8670,621
1,796 B 4729,178 8875,732 3444,563 17059,004 3719,3477 6629,6147 S 3476,5652 7373,787 7607,3506 11027,212 8955,267 8670,621
1,7959996 B 4729,178 8875,732 3444,563 17059,004 3719,3477 6629,6147 S 3476,5652 7373,787 7607,3506 11027,212 8955,267 8670,621
1,7966124 B 4729,178 8875,732 3444,563 17059,004 3719,3477 6629,6147 S 3476,5652 7373,787 7607,3506 11027,212 8955,267 8670,621
1,7972718 B 4729,178 8875,732 3444,563 17059,004 3719,3477 6629,6147 S 3476,5652 7373,787 7607,3506 11027,212 8955,267 8670,621
1,7979999 B 4729,178 8875,732 3444,563 17059,004 3719,3477 6629,6147 S 3476,5652 7373,787 7607,3506 11027,212 8955,267 8670,621
1,7980001 B 4729,178 8875,732 3444,563 17059,004 3719,3477 6629,6147 S 3476,5652 7373,787 7607,3506 11027,212 8955,267 8670,621
1,7980006 B 4729,178 8875,732 3444,563 17059,004 3719,3477 6629,6147 S 3476,5652 7373,787 7607,3506 11027,212 8955,267 8670,621
1,7989765 B 4729,178 8875,732 3444,563 17059,004 3719,3477 6629,6147 S 3476,5652 7373,787 7607,3506 11027,212 8955,267 8670,621
1,7989994 B 4729,178 8875,732 3444,563 17059,004 3719,3477 6629,6147 S 3476,5652 7373,787 7607,3506 11027,212 8955,267 8670,621
1,7984755 B 4729,178 8875,732 3444,563 17059,004 3719,3477 6629,6147 S 3476,5652 7373,787 7607,3506 11027,212 8955,267 8670,621
1,7980005 B 4729,178 8875,732 3444,563 17059,004 3719,3477 6629,6147 S 3476,5652 7373,787 7607,3506 11027,212 8955,267 8670,621
1,798 B 4729,178 8875,732 3444,563 17059,004 3719,3477 6629,6147 S 3476,5652 7373,787 7607,3506 11027,212 8955,267 8670,621
1,7979999 B 4729,178 8875,732 3444,563 17059,004 3719,3477 6629,6147 S 3476,5652 7373,787 7607,3506 11027,212 8955,267 8670,621
1,798 B 4729,178 8875,732 3444,563 17059,004 3719,3477 6629,6147 S 3476,5652 7373,787 7607,3506 11027,212 8955,267 8670,621
1,7980005 B 4729,178 8875,732 3444,563 17059,004 3719,3477 6629,6147 S 3476,5652 7373,787 7607,3506 11027,212 8955,267 8670,621
1,7980003 B 4729,178 8875,732 3444,563 17059,004 3719,3477 6629,6147 S 3476,5652 7373,787 7607,3506 11027,212 8955,267 8670,621
1,7980002 B 4729,178 8875,732 3444,563 17059,004 3719,3477 6629,6147 S 3476,5652 7373,787 7607,3506 11027,212 8955,267 8670,621
1,7970847 B 4729,178 8875,732 3444,563 17059,004 3719,3477 6629,6147 S 3476,5652 7373,787 7607,3506 11027,212 8955,267 8670,621
1,7969996 B 4729,178 8875,732 3444,563 17059,004 3719,3477 6629,6147 S 3476,5652 7373,787 7607,3506 11027,212 8955,267 8670,621
1,7970004 B 4729,178 8875,732 3444,563 17059,004 3719,3477 6629,6147 S 3476,5652 7373,787 7607,3506 11027,212 8955,267 8670,621
1,7982426 B 4729,178 8875,732 3444,563 17059,004 3719,3477 6629,6147 S 3476,5652 7373,787 7607,3506 11027,212 8955,267 8670,621
1,799 B 4729,178 8875,732 3444,563 17059,004 3719,3477 6629,6147 S 3476,5652 7373,787 7607,3506 11027,212 8955,267 8670,621
1,799 B 4729,178 8875,732 3444,563 17059,004 3719,3477 6629,6147 S 3476,5652 7373,787 7607,3506 11027,212 8955,267 8670,621
1,7989999 B 4729,178 8875,732 3444,563 17059,004 3719,3477 6629,6147 S 3476,5652 7373,787 7607,3506 11027,212 8955,267 8670,621
1,7989998 B 4729,178 8875,732 3444,563 17059,004 3719,3477 6629,6147 S 3476,5652 7373,787 7607,3506 11027,212 8955,267 8670,621
1,799 B 4729,178 8875,732 3444,563 17059,004 3719,3477 6629,6147 S 3476,5652 7373,787 7607,3506 11027,212 8955,267 8670,621
1,799 B 4729,178 8875,732 3444,563 17059,004 3719,3477 6629,6147 S 3476,5652 7373,787 7607,3506 11027,212 8955,267 8670,621
1,7990003 B 4729,178 8875,732 3444,563 17059,004 3719,3477 6629,6147 S 3476,5652 7373,787 7607,3506 11027,212 8955,267 8670,621
1,799 B 4729,178 8875,732 3444,563 17059,004 3719,3477 6629,6147 S 3476,5652 7373,787 7607,3506 11027,212 8955,267 8670,621
1,7989998 B 4729,178 8875,732 3444,563 17059,004 3719,3477 6629,6147 S 3476,5652 7373,787 7607,3506 11027,212 8955,267 8670,621
1,7987348 B 4729,178 8875,732 3444,563 17059,004 3719,3477 6629,6147 S 3476,5652 7373,787 7607,3506 11027,212 8955,267 8670,621
1,7960522 B 4729,178 8875,732 3444,563 17059,004 3719,3477 6629,6147 S 3476,5652 7373,787 7607,3506 11027,212 8955,267 8670,621
1,7937521 B 4729,178 8875,732 3444,563 17059,004 3719,3477 6629,6147 S 3476,5652 7373,787 7607,3506 11027,212 8955,267 8670,621
1,7921617 B 4729,178 8875,732 3444,563 17059,004 3719,3477 6629,6147 S 3476,5652 7373,787 7607,3506 11027,212 8955,267 8670,621
1,7917999 B 4729,178 8875,732 3444,563 17059,004 3719,3477 6629,6147 S 3476,5652 7373,787 7607,3506 11027,212 8955,267 8670,621
1,7913288 B 4729,178 8875,732 3444,563 17059,004 3719,3477 6629,6147 S 3476,5652 7373,787 7607,3506 11027,212 8955,267 8670,621
1,7860794 B 4729,178 8875,732 3444,563 17059,004 3719,3477 6629,6147 S 3476,5652 7373,787 7607,3506 11027,212 8955,267 8670,621
1,7827053 B 4729,178 8875,732 3444,563 17059,004 3719,3477 6629,6147 S 3476,5652 7373,787 7607,3506 11027,212 8955,267 8670,621
1,7713565 B 4729,178 8875,732 3444,563 17059,004 3719,3477 6629,6147 S 3476,5652 7373,787 7607,3506 11027,212 8955,267 8670,621
1,7663516 B 4729,178 8875,732 3444,563 17059,004 3719,3477 6629,6147 S 3476,5652 7373,787 7607,3506 11027,212 8955,267 8670,621
1,7735924 B 4729,178 8875,732 3444,563 17059,004 3719,3477 6629,6147 S 3476,5652 7373,787 7607,3506 11027,212 8955,267 8670,621
1,7732316 B 4729,178 8875,732 3444,563 17059,004 3719,3477 6629,6147 S 3476,5652 7373,787 7607,3506 11027,212 8955,267 8670,621
1,7739159 B 4729,178 8875,732 3444,563 17059,004 3719,3477 6629,6147 S 3476,5652 7373,787 7607,3506 11027,212 8955,267 8670,621
1,776648 B 4729,178 8875,732 3444,563 17059,004 3719,3477 6629,6147 S 3476,5652 7373,787 7607,3506 11027,212 8955,267 8670,621
1,7777076 B 4729,178 8875,732 3444,563 17059,004 3719,3477 6629,6147 S 3476,5652 7373,787 7607,3506 11027,212 8955,267 8670,621
1,7781453 B 4729,178 8875,732 3444,563 17059,004 3719,3477 6629,6147 S 3476,5652 7373,787 7607,3506 11027,212 8955,267 8670,621
1,7751139 B 4729,178 8875,732 3444,563 17059,004 3719,3477 6629,6147 S 3476,5652 7373,787 7607,3506 11027,212 8955,267 8670,621
1,77266 B 4729,178 8875,732 3444,563 17059,004 3719,3477 6629,6147 S 3476,5652 7373,787 7607,3506 11027,212 8955,267 8670,621
1,7736456 B 4729,178 8875,732 3444,563 17059,004 3719,3477 6629,6147 S 3476,5652 7373,787 7607,3506 11027,212 8955,267 8670,621
1,7694728 B 4729,178 8875,732 3444,563 17059,004 3719,3477 6629,6147 S 3476,5652 7373,787 7607,3506 11027,212 8955,267 8670,621
1,768337 B 4729,178 8875,732 3444,563 17059,004 3719,3477 6629,6147 S 3476,5652 7373,787 7607,3506 11027,212 8955,267 8670,621
1,7637177 B 4729,178 8875,732 3444,563 17059,004 3719,3477 6629,6147 S 3476,5652 7373,787 7607,3506 11027,212 8955,267 8670,621
1,7649806 B 4729,178 8875,732 3444,563 17059,004 3719,3477 6629,6147 S 3476,5652 7373,787 7607,3506 11027,212 8955,267 8670,621
1,7620571 B 4729,178 8875,732 3444,563 17059,004 3719,3477 6629,6147 S 3476,5652 7373,787 7607,3506 11027,212 8955,267 8670,621
1,7678008 B 4729,178 8875,732 3444,563 17059,004 3719,3477 6629,6147 S 3476,5652 7373,787 7607,3506 11027,212 8955,267 8670,621
1,771 B 4729,178 8875,732 3444,563 17059,004 3719,3477 6629,6147 S 3476,5652 7373,787 7607,3506 11027,212 8955,267 8670,621
1,7707844 B 4729,178 8875,732 3444,563 17059,004 3719,3477 6629,6147 S 3476,5652 7373,787 7607,3506 11027,212 8955,267 8670,621
1,766083 B 4729,178 8875,732 3444,563 17059,004 3719,3477 6629,6147 S 3476,5652 7373,787 7607,3506 11027,212 8955,267 8670,621
1,7675774 B 4729,178 8875,732 3444,563 17059,004 3719,3477 6629,6147 S 3476,5652 7373,787 7607,3506 11027,212 8955,267 8670,621
1,7692287 B 4729,178 8875,732 3444,563 17059,004 3719,3477 6629,6147 S 3476,5652 7373,787 7607,3506 11027,212 8955,267 8670,621
1,7676266 B 4729,178 8875,732 3444,563 17059,004 3719,3477 6629,6147 S 3476,5652 7373,787 7607,3506 11027,212 8955,267 8670,621
1,7674673 B 4729,178 8875,732 3444,563 17059,004 3719,3477 6629,6147 S 3476,5652 7373,787 7607,3506 11027,212 8955,267 8670,621
1,7670006 B 4729,178 8875,732 3444,563 17059,004 3719,3477 6629,6147 S 3476,5652 7373,787 7607,3506 11027,212 8955,267 8670,621
1,7714996 B 4729,178 8875,732 3444,563 17059,004 3719,3477 6629,6147 S 3476,5652 7373,787 7607,3506 11027,212 8955,267 8670,621
1,7703329 B 4729,178 8875,732 3444,563 17059,004 3719,3477 6629,6147 S 3476,5652 7373,787 7607,3506 11027,212 8955,267 8670,621
1,7699283 B 4729,178 8875,732 3444,563 17059,004 3719,3477 6629,6147 S 3476,5652 7373,787 7607,3506 11027,212 8955,267 8670,621
1,7683412 B 4729,178 8875,732 3444,563 17059,004 3719,3477 6629,6147 S 3476,5652 7373,787 7607,3506 11027,212 8955,267 8670,621
1,7665492 B 4729,178 8875,732 3444,563 17059,004 3719,3477 6629,6147 S 3476,5652 7373,787 7607,3506 11027,212 8955,267 8670,621
1,7669998 B 4729,178 8875,732 3444,563 17059,004 3719,3477 6629,6147 S 3476,5652 7373,787 7607,3506 11027,212 8955,267 8670,621
1,7673261 B 4729,178 8875,732 3444,563 17059,004 3719,3477 6629,6147 S 3476,5652 7373,787 7607,3506 11027,212 8955,267 8670,621
1,7689092 B 4729,178 8875,732 3444,563 17059,004 3719,3477 6629,6147 S 3476,5652 7373,787 7607,3506 11027,212 8955,267 8670,621
1,7660002 B 4729,178 8875,732 3444,563 17059,004 3719,3477 6629,6147 S 3476,5652 7373,787 7607,3506 11027,212 8955,267 8670,621
1,7660006 B 4729,178 8875,732 3444,563 17059,004 3719,3477 6629,6147 S 3476,5652 7373,787 7607,3506 11027,212 8955,267 8670,621
1,7660002 B 4729,178 8875,732 3444,563 17059,004 3719,3477 6629,6147 S 3476,5652 7373,787 7607,3506 11027,212 8955,267 8670,621
1,770373 B 4729,178 8875,732 3444,563 17059,004 3719,3477 6629,6147 S 3476,5652 7373,787 7607,3506 11027,212 8955,267 8670,621
1,7747722 B 4729,178 8875,732 3444,563 17059,004 3719,3477 6629,6147 S 3476,5652 7373,787 7607,3506 11027,212 8955,267 8670,621
1,7769955 B 4729,178 8875,732 3444,563 17059,004 3719,3477 6629,6147 S 3476,5652 7373,787 7607,3506 11027,212 8955,267 8670,621
1,7767365 B 4729,178 8875,732 3444,563 17059,004 3719,3477 6629,6147 S 3476,5652 7373,787 7607,3506 11027,212 8955,267 8670,621
1,7769805 B 4729,178 8875,732 3444,563 17059,004 3719,3477 6629,6147 S 3476,5652 7373,787 7607,3506 11027,212 8955,267 8670,621
1,7770002 B 4729,178 8875,732 3444,563 17059,004 3719,3477 6629,6147 S 3476,5652 7373,787 7607,3506 11027,212 8955,267 8670,621
1,7770003 B 4729,178 8875,732 3444,563 17059,004 3719,3477 6629,6147 S 3476,5652 7373,787 7607,3506 11027,212 8955,267 8670,621
1,777912 B 4729,178 8875,732 3444,563 17059,004 3719,3477 6629,6147 S 3476,5652 7373,787 7607,3506 11027,212 8955,267 8670,621
1,776917 B 4729,178 8875,732 3444,563 17059,004 3719,3477 6629,6147 S 3476,5652 7373,787 7607,3506 11027,212 8955,267 8670,621
1,77532 B 4729,178 8875,732 3444,563 17059,004 3719,3477 6629,6147 S 3476,5652 7373,787 7607,3506 11027,212 8955,267 8670,621
1,7750001 B 4729,178 8875,732 3444,563 17059,004 3719,3477 6629,6147 S 3476,5652 7373,787 7607,3506 11027,212 8955,267 8670,621
1,7762126 B 4729,178 8875,732 3444,563 17059,004 3719,3477 6629,6147 S 3476,5652 7373,787 7607,3506 11027,212 8955,267 8670,621
1,7761744 B 4729,178 8875,732 3444,563 17059,004 3719,3477 6629,6147 S 3476,5652 7373,787 7607,3506 11027,212 8955,267 8670,621
1,7760005 B 4729,178 8875,732 3444,563 17059,004 3719,3477 6629,6147 S 3476,5652 7373,787 7607,3506 11027,212 8955,267 8670,621
