1,7879964
1,7880001 B 623,46 12086,66 14935,341 11492,65 8351,85 3743,8003 S 7217,6104 10025,541 14134,408 6790,1694 14600,472 270,3
1,7880006 B 623,46 12086,66 14935,341 11492,65 8351,85 3743,8003 S 7217,6104 10025,541 14134,408 6790,1694 14600,472 270,3
1,7880006 B 623,46 12086,66 14935,341 11492,65 8351,85 3743,8003 S 7217,6104 10025,541 14134,408 6790,1694 14600,472 270,3
1,7880001 B 623,46 12086,66 14935,341 11492,65 8351,85 3743,8003 S 7217,6104 10025,541 14134,408 6790,1694 14600,472 270,3
1,7879999 B 623,46 12086,66 14935,341 11492,65 8351,85 3743,8003 S 7217,6104 10025,541 14134,408 6790,1694 14600,472 270,3
1,7880001 B 623,46 12086,66 14935,341 11492,65 8351,85 3743,8003 S 7217,6104 10025,541 14134,408 6790,1694 14600,472 270,3
1,7879996 B 623,46 12086,66 14935,341 11492,65 8351,85 3743,8003 S 7217,6104 10025,541 14134,408 6790,1694 14600,472 270,3
1,788 B 623,46 12086,66 14935,341 11492,65 8351,85 3743,8003 S 7217,6104 10025,541 14134,408 6790,1694 14600,472 270,3
1,7880003 B 623,46 12086,66 14935,341 11492,65 8351,85 3743,8003 S 7217,6104 10025,541 14134,408 6790,1694 14600,472 270,3
1,7879999 B 623,46 12086,66 14935,341 11492,65 8351,85 3743,8003 S 7217,6104 10025,541 14134,408 6790,1694 14600,472 270,3
1,7880002 B 623,46 12086,66 14935,341 11492,65 8351,85 3743,8003 S 7217,6104 10025,541 14134,408 6790,1694 14600,472 270,3
1,788 B 623,46 12086,66 14935,341 11492,65 8351,85 3743,8003 S 7217,6104 10025,541 14134,408 6790,1694 14600,472 270,3
1,7880001 B 623,46 12086,66 14935,341 11492,65 8351,85 3743,8003 S 7217,6104 10025,541 14134,408 6790,1694 14600,472 270,3
1,7879999 B 623,46 12086,66 14935,341 11492,65 8351,85 3743,8003 S 7217,6104 10025,541 14134,408 6790,1694 14600,472 270,3
1,7879996 B 623,46 12086,66 14935,341 11492,65 8351,85 3743,8003 S 7217,6104 10025,541 14134,408 6790,1694 14600,472 270,3
1,7879999 B 623,46 12086,66 14935,341 11492,65 8351,85 3743,8003 S 7217,6104 10025,541 14134,408 6790,1694 14600,472 270,3
1,7880003 B 623,46 12086,66 14935,341 11492,65 8351,85 3743,8003 S 7217,6104 10025,541 14134,408 6790,1694 14600,472 270,3
1,7880006 B 623,46 12086,66 14935,341 11492,65 8351,85 3743,8003 S 7217,6104 10025,541 14134,408 6790,1694 14600,472 270,3
1,7879999 B 623,46 12086,66 14935,341 11492,65 8351,85 3743,8003 S 7217,6104 10025,541 14134,408 6790,1694 14600,472 270,3
1,7880003 B 623,46 12086,66 14935,341 11492,65 8351,85 3743,8003 S 7217,6104 10025,541 14134,408 6790,1694 14600,472 270,3
1,7880003 B 623,46 12086,66 14935,341 11492,65 8351,85 3743,8003 S 7217,6104 10025,541 14134,408 6790,1694 14600,472 270,3
1,7880001 B 623,46 12086,66 14935,341 11492,65 8351,85 3743,8003 S 7217,6104 10025,541 14134,408 6790,1694 14600,472 270,3
1,7879996 B 623,46 12086,66 14935,341 11492,65 8351,85 3743,8003 S 7217,6104 10025,541 14134,408 6790,1694 14600,472 270,3
1,7880002 B 623,46 12086,66 14935,341 11492,65 8351,85 3743,8003 S 7217,6104 10025,541 14134,408 6790,1694 14600,472 270,3
1,7880001 B 623,46 12086,66 14935,341 11492,65 8351,85 3743,8003 S 7217,6104 10025,541 14134,408 6790,1694 14600,472 270,3
1,7880003 B 623,46 12086,66 14935,341 11492,65 8351,85 3743,8003 S 7217,6104 10025,541 14134,408 6790,1694 14600,472 270,3
1,7879997 B 623,46 12086,66 14935,341 11492,65 8351,85 3743,8003 S 7217,6104 10025,541 14134,408 6790,1694 14600,472 270,3
1,7880002 B 623,46 12086,66 14935,341 11492,65 8351,85 3743,8003 S 7217,6104 10025,541 14134,408 6790,1694 14600,472 270,3
1,788 B 623,46 12086,66 14935,341 11492,65 8351,85 3743,8003 S 7217,6104 10025,541 14134,408 6790,1694 14600,472 270,3
1,7879999 B 623,46 12086,66 14935,341 11492,65 8351,85 3743,8003 S 7217,6104 10025,541 14134,408 6790,1694 14600,472 270,3
1,7879999 B 623,46 12086,66 14935,341 11492,65 8351,85 3743,8003 S 7217,6104 10025,541 14134,408 6790,1694 14600,472 270,3
1,788 B 623,46 12086,66 14935,341 11492,65 8351,85 3743,8003 S 7217,6104 10025,541 14134,408 6790,1694 14600,472 270,3
1,7880002 B 623,46 12086,66 14935,341 11492,65 8351,85 3743,8003 S 7217,6104 10025,541 14134,408 6790,1694 14600,472 270,3
1,7880005 B 623,46 12086,66 14935,341 11492,65 8351,85 3743,8003 S 7217,6104 10025,541 14134,408 6790,1694 14600,472 270,3
1,7880003 B 623,46 12086,66 14935,341 11492,65 8351,85 3743,8003 S 7217,6104 10025,541 14134,408 6790,1694 14600,472 270,3
1,7880002 B 623,46 12086,66 14935,341 11492,65 8351,85 3743,8003 S 7217,6104 10025,541 14134,408 6790,1694 14600,472 270,3
1,7879999 B 623,46 12086,66 14935,341 11492,65 8351,85 3743,8003 S 7217,6104 10025,541 14134,408 6790,1694 14600,472 270,3
1,7879997 B 623,46 12086,66 14935,341 11492,65 8351,85 3743,8003 S 7217,6104 10025,541 14134,408 6790,1694 14600,472 270,3
1,7880002 B 623,46 12086,66 14935,341 11492,65 8351,85 3743,8003 S 7217,6104 10025,541 14134,408 6790,1694 14600,472 270,3
1,7880007 B 623,46 12086,66 14935,341 11492,65 8351,85 3743,8003 S 7217,6104 10025,541 14134,408 6790,1694 14600,472 270,3
1,788 B 623,46 12086,66 14935,341 11492,65 8351,85 3743,8003 S 7217,6104 10025,541 14134,408 6790,1694 14600,472 270,3
1,788 B 623,46 12086,66 14935,341 11492,65 8351,85 3743,8003 S 7217,6104 10025,541 14134,408 6790,1694 14600,472 270,3
1,7880001 B 623,46 12086,66 14935,341 11492,65 8351,85 3743,8003 S 7217,6104 10025,541 14134,408 6790,1694 14600,472 270,3
1,7879999 B 623,46 12086,66 14935,341 11492,65 8351,85 3743,8003 S 7217,6104 10025,541 14134,408 6790,1694 14600,472 270,3
1,7880003 B 623,46 12086,66 14935,341 11492,65 8351,85 3743,8003 S 7217,6104 10025,541 14134,408 6790,1694 14600,472 270,3
1,7879997 B 623,46 12086,66 14935,341 11492,65 8351,85 3743,8003 S 7217,6104 10025,541 14134,408 6790,1694 14600,472 270,3
1,7880003 B 623,46 12086,66 14935,341 11492,65 8351,85 3743,8003 S 7217,6104 10025,541 14134,408 6790,1694 14600,472 270,3
1,7880002 B 623,46 12086,66 14935,341 11492,65 8351,85 3743,8003 S 7217,6104 10025,541 14134,408 6790,1694 14600,472 270,3
1,7880001 B 623,46 12086,66 14935,341 11492,65 8351,85 3743,8003 S 7217,6104 10025,541 14134,408 6790,1694 14600,472 270,3
1,7880001 B 623,46 12086,66 14935,341 11492,65 8351,85 3743,8003 S 7217,6104 10025,541 14134,408 6790,1694 14600,472 270,3
1,7880003 B 623,46 12086,66 14935,341 11492,65 8351,85 3743,8003 S 7217,6104 10025,541 14134,408 6790,1694 14600,472 270,3
1,788 B 623,46 12086,66 14935,341 11492,65 8351,85 3743,8003 S 7217,6104 10025,541 14134,408 6790,1694 14600,472 270,3
1,7880002 B 623,46 12086,66 14935,341 11492,65 8351,85 3743,8003 S 7217,6104 10025,541 14134,408 6790,1694 14600,472 270,3
1,7880003 B 623,46 12086,66 14935,341 11492,65 8351,85 3743,8003 S 7217,6104 10025,541 14134,408 6790,1694 14600,472 270,3
1,7880001 B 623,46 12086,66 14935,341 11492,65 8351,85 3743,8003 S 7217,6104 10025,541 14134,408 6790,1694 14600,472 270,3
1,7880001 B 623,46 12086,66 14935,341 11492,65 8351,85 3743,8003 S 7217,6104 10025,541 14134,408 6790,1694 14600,472 270,3
1,7880002 B 623,46 12086,66 14935,341 11492,65 8351,85 3743,8003 S 7217,6104 10025,541 14134,408 6790,1694 14600,472 270,3
1,788 B 623,46 12086,66 14935,341 11492,65 8351,85 3743,8003 S 7217,6104 10025,541 14134,408 6790,1694 14600,472 270,3
1,7880002 B 623,46 12086,66 14935,341 11492,65 8351,85 3743,8003 S 7217,6104 10025,541 14134,408 6790,1694 14600,472 270,3
1,788 B 623,46 12086,66 14935,341 11492,65 8351,85 3743,8003 S 7217,6104 10025,541 14134,408 6790,1694 14600,472 270,3
1,7880002 B 623,46 12086,66 14935,341 11492,65 8351,85 3743,8003 S 7217,6104 10025,541 14134,408 6790,1694 14600,472 270,3
1,7880003 B 623,46 12086,66 14935,341 11492,65 8351,85 3743,8003 S 7217,6104 10025,541 14134,408 6790,1694 14600,472 270,3
1,7879996 B 623,46 12086,66 14935,341 11492,65 8351,85 3743,8003 S 7217,6104 10025,541 14134,408 6790,1694 14600,472 270,3
1,7880001 B 623,46 12086,66 14935,341 11492,65 8351,85 3743,8003 S 7217,6104 10025,541 14134,408 6790,1694 14600,472 270,3
1,7880001 B 623,46 12086,66 14935,341 11492,65 8351,85 3743,8003 S 7217,6104 10025,541 14134,408 6790,1694 14600,472 270,3
1,7880001 B 623,46 12086,66 14935,341 11492,65 8351,85 3743,8003 S 7217,6104 10025,541 14134,408 6790,1694 14600,472 270,3
1,788 B 623,46 12086,66 14935,341 11492,65 8351,85 3743,8003 S 7217,6104 10025,541 14134,408 6790,1694 14600,472 270,3
1,7880003 B 623,46 12086,66 14935,341 11492,65 8351,85 3743,8003 S 7217,6104 10025,541 14134,408 6790,1694 14600,472 270,3
1,7880002 B 623,46 12086,66 14935,341 11492,65 8351,85 3743,8003 S 7217,6104 10025,541 14134,408 6790,1694 14600,472 270,3
1,7879995 B 623,46 12086,66 14935,341 11492,65 8351,85 3743,8003 S 7217,6104 10025,541 14134,408 6790,1694 14600,472 270,3
1,7880002 B 623,46 12086,66 14935,341 11492,65 8351,85 3743,8003 S 7217,6104 10025,541 14134,408 6790,1694 14600,472 270,3
1,7880002 B 623,46 12086,66 14935,341 11492,65 8351,85 3743,8003 S 7217,6104 10025,541 14134,408 6790,1694 14600,472 270,3
1,7880002 B 623,46 12086,66 14935,341 11492,65 8351,85 3743,8003 S 7217,6104 10025,541 14134,408 6790,1694 14600,472 270,3
1,7880002 B 623,46 12086,66 14935,341 11492,65 8351,85 3743,8003 S 7217,6104 10025,541 14134,408 6790,1694 14600,472 270,3
1,7880002 B 623,46 12086,66 14935,341 11492,65 8351,85 3743,8003 S 7217,6104 10025,541 14134,408 6790,1694 14600,472 270,3
1,7880001 B 623,46 12086,66 14935,341 11492,65 8351,85 3743,8003 S 7217,6104 10025,541 14134,408 6790,1694 14600,472 270,3
1,7880005 B 623,46 12086,66 14935,341 11492,65 8351,85 3743,8003 S 7217,6104 10025,541 14134,408 6790,1694 14600,472 270,3
1,788 B 623,46 12086,66 14935,341 11492,65 8351,85 3743,8003 S 7217,6104 10025,541 14134,408 6790,1694 14600,472 270,3
1,7880002 B 623,46 12086,66 14935,341 11492,65 8351,85 3743,8003 S 7217,6104 10025,541 14134,408 6790,1694 14600,472 270,3
1,7880002 B 623,46 12086,66 14935,341 11492,65 8351,85 3743,8003 S 7217,6104 10025,541 14134,408 6790,1694 14600,472 270,3
1,7880001 B 623,46 12086,66 14935,341 11492,65 8351,85 3743,8003 S 7217,6104 10025,541 14134,408 6790,1694 14600,472 270,3
1,7880001 B 623,46 12086,66 14935,341 11492,65 8351,85 3743,8003 S 7217,6104 10025,541 14134,408 6790,1694 14600,472 270,3
1,788 B 623,46 12086,66 14935,341 11492,65 8351,85 3743,8003 S 7217,6104 10025,541 14134,408 6790,1694 14600,472 270,3
1,7880001 B 623,46 12086,66 14935,341 11492,65 8351,85 3743,8003 S 7217,6104 10025,541 14134,408 6790,1694 14600,472 270,3
1,7880005 B 623,46 12086,66 14935,341 11492,65 8351,85 3743,8003 S 7217,6104 10025,541 14134,408 6790,1694 14600,472 270,3
1,788 B 623,46 12086,66 14935,341 11492,65 8351,85 3743,8003 S 7217,6104 10025,541 14134,408 6790,1694 14600,472 270,3
1,788 B 623,46 12086,66 14935,341 11492,65 8351,85 3743,8003 S 7217,6104 10025,541 14134,408 6790,1694 14600,472 270,3
1,7880003 B 623,46 12086,66 14935,341 11492,65 8351,85 3743,8003 S 7217,6104 10025,541 14134,408 6790,1694 14600,472 270,3
1,7880003 B 623,46 12086,66 14935,341 11492,65 8351,85 3743,8003 S 7217,6104 10025,541 14134,408 6790,1694 14600,472 270,3
1,7880001 B 623,46 12086,66 14935,341 11492,65 8351,85 3743,8003 S 7217,6104 10025,541 14134,408 6790,1694 14600,472 270,3
1,7880002 B 623,46 12086,66 14935,341 11492,65 8351,85 3743,8003 S 7217,6104 10025,541 14134,408 6790,1694 14600,472 270,3
1,7879999 B 623,46 12086,66 14935,341 11492,65 8351,85 3743,8003 S 7217,6104 10025,541 14134,408 6790,1694 14600,472 270,3
1,7879997 B 623,46 12086,66 14935,341 11492,65 8351,85 3743,8003 S 7217,6104 10025,541 14134,408 6790,1694 14600,472 270,3
1,7880001 B 623,46 12086,66 14935,341 11492,65 8351,85 3743,8003 S 7217,6104 10025,541 14134,408 6790,1694 14600,472 270,3
1,7880002 B 623,46 12086,66 14935,341 11492,65 8351,85 3743,8003 S 7217,6104 10025,541 14134,408 6790,1694 14600,472 270,3
1,7880007 B 623,46 12086,66 14935,341 11492,65 8351,85 3743,8003 S 7217,6104 10025,541 14134,408 6790,1694 14600,472 270,3
1,7879999 B 623,46 12086,66 14935,341 11492,65 8351,85 3743,8003 S 7217,6104 10025,541 14134,408 6790,1694 14600,472 270,3
1,7880001 B 623,46 12086,66 14935,341 11492,65 8351,85 3743,8003 S 7217,6104 10025,541 14134,408 6790,1694 14600,472 270,3
1,788 B 623,46 12086,66 14935,341 11492,65 8351,85 3743,8003 S 7217,6104 10025,541 14134,408 6790,1694 14600,472 270,3
1,7880003 B 623,46 12086,66 14935,341 11492,65 8351,85 3743,8003 S 7217,6104 10025,541 14134,408 6790,1694 14600,472 270,3
1,788 B 623,46 12086,66 14935,341 11492,65 8351,85 3743,8003 S 7217,6104 10025,541 14134,408 6790,1694 14600,472 270,3
1,7879999 B 623,46 12086,66 14935,341 11492,65 8351,85 3743,8003 S 7217,6104 10025,541 14134,408 6790,1694 14600,472 270,3
1,7880003 B 623,46 12086,66 14935,341 11492,65 8351,85 3743,8003 S 7217,6104 10025,541 14134,408 6790,1694 14600,472 270,3
1,7879996 B 623,46 12086,66 14935,341 11492,65 8351,85 3743,8003 S 7217,6104 10025,541 14134,408 6790,1694 14600,472 270,3
1,7879997 B 623,46 12086,66 14935,341 11492,65 8351,85 3743,8003 S 7217,6104 10025,541 14134,408 6790,1694 14600,472 270,3
1,7880001 B 623,46 12086,66 14935,341 11492,65 8351,85 3743,8003 S 7217,6104 10025,541 14134,408 6790,1694 14600,472 270,3
1,7880002 B 623,46 12086,66 14935,341 11492,65 8351,85 3743,8003 S 7217,6104 10025,541 14134,408 6790,1694 14600,472 270,3
1,7880002 B 623,46 12086,66 14935,341 11492,65 8351,85 3743,8003 S 7217,6104 10025,541 14134,408 6790,1694 14600,472 270,3
1,7880002 B 623,46 12086,66 14935,341 11492,65 8351,85 3743,8003 S 7217,6104 10025,541 14134,408 6790,1694 14600,472 270,3
1,7880002 B 623,46 12086,66 14935,341 11492,65 8351,85 3743,8003 S 7217,6104 10025,541 14134,408 6790,1694 14600,472 270,3
1,7880003 B 623,46 12086,66 14935,341 11492,65 8351,85 3743,8003 S 7217,6104 10025,541 14134,408 6790,1694 14600,472 270,3
1,7880006 B 623,46 12086,66 14935,341 11492,65 8351,85 3743,8003 S 7217,6104 10025,541 14134,408 6790,1694 14600,472 270,3
1,7879999 B 623,46 12086,66 14935,341 11492,65 8351,85 3743,8003 S 7217,6104 10025,541 14134,408 6790,1694 14600,472 270,3
1,7879999 B 623,46 12086,66 14935,341 11492,65 8351,85 3743,8003 S 7217,6104 10025,541 14134,408 6790,1694 14600,472 270,3
1,7880001 B 623,46 12086,66 14935,341 11492,65 8351,85 3743,8003 S 7217,6104 10025,541 14134,408 6790,1694 14600,472 270,3
1,7880001 B 623,46 12086,66 14935,341 11492,65 8351,85 3743,8003 S 7217,6104 10025,541 14134,408 6790,1694 14600,472 270,3
1,7879996 B 623,46 12086,66 14935,341 11492,65 8351,85 3743,8003 S 7217,6104 10025,541 14134,408 6790,1694 14600,472 270,3
1,788 B 623,46 12086,66 14935,341 11492,65 8351,85 3743,8003 S 7217,6104 10025,541 14134,408 6790,1694 14600,472 270,3
1,7880005 B 623,46 12086,66 14935,341 11492,65 8351,85 3743,8003 S 7217,6104 10025,541 14134,408 6790,1694 14600,472 270,3
1,7879999 B 623,46 12086,66 14935,341 11492,65 8351,85 3743,8003 S 7217,6104 10025,541 14134,408 6790,1694 14600,472 270,3
1,7879999 B 623,46 12086,66 14935,341 11492,65 8351,85 3743,8003 S 7217,6104 10025,541 14134,408 6790,1694 14600,472 270,3
1,7880001 B 623,46 12086,66 14935,341 11492,65 8351,85 3743,8003 S 7217,6104 10025,541 14134,408 6790,1694 14600,472 270,3
1,7880001 B 623,46 12086,66 14935,341 11492,65 8351,85 3743,8003 S 7217,6104 10025,541 14134,408 6790,1694 14600,472 270,3
1,7880001 B 623,46 12086,66 14935,341 11492,65 8351,85 3743,8003 S 7217,6104 10025,541 14134,408 6790,1694 14600,472 270,3
1,7880001 B 623,46 12086,66 14935,341 11492,65 8351,85 3743,8003 S 7217,6104 10025,541 14134,408 6790,1694 14600,472 270,3
1,7880003 B 623,46 12086,66 14935,341 11492,65 8351,85 3743,8003 S 7217,6104 10025,541 14134,408 6790,1694 14600,472 270,3
1,788 B 623,46 12086,66 14935,341 11492,65 8351,85 3743,8003 S 7217,6104 10025,541 14134,408 6790,1694 14600,472 270,3
1,7880008 B 623,46 12086,66 14935,341 11492,65 8351,85 3743,8003 S 7217,6104 10025,541 14134,408 6790,1694 14600,472 270,3
1,7880001 B 623,46 12086,66 14935,341 11492,65 8351,85 3743,8003 S 7217,6104 10025,541 14134,408 6790,1694 14600,472 270,3
1,7880001 B 623,46 12086,66 14935,341 11492,65 8351,85 3743,8003 S 7217,6104 10025,541 14134,408 6790,1694 14600,472 270,3
1,7880002 B 623,46 12086,66 14935,341 11492,65 8351,85 3743,8003 S 7217,6104 10025,541 14134,408 6790,1694 14600,472 270,3
1,7879996 B 623,46 12086,66 14935,341 11492,65 8351,85 3743,8003 S 7217,6104 10025,541 14134,408 6790,1694 14600,472 270,3
1,788 B 623,46 12086,66 14935,341 11492,65 8351,85 3743,8003 S 7217,6104 10025,541 14134,408 6790,1694 14600,472 270,3
1,7880002 B 623,46 12086,66 14935,341 11492,65 8351,85 3743,8003 S 7217,6104 10025,541 14134,408 6790,1694 14600,472 270,3
1,7880002 B 623,46 12086,66 14935,341 11492,65 8351,85 3743,8003 S 7217,6104 10025,541 14134,408 6790,1694 14600,472 270,3
1,7879999 B 623,46 12086,66 14935,341 11492,65 8351,85 3743,8003 S 7217,6104 10025,541 14134,408 6790,1694 14600,472 270,3
1,7880006 B 623,46 12086,66 14935,341 11492,65 8351,85 3743,8003 S 7217,6104 10025,541 14134,408 6790,1694 14600,472 270,3
1,7880001 B 623,46 12086,66 14935,341 11492,65 8351,85 3743,8003 S 7217,6104 10025,541 14134,408 6790,1694 14600,472 270,3
1,7880001 B 623,46 12086,66 14935,341 11492,65 8351,85 3743,8003 S 7217,6104 10025,541 14134,408 6790,1694 14600,472 270,3
1,7880001 B 623,46 12086,66 14935,341 11492,65 8351,85 3743,8003 S 7217,6104 10025,541 14134,408 6790,1694 14600,472 270,3
1,7880003 B 623,46 12086,66 14935,341 11492,65 8351,85 3743,8003 S 7217,6104 10025,541 14134,408 6790,1694 14600,472 270,3
1,7880003 B 623,46 12086,66 14935,341 11492,65 8351,85 3743,8003 S 7217,6104 10025,541 14134,408 6790,1694 14600,472 270,3
1,7880003 B 623,46 12086,66 14935,341 11492,65 8351,85 3743,8003 S 7217,6104 10025,541 14134,408 6790,1694 14600,472 270,3
1,7880002 B 623,46 12086,66 14935,341 11492,65 8351,85 3743,8003 S 7217,6104 10025,541 14134,408 6790,1694 14600,472 270,3
1,7880005 B 623,46 12086,66 14935,341 11492,65 8351,85 3743,8003 S 7217,6104 10025,541 14134,408 6790,1694 14600,472 270,3
1,7880001 B 623,46 12086,66 14935,341 11492,65 8351,85 3743,8003 S 7217,6104 10025,541 14134,408 6790,1694 14600,472 270,3
1,7880003 B 623,46 12086,66 14935,341 11492,65 8351,85 3743,8003 S 7217,6104 10025,541 14134,408 6790,1694 14600,472 270,3
1,7879999 B 623,46 12086,66 14935,341 11492,65 8351,85 3743,8003 S 7217,6104 10025,541 14134,408 6790,1694 14600,472 270,3
1,7880006 B 623,46 12086,66 14935,341 11492,65 8351,85 3743,8003 S 7217,6104 10025,541 14134,408 6790,1694 14600,472 270,3
1,788 B 623,46 12086,66 14935,341 11492,65 8351,85 3743,8003 S 7217,6104 10025,541 14134,408 6790,1694 14600,472 270,3
1,7880001 B 623,46 12086,66 14935,341 11492,65 8351,85 3743,8003 S 7217,6104 10025,541 14134,408 6790,1694 14600,472 270,3
1,7880003 B 623,46 12086,66 14935,341 11492,65 8351,85 3743,8003 S 7217,6104 10025,541 14134,408 6790,1694 14600,472 270,3
1,7880002 B 623,46 12086,66 14935,341 11492,65 8351,85 3743,8003 S 7217,6104 10025,541 14134,408 6790,1694 14600,472 270,3
1,788 B 623,46 12086,66 14935,341 11492,65 8351,85 3743,8003 S 7217,6104 10025,541 14134,408 6790,1694 14600,472 270,3
1,7880002 B 623,46 12086,66 14935,341 11492,65 8351,85 3743,8003 S 7217,6104 10025,541 14134,408 6790,1694 14600,472 270,3
1,788 B 623,46 12086,66 14935,341 11492,65 8351,85 3743,8003 S 7217,6104 10025,541 14134,408 6790,1694 14600,472 270,3
1,7880001 B 623,46 12086,66 14935,341 11492,65 8351,85 3743,8003 S 7217,6104 10025,541 14134,408 6790,1694 14600,472 270,3
1,788 B 623,46 12086,66 14935,341 11492,65 8351,85 3743,8003 S 7217,6104 10025,541 14134,408 6790,1694 14600,472 270,3
1,7880003 B 623,46 12086,66 14935,341 11492,65 8351,85 3743,8003 S 7217,6104 10025,541 14134,408 6790,1694 14600,472 270,3
1,7880001 B 623,46 12086,66 14935,341 11492,65 8351,85 3743,8003 S 7217,6104 10025,541 14134,408 6790,1694 14600,472 270,3
1,7880003 B 623,46 12086,66 14935,341 11492,65 8351,85 3743,8003 S 7217,6104 10025,541 14134,408 6790,1694 14600,472 270,3
1,7880002 B 623,46 12086,66 14935,341 11492,65 8351,85 3743,8003 S 7217,6104 10025,541 14134,408 6790,1694 14600,472 270,3
1,7879999 B 623,46 12086,66 14935,341 11492,65 8351,85 3743,8003 S 7217,6104 10025,541 14134,408 6790,1694 14600,472 270,3
1,7880002 B 623,46 12086,66 14935,341 11492,65 8351,85 3743,8003 S 7217,6104 10025,541 14134,408 6790,1694 14600,472 270,3
1,7880006 B 623,46 12086,66 14935,341 11492,65 8351,85 3743,8003 S 7217,6104 10025,541 14134,408 6790,1694 14600,472 270,3
1,7880001 B 623,46 12086,66 14935,341 11492,65 8351,85 3743,8003 S 7217,6104 10025,541 14134,408 6790,1694 14600,472 270,3
1,7880003 B 623,46 12086,66 14935,341 11492,65 8351,85 3743,8003 S 7217,6104 10025,541 14134,408 6790,1694 14600,472 270,3
1,7879999 B 623,46 12086,66 14935,341 11492,65 8351,85 3743,8003 S 7217,6104 10025,541 14134,408 6790,1694 14600,472 270,3
1,7880002 B 623,46 12086,66 14935,341 11492,65 8351,85 3743,8003 S 7217,6104 10025,541 14134,408 6790,1694 14600,472 270,3
1,7880005 B 623,46 12086,66 14935,341 11492,65 8351,85 3743,8003 S 7217,6104 10025,541 14134,408 6790,1694 14600,472 270,3
1,7880001 B 623,46 12086,66 14935,341 11492,65 8351,85 3743,8003 S 7217,6104 10025,541 14134,408 6790,1694 14600,472 270,3
1,7880005 B 623,46 12086,66 14935,341 11492,65 8351,85 3743,8003 S 7217,6104 10025,541 14134,408 6790,1694 14600,472 270,3
1,7880002 B 623,46 12086,66 14935,341 11492,65 8351,85 3743,8003 S 7217,6104 10025,541 14134,408 6790,1694 14600,472 270,3
1,7880005 B 623,46 12086,66 14935,341 11492,65 8351,85 3743,8003 S 7217,6104 10025,541 14134,408 6790,1694 14600,472 270,3
1,7880003 B 623,46 12086,66 14935,341 11492,65 8351,85 3743,8003 S 7217,6104 10025,541 14134,408 6790,1694 14600,472 270,3
1,7880005 B 623,46 12086,66 14935,341 11492,65 8351,85 3743,8003 S 7217,6104 10025,541 14134,408 6790,1694 14600,472 270,3
1,788 B 623,46 12086,66 14935,341 11492,65 8351,85 3743,8003 S 7217,6104 10025,541 14134,408 6790,1694 14600,472 270,3
1,7879999 B 623,46 12086,66 14935,341 11492,65 8351,85 3743,8003 S 7217,6104 10025,541 14134,408 6790,1694 14600,472 270,3
1,7880002 B 623,46 12086,66 14935,341 11492,65 8351,85 3743,8003 S 7217,6104 10025,541 14134,408 6790,1694 14600,472 270,3
1,7880003 B 623,46 12086,66 14935,341 11492,65 8351,85 3743,8003 S 7217,6104 10025,541 14134,408 6790,1694 14600,472 270,3
1,7879996 B 623,46 12086,66 14935,341 11492,65 8351,85 3743,8003 S 7217,6104 10025,541 14134,408 6790,1694 14600,472 270,3
1,7880001 B 623,46 12086,66 14935,341 11492,65 8351,85 3743,8003 S 7217,6104 10025,541 14134,408 6790,1694 14600,472 270,3
1,7879999 B 623,46 12086,66 14935,341 11492,65 8351,85 3743,8003 S 7217,6104 10025,541 14134,408 6790,1694 14600,472 270,3
1,7880002 B 623,46 12086,66 14935,341 11492,65 8351,85 3743,8003 S 7217,6104 10025,541 14134,408 6790,1694 14600,472 270,3
1,7880002 B 623,46 12086,66 14935,341 11492,65 8351,85 3743,8003 S 7217,6104 10025,541 14134,408 6790,1694 14600,472 270,3
1,7880003 B 623,46 12086,66 14935,341 11492,65 8351,85 3743,8003 S 7217,6104 10025,541 14134,408 6790,1694 14600,472 270,3
1,7880002 B 623,46 12086,66 14935,341 11492,65 8351,85 3743,8003 S 7217,6104 10025,541 14134,408 6790,1694 14600,472 270,3
1,788 B 623,46 12086,66 14935,341 11492,65 8351,85 3743,8003 S 7217,6104 10025,541 14134,408 6790,1694 14600,472 270,3
1,7880005 B 623,46 12086,66 14935,341 11492,65 8351,85 3743,8003 S 7217,6104 10025,541 14134,408 6790,1694 14600,472 270,3
1,7880002 B 623,46 12086,66 14935,341 11492,65 8351,85 3743,8003 S 7217,6104 10025,541 14134,408 6790,1694 14600,472 270,3
1,7880002 B 623,46 12086,66 14935,341 11492,65 8351,85 3743,8003 S 7217,6104 10025,541 14134,408 6790,1694 14600,472 270,3
1,7880002 B 623,46 12086,66 14935,341 11492,65 8351,85 3743,8003 S 7217,6104 10025,541 14134,408 6790,1694 14600,472 270,3
1,7880001 B 623,46 12086,66 14935,341 11492,65 8351,85 3743,8003 S 7217,6104 10025,541 14134,408 6790,1694 14600,472 270,3
1,7880002 B 623,46 12086,66 14935,341 11492,65 8351,85 3743,8003 S 7217,6104 10025,541 14134,408 6790,1694 14600,472 270,3
1,7879999 B 623,46 12086,66 14935,341 11492,65 8351,85 3743,8003 S 7217,6104 10025,541 14134,408 6790,1694 14600,472 270,3
1,7880001 B 623,46 12086,66 14935,341 11492,65 8351,85 3743,8003 S 7217,6104 10025,541 14134,408 6790,1694 14600,472 270,3
1,7879997 B 623,46 12086,66 14935,341 11492,65 8351,85 3743,8003 S 7217,6104 10025,541 14134,408 6790,1694 14600,472 270,3
1,7879997 B 623,46 12086,66 14935,341 11492,65 8351,85 3743,8003 S 7217,6104 10025,541 14134,408 6790,1694 14600,472 270,3
1,7880007 B 623,46 12086,66 14935,341 11492,65 8351,85 3743,8003 S 7217,6104 10025,541 14134,408 6790,1694 14600,472 270,3
1,788 B 623,46 12086,66 14935,341 11492,65 8351,85 3743,8003 S 7217,6104 10025,541 14134,408 6790,1694 14600,472 270,3
1,788 B 623,46 12086,66 14935,341 11492,65 8351,85 3743,8003 S 7217,6104 10025,541 14134,408 6790,1694 14600,472 270,3
1,7880001 B 623,46 12086,66 14935,341 11492,65 8351,85 3743,8003 S 7217,6104 10025,541 14134,408 6790,1694 14600,472 270,3
1,788 B 623,46 12086,66 14935,341 11492,65 8351,85 3743,8003 S 7217,6104 10025,541 14134,408 6790,1694 14600,472 270,3
1,7880001 B 623,46 12086,66 14935,341 11492,65 8351,85 3743,8003 S 7217,6104 10025,541 14134,408 6790,1694 14600,472 270,3
1,788 B 623,46 12086,66 14935,341 11492,65 8351,85 3743,8003 S 7217,6104 10025,541 14134,408 6790,1694 14600,472 270,3
1,7880001 B 623,46 12086,66 14935,341 11492,65 8351,85 3743,8003 S 7217,6104 10025,541 14134,408 6790,1694 14600,472 270,3
1,788 B 623,46 12086,66 14935,341 11492,65 8351,85 3743,8003 S 7217,6104 10025,541 14134,408 6790,1694 14600,472 270,3
1,7880002 B 623,46 12086,66 14935,341 11492,65 8351,85 3743,8003 S 7217,6104 10025,541 14134,408 6790,1694 14600,472 270,3
1,7880003 B 623,46 12086,66 14935,341 11492,65 8351,85 3743,8003 S 7217,6104 10025,541 14134,408 6790,1694 14600,472 270,3
1,7880001 B 623,46 12086,66 14935,341 11492,65 8351,85 3743,8003 S 7217,6104 10025,541 14134,408 6790,1694 14600,472 270,3
1,7880003 B 623,46 12086,66 14935,341 11492,65 8351,85 3743,8003 S 7217,6104 10025,541 14134,408 6790,1694 14600,472 270,3
1,7879997 B 623,46 12086,66 14935,341 11492,65 8351,85 3743,8003 S 7217,6104 10025,541 14134,408 6790,1694 14600,472 270,3
1,7880001 B 623,46 12086,66 14935,341 11492,65 8351,85 3743,8003 S 7217,6104 10025,541 14134,408 6790,1694 14600,472 270,3
1,788 B 623,46 12086,66 14935,341 11492,65 8351,85 3743,8003 S 7217,6104 10025,541 14134,408 6790,1694 14600,472 270,3
1,7879997 B 623,46 12086,66 14935,341 11492,65 8351,85 3743,8003 S 7217,6104 10025,541 14134,408 6790,1694 14600,472 270,3
1,7879997 B 623,46 12086,66 14935,341 11492,65 8351,85 3743,8003 S 7217,6104 10025,541 14134,408 6790,1694 14600,472 270,3
1,7879999 B 623,46 12086,66 14935,341 11492,65 8351,85 3743,8003 S 7217,6104 10025,541 14134,408 6790,1694 14600,472 270,3
1,788 B 623,46 12086,66 14935,341 11492,65 8351,85 3743,8003 S 7217,6104 10025,541 14134,408 6790,1694 14600,472 270,3
1,7880001 B 623,46 12086,66 14935,341 11492,65 8351,85 3743,8003 S 7217,6104 10025,541 14134,408 6790,1694 14600,472 270,3
1,7880003 B 623,46 12086,66 14935,341 11492,65 8351,85 3743,8003 S 7217,6104 10025,541 14134,408 6790,1694 14600,472 270,3
1,7880001 B 623,46 12086,66 14935,341 11492,65 8351,85 3743,8003 S 7217,6104 10025,541 14134,408 6790,1694 14600,472 270,3
1,7880001 B 623,46 12086,66 14935,341 11492,65 8351,85 3743,8003 S 7217,6104 10025,541 14134,408 6790,1694 14600,472 270,3
1,7879999 B 623,46 12086,66 14935,341 11492,65 8351,85 3743,8003 S 7217,6104 10025,541 14134,408 6790,1694 14600,472 270,3
1,788 B 623,46 12086,66 14935,341 11492,65 8351,85 3743,8003 S 7217,6104 10025,541 14134,408 6790,1694 14600,472 270,3
1,7880002 B 623,46 12086,66 14935,341 11492,65 8351,85 3743,8003 S 7217,6104 10025,541 14134,408 6790,1694 14600,472 270,3
1,788 B 623,46 12086,66 14935,341 11492,65 8351,85 3743,8003 S 7217,6104 10025,541 14134,408 6790,1694 14600,472 270,3
1,7880001 B 623,46 12086,66 14935,341 11492,65 8351,85 3743,8003 S 7217,6104 10025,541 14134,408 6790,1694 14600,472 270,3
1,7879999 B 623,46 12086,66 14935,341 11492,65 8351,85 3743,8003 S 7217,6104 10025,541 14134,408 6790,1694 14600,472 270,3
1,7880002 B 623,46 12086,66 14935,341 11492,65 8351,85 3743,8003 S 7217,6104 10025,541 14134,408 6790,1694 14600,472 270,3
1,788 B 623,46 12086,66 14935,341 11492,65 8351,85 3743,8003 S 7217,6104 10025,541 14134,408 6790,1694 14600,472 270,3
1,7880005 B 623,46 12086,66 14935,341 11492,65 8351,85 3743,8003 S 7217,6104 10025,541 14134,408 6790,1694 14600,472 270,3
1,7879999 B 623,46 12086,66 14935,341 11492,65 8351,85 3743,8003 S 7217,6104 10025,541 14134,408 6790,1694 14600,472 270,3
1,7880002 B 623,46 12086,66 14935,341 11492,65 8351,85 3743,8003 S 7217,6104 10025,541 14134,408 6790,1694 14600,472 270,3
1,788 B 623,46 12086,66 14935,341 11492,65 8351,85 3743,8003 S 7217,6104 10025,541 14134,408 6790,1694 14600,472 270,3
1,7879997 B 623,46 12086,66 14935,341 11492,65 8351,85 3743,8003 S 7217,6104 10025,541 14134,408 6790,1694 14600,472 270,3
1,7879996 B 623,46 12086,66 14935,341 11492,65 8351,85 3743,8003 S 7217,6104 10025,541 14134,408 6790,1694 14600,472 270,3
1,788 B 623,46 12086,66 14935,341 11492,65 8351,85 3743,8003 S 7217,6104 10025,541 14134,408 6790,1694 14600,472 270,3
1,788 B 623,46 12086,66 14935,341 11492,65 8351,85 3743,8003 S 7217,6104 10025,541 14134,408 6790,1694 14600,472 270,3
1,7880002 B 623,46 12086,66 14935,341 11492,65 8351,85 3743,8003 S 7217,6104 10025,541 14134,408 6790,1694 14600,472 270,3
1,7880003 B 623,46 12086,66 14935,341 11492,65 8351,85 3743,8003 S 7217,6104 10025,541 14134,408 6790,1694 14600,472 270,3
