1,7842785
1,7750396 B 3133,786 10834,954 11702,661 10149,4375 10158,181 6997,4004 S 8213,802 9098,371 8423,644 9895,406 5794,085 9281,349
1,7749999 B 3133,786 10834,954 11702,661 10149,4375 10158,181 6997,4004 S 8213,802 9098,371 8423,644 9895,406 5794,085 9281,349
1,7749999 B 3133,786 10834,954 11702,661 10149,4375 10158,181 6997,4004 S 8213,802 9098,371 8423,644 9895,406 5794,085 9281,349
1,7756159 B 3133,786 10834,954 11702,661 10149,4375 10158,181 6997,4004 S 8213,802 9098,371 8423,644 9895,406 5794,085 9281,349
1,7769997 B 3133,786 10834,954 11702,661 10149,4375 10158,181 6997,4004 S 8213,802 9098,371 8423,644 9895,406 5794,085 9281,349
1,7770004 B 3133,786 10834,954 11702,661 10149,4375 10158,181 6997,4004 S 8213,802 9098,371 8423,644 9895,406 5794,085 9281,349
1,7770002 B 3133,786 10834,954 11702,661 10149,4375 10158,181 6997,4004 S 8213,802 9098,371 8423,644 9895,406 5794,085 9281,349
1,7769998 B 3133,786 10834,954 11702,661 10149,4375 10158,181 6997,4004 S 8213,802 9098,371 8423,644 9895,406 5794,085 9281,349
1,777 B 3133,786 10834,954 11702,661 10149,4375 10158,181 6997,4004 S 8213,802 9098,371 8423,644 9895,406 5794,085 9281,349
1,777 B 3133,786 10834,954 11702,661 10149,4375 10158,181 6997,4004 S 8213,802 9098,371 8423,644 9895,406 5794,085 9281,349
1,7770004 B 3133,786 10834,954 11702,661 10149,4375 10158,181 6997,4004 S 8213,802 9098,371 8423,644 9895,406 5794,085 9281,349
1,7774185 B 3133,786 10834,954 11702,661 10149,4375 10158,181 6997,4004 S 8213,802 9098,371 8423,644 9895,406 5794,085 9281,349
1,778 B 3133,786 10834,954 11702,661 10149,4375 10158,181 6997,4004 S 8213,802 9098,371 8423,644 9895,406 5794,085 9281,349
1,7779998 B 3133,786 10834,954 11702,661 10149,4375 10158,181 6997,4004 S 8213,802 9098,371 8423,644 9895,406 5794,085 9281,349
1,7794875 B 3133,786 10834,954 11702,661 10149,4375 10158,181 6997,4004 S 8213,802 9098,371 8423,644 9895,406 5794,085 9281,349
1,7784935 B 3133,786 10834,954 11702,661 10149,4375 10158,181 6997,4004 S 8213,802 9098,371 8423,644 9895,406 5794,085 9281,349
1,7770001 B 3133,786 10834,954 11702,661 10149,4375 10158,181 6997,4004 S 8213,802 9098,371 8423,644 9895,406 5794,085 9281,349
1,7769996 B 3133,786 10834,954 11702,661 10149,4375 10158,181 6997,4004 S 8213,802 9098,371 8423,644 9895,406 5794,085 9281,349
1,777 B 3133,786 10834,954 11702,661 10149,4375 10158,181 6997,4004 S 8213,802 9098,371 8423,644 9895,406 5794,085 9281,349
1,7762927 B 3133,786 10834,954 11702,661 10149,4375 10158,181 6997,4004 S 8213,802 9098,371 8423,644 9895,406 5794,085 9281,349
1,7760003 B 3133,786 10834,954 11702,661 10149,4375 10158,181 6997,4004 S 8213,802 9098,371 8423,644 9895,406 5794,085 9281,349
1,7760003 B 3133,786 10834,954 11702,661 10149,4375 10158,181 6997,4004 S 8213,802 9098,371 8423,644 9895,406 5794,085 9281,349
1,7763731 B 3133,786 10834,954 11702,661 10149,4375 10158,181 6997,4004 S 8213,802 9098,371 8423,644 9895,406 5794,085 9281,349
1,7770004 B 3133,786 10834,954 11702,661 10149,4375 10158,181 6997,4004 S 8213,802 9098,371 8423,644 9895,406 5794,085 9281,349
1,7770001 B 3133,786 10834,954 11702,661 10149,4375 10158,181 6997,4004 S 8213,802 9098,371 8423,644 9895,406 5794,085 9281,349
1,777 B 3133,786 10834,954 11702,661 10149,4375 10158,181 6997,4004 S 8213,802 9098,371 8423,644 9895,406 5794,085 9281,349
1,7769994 B 3133,786 10834,954 11702,661 10149,4375 10158,181 6997,4004 S 8213,802 9098,371 8423,644 9895,406 5794,085 9281,349
1,7776128 B 3133,786 10834,954 11702,661 10149,4375 10158,181 6997,4004 S 8213,802 9098,371 8423,644 9895,406 5794,085 9281,349
1,7779998 B 3133,786 10834,954 11702,661 10149,4375 10158,181 6997,4004 S 8213,802 9098,371 8423,644 9895,406 5794,085 9281,349
1,778 B 3133,786 10834,954 11702,661 10149,4375 10158,181 6997,4004 S 8213,802 9098,371 8423,644 9895,406 5794,085 9281,349
1,777222 B 3133,786 10834,954 11702,661 10149,4375 10158,181 6997,4004 S 8213,802 9098,371 8423,644 9895,406 5794,085 9281,349
1,778 B 3133,786 10834,954 11702,661 10149,4375 10158,181 6997,4004 S 8213,802 9098,371 8423,644 9895,406 5794,085 9281,349
1,7779999 B 3133,786 10834,954 11702,661 10149,4375 10158,181 6997,4004 S 8213,802 9098,371 8423,644 9895,406 5794,085 9281,349
1,7785963 B 3133,786 10834,954 11702,661 10149,4375 10158,181 6997,4004 S 8213,802 9098,371 8423,644 9895,406 5794,085 9281,349
1,7789996 B 3133,786 10834,954 11702,661 10149,4375 10158,181 6997,4004 S 8213,802 9098,371 8423,644 9895,406 5794,085 9281,349
1,7790008 B 3133,786 10834,954 11702,661 10149,4375 10158,181 6997,4004 S 8213,802 9098,371 8423,644 9895,406 5794,085 9281,349
1,7790002 B 3133,786 10834,954 11702,661 10149,4375 10158,181 6997,4004 S 8213,802 9098,371 8423,644 9895,406 5794,085 9281,349
1,7790004 B 3133,786 10834,954 11702,661 10149,4375 10158,181 6997,4004 S 8213,802 9098,371 8423,644 9895,406 5794,085 9281,349
1,7775177 B 3133,786 10834,954 11702,661 10149,4375 10158,181 6997,4004 S 8213,802 9098,371 8423,644 9895,406 5794,085 9281,349
1,7759997 B 3133,786 10834,954 11702,661 10149,4375 10158,181 6997,4004 S 8213,802 9098,371 8423,644 9895,406 5794,085 9281,349
1,7760001 B 3133,786 10834,954 11702,661 10149,4375 10158,181 6997,4004 S 8213,802 9098,371 8423,644 9895,406 5794,085 9281,349
1,7759999 B 3133,786 10834,954 11702,661 10149,4375 10158,181 6997,4004 S 8213,802 9098,371 8423,644 9895,406 5794,085 9281,349
1,7759999 B 3133,786 10834,954 11702,661 10149,4375 10158,181 6997,4004 S 8213,802 9098,371 8423,644 9895,406 5794,085 9281,349
1,7760004 B 3133,786 10834,954 11702,661 10149,4375 10158,181 6997,4004 S 8213,802 9098,371 8423,644 9895,406 5794,085 9281,349
1,7759998 B 3133,786 10834,954 11702,661 10149,4375 10158,181 6997,4004 S 8213,802 9098,371 8423,644 9895,406 5794,085 9281,349
1,7759997 B 3133,786 10834,954 11702,661 10149,4375 10158,181 6997,4004 S 8213,802 9098,371 8423,644 9895,406 5794,085 9281,349
1,7759998 B 3133,786 10834,954 11702,661 10149,4375 10158,181 6997,4004 S 8213,802 9098,371 8423,644 9895,406 5794,085 9281,349
1,7760001 B 3133,786 10834,954 11702,661 10149,4375 10158,181 6997,4004 S 8213,802 9098,371 8423,644 9895,406 5794,085 9281,349
1,7785716 B 3133,786 10834,954 11702,661 10149,4375 10158,181 6997,4004 S 8213,802 9098,371 8423,644 9895,406 5794,085 9281,349
1,7800003 B 3133,786 10834,954 11702,661 10149,4375 10158,181 6997,4004 S 8213,802 9098,371 8423,644 9895,406 5794,085 9281,349
1,7799996 B 3133,786 10834,954 11702,661 10149,4375 10158,181 6997,4004 S 8213,802 9098,371 8423,644 9895,406 5794,085 9281,349
1,7814794 B 3133,786 10834,954 11702,661 10149,4375 10158,181 6997,4004 S 8213,802 9098,371 8423,644 9895,406 5794,085 9281,349
1,782 B 3133,786 10834,954 11702,661 10149,4375 10158,181 6997,4004 S 8213,802 9098,371 8423,644 9895,406 5794,085 9281,349
1,7821294 B 3133,786 10834,954 11702,661 10149,4375 10158,181 6997,4004 S 8213,802 9098,371 8423,644 9895,406 5794,085 9281,349
1,7840003 B 3133,786 10834,954 11702,661 10149,4375 10158,181 6997,4004 S 8213,802 9098,371 8423,644 9895,406 5794,085 9281,349
1,7822735 B 3133,786 10834,954 11702,661 10149,4375 10158,181 6997,4004 S 8213,802 9098,371 8423,644 9895,406 5794,085 9281,349
1,7820003 B 3133,786 10834,954 11702,661 10149,4375 10158,181 6997,4004 S 8213,802 9098,371 8423,644 9895,406 5794,085 9281,349
1,7820002 B 3133,786 10834,954 11702,661 10149,4375 10158,181 6997,4004 S 8213,802 9098,371 8423,644 9895,406 5794,085 9281,349
1,7819998 B 3133,786 10834,954 11702,661 10149,4375 10158,181 6997,4004 S 8213,802 9098,371 8423,644 9895,406 5794,085 9281,349
1,78339 B 3133,786 10834,954 11702,661 10149,4375 10158,181 6997,4004 S 8213,802 9098,371 8423,644 9895,406 5794,085 9281,349
1,784 B 3133,786 10834,954 11702,661 10149,4375 10158,181 6997,4004 S 8213,802 9098,371 8423,644 9895,406 5794,085 9281,349
1,7840004 B 3133,786 10834,954 11702,661 10149,4375 10158,181 6997,4004 S 8213,802 9098,371 8423,644 9895,406 5794,085 9281,349
1,7840003 B 3133,786 10834,954 11702,661 10149,4375 10158,181 6997,4004 S 8213,802 9098,371 8423,644 9895,406 5794,085 9281,349
1,7840004 B 3133,786 10834,954 11702,661 10149,4375 10158,181 6997,4004 S 8213,802 9098,371 8423,644 9895,406 5794,085 9281,349
1,784 B 3133,786 10834,954 11702,661 10149,4375 10158,181 6997,4004 S 8213,802 9098,371 8423,644 9895,406 5794,085 9281,349
1,7840005 B 3133,786 10834,954 11702,661 10149,4375 10158,181 6997,4004 S 8213,802 9098,371 8423,644 9895,406 5794,085 9281,349
1,7840009 B 3133,786 10834,954 11702,661 10149,4375 10158,181 6997,4004 S 8213,802 9098,371 8423,644 9895,406 5794,085 9281,349
1,784 B 3133,786 10834,954 11702,661 10149,4375 10158,181 6997,4004 S 8213,802 9098,371 8423,644 9895,406 5794,085 9281,349
1,7840003 B 3133,786 10834,954 11702,661 10149,4375 10158,181 6997,4004 S 8213,802 9098,371 8423,644 9895,406 5794,085 9281,349
1,7840003 B 3133,786 10834,954 11702,661 10149,4375 10158,181 6997,4004 S 8213,802 9098,371 8423,644 9895,406 5794,085 9281,349
1,7835772 B 3133,786 10834,954 11702,661 10149,4375 10158,181 6997,4004 S 8213,802 9098,371 8423,644 9895,406 5794,085 9281,349
1,7830002 B 3133,786 10834,954 11702,661 10149,4375 10158,181 6997,4004 S 8213,802 9098,371 8423,644 9895,406 5794,085 9281,349
1,7830003 B 3133,786 10834,954 11702,661 10149,4375 10158,181 6997,4004 S 8213,802 9098,371 8423,644 9895,406 5794,085 9281,349
1,7829998 B 3133,786 10834,954 11702,661 10149,4375 10158,181 6997,4004 S 8213,802 9098,371 8423,644 9895,406 5794,085 9281,349
1,7830001 B 3133,786 10834,954 11702,661 10149,4375 10158,181 6997,4004 S 8213,802 9098,371 8423,644 9895,406 5794,085 9281,349
1,7829393 B 3133,786 10834,954 11702,661 10149,4375 10158,181 6997,4004 S 8213,802 9098,371 8423,644 9895,406 5794,085 9281,349
1,7819995 B 3133,786 10834,954 11702,661 10149,4375 10158,181 6997,4004 S 8213,802 9098,371 8423,644 9895,406 5794,085 9281,349
1,7820004 B 3133,786 10834,954 11702,661 10149,4375 10158,181 6997,4004 S 8213,802 9098,371 8423,644 9895,406 5794,085 9281,349
1,782 B 3133,786 10834,954 11702,661 10149,4375 10158,181 6997,4004 S 8213,802 9098,371 8423,644 9895,406 5794,085 9281,349
1,7819997 B 3133,786 10834,954 11702,661 10149,4375 10158,181 6997,4004 S 8213,802 9098,371 8423,644 9895,406 5794,085 9281,349
1,782 B 3133,786 10834,954 11702,661 10149,4375 10158,181 6997,4004 S 8213,802 9098,371 8423,644 9895,406 5794,085 9281,349
1,7820003 B 3133,786 10834,954 11702,661 10149,4375 10158,181 6997,4004 S 8213,802 9098,371 8423,644 9895,406 5794,085 9281,349
1,782 B 3133,786 10834,954 11702,661 10149,4375 10158,181 6997,4004 S 8213,802 9098,371 8423,644 9895,406 5794,085 9281,349
1,7819997 B 3133,786 10834,954 11702,661 10149,4375 10158,181 6997,4004 S 8213,802 9098,371 8423,644 9895,406 5794,085 9281,349
1,7819997 B 3133,786 10834,954 11702,661 10149,4375 10158,181 6997,4004 S 8213,802 9098,371 8423,644 9895,406 5794,085 9281,349
1,7821655 B 3133,786 10834,954 11702,661 10149,4375 10158,181 6997,4004 S 8213,802 9098,371 8423,644 9895,406 5794,085 9281,349
1,7830005 B 3133,786 10834,954 11702,661 10149,4375 10158,181 6997,4004 S 8213,802 9098,371 8423,644 9895,406 5794,085 9281,349
1,7829996 B 3133,786 10834,954 11702,661 10149,4375 10158,181 6997,4004 S 8213,802 9098,371 8423,644 9895,406 5794,085 9281,349
1,7829995 B 3133,786 10834,954 11702,661 10149,4375 10158,181 6997,4004 S 8213,802 9098,371 8423,644 9895,406 5794,085 9281,349
1,7830003 B 3133,786 10834,954 11702,661 10149,4375 10158,181 6997,4004 S 8213,802 9098,371 8423,644 9895,406 5794,085 9281,349
1,7830002 B 3133,786 10834,954 11702,661 10149,4375 10158,181 6997,4004 S 8213,802 9098,371 8423,644 9895,406 5794,085 9281,349
1,7829999 B 3133,786 10834,954 11702,661 10149,4375 10158,181 6997,4004 S 8213,802 9098,371 8423,644 9895,406 5794,085 9281,349
1,7830001 B 3133,786 10834,954 11702,661 10149,4375 10158,181 6997,4004 S 8213,802 9098,371 8423,644 9895,406 5794,085 9281,349
1,7836562 B 3133,786 10834,954 11702,661 10149,4375 10158,181 6997,4004 S 8213,802 9098,371 8423,644 9895,406 5794,085 9281,349
1,7849997 B 3133,786 10834,954 11702,661 10149,4375 10158,181 6997,4004 S 8213,802 9098,371 8423,644 9895,406 5794,085 9281,349
1,7850003 B 3133,786 10834,954 11702,661 10149,4375 10158,181 6997,4004 S 8213,802 9098,371 8423,644 9895,406 5794,085 9281,349
1,7849997 B 3133,786 10834,954 11702,661 10149,4375 10158,181 6997,4004 S 8213,802 9098,371 8423,644 9895,406 5794,085 9281,349
1,78434 B 3133,786 10834,954 11702,661 10149,4375 10158,181 6997,4004 S 8213,802 9098,371 8423,644 9895,406 5794,085 9281,349
1,7840002 B 3133,786 10834,954 11702,661 10149,4375 10158,181 6997,4004 S 8213,802 9098,371 8423,644 9895,406 5794,085 9281,349
1,784 B 3133,786 10834,954 11702,661 10149,4375 10158,181 6997,4004 S 8213,802 9098,371 8423,644 9895,406 5794,085 9281,349
1,7839999 B 3133,786 10834,954 11702,661 10149,4375 10158,181 6997,4004 S 8213,802 9098,371 8423,644 9895,406 5794,085 9281,349
1,7840003 B 3133,786 10834,954 11702,661 10149,4375 10158,181 6997,4004 S 8213,802 9098,371 8423,644 9895,406 5794,085 9281,349
1,784 B 3133,786 10834,954 11702,661 10149,4375 10158,181 6997,4004 S 8213,802 9098,371 8423,644 9895,406 5794,085 9281,349
1,7840002 B 3133,786 10834,954 11702,661 10149,4375 10158,181 6997,4004 S 8213,802 9098,371 8423,644 9895,406 5794,085 9281,349
1,7840002 B 3133,786 10834,954 11702,661 10149,4375 10158,181 6997,4004 S 8213,802 9098,371 8423,644 9895,406 5794,085 9281,349
1,784 B 3133,786 10834,954 11702,661 10149,4375 10158,181 6997,4004 S 8213,802 9098,371 8423,644 9895,406 5794,085 9281,349
1,784 B 3133,786 10834,954 11702,661 10149,4375 10158,181 6997,4004 S 8213,802 9098,371 8423,644 9895,406 5794,085 9281,349
1,7840009 B 3133,786 10834,954 11702,661 10149,4375 10158,181 6997,4004 S 8213,802 9098,371 8423,644 9895,406 5794,085 9281,349
1,7840002 B 3133,786 10834,954 11702,661 10149,4375 10158,181 6997,4004 S 8213,802 9098,371 8423,644 9895,406 5794,085 9281,349
1,7840006 B 3133,786 10834,954 11702,661 10149,4375 10158,181 6997,4004 S 8213,802 9098,371 8423,644 9895,406 5794,085 9281,349
1,784 B 3133,786 10834,954 11702,661 10149,4375 10158,181 6997,4004 S 8213,802 9098,371 8423,644 9895,406 5794,085 9281,349
1,7840005 B 3133,786 10834,954 11702,661 10149,4375 10158,181 6997,4004 S 8213,802 9098,371 8423,644 9895,406 5794,085 9281,349
1,7840004 B 3133,786 10834,954 11702,661 10149,4375 10158,181 6997,4004 S 8213,802 9098,371 8423,644 9895,406 5794,085 9281,349
1,7839998 B 3133,786 10834,954 11702,661 10149,4375 10158,181 6997,4004 S 8213,802 9098,371 8423,644 9895,406 5794,085 9281,349
1,7840004 B 3133,786 10834,954 11702,661 10149,4375 10158,181 6997,4004 S 8213,802 9098,371 8423,644 9895,406 5794,085 9281,349
1,7840002 B 3133,786 10834,954 11702,661 10149,4375 10158,181 6997,4004 S 8213,802 9098,371 8423,644 9895,406 5794,085 9281,349
1,784 B 3133,786 10834,954 11702,661 10149,4375 10158,181 6997,4004 S 8213,802 9098,371 8423,644 9895,406 5794,085 9281,349
1,784 B 3133,786 10834,954 11702,661 10149,4375 10158,181 6997,4004 S 8213,802 9098,371 8423,644 9895,406 5794,085 9281,349
1,7839999 B 3133,786 10834,954 11702,661 10149,4375 10158,181 6997,4004 S 8213,802 9098,371 8423,644 9895,406 5794,085 9281,349
1,7840003 B 3133,786 10834,954 11702,661 10149,4375 10158,181 6997,4004 S 8213,802 9098,371 8423,644 9895,406 5794,085 9281,349
1,7840005 B 3133,786 10834,954 11702,661 10149,4375 10158,181 6997,4004 S 8213,802 9098,371 8423,644 9895,406 5794,085 9281,349
1,7840004 B 3133,786 10834,954 11702,661 10149,4375 10158,181 6997,4004 S 8213,802 9098,371 8423,644 9895,406 5794,085 9281,349
1,784188 B 3133,786 10834,954 11702,661 10149,4375 10158,181 6997,4004 S 8213,802 9098,371 8423,644 9895,406 5794,085 9281,349
1,7849994 B 3133,786 10834,954 11702,661 10149,4375 10158,181 6997,4004 S 8213,802 9098,371 8423,644 9895,406 5794,085 9281,349
1,7849997 B 3133,786 10834,954 11702,661 10149,4375 10158,181 6997,4004 S 8213,802 9098,371 8423,644 9895,406 5794,085 9281,349
1,7850002 B 3133,786 10834,954 11702,661 10149,4375 10158,181 6997,4004 S 8213,802 9098,371 8423,644 9895,406 5794,085 9281,349
1,7849995 B 3133,786 10834,954 11702,661 10149,4375 10158,181 6997,4004 S 8213,802 9098,371 8423,644 9895,406 5794,085 9281,349
1,7856 B 3133,786 10834,954 11702,661 10149,4375 10158,181 6997,4004 S 8213,802 9098,371 8423,644 9895,406 5794,085 9281,349
1,7861477 B 3133,786 10834,954 11702,661 10149,4375 10158,181 6997,4004 S 8213,802 9098,371 8423,644 9895,406 5794,085 9281,349
1,787 B 3133,786 10834,954 11702,661 10149,4375 10158,181 6997,4004 S 8213,802 9098,371 8423,644 9895,406 5794,085 9281,349
1,7869996 B 3133,786 10834,954 11702,661 10149,4375 10158,181 6997,4004 S 8213,802 9098,371 8423,644 9895,406 5794,085 9281,349
1,7870002 B 3133,786 10834,954 11702,661 10149,4375 10158,181 6997,4004 S 8213,802 9098,371 8423,644 9895,406 5794,085 9281,349
1,7869993 B 3133,786 10834,954 11702,661 10149,4375 10158,181 6997,4004 S 8213,802 9098,371 8423,644 9895,406 5794,085 9281,349
1,78604 B 3133,786 10834,954 11702,661 10149,4375 10158,181 6997,4004 S 8213,802 9098,371 8423,644 9895,406 5794,085 9281,349
1,7869626 B 3133,786 10834,954 11702,661 10149,4375 10158,181 6997,4004 S 8213,802 9098,371 8423,644 9895,406 5794,085 9281,349
1,7880006 B 3133,786 10834,954 11702,661 10149,4375 10158,181 6997,4004 S 8213,802 9098,371 8423,644 9895,406 5794,085 9281,349
1,7881503 B 3133,786 10834,954 11702,661 10149,4375 10158,181 6997,4004 S 8213,802 9098,371 8423,644 9895,406 5794,085 9281,349
1,7879997 B 3133,786 10834,954 11702,661 10149,4375 10158,181 6997,4004 S 8213,802 9098,371 8423,644 9895,406 5794,085 9281,349
1,7880002 B 3133,786 10834,954 11702,661 10149,4375 10158,181 6997,4004 S 8213,802 9098,371 8423,644 9895,406 5794,085 9281,349
1,7880408 B 3133,786 10834,954 11702,661 10149,4375 10158,181 6997,4004 S 8213,802 9098,371 8423,644 9895,406 5794,085 9281,349
1,789 B 3133,786 10834,954 11702,661 10149,4375 10158,181 6997,4004 S 8213,802 9098,371 8423,644 9895,406 5794,085 9281,349
1,7889997 B 3133,786 10834,954 11702,661 10149,4375 10158,181 6997,4004 S 8213,802 9098,371 8423,644 9895,406 5794,085 9281,349
1,7889998 B 3133,786 10834,954 11702,661 10149,4375 10158,181 6997,4004 S 8213,802 9098,371 8423,644 9895,406 5794,085 9281,349
1,789 B 3133,786 10834,954 11702,661 10149,4375 10158,181 6997,4004 S 8213,802 9098,371 8423,644 9895,406 5794,085 9281,349
1,7889996 B 3133,786 10834,954 11702,661 10149,4375 10158,181 6997,4004 S 8213,802 9098,371 8423,644 9895,406 5794,085 9281,349
1,789 B 3133,786 10834,954 11702,661 10149,4375 10158,181 6997,4004 S 8213,802 9098,371 8423,644 9895,406 5794,085 9281,349
1,7893289 B 3133,786 10834,954 11702,661 10149,4375 10158,181 6997,4004 S 8213,802 9098,371 8423,644 9895,406 5794,085 9281,349
1,7928581 B 3133,786 10834,954 11702,661 10149,4375 10158,181 6997,4004 S 8213,802 9098,371 8423,644 9895,406 5794,085 9281,349
1,7919999 B 3133,786 10834,954 11702,661 10149,4375 10158,181 6997,4004 S 8213,802 9098,371 8423,644 9895,406 5794,085 9281,349
1,7920003 B 3133,786 10834,954 11702,661 10149,4375 10158,181 6997,4004 S 8213,802 9098,371 8423,644 9895,406 5794,085 9281,349
1,7920002 B 3133,786 10834,954 11702,661 10149,4375 10158,181 6997,4004 S 8213,802 9098,371 8423,644 9895,406 5794,085 9281,349
1,7919998 B 3133,786 10834,954 11702,661 10149,4375 10158,181 6997,4004 S 8213,802 9098,371 8423,644 9895,406 5794,085 9281,349
1,792 B 3133,786 10834,954 11702,661 10149,4375 10158,181 6997,4004 S 8213,802 9098,371 8423,644 9895,406 5794,085 9281,349
1,7920002 B 3133,786 10834,954 11702,661 10149,4375 10158,181 6997,4004 S 8213,802 9098,371 8423,644 9895,406 5794,085 9281,349
1,7919999 B 3133,786 10834,954 11702,661 10149,4375 10158,181 6997,4004 S 8213,802 9098,371 8423,644 9895,406 5794,085 9281,349
1,7919993 B 3133,786 10834,954 11702,661 10149,4375 10158,181 6997,4004 S 8213,802 9098,371 8423,644 9895,406 5794,085 9281,349
1,7920004 B 3133,786 10834,954 11702,661 10149,4375 10158,181 6997,4004 S 8213,802 9098,371 8423,644 9895,406 5794,085 9281,349
1,7919998 B 3133,786 10834,954 11702,661 10149,4375 10158,181 6997,4004 S 8213,802 9098,371 8423,644 9895,406 5794,085 9281,349
1,792 B 3133,786 10834,954 11702,661 10149,4375 10158,181 6997,4004 S 8213,802 9098,371 8423,644 9895,406 5794,085 9281,349
1,7919996 B 3133,786 10834,954 11702,661 10149,4375 10158,181 6997,4004 S 8213,802 9098,371 8423,644 9895,406 5794,085 9281,349
1,7919997 B 3133,786 10834,954 11702,661 10149,4375 10158,181 6997,4004 S 8213,802 9098,371 8423,644 9895,406 5794,085 9281,349
1,7920009 B 3133,786 10834,954 11702,661 10149,4375 10158,181 6997,4004 S 8213,802 9098,371 8423,644 9895,406 5794,085 9281,349
1,7920005 B 3133,786 10834,954 11702,661 10149,4375 10158,181 6997,4004 S 8213,802 9098,371 8423,644 9895,406 5794,085 9281,349
1,7919998 B 3133,786 10834,954 11702,661 10149,4375 10158,181 6997,4004 S 8213,802 9098,371 8423,644 9895,406 5794,085 9281,349
1,7920002 B 3133,786 10834,954 11702,661 10149,4375 10158,181 6997,4004 S 8213,802 9098,371 8423,644 9895,406 5794,085 9281,349
1,7919999 B 3133,786 10834,954 11702,661 10149,4375 10158,181 6997,4004 S 8213,802 9098,371 8423,644 9895,406 5794,085 9281,349
1,7919999 B 3133,786 10834,954 11702,661 10149,4375 10158,181 6997,4004 S 8213,802 9098,371 8423,644 9895,406 5794,085 9281,349
1,7920003 B 3133,786 10834,954 11702,661 10149,4375 10158,181 6997,4004 S 8213,802 9098,371 8423,644 9895,406 5794,085 9281,349
1,792 B 3133,786 10834,954 11702,661 10149,4375 10158,181 6997,4004 S 8213,802 9098,371 8423,644 9895,406 5794,085 9281,349
1,7920002 B 3133,786 10834,954 11702,661 10149,4375 10158,181 6997,4004 S 8213,802 9098,371 8423,644 9895,406 5794,085 9281,349
1,7919997 B 3133,786 10834,954 11702,661 10149,4375 10158,181 6997,4004 S 8213,802 9098,371 8423,644 9895,406 5794,085 9281,349
1,7919998 B 3133,786 10834,954 11702,661 10149,4375 10158,181 6997,4004 S 8213,802 9098,371 8423,644 9895,406 5794,085 9281,349
1,792 B 3133,786 10834,954 11702,661 10149,4375 10158,181 6997,4004 S 8213,802 9098,371 8423,644 9895,406 5794,085 9281,349
1,7919999 B 3133,786 10834,954 11702,661 10149,4375 10158,181 6997,4004 S 8213,802 9098,371 8423,644 9895,406 5794,085 9281,349
1,7919999 B 3133,786 10834,954 11702,661 10149,4375 10158,181 6997,4004 S 8213,802 9098,371 8423,644 9895,406 5794,085 9281,349
1,7855476 B 3133,786 10834,954 11702,661 10149,4375 10158,181 6997,4004 S 8213,802 9098,371 8423,644 9895,406 5794,085 9281,349
1,7840003 B 3133,786 10834,954 11702,661 10149,4375 10158,181 6997,4004 S 8213,802 9098,371 8423,644 9895,406 5794,085 9281,349
1,7839237 B 3133,786 10834,954 11702,661 10149,4375 10158,181 6997,4004 S 8213,802 9098,371 8423,644 9895,406 5794,085 9281,349
1,7829998 B 3133,786 10834,954 11702,661 10149,4375 10158,181 6997,4004 S 8213,802 9098,371 8423,644 9895,406 5794,085 9281,349
1,7829998 B 3133,786 10834,954 11702,661 10149,4375 10158,181 6997,4004 S 8213,802 9098,371 8423,644 9895,406 5794,085 9281,349
1,7829995 B 3133,786 10834,954 11702,661 10149,4375 10158,181 6997,4004 S 8213,802 9098,371 8423,644 9895,406 5794,085 9281,349
1,7830349 B 3133,786 10834,954 11702,661 10149,4375 10158,181 6997,4004 S 8213,802 9098,371 8423,644 9895,406 5794,085 9281,349
1,7840003 B 3133,786 10834,954 11702,661 10149,4375 10158,181 6997,4004 S 8213,802 9098,371 8423,644 9895,406 5794,085 9281,349
1,7839997 B 3133,786 10834,954 11702,661 10149,4375 10158,181 6997,4004 S 8213,802 9098,371 8423,644 9895,406 5794,085 9281,349
1,7840006 B 3133,786 10834,954 11702,661 10149,4375 10158,181 6997,4004 S 8213,802 9098,371 8423,644 9895,406 5794,085 9281,349
1,7840004 B 3133,786 10834,954 11702,661 10149,4375 10158,181 6997,4004 S 8213,802 9098,371 8423,644 9895,406 5794,085 9281,349
1,784 B 3133,786 10834,954 11702,661 10149,4375 10158,181 6997,4004 S 8213,802 9098,371 8423,644 9895,406 5794,085 9281,349
1,7836665 B 3133,786 10834,954 11702,661 10149,4375 10158,181 6997,4004 S 8213,802 9098,371 8423,644 9895,406 5794,085 9281,349
1,7819996 B 3133,786 10834,954 11702,661 10149,4375 10158,181 6997,4004 S 8213,802 9098,371 8423,644 9895,406 5794,085 9281,349
1,7822096 B 3133,786 10834,954 11702,661 10149,4375 10158,181 6997,4004 S 8213,802 9098,371 8423,644 9895,406 5794,085 9281,349
1,7829995 B 3133,786 10834,954 11702,661 10149,4375 10158,181 6997,4004 S 8213,802 9098,371 8423,644 9895,406 5794,085 9281,349
1,7830002 B 3133,786 10834,954 11702,661 10149,4375 10158,181 6997,4004 S 8213,802 9098,371 8423,644 9895,406 5794,085 9281,349
1,7830002 B 3133,786 10834,954 11702,661 10149,4375 10158,181 6997,4004 S 8213,802 9098,371 8423,644 9895,406 5794,085 9281,349
1,7829999 B 3133,786 10834,954 11702,661 10149,4375 10158,181 6997,4004 S 8213,802 9098,371 8423,644 9895,406 5794,085 9281,349
1,7829998 B 3133,786 10834,954 11702,661 10149,4375 10158,181 6997,4004 S 8213,802 9098,371 8423,644 9895,406 5794,085 9281,349
1,7829995 B 3133,786 10834,954 11702,661 10149,4375 10158,181 6997,4004 S 8213,802 9098,371 8423,644 9895,406 5794,085 9281,349
1,7829996 B 3133,786 10834,954 11702,661 10149,4375 10158,181 6997,4004 S 8213,802 9098,371 8423,644 9895,406 5794,085 9281,349
1,7839533 B 3133,786 10834,954 11702,661 10149,4375 10158,181 6997,4004 S 8213,802 9098,371 8423,644 9895,406 5794,085 9281,349
1,785 B 3133,786 10834,954 11702,661 10149,4375 10158,181 6997,4004 S 8213,802 9098,371 8423,644 9895,406 5794,085 9281,349
1,7845637 B 3133,786 10834,954 11702,661 10149,4375 10158,181 6997,4004 S 8213,802 9098,371 8423,644 9895,406 5794,085 9281,349
1,7850307 B 3133,786 10834,954 11702,661 10149,4375 10158,181 6997,4004 S 8213,802 9098,371 8423,644 9895,406 5794,085 9281,349
1,7858883 B 3133,786 10834,954 11702,661 10149,4375 10158,181 6997,4004 S 8213,802 9098,371 8423,644 9895,406 5794,085 9281,349
1,7870003 B 3133,786 10834,954 11702,661 10149,4375 10158,181 6997,4004 S 8213,802 9098,371 8423,644 9895,406 5794,085 9281,349
1,7870001 B 3133,786 10834,954 11702,661 10149,4375 10158,181 6997,4004 S 8213,802 9098,371 8423,644 9895,406 5794,085 9281,349
1,7870002 B 3133,786 10834,954 11702,661 10149,4375 10158,181 6997,4004 S 8213,802 9098,371 8423,644 9895,406 5794,085 9281,349
1,787 B 3133,786 10834,954 11702,661 10149,4375 10158,181 6997,4004 S 8213,802 9098,371 8423,644 9895,406 5794,085 9281,349
1,7868574 B 3133,786 10834,954 11702,661 10149,4375 10158,181 6997,4004 S 8213,802 9098,371 8423,644 9895,406 5794,085 9281,349
1,7859998 B 3133,786 10834,954 11702,661 10149,4375 10158,181 6997,4004 S 8213,802 9098,371 8423,644 9895,406 5794,085 9281,349
1,7859998 B 3133,786 10834,954 11702,661 10149,4375 10158,181 6997,4004 S 8213,802 9098,371 8423,644 9895,406 5794,085 9281,349
1,786 B 3133,786 10834,954 11702,661 10149,4375 10158,181 6997,4004 S 8213,802 9098,371 8423,644 9895,406 5794,085 9281,349
1,7860004 B 3133,786 10834,954 11702,661 10149,4375 10158,181 6997,4004 S 8213,802 9098,371 8423,644 9895,406 5794,085 9281,349
1,7860005 B 3133,786 10834,954 11702,661 10149,4375 10158,181 6997,4004 S 8213,802 9098,371 8423,644 9895,406 5794,085 9281,349
1,7860004 B 3133,786 10834,954 11702,661 10149,4375 10158,181 6997,4004 S 8213,802 9098,371 8423,644 9895,406 5794,085 9281,349
1,78735 B 3133,786 10834,954 11702,661 10149,4375 10158,181 6997,4004 S 8213,802 9098,371 8423,644 9895,406 5794,085 9281,349
1,7894396 B 3133,786 10834,954 11702,661 10149,4375 10158,181 6997,4004 S 8213,802 9098,371 8423,644 9895,406 5794,085 9281,349
1,7900007 B 3133,786 10834,954 11702,661 10149,4375 10158,181 6997,4004 S 8213,802 9098,371 8423,644 9895,406 5794,085 9281,349
1,7900006 B 3133,786 10834,954 11702,661 10149,4375 10158,181 6997,4004 S 8213,802 9098,371 8423,644 9895,406 5794,085 9281,349
1,7899997 B 3133,786 10834,954 11702,661 10149,4375 10158,181 6997,4004 S 8213,802 9098,371 8423,644 9895,406 5794,085 9281,349
1,7900007 B 3133,786 10834,954 11702,661 10149,4375 10158,181 6997,4004 S 8213,802 9098,371 8423,644 9895,406 5794,085 9281,349
1,7899997 B 3133,786 10834,954 11702,661 10149,4375 10158,181 6997,4004 S 8213,802 9098,371 8423,644 9895,406 5794,085 9281,349
1,7900001 B 3133,786 10834,954 11702,661 10149,4375 10158,181 6997,4004 S 8213,802 9098,371 8423,644 9895,406 5794,085 9281,349
1,7900002 B 3133,786 10834,954 11702,661 10149,4375 10158,181 6997,4004 S 8213,802 9098,371 8423,644 9895,406 5794,085 9281,349
1,7889704 B 3133,786 10834,954 11702,661 10149,4375 10158,181 6997,4004 S 8213,802 9098,371 8423,644 9895,406 5794,085 9281,349
1,7879999 B 3133,786 10834,954 11702,661 10149,4375 10158,181 6997,4004 S 8213,802 9098,371 8423,644 9895,406 5794,085 9281,349
1,7880003 B 3133,786 10834,954 11702,661 10149,4375 10158,181 6997,4004 S 8213,802 9098,371 8423,644 9895,406 5794,085 9281,349
1,7880005 B 3133,786 10834,954 11702,661 10149,4375 10158,181 6997,4004 S 8213,802 9098,371 8423,644 9895,406 5794,085 9281,349
1,7880001 B 3133,786 10834,954 11702,661 10149,4375 10158,181 6997,4004 S 8213,802 9098,371 8423,644 9895,406 5794,085 9281,349
1,7885865 B 3133,786 10834,954 11702,661 10149,4375 10158,181 6997,4004 S 8213,802 9098,371 8423,644 9895,406 5794,085 9281,349
1,7889999 B 3133,786 10834,954 11702,661 10149,4375 10158,181 6997,4004 S 8213,802 9098,371 8423,644 9895,406 5794,085 9281,349
1,7889997 B 3133,786 10834,954 11702,661 10149,4375 10158,181 6997,4004 S 8213,802 9098,371 8423,644 9895,406 5794,085 9281,349
1,7889999 B 3133,786 10834,954 11702,661 10149,4375 10158,181 6997,4004 S 8213,802 9098,371 8423,644 9895,406 5794,085 9281,349
1,789 B 3133,786 10834,954 11702,661 10149,4375 10158,181 6997,4004 S 8213,802 9098,371 8423,644 9895,406 5794,085 9281,349
1,789 B 3133,786 10834,954 11702,661 10149,4375 10158,181 6997,4004 S 8213,802 9098,371 8423,644 9895,406 5794,085 9281,349
1,7890004 B 3133,786 10834,954 11702,661 10149,4375 10158,181 6997,4004 S 8213,802 9098,371 8423,644 9895,406 5794,085 9281,349
1,7890003 B 3133,786 10834,954 11702,661 10149,4375 10158,181 6997,4004 S 8213,802 9098,371 8423,644 9895,406 5794,085 9281,349
1,789 B 3133,786 10834,954 11702,661 10149,4375 10158,181 6997,4004 S 8213,802 9098,371 8423,644 9895,406 5794,085 9281,349
1,7886819 B 3133,786 10834,954 11702,661 10149,4375 10158,181 6997,4004 S 8213,802 9098,371 8423,644 9895,406 5794,085 9281,349
1,7889094 B 3133,786 10834,954 11702,661 10149,4375 10158,181 6997,4004 S 8213,802 9098,371 8423,644 9895,406 5794,085 9281,349
1,7890003 B 3133,786 10834,954 11702,661 10149,4375 10158,181 6997,4004 S 8213,802 9098,371 8423,644 9895,406 5794,085 9281,349
1,7889997 B 3133,786 10834,954 11702,661 10149,4375 10158,181 6997,4004 S 8213,802 9098,371 8423,644 9895,406 5794,085 9281,349
