1,7900015
1,7900003 B 375,7701 4324,371 16841,215 7880,7993 12051,089 8531,029 S 1198,32 20206,543 5934,0825 11194,261 7343,472 1681,7906
1,7900001 B 375,7701 4324,371 16841,215 7880,7993 12051,089 8531,029 S 1198,32 20206,543 5934,0825 11194,261 7343,472 1681,7906
1,7900003 B 375,7701 4324,371 16841,215 7880,7993 12051,089 8531,029 S 1198,32 20206,543 5934,0825 11194,261 7343,472 1681,7906
1,7900002 B 375,7701 4324,371 16841,215 7880,7993 12051,089 8531,029 S 1198,32 20206,543 5934,0825 11194,261 7343,472 1681,7906
1,7900003 B 375,7701 4324,371 16841,215 7880,7993 12051,089 8531,029 S 1198,32 20206,543 5934,0825 11194,261 7343,472 1681,7906
1,7899998 B 375,7701 4324,371 16841,215 7880,7993 12051,089 8531,029 S 1198,32 20206,543 5934,0825 11194,261 7343,472 1681,7906
1,7899994 B 375,7701 4324,371 16841,215 7880,7993 12051,089 8531,029 S 1198,32 20206,543 5934,0825 11194,261 7343,472 1681,7906
1,7899998 B 375,7701 4324,371 16841,215 7880,7993 12051,089 8531,029 S 1198,32 20206,543 5934,0825 11194,261 7343,472 1681,7906
1,7899995 B 375,7701 4324,371 16841,215 7880,7993 12051,089 8531,029 S 1198,32 20206,543 5934,0825 11194,261 7343,472 1681,7906
1,7899995 B 375,7701 4324,371 16841,215 7880,7993 12051,089 8531,029 S 1198,32 20206,543 5934,0825 11194,261 7343,472 1681,7906
1,7899996 B 375,7701 4324,371 16841,215 7880,7993 12051,089 8531,029 S 1198,32 20206,543 5934,0825 11194,261 7343,472 1681,7906
1,7899997 B 375,7701 4324,371 16841,215 7880,7993 12051,089 8531,029 S 1198,32 20206,543 5934,0825 11194,261 7343,472 1681,7906
1,7900002 B 375,7701 4324,371 16841,215 7880,7993 12051,089 8531,029 S 1198,32 20206,543 5934,0825 11194,261 7343,472 1681,7906
1,7899994 B 375,7701 4324,371 16841,215 7880,7993 12051,089 8531,029 S 1198,32 20206,543 5934,0825 11194,261 7343,472 1681,7906
1,7900003 B 375,7701 4324,371 16841,215 7880,7993 12051,089 8531,029 S 1198,32 20206,543 5934,0825 11194,261 7343,472 1681,7906
1,7899997 B 375,7701 4324,371 16841,215 7880,7993 12051,089 8531,029 S 1198,32 20206,543 5934,0825 11194,261 7343,472 1681,7906
1,7900001 B 375,7701 4324,371 16841,215 7880,7993 12051,089 8531,029 S 1198,32 20206,543 5934,0825 11194,261 7343,472 1681,7906
1,7899997 B 375,7701 4324,371 16841,215 7880,7993 12051,089 8531,029 S 1198,32 20206,543 5934,0825 11194,261 7343,472 1681,7906
1,7899996 B 375,7701 4324,371 16841,215 7880,7993 12051,089 8531,029 S 1198,32 20206,543 5934,0825 11194,261 7343,472 1681,7906
1,7900002 B 375,7701 4324,371 16841,215 7880,7993 12051,089 8531,029 S 1198,32 20206,543 5934,0825 11194,261 7343,472 1681,7906
1,7900001 B 375,7701 4324,371 16841,215 7880,7993 12051,089 8531,029 S 1198,32 20206,543 5934,0825 11194,261 7343,472 1681,7906
1,7899997 B 375,7701 4324,371 16841,215 7880,7993 12051,089 8531,029 S 1198,32 20206,543 5934,0825 11194,261 7343,472 1681,7906
1,7899998 B 375,7701 4324,371 16841,215 7880,7993 12051,089 8531,029 S 1198,32 20206,543 5934,0825 11194,261 7343,472 1681,7906
1,7899995 B 375,7701 4324,371 16841,215 7880,7993 12051,089 8531,029 S 1198,32 20206,543 5934,0825 11194,261 7343,472 1681,7906
1,7900002 B 375,7701 4324,371 16841,215 7880,7993 12051,089 8531,029 S 1198,32 20206,543 5934,0825 11194,261 7343,472 1681,7906
1,7900002 B 375,7701 4324,371 16841,215 7880,7993 12051,089 8531,029 S 1198,32 20206,543 5934,0825 11194,261 7343,472 1681,7906
1,7900002 B 375,7701 4324,371 16841,215 7880,7993 12051,089 8531,029 S 1198,32 20206,543 5934,0825 11194,261 7343,472 1681,7906
1,7900002 B 375,7701 4324,371 16841,215 7880,7993 12051,089 8531,029 S 1198,32 20206,543 5934,0825 11194,261 7343,472 1681,7906
1,7899997 B 375,7701 4324,371 16841,215 7880,7993 12051,089 8531,029 S 1198,32 20206,543 5934,0825 11194,261 7343,472 1681,7906
1,7900002 B 375,7701 4324,371 16841,215 7880,7993 12051,089 8531,029 S 1198,32 20206,543 5934,0825 11194,261 7343,472 1681,7906
1,7900003 B 375,7701 4324,371 16841,215 7880,7993 12051,089 8531,029 S 1198,32 20206,543 5934,0825 11194,261 7343,472 1681,7906
1,7900002 B 375,7701 4324,371 16841,215 7880,7993 12051,089 8531,029 S 1198,32 20206,543 5934,0825 11194,261 7343,472 1681,7906
1,7900003 B 375,7701 4324,371 16841,215 7880,7993 12051,089 8531,029 S 1198,32 20206,543 5934,0825 11194,261 7343,472 1681,7906
1,7899998 B 375,7701 4324,371 16841,215 7880,7993 12051,089 8531,029 S 1198,32 20206,543 5934,0825 11194,261 7343,472 1681,7906
1,7900006 B 375,7701 4324,371 16841,215 7880,7993 12051,089 8531,029 S 1198,32 20206,543 5934,0825 11194,261 7343,472 1681,7906
1,7899998 B 375,7701 4324,371 16841,215 7880,7993 12051,089 8531,029 S 1198,32 20206,543 5934,0825 11194,261 7343,472 1681,7906
1,7900001 B 375,7701 4324,371 16841,215 7880,7993 12051,089 8531,029 S 1198,32 20206,543 5934,0825 11194,261 7343,472 1681,7906
1,7899998 B 375,7701 4324,371 16841,215 7880,7993 12051,089 8531,029 S 1198,32 20206,543 5934,0825 11194,261 7343,472 1681,7906
1,7899996 B 375,7701 4324,371 16841,215 7880,7993 12051,089 8531,029 S 1198,32 20206,543 5934,0825 11194,261 7343,472 1681,7906
1,7900004 B 375,7701 4324,371 16841,215 7880,7993 12051,089 8531,029 S 1198,32 20206,543 5934,0825 11194,261 7343,472 1681,7906
1,7899997 B 375,7701 4324,371 16841,215 7880,7993 12051,089 8531,029 S 1198,32 20206,543 5934,0825 11194,261 7343,472 1681,7906
1,7900003 B 375,7701 4324,371 16841,215 7880,7993 12051,089 8531,029 S 1198,32 20206,543 5934,0825 11194,261 7343,472 1681,7906
1,7900003 B 375,7701 4324,371 16841,215 7880,7993 12051,089 8531,029 S 1198,32 20206,543 5934,0825 11194,261 7343,472 1681,7906
1,7899998 B 375,7701 4324,371 16841,215 7880,7993 12051,089 8531,029 S 1198,32 20206,543 5934,0825 11194,261 7343,472 1681,7906
1,7900004 B 375,7701 4324,371 16841,215 7880,7993 12051,089 8531,029 S 1198,32 20206,543 5934,0825 11194,261 7343,472 1681,7906
1,7900001 B 375,7701 4324,371 16841,215 7880,7993 12051,089 8531,029 S 1198,32 20206,543 5934,0825 11194,261 7343,472 1681,7906
1,7900001 B 375,7701 4324,371 16841,215 7880,7993 12051,089 8531,029 S 1198,32 20206,543 5934,0825 11194,261 7343,472 1681,7906
1,7899997 B 375,7701 4324,371 16841,215 7880,7993 12051,089 8531,029 S 1198,32 20206,543 5934,0825 11194,261 7343,472 1681,7906
1,7899997 B 375,7701 4324,371 16841,215 7880,7993 12051,089 8531,029 S 1198,32 20206,543 5934,0825 11194,261 7343,472 1681,7906
1,7900001 B 375,7701 4324,371 16841,215 7880,7993 12051,089 8531,029 S 1198,32 20206,543 5934,0825 11194,261 7343,472 1681,7906
1,7899998 B 375,7701 4324,371 16841,215 7880,7993 12051,089 8531,029 S 1198,32 20206,543 5934,0825 11194,261 7343,472 1681,7906
1,7900002 B 375,7701 4324,371 16841,215 7880,7993 12051,089 8531,029 S 1198,32 20206,543 5934,0825 11194,261 7343,472 1681,7906
1,7900004 B 375,7701 4324,371 16841,215 7880,7993 12051,089 8531,029 S 1198,32 20206,543 5934,0825 11194,261 7343,472 1681,7906
1,7900002 B 375,7701 4324,371 16841,215 7880,7993 12051,089 8531,029 S 1198,32 20206,543 5934,0825 11194,261 7343,472 1681,7906
1,7899994 B 375,7701 4324,371 16841,215 7880,7993 12051,089 8531,029 S 1198,32 20206,543 5934,0825 11194,261 7343,472 1681,7906
1,7900006 B 375,7701 4324,371 16841,215 7880,7993 12051,089 8531,029 S 1198,32 20206,543 5934,0825 11194,261 7343,472 1681,7906
1,7900002 B 375,7701 4324,371 16841,215 7880,7993 12051,089 8531,029 S 1198,32 20206,543 5934,0825 11194,261 7343,472 1681,7906
1,7899996 B 375,7701 4324,371 16841,215 7880,7993 12051,089 8531,029 S 1198,32 20206,543 5934,0825 11194,261 7343,472 1681,7906
1,7900003 B 375,7701 4324,371 16841,215 7880,7993 12051,089 8531,029 S 1198,32 20206,543 5934,0825 11194,261 7343,472 1681,7906
1,7900001 B 375,7701 4324,371 16841,215 7880,7993 12051,089 8531,029 S 1198,32 20206,543 5934,0825 11194,261 7343,472 1681,7906
1,7900004 B 375,7701 4324,371 16841,215 7880,7993 12051,089 8531,029 S 1198,32 20206,543 5934,0825 11194,261 7343,472 1681,7906
1,7899997 B 375,7701 4324,371 16841,215 7880,7993 12051,089 8531,029 S 1198,32 20206,543 5934,0825 11194,261 7343,472 1681,7906
1,7900002 B 375,7701 4324,371 16841,215 7880,7993 12051,089 8531,029 S 1198,32 20206,543 5934,0825 11194,261 7343,472 1681,7906
1,7900003 B 375,7701 4324,371 16841,215 7880,7993 12051,089 8531,029 S 1198,32 20206,543 5934,0825 11194,261 7343,472 1681,7906
1,7900001 B 375,7701 4324,371 16841,215 7880,7993 12051,089 8531,029 S 1198,32 20206,543 5934,0825 11194,261 7343,472 1681,7906
1,7900001 B 375,7701 4324,371 16841,215 7880,7993 12051,089 8531,029 S 1198,32 20206,543 5934,0825 11194,261 7343,472 1681,7906
1,7900004 B 375,7701 4324,371 16841,215 7880,7993 12051,089 8531,029 S 1198,32 20206,543 5934,0825 11194,261 7343,472 1681,7906
1,7899997 B 375,7701 4324,371 16841,215 7880,7993 12051,089 8531,029 S 1198,32 20206,543 5934,0825 11194,261 7343,472 1681,7906
1,7899995 B 375,7701 4324,371 16841,215 7880,7993 12051,089 8531,029 S 1198,32 20206,543 5934,0825 11194,261 7343,472 1681,7906
1,7900006 B 375,7701 4324,371 16841,215 7880,7993 12051,089 8531,029 S 1198,32 20206,543 5934,0825 11194,261 7343,472 1681,7906
1,7899997 B 375,7701 4324,371 16841,215 7880,7993 12051,089 8531,029 S 1198,32 20206,543 5934,0825 11194,261 7343,472 1681,7906
1,7899998 B 375,7701 4324,371 16841,215 7880,7993 12051,089 8531,029 S 1198,32 20206,543 5934,0825 11194,261 7343,472 1681,7906
1,7900002 B 375,7701 4324,371 16841,215 7880,7993 12051,089 8531,029 S 1198,32 20206,543 5934,0825 11194,261 7343,472 1681,7906
1,7899998 B 375,7701 4324,371 16841,215 7880,7993 12051,089 8531,029 S 1198,32 20206,543 5934,0825 11194,261 7343,472 1681,7906
1,7900003 B 375,7701 4324,371 16841,215 7880,7993 12051,089 8531,029 S 1198,32 20206,543 5934,0825 11194,261 7343,472 1681,7906
1,7899998 B 375,7701 4324,371 16841,215 7880,7993 12051,089 8531,029 S 1198,32 20206,543 5934,0825 11194,261 7343,472 1681,7906
1,7900003 B 375,7701 4324,371 16841,215 7880,7993 12051,089 8531,029 S 1198,32 20206,543 5934,0825 11194,261 7343,472 1681,7906
1,7899996 B 375,7701 4324,371 16841,215 7880,7993 12051,089 8531,029 S 1198,32 20206,543 5934,0825 11194,261 7343,472 1681,7906
1,7900002 B 375,7701 4324,371 16841,215 7880,7993 12051,089 8531,029 S 1198,32 20206,543 5934,0825 11194,261 7343,472 1681,7906
1,7899997 B 375,7701 4324,371 16841,215 7880,7993 12051,089 8531,029 S 1198,32 20206,543 5934,0825 11194,261 7343,472 1681,7906
1,7899998 B 375,7701 4324,371 16841,215 7880,7993 12051,089 8531,029 S 1198,32 20206,543 5934,0825 11194,261 7343,472 1681,7906
1,7899996 B 375,7701 4324,371 16841,215 7880,7993 12051,089 8531,029 S 1198,32 20206,543 5934,0825 11194,261 7343,472 1681,7906
1,7899998 B 375,7701 4324,371 16841,215 7880,7993 12051,089 8531,029 S 1198,32 20206,543 5934,0825 11194,261 7343,472 1681,7906
1,7900006 B 375,7701 4324,371 16841,215 7880,7993 12051,089 8531,029 S 1198,32 20206,543 5934,0825 11194,261 7343,472 1681,7906
1,7899997 B 375,7701 4324,371 16841,215 7880,7993 12051,089 8531,029 S 1198,32 20206,543 5934,0825 11194,261 7343,472 1681,7906
1,7900004 B 375,7701 4324,371 16841,215 7880,7993 12051,089 8531,029 S 1198,32 20206,543 5934,0825 11194,261 7343,472 1681,7906
1,7900002 B 375,7701 4324,371 16841,215 7880,7993 12051,089 8531,029 S 1198,32 20206,543 5934,0825 11194,261 7343,472 1681,7906
1,7900003 B 375,7701 4324,371 16841,215 7880,7993 12051,089 8531,029 S 1198,32 20206,543 5934,0825 11194,261 7343,472 1681,7906
1,7899997 B 375,7701 4324,371 16841,215 7880,7993 12051,089 8531,029 S 1198,32 20206,543 5934,0825 11194,261 7343,472 1681,7906
1,7900003 B 375,7701 4324,371 16841,215 7880,7993 12051,089 8531,029 S 1198,32 20206,543 5934,0825 11194,261 7343,472 1681,7906
1,7900001 B 375,7701 4324,371 16841,215 7880,7993 12051,089 8531,029 S 1198,32 20206,543 5934,0825 11194,261 7343,472 1681,7906
1,7900004 B 375,7701 4324,371 16841,215 7880,7993 12051,089 8531,029 S 1198,32 20206,543 5934,0825 11194,261 7343,472 1681,7906
1,7899996 B 375,7701 4324,371 16841,215 7880,7993 12051,089 8531,029 S 1198,32 20206,543 5934,0825 11194,261 7343,472 1681,7906
1,7899998 B 375,7701 4324,371 16841,215 7880,7993 12051,089 8531,029 S 1198,32 20206,543 5934,0825 11194,261 7343,472 1681,7906
1,7899996 B 375,7701 4324,371 16841,215 7880,7993 12051,089 8531,029 S 1198,32 20206,543 5934,0825 11194,261 7343,472 1681,7906
1,7900001 B 375,7701 4324,371 16841,215 7880,7993 12051,089 8531,029 S 1198,32 20206,543 5934,0825 11194,261 7343,472 1681,7906
1,7900002 B 375,7701 4324,371 16841,215 7880,7993 12051,089 8531,029 S 1198,32 20206,543 5934,0825 11194,261 7343,472 1681,7906
1,7899997 B 375,7701 4324,371 16841,215 7880,7993 12051,089 8531,029 S 1198,32 20206,543 5934,0825 11194,261 7343,472 1681,7906
1,7900002 B 375,7701 4324,371 16841,215 7880,7993 12051,089 8531,029 S 1198,32 20206,543 5934,0825 11194,261 7343,472 1681,7906
1,7900001 B 375,7701 4324,371 16841,215 7880,7993 12051,089 8531,029 S 1198,32 20206,543 5934,0825 11194,261 7343,472 1681,7906
1,7899998 B 375,7701 4324,371 16841,215 7880,7993 12051,089 8531,029 S 1198,32 20206,543 5934,0825 11194,261 7343,472 1681,7906
1,7899998 B 375,7701 4324,371 16841,215 7880,7993 12051,089 8531,029 S 1198,32 20206,543 5934,0825 11194,261 7343,472 1681,7906
1,7900002 B 375,7701 4324,371 16841,215 7880,7993 12051,089 8531,029 S 1198,32 20206,543 5934,0825 11194,261 7343,472 1681,7906
1,7900002 B 375,7701 4324,371 16841,215 7880,7993 12051,089 8531,029 S 1198,32 20206,543 5934,0825 11194,261 7343,472 1681,7906
1,7900001 B 375,7701 4324,371 16841,215 7880,7993 12051,089 8531,029 S 1198,32 20206,543 5934,0825 11194,261 7343,472 1681,7906
1,7899998 B 375,7701 4324,371 16841,215 7880,7993 12051,089 8531,029 S 1198,32 20206,543 5934,0825 11194,261 7343,472 1681,7906
1,7899996 B 375,7701 4324,371 16841,215 7880,7993 12051,089 8531,029 S 1198,32 20206,543 5934,0825 11194,261 7343,472 1681,7906
1,7899998 B 375,7701 4324,371 16841,215 7880,7993 12051,089 8531,029 S 1198,32 20206,543 5934,0825 11194,261 7343,472 1681,7906
1,7900003 B 375,7701 4324,371 16841,215 7880,7993 12051,089 8531,029 S 1198,32 20206,543 5934,0825 11194,261 7343,472 1681,7906
1,7899997 B 375,7701 4324,371 16841,215 7880,7993 12051,089 8531,029 S 1198,32 20206,543 5934,0825 11194,261 7343,472 1681,7906
1,7899998 B 375,7701 4324,371 16841,215 7880,7993 12051,089 8531,029 S 1198,32 20206,543 5934,0825 11194,261 7343,472 1681,7906
1,7899998 B 375,7701 4324,371 16841,215 7880,7993 12051,089 8531,029 S 1198,32 20206,543 5934,0825 11194,261 7343,472 1681,7906
1,7899998 B 375,7701 4324,371 16841,215 7880,7993 12051,089 8531,029 S 1198,32 20206,543 5934,0825 11194,261 7343,472 1681,7906
1,7900002 B 375,7701 4324,371 16841,215 7880,7993 12051,089 8531,029 S 1198,32 20206,543 5934,0825 11194,261 7343,472 1681,7906
1,7899998 B 375,7701 4324,371 16841,215 7880,7993 12051,089 8531,029 S 1198,32 20206,543 5934,0825 11194,261 7343,472 1681,7906
1,7899997 B 375,7701 4324,371 16841,215 7880,7993 12051,089 8531,029 S 1198,32 20206,543 5934,0825 11194,261 7343,472 1681,7906
1,7900001 B 375,7701 4324,371 16841,215 7880,7993 12051,089 8531,029 S 1198,32 20206,543 5934,0825 11194,261 7343,472 1681,7906
1,7899997 B 375,7701 4324,371 16841,215 7880,7993 12051,089 8531,029 S 1198,32 20206,543 5934,0825 11194,261 7343,472 1681,7906
1,7899994 B 375,7701 4324,371 16841,215 7880,7993 12051,089 8531,029 S 1198,32 20206,543 5934,0825 11194,261 7343,472 1681,7906
1,7900002 B 375,7701 4324,371 16841,215 7880,7993 12051,089 8531,029 S 1198,32 20206,543 5934,0825 11194,261 7343,472 1681,7906
1,7899997 B 375,7701 4324,371 16841,215 7880,7993 12051,089 8531,029 S 1198,32 20206,543 5934,0825 11194,261 7343,472 1681,7906
1,7899998 B 375,7701 4324,371 16841,215 7880,7993 12051,089 8531,029 S 1198,32 20206,543 5934,0825 11194,261 7343,472 1681,7906
1,7900001 B 375,7701 4324,371 16841,215 7880,7993 12051,089 8531,029 S 1198,32 20206,543 5934,0825 11194,261 7343,472 1681,7906
1,7899997 B 375,7701 4324,371 16841,215 7880,7993 12051,089 8531,029 S 1198,32 20206,543 5934,0825 11194,261 7343,472 1681,7906
1,7900001 B 375,7701 4324,371 16841,215 7880,7993 12051,089 8531,029 S 1198,32 20206,543 5934,0825 11194,261 7343,472 1681,7906
1,7900001 B 375,7701 4324,371 16841,215 7880,7993 12051,089 8531,029 S 1198,32 20206,543 5934,0825 11194,261 7343,472 1681,7906
1,7900002 B 375,7701 4324,371 16841,215 7880,7993 12051,089 8531,029 S 1198,32 20206,543 5934,0825 11194,261 7343,472 1681,7906
1,7900002 B 375,7701 4324,371 16841,215 7880,7993 12051,089 8531,029 S 1198,32 20206,543 5934,0825 11194,261 7343,472 1681,7906
1,7899997 B 375,7701 4324,371 16841,215 7880,7993 12051,089 8531,029 S 1198,32 20206,543 5934,0825 11194,261 7343,472 1681,7906
1,7900003 B 375,7701 4324,371 16841,215 7880,7993 12051,089 8531,029 S 1198,32 20206,543 5934,0825 11194,261 7343,472 1681,7906
1,7900001 B 375,7701 4324,371 16841,215 7880,7993 12051,089 8531,029 S 1198,32 20206,543 5934,0825 11194,261 7343,472 1681,7906
1,7899998 B 375,7701 4324,371 16841,215 7880,7993 12051,089 8531,029 S 1198,32 20206,543 5934,0825 11194,261 7343,472 1681,7906
1,7899998 B 375,7701 4324,371 16841,215 7880,7993 12051,089 8531,029 S 1198,32 20206,543 5934,0825 11194,261 7343,472 1681,7906
1,7899998 B 375,7701 4324,371 16841,215 7880,7993 12051,089 8531,029 S 1198,32 20206,543 5934,0825 11194,261 7343,472 1681,7906
1,7900002 B 375,7701 4324,371 16841,215 7880,7993 12051,089 8531,029 S 1198,32 20206,543 5934,0825 11194,261 7343,472 1681,7906
1,7899998 B 375,7701 4324,371 16841,215 7880,7993 12051,089 8531,029 S 1198,32 20206,543 5934,0825 11194,261 7343,472 1681,7906
1,7899998 B 375,7701 4324,371 16841,215 7880,7993 12051,089 8531,029 S 1198,32 20206,543 5934,0825 11194,261 7343,472 1681,7906
1,7900002 B 375,7701 4324,371 16841,215 7880,7993 12051,089 8531,029 S 1198,32 20206,543 5934,0825 11194,261 7343,472 1681,7906
1,7899997 B 375,7701 4324,371 16841,215 7880,7993 12051,089 8531,029 S 1198,32 20206,543 5934,0825 11194,261 7343,472 1681,7906
1,7899997 B 375,7701 4324,371 16841,215 7880,7993 12051,089 8531,029 S 1198,32 20206,543 5934,0825 11194,261 7343,472 1681,7906
1,7899997 B 375,7701 4324,371 16841,215 7880,7993 12051,089 8531,029 S 1198,32 20206,543 5934,0825 11194,261 7343,472 1681,7906
1,7900006 B 375,7701 4324,371 16841,215 7880,7993 12051,089 8531,029 S 1198,32 20206,543 5934,0825 11194,261 7343,472 1681,7906
1,7899997 B 375,7701 4324,371 16841,215 7880,7993 12051,089 8531,029 S 1198,32 20206,543 5934,0825 11194,261 7343,472 1681,7906
1,7900006 B 375,7701 4324,371 16841,215 7880,7993 12051,089 8531,029 S 1198,32 20206,543 5934,0825 11194,261 7343,472 1681,7906
1,7899992 B 375,7701 4324,371 16841,215 7880,7993 12051,089 8531,029 S 1198,32 20206,543 5934,0825 11194,261 7343,472 1681,7906
1,7900002 B 375,7701 4324,371 16841,215 7880,7993 12051,089 8531,029 S 1198,32 20206,543 5934,0825 11194,261 7343,472 1681,7906
1,789999 B 375,7701 4324,371 16841,215 7880,7993 12051,089 8531,029 S 1198,32 20206,543 5934,0825 11194,261 7343,472 1681,7906
1,7899997 B 375,7701 4324,371 16841,215 7880,7993 12051,089 8531,029 S 1198,32 20206,543 5934,0825 11194,261 7343,472 1681,7906
1,7900001 B 375,7701 4324,371 16841,215 7880,7993 12051,089 8531,029 S 1198,32 20206,543 5934,0825 11194,261 7343,472 1681,7906
1,7900004 B 375,7701 4324,371 16841,215 7880,7993 12051,089 8531,029 S 1198,32 20206,543 5934,0825 11194,261 7343,472 1681,7906
1,7899997 B 375,7701 4324,371 16841,215 7880,7993 12051,089 8531,029 S 1198,32 20206,543 5934,0825 11194,261 7343,472 1681,7906
1,7899998 B 375,7701 4324,371 16841,215 7880,7993 12051,089 8531,029 S 1198,32 20206,543 5934,0825 11194,261 7343,472 1681,7906
1,7900001 B 375,7701 4324,371 16841,215 7880,7993 12051,089 8531,029 S 1198,32 20206,543 5934,0825 11194,261 7343,472 1681,7906
1,7899998 B 375,7701 4324,371 16841,215 7880,7993 12051,089 8531,029 S 1198,32 20206,543 5934,0825 11194,261 7343,472 1681,7906
1,7899996 B 375,7701 4324,371 16841,215 7880,7993 12051,089 8531,029 S 1198,32 20206,543 5934,0825 11194,261 7343,472 1681,7906
1,7899998 B 375,7701 4324,371 16841,215 7880,7993 12051,089 8531,029 S 1198,32 20206,543 5934,0825 11194,261 7343,472 1681,7906
1,7900002 B 375,7701 4324,371 16841,215 7880,7993 12051,089 8531,029 S 1198,32 20206,543 5934,0825 11194,261 7343,472 1681,7906
1,7899997 B 375,7701 4324,371 16841,215 7880,7993 12051,089 8531,029 S 1198,32 20206,543 5934,0825 11194,261 7343,472 1681,7906
1,7900001 B 375,7701 4324,371 16841,215 7880,7993 12051,089 8531,029 S 1198,32 20206,543 5934,0825 11194,261 7343,472 1681,7906
1,7900002 B 375,7701 4324,371 16841,215 7880,7993 12051,089 8531,029 S 1198,32 20206,543 5934,0825 11194,261 7343,472 1681,7906
1,7900004 B 375,7701 4324,371 16841,215 7880,7993 12051,089 8531,029 S 1198,32 20206,543 5934,0825 11194,261 7343,472 1681,7906
1,7899995 B 375,7701 4324,371 16841,215 7880,7993 12051,089 8531,029 S 1198,32 20206,543 5934,0825 11194,261 7343,472 1681,7906
1,7899997 B 375,7701 4324,371 16841,215 7880,7993 12051,089 8531,029 S 1198,32 20206,543 5934,0825 11194,261 7343,472 1681,7906
1,7900002 B 375,7701 4324,371 16841,215 7880,7993 12051,089 8531,029 S 1198,32 20206,543 5934,0825 11194,261 7343,472 1681,7906
1,7900002 B 375,7701 4324,371 16841,215 7880,7993 12051,089 8531,029 S 1198,32 20206,543 5934,0825 11194,261 7343,472 1681,7906
1,7900006 B 375,7701 4324,371 16841,215 7880,7993 12051,089 8531,029 S 1198,32 20206,543 5934,0825 11194,261 7343,472 1681,7906
1,7899996 B 375,7701 4324,371 16841,215 7880,7993 12051,089 8531,029 S 1198,32 20206,543 5934,0825 11194,261 7343,472 1681,7906
1,7900001 B 375,7701 4324,371 16841,215 7880,7993 12051,089 8531,029 S 1198,32 20206,543 5934,0825 11194,261 7343,472 1681,7906
1,7899997 B 375,7701 4324,371 16841,215 7880,7993 12051,089 8531,029 S 1198,32 20206,543 5934,0825 11194,261 7343,472 1681,7906
1,7899997 B 375,7701 4324,371 16841,215 7880,7993 12051,089 8531,029 S 1198,32 20206,543 5934,0825 11194,261 7343,472 1681,7906
1,7900002 B 375,7701 4324,371 16841,215 7880,7993 12051,089 8531,029 S 1198,32 20206,543 5934,0825 11194,261 7343,472 1681,7906
1,7899998 B 375,7701 4324,371 16841,215 7880,7993 12051,089 8531,029 S 1198,32 20206,543 5934,0825 11194,261 7343,472 1681,7906
1,7900002 B 375,7701 4324,371 16841,215 7880,7993 12051,089 8531,029 S 1198,32 20206,543 5934,0825 11194,261 7343,472 1681,7906
1,7899998 B 375,7701 4324,371 16841,215 7880,7993 12051,089 8531,029 S 1198,32 20206,543 5934,0825 11194,261 7343,472 1681,7906
1,7899998 B 375,7701 4324,371 16841,215 7880,7993 12051,089 8531,029 S 1198,32 20206,543 5934,0825 11194,261 7343,472 1681,7906
1,7899997 B 375,7701 4324,371 16841,215 7880,7993 12051,089 8531,029 S 1198,32 20206,543 5934,0825 11194,261 7343,472 1681,7906
1,7900001 B 375,7701 4324,371 16841,215 7880,7993 12051,089 8531,029 S 1198,32 20206,543 5934,0825 11194,261 7343,472 1681,7906
1,7899998 B 375,7701 4324,371 16841,215 7880,7993 12051,089 8531,029 S 1198,32 20206,543 5934,0825 11194,261 7343,472 1681,7906
1,7899996 B 375,7701 4324,371 16841,215 7880,7993 12051,089 8531,029 S 1198,32 20206,543 5934,0825 11194,261 7343,472 1681,7906
1,7900001 B 375,7701 4324,371 16841,215 7880,7993 12051,089 8531,029 S 1198,32 20206,543 5934,0825 11194,261 7343,472 1681,7906
1,7900004 B 375,7701 4324,371 16841,215 7880,7993 12051,089 8531,029 S 1198,32 20206,543 5934,0825 11194,261 7343,472 1681,7906
1,7900006 B 375,7701 4324,371 16841,215 7880,7993 12051,089 8531,029 S 1198,32 20206,543 5934,0825 11194,261 7343,472 1681,7906
1,7900002 B 375,7701 4324,371 16841,215 7880,7993 12051,089 8531,029 S 1198,32 20206,543 5934,0825 11194,261 7343,472 1681,7906
1,7900002 B 375,7701 4324,371 16841,215 7880,7993 12051,089 8531,029 S 1198,32 20206,543 5934,0825 11194,261 7343,472 1681,7906
1,7899997 B 375,7701 4324,371 16841,215 7880,7993 12051,089 8531,029 S 1198,32 20206,543 5934,0825 11194,261 7343,472 1681,7906
1,7900001 B 375,7701 4324,371 16841,215 7880,7993 12051,089 8531,029 S 1198,32 20206,543 5934,0825 11194,261 7343,472 1681,7906
1,7900001 B 375,7701 4324,371 16841,215 7880,7993 12051,089 8531,029 S 1198,32 20206,543 5934,0825 11194,261 7343,472 1681,7906
1,7900004 B 375,7701 4324,371 16841,215 7880,7993 12051,089 8531,029 S 1198,32 20206,543 5934,0825 11194,261 7343,472 1681,7906
1,7899995 B 375,7701 4324,371 16841,215 7880,7993 12051,089 8531,029 S 1198,32 20206,543 5934,0825 11194,261 7343,472 1681,7906
1,7899996 B 375,7701 4324,371 16841,215 7880,7993 12051,089 8531,029 S 1198,32 20206,543 5934,0825 11194,261 7343,472 1681,7906
1,7900004 B 375,7701 4324,371 16841,215 7880,7993 12051,089 8531,029 S 1198,32 20206,543 5934,0825 11194,261 7343,472 1681,7906
1,7899996 B 375,7701 4324,371 16841,215 7880,7993 12051,089 8531,029 S 1198,32 20206,543 5934,0825 11194,261 7343,472 1681,7906
1,7899998 B 375,7701 4324,371 16841,215 7880,7993 12051,089 8531,029 S 1198,32 20206,543 5934,0825 11194,261 7343,472 1681,7906
1,7899998 B 375,7701 4324,371 16841,215 7880,7993 12051,089 8531,029 S 1198,32 20206,543 5934,0825 11194,261 7343,472 1681,7906
1,7900004 B 375,7701 4324,371 16841,215 7880,7993 12051,089 8531,029 S 1198,32 20206,543 5934,0825 11194,261 7343,472 1681,7906
1,7899995 B 375,7701 4324,371 16841,215 7880,7993 12051,089 8531,029 S 1198,32 20206,543 5934,0825 11194,261 7343,472 1681,7906
1,7899998 B 375,7701 4324,371 16841,215 7880,7993 12051,089 8531,029 S 1198,32 20206,543 5934,0825 11194,261 7343,472 1681,7906
1,7900001 B 375,7701 4324,371 16841,215 7880,7993 12051,089 8531,029 S 1198,32 20206,543 5934,0825 11194,261 7343,472 1681,7906
1,7899998 B 375,7701 4324,371 16841,215 7880,7993 12051,089 8531,029 S 1198,32 20206,543 5934,0825 11194,261 7343,472 1681,7906
1,7900004 B 375,7701 4324,371 16841,215 7880,7993 12051,089 8531,029 S 1198,32 20206,543 5934,0825 11194,261 7343,472 1681,7906
1,7900004 B 375,7701 4324,371 16841,215 7880,7993 12051,089 8531,029 S 1198,32 20206,543 5934,0825 11194,261 7343,472 1681,7906
1,7900002 B 375,7701 4324,371 16841,215 7880,7993 12051,089 8531,029 S 1198,32 20206,543 5934,0825 11194,261 7343,472 1681,7906
1,7900001 B 375,7701 4324,371 16841,215 7880,7993 12051,089 8531,029 S 1198,32 20206,543 5934,0825 11194,261 7343,472 1681,7906
1,7900002 B 375,7701 4324,371 16841,215 7880,7993 12051,089 8531,029 S 1198,32 20206,543 5934,0825 11194,261 7343,472 1681,7906
1,7900001 B 375,7701 4324,371 16841,215 7880,7993 12051,089 8531,029 S 1198,32 20206,543 5934,0825 11194,261 7343,472 1681,7906
1,7899998 B 375,7701 4324,371 16841,215 7880,7993 12051,089 8531,029 S 1198,32 20206,543 5934,0825 11194,261 7343,472 1681,7906
1,7900002 B 375,7701 4324,371 16841,215 7880,7993 12051,089 8531,029 S 1198,32 20206,543 5934,0825 11194,261 7343,472 1681,7906
1,7900002 B 375,7701 4324,371 16841,215 7880,7993 12051,089 8531,029 S 1198,32 20206,543 5934,0825 11194,261 7343,472 1681,7906
1,7899996 B 375,7701 4324,371 16841,215 7880,7993 12051,089 8531,029 S 1198,32 20206,543 5934,0825 11194,261 7343,472 1681,7906
1,7900001 B 375,7701 4324,371 16841,215 7880,7993 12051,089 8531,029 S 1198,32 20206,543 5934,0825 11194,261 7343,472 1681,7906
1,7899998 B 375,7701 4324,371 16841,215 7880,7993 12051,089 8531,029 S 1198,32 20206,543 5934,0825 11194,261 7343,472 1681,7906
1,7899997 B 375,7701 4324,371 16841,215 7880,7993 12051,089 8531,029 S 1198,32 20206,543 5934,0825 11194,261 7343,472 1681,7906
1,7900001 B 375,7701 4324,371 16841,215 7880,7993 12051,089 8531,029 S 1198,32 20206,543 5934,0825 11194,261 7343,472 1681,7906
1,7900003 B 375,7701 4324,371 16841,215 7880,7993 12051,089 8531,029 S 1198,32 20206,543 5934,0825 11194,261 7343,472 1681,7906
1,7899998 B 375,7701 4324,371 16841,215 7880,7993 12051,089 8531,029 S 1198,32 20206,543 5934,0825 11194,261 7343,472 1681,7906
1,7900002 B 375,7701 4324,371 16841,215 7880,7993 12051,089 8531,029 S 1198,32 20206,543 5934,0825 11194,261 7343,472 1681,7906
1,7900002 B 375,7701 4324,371 16841,215 7880,7993 12051,089 8531,029 S 1198,32 20206,543 5934,0825 11194,261 7343,472 1681,7906
1,7899998 B 375,7701 4324,371 16841,215 7880,7993 12051,089 8531,029 S 1198,32 20206,543 5934,0825 11194,261 7343,472 1681,7906
1,7899998 B 375,7701 4324,371 16841,215 7880,7993 12051,089 8531,029 S 1198,32 20206,543 5934,0825 11194,261 7343,472 1681,7906
1,7900004 B 375,7701 4324,371 16841,215 7880,7993 12051,089 8531,029 S 1198,32 20206,543 5934,0825 11194,261 7343,472 1681,7906
1,7899997 B 375,7701 4324,371 16841,215 7880,7993 12051,089 8531,029 S 1198,32 20206,543 5934,0825 11194,261 7343,472 1681,7906
1,7900002 B 375,7701 4324,371 16841,215 7880,7993 12051,089 8531,029 S 1198,32 20206,543 5934,0825 11194,261 7343,472 1681,7906
1,7899998 B 375,7701 4324,371 16841,215 7880,7993 12051,089 8531,029 S 1198,32 20206,543 5934,0825 11194,261 7343,472 1681,7906
1,7899998 B 375,7701 4324,371 16841,215 7880,7993 12051,089 8531,029 S 1198,32 20206,543 5934,0825 11194,261 7343,472 1681,7906
1,7900004 B 375,7701 4324,371 16841,215 7880,7993 12051,089 8531,029 S 1198,32 20206,543 5934,0825 11194,261 7343,472 1681,7906
1,7900003 B 375,7701 4324,371 16841,215 7880,7993 12051,089 8531,029 S 1198,32 20206,543 5934,0825 11194,261 7343,472 1681,7906
1,7899997 B 375,7701 4324,371 16841,215 7880,7993 12051,089 8531,029 S 1198,32 20206,543 5934,0825 11194,261 7343,472 1681,7906
1,7900001 B 375,7701 4324,371 16841,215 7880,7993 12051,089 8531,029 S 1198,32 20206,543 5934,0825 11194,261 7343,472 1681,7906
1,7899997 B 375,7701 4324,371 16841,215 7880,7993 12051,089 8531,029 S 1198,32 20206,543 5934,0825 11194,261 7343,472 1681,7906
1,7899994 B 375,7701 4324,371 16841,215 7880,7993 12051,089 8531,029 S 1198,32 20206,543 5934,0825 11194,261 7343,472 1681,7906
1,7900003 B 375,7701 4324,371 16841,215 7880,7993 12051,089 8531,029 S 1198,32 20206,543 5934,0825 11194,261 7343,472 1681,7906
1,7900003 B 375,7701 4324,371 16841,215 7880,7993 12051,089 8531,029 S 1198,32 20206,543 5934,0825 11194,261 7343,472 1681,7906
1,7899997 B 375,7701 4324,371 16841,215 7880,7993 12051,089 8531,029 S 1198,32 20206,543 5934,0825 11194,261 7343,472 1681,7906
1,7899997 B 375,7701 4324,371 16841,215 7880,7993 12051,089 8531,029 S 1198,32 20206,543 5934,0825 11194,261 7343,472 1681,7906
1,7899998 B 375,7701 4324,371 16841,215 7880,7993 12051,089 8531,029 S 1198,32 20206,543 5934,0825 11194,261 7343,472 1681,7906
1,7900003 B 375,7701 4324,371 16841,215 7880,7993 12051,089 8531,029 S 1198,32 20206,543 5934,0825 11194,261 7343,472 1681,7906
1,7899997 B 375,7701 4324,371 16841,215 7880,7993 12051,089 8531,029 S 1198,32 20206,543 5934,0825 11194,261 7343,472 1681,7906
1,7900001 B 375,7701 4324,371 16841,215 7880,7993 12051,089 8531,029 S 1198,32 20206,543 5934,0825 11194,261 7343,472 1681,7906
1,7900002 B 375,7701 4324,371 16841,215 7880,7993 12051,089 8531,029 S 1198,32 20206,543 5934,0825 11194,261 7343,472 1681,7906
1,7900002 B 375,7701 4324,371 16841,215 7880,7993 12051,089 8531,029 S 1198,32 20206,543 5934,0825 11194,261 7343,472 1681,7906
