1,7871691
1,7880006 B 1462,7748 8790,98 6408,393 10715,855 9663,027 9601,011 S 3683,4734 12118,529 12168,337 5293,821 4361,8145 7443,8027
1,7879999 B 1462,7748 8790,98 6408,393 10715,855 9663,027 9601,011 S 3683,4734 12118,529 12168,337 5293,821 4361,8145 7443,8027
1,788 B 1462,7748 8790,98 6408,393 10715,855 9663,027 9601,011 S 3683,4734 12118,529 12168,337 5293,821 4361,8145 7443,8027
1,7879997 B 1462,7748 8790,98 6408,393 10715,855 9663,027 9601,011 S 3683,4734 12118,529 12168,337 5293,821 4361,8145 7443,8027
1,7880001 B 1462,7748 8790,98 6408,393 10715,855 9663,027 9601,011 S 3683,4734 12118,529 12168,337 5293,821 4361,8145 7443,8027
1,7880003 B 1462,7748 8790,98 6408,393 10715,855 9663,027 9601,011 S 3683,4734 12118,529 12168,337 5293,821 4361,8145 7443,8027
1,7879997 B 1462,7748 8790,98 6408,393 10715,855 9663,027 9601,011 S 3683,4734 12118,529 12168,337 5293,821 4361,8145 7443,8027
1,7880002 B 1462,7748 8790,98 6408,393 10715,855 9663,027 9601,011 S 3683,4734 12118,529 12168,337 5293,821 4361,8145 7443,8027
1,7880003 B 1462,7748 8790,98 6408,393 10715,855 9663,027 9601,011 S 3683,4734 12118,529 12168,337 5293,821 4361,8145 7443,8027
1,7880001 B 1462,7748 8790,98 6408,393 10715,855 9663,027 9601,011 S 3683,4734 12118,529 12168,337 5293,821 4361,8145 7443,8027
1,788 B 1462,7748 8790,98 6408,393 10715,855 9663,027 9601,011 S 3683,4734 12118,529 12168,337 5293,821 4361,8145 7443,8027
1,7880001 B 1462,7748 8790,98 6408,393 10715,855 9663,027 9601,011 S 3683,4734 12118,529 12168,337 5293,821 4361,8145 7443,8027
1,7880003 B 1462,7748 8790,98 6408,393 10715,855 9663,027 9601,011 S 3683,4734 12118,529 12168,337 5293,821 4361,8145 7443,8027
1,7879999 B 1462,7748 8790,98 6408,393 10715,855 9663,027 9601,011 S 3683,4734 12118,529 12168,337 5293,821 4361,8145 7443,8027
1,7880002 B 1462,7748 8790,98 6408,393 10715,855 9663,027 9601,011 S 3683,4734 12118,529 12168,337 5293,821 4361,8145 7443,8027
1,7879996 B 1462,7748 8790,98 6408,393 10715,855 9663,027 9601,011 S 3683,4734 12118,529 12168,337 5293,821 4361,8145 7443,8027
1,7880005 B 1462,7748 8790,98 6408,393 10715,855 9663,027 9601,011 S 3683,4734 12118,529 12168,337 5293,821 4361,8145 7443,8027
1,7879996 B 1462,7748 8790,98 6408,393 10715,855 9663,027 9601,011 S 3683,4734 12118,529 12168,337 5293,821 4361,8145 7443,8027
1,7880001 B 1462,7748 8790,98 6408,393 10715,855 9663,027 9601,011 S 3683,4734 12118,529 12168,337 5293,821 4361,8145 7443,8027
1,7871624 B 1462,7748 8790,98 6408,393 10715,855 9663,027 9601,011 S 3683,4734 12118,529 12168,337 5293,821 4361,8145 7443,8027
1,7870001 B 1462,7748 8790,98 6408,393 10715,855 9663,027 9601,011 S 3683,4734 12118,529 12168,337 5293,821 4361,8145 7443,8027
1,7870002 B 1462,7748 8790,98 6408,393 10715,855 9663,027 9601,011 S 3683,4734 12118,529 12168,337 5293,821 4361,8145 7443,8027
1,7865887 B 1462,7748 8790,98 6408,393 10715,855 9663,027 9601,011 S 3683,4734 12118,529 12168,337 5293,821 4361,8145 7443,8027
1,786 B 1462,7748 8790,98 6408,393 10715,855 9663,027 9601,011 S 3683,4734 12118,529 12168,337 5293,821 4361,8145 7443,8027
1,7860001 B 1462,7748 8790,98 6408,393 10715,855 9663,027 9601,011 S 3683,4734 12118,529 12168,337 5293,821 4361,8145 7443,8027
1,7860001 B 1462,7748 8790,98 6408,393 10715,855 9663,027 9601,011 S 3683,4734 12118,529 12168,337 5293,821 4361,8145 7443,8027
1,7860001 B 1462,7748 8790,98 6408,393 10715,855 9663,027 9601,011 S 3683,4734 12118,529 12168,337 5293,821 4361,8145 7443,8027
1,7859997 B 1462,7748 8790,98 6408,393 10715,855 9663,027 9601,011 S 3683,4734 12118,529 12168,337 5293,821 4361,8145 7443,8027
1,7860001 B 1462,7748 8790,98 6408,393 10715,855 9663,027 9601,011 S 3683,4734 12118,529 12168,337 5293,821 4361,8145 7443,8027
1,7860004 B 1462,7748 8790,98 6408,393 10715,855 9663,027 9601,011 S 3683,4734 12118,529 12168,337 5293,821 4361,8145 7443,8027
1,7859997 B 1462,7748 8790,98 6408,393 10715,855 9663,027 9601,011 S 3683,4734 12118,529 12168,337 5293,821 4361,8145 7443,8027
1,7859992 B 1462,7748 8790,98 6408,393 10715,855 9663,027 9601,011 S 3683,4734 12118,529 12168,337 5293,821 4361,8145 7443,8027
1,7859998 B 1462,7748 8790,98 6408,393 10715,855 9663,027 9601,011 S 3683,4734 12118,529 12168,337 5293,821 4361,8145 7443,8027
1,7860004 B 1462,7748 8790,98 6408,393 10715,855 9663,027 9601,011 S 3683,4734 12118,529 12168,337 5293,821 4361,8145 7443,8027
1,7859999 B 1462,7748 8790,98 6408,393 10715,855 9663,027 9601,011 S 3683,4734 12118,529 12168,337 5293,821 4361,8145 7443,8027
1,7860004 B 1462,7748 8790,98 6408,393 10715,855 9663,027 9601,011 S 3683,4734 12118,529 12168,337 5293,821 4361,8145 7443,8027
1,7860001 B 1462,7748 8790,98 6408,393 10715,855 9663,027 9601,011 S 3683,4734 12118,529 12168,337 5293,821 4361,8145 7443,8027
1,7859999 B 1462,7748 8790,98 6408,393 10715,855 9663,027 9601,011 S 3683,4734 12118,529 12168,337 5293,821 4361,8145 7443,8027
1,7860005 B 1462,7748 8790,98 6408,393 10715,855 9663,027 9601,011 S 3683,4734 12118,529 12168,337 5293,821 4361,8145 7443,8027
1,7859999 B 1462,7748 8790,98 6408,393 10715,855 9663,027 9601,011 S 3683,4734 12118,529 12168,337 5293,821 4361,8145 7443,8027
1,7860001 B 1462,7748 8790,98 6408,393 10715,855 9663,027 9601,011 S 3683,4734 12118,529 12168,337 5293,821 4361,8145 7443,8027
1,7859998 B 1462,7748 8790,98 6408,393 10715,855 9663,027 9601,011 S 3683,4734 12118,529 12168,337 5293,821 4361,8145 7443,8027
1,7859998 B 1462,7748 8790,98 6408,393 10715,855 9663,027 9601,011 S 3683,4734 12118,529 12168,337 5293,821 4361,8145 7443,8027
1,7859997 B 1462,7748 8790,98 6408,393 10715,855 9663,027 9601,011 S 3683,4734 12118,529 12168,337 5293,821 4361,8145 7443,8027
1,786 B 1462,7748 8790,98 6408,393 10715,855 9663,027 9601,011 S 3683,4734 12118,529 12168,337 5293,821 4361,8145 7443,8027
1,7860004 B 1462,7748 8790,98 6408,393 10715,855 9663,027 9601,011 S 3683,4734 12118,529 12168,337 5293,821 4361,8145 7443,8027
1,7859998 B 1462,7748 8790,98 6408,393 10715,855 9663,027 9601,011 S 3683,4734 12118,529 12168,337 5293,821 4361,8145 7443,8027
1,7860005 B 1462,7748 8790,98 6408,393 10715,855 9663,027 9601,011 S 3683,4734 12118,529 12168,337 5293,821 4361,8145 7443,8027
1,7860005 B 1462,7748 8790,98 6408,393 10715,855 9663,027 9601,011 S 3683,4734 12118,529 12168,337 5293,821 4361,8145 7443,8027
1,7859997 B 1462,7748 8790,98 6408,393 10715,855 9663,027 9601,011 S 3683,4734 12118,529 12168,337 5293,821 4361,8145 7443,8027
1,7860004 B 1462,7748 8790,98 6408,393 10715,855 9663,027 9601,011 S 3683,4734 12118,529 12168,337 5293,821 4361,8145 7443,8027
1,786 B 1462,7748 8790,98 6408,393 10715,855 9663,027 9601,011 S 3683,4734 12118,529 12168,337 5293,821 4361,8145 7443,8027
1,7859999 B 1462,7748 8790,98 6408,393 10715,855 9663,027 9601,011 S 3683,4734 12118,529 12168,337 5293,821 4361,8145 7443,8027
1,7860001 B 1462,7748 8790,98 6408,393 10715,855 9663,027 9601,011 S 3683,4734 12118,529 12168,337 5293,821 4361,8145 7443,8027
1,7859998 B 1462,7748 8790,98 6408,393 10715,855 9663,027 9601,011 S 3683,4734 12118,529 12168,337 5293,821 4361,8145 7443,8027
1,7859997 B 1462,7748 8790,98 6408,393 10715,855 9663,027 9601,011 S 3683,4734 12118,529 12168,337 5293,821 4361,8145 7443,8027
1,7859998 B 1462,7748 8790,98 6408,393 10715,855 9663,027 9601,011 S 3683,4734 12118,529 12168,337 5293,821 4361,8145 7443,8027
1,7860001 B 1462,7748 8790,98 6408,393 10715,855 9663,027 9601,011 S 3683,4734 12118,529 12168,337 5293,821 4361,8145 7443,8027
1,7859998 B 1462,7748 8790,98 6408,393 10715,855 9663,027 9601,011 S 3683,4734 12118,529 12168,337 5293,821 4361,8145 7443,8027
1,786 B 1462,7748 8790,98 6408,393 10715,855 9663,027 9601,011 S 3683,4734 12118,529 12168,337 5293,821 4361,8145 7443,8027
1,7860006 B 1462,7748 8790,98 6408,393 10715,855 9663,027 9601,011 S 3683,4734 12118,529 12168,337 5293,821 4361,8145 7443,8027
1,7859997 B 1462,7748 8790,98 6408,393 10715,855 9663,027 9601,011 S 3683,4734 12118,529 12168,337 5293,821 4361,8145 7443,8027
1,7859999 B 1462,7748 8790,98 6408,393 10715,855 9663,027 9601,011 S 3683,4734 12118,529 12168,337 5293,821 4361,8145 7443,8027
1,786 B 1462,7748 8790,98 6408,393 10715,855 9663,027 9601,011 S 3683,4734 12118,529 12168,337 5293,821 4361,8145 7443,8027
1,7860001 B 1462,7748 8790,98 6408,393 10715,855 9663,027 9601,011 S 3683,4734 12118,529 12168,337 5293,821 4361,8145 7443,8027
1,7859999 B 1462,7748 8790,98 6408,393 10715,855 9663,027 9601,011 S 3683,4734 12118,529 12168,337 5293,821 4361,8145 7443,8027
1,7860004 B 1462,7748 8790,98 6408,393 10715,855 9663,027 9601,011 S 3683,4734 12118,529 12168,337 5293,821 4361,8145 7443,8027
1,7867773 B 1462,7748 8790,98 6408,393 10715,855 9663,027 9601,011 S 3683,4734 12118,529 12168,337 5293,821 4361,8145 7443,8027
1,7869996 B 1462,7748 8790,98 6408,393 10715,855 9663,027 9601,011 S 3683,4734 12118,529 12168,337 5293,821 4361,8145 7443,8027
1,7870002 B 1462,7748 8790,98 6408,393 10715,855 9663,027 9601,011 S 3683,4734 12118,529 12168,337 5293,821 4361,8145 7443,8027
1,7870001 B 1462,7748 8790,98 6408,393 10715,855 9663,027 9601,011 S 3683,4734 12118,529 12168,337 5293,821 4361,8145 7443,8027
1,7869996 B 1462,7748 8790,98 6408,393 10715,855 9663,027 9601,011 S 3683,4734 12118,529 12168,337 5293,821 4361,8145 7443,8027
1,7869998 B 1462,7748 8790,98 6408,393 10715,855 9663,027 9601,011 S 3683,4734 12118,529 12168,337 5293,821 4361,8145 7443,8027
1,787 B 1462,7748 8790,98 6408,393 10715,855 9663,027 9601,011 S 3683,4734 12118,529 12168,337 5293,821 4361,8145 7443,8027
1,7870001 B 1462,7748 8790,98 6408,393 10715,855 9663,027 9601,011 S 3683,4734 12118,529 12168,337 5293,821 4361,8145 7443,8027
1,7870002 B 1462,7748 8790,98 6408,393 10715,855 9663,027 9601,011 S 3683,4734 12118,529 12168,337 5293,821 4361,8145 7443,8027
1,7870004 B 1462,7748 8790,98 6408,393 10715,855 9663,027 9601,011 S 3683,4734 12118,529 12168,337 5293,821 4361,8145 7443,8027
1,7869998 B 1462,7748 8790,98 6408,393 10715,855 9663,027 9601,011 S 3683,4734 12118,529 12168,337 5293,821 4361,8145 7443,8027
1,7870005 B 1462,7748 8790,98 6408,393 10715,855 9663,027 9601,011 S 3683,4734 12118,529 12168,337 5293,821 4361,8145 7443,8027
1,787 B 1462,7748 8790,98 6408,393 10715,855 9663,027 9601,011 S 3683,4734 12118,529 12168,337 5293,821 4361,8145 7443,8027
1,7869998 B 1462,7748 8790,98 6408,393 10715,855 9663,027 9601,011 S 3683,4734 12118,529 12168,337 5293,821 4361,8145 7443,8027
1,7870007 B 1462,7748 8790,98 6408,393 10715,855 9663,027 9601,011 S 3683,4734 12118,529 12168,337 5293,821 4361,8145 7443,8027
1,7870002 B 1462,7748 8790,98 6408,393 10715,855 9663,027 9601,011 S 3683,4734 12118,529 12168,337 5293,821 4361,8145 7443,8027
1,787 B 1462,7748 8790,98 6408,393 10715,855 9663,027 9601,011 S 3683,4734 12118,529 12168,337 5293,821 4361,8145 7443,8027
1,7875608 B 1462,7748 8790,98 6408,393 10715,855 9663,027 9601,011 S 3683,4734 12118,529 12168,337 5293,821 4361,8145 7443,8027
1,7889998 B 1462,7748 8790,98 6408,393 10715,855 9663,027 9601,011 S 3683,4734 12118,529 12168,337 5293,821 4361,8145 7443,8027
1,7890003 B 1462,7748 8790,98 6408,393 10715,855 9663,027 9601,011 S 3683,4734 12118,529 12168,337 5293,821 4361,8145 7443,8027
1,7889998 B 1462,7748 8790,98 6408,393 10715,855 9663,027 9601,011 S 3683,4734 12118,529 12168,337 5293,821 4361,8145 7443,8027
1,789 B 1462,7748 8790,98 6408,393 10715,855 9663,027 9601,011 S 3683,4734 12118,529 12168,337 5293,821 4361,8145 7443,8027
1,7889999 B 1462,7748 8790,98 6408,393 10715,855 9663,027 9601,011 S 3683,4734 12118,529 12168,337 5293,821 4361,8145 7443,8027
1,7889998 B 1462,7748 8790,98 6408,393 10715,855 9663,027 9601,011 S 3683,4734 12118,529 12168,337 5293,821 4361,8145 7443,8027
1,7890002 B 1462,7748 8790,98 6408,393 10715,855 9663,027 9601,011 S 3683,4734 12118,529 12168,337 5293,821 4361,8145 7443,8027
1,7889998 B 1462,7748 8790,98 6408,393 10715,855 9663,027 9601,011 S 3683,4734 12118,529 12168,337 5293,821 4361,8145 7443,8027
1,789 B 1462,7748 8790,98 6408,393 10715,855 9663,027 9601,011 S 3683,4734 12118,529 12168,337 5293,821 4361,8145 7443,8027
1,7890002 B 1462,7748 8790,98 6408,393 10715,855 9663,027 9601,011 S 3683,4734 12118,529 12168,337 5293,821 4361,8145 7443,8027
1,7889999 B 1462,7748 8790,98 6408,393 10715,855 9663,027 9601,011 S 3683,4734 12118,529 12168,337 5293,821 4361,8145 7443,8027
1,7890002 B 1462,7748 8790,98 6408,393 10715,855 9663,027 9601,011 S 3683,4734 12118,529 12168,337 5293,821 4361,8145 7443,8027
1,7890004 B 1462,7748 8790,98 6408,393 10715,855 9663,027 9601,011 S 3683,4734 12118,529 12168,337 5293,821 4361,8145 7443,8027
1,7889996 B 1462,7748 8790,98 6408,393 10715,855 9663,027 9601,011 S 3683,4734 12118,529 12168,337 5293,821 4361,8145 7443,8027
1,7889997 B 1462,7748 8790,98 6408,393 10715,855 9663,027 9601,011 S 3683,4734 12118,529 12168,337 5293,821 4361,8145 7443,8027
1,7889999 B 1462,7748 8790,98 6408,393 10715,855 9663,027 9601,011 S 3683,4734 12118,529 12168,337 5293,821 4361,8145 7443,8027
1,789 B 1462,7748 8790,98 6408,393 10715,855 9663,027 9601,011 S 3683,4734 12118,529 12168,337 5293,821 4361,8145 7443,8027
1,7890002 B 1462,7748 8790,98 6408,393 10715,855 9663,027 9601,011 S 3683,4734 12118,529 12168,337 5293,821 4361,8145 7443,8027
1,7889997 B 1462,7748 8790,98 6408,393 10715,855 9663,027 9601,011 S 3683,4734 12118,529 12168,337 5293,821 4361,8145 7443,8027
1,7889997 B 1462,7748 8790,98 6408,393 10715,855 9663,027 9601,011 S 3683,4734 12118,529 12168,337 5293,821 4361,8145 7443,8027
1,7889993 B 1462,7748 8790,98 6408,393 10715,855 9663,027 9601,011 S 3683,4734 12118,529 12168,337 5293,821 4361,8145 7443,8027
1,7889997 B 1462,7748 8790,98 6408,393 10715,855 9663,027 9601,011 S 3683,4734 12118,529 12168,337 5293,821 4361,8145 7443,8027
1,7889996 B 1462,7748 8790,98 6408,393 10715,855 9663,027 9601,011 S 3683,4734 12118,529 12168,337 5293,821 4361,8145 7443,8027
1,7889999 B 1462,7748 8790,98 6408,393 10715,855 9663,027 9601,011 S 3683,4734 12118,529 12168,337 5293,821 4361,8145 7443,8027
1,7889998 B 1462,7748 8790,98 6408,393 10715,855 9663,027 9601,011 S 3683,4734 12118,529 12168,337 5293,821 4361,8145 7443,8027
1,789 B 1462,7748 8790,98 6408,393 10715,855 9663,027 9601,011 S 3683,4734 12118,529 12168,337 5293,821 4361,8145 7443,8027
1,7889996 B 1462,7748 8790,98 6408,393 10715,855 9663,027 9601,011 S 3683,4734 12118,529 12168,337 5293,821 4361,8145 7443,8027
1,7889998 B 1462,7748 8790,98 6408,393 10715,855 9663,027 9601,011 S 3683,4734 12118,529 12168,337 5293,821 4361,8145 7443,8027
1,7889999 B 1462,7748 8790,98 6408,393 10715,855 9663,027 9601,011 S 3683,4734 12118,529 12168,337 5293,821 4361,8145 7443,8027
1,7889998 B 1462,7748 8790,98 6408,393 10715,855 9663,027 9601,011 S 3683,4734 12118,529 12168,337 5293,821 4361,8145 7443,8027
1,7889997 B 1462,7748 8790,98 6408,393 10715,855 9663,027 9601,011 S 3683,4734 12118,529 12168,337 5293,821 4361,8145 7443,8027
1,7889993 B 1462,7748 8790,98 6408,393 10715,855 9663,027 9601,011 S 3683,4734 12118,529 12168,337 5293,821 4361,8145 7443,8027
1,789 B 1462,7748 8790,98 6408,393 10715,855 9663,027 9601,011 S 3683,4734 12118,529 12168,337 5293,821 4361,8145 7443,8027
1,7889999 B 1462,7748 8790,98 6408,393 10715,855 9663,027 9601,011 S 3683,4734 12118,529 12168,337 5293,821 4361,8145 7443,8027
1,7889996 B 1462,7748 8790,98 6408,393 10715,855 9663,027 9601,011 S 3683,4734 12118,529 12168,337 5293,821 4361,8145 7443,8027
1,7889998 B 1462,7748 8790,98 6408,393 10715,855 9663,027 9601,011 S 3683,4734 12118,529 12168,337 5293,821 4361,8145 7443,8027
1,7890004 B 1462,7748 8790,98 6408,393 10715,855 9663,027 9601,011 S 3683,4734 12118,529 12168,337 5293,821 4361,8145 7443,8027
1,7890004 B 1462,7748 8790,98 6408,393 10715,855 9663,027 9601,011 S 3683,4734 12118,529 12168,337 5293,821 4361,8145 7443,8027
1,7890006 B 1462,7748 8790,98 6408,393 10715,855 9663,027 9601,011 S 3683,4734 12118,529 12168,337 5293,821 4361,8145 7443,8027
1,7890004 B 1462,7748 8790,98 6408,393 10715,855 9663,027 9601,011 S 3683,4734 12118,529 12168,337 5293,821 4361,8145 7443,8027
1,7890002 B 1462,7748 8790,98 6408,393 10715,855 9663,027 9601,011 S 3683,4734 12118,529 12168,337 5293,821 4361,8145 7443,8027
1,7889999 B 1462,7748 8790,98 6408,393 10715,855 9663,027 9601,011 S 3683,4734 12118,529 12168,337 5293,821 4361,8145 7443,8027
1,7890009 B 1462,7748 8790,98 6408,393 10715,855 9663,027 9601,011 S 3683,4734 12118,529 12168,337 5293,821 4361,8145 7443,8027
1,7890002 B 1462,7748 8790,98 6408,393 10715,855 9663,027 9601,011 S 3683,4734 12118,529 12168,337 5293,821 4361,8145 7443,8027
1,7889997 B 1462,7748 8790,98 6408,393 10715,855 9663,027 9601,011 S 3683,4734 12118,529 12168,337 5293,821 4361,8145 7443,8027
1,7890002 B 1462,7748 8790,98 6408,393 10715,855 9663,027 9601,011 S 3683,4734 12118,529 12168,337 5293,821 4361,8145 7443,8027
1,7890002 B 1462,7748 8790,98 6408,393 10715,855 9663,027 9601,011 S 3683,4734 12118,529 12168,337 5293,821 4361,8145 7443,8027
1,7890002 B 1462,7748 8790,98 6408,393 10715,855 9663,027 9601,011 S 3683,4734 12118,529 12168,337 5293,821 4361,8145 7443,8027
1,7889997 B 1462,7748 8790,98 6408,393 10715,855 9663,027 9601,011 S 3683,4734 12118,529 12168,337 5293,821 4361,8145 7443,8027
1,785971 B 1462,7748 8790,98 6408,393 10715,855 9663,027 9601,011 S 3683,4734 12118,529 12168,337 5293,821 4361,8145 7443,8027
1,785 B 1462,7748 8790,98 6408,393 10715,855 9663,027 9601,011 S 3683,4734 12118,529 12168,337 5293,821 4361,8145 7443,8027
1,7849998 B 1462,7748 8790,98 6408,393 10715,855 9663,027 9601,011 S 3683,4734 12118,529 12168,337 5293,821 4361,8145 7443,8027
1,7849996 B 1462,7748 8790,98 6408,393 10715,855 9663,027 9601,011 S 3683,4734 12118,529 12168,337 5293,821 4361,8145 7443,8027
1,7850002 B 1462,7748 8790,98 6408,393 10715,855 9663,027 9601,011 S 3683,4734 12118,529 12168,337 5293,821 4361,8145 7443,8027
1,7850004 B 1462,7748 8790,98 6408,393 10715,855 9663,027 9601,011 S 3683,4734 12118,529 12168,337 5293,821 4361,8145 7443,8027
1,7850003 B 1462,7748 8790,98 6408,393 10715,855 9663,027 9601,011 S 3683,4734 12118,529 12168,337 5293,821 4361,8145 7443,8027
1,7849995 B 1462,7748 8790,98 6408,393 10715,855 9663,027 9601,011 S 3683,4734 12118,529 12168,337 5293,821 4361,8145 7443,8027
1,7849996 B 1462,7748 8790,98 6408,393 10715,855 9663,027 9601,011 S 3683,4734 12118,529 12168,337 5293,821 4361,8145 7443,8027
1,7850001 B 1462,7748 8790,98 6408,393 10715,855 9663,027 9601,011 S 3683,4734 12118,529 12168,337 5293,821 4361,8145 7443,8027
1,7850001 B 1462,7748 8790,98 6408,393 10715,855 9663,027 9601,011 S 3683,4734 12118,529 12168,337 5293,821 4361,8145 7443,8027
1,7849998 B 1462,7748 8790,98 6408,393 10715,855 9663,027 9601,011 S 3683,4734 12118,529 12168,337 5293,821 4361,8145 7443,8027
1,7849998 B 1462,7748 8790,98 6408,393 10715,855 9663,027 9601,011 S 3683,4734 12118,529 12168,337 5293,821 4361,8145 7443,8027
1,7850003 B 1462,7748 8790,98 6408,393 10715,855 9663,027 9601,011 S 3683,4734 12118,529 12168,337 5293,821 4361,8145 7443,8027
1,7850001 B 1462,7748 8790,98 6408,393 10715,855 9663,027 9601,011 S 3683,4734 12118,529 12168,337 5293,821 4361,8145 7443,8027
1,7851168 B 1462,7748 8790,98 6408,393 10715,855 9663,027 9601,011 S 3683,4734 12118,529 12168,337 5293,821 4361,8145 7443,8027
1,787 B 1462,7748 8790,98 6408,393 10715,855 9663,027 9601,011 S 3683,4734 12118,529 12168,337 5293,821 4361,8145 7443,8027
1,7870005 B 1462,7748 8790,98 6408,393 10715,855 9663,027 9601,011 S 3683,4734 12118,529 12168,337 5293,821 4361,8145 7443,8027
1,787 B 1462,7748 8790,98 6408,393 10715,855 9663,027 9601,011 S 3683,4734 12118,529 12168,337 5293,821 4361,8145 7443,8027
1,7870002 B 1462,7748 8790,98 6408,393 10715,855 9663,027 9601,011 S 3683,4734 12118,529 12168,337 5293,821 4361,8145 7443,8027
1,7869996 B 1462,7748 8790,98 6408,393 10715,855 9663,027 9601,011 S 3683,4734 12118,529 12168,337 5293,821 4361,8145 7443,8027
1,7870007 B 1462,7748 8790,98 6408,393 10715,855 9663,027 9601,011 S 3683,4734 12118,529 12168,337 5293,821 4361,8145 7443,8027
1,787 B 1462,7748 8790,98 6408,393 10715,855 9663,027 9601,011 S 3683,4734 12118,529 12168,337 5293,821 4361,8145 7443,8027
1,7870001 B 1462,7748 8790,98 6408,393 10715,855 9663,027 9601,011 S 3683,4734 12118,529 12168,337 5293,821 4361,8145 7443,8027
1,7869996 B 1462,7748 8790,98 6408,393 10715,855 9663,027 9601,011 S 3683,4734 12118,529 12168,337 5293,821 4361,8145 7443,8027
1,7870004 B 1462,7748 8790,98 6408,393 10715,855 9663,027 9601,011 S 3683,4734 12118,529 12168,337 5293,821 4361,8145 7443,8027
1,7870003 B 1462,7748 8790,98 6408,393 10715,855 9663,027 9601,011 S 3683,4734 12118,529 12168,337 5293,821 4361,8145 7443,8027
1,7869995 B 1462,7748 8790,98 6408,393 10715,855 9663,027 9601,011 S 3683,4734 12118,529 12168,337 5293,821 4361,8145 7443,8027
1,7870002 B 1462,7748 8790,98 6408,393 10715,855 9663,027 9601,011 S 3683,4734 12118,529 12168,337 5293,821 4361,8145 7443,8027
1,7870002 B 1462,7748 8790,98 6408,393 10715,855 9663,027 9601,011 S 3683,4734 12118,529 12168,337 5293,821 4361,8145 7443,8027
1,7869998 B 1462,7748 8790,98 6408,393 10715,855 9663,027 9601,011 S 3683,4734 12118,529 12168,337 5293,821 4361,8145 7443,8027
1,787 B 1462,7748 8790,98 6408,393 10715,855 9663,027 9601,011 S 3683,4734 12118,529 12168,337 5293,821 4361,8145 7443,8027
1,7869996 B 1462,7748 8790,98 6408,393 10715,855 9663,027 9601,011 S 3683,4734 12118,529 12168,337 5293,821 4361,8145 7443,8027
1,7875812 B 1462,7748 8790,98 6408,393 10715,855 9663,027 9601,011 S 3683,4734 12118,529 12168,337 5293,821 4361,8145 7443,8027
1,788 B 1462,7748 8790,98 6408,393 10715,855 9663,027 9601,011 S 3683,4734 12118,529 12168,337 5293,821 4361,8145 7443,8027
1,788233 B 1462,7748 8790,98 6408,393 10715,855 9663,027 9601,011 S 3683,4734 12118,529 12168,337 5293,821 4361,8145 7443,8027
1,7889999 B 1462,7748 8790,98 6408,393 10715,855 9663,027 9601,011 S 3683,4734 12118,529 12168,337 5293,821 4361,8145 7443,8027
1,789 B 1462,7748 8790,98 6408,393 10715,855 9663,027 9601,011 S 3683,4734 12118,529 12168,337 5293,821 4361,8145 7443,8027
1,7889998 B 1462,7748 8790,98 6408,393 10715,855 9663,027 9601,011 S 3683,4734 12118,529 12168,337 5293,821 4361,8145 7443,8027
1,789 B 1462,7748 8790,98 6408,393 10715,855 9663,027 9601,011 S 3683,4734 12118,529 12168,337 5293,821 4361,8145 7443,8027
1,7889998 B 1462,7748 8790,98 6408,393 10715,855 9663,027 9601,011 S 3683,4734 12118,529 12168,337 5293,821 4361,8145 7443,8027
1,7890003 B 1462,7748 8790,98 6408,393 10715,855 9663,027 9601,011 S 3683,4734 12118,529 12168,337 5293,821 4361,8145 7443,8027
1,7890006 B 1462,7748 8790,98 6408,393 10715,855 9663,027 9601,011 S 3683,4734 12118,529 12168,337 5293,821 4361,8145 7443,8027
1,7889996 B 1462,7748 8790,98 6408,393 10715,855 9663,027 9601,011 S 3683,4734 12118,529 12168,337 5293,821 4361,8145 7443,8027
1,7890002 B 1462,7748 8790,98 6408,393 10715,855 9663,027 9601,011 S 3683,4734 12118,529 12168,337 5293,821 4361,8145 7443,8027
1,789 B 1462,7748 8790,98 6408,393 10715,855 9663,027 9601,011 S 3683,4734 12118,529 12168,337 5293,821 4361,8145 7443,8027
1,7889999 B 1462,7748 8790,98 6408,393 10715,855 9663,027 9601,011 S 3683,4734 12118,529 12168,337 5293,821 4361,8145 7443,8027
1,7889997 B 1462,7748 8790,98 6408,393 10715,855 9663,027 9601,011 S 3683,4734 12118,529 12168,337 5293,821 4361,8145 7443,8027
1,7889999 B 1462,7748 8790,98 6408,393 10715,855 9663,027 9601,011 S 3683,4734 12118,529 12168,337 5293,821 4361,8145 7443,8027
1,789 B 1462,7748 8790,98 6408,393 10715,855 9663,027 9601,011 S 3683,4734 12118,529 12168,337 5293,821 4361,8145 7443,8027
1,7890003 B 1462,7748 8790,98 6408,393 10715,855 9663,027 9601,011 S 3683,4734 12118,529 12168,337 5293,821 4361,8145 7443,8027
1,7880685 B 1462,7748 8790,98 6408,393 10715,855 9663,027 9601,011 S 3683,4734 12118,529 12168,337 5293,821 4361,8145 7443,8027
1,7880003 B 1462,7748 8790,98 6408,393 10715,855 9663,027 9601,011 S 3683,4734 12118,529 12168,337 5293,821 4361,8145 7443,8027
1,7879996 B 1462,7748 8790,98 6408,393 10715,855 9663,027 9601,011 S 3683,4734 12118,529 12168,337 5293,821 4361,8145 7443,8027
1,788 B 1462,7748 8790,98 6408,393 10715,855 9663,027 9601,011 S 3683,4734 12118,529 12168,337 5293,821 4361,8145 7443,8027
1,788 B 1462,7748 8790,98 6408,393 10715,855 9663,027 9601,011 S 3683,4734 12118,529 12168,337 5293,821 4361,8145 7443,8027
1,7879997 B 1462,7748 8790,98 6408,393 10715,855 9663,027 9601,011 S 3683,4734 12118,529 12168,337 5293,821 4361,8145 7443,8027
1,788 B 1462,7748 8790,98 6408,393 10715,855 9663,027 9601,011 S 3683,4734 12118,529 12168,337 5293,821 4361,8145 7443,8027
1,7880001 B 1462,7748 8790,98 6408,393 10715,855 9663,027 9601,011 S 3683,4734 12118,529 12168,337 5293,821 4361,8145 7443,8027
1,7879999 B 1462,7748 8790,98 6408,393 10715,855 9663,027 9601,011 S 3683,4734 12118,529 12168,337 5293,821 4361,8145 7443,8027
1,7879997 B 1462,7748 8790,98 6408,393 10715,855 9663,027 9601,011 S 3683,4734 12118,529 12168,337 5293,821 4361,8145 7443,8027
1,787747 B 1462,7748 8790,98 6408,393 10715,855 9663,027 9601,011 S 3683,4734 12118,529 12168,337 5293,821 4361,8145 7443,8027
1,7860004 B 1462,7748 8790,98 6408,393 10715,855 9663,027 9601,011 S 3683,4734 12118,529 12168,337 5293,821 4361,8145 7443,8027
1,7850823 B 1462,7748 8790,98 6408,393 10715,855 9663,027 9601,011 S 3683,4734 12118,529 12168,337 5293,821 4361,8145 7443,8027
1,7843215 B 1462,7748 8790,98 6408,393 10715,855 9663,027 9601,011 S 3683,4734 12118,529 12168,337 5293,821 4361,8145 7443,8027
1,7859995 B 1462,7748 8790,98 6408,393 10715,855 9663,027 9601,011 S 3683,4734 12118,529 12168,337 5293,821 4361,8145 7443,8027
1,786 B 1462,7748 8790,98 6408,393 10715,855 9663,027 9601,011 S 3683,4734 12118,529 12168,337 5293,821 4361,8145 7443,8027
1,7860001 B 1462,7748 8790,98 6408,393 10715,855 9663,027 9601,011 S 3683,4734 12118,529 12168,337 5293,821 4361,8145 7443,8027
1,7868054 B 1462,7748 8790,98 6408,393 10715,855 9663,027 9601,011 S 3683,4734 12118,529 12168,337 5293,821 4361,8145 7443,8027
1,7869996 B 1462,7748 8790,98 6408,393 10715,855 9663,027 9601,011 S 3683,4734 12118,529 12168,337 5293,821 4361,8145 7443,8027
1,7870001 B 1462,7748 8790,98 6408,393 10715,855 9663,027 9601,011 S 3683,4734 12118,529 12168,337 5293,821 4361,8145 7443,8027
1,7870001 B 1462,7748 8790,98 6408,393 10715,855 9663,027 9601,011 S 3683,4734 12118,529 12168,337 5293,821 4361,8145 7443,8027
1,7869996 B 1462,7748 8790,98 6408,393 10715,855 9663,027 9601,011 S 3683,4734 12118,529 12168,337 5293,821 4361,8145 7443,8027
1,7870002 B 1462,7748 8790,98 6408,393 10715,855 9663,027 9601,011 S 3683,4734 12118,529 12168,337 5293,821 4361,8145 7443,8027
1,7869996 B 1462,7748 8790,98 6408,393 10715,855 9663,027 9601,011 S 3683,4734 12118,529 12168,337 5293,821 4361,8145 7443,8027
1,787244 B 1462,7748 8790,98 6408,393 10715,855 9663,027 9601,011 S 3683,4734 12118,529 12168,337 5293,821 4361,8145 7443,8027
1,7879996 B 1462,7748 8790,98 6408,393 10715,855 9663,027 9601,011 S 3683,4734 12118,529 12168,337 5293,821 4361,8145 7443,8027
1,7880001 B 1462,7748 8790,98 6408,393 10715,855 9663,027 9601,011 S 3683,4734 12118,529 12168,337 5293,821 4361,8145 7443,8027
1,7879995 B 1462,7748 8790,98 6408,393 10715,855 9663,027 9601,011 S 3683,4734 12118,529 12168,337 5293,821 4361,8145 7443,8027
1,788 B 1462,7748 8790,98 6408,393 10715,855 9663,027 9601,011 S 3683,4734 12118,529 12168,337 5293,821 4361,8145 7443,8027
1,7880002 B 1462,7748 8790,98 6408,393 10715,855 9663,027 9601,011 S 3683,4734 12118,529 12168,337 5293,821 4361,8145 7443,8027
1,7880002 B 1462,7748 8790,98 6408,393 10715,855 9663,027 9601,011 S 3683,4734 12118,529 12168,337 5293,821 4361,8145 7443,8027
1,788 B 1462,7748 8790,98 6408,393 10715,855 9663,027 9601,011 S 3683,4734 12118,529 12168,337 5293,821 4361,8145 7443,8027
1,7879999 B 1462,7748 8790,98 6408,393 10715,855 9663,027 9601,011 S 3683,4734 12118,529 12168,337 5293,821 4361,8145 7443,8027
1,7880002 B 1462,7748 8790,98 6408,393 10715,855 9663,027 9601,011 S 3683,4734 12118,529 12168,337 5293,821 4361,8145 7443,8027
1,7879999 B 1462,7748 8790,98 6408,393 10715,855 9663,027 9601,011 S 3683,4734 12118,529 12168,337 5293,821 4361,8145 7443,8027
1,7880002 B 1462,7748 8790,98 6408,393 10715,855 9663,027 9601,011 S 3683,4734 12118,529 12168,337 5293,821 4361,8145 7443,8027
1,7879999 B 1462,7748 8790,98 6408,393 10715,855 9663,027 9601,011 S 3683,4734 12118,529 12168,337 5293,821 4361,8145 7443,8027
1,7880003 B 1462,7748 8790,98 6408,393 10715,855 9663,027 9601,011 S 3683,4734 12118,529 12168,337 5293,821 4361,8145 7443,8027
1,7860757 B 1462,7748 8790,98 6408,393 10715,855 9663,027 9601,011 S 3683,4734 12118,529 12168,337 5293,821 4361,8145 7443,8027
1,784 B 1462,7748 8790,98 6408,393 10715,855 9663,027 9601,011 S 3683,4734 12118,529 12168,337 5293,821 4361,8145 7443,8027
1,7840004 B 1462,7748 8790,98 6408,393 10715,855 9663,027 9601,011 S 3683,4734 12118,529 12168,337 5293,821 4361,8145 7443,8027
1,7840003 B 1462,7748 8790,98 6408,393 10715,855 9663,027 9601,011 S 3683,4734 12118,529 12168,337 5293,821 4361,8145 7443,8027
1,7840002 B 1462,7748 8790,98 6408,393 10715,855 9663,027 9601,011 S 3683,4734 12118,529 12168,337 5293,821 4361,8145 7443,8027
1,7840002 B 1462,7748 8790,98 6408,393 10715,855 9663,027 9601,011 S 3683,4734 12118,529 12168,337 5293,821 4361,8145 7443,8027
1,7839998 B 1462,7748 8790,98 6408,393 10715,855 9663,027 9601,011 S 3683,4734 12118,529 12168,337 5293,821 4361,8145 7443,8027
1,7840004 B 1462,7748 8790,98 6408,393 10715,855 9663,027 9601,011 S 3683,4734 12118,529 12168,337 5293,821 4361,8145 7443,8027
1,7840003 B 1462,7748 8790,98 6408,393 10715,855 9663,027 9601,011 S 3683,4734 12118,529 12168,337 5293,821 4361,8145 7443,8027
1,784 B 1462,7748 8790,98 6408,393 10715,855 9663,027 9601,011 S 3683,4734 12118,529 12168,337 5293,821 4361,8145 7443,8027
1,784 B 1462,7748 8790,98 6408,393 10715,855 9663,027 9601,011 S 3683,4734 12118,529 12168,337 5293,821 4361,8145 7443,8027
1,7839998 B 1462,7748 8790,98 6408,393 10715,855 9663,027 9601,011 S 3683,4734 12118,529 12168,337 5293,821 4361,8145 7443,8027
1,7840004 B 1462,7748 8790,98 6408,393 10715,855 9663,027 9601,011 S 3683,4734 12118,529 12168,337 5293,821 4361,8145 7443,8027
1,7840004 B 1462,7748 8790,98 6408,393 10715,855 9663,027 9601,011 S 3683,4734 12118,529 12168,337 5293,821 4361,8145 7443,8027
1,7840003 B 1462,7748 8790,98 6408,393 10715,855 9663,027 9601,011 S 3683,4734 12118,529 12168,337 5293,821 4361,8145 7443,8027
1,7840002 B 1462,7748 8790,98 6408,393 10715,855 9663,027 9601,011 S 3683,4734 12118,529 12168,337 5293,821 4361,8145 7443,8027
1,7834219 B 1462,7748 8790,98 6408,393 10715,855 9663,027 9601,011 S 3683,4734 12118,529 12168,337 5293,821 4361,8145 7443,8027
