1,7899295
1,7829996 B 1379,4548 7961,788 12073,419 6220,776 5620,1416 9971,175 S 1378,3119 11068,483 9987,135 9722,1 7926,3955 1103,7728
1,7812423 B 1379,4548 7961,788 12073,419 6220,776 5620,1416 9971,175 S 1378,3119 11068,483 9987,135 9722,1 7926,3955 1103,7728
1,7808765 B 1379,4548 7961,788 12073,419 6220,776 5620,1416 9971,175 S 1378,3119 11068,483 9987,135 9722,1 7926,3955 1103,7728
1,7809999 B 1379,4548 7961,788 12073,419 6220,776 5620,1416 9971,175 S 1378,3119 11068,483 9987,135 9722,1 7926,3955 1103,7728
1,7810004 B 1379,4548 7961,788 12073,419 6220,776 5620,1416 9971,175 S 1378,3119 11068,483 9987,135 9722,1 7926,3955 1103,7728
1,7809999 B 1379,4548 7961,788 12073,419 6220,776 5620,1416 9971,175 S 1378,3119 11068,483 9987,135 9722,1 7926,3955 1103,7728
1,7820579 B 1379,4548 7961,788 12073,419 6220,776 5620,1416 9971,175 S 1378,3119 11068,483 9987,135 9722,1 7926,3955 1103,7728
1,7840005 B 1379,4548 7961,788 12073,419 6220,776 5620,1416 9971,175 S 1378,3119 11068,483 9987,135 9722,1 7926,3955 1103,7728
1,7840006 B 1379,4548 7961,788 12073,419 6220,776 5620,1416 9971,175 S 1378,3119 11068,483 9987,135 9722,1 7926,3955 1103,7728
1,7840003 B 1379,4548 7961,788 12073,419 6220,776 5620,1416 9971,175 S 1378,3119 11068,483 9987,135 9722,1 7926,3955 1103,7728
1,784 B 1379,4548 7961,788 12073,419 6220,776 5620,1416 9971,175 S 1378,3119 11068,483 9987,135 9722,1 7926,3955 1103,7728
1,7837335 B 1379,4548 7961,788 12073,419 6220,776 5620,1416 9971,175 S 1378,3119 11068,483 9987,135 9722,1 7926,3955 1103,7728
1,7832639 B 1379,4548 7961,788 12073,419 6220,776 5620,1416 9971,175 S 1378,3119 11068,483 9987,135 9722,1 7926,3955 1103,7728
1,7840002 B 1379,4548 7961,788 12073,419 6220,776 5620,1416 9971,175 S 1378,3119 11068,483 9987,135 9722,1 7926,3955 1103,7728
1,7840002 B 1379,4548 7961,788 12073,419 6220,776 5620,1416 9971,175 S 1378,3119 11068,483 9987,135 9722,1 7926,3955 1103,7728
1,784 B 1379,4548 7961,788 12073,419 6220,776 5620,1416 9971,175 S 1378,3119 11068,483 9987,135 9722,1 7926,3955 1103,7728
1,7840008 B 1379,4548 7961,788 12073,419 6220,776 5620,1416 9971,175 S 1378,3119 11068,483 9987,135 9722,1 7926,3955 1103,7728
1,7840005 B 1379,4548 7961,788 12073,419 6220,776 5620,1416 9971,175 S 1378,3119 11068,483 9987,135 9722,1 7926,3955 1103,7728
1,7840005 B 1379,4548 7961,788 12073,419 6220,776 5620,1416 9971,175 S 1378,3119 11068,483 9987,135 9722,1 7926,3955 1103,7728
1,7840692 B 1379,4548 7961,788 12073,419 6220,776 5620,1416 9971,175 S 1378,3119 11068,483 9987,135 9722,1 7926,3955 1103,7728
1,7860001 B 1379,4548 7961,788 12073,419 6220,776 5620,1416 9971,175 S 1378,3119 11068,483 9987,135 9722,1 7926,3955 1103,7728
1,7860007 B 1379,4548 7961,788 12073,419 6220,776 5620,1416 9971,175 S 1378,3119 11068,483 9987,135 9722,1 7926,3955 1103,7728
1,7859998 B 1379,4548 7961,788 12073,419 6220,776 5620,1416 9971,175 S 1378,3119 11068,483 9987,135 9722,1 7926,3955 1103,7728
1,7860005 B 1379,4548 7961,788 12073,419 6220,776 5620,1416 9971,175 S 1378,3119 11068,483 9987,135 9722,1 7926,3955 1103,7728
1,7859998 B 1379,4548 7961,788 12073,419 6220,776 5620,1416 9971,175 S 1378,3119 11068,483 9987,135 9722,1 7926,3955 1103,7728
1,7860001 B 1379,4548 7961,788 12073,419 6220,776 5620,1416 9971,175 S 1378,3119 11068,483 9987,135 9722,1 7926,3955 1103,7728
1,7860001 B 1379,4548 7961,788 12073,419 6220,776 5620,1416 9971,175 S 1378,3119 11068,483 9987,135 9722,1 7926,3955 1103,7728
1,7860001 B 1379,4548 7961,788 12073,419 6220,776 5620,1416 9971,175 S 1378,3119 11068,483 9987,135 9722,1 7926,3955 1103,7728
1,7859997 B 1379,4548 7961,788 12073,419 6220,776 5620,1416 9971,175 S 1378,3119 11068,483 9987,135 9722,1 7926,3955 1103,7728
1,7860004 B 1379,4548 7961,788 12073,419 6220,776 5620,1416 9971,175 S 1378,3119 11068,483 9987,135 9722,1 7926,3955 1103,7728
1,7860001 B 1379,4548 7961,788 12073,419 6220,776 5620,1416 9971,175 S 1378,3119 11068,483 9987,135 9722,1 7926,3955 1103,7728
1,7859995 B 1379,4548 7961,788 12073,419 6220,776 5620,1416 9971,175 S 1378,3119 11068,483 9987,135 9722,1 7926,3955 1103,7728
1,7860001 B 1379,4548 7961,788 12073,419 6220,776 5620,1416 9971,175 S 1378,3119 11068,483 9987,135 9722,1 7926,3955 1103,7728
1,7869405 B 1379,4548 7961,788 12073,419 6220,776 5620,1416 9971,175 S 1378,3119 11068,483 9987,135 9722,1 7926,3955 1103,7728
1,7869998 B 1379,4548 7961,788 12073,419 6220,776 5620,1416 9971,175 S 1378,3119 11068,483 9987,135 9722,1 7926,3955 1103,7728
1,7870005 B 1379,4548 7961,788 12073,419 6220,776 5620,1416 9971,175 S 1378,3119 11068,483 9987,135 9722,1 7926,3955 1103,7728
1,7848036 B 1379,4548 7961,788 12073,419 6220,776 5620,1416 9971,175 S 1378,3119 11068,483 9987,135 9722,1 7926,3955 1103,7728
1,7840003 B 1379,4548 7961,788 12073,419 6220,776 5620,1416 9971,175 S 1378,3119 11068,483 9987,135 9722,1 7926,3955 1103,7728
1,7840005 B 1379,4548 7961,788 12073,419 6220,776 5620,1416 9971,175 S 1378,3119 11068,483 9987,135 9722,1 7926,3955 1103,7728
1,7840002 B 1379,4548 7961,788 12073,419 6220,776 5620,1416 9971,175 S 1378,3119 11068,483 9987,135 9722,1 7926,3955 1103,7728
1,7840003 B 1379,4548 7961,788 12073,419 6220,776 5620,1416 9971,175 S 1378,3119 11068,483 9987,135 9722,1 7926,3955 1103,7728
1,784244 B 1379,4548 7961,788 12073,419 6220,776 5620,1416 9971,175 S 1378,3119 11068,483 9987,135 9722,1 7926,3955 1103,7728
1,7850001 B 1379,4548 7961,788 12073,419 6220,776 5620,1416 9971,175 S 1378,3119 11068,483 9987,135 9722,1 7926,3955 1103,7728
1,7850001 B 1379,4548 7961,788 12073,419 6220,776 5620,1416 9971,175 S 1378,3119 11068,483 9987,135 9722,1 7926,3955 1103,7728
1,7859426 B 1379,4548 7961,788 12073,419 6220,776 5620,1416 9971,175 S 1378,3119 11068,483 9987,135 9722,1 7926,3955 1103,7728
1,7860004 B 1379,4548 7961,788 12073,419 6220,776 5620,1416 9971,175 S 1378,3119 11068,483 9987,135 9722,1 7926,3955 1103,7728
1,7859998 B 1379,4548 7961,788 12073,419 6220,776 5620,1416 9971,175 S 1378,3119 11068,483 9987,135 9722,1 7926,3955 1103,7728
1,7860758 B 1379,4548 7961,788 12073,419 6220,776 5620,1416 9971,175 S 1378,3119 11068,483 9987,135 9722,1 7926,3955 1103,7728
1,7870005 B 1379,4548 7961,788 12073,419 6220,776 5620,1416 9971,175 S 1378,3119 11068,483 9987,135 9722,1 7926,3955 1103,7728
1,7870003 B 1379,4548 7961,788 12073,419 6220,776 5620,1416 9971,175 S 1378,3119 11068,483 9987,135 9722,1 7926,3955 1103,7728
1,787 B 1379,4548 7961,788 12073,419 6220,776 5620,1416 9971,175 S 1378,3119 11068,483 9987,135 9722,1 7926,3955 1103,7728
1,7869995 B 1379,4548 7961,788 12073,419 6220,776 5620,1416 9971,175 S 1378,3119 11068,483 9987,135 9722,1 7926,3955 1103,7728
1,7875558 B 1379,4548 7961,788 12073,419 6220,776 5620,1416 9971,175 S 1378,3119 11068,483 9987,135 9722,1 7926,3955 1103,7728
1,7889999 B 1379,4548 7961,788 12073,419 6220,776 5620,1416 9971,175 S 1378,3119 11068,483 9987,135 9722,1 7926,3955 1103,7728
1,7900113 B 1379,4548 7961,788 12073,419 6220,776 5620,1416 9971,175 S 1378,3119 11068,483 9987,135 9722,1 7926,3955 1103,7728
1,7900004 B 1379,4548 7961,788 12073,419 6220,776 5620,1416 9971,175 S 1378,3119 11068,483 9987,135 9722,1 7926,3955 1103,7728
1,7900003 B 1379,4548 7961,788 12073,419 6220,776 5620,1416 9971,175 S 1378,3119 11068,483 9987,135 9722,1 7926,3955 1103,7728
1,7899996 B 1379,4548 7961,788 12073,419 6220,776 5620,1416 9971,175 S 1378,3119 11068,483 9987,135 9722,1 7926,3955 1103,7728
1,7899996 B 1379,4548 7961,788 12073,419 6220,776 5620,1416 9971,175 S 1378,3119 11068,483 9987,135 9722,1 7926,3955 1103,7728
1,7899995 B 1379,4548 7961,788 12073,419 6220,776 5620,1416 9971,175 S 1378,3119 11068,483 9987,135 9722,1 7926,3955 1103,7728
1,7899996 B 1379,4548 7961,788 12073,419 6220,776 5620,1416 9971,175 S 1378,3119 11068,483 9987,135 9722,1 7926,3955 1103,7728
1,7900008 B 1379,4548 7961,788 12073,419 6220,776 5620,1416 9971,175 S 1378,3119 11068,483 9987,135 9722,1 7926,3955 1103,7728
1,7900004 B 1379,4548 7961,788 12073,419 6220,776 5620,1416 9971,175 S 1378,3119 11068,483 9987,135 9722,1 7926,3955 1103,7728
1,7899994 B 1379,4548 7961,788 12073,419 6220,776 5620,1416 9971,175 S 1378,3119 11068,483 9987,135 9722,1 7926,3955 1103,7728
1,7899998 B 1379,4548 7961,788 12073,419 6220,776 5620,1416 9971,175 S 1378,3119 11068,483 9987,135 9722,1 7926,3955 1103,7728
1,7915018 B 1379,4548 7961,788 12073,419 6220,776 5620,1416 9971,175 S 1378,3119 11068,483 9987,135 9722,1 7926,3955 1103,7728
1,7919997 B 1379,4548 7961,788 12073,419 6220,776 5620,1416 9971,175 S 1378,3119 11068,483 9987,135 9722,1 7926,3955 1103,7728
1,792 B 1379,4548 7961,788 12073,419 6220,776 5620,1416 9971,175 S 1378,3119 11068,483 9987,135 9722,1 7926,3955 1103,7728
1,792 B 1379,4548 7961,788 12073,419 6220,776 5620,1416 9971,175 S 1378,3119 11068,483 9987,135 9722,1 7926,3955 1103,7728
1,7925824 B 1379,4548 7961,788 12073,419 6220,776 5620,1416 9971,175 S 1378,3119 11068,483 9987,135 9722,1 7926,3955 1103,7728
1,7940004 B 1379,4548 7961,788 12073,419 6220,776 5620,1416 9971,175 S 1378,3119 11068,483 9987,135 9722,1 7926,3955 1103,7728
1,7940004 B 1379,4548 7961,788 12073,419 6220,776 5620,1416 9971,175 S 1378,3119 11068,483 9987,135 9722,1 7926,3955 1103,7728
1,7939996 B 1379,4548 7961,788 12073,419 6220,776 5620,1416 9971,175 S 1378,3119 11068,483 9987,135 9722,1 7926,3955 1103,7728
1,7939996 B 1379,4548 7961,788 12073,419 6220,776 5620,1416 9971,175 S 1378,3119 11068,483 9987,135 9722,1 7926,3955 1103,7728
1,7940003 B 1379,4548 7961,788 12073,419 6220,776 5620,1416 9971,175 S 1378,3119 11068,483 9987,135 9722,1 7926,3955 1103,7728
1,794 B 1379,4548 7961,788 12073,419 6220,776 5620,1416 9971,175 S 1378,3119 11068,483 9987,135 9722,1 7926,3955 1103,7728
1,7936088 B 1379,4548 7961,788 12073,419 6220,776 5620,1416 9971,175 S 1378,3119 11068,483 9987,135 9722,1 7926,3955 1103,7728
1,7940004 B 1379,4548 7961,788 12073,419 6220,776 5620,1416 9971,175 S 1378,3119 11068,483 9987,135 9722,1 7926,3955 1103,7728
1,7940005 B 1379,4548 7961,788 12073,419 6220,776 5620,1416 9971,175 S 1378,3119 11068,483 9987,135 9722,1 7926,3955 1103,7728
1,7940005 B 1379,4548 7961,788 12073,419 6220,776 5620,1416 9971,175 S 1378,3119 11068,483 9987,135 9722,1 7926,3955 1103,7728
1,7940001 B 1379,4548 7961,788 12073,419 6220,776 5620,1416 9971,175 S 1378,3119 11068,483 9987,135 9722,1 7926,3955 1103,7728
1,794 B 1379,4548 7961,788 12073,419 6220,776 5620,1416 9971,175 S 1378,3119 11068,483 9987,135 9722,1 7926,3955 1103,7728
1,7940003 B 1379,4548 7961,788 12073,419 6220,776 5620,1416 9971,175 S 1378,3119 11068,483 9987,135 9722,1 7926,3955 1103,7728
1,7940005 B 1379,4548 7961,788 12073,419 6220,776 5620,1416 9971,175 S 1378,3119 11068,483 9987,135 9722,1 7926,3955 1103,7728
1,7940001 B 1379,4548 7961,788 12073,419 6220,776 5620,1416 9971,175 S 1378,3119 11068,483 9987,135 9722,1 7926,3955 1103,7728
1,7940004 B 1379,4548 7961,788 12073,419 6220,776 5620,1416 9971,175 S 1378,3119 11068,483 9987,135 9722,1 7926,3955 1103,7728
1,794 B 1379,4548 7961,788 12073,419 6220,776 5620,1416 9971,175 S 1378,3119 11068,483 9987,135 9722,1 7926,3955 1103,7728
1,7939999 B 1379,4548 7961,788 12073,419 6220,776 5620,1416 9971,175 S 1378,3119 11068,483 9987,135 9722,1 7926,3955 1103,7728
1,7939998 B 1379,4548 7961,788 12073,419 6220,776 5620,1416 9971,175 S 1378,3119 11068,483 9987,135 9722,1 7926,3955 1103,7728
1,7939998 B 1379,4548 7961,788 12073,419 6220,776 5620,1416 9971,175 S 1378,3119 11068,483 9987,135 9722,1 7926,3955 1103,7728
1,794 B 1379,4548 7961,788 12073,419 6220,776 5620,1416 9971,175 S 1378,3119 11068,483 9987,135 9722,1 7926,3955 1103,7728
1,7940003 B 1379,4548 7961,788 12073,419 6220,776 5620,1416 9971,175 S 1378,3119 11068,483 9987,135 9722,1 7926,3955 1103,7728
1,7939994 B 1379,4548 7961,788 12073,419 6220,776 5620,1416 9971,175 S 1378,3119 11068,483 9987,135 9722,1 7926,3955 1103,7728
1,7939999 B 1379,4548 7961,788 12073,419 6220,776 5620,1416 9971,175 S 1378,3119 11068,483 9987,135 9722,1 7926,3955 1103,7728
1,794 B 1379,4548 7961,788 12073,419 6220,776 5620,1416 9971,175 S 1378,3119 11068,483 9987,135 9722,1 7926,3955 1103,7728
1,7940001 B 1379,4548 7961,788 12073,419 6220,776 5620,1416 9971,175 S 1378,3119 11068,483 9987,135 9722,1 7926,3955 1103,7728
1,7939996 B 1379,4548 7961,788 12073,419 6220,776 5620,1416 9971,175 S 1378,3119 11068,483 9987,135 9722,1 7926,3955 1103,7728
1,7940003 B 1379,4548 7961,788 12073,419 6220,776 5620,1416 9971,175 S 1378,3119 11068,483 9987,135 9722,1 7926,3955 1103,7728
1,794 B 1379,4548 7961,788 12073,419 6220,776 5620,1416 9971,175 S 1378,3119 11068,483 9987,135 9722,1 7926,3955 1103,7728
1,7940004 B 1379,4548 7961,788 12073,419 6220,776 5620,1416 9971,175 S 1378,3119 11068,483 9987,135 9722,1 7926,3955 1103,7728
1,7940003 B 1379,4548 7961,788 12073,419 6220,776 5620,1416 9971,175 S 1378,3119 11068,483 9987,135 9722,1 7926,3955 1103,7728
1,7940007 B 1379,4548 7961,788 12073,419 6220,776 5620,1416 9971,175 S 1378,3119 11068,483 9987,135 9722,1 7926,3955 1103,7728
1,7939996 B 1379,4548 7961,788 12073,419 6220,776 5620,1416 9971,175 S 1378,3119 11068,483 9987,135 9722,1 7926,3955 1103,7728
1,7940003 B 1379,4548 7961,788 12073,419 6220,776 5620,1416 9971,175 S 1378,3119 11068,483 9987,135 9722,1 7926,3955 1103,7728
1,7936835 B 1379,4548 7961,788 12073,419 6220,776 5620,1416 9971,175 S 1378,3119 11068,483 9987,135 9722,1 7926,3955 1103,7728
1,7919999 B 1379,4548 7961,788 12073,419 6220,776 5620,1416 9971,175 S 1378,3119 11068,483 9987,135 9722,1 7926,3955 1103,7728
1,792 B 1379,4548 7961,788 12073,419 6220,776 5620,1416 9971,175 S 1378,3119 11068,483 9987,135 9722,1 7926,3955 1103,7728
1,7919997 B 1379,4548 7961,788 12073,419 6220,776 5620,1416 9971,175 S 1378,3119 11068,483 9987,135 9722,1 7926,3955 1103,7728
1,7919999 B 1379,4548 7961,788 12073,419 6220,776 5620,1416 9971,175 S 1378,3119 11068,483 9987,135 9722,1 7926,3955 1103,7728
1,7919996 B 1379,4548 7961,788 12073,419 6220,776 5620,1416 9971,175 S 1378,3119 11068,483 9987,135 9722,1 7926,3955 1103,7728
1,7920002 B 1379,4548 7961,788 12073,419 6220,776 5620,1416 9971,175 S 1378,3119 11068,483 9987,135 9722,1 7926,3955 1103,7728
1,7919996 B 1379,4548 7961,788 12073,419 6220,776 5620,1416 9971,175 S 1378,3119 11068,483 9987,135 9722,1 7926,3955 1103,7728
1,7919999 B 1379,4548 7961,788 12073,419 6220,776 5620,1416 9971,175 S 1378,3119 11068,483 9987,135 9722,1 7926,3955 1103,7728
1,7919998 B 1379,4548 7961,788 12073,419 6220,776 5620,1416 9971,175 S 1378,3119 11068,483 9987,135 9722,1 7926,3955 1103,7728
1,792 B 1379,4548 7961,788 12073,419 6220,776 5620,1416 9971,175 S 1378,3119 11068,483 9987,135 9722,1 7926,3955 1103,7728
1,7919999 B 1379,4548 7961,788 12073,419 6220,776 5620,1416 9971,175 S 1378,3119 11068,483 9987,135 9722,1 7926,3955 1103,7728
1,7919996 B 1379,4548 7961,788 12073,419 6220,776 5620,1416 9971,175 S 1378,3119 11068,483 9987,135 9722,1 7926,3955 1103,7728
1,792 B 1379,4548 7961,788 12073,419 6220,776 5620,1416 9971,175 S 1378,3119 11068,483 9987,135 9722,1 7926,3955 1103,7728
1,7920004 B 1379,4548 7961,788 12073,419 6220,776 5620,1416 9971,175 S 1378,3119 11068,483 9987,135 9722,1 7926,3955 1103,7728
1,7919999 B 1379,4548 7961,788 12073,419 6220,776 5620,1416 9971,175 S 1378,3119 11068,483 9987,135 9722,1 7926,3955 1103,7728
1,7920002 B 1379,4548 7961,788 12073,419 6220,776 5620,1416 9971,175 S 1378,3119 11068,483 9987,135 9722,1 7926,3955 1103,7728
1,7920004 B 1379,4548 7961,788 12073,419 6220,776 5620,1416 9971,175 S 1378,3119 11068,483 9987,135 9722,1 7926,3955 1103,7728
1,7920002 B 1379,4548 7961,788 12073,419 6220,776 5620,1416 9971,175 S 1378,3119 11068,483 9987,135 9722,1 7926,3955 1103,7728
1,792 B 1379,4548 7961,788 12073,419 6220,776 5620,1416 9971,175 S 1378,3119 11068,483 9987,135 9722,1 7926,3955 1103,7728
1,7920003 B 1379,4548 7961,788 12073,419 6220,776 5620,1416 9971,175 S 1378,3119 11068,483 9987,135 9722,1 7926,3955 1103,7728
1,792 B 1379,4548 7961,788 12073,419 6220,776 5620,1416 9971,175 S 1378,3119 11068,483 9987,135 9722,1 7926,3955 1103,7728
1,7919997 B 1379,4548 7961,788 12073,419 6220,776 5620,1416 9971,175 S 1378,3119 11068,483 9987,135 9722,1 7926,3955 1103,7728
1,7920003 B 1379,4548 7961,788 12073,419 6220,776 5620,1416 9971,175 S 1378,3119 11068,483 9987,135 9722,1 7926,3955 1103,7728
1,7919999 B 1379,4548 7961,788 12073,419 6220,776 5620,1416 9971,175 S 1378,3119 11068,483 9987,135 9722,1 7926,3955 1103,7728
1,7920004 B 1379,4548 7961,788 12073,419 6220,776 5620,1416 9971,175 S 1378,3119 11068,483 9987,135 9722,1 7926,3955 1103,7728
1,7919999 B 1379,4548 7961,788 12073,419 6220,776 5620,1416 9971,175 S 1378,3119 11068,483 9987,135 9722,1 7926,3955 1103,7728
1,7919998 B 1379,4548 7961,788 12073,419 6220,776 5620,1416 9971,175 S 1378,3119 11068,483 9987,135 9722,1 7926,3955 1103,7728
1,7919993 B 1379,4548 7961,788 12073,419 6220,776 5620,1416 9971,175 S 1378,3119 11068,483 9987,135 9722,1 7926,3955 1103,7728
1,7920002 B 1379,4548 7961,788 12073,419 6220,776 5620,1416 9971,175 S 1378,3119 11068,483 9987,135 9722,1 7926,3955 1103,7728
1,7920004 B 1379,4548 7961,788 12073,419 6220,776 5620,1416 9971,175 S 1378,3119 11068,483 9987,135 9722,1 7926,3955 1103,7728
1,7920005 B 1379,4548 7961,788 12073,419 6220,776 5620,1416 9971,175 S 1378,3119 11068,483 9987,135 9722,1 7926,3955 1103,7728
1,7920002 B 1379,4548 7961,788 12073,419 6220,776 5620,1416 9971,175 S 1378,3119 11068,483 9987,135 9722,1 7926,3955 1103,7728
1,792 B 1379,4548 7961,788 12073,419 6220,776 5620,1416 9971,175 S 1378,3119 11068,483 9987,135 9722,1 7926,3955 1103,7728
1,7919999 B 1379,4548 7961,788 12073,419 6220,776 5620,1416 9971,175 S 1378,3119 11068,483 9987,135 9722,1 7926,3955 1103,7728
1,7920003 B 1379,4548 7961,788 12073,419 6220,776 5620,1416 9971,175 S 1378,3119 11068,483 9987,135 9722,1 7926,3955 1103,7728
1,7919999 B 1379,4548 7961,788 12073,419 6220,776 5620,1416 9971,175 S 1378,3119 11068,483 9987,135 9722,1 7926,3955 1103,7728
1,7919997 B 1379,4548 7961,788 12073,419 6220,776 5620,1416 9971,175 S 1378,3119 11068,483 9987,135 9722,1 7926,3955 1103,7728
1,7919997 B 1379,4548 7961,788 12073,419 6220,776 5620,1416 9971,175 S 1378,3119 11068,483 9987,135 9722,1 7926,3955 1103,7728
1,7920003 B 1379,4548 7961,788 12073,419 6220,776 5620,1416 9971,175 S 1378,3119 11068,483 9987,135 9722,1 7926,3955 1103,7728
1,7919995 B 1379,4548 7961,788 12073,419 6220,776 5620,1416 9971,175 S 1378,3119 11068,483 9987,135 9722,1 7926,3955 1103,7728
1,7919996 B 1379,4548 7961,788 12073,419 6220,776 5620,1416 9971,175 S 1378,3119 11068,483 9987,135 9722,1 7926,3955 1103,7728
1,7919999 B 1379,4548 7961,788 12073,419 6220,776 5620,1416 9971,175 S 1378,3119 11068,483 9987,135 9722,1 7926,3955 1103,7728
1,7919999 B 1379,4548 7961,788 12073,419 6220,776 5620,1416 9971,175 S 1378,3119 11068,483 9987,135 9722,1 7926,3955 1103,7728
1,7919995 B 1379,4548 7961,788 12073,419 6220,776 5620,1416 9971,175 S 1378,3119 11068,483 9987,135 9722,1 7926,3955 1103,7728
1,7920003 B 1379,4548 7961,788 12073,419 6220,776 5620,1416 9971,175 S 1378,3119 11068,483 9987,135 9722,1 7926,3955 1103,7728
1,7919999 B 1379,4548 7961,788 12073,419 6220,776 5620,1416 9971,175 S 1378,3119 11068,483 9987,135 9722,1 7926,3955 1103,7728
1,7919996 B 1379,4548 7961,788 12073,419 6220,776 5620,1416 9971,175 S 1378,3119 11068,483 9987,135 9722,1 7926,3955 1103,7728
1,7920002 B 1379,4548 7961,788 12073,419 6220,776 5620,1416 9971,175 S 1378,3119 11068,483 9987,135 9722,1 7926,3955 1103,7728
1,7920002 B 1379,4548 7961,788 12073,419 6220,776 5620,1416 9971,175 S 1378,3119 11068,483 9987,135 9722,1 7926,3955 1103,7728
1,792 B 1379,4548 7961,788 12073,419 6220,776 5620,1416 9971,175 S 1378,3119 11068,483 9987,135 9722,1 7926,3955 1103,7728
1,7919997 B 1379,4548 7961,788 12073,419 6220,776 5620,1416 9971,175 S 1378,3119 11068,483 9987,135 9722,1 7926,3955 1103,7728
1,7919999 B 1379,4548 7961,788 12073,419 6220,776 5620,1416 9971,175 S 1378,3119 11068,483 9987,135 9722,1 7926,3955 1103,7728
1,7919997 B 1379,4548 7961,788 12073,419 6220,776 5620,1416 9971,175 S 1378,3119 11068,483 9987,135 9722,1 7926,3955 1103,7728
1,7920003 B 1379,4548 7961,788 12073,419 6220,776 5620,1416 9971,175 S 1378,3119 11068,483 9987,135 9722,1 7926,3955 1103,7728
1,792 B 1379,4548 7961,788 12073,419 6220,776 5620,1416 9971,175 S 1378,3119 11068,483 9987,135 9722,1 7926,3955 1103,7728
1,7919999 B 1379,4548 7961,788 12073,419 6220,776 5620,1416 9971,175 S 1378,3119 11068,483 9987,135 9722,1 7926,3955 1103,7728
1,7919998 B 1379,4548 7961,788 12073,419 6220,776 5620,1416 9971,175 S 1378,3119 11068,483 9987,135 9722,1 7926,3955 1103,7728
1,792 B 1379,4548 7961,788 12073,419 6220,776 5620,1416 9971,175 S 1378,3119 11068,483 9987,135 9722,1 7926,3955 1103,7728
1,7919998 B 1379,4548 7961,788 12073,419 6220,776 5620,1416 9971,175 S 1378,3119 11068,483 9987,135 9722,1 7926,3955 1103,7728
1,7919999 B 1379,4548 7961,788 12073,419 6220,776 5620,1416 9971,175 S 1378,3119 11068,483 9987,135 9722,1 7926,3955 1103,7728
1,7919999 B 1379,4548 7961,788 12073,419 6220,776 5620,1416 9971,175 S 1378,3119 11068,483 9987,135 9722,1 7926,3955 1103,7728
1,7920004 B 1379,4548 7961,788 12073,419 6220,776 5620,1416 9971,175 S 1378,3119 11068,483 9987,135 9722,1 7926,3955 1103,7728
1,7919998 B 1379,4548 7961,788 12073,419 6220,776 5620,1416 9971,175 S 1378,3119 11068,483 9987,135 9722,1 7926,3955 1103,7728
1,7919998 B 1379,4548 7961,788 12073,419 6220,776 5620,1416 9971,175 S 1378,3119 11068,483 9987,135 9722,1 7926,3955 1103,7728
1,7919996 B 1379,4548 7961,788 12073,419 6220,776 5620,1416 9971,175 S 1378,3119 11068,483 9987,135 9722,1 7926,3955 1103,7728
1,7919999 B 1379,4548 7961,788 12073,419 6220,776 5620,1416 9971,175 S 1378,3119 11068,483 9987,135 9722,1 7926,3955 1103,7728
1,792 B 1379,4548 7961,788 12073,419 6220,776 5620,1416 9971,175 S 1378,3119 11068,483 9987,135 9722,1 7926,3955 1103,7728
1,7920005 B 1379,4548 7961,788 12073,419 6220,776 5620,1416 9971,175 S 1378,3119 11068,483 9987,135 9722,1 7926,3955 1103,7728
1,7919999 B 1379,4548 7961,788 12073,419 6220,776 5620,1416 9971,175 S 1378,3119 11068,483 9987,135 9722,1 7926,3955 1103,7728
1,7920004 B 1379,4548 7961,788 12073,419 6220,776 5620,1416 9971,175 S 1378,3119 11068,483 9987,135 9722,1 7926,3955 1103,7728
1,7920002 B 1379,4548 7961,788 12073,419 6220,776 5620,1416 9971,175 S 1378,3119 11068,483 9987,135 9722,1 7926,3955 1103,7728
1,7920003 B 1379,4548 7961,788 12073,419 6220,776 5620,1416 9971,175 S 1378,3119 11068,483 9987,135 9722,1 7926,3955 1103,7728
1,7920002 B 1379,4548 7961,788 12073,419 6220,776 5620,1416 9971,175 S 1378,3119 11068,483 9987,135 9722,1 7926,3955 1103,7728
1,7920003 B 1379,4548 7961,788 12073,419 6220,776 5620,1416 9971,175 S 1378,3119 11068,483 9987,135 9722,1 7926,3955 1103,7728
1,792 B 1379,4548 7961,788 12073,419 6220,776 5620,1416 9971,175 S 1378,3119 11068,483 9987,135 9722,1 7926,3955 1103,7728
1,7920003 B 1379,4548 7961,788 12073,419 6220,776 5620,1416 9971,175 S 1378,3119 11068,483 9987,135 9722,1 7926,3955 1103,7728
1,7920003 B 1379,4548 7961,788 12073,419 6220,776 5620,1416 9971,175 S 1378,3119 11068,483 9987,135 9722,1 7926,3955 1103,7728
1,7919999 B 1379,4548 7961,788 12073,419 6220,776 5620,1416 9971,175 S 1378,3119 11068,483 9987,135 9722,1 7926,3955 1103,7728
1,7920002 B 1379,4548 7961,788 12073,419 6220,776 5620,1416 9971,175 S 1378,3119 11068,483 9987,135 9722,1 7926,3955 1103,7728
1,7920002 B 1379,4548 7961,788 12073,419 6220,776 5620,1416 9971,175 S 1378,3119 11068,483 9987,135 9722,1 7926,3955 1103,7728
1,7919998 B 1379,4548 7961,788 12073,419 6220,776 5620,1416 9971,175 S 1378,3119 11068,483 9987,135 9722,1 7926,3955 1103,7728
1,7920004 B 1379,4548 7961,788 12073,419 6220,776 5620,1416 9971,175 S 1378,3119 11068,483 9987,135 9722,1 7926,3955 1103,7728
1,7920005 B 1379,4548 7961,788 12073,419 6220,776 5620,1416 9971,175 S 1378,3119 11068,483 9987,135 9722,1 7926,3955 1103,7728
1,7919998 B 1379,4548 7961,788 12073,419 6220,776 5620,1416 9971,175 S 1378,3119 11068,483 9987,135 9722,1 7926,3955 1103,7728
1,7919999 B 1379,4548 7961,788 12073,419 6220,776 5620,1416 9971,175 S 1378,3119 11068,483 9987,135 9722,1 7926,3955 1103,7728
1,7920004 B 1379,4548 7961,788 12073,419 6220,776 5620,1416 9971,175 S 1378,3119 11068,483 9987,135 9722,1 7926,3955 1103,7728
1,7920002 B 1379,4548 7961,788 12073,419 6220,776 5620,1416 9971,175 S 1378,3119 11068,483 9987,135 9722,1 7926,3955 1103,7728
1,792 B 1379,4548 7961,788 12073,419 6220,776 5620,1416 9971,175 S 1378,3119 11068,483 9987,135 9722,1 7926,3955 1103,7728
1,7920004 B 1379,4548 7961,788 12073,419 6220,776 5620,1416 9971,175 S 1378,3119 11068,483 9987,135 9722,1 7926,3955 1103,7728
1,7919996 B 1379,4548 7961,788 12073,419 6220,776 5620,1416 9971,175 S 1378,3119 11068,483 9987,135 9722,1 7926,3955 1103,7728
1,792 B 1379,4548 7961,788 12073,419 6220,776 5620,1416 9971,175 S 1378,3119 11068,483 9987,135 9722,1 7926,3955 1103,7728
1,7920002 B 1379,4548 7961,788 12073,419 6220,776 5620,1416 9971,175 S 1378,3119 11068,483 9987,135 9722,1 7926,3955 1103,7728
1,7920003 B 1379,4548 7961,788 12073,419 6220,776 5620,1416 9971,175 S 1378,3119 11068,483 9987,135 9722,1 7926,3955 1103,7728
1,7920002 B 1379,4548 7961,788 12073,419 6220,776 5620,1416 9971,175 S 1378,3119 11068,483 9987,135 9722,1 7926,3955 1103,7728
1,7920002 B 1379,4548 7961,788 12073,419 6220,776 5620,1416 9971,175 S 1378,3119 11068,483 9987,135 9722,1 7926,3955 1103,7728
1,7919999 B 1379,4548 7961,788 12073,419 6220,776 5620,1416 9971,175 S 1378,3119 11068,483 9987,135 9722,1 7926,3955 1103,7728
1,7920002 B 1379,4548 7961,788 12073,419 6220,776 5620,1416 9971,175 S 1378,3119 11068,483 9987,135 9722,1 7926,3955 1103,7728
1,7919995 B 1379,4548 7961,788 12073,419 6220,776 5620,1416 9971,175 S 1378,3119 11068,483 9987,135 9722,1 7926,3955 1103,7728
1,792 B 1379,4548 7961,788 12073,419 6220,776 5620,1416 9971,175 S 1378,3119 11068,483 9987,135 9722,1 7926,3955 1103,7728
1,792 B 1379,4548 7961,788 12073,419 6220,776 5620,1416 9971,175 S 1378,3119 11068,483 9987,135 9722,1 7926,3955 1103,7728
1,7919998 B 1379,4548 7961,788 12073,419 6220,776 5620,1416 9971,175 S 1378,3119 11068,483 9987,135 9722,1 7926,3955 1103,7728
1,7919999 B 1379,4548 7961,788 12073,419 6220,776 5620,1416 9971,175 S 1378,3119 11068,483 9987,135 9722,1 7926,3955 1103,7728
1,7913374 B 1379,4548 7961,788 12073,419 6220,776 5620,1416 9971,175 S 1378,3119 11068,483 9987,135 9722,1 7926,3955 1103,7728
1,788 B 1379,4548 7961,788 12073,419 6220,776 5620,1416 9971,175 S 1378,3119 11068,483 9987,135 9722,1 7926,3955 1103,7728
1,7880005 B 1379,4548 7961,788 12073,419 6220,776 5620,1416 9971,175 S 1378,3119 11068,483 9987,135 9722,1 7926,3955 1103,7728
1,7876576 B 1379,4548 7961,788 12073,419 6220,776 5620,1416 9971,175 S 1378,3119 11068,483 9987,135 9722,1 7926,3955 1103,7728
1,787 B 1379,4548 7961,788 12073,419 6220,776 5620,1416 9971,175 S 1378,3119 11068,483 9987,135 9722,1 7926,3955 1103,7728
1,787 B 1379,4548 7961,788 12073,419 6220,776 5620,1416 9971,175 S 1378,3119 11068,483 9987,135 9722,1 7926,3955 1103,7728
1,7870001 B 1379,4548 7961,788 12073,419 6220,776 5620,1416 9971,175 S 1378,3119 11068,483 9987,135 9722,1 7926,3955 1103,7728
1,7866421 B 1379,4548 7961,788 12073,419 6220,776 5620,1416 9971,175 S 1378,3119 11068,483 9987,135 9722,1 7926,3955 1103,7728
1,7859994 B 1379,4548 7961,788 12073,419 6220,776 5620,1416 9971,175 S 1378,3119 11068,483 9987,135 9722,1 7926,3955 1103,7728
1,7859999 B 1379,4548 7961,788 12073,419 6220,776 5620,1416 9971,175 S 1378,3119 11068,483 9987,135 9722,1 7926,3955 1103,7728
1,7859998 B 1379,4548 7961,788 12073,419 6220,776 5620,1416 9971,175 S 1378,3119 11068,483 9987,135 9722,1 7926,3955 1103,7728
1,7860005 B 1379,4548 7961,788 12073,419 6220,776 5620,1416 9971,175 S 1378,3119 11068,483 9987,135 9722,1 7926,3955 1103,7728
1,7859998 B 1379,4548 7961,788 12073,419 6220,776 5620,1416 9971,175 S 1378,3119 11068,483 9987,135 9722,1 7926,3955 1103,7728
1,7860006 B 1379,4548 7961,788 12073,419 6220,776 5620,1416 9971,175 S 1378,3119 11068,483 9987,135 9722,1 7926,3955 1103,7728
1,7859997 B 1379,4548 7961,788 12073,419 6220,776 5620,1416 9971,175 S 1378,3119 11068,483 9987,135 9722,1 7926,3955 1103,7728
1,7860001 B 1379,4548 7961,788 12073,419 6220,776 5620,1416 9971,175 S 1378,3119 11068,483 9987,135 9722,1 7926,3955 1103,7728
1,7859998 B 1379,4548 7961,788 12073,419 6220,776 5620,1416 9971,175 S 1378,3119 11068,483 9987,135 9722,1 7926,3955 1103,7728
1,7868183 B 1379,4548 7961,788 12073,419 6220,776 5620,1416 9971,175 S 1378,3119 11068,483 9987,135 9722,1 7926,3955 1103,7728
1,7870003 B 1379,4548 7961,788 12073,419 6220,776 5620,1416 9971,175 S 1378,3119 11068,483 9987,135 9722,1 7926,3955 1103,7728
1,7869996 B 1379,4548 7961,788 12073,419 6220,776 5620,1416 9971,175 S 1378,3119 11068,483 9987,135 9722,1 7926,3955 1103,7728
1,7869157 B 1379,4548 7961,788 12073,419 6220,776 5620,1416 9971,175 S 1378,3119 11068,483 9987,135 9722,1 7926,3955 1103,7728
1,7870007 B 1379,4548 7961,788 12073,419 6220,776 5620,1416 9971,175 S 1378,3119 11068,483 9987,135 9722,1 7926,3955 1103,7728
1,7869998 B 1379,4548 7961,788 12073,419 6220,776 5620,1416 9971,175 S 1378,3119 11068,483 9987,135 9722,1 7926,3955 1103,7728
1,7870002 B 1379,4548 7961,788 12073,419 6220,776 5620,1416 9971,175 S 1378,3119 11068,483 9987,135 9722,1 7926,3955 1103,7728
1,7870003 B 1379,4548 7961,788 12073,419 6220,776 5620,1416 9971,175 S 1378,3119 11068,483 9987,135 9722,1 7926,3955 1103,7728
1,7876483 B 1379,4548 7961,788 12073,419 6220,776 5620,1416 9971,175 S 1378,3119 11068,483 9987,135 9722,1 7926,3955 1103,7728
1,788 B 1379,4548 7961,788 12073,419 6220,776 5620,1416 9971,175 S 1378,3119 11068,483 9987,135 9722,1 7926,3955 1103,7728
1,7879999 B 1379,4548 7961,788 12073,419 6220,776 5620,1416 9971,175 S 1378,3119 11068,483 9987,135 9722,1 7926,3955 1103,7728
1,7879997 B 1379,4548 7961,788 12073,419 6220,776 5620,1416 9971,175 S 1378,3119 11068,483 9987,135 9722,1 7926,3955 1103,7728
1,7880001 B 1379,4548 7961,788 12073,419 6220,776 5620,1416 9971,175 S 1378,3119 11068,483 9987,135 9722,1 7926,3955 1103,7728
1,7879999 B 1379,4548 7961,788 12073,419 6220,776 5620,1416 9971,175 S 1378,3119 11068,483 9987,135 9722,1 7926,3955 1103,7728
1,788 B 1379,4548 7961,788 12073,419 6220,776 5620,1416 9971,175 S 1378,3119 11068,483 9987,135 9722,1 7926,3955 1103,7728
1,7880006 B 1379,4548 7961,788 12073,419 6220,776 5620,1416 9971,175 S 1378,3119 11068,483 9987,135 9722,1 7926,3955 1103,7728
