1,7900015
1,7900002 B 375,7699 4324,3706 16841,213 7880,798 12051,09 8531,025 S 1198,3197 20206,533 5934,078 11194,261 7343,4717 1681,7902
1,7900001 B 375,7699 4324,3706 16841,213 7880,798 12051,09 8531,025 S 1198,3197 20206,533 5934,078 11194,261 7343,4717 1681,7902
1,7899998 B 375,7699 4324,3706 16841,213 7880,798 12051,09 8531,025 S 1198,3197 20206,533 5934,078 11194,261 7343,4717 1681,7902
1,7900003 B 375,7699 4324,3706 16841,213 7880,798 12051,09 8531,025 S 1198,3197 20206,533 5934,078 11194,261 7343,4717 1681,7902
1,7899996 B 375,7699 4324,3706 16841,213 7880,798 12051,09 8531,025 S 1198,3197 20206,533 5934,078 11194,261 7343,4717 1681,7902
1,7899995 B 375,7699 4324,3706 16841,213 7880,798 12051,09 8531,025 S 1198,3197 20206,533 5934,078 11194,261 7343,4717 1681,7902
1,7900004 B 375,7699 4324,3706 16841,213 7880,798 12051,09 8531,025 S 1198,3197 20206,533 5934,078 11194,261 7343,4717 1681,7902
1,7899997 B 375,7699 4324,3706 16841,213 7880,798 12051,09 8531,025 S 1198,3197 20206,533 5934,078 11194,261 7343,4717 1681,7902
1,7899995 B 375,7699 4324,3706 16841,213 7880,798 12051,09 8531,025 S 1198,3197 20206,533 5934,078 11194,261 7343,4717 1681,7902
1,7899995 B 375,7699 4324,3706 16841,213 7880,798 12051,09 8531,025 S 1198,3197 20206,533 5934,078 11194,261 7343,4717 1681,7902
1,7899997 B 375,7699 4324,3706 16841,213 7880,798 12051,09 8531,025 S 1198,3197 20206,533 5934,078 11194,261 7343,4717 1681,7902
1,7899998 B 375,7699 4324,3706 16841,213 7880,798 12051,09 8531,025 S 1198,3197 20206,533 5934,078 11194,261 7343,4717 1681,7902
1,7900001 B 375,7699 4324,3706 16841,213 7880,798 12051,09 8531,025 S 1198,3197 20206,533 5934,078 11194,261 7343,4717 1681,7902
1,7899997 B 375,7699 4324,3706 16841,213 7880,798 12051,09 8531,025 S 1198,3197 20206,533 5934,078 11194,261 7343,4717 1681,7902
1,7899997 B 375,7699 4324,3706 16841,213 7880,798 12051,09 8531,025 S 1198,3197 20206,533 5934,078 11194,261 7343,4717 1681,7902
1,7900002 B 375,7699 4324,3706 16841,213 7880,798 12051,09 8531,025 S 1198,3197 20206,533 5934,078 11194,261 7343,4717 1681,7902
1,7899996 B 375,7699 4324,3706 16841,213 7880,798 12051,09 8531,025 S 1198,3197 20206,533 5934,078 11194,261 7343,4717 1681,7902
1,7900003 B 375,7699 4324,3706 16841,213 7880,798 12051,09 8531,025 S 1198,3197 20206,533 5934,078 11194,261 7343,4717 1681,7902
1,7899995 B 375,7699 4324,3706 16841,213 7880,798 12051,09 8531,025 S 1198,3197 20206,533 5934,078 11194,261 7343,4717 1681,7902
1,7899997 B 375,7699 4324,3706 16841,213 7880,798 12051,09 8531,025 S 1198,3197 20206,533 5934,078 11194,261 7343,4717 1681,7902
1,7900001 B 375,7699 4324,3706 16841,213 7880,798 12051,09 8531,025 S 1198,3197 20206,533 5934,078 11194,261 7343,4717 1681,7902
1,7899998 B 375,7699 4324,3706 16841,213 7880,798 12051,09 8531,025 S 1198,3197 20206,533 5934,078 11194,261 7343,4717 1681,7902
1,7900002 B 375,7699 4324,3706 16841,213 7880,798 12051,09 8531,025 S 1198,3197 20206,533 5934,078 11194,261 7343,4717 1681,7902
1,7899997 B 375,7699 4324,3706 16841,213 7880,798 12051,09 8531,025 S 1198,3197 20206,533 5934,078 11194,261 7343,4717 1681,7902
1,7899998 B 375,7699 4324,3706 16841,213 7880,798 12051,09 8531,025 S 1198,3197 20206,533 5934,078 11194,261 7343,4717 1681,7902
1,7900003 B 375,7699 4324,3706 16841,213 7880,798 12051,09 8531,025 S 1198,3197 20206,533 5934,078 11194,261 7343,4717 1681,7902
1,7900003 B 375,7699 4324,3706 16841,213 7880,798 12051,09 8531,025 S 1198,3197 20206,533 5934,078 11194,261 7343,4717 1681,7902
1,7899998 B 375,7699 4324,3706 16841,213 7880,798 12051,09 8531,025 S 1198,3197 20206,533 5934,078 11194,261 7343,4717 1681,7902
1,7900001 B 375,7699 4324,3706 16841,213 7880,798 12051,09 8531,025 S 1198,3197 20206,533 5934,078 11194,261 7343,4717 1681,7902
1,7900001 B 375,7699 4324,3706 16841,213 7880,798 12051,09 8531,025 S 1198,3197 20206,533 5934,078 11194,261 7343,4717 1681,7902
1,7900003 B 375,7699 4324,3706 16841,213 7880,798 12051,09 8531,025 S 1198,3197 20206,533 5934,078 11194,261 7343,4717 1681,7902
1,7899996 B 375,7699 4324,3706 16841,213 7880,798 12051,09 8531,025 S 1198,3197 20206,533 5934,078 11194,261 7343,4717 1681,7902
1,7899995 B 375,7699 4324,3706 16841,213 7880,798 12051,09 8531,025 S 1198,3197 20206,533 5934,078 11194,261 7343,4717 1681,7902
1,7900002 B 375,7699 4324,3706 16841,213 7880,798 12051,09 8531,025 S 1198,3197 20206,533 5934,078 11194,261 7343,4717 1681,7902
1,7900001 B 375,7699 4324,3706 16841,213 7880,798 12051,09 8531,025 S 1198,3197 20206,533 5934,078 11194,261 7343,4717 1681,7902
1,7900001 B 375,7699 4324,3706 16841,213 7880,798 12051,09 8531,025 S 1198,3197 20206,533 5934,078 11194,261 7343,4717 1681,7902
1,7899998 B 375,7699 4324,3706 16841,213 7880,798 12051,09 8531,025 S 1198,3197 20206,533 5934,078 11194,261 7343,4717 1681,7902
1,7900004 B 375,7699 4324,3706 16841,213 7880,798 12051,09 8531,025 S 1198,3197 20206,533 5934,078 11194,261 7343,4717 1681,7902
1,7900001 B 375,7699 4324,3706 16841,213 7880,798 12051,09 8531,025 S 1198,3197 20206,533 5934,078 11194,261 7343,4717 1681,7902
1,7899998 B 375,7699 4324,3706 16841,213 7880,798 12051,09 8531,025 S 1198,3197 20206,533 5934,078 11194,261 7343,4717 1681,7902
1,7899997 B 375,7699 4324,3706 16841,213 7880,798 12051,09 8531,025 S 1198,3197 20206,533 5934,078 11194,261 7343,4717 1681,7902
1,7899995 B 375,7699 4324,3706 16841,213 7880,798 12051,09 8531,025 S 1198,3197 20206,533 5934,078 11194,261 7343,4717 1681,7902
1,7899997 B 375,7699 4324,3706 16841,213 7880,798 12051,09 8531,025 S 1198,3197 20206,533 5934,078 11194,261 7343,4717 1681,7902
1,7899996 B 375,7699 4324,3706 16841,213 7880,798 12051,09 8531,025 S 1198,3197 20206,533 5934,078 11194,261 7343,4717 1681,7902
1,7900006 B 375,7699 4324,3706 16841,213 7880,798 12051,09 8531,025 S 1198,3197 20206,533 5934,078 11194,261 7343,4717 1681,7902
1,7900006 B 375,7699 4324,3706 16841,213 7880,798 12051,09 8531,025 S 1198,3197 20206,533 5934,078 11194,261 7343,4717 1681,7902
1,7900003 B 375,7699 4324,3706 16841,213 7880,798 12051,09 8531,025 S 1198,3197 20206,533 5934,078 11194,261 7343,4717 1681,7902
1,7899998 B 375,7699 4324,3706 16841,213 7880,798 12051,09 8531,025 S 1198,3197 20206,533 5934,078 11194,261 7343,4717 1681,7902
1,7900001 B 375,7699 4324,3706 16841,213 7880,798 12051,09 8531,025 S 1198,3197 20206,533 5934,078 11194,261 7343,4717 1681,7902
1,7899996 B 375,7699 4324,3706 16841,213 7880,798 12051,09 8531,025 S 1198,3197 20206,533 5934,078 11194,261 7343,4717 1681,7902
1,7899998 B 375,7699 4324,3706 16841,213 7880,798 12051,09 8531,025 S 1198,3197 20206,533 5934,078 11194,261 7343,4717 1681,7902
1,7900003 B 375,7699 4324,3706 16841,213 7880,798 12051,09 8531,025 S 1198,3197 20206,533 5934,078 11194,261 7343,4717 1681,7902
1,7899996 B 375,7699 4324,3706 16841,213 7880,798 12051,09 8531,025 S 1198,3197 20206,533 5934,078 11194,261 7343,4717 1681,7902
1,7900002 B 375,7699 4324,3706 16841,213 7880,798 12051,09 8531,025 S 1198,3197 20206,533 5934,078 11194,261 7343,4717 1681,7902
1,7900003 B 375,7699 4324,3706 16841,213 7880,798 12051,09 8531,025 S 1198,3197 20206,533 5934,078 11194,261 7343,4717 1681,7902
1,7899998 B 375,7699 4324,3706 16841,213 7880,798 12051,09 8531,025 S 1198,3197 20206,533 5934,078 11194,261 7343,4717 1681,7902
1,7899998 B 375,7699 4324,3706 16841,213 7880,798 12051,09 8531,025 S 1198,3197 20206,533 5934,078 11194,261 7343,4717 1681,7902
1,7900001 B 375,7699 4324,3706 16841,213 7880,798 12051,09 8531,025 S 1198,3197 20206,533 5934,078 11194,261 7343,4717 1681,7902
1,7899997 B 375,7699 4324,3706 16841,213 7880,798 12051,09 8531,025 S 1198,3197 20206,533 5934,078 11194,261 7343,4717 1681,7902
1,7900003 B 375,7699 4324,3706 16841,213 7880,798 12051,09 8531,025 S 1198,3197 20206,533 5934,078 11194,261 7343,4717 1681,7902
1,7899996 B 375,7699 4324,3706 16841,213 7880,798 12051,09 8531,025 S 1198,3197 20206,533 5934,078 11194,261 7343,4717 1681,7902
1,7900003 B 375,7699 4324,3706 16841,213 7880,798 12051,09 8531,025 S 1198,3197 20206,533 5934,078 11194,261 7343,4717 1681,7902
1,7900006 B 375,7699 4324,3706 16841,213 7880,798 12051,09 8531,025 S 1198,3197 20206,533 5934,078 11194,261 7343,4717 1681,7902
1,7900001 B 375,7699 4324,3706 16841,213 7880,798 12051,09 8531,025 S 1198,3197 20206,533 5934,078 11194,261 7343,4717 1681,7902
1,7900002 B 375,7699 4324,3706 16841,213 7880,798 12051,09 8531,025 S 1198,3197 20206,533 5934,078 11194,261 7343,4717 1681,7902
1,7899998 B 375,7699 4324,3706 16841,213 7880,798 12051,09 8531,025 S 1198,3197 20206,533 5934,078 11194,261 7343,4717 1681,7902
1,7900004 B 375,7699 4324,3706 16841,213 7880,798 12051,09 8531,025 S 1198,3197 20206,533 5934,078 11194,261 7343,4717 1681,7902
1,7899998 B 375,7699 4324,3706 16841,213 7880,798 12051,09 8531,025 S 1198,3197 20206,533 5934,078 11194,261 7343,4717 1681,7902
1,7900003 B 375,7699 4324,3706 16841,213 7880,798 12051,09 8531,025 S 1198,3197 20206,533 5934,078 11194,261 7343,4717 1681,7902
1,7900003 B 375,7699 4324,3706 16841,213 7880,798 12051,09 8531,025 S 1198,3197 20206,533 5934,078 11194,261 7343,4717 1681,7902
1,7900001 B 375,7699 4324,3706 16841,213 7880,798 12051,09 8531,025 S 1198,3197 20206,533 5934,078 11194,261 7343,4717 1681,7902
1,7899997 B 375,7699 4324,3706 16841,213 7880,798 12051,09 8531,025 S 1198,3197 20206,533 5934,078 11194,261 7343,4717 1681,7902
1,7900006 B 375,7699 4324,3706 16841,213 7880,798 12051,09 8531,025 S 1198,3197 20206,533 5934,078 11194,261 7343,4717 1681,7902
1,7900002 B 375,7699 4324,3706 16841,213 7880,798 12051,09 8531,025 S 1198,3197 20206,533 5934,078 11194,261 7343,4717 1681,7902
1,7900002 B 375,7699 4324,3706 16841,213 7880,798 12051,09 8531,025 S 1198,3197 20206,533 5934,078 11194,261 7343,4717 1681,7902
1,7900001 B 375,7699 4324,3706 16841,213 7880,798 12051,09 8531,025 S 1198,3197 20206,533 5934,078 11194,261 7343,4717 1681,7902
1,7900002 B 375,7699 4324,3706 16841,213 7880,798 12051,09 8531,025 S 1198,3197 20206,533 5934,078 11194,261 7343,4717 1681,7902
1,7900006 B 375,7699 4324,3706 16841,213 7880,798 12051,09 8531,025 S 1198,3197 20206,533 5934,078 11194,261 7343,4717 1681,7902
1,7900003 B 375,7699 4324,3706 16841,213 7880,798 12051,09 8531,025 S 1198,3197 20206,533 5934,078 11194,261 7343,4717 1681,7902
1,7900004 B 375,7699 4324,3706 16841,213 7880,798 12051,09 8531,025 S 1198,3197 20206,533 5934,078 11194,261 7343,4717 1681,7902
1,7900002 B 375,7699 4324,3706 16841,213 7880,798 12051,09 8531,025 S 1198,3197 20206,533 5934,078 11194,261 7343,4717 1681,7902
1,7900002 B 375,7699 4324,3706 16841,213 7880,798 12051,09 8531,025 S 1198,3197 20206,533 5934,078 11194,261 7343,4717 1681,7902
1,7899995 B 375,7699 4324,3706 16841,213 7880,798 12051,09 8531,025 S 1198,3197 20206,533 5934,078 11194,261 7343,4717 1681,7902
1,7900002 B 375,7699 4324,3706 16841,213 7880,798 12051,09 8531,025 S 1198,3197 20206,533 5934,078 11194,261 7343,4717 1681,7902
1,7900002 B 375,7699 4324,3706 16841,213 7880,798 12051,09 8531,025 S 1198,3197 20206,533 5934,078 11194,261 7343,4717 1681,7902
1,7900004 B 375,7699 4324,3706 16841,213 7880,798 12051,09 8531,025 S 1198,3197 20206,533 5934,078 11194,261 7343,4717 1681,7902
1,7899998 B 375,7699 4324,3706 16841,213 7880,798 12051,09 8531,025 S 1198,3197 20206,533 5934,078 11194,261 7343,4717 1681,7902
1,7900002 B 375,7699 4324,3706 16841,213 7880,798 12051,09 8531,025 S 1198,3197 20206,533 5934,078 11194,261 7343,4717 1681,7902
1,7900001 B 375,7699 4324,3706 16841,213 7880,798 12051,09 8531,025 S 1198,3197 20206,533 5934,078 11194,261 7343,4717 1681,7902
1,7900002 B 375,7699 4324,3706 16841,213 7880,798 12051,09 8531,025 S 1198,3197 20206,533 5934,078 11194,261 7343,4717 1681,7902
1,7900002 B 375,7699 4324,3706 16841,213 7880,798 12051,09 8531,025 S 1198,3197 20206,533 5934,078 11194,261 7343,4717 1681,7902
1,7900001 B 375,7699 4324,3706 16841,213 7880,798 12051,09 8531,025 S 1198,3197 20206,533 5934,078 11194,261 7343,4717 1681,7902
1,7900001 B 375,7699 4324,3706 16841,213 7880,798 12051,09 8531,025 S 1198,3197 20206,533 5934,078 11194,261 7343,4717 1681,7902
1,7899997 B 375,7699 4324,3706 16841,213 7880,798 12051,09 8531,025 S 1198,3197 20206,533 5934,078 11194,261 7343,4717 1681,7902
1,7899997 B 375,7699 4324,3706 16841,213 7880,798 12051,09 8531,025 S 1198,3197 20206,533 5934,078 11194,261 7343,4717 1681,7902
1,7899998 B 375,7699 4324,3706 16841,213 7880,798 12051,09 8531,025 S 1198,3197 20206,533 5934,078 11194,261 7343,4717 1681,7902
1,7899997 B 375,7699 4324,3706 16841,213 7880,798 12051,09 8531,025 S 1198,3197 20206,533 5934,078 11194,261 7343,4717 1681,7902
1,7899995 B 375,7699 4324,3706 16841,213 7880,798 12051,09 8531,025 S 1198,3197 20206,533 5934,078 11194,261 7343,4717 1681,7902
1,7899997 B 375,7699 4324,3706 16841,213 7880,798 12051,09 8531,025 S 1198,3197 20206,533 5934,078 11194,261 7343,4717 1681,7902
1,7900002 B 375,7699 4324,3706 16841,213 7880,798 12051,09 8531,025 S 1198,3197 20206,533 5934,078 11194,261 7343,4717 1681,7902
1,7900001 B 375,7699 4324,3706 16841,213 7880,798 12051,09 8531,025 S 1198,3197 20206,533 5934,078 11194,261 7343,4717 1681,7902
1,7899998 B 375,7699 4324,3706 16841,213 7880,798 12051,09 8531,025 S 1198,3197 20206,533 5934,078 11194,261 7343,4717 1681,7902
1,7900004 B 375,7699 4324,3706 16841,213 7880,798 12051,09 8531,025 S 1198,3197 20206,533 5934,078 11194,261 7343,4717 1681,7902
1,7900004 B 375,7699 4324,3706 16841,213 7880,798 12051,09 8531,025 S 1198,3197 20206,533 5934,078 11194,261 7343,4717 1681,7902
1,7900003 B 375,7699 4324,3706 16841,213 7880,798 12051,09 8531,025 S 1198,3197 20206,533 5934,078 11194,261 7343,4717 1681,7902
1,7900001 B 375,7699 4324,3706 16841,213 7880,798 12051,09 8531,025 S 1198,3197 20206,533 5934,078 11194,261 7343,4717 1681,7902
1,7899998 B 375,7699 4324,3706 16841,213 7880,798 12051,09 8531,025 S 1198,3197 20206,533 5934,078 11194,261 7343,4717 1681,7902
1,7899997 B 375,7699 4324,3706 16841,213 7880,798 12051,09 8531,025 S 1198,3197 20206,533 5934,078 11194,261 7343,4717 1681,7902
1,7900001 B 375,7699 4324,3706 16841,213 7880,798 12051,09 8531,025 S 1198,3197 20206,533 5934,078 11194,261 7343,4717 1681,7902
1,7899996 B 375,7699 4324,3706 16841,213 7880,798 12051,09 8531,025 S 1198,3197 20206,533 5934,078 11194,261 7343,4717 1681,7902
1,7900001 B 375,7699 4324,3706 16841,213 7880,798 12051,09 8531,025 S 1198,3197 20206,533 5934,078 11194,261 7343,4717 1681,7902
1,7900001 B 375,7699 4324,3706 16841,213 7880,798 12051,09 8531,025 S 1198,3197 20206,533 5934,078 11194,261 7343,4717 1681,7902
1,7899992 B 375,7699 4324,3706 16841,213 7880,798 12051,09 8531,025 S 1198,3197 20206,533 5934,078 11194,261 7343,4717 1681,7902
1,7899998 B 375,7699 4324,3706 16841,213 7880,798 12051,09 8531,025 S 1198,3197 20206,533 5934,078 11194,261 7343,4717 1681,7902
1,7899997 B 375,7699 4324,3706 16841,213 7880,798 12051,09 8531,025 S 1198,3197 20206,533 5934,078 11194,261 7343,4717 1681,7902
1,7900003 B 375,7699 4324,3706 16841,213 7880,798 12051,09 8531,025 S 1198,3197 20206,533 5934,078 11194,261 7343,4717 1681,7902
1,7900002 B 375,7699 4324,3706 16841,213 7880,798 12051,09 8531,025 S 1198,3197 20206,533 5934,078 11194,261 7343,4717 1681,7902
1,7899998 B 375,7699 4324,3706 16841,213 7880,798 12051,09 8531,025 S 1198,3197 20206,533 5934,078 11194,261 7343,4717 1681,7902
1,7899998 B 375,7699 4324,3706 16841,213 7880,798 12051,09 8531,025 S 1198,3197 20206,533 5934,078 11194,261 7343,4717 1681,7902
1,7900003 B 375,7699 4324,3706 16841,213 7880,798 12051,09 8531,025 S 1198,3197 20206,533 5934,078 11194,261 7343,4717 1681,7902
1,7900002 B 375,7699 4324,3706 16841,213 7880,798 12051,09 8531,025 S 1198,3197 20206,533 5934,078 11194,261 7343,4717 1681,7902
1,7900002 B 375,7699 4324,3706 16841,213 7880,798 12051,09 8531,025 S 1198,3197 20206,533 5934,078 11194,261 7343,4717 1681,7902
1,7900002 B 375,7699 4324,3706 16841,213 7880,798 12051,09 8531,025 S 1198,3197 20206,533 5934,078 11194,261 7343,4717 1681,7902
1,7900003 B 375,7699 4324,3706 16841,213 7880,798 12051,09 8531,025 S 1198,3197 20206,533 5934,078 11194,261 7343,4717 1681,7902
1,7899998 B 375,7699 4324,3706 16841,213 7880,798 12051,09 8531,025 S 1198,3197 20206,533 5934,078 11194,261 7343,4717 1681,7902
1,7899997 B 375,7699 4324,3706 16841,213 7880,798 12051,09 8531,025 S 1198,3197 20206,533 5934,078 11194,261 7343,4717 1681,7902
1,7900002 B 375,7699 4324,3706 16841,213 7880,798 12051,09 8531,025 S 1198,3197 20206,533 5934,078 11194,261 7343,4717 1681,7902
1,7900001 B 375,7699 4324,3706 16841,213 7880,798 12051,09 8531,025 S 1198,3197 20206,533 5934,078 11194,261 7343,4717 1681,7902
1,7899996 B 375,7699 4324,3706 16841,213 7880,798 12051,09 8531,025 S 1198,3197 20206,533 5934,078 11194,261 7343,4717 1681,7902
1,7899995 B 375,7699 4324,3706 16841,213 7880,798 12051,09 8531,025 S 1198,3197 20206,533 5934,078 11194,261 7343,4717 1681,7902
1,7900003 B 375,7699 4324,3706 16841,213 7880,798 12051,09 8531,025 S 1198,3197 20206,533 5934,078 11194,261 7343,4717 1681,7902
1,7899998 B 375,7699 4324,3706 16841,213 7880,798 12051,09 8531,025 S 1198,3197 20206,533 5934,078 11194,261 7343,4717 1681,7902
1,7900002 B 375,7699 4324,3706 16841,213 7880,798 12051,09 8531,025 S 1198,3197 20206,533 5934,078 11194,261 7343,4717 1681,7902
1,7899998 B 375,7699 4324,3706 16841,213 7880,798 12051,09 8531,025 S 1198,3197 20206,533 5934,078 11194,261 7343,4717 1681,7902
1,7899998 B 375,7699 4324,3706 16841,213 7880,798 12051,09 8531,025 S 1198,3197 20206,533 5934,078 11194,261 7343,4717 1681,7902
1,7899995 B 375,7699 4324,3706 16841,213 7880,798 12051,09 8531,025 S 1198,3197 20206,533 5934,078 11194,261 7343,4717 1681,7902
1,7900001 B 375,7699 4324,3706 16841,213 7880,798 12051,09 8531,025 S 1198,3197 20206,533 5934,078 11194,261 7343,4717 1681,7902
1,7899997 B 375,7699 4324,3706 16841,213 7880,798 12051,09 8531,025 S 1198,3197 20206,533 5934,078 11194,261 7343,4717 1681,7902
1,7900002 B 375,7699 4324,3706 16841,213 7880,798 12051,09 8531,025 S 1198,3197 20206,533 5934,078 11194,261 7343,4717 1681,7902
1,7900009 B 375,7699 4324,3706 16841,213 7880,798 12051,09 8531,025 S 1198,3197 20206,533 5934,078 11194,261 7343,4717 1681,7902
1,7899996 B 375,7699 4324,3706 16841,213 7880,798 12051,09 8531,025 S 1198,3197 20206,533 5934,078 11194,261 7343,4717 1681,7902
1,7899998 B 375,7699 4324,3706 16841,213 7880,798 12051,09 8531,025 S 1198,3197 20206,533 5934,078 11194,261 7343,4717 1681,7902
1,7900003 B 375,7699 4324,3706 16841,213 7880,798 12051,09 8531,025 S 1198,3197 20206,533 5934,078 11194,261 7343,4717 1681,7902
1,7899996 B 375,7699 4324,3706 16841,213 7880,798 12051,09 8531,025 S 1198,3197 20206,533 5934,078 11194,261 7343,4717 1681,7902
1,7899996 B 375,7699 4324,3706 16841,213 7880,798 12051,09 8531,025 S 1198,3197 20206,533 5934,078 11194,261 7343,4717 1681,7902
1,7900002 B 375,7699 4324,3706 16841,213 7880,798 12051,09 8531,025 S 1198,3197 20206,533 5934,078 11194,261 7343,4717 1681,7902
1,7900001 B 375,7699 4324,3706 16841,213 7880,798 12051,09 8531,025 S 1198,3197 20206,533 5934,078 11194,261 7343,4717 1681,7902
1,7899996 B 375,7699 4324,3706 16841,213 7880,798 12051,09 8531,025 S 1198,3197 20206,533 5934,078 11194,261 7343,4717 1681,7902
1,7899995 B 375,7699 4324,3706 16841,213 7880,798 12051,09 8531,025 S 1198,3197 20206,533 5934,078 11194,261 7343,4717 1681,7902
1,7900001 B 375,7699 4324,3706 16841,213 7880,798 12051,09 8531,025 S 1198,3197 20206,533 5934,078 11194,261 7343,4717 1681,7902
1,7899995 B 375,7699 4324,3706 16841,213 7880,798 12051,09 8531,025 S 1198,3197 20206,533 5934,078 11194,261 7343,4717 1681,7902
1,7900001 B 375,7699 4324,3706 16841,213 7880,798 12051,09 8531,025 S 1198,3197 20206,533 5934,078 11194,261 7343,4717 1681,7902
1,7899998 B 375,7699 4324,3706 16841,213 7880,798 12051,09 8531,025 S 1198,3197 20206,533 5934,078 11194,261 7343,4717 1681,7902
1,7900002 B 375,7699 4324,3706 16841,213 7880,798 12051,09 8531,025 S 1198,3197 20206,533 5934,078 11194,261 7343,4717 1681,7902
1,7900003 B 375,7699 4324,3706 16841,213 7880,798 12051,09 8531,025 S 1198,3197 20206,533 5934,078 11194,261 7343,4717 1681,7902
1,7900001 B 375,7699 4324,3706 16841,213 7880,798 12051,09 8531,025 S 1198,3197 20206,533 5934,078 11194,261 7343,4717 1681,7902
1,7899998 B 375,7699 4324,3706 16841,213 7880,798 12051,09 8531,025 S 1198,3197 20206,533 5934,078 11194,261 7343,4717 1681,7902
1,7900002 B 375,7699 4324,3706 16841,213 7880,798 12051,09 8531,025 S 1198,3197 20206,533 5934,078 11194,261 7343,4717 1681,7902
1,7900002 B 375,7699 4324,3706 16841,213 7880,798 12051,09 8531,025 S 1198,3197 20206,533 5934,078 11194,261 7343,4717 1681,7902
1,7900001 B 375,7699 4324,3706 16841,213 7880,798 12051,09 8531,025 S 1198,3197 20206,533 5934,078 11194,261 7343,4717 1681,7902
1,7900001 B 375,7699 4324,3706 16841,213 7880,798 12051,09 8531,025 S 1198,3197 20206,533 5934,078 11194,261 7343,4717 1681,7902
1,7900003 B 375,7699 4324,3706 16841,213 7880,798 12051,09 8531,025 S 1198,3197 20206,533 5934,078 11194,261 7343,4717 1681,7902
1,7900004 B 375,7699 4324,3706 16841,213 7880,798 12051,09 8531,025 S 1198,3197 20206,533 5934,078 11194,261 7343,4717 1681,7902
1,7900002 B 375,7699 4324,3706 16841,213 7880,798 12051,09 8531,025 S 1198,3197 20206,533 5934,078 11194,261 7343,4717 1681,7902
1,7900007 B 375,7699 4324,3706 16841,213 7880,798 12051,09 8531,025 S 1198,3197 20206,533 5934,078 11194,261 7343,4717 1681,7902
1,7900002 B 375,7699 4324,3706 16841,213 7880,798 12051,09 8531,025 S 1198,3197 20206,533 5934,078 11194,261 7343,4717 1681,7902
1,7899998 B 375,7699 4324,3706 16841,213 7880,798 12051,09 8531,025 S 1198,3197 20206,533 5934,078 11194,261 7343,4717 1681,7902
1,7900003 B 375,7699 4324,3706 16841,213 7880,798 12051,09 8531,025 S 1198,3197 20206,533 5934,078 11194,261 7343,4717 1681,7902
1,7900003 B 375,7699 4324,3706 16841,213 7880,798 12051,09 8531,025 S 1198,3197 20206,533 5934,078 11194,261 7343,4717 1681,7902
1,7899997 B 375,7699 4324,3706 16841,213 7880,798 12051,09 8531,025 S 1198,3197 20206,533 5934,078 11194,261 7343,4717 1681,7902
1,7900006 B 375,7699 4324,3706 16841,213 7880,798 12051,09 8531,025 S 1198,3197 20206,533 5934,078 11194,261 7343,4717 1681,7902
1,7900007 B 375,7699 4324,3706 16841,213 7880,798 12051,09 8531,025 S 1198,3197 20206,533 5934,078 11194,261 7343,4717 1681,7902
1,7900001 B 375,7699 4324,3706 16841,213 7880,798 12051,09 8531,025 S 1198,3197 20206,533 5934,078 11194,261 7343,4717 1681,7902
1,7900004 B 375,7699 4324,3706 16841,213 7880,798 12051,09 8531,025 S 1198,3197 20206,533 5934,078 11194,261 7343,4717 1681,7902
1,7900002 B 375,7699 4324,3706 16841,213 7880,798 12051,09 8531,025 S 1198,3197 20206,533 5934,078 11194,261 7343,4717 1681,7902
1,7900004 B 375,7699 4324,3706 16841,213 7880,798 12051,09 8531,025 S 1198,3197 20206,533 5934,078 11194,261 7343,4717 1681,7902
1,7899995 B 375,7699 4324,3706 16841,213 7880,798 12051,09 8531,025 S 1198,3197 20206,533 5934,078 11194,261 7343,4717 1681,7902
1,7900001 B 375,7699 4324,3706 16841,213 7880,798 12051,09 8531,025 S 1198,3197 20206,533 5934,078 11194,261 7343,4717 1681,7902
1,7900003 B 375,7699 4324,3706 16841,213 7880,798 12051,09 8531,025 S 1198,3197 20206,533 5934,078 11194,261 7343,4717 1681,7902
1,7899998 B 375,7699 4324,3706 16841,213 7880,798 12051,09 8531,025 S 1198,3197 20206,533 5934,078 11194,261 7343,4717 1681,7902
1,7900007 B 375,7699 4324,3706 16841,213 7880,798 12051,09 8531,025 S 1198,3197 20206,533 5934,078 11194,261 7343,4717 1681,7902
1,7900001 B 375,7699 4324,3706 16841,213 7880,798 12051,09 8531,025 S 1198,3197 20206,533 5934,078 11194,261 7343,4717 1681,7902
1,7900003 B 375,7699 4324,3706 16841,213 7880,798 12051,09 8531,025 S 1198,3197 20206,533 5934,078 11194,261 7343,4717 1681,7902
1,7900002 B 375,7699 4324,3706 16841,213 7880,798 12051,09 8531,025 S 1198,3197 20206,533 5934,078 11194,261 7343,4717 1681,7902
1,7900001 B 375,7699 4324,3706 16841,213 7880,798 12051,09 8531,025 S 1198,3197 20206,533 5934,078 11194,261 7343,4717 1681,7902
1,7900009 B 375,7699 4324,3706 16841,213 7880,798 12051,09 8531,025 S 1198,3197 20206,533 5934,078 11194,261 7343,4717 1681,7902
1,7900002 B 375,7699 4324,3706 16841,213 7880,798 12051,09 8531,025 S 1198,3197 20206,533 5934,078 11194,261 7343,4717 1681,7902
1,7900003 B 375,7699 4324,3706 16841,213 7880,798 12051,09 8531,025 S 1198,3197 20206,533 5934,078 11194,261 7343,4717 1681,7902
1,7899996 B 375,7699 4324,3706 16841,213 7880,798 12051,09 8531,025 S 1198,3197 20206,533 5934,078 11194,261 7343,4717 1681,7902
1,7899997 B 375,7699 4324,3706 16841,213 7880,798 12051,09 8531,025 S 1198,3197 20206,533 5934,078 11194,261 7343,4717 1681,7902
1,7900004 B 375,7699 4324,3706 16841,213 7880,798 12051,09 8531,025 S 1198,3197 20206,533 5934,078 11194,261 7343,4717 1681,7902
1,7899994 B 375,7699 4324,3706 16841,213 7880,798 12051,09 8531,025 S 1198,3197 20206,533 5934,078 11194,261 7343,4717 1681,7902
1,7899996 B 375,7699 4324,3706 16841,213 7880,798 12051,09 8531,025 S 1198,3197 20206,533 5934,078 11194,261 7343,4717 1681,7902
1,7900003 B 375,7699 4324,3706 16841,213 7880,798 12051,09 8531,025 S 1198,3197 20206,533 5934,078 11194,261 7343,4717 1681,7902
1,7900004 B 375,7699 4324,3706 16841,213 7880,798 12051,09 8531,025 S 1198,3197 20206,533 5934,078 11194,261 7343,4717 1681,7902
1,7900002 B 375,7699 4324,3706 16841,213 7880,798 12051,09 8531,025 S 1198,3197 20206,533 5934,078 11194,261 7343,4717 1681,7902
1,7900001 B 375,7699 4324,3706 16841,213 7880,798 12051,09 8531,025 S 1198,3197 20206,533 5934,078 11194,261 7343,4717 1681,7902
1,7899997 B 375,7699 4324,3706 16841,213 7880,798 12051,09 8531,025 S 1198,3197 20206,533 5934,078 11194,261 7343,4717 1681,7902
1,7899998 B 375,7699 4324,3706 16841,213 7880,798 12051,09 8531,025 S 1198,3197 20206,533 5934,078 11194,261 7343,4717 1681,7902
1,7900001 B 375,7699 4324,3706 16841,213 7880,798 12051,09 8531,025 S 1198,3197 20206,533 5934,078 11194,261 7343,4717 1681,7902
1,7900002 B 375,7699 4324,3706 16841,213 7880,798 12051,09 8531,025 S 1198,3197 20206,533 5934,078 11194,261 7343,4717 1681,7902
1,7900002 B 375,7699 4324,3706 16841,213 7880,798 12051,09 8531,025 S 1198,3197 20206,533 5934,078 11194,261 7343,4717 1681,7902
1,7899997 B 375,7699 4324,3706 16841,213 7880,798 12051,09 8531,025 S 1198,3197 20206,533 5934,078 11194,261 7343,4717 1681,7902
1,7899997 B 375,7699 4324,3706 16841,213 7880,798 12051,09 8531,025 S 1198,3197 20206,533 5934,078 11194,261 7343,4717 1681,7902
1,7899998 B 375,7699 4324,3706 16841,213 7880,798 12051,09 8531,025 S 1198,3197 20206,533 5934,078 11194,261 7343,4717 1681,7902
1,7899998 B 375,7699 4324,3706 16841,213 7880,798 12051,09 8531,025 S 1198,3197 20206,533 5934,078 11194,261 7343,4717 1681,7902
1,7899998 B 375,7699 4324,3706 16841,213 7880,798 12051,09 8531,025 S 1198,3197 20206,533 5934,078 11194,261 7343,4717 1681,7902
1,7899998 B 375,7699 4324,3706 16841,213 7880,798 12051,09 8531,025 S 1198,3197 20206,533 5934,078 11194,261 7343,4717 1681,7902
1,7900004 B 375,7699 4324,3706 16841,213 7880,798 12051,09 8531,025 S 1198,3197 20206,533 5934,078 11194,261 7343,4717 1681,7902
1,7899996 B 375,7699 4324,3706 16841,213 7880,798 12051,09 8531,025 S 1198,3197 20206,533 5934,078 11194,261 7343,4717 1681,7902
1,7899996 B 375,7699 4324,3706 16841,213 7880,798 12051,09 8531,025 S 1198,3197 20206,533 5934,078 11194,261 7343,4717 1681,7902
1,7899998 B 375,7699 4324,3706 16841,213 7880,798 12051,09 8531,025 S 1198,3197 20206,533 5934,078 11194,261 7343,4717 1681,7902
1,7900002 B 375,7699 4324,3706 16841,213 7880,798 12051,09 8531,025 S 1198,3197 20206,533 5934,078 11194,261 7343,4717 1681,7902
1,7899998 B 375,7699 4324,3706 16841,213 7880,798 12051,09 8531,025 S 1198,3197 20206,533 5934,078 11194,261 7343,4717 1681,7902
1,7900004 B 375,7699 4324,3706 16841,213 7880,798 12051,09 8531,025 S 1198,3197 20206,533 5934,078 11194,261 7343,4717 1681,7902
1,7900003 B 375,7699 4324,3706 16841,213 7880,798 12051,09 8531,025 S 1198,3197 20206,533 5934,078 11194,261 7343,4717 1681,7902
1,7899997 B 375,7699 4324,3706 16841,213 7880,798 12051,09 8531,025 S 1198,3197 20206,533 5934,078 11194,261 7343,4717 1681,7902
1,7899996 B 375,7699 4324,3706 16841,213 7880,798 12051,09 8531,025 S 1198,3197 20206,533 5934,078 11194,261 7343,4717 1681,7902
1,7900002 B 375,7699 4324,3706 16841,213 7880,798 12051,09 8531,025 S 1198,3197 20206,533 5934,078 11194,261 7343,4717 1681,7902
1,7899998 B 375,7699 4324,3706 16841,213 7880,798 12051,09 8531,025 S 1198,3197 20206,533 5934,078 11194,261 7343,4717 1681,7902
1,7900003 B 375,7699 4324,3706 16841,213 7880,798 12051,09 8531,025 S 1198,3197 20206,533 5934,078 11194,261 7343,4717 1681,7902
1,7899995 B 375,7699 4324,3706 16841,213 7880,798 12051,09 8531,025 S 1198,3197 20206,533 5934,078 11194,261 7343,4717 1681,7902
1,7900002 B 375,7699 4324,3706 16841,213 7880,798 12051,09 8531,025 S 1198,3197 20206,533 5934,078 11194,261 7343,4717 1681,7902
1,7899997 B 375,7699 4324,3706 16841,213 7880,798 12051,09 8531,025 S 1198,3197 20206,533 5934,078 11194,261 7343,4717 1681,7902
1,7900004 B 375,7699 4324,3706 16841,213 7880,798 12051,09 8531,025 S 1198,3197 20206,533 5934,078 11194,261 7343,4717 1681,7902
1,7899997 B 375,7699 4324,3706 16841,213 7880,798 12051,09 8531,025 S 1198,3197 20206,533 5934,078 11194,261 7343,4717 1681,7902
1,7900002 B 375,7699 4324,3706 16841,213 7880,798 12051,09 8531,025 S 1198,3197 20206,533 5934,078 11194,261 7343,4717 1681,7902
1,7899997 B 375,7699 4324,3706 16841,213 7880,798 12051,09 8531,025 S 1198,3197 20206,533 5934,078 11194,261 7343,4717 1681,7902
1,7900003 B 375,7699 4324,3706 16841,213 7880,798 12051,09 8531,025 S 1198,3197 20206,533 5934,078 11194,261 7343,4717 1681,7902
1,7900002 B 375,7699 4324,3706 16841,213 7880,798 12051,09 8531,025 S 1198,3197 20206,533 5934,078 11194,261 7343,4717 1681,7902
1,7900001 B 375,7699 4324,3706 16841,213 7880,798 12051,09 8531,025 S 1198,3197 20206,533 5934,078 11194,261 7343,4717 1681,7902
1,7900003 B 375,7699 4324,3706 16841,213 7880,798 12051,09 8531,025 S 1198,3197 20206,533 5934,078 11194,261 7343,4717 1681,7902
1,7900002 B 375,7699 4324,3706 16841,213 7880,798 12051,09 8531,025 S 1198,3197 20206,533 5934,078 11194,261 7343,4717 1681,7902
1,7900003 B 375,7699 4324,3706 16841,213 7880,798 12051,09 8531,025 S 1198,3197 20206,533 5934,078 11194,261 7343,4717 1681,7902
1,7900001 B 375,7699 4324,3706 16841,213 7880,798 12051,09 8531,025 S 1198,3197 20206,533 5934,078 11194,261 7343,4717 1681,7902
1,7899995 B 375,7699 4324,3706 16841,213 7880,798 12051,09 8531,025 S 1198,3197 20206,533 5934,078 11194,261 7343,4717 1681,7902
1,7899996 B 375,7699 4324,3706 16841,213 7880,798 12051,09 8531,025 S 1198,3197 20206,533 5934,078 11194,261 7343,4717 1681,7902
1,7900001 B 375,7699 4324,3706 16841,213 7880,798 12051,09 8531,025 S 1198,3197 20206,533 5934,078 11194,261 7343,4717 1681,7902
1,7899997 B 375,7699 4324,3706 16841,213 7880,798 12051,09 8531,025 S 1198,3197 20206,533 5934,078 11194,261 7343,4717 1681,7902
1,7900002 B 375,7699 4324,3706 16841,213 7880,798 12051,09 8531,025 S 1198,3197 20206,533 5934,078 11194,261 7343,4717 1681,7902
