1,8136375
1,813 B 3527,8398 7884,767 5494,2817 7423,5806 6639,339 6967,412 S 5144,0464 9515,224 7745,027 13458,998 3498,9233 2470,1252
1,813 B 3527,8398 7884,767 5494,2817 7423,5806 6639,339 6967,412 S 5144,0464 9515,224 7745,027 13458,998 3498,9233 2470,1252
1,8122464 B 3527,8398 7884,767 5494,2817 7423,5806 6639,339 6967,412 S 5144,0464 9515,224 7745,027 13458,998 3498,9233 2470,1252
1,8120003 B 3527,8398 7884,767 5494,2817 7423,5806 6639,339 6967,412 S 5144,0464 9515,224 7745,027 13458,998 3498,9233 2470,1252
1,8119999 B 3527,8398 7884,767 5494,2817 7423,5806 6639,339 6967,412 S 5144,0464 9515,224 7745,027 13458,998 3498,9233 2470,1252
1,812 B 3527,8398 7884,767 5494,2817 7423,5806 6639,339 6967,412 S 5144,0464 9515,224 7745,027 13458,998 3498,9233 2470,1252
1,812 B 3527,8398 7884,767 5494,2817 7423,5806 6639,339 6967,412 S 5144,0464 9515,224 7745,027 13458,998 3498,9233 2470,1252
1,8119999 B 3527,8398 7884,767 5494,2817 7423,5806 6639,339 6967,412 S 5144,0464 9515,224 7745,027 13458,998 3498,9233 2470,1252
1,8119998 B 3527,8398 7884,767 5494,2817 7423,5806 6639,339 6967,412 S 5144,0464 9515,224 7745,027 13458,998 3498,9233 2470,1252
1,8119997 B 3527,8398 7884,767 5494,2817 7423,5806 6639,339 6967,412 S 5144,0464 9515,224 7745,027 13458,998 3498,9233 2470,1252
1,8119998 B 3527,8398 7884,767 5494,2817 7423,5806 6639,339 6967,412 S 5144,0464 9515,224 7745,027 13458,998 3498,9233 2470,1252
1,8119998 B 3527,8398 7884,767 5494,2817 7423,5806 6639,339 6967,412 S 5144,0464 9515,224 7745,027 13458,998 3498,9233 2470,1252
1,8120002 B 3527,8398 7884,767 5494,2817 7423,5806 6639,339 6967,412 S 5144,0464 9515,224 7745,027 13458,998 3498,9233 2470,1252
1,8119997 B 3527,8398 7884,767 5494,2817 7423,5806 6639,339 6967,412 S 5144,0464 9515,224 7745,027 13458,998 3498,9233 2470,1252
1,8119997 B 3527,8398 7884,767 5494,2817 7423,5806 6639,339 6967,412 S 5144,0464 9515,224 7745,027 13458,998 3498,9233 2470,1252
1,8119998 B 3527,8398 7884,767 5494,2817 7423,5806 6639,339 6967,412 S 5144,0464 9515,224 7745,027 13458,998 3498,9233 2470,1252
1,8119998 B 3527,8398 7884,767 5494,2817 7423,5806 6639,339 6967,412 S 5144,0464 9515,224 7745,027 13458,998 3498,9233 2470,1252
1,8120003 B 3527,8398 7884,767 5494,2817 7423,5806 6639,339 6967,412 S 5144,0464 9515,224 7745,027 13458,998 3498,9233 2470,1252
1,8119994 B 3527,8398 7884,767 5494,2817 7423,5806 6639,339 6967,412 S 5144,0464 9515,224 7745,027 13458,998 3498,9233 2470,1252
1,8120002 B 3527,8398 7884,767 5494,2817 7423,5806 6639,339 6967,412 S 5144,0464 9515,224 7745,027 13458,998 3498,9233 2470,1252
1,8119997 B 3527,8398 7884,767 5494,2817 7423,5806 6639,339 6967,412 S 5144,0464 9515,224 7745,027 13458,998 3498,9233 2470,1252
1,8119999 B 3527,8398 7884,767 5494,2817 7423,5806 6639,339 6967,412 S 5144,0464 9515,224 7745,027 13458,998 3498,9233 2470,1252
1,812 B 3527,8398 7884,767 5494,2817 7423,5806 6639,339 6967,412 S 5144,0464 9515,224 7745,027 13458,998 3498,9233 2470,1252
1,811999 B 3527,8398 7884,767 5494,2817 7423,5806 6639,339 6967,412 S 5144,0464 9515,224 7745,027 13458,998 3498,9233 2470,1252
1,8119997 B 3527,8398 7884,767 5494,2817 7423,5806 6639,339 6967,412 S 5144,0464 9515,224 7745,027 13458,998 3498,9233 2470,1252
1,8119998 B 3527,8398 7884,767 5494,2817 7423,5806 6639,339 6967,412 S 5144,0464 9515,224 7745,027 13458,998 3498,9233 2470,1252
1,8112484 B 3527,8398 7884,767 5494,2817 7423,5806 6639,339 6967,412 S 5144,0464 9515,224 7745,027 13458,998 3498,9233 2470,1252
1,8101312 B 3527,8398 7884,767 5494,2817 7423,5806 6639,339 6967,412 S 5144,0464 9515,224 7745,027 13458,998 3498,9233 2470,1252
1,8097081 B 3527,8398 7884,767 5494,2817 7423,5806 6639,339 6967,412 S 5144,0464 9515,224 7745,027 13458,998 3498,9233 2470,1252
1,8060027 B 3527,8398 7884,767 5494,2817 7423,5806 6639,339 6967,412 S 5144,0464 9515,224 7745,027 13458,998 3498,9233 2470,1252
1,8069482 B 3527,8398 7884,767 5494,2817 7423,5806 6639,339 6967,412 S 5144,0464 9515,224 7745,027 13458,998 3498,9233 2470,1252
1,8079998 B 3527,8398 7884,767 5494,2817 7423,5806 6639,339 6967,412 S 5144,0464 9515,224 7745,027 13458,998 3498,9233 2470,1252
1,808 B 3527,8398 7884,767 5494,2817 7423,5806 6639,339 6967,412 S 5144,0464 9515,224 7745,027 13458,998 3498,9233 2470,1252
1,8084041 B 3527,8398 7884,767 5494,2817 7423,5806 6639,339 6967,412 S 5144,0464 9515,224 7745,027 13458,998 3498,9233 2470,1252
1,8090003 B 3527,8398 7884,767 5494,2817 7423,5806 6639,339 6967,412 S 5144,0464 9515,224 7745,027 13458,998 3498,9233 2470,1252
1,809 B 3527,8398 7884,767 5494,2817 7423,5806 6639,339 6967,412 S 5144,0464 9515,224 7745,027 13458,998 3498,9233 2470,1252
1,8089995 B 3527,8398 7884,767 5494,2817 7423,5806 6639,339 6967,412 S 5144,0464 9515,224 7745,027 13458,998 3498,9233 2470,1252
1,8090003 B 3527,8398 7884,767 5494,2817 7423,5806 6639,339 6967,412 S 5144,0464 9515,224 7745,027 13458,998 3498,9233 2470,1252
1,8090001 B 3527,8398 7884,767 5494,2817 7423,5806 6639,339 6967,412 S 5144,0464 9515,224 7745,027 13458,998 3498,9233 2470,1252
1,809 B 3527,8398 7884,767 5494,2817 7423,5806 6639,339 6967,412 S 5144,0464 9515,224 7745,027 13458,998 3498,9233 2470,1252
1,809 B 3527,8398 7884,767 5494,2817 7423,5806 6639,339 6967,412 S 5144,0464 9515,224 7745,027 13458,998 3498,9233 2470,1252
1,8089998 B 3527,8398 7884,767 5494,2817 7423,5806 6639,339 6967,412 S 5144,0464 9515,224 7745,027 13458,998 3498,9233 2470,1252
1,8089999 B 3527,8398 7884,767 5494,2817 7423,5806 6639,339 6967,412 S 5144,0464 9515,224 7745,027 13458,998 3498,9233 2470,1252
1,8089999 B 3527,8398 7884,767 5494,2817 7423,5806 6639,339 6967,412 S 5144,0464 9515,224 7745,027 13458,998 3498,9233 2470,1252
1,8090001 B 3527,8398 7884,767 5494,2817 7423,5806 6639,339 6967,412 S 5144,0464 9515,224 7745,027 13458,998 3498,9233 2470,1252
1,8090001 B 3527,8398 7884,767 5494,2817 7423,5806 6639,339 6967,412 S 5144,0464 9515,224 7745,027 13458,998 3498,9233 2470,1252
1,8082105 B 3527,8398 7884,767 5494,2817 7423,5806 6639,339 6967,412 S 5144,0464 9515,224 7745,027 13458,998 3498,9233 2470,1252
1,8080003 B 3527,8398 7884,767 5494,2817 7423,5806 6639,339 6967,412 S 5144,0464 9515,224 7745,027 13458,998 3498,9233 2470,1252
1,8080003 B 3527,8398 7884,767 5494,2817 7423,5806 6639,339 6967,412 S 5144,0464 9515,224 7745,027 13458,998 3498,9233 2470,1252
1,8079998 B 3527,8398 7884,767 5494,2817 7423,5806 6639,339 6967,412 S 5144,0464 9515,224 7745,027 13458,998 3498,9233 2470,1252
1,8079998 B 3527,8398 7884,767 5494,2817 7423,5806 6639,339 6967,412 S 5144,0464 9515,224 7745,027 13458,998 3498,9233 2470,1252
1,8076713 B 3527,8398 7884,767 5494,2817 7423,5806 6639,339 6967,412 S 5144,0464 9515,224 7745,027 13458,998 3498,9233 2470,1252
1,8070006 B 3527,8398 7884,767 5494,2817 7423,5806 6639,339 6967,412 S 5144,0464 9515,224 7745,027 13458,998 3498,9233 2470,1252
1,8067626 B 3527,8398 7884,767 5494,2817 7423,5806 6639,339 6967,412 S 5144,0464 9515,224 7745,027 13458,998 3498,9233 2470,1252
1,8060001 B 3527,8398 7884,767 5494,2817 7423,5806 6639,339 6967,412 S 5144,0464 9515,224 7745,027 13458,998 3498,9233 2470,1252
1,8060001 B 3527,8398 7884,767 5494,2817 7423,5806 6639,339 6967,412 S 5144,0464 9515,224 7745,027 13458,998 3498,9233 2470,1252
1,8060004 B 3527,8398 7884,767 5494,2817 7423,5806 6639,339 6967,412 S 5144,0464 9515,224 7745,027 13458,998 3498,9233 2470,1252
1,8060004 B 3527,8398 7884,767 5494,2817 7423,5806 6639,339 6967,412 S 5144,0464 9515,224 7745,027 13458,998 3498,9233 2470,1252
1,806 B 3527,8398 7884,767 5494,2817 7423,5806 6639,339 6967,412 S 5144,0464 9515,224 7745,027 13458,998 3498,9233 2470,1252
1,8060001 B 3527,8398 7884,767 5494,2817 7423,5806 6639,339 6967,412 S 5144,0464 9515,224 7745,027 13458,998 3498,9233 2470,1252
1,8059998 B 3527,8398 7884,767 5494,2817 7423,5806 6639,339 6967,412 S 5144,0464 9515,224 7745,027 13458,998 3498,9233 2470,1252
1,806 B 3527,8398 7884,767 5494,2817 7423,5806 6639,339 6967,412 S 5144,0464 9515,224 7745,027 13458,998 3498,9233 2470,1252
1,8059999 B 3527,8398 7884,767 5494,2817 7423,5806 6639,339 6967,412 S 5144,0464 9515,224 7745,027 13458,998 3498,9233 2470,1252
1,8060002 B 3527,8398 7884,767 5494,2817 7423,5806 6639,339 6967,412 S 5144,0464 9515,224 7745,027 13458,998 3498,9233 2470,1252
1,8062037 B 3527,8398 7884,767 5494,2817 7423,5806 6639,339 6967,412 S 5144,0464 9515,224 7745,027 13458,998 3498,9233 2470,1252
1,806 B 3527,8398 7884,767 5494,2817 7423,5806 6639,339 6967,412 S 5144,0464 9515,224 7745,027 13458,998 3498,9233 2470,1252
1,8059998 B 3527,8398 7884,767 5494,2817 7423,5806 6639,339 6967,412 S 5144,0464 9515,224 7745,027 13458,998 3498,9233 2470,1252
1,8059996 B 3527,8398 7884,767 5494,2817 7423,5806 6639,339 6967,412 S 5144,0464 9515,224 7745,027 13458,998 3498,9233 2470,1252
1,8069872 B 3527,8398 7884,767 5494,2817 7423,5806 6639,339 6967,412 S 5144,0464 9515,224 7745,027 13458,998 3498,9233 2470,1252
1,8069999 B 3527,8398 7884,767 5494,2817 7423,5806 6639,339 6967,412 S 5144,0464 9515,224 7745,027 13458,998 3498,9233 2470,1252
1,8070004 B 3527,8398 7884,767 5494,2817 7423,5806 6639,339 6967,412 S 5144,0464 9515,224 7745,027 13458,998 3498,9233 2470,1252
1,8070003 B 3527,8398 7884,767 5494,2817 7423,5806 6639,339 6967,412 S 5144,0464 9515,224 7745,027 13458,998 3498,9233 2470,1252
1,8069998 B 3527,8398 7884,767 5494,2817 7423,5806 6639,339 6967,412 S 5144,0464 9515,224 7745,027 13458,998 3498,9233 2470,1252
1,8073605 B 3527,8398 7884,767 5494,2817 7423,5806 6639,339 6967,412 S 5144,0464 9515,224 7745,027 13458,998 3498,9233 2470,1252
1,809 B 3527,8398 7884,767 5494,2817 7423,5806 6639,339 6967,412 S 5144,0464 9515,224 7745,027 13458,998 3498,9233 2470,1252
1,809 B 3527,8398 7884,767 5494,2817 7423,5806 6639,339 6967,412 S 5144,0464 9515,224 7745,027 13458,998 3498,9233 2470,1252
1,8090001 B 3527,8398 7884,767 5494,2817 7423,5806 6639,339 6967,412 S 5144,0464 9515,224 7745,027 13458,998 3498,9233 2470,1252
1,8090001 B 3527,8398 7884,767 5494,2817 7423,5806 6639,339 6967,412 S 5144,0464 9515,224 7745,027 13458,998 3498,9233 2470,1252
1,8089998 B 3527,8398 7884,767 5494,2817 7423,5806 6639,339 6967,412 S 5144,0464 9515,224 7745,027 13458,998 3498,9233 2470,1252
1,809 B 3527,8398 7884,767 5494,2817 7423,5806 6639,339 6967,412 S 5144,0464 9515,224 7745,027 13458,998 3498,9233 2470,1252
1,8089998 B 3527,8398 7884,767 5494,2817 7423,5806 6639,339 6967,412 S 5144,0464 9515,224 7745,027 13458,998 3498,9233 2470,1252
1,8090001 B 3527,8398 7884,767 5494,2817 7423,5806 6639,339 6967,412 S 5144,0464 9515,224 7745,027 13458,998 3498,9233 2470,1252
1,8090004 B 3527,8398 7884,767 5494,2817 7423,5806 6639,339 6967,412 S 5144,0464 9515,224 7745,027 13458,998 3498,9233 2470,1252
1,8089999 B 3527,8398 7884,767 5494,2817 7423,5806 6639,339 6967,412 S 5144,0464 9515,224 7745,027 13458,998 3498,9233 2470,1252
1,809 B 3527,8398 7884,767 5494,2817 7423,5806 6639,339 6967,412 S 5144,0464 9515,224 7745,027 13458,998 3498,9233 2470,1252
1,8090001 B 3527,8398 7884,767 5494,2817 7423,5806 6639,339 6967,412 S 5144,0464 9515,224 7745,027 13458,998 3498,9233 2470,1252
1,809 B 3527,8398 7884,767 5494,2817 7423,5806 6639,339 6967,412 S 5144,0464 9515,224 7745,027 13458,998 3498,9233 2470,1252
1,8089998 B 3527,8398 7884,767 5494,2817 7423,5806 6639,339 6967,412 S 5144,0464 9515,224 7745,027 13458,998 3498,9233 2470,1252
1,8089997 B 3527,8398 7884,767 5494,2817 7423,5806 6639,339 6967,412 S 5144,0464 9515,224 7745,027 13458,998 3498,9233 2470,1252
1,8089993 B 3527,8398 7884,767 5494,2817 7423,5806 6639,339 6967,412 S 5144,0464 9515,224 7745,027 13458,998 3498,9233 2470,1252
1,8111106 B 3527,8398 7884,767 5494,2817 7423,5806 6639,339 6967,412 S 5144,0464 9515,224 7745,027 13458,998 3498,9233 2470,1252
1,812 B 3527,8398 7884,767 5494,2817 7423,5806 6639,339 6967,412 S 5144,0464 9515,224 7745,027 13458,998 3498,9233 2470,1252
1,812 B 3527,8398 7884,767 5494,2817 7423,5806 6639,339 6967,412 S 5144,0464 9515,224 7745,027 13458,998 3498,9233 2470,1252
1,8120002 B 3527,8398 7884,767 5494,2817 7423,5806 6639,339 6967,412 S 5144,0464 9515,224 7745,027 13458,998 3498,9233 2470,1252
1,8120006 B 3527,8398 7884,767 5494,2817 7423,5806 6639,339 6967,412 S 5144,0464 9515,224 7745,027 13458,998 3498,9233 2470,1252
1,8124441 B 3527,8398 7884,767 5494,2817 7423,5806 6639,339 6967,412 S 5144,0464 9515,224 7745,027 13458,998 3498,9233 2470,1252
1,814 B 3527,8398 7884,767 5494,2817 7423,5806 6639,339 6967,412 S 5144,0464 9515,224 7745,027 13458,998 3498,9233 2470,1252
1,8140006 B 3527,8398 7884,767 5494,2817 7423,5806 6639,339 6967,412 S 5144,0464 9515,224 7745,027 13458,998 3498,9233 2470,1252
1,8139998 B 3527,8398 7884,767 5494,2817 7423,5806 6639,339 6967,412 S 5144,0464 9515,224 7745,027 13458,998 3498,9233 2470,1252
1,8140004 B 3527,8398 7884,767 5494,2817 7423,5806 6639,339 6967,412 S 5144,0464 9515,224 7745,027 13458,998 3498,9233 2470,1252
1,8147292 B 3527,8398 7884,767 5494,2817 7423,5806 6639,339 6967,412 S 5144,0464 9515,224 7745,027 13458,998 3498,9233 2470,1252
1,815 B 3527,8398 7884,767 5494,2817 7423,5806 6639,339 6967,412 S 5144,0464 9515,224 7745,027 13458,998 3498,9233 2470,1252
1,8150002 B 3527,8398 7884,767 5494,2817 7423,5806 6639,339 6967,412 S 5144,0464 9515,224 7745,027 13458,998 3498,9233 2470,1252
1,8149998 B 3527,8398 7884,767 5494,2817 7423,5806 6639,339 6967,412 S 5144,0464 9515,224 7745,027 13458,998 3498,9233 2470,1252
1,8150004 B 3527,8398 7884,767 5494,2817 7423,5806 6639,339 6967,412 S 5144,0464 9515,224 7745,027 13458,998 3498,9233 2470,1252
1,8150003 B 3527,8398 7884,767 5494,2817 7423,5806 6639,339 6967,412 S 5144,0464 9515,224 7745,027 13458,998 3498,9233 2470,1252
1,8151801 B 3527,8398 7884,767 5494,2817 7423,5806 6639,339 6967,412 S 5144,0464 9515,224 7745,027 13458,998 3498,9233 2470,1252
1,8176821 B 3527,8398 7884,767 5494,2817 7423,5806 6639,339 6967,412 S 5144,0464 9515,224 7745,027 13458,998 3498,9233 2470,1252
1,818 B 3527,8398 7884,767 5494,2817 7423,5806 6639,339 6967,412 S 5144,0464 9515,224 7745,027 13458,998 3498,9233 2470,1252
1,8179994 B 3527,8398 7884,767 5494,2817 7423,5806 6639,339 6967,412 S 5144,0464 9515,224 7745,027 13458,998 3498,9233 2470,1252
1,8180003 B 3527,8398 7884,767 5494,2817 7423,5806 6639,339 6967,412 S 5144,0464 9515,224 7745,027 13458,998 3498,9233 2470,1252
1,8172433 B 3527,8398 7884,767 5494,2817 7423,5806 6639,339 6967,412 S 5144,0464 9515,224 7745,027 13458,998 3498,9233 2470,1252
1,8159997 B 3527,8398 7884,767 5494,2817 7423,5806 6639,339 6967,412 S 5144,0464 9515,224 7745,027 13458,998 3498,9233 2470,1252
1,8160002 B 3527,8398 7884,767 5494,2817 7423,5806 6639,339 6967,412 S 5144,0464 9515,224 7745,027 13458,998 3498,9233 2470,1252
1,8160001 B 3527,8398 7884,767 5494,2817 7423,5806 6639,339 6967,412 S 5144,0464 9515,224 7745,027 13458,998 3498,9233 2470,1252
1,8160001 B 3527,8398 7884,767 5494,2817 7423,5806 6639,339 6967,412 S 5144,0464 9515,224 7745,027 13458,998 3498,9233 2470,1252
1,8159999 B 3527,8398 7884,767 5494,2817 7423,5806 6639,339 6967,412 S 5144,0464 9515,224 7745,027 13458,998 3498,9233 2470,1252
1,8160001 B 3527,8398 7884,767 5494,2817 7423,5806 6639,339 6967,412 S 5144,0464 9515,224 7745,027 13458,998 3498,9233 2470,1252
1,8156784 B 3527,8398 7884,767 5494,2817 7423,5806 6639,339 6967,412 S 5144,0464 9515,224 7745,027 13458,998 3498,9233 2470,1252
1,8149999 B 3527,8398 7884,767 5494,2817 7423,5806 6639,339 6967,412 S 5144,0464 9515,224 7745,027 13458,998 3498,9233 2470,1252
1,8149998 B 3527,8398 7884,767 5494,2817 7423,5806 6639,339 6967,412 S 5144,0464 9515,224 7745,027 13458,998 3498,9233 2470,1252
1,8149999 B 3527,8398 7884,767 5494,2817 7423,5806 6639,339 6967,412 S 5144,0464 9515,224 7745,027 13458,998 3498,9233 2470,1252
1,8149998 B 3527,8398 7884,767 5494,2817 7423,5806 6639,339 6967,412 S 5144,0464 9515,224 7745,027 13458,998 3498,9233 2470,1252
1,815 B 3527,8398 7884,767 5494,2817 7423,5806 6639,339 6967,412 S 5144,0464 9515,224 7745,027 13458,998 3498,9233 2470,1252
1,8149999 B 3527,8398 7884,767 5494,2817 7423,5806 6639,339 6967,412 S 5144,0464 9515,224 7745,027 13458,998 3498,9233 2470,1252
1,8150004 B 3527,8398 7884,767 5494,2817 7423,5806 6639,339 6967,412 S 5144,0464 9515,224 7745,027 13458,998 3498,9233 2470,1252
1,8149992 B 3527,8398 7884,767 5494,2817 7423,5806 6639,339 6967,412 S 5144,0464 9515,224 7745,027 13458,998 3498,9233 2470,1252
1,8150002 B 3527,8398 7884,767 5494,2817 7423,5806 6639,339 6967,412 S 5144,0464 9515,224 7745,027 13458,998 3498,9233 2470,1252
1,8150002 B 3527,8398 7884,767 5494,2817 7423,5806 6639,339 6967,412 S 5144,0464 9515,224 7745,027 13458,998 3498,9233 2470,1252
1,8150003 B 3527,8398 7884,767 5494,2817 7423,5806 6639,339 6967,412 S 5144,0464 9515,224 7745,027 13458,998 3498,9233 2470,1252
1,8158419 B 3527,8398 7884,767 5494,2817 7423,5806 6639,339 6967,412 S 5144,0464 9515,224 7745,027 13458,998 3498,9233 2470,1252
1,8150007 B 3527,8398 7884,767 5494,2817 7423,5806 6639,339 6967,412 S 5144,0464 9515,224 7745,027 13458,998 3498,9233 2470,1252
1,8150005 B 3527,8398 7884,767 5494,2817 7423,5806 6639,339 6967,412 S 5144,0464 9515,224 7745,027 13458,998 3498,9233 2470,1252
1,815 B 3527,8398 7884,767 5494,2817 7423,5806 6639,339 6967,412 S 5144,0464 9515,224 7745,027 13458,998 3498,9233 2470,1252
1,8150004 B 3527,8398 7884,767 5494,2817 7423,5806 6639,339 6967,412 S 5144,0464 9515,224 7745,027 13458,998 3498,9233 2470,1252
1,815 B 3527,8398 7884,767 5494,2817 7423,5806 6639,339 6967,412 S 5144,0464 9515,224 7745,027 13458,998 3498,9233 2470,1252
1,8149999 B 3527,8398 7884,767 5494,2817 7423,5806 6639,339 6967,412 S 5144,0464 9515,224 7745,027 13458,998 3498,9233 2470,1252
1,815 B 3527,8398 7884,767 5494,2817 7423,5806 6639,339 6967,412 S 5144,0464 9515,224 7745,027 13458,998 3498,9233 2470,1252
1,8149999 B 3527,8398 7884,767 5494,2817 7423,5806 6639,339 6967,412 S 5144,0464 9515,224 7745,027 13458,998 3498,9233 2470,1252
1,8149998 B 3527,8398 7884,767 5494,2817 7423,5806 6639,339 6967,412 S 5144,0464 9515,224 7745,027 13458,998 3498,9233 2470,1252
1,8149995 B 3527,8398 7884,767 5494,2817 7423,5806 6639,339 6967,412 S 5144,0464 9515,224 7745,027 13458,998 3498,9233 2470,1252
1,8149993 B 3527,8398 7884,767 5494,2817 7423,5806 6639,339 6967,412 S 5144,0464 9515,224 7745,027 13458,998 3498,9233 2470,1252
1,815 B 3527,8398 7884,767 5494,2817 7423,5806 6639,339 6967,412 S 5144,0464 9515,224 7745,027 13458,998 3498,9233 2470,1252
1,8149993 B 3527,8398 7884,767 5494,2817 7423,5806 6639,339 6967,412 S 5144,0464 9515,224 7745,027 13458,998 3498,9233 2470,1252
1,8149999 B 3527,8398 7884,767 5494,2817 7423,5806 6639,339 6967,412 S 5144,0464 9515,224 7745,027 13458,998 3498,9233 2470,1252
1,8150005 B 3527,8398 7884,767 5494,2817 7423,5806 6639,339 6967,412 S 5144,0464 9515,224 7745,027 13458,998 3498,9233 2470,1252
1,8150004 B 3527,8398 7884,767 5494,2817 7423,5806 6639,339 6967,412 S 5144,0464 9515,224 7745,027 13458,998 3498,9233 2470,1252
1,8150004 B 3527,8398 7884,767 5494,2817 7423,5806 6639,339 6967,412 S 5144,0464 9515,224 7745,027 13458,998 3498,9233 2470,1252
1,8149999 B 3527,8398 7884,767 5494,2817 7423,5806 6639,339 6967,412 S 5144,0464 9515,224 7745,027 13458,998 3498,9233 2470,1252
1,8150007 B 3527,8398 7884,767 5494,2817 7423,5806 6639,339 6967,412 S 5144,0464 9515,224 7745,027 13458,998 3498,9233 2470,1252
1,8149997 B 3527,8398 7884,767 5494,2817 7423,5806 6639,339 6967,412 S 5144,0464 9515,224 7745,027 13458,998 3498,9233 2470,1252
1,8150002 B 3527,8398 7884,767 5494,2817 7423,5806 6639,339 6967,412 S 5144,0464 9515,224 7745,027 13458,998 3498,9233 2470,1252
1,8149998 B 3527,8398 7884,767 5494,2817 7423,5806 6639,339 6967,412 S 5144,0464 9515,224 7745,027 13458,998 3498,9233 2470,1252
1,8149999 B 3527,8398 7884,767 5494,2817 7423,5806 6639,339 6967,412 S 5144,0464 9515,224 7745,027 13458,998 3498,9233 2470,1252
1,8150005 B 3527,8398 7884,767 5494,2817 7423,5806 6639,339 6967,412 S 5144,0464 9515,224 7745,027 13458,998 3498,9233 2470,1252
1,8150002 B 3527,8398 7884,767 5494,2817 7423,5806 6639,339 6967,412 S 5144,0464 9515,224 7745,027 13458,998 3498,9233 2470,1252
1,8150002 B 3527,8398 7884,767 5494,2817 7423,5806 6639,339 6967,412 S 5144,0464 9515,224 7745,027 13458,998 3498,9233 2470,1252
1,8149993 B 3527,8398 7884,767 5494,2817 7423,5806 6639,339 6967,412 S 5144,0464 9515,224 7745,027 13458,998 3498,9233 2470,1252
1,8150005 B 3527,8398 7884,767 5494,2817 7423,5806 6639,339 6967,412 S 5144,0464 9515,224 7745,027 13458,998 3498,9233 2470,1252
1,8150002 B 3527,8398 7884,767 5494,2817 7423,5806 6639,339 6967,412 S 5144,0464 9515,224 7745,027 13458,998 3498,9233 2470,1252
1,8149999 B 3527,8398 7884,767 5494,2817 7423,5806 6639,339 6967,412 S 5144,0464 9515,224 7745,027 13458,998 3498,9233 2470,1252
1,8150003 B 3527,8398 7884,767 5494,2817 7423,5806 6639,339 6967,412 S 5144,0464 9515,224 7745,027 13458,998 3498,9233 2470,1252
1,8149999 B 3527,8398 7884,767 5494,2817 7423,5806 6639,339 6967,412 S 5144,0464 9515,224 7745,027 13458,998 3498,9233 2470,1252
1,815 B 3527,8398 7884,767 5494,2817 7423,5806 6639,339 6967,412 S 5144,0464 9515,224 7745,027 13458,998 3498,9233 2470,1252
1,8149998 B 3527,8398 7884,767 5494,2817 7423,5806 6639,339 6967,412 S 5144,0464 9515,224 7745,027 13458,998 3498,9233 2470,1252
1,815 B 3527,8398 7884,767 5494,2817 7423,5806 6639,339 6967,412 S 5144,0464 9515,224 7745,027 13458,998 3498,9233 2470,1252
1,8150002 B 3527,8398 7884,767 5494,2817 7423,5806 6639,339 6967,412 S 5144,0464 9515,224 7745,027 13458,998 3498,9233 2470,1252
1,8150007 B 3527,8398 7884,767 5494,2817 7423,5806 6639,339 6967,412 S 5144,0464 9515,224 7745,027 13458,998 3498,9233 2470,1252
1,8149998 B 3527,8398 7884,767 5494,2817 7423,5806 6639,339 6967,412 S 5144,0464 9515,224 7745,027 13458,998 3498,9233 2470,1252
1,815 B 3527,8398 7884,767 5494,2817 7423,5806 6639,339 6967,412 S 5144,0464 9515,224 7745,027 13458,998 3498,9233 2470,1252
1,8150009 B 3527,8398 7884,767 5494,2817 7423,5806 6639,339 6967,412 S 5144,0464 9515,224 7745,027 13458,998 3498,9233 2470,1252
1,8150004 B 3527,8398 7884,767 5494,2817 7423,5806 6639,339 6967,412 S 5144,0464 9515,224 7745,027 13458,998 3498,9233 2470,1252
1,8149999 B 3527,8398 7884,767 5494,2817 7423,5806 6639,339 6967,412 S 5144,0464 9515,224 7745,027 13458,998 3498,9233 2470,1252
1,8149995 B 3527,8398 7884,767 5494,2817 7423,5806 6639,339 6967,412 S 5144,0464 9515,224 7745,027 13458,998 3498,9233 2470,1252
1,8149999 B 3527,8398 7884,767 5494,2817 7423,5806 6639,339 6967,412 S 5144,0464 9515,224 7745,027 13458,998 3498,9233 2470,1252
1,8150003 B 3527,8398 7884,767 5494,2817 7423,5806 6639,339 6967,412 S 5144,0464 9515,224 7745,027 13458,998 3498,9233 2470,1252
1,8150002 B 3527,8398 7884,767 5494,2817 7423,5806 6639,339 6967,412 S 5144,0464 9515,224 7745,027 13458,998 3498,9233 2470,1252
1,815 B 3527,8398 7884,767 5494,2817 7423,5806 6639,339 6967,412 S 5144,0464 9515,224 7745,027 13458,998 3498,9233 2470,1252
1,815 B 3527,8398 7884,767 5494,2817 7423,5806 6639,339 6967,412 S 5144,0464 9515,224 7745,027 13458,998 3498,9233 2470,1252
1,8150007 B 3527,8398 7884,767 5494,2817 7423,5806 6639,339 6967,412 S 5144,0464 9515,224 7745,027 13458,998 3498,9233 2470,1252
1,815 B 3527,8398 7884,767 5494,2817 7423,5806 6639,339 6967,412 S 5144,0464 9515,224 7745,027 13458,998 3498,9233 2470,1252
1,815958 B 3527,8398 7884,767 5494,2817 7423,5806 6639,339 6967,412 S 5144,0464 9515,224 7745,027 13458,998 3498,9233 2470,1252
1,8159997 B 3527,8398 7884,767 5494,2817 7423,5806 6639,339 6967,412 S 5144,0464 9515,224 7745,027 13458,998 3498,9233 2470,1252
1,8159997 B 3527,8398 7884,767 5494,2817 7423,5806 6639,339 6967,412 S 5144,0464 9515,224 7745,027 13458,998 3498,9233 2470,1252
1,8159999 B 3527,8398 7884,767 5494,2817 7423,5806 6639,339 6967,412 S 5144,0464 9515,224 7745,027 13458,998 3498,9233 2470,1252
1,8159999 B 3527,8398 7884,767 5494,2817 7423,5806 6639,339 6967,412 S 5144,0464 9515,224 7745,027 13458,998 3498,9233 2470,1252
1,8159997 B 3527,8398 7884,767 5494,2817 7423,5806 6639,339 6967,412 S 5144,0464 9515,224 7745,027 13458,998 3498,9233 2470,1252
1,8160002 B 3527,8398 7884,767 5494,2817 7423,5806 6639,339 6967,412 S 5144,0464 9515,224 7745,027 13458,998 3498,9233 2470,1252
1,8160002 B 3527,8398 7884,767 5494,2817 7423,5806 6639,339 6967,412 S 5144,0464 9515,224 7745,027 13458,998 3498,9233 2470,1252
1,8160006 B 3527,8398 7884,767 5494,2817 7423,5806 6639,339 6967,412 S 5144,0464 9515,224 7745,027 13458,998 3498,9233 2470,1252
1,816 B 3527,8398 7884,767 5494,2817 7423,5806 6639,339 6967,412 S 5144,0464 9515,224 7745,027 13458,998 3498,9233 2470,1252
1,8160003 B 3527,8398 7884,767 5494,2817 7423,5806 6639,339 6967,412 S 5144,0464 9515,224 7745,027 13458,998 3498,9233 2470,1252
1,8159997 B 3527,8398 7884,767 5494,2817 7423,5806 6639,339 6967,412 S 5144,0464 9515,224 7745,027 13458,998 3498,9233 2470,1252
1,8160002 B 3527,8398 7884,767 5494,2817 7423,5806 6639,339 6967,412 S 5144,0464 9515,224 7745,027 13458,998 3498,9233 2470,1252
1,8159997 B 3527,8398 7884,767 5494,2817 7423,5806 6639,339 6967,412 S 5144,0464 9515,224 7745,027 13458,998 3498,9233 2470,1252
1,816 B 3527,8398 7884,767 5494,2817 7423,5806 6639,339 6967,412 S 5144,0464 9515,224 7745,027 13458,998 3498,9233 2470,1252
1,8160001 B 3527,8398 7884,767 5494,2817 7423,5806 6639,339 6967,412 S 5144,0464 9515,224 7745,027 13458,998 3498,9233 2470,1252
1,8160001 B 3527,8398 7884,767 5494,2817 7423,5806 6639,339 6967,412 S 5144,0464 9515,224 7745,027 13458,998 3498,9233 2470,1252
1,8159997 B 3527,8398 7884,767 5494,2817 7423,5806 6639,339 6967,412 S 5144,0464 9515,224 7745,027 13458,998 3498,9233 2470,1252
1,8160007 B 3527,8398 7884,767 5494,2817 7423,5806 6639,339 6967,412 S 5144,0464 9515,224 7745,027 13458,998 3498,9233 2470,1252
1,8165016 B 3527,8398 7884,767 5494,2817 7423,5806 6639,339 6967,412 S 5144,0464 9515,224 7745,027 13458,998 3498,9233 2470,1252
1,8170006 B 3527,8398 7884,767 5494,2817 7423,5806 6639,339 6967,412 S 5144,0464 9515,224 7745,027 13458,998 3498,9233 2470,1252
1,817 B 3527,8398 7884,767 5494,2817 7423,5806 6639,339 6967,412 S 5144,0464 9515,224 7745,027 13458,998 3498,9233 2470,1252
1,8170003 B 3527,8398 7884,767 5494,2817 7423,5806 6639,339 6967,412 S 5144,0464 9515,224 7745,027 13458,998 3498,9233 2470,1252
1,8170002 B 3527,8398 7884,767 5494,2817 7423,5806 6639,339 6967,412 S 5144,0464 9515,224 7745,027 13458,998 3498,9233 2470,1252
1,8169999 B 3527,8398 7884,767 5494,2817 7423,5806 6639,339 6967,412 S 5144,0464 9515,224 7745,027 13458,998 3498,9233 2470,1252
1,817526 B 3527,8398 7884,767 5494,2817 7423,5806 6639,339 6967,412 S 5144,0464 9515,224 7745,027 13458,998 3498,9233 2470,1252
1,8180852 B 3527,8398 7884,767 5494,2817 7423,5806 6639,339 6967,412 S 5144,0464 9515,224 7745,027 13458,998 3498,9233 2470,1252
1,8190002 B 3527,8398 7884,767 5494,2817 7423,5806 6639,339 6967,412 S 5144,0464 9515,224 7745,027 13458,998 3498,9233 2470,1252
1,8189996 B 3527,8398 7884,767 5494,2817 7423,5806 6639,339 6967,412 S 5144,0464 9515,224 7745,027 13458,998 3498,9233 2470,1252
1,8190002 B 3527,8398 7884,767 5494,2817 7423,5806 6639,339 6967,412 S 5144,0464 9515,224 7745,027 13458,998 3498,9233 2470,1252
1,8186269 B 3527,8398 7884,767 5494,2817 7423,5806 6639,339 6967,412 S 5144,0464 9515,224 7745,027 13458,998 3498,9233 2470,1252
1,8180001 B 3527,8398 7884,767 5494,2817 7423,5806 6639,339 6967,412 S 5144,0464 9515,224 7745,027 13458,998 3498,9233 2470,1252
1,818 B 3527,8398 7884,767 5494,2817 7423,5806 6639,339 6967,412 S 5144,0464 9515,224 7745,027 13458,998 3498,9233 2470,1252
1,8180006 B 3527,8398 7884,767 5494,2817 7423,5806 6639,339 6967,412 S 5144,0464 9515,224 7745,027 13458,998 3498,9233 2470,1252
1,8180002 B 3527,8398 7884,767 5494,2817 7423,5806 6639,339 6967,412 S 5144,0464 9515,224 7745,027 13458,998 3498,9233 2470,1252
1,8179996 B 3527,8398 7884,767 5494,2817 7423,5806 6639,339 6967,412 S 5144,0464 9515,224 7745,027 13458,998 3498,9233 2470,1252
1,8180006 B 3527,8398 7884,767 5494,2817 7423,5806 6639,339 6967,412 S 5144,0464 9515,224 7745,027 13458,998 3498,9233 2470,1252
1,818 B 3527,8398 7884,767 5494,2817 7423,5806 6639,339 6967,412 S 5144,0464 9515,224 7745,027 13458,998 3498,9233 2470,1252
1,8190917 B 3527,8398 7884,767 5494,2817 7423,5806 6639,339 6967,412 S 5144,0464 9515,224 7745,027 13458,998 3498,9233 2470,1252
1,8200003 B 3527,8398 7884,767 5494,2817 7423,5806 6639,339 6967,412 S 5144,0464 9515,224 7745,027 13458,998 3498,9233 2470,1252
1,8199995 B 3527,8398 7884,767 5494,2817 7423,5806 6639,339 6967,412 S 5144,0464 9515,224 7745,027 13458,998 3498,9233 2470,1252
1,82 B 3527,8398 7884,767 5494,2817 7423,5806 6639,339 6967,412 S 5144,0464 9515,224 7745,027 13458,998 3498,9233 2470,1252
1,8199431 B 3527,8398 7884,767 5494,2817 7423,5806 6639,339 6967,412 S 5144,0464 9515,224 7745,027 13458,998 3498,9233 2470,1252
1,8190004 B 3527,8398 7884,767 5494,2817 7423,5806 6639,339 6967,412 S 5144,0464 9515,224 7745,027 13458,998 3498,9233 2470,1252
1,8189996 B 3527,8398 7884,767 5494,2817 7423,5806 6639,339 6967,412 S 5144,0464 9515,224 7745,027 13458,998 3498,9233 2470,1252
1,8190002 B 3527,8398 7884,767 5494,2817 7423,5806 6639,339 6967,412 S 5144,0464 9515,224 7745,027 13458,998 3498,9233 2470,1252
1,8189999 B 3527,8398 7884,767 5494,2817 7423,5806 6639,339 6967,412 S 5144,0464 9515,224 7745,027 13458,998 3498,9233 2470,1252
1,8198669 B 3527,8398 7884,767 5494,2817 7423,5806 6639,339 6967,412 S 5144,0464 9515,224 7745,027 13458,998 3498,9233 2470,1252
1,8199997 B 3527,8398 7884,767 5494,2817 7423,5806 6639,339 6967,412 S 5144,0464 9515,224 7745,027 13458,998 3498,9233 2470,1252
1,8206942 B 3527,8398 7884,767 5494,2817 7423,5806 6639,339 6967,412 S 5144,0464 9515,224 7745,027 13458,998 3498,9233 2470,1252
1,8220003 B 3527,8398 7884,767 5494,2817 7423,5806 6639,339 6967,412 S 5144,0464 9515,224 7745,027 13458,998 3498,9233 2470,1252
1,8223826 B 3527,8398 7884,767 5494,2817 7423,5806 6639,339 6967,412 S 5144,0464 9515,224 7745,027 13458,998 3498,9233 2470,1252
1,8227924 B 3527,8398 7884,767 5494,2817 7423,5806 6639,339 6967,412 S 5144,0464 9515,224 7745,027 13458,998 3498,9233 2470,1252
1,822 B 3527,8398 7884,767 5494,2817 7423,5806 6639,339 6967,412 S 5144,0464 9515,224 7745,027 13458,998 3498,9233 2470,1252
1,8226181 B 3527,8398 7884,767 5494,2817 7423,5806 6639,339 6967,412 S 5144,0464 9515,224 7745,027 13458,998 3498,9233 2470,1252
1,8238697 B 3527,8398 7884,767 5494,2817 7423,5806 6639,339 6967,412 S 5144,0464 9515,224 7745,027 13458,998 3498,9233 2470,1252
1,8240005 B 3527,8398 7884,767 5494,2817 7423,5806 6639,339 6967,412 S 5144,0464 9515,224 7745,027 13458,998 3498,9233 2470,1252
1,8240002 B 3527,8398 7884,767 5494,2817 7423,5806 6639,339 6967,412 S 5144,0464 9515,224 7745,027 13458,998 3498,9233 2470,1252
1,8239998 B 3527,8398 7884,767 5494,2817 7423,5806 6639,339 6967,412 S 5144,0464 9515,224 7745,027 13458,998 3498,9233 2470,1252
