1,8162827
1,8069961 B 2439,8333 6783,0854 8424,688 6684,81 8656,105 8610,796 S 5350,7256 7104,724 8579,368 7280,2144 7329,692 4700,3667
1,8060005 B 2439,8333 6783,0854 8424,688 6684,81 8656,105 8610,796 S 5350,7256 7104,724 8579,368 7280,2144 7329,692 4700,3667
1,8066133 B 2439,8333 6783,0854 8424,688 6684,81 8656,105 8610,796 S 5350,7256 7104,724 8579,368 7280,2144 7329,692 4700,3667
1,8090004 B 2439,8333 6783,0854 8424,688 6684,81 8656,105 8610,796 S 5350,7256 7104,724 8579,368 7280,2144 7329,692 4700,3667
1,8090001 B 2439,8333 6783,0854 8424,688 6684,81 8656,105 8610,796 S 5350,7256 7104,724 8579,368 7280,2144 7329,692 4700,3667
1,8093842 B 2439,8333 6783,0854 8424,688 6684,81 8656,105 8610,796 S 5350,7256 7104,724 8579,368 7280,2144 7329,692 4700,3667
1,8090619 B 2439,8333 6783,0854 8424,688 6684,81 8656,105 8610,796 S 5350,7256 7104,724 8579,368 7280,2144 7329,692 4700,3667
1,8079998 B 2439,8333 6783,0854 8424,688 6684,81 8656,105 8610,796 S 5350,7256 7104,724 8579,368 7280,2144 7329,692 4700,3667
1,8080541 B 2439,8333 6783,0854 8424,688 6684,81 8656,105 8610,796 S 5350,7256 7104,724 8579,368 7280,2144 7329,692 4700,3667
1,8100001 B 2439,8333 6783,0854 8424,688 6684,81 8656,105 8610,796 S 5350,7256 7104,724 8579,368 7280,2144 7329,692 4700,3667
1,8100001 B 2439,8333 6783,0854 8424,688 6684,81 8656,105 8610,796 S 5350,7256 7104,724 8579,368 7280,2144 7329,692 4700,3667
1,8099995 B 2439,8333 6783,0854 8424,688 6684,81 8656,105 8610,796 S 5350,7256 7104,724 8579,368 7280,2144 7329,692 4700,3667
1,81 B 2439,8333 6783,0854 8424,688 6684,81 8656,105 8610,796 S 5350,7256 7104,724 8579,368 7280,2144 7329,692 4700,3667
1,8099997 B 2439,8333 6783,0854 8424,688 6684,81 8656,105 8610,796 S 5350,7256 7104,724 8579,368 7280,2144 7329,692 4700,3667
1,8100001 B 2439,8333 6783,0854 8424,688 6684,81 8656,105 8610,796 S 5350,7256 7104,724 8579,368 7280,2144 7329,692 4700,3667
1,8099995 B 2439,8333 6783,0854 8424,688 6684,81 8656,105 8610,796 S 5350,7256 7104,724 8579,368 7280,2144 7329,692 4700,3667
1,8099997 B 2439,8333 6783,0854 8424,688 6684,81 8656,105 8610,796 S 5350,7256 7104,724 8579,368 7280,2144 7329,692 4700,3667
1,8099997 B 2439,8333 6783,0854 8424,688 6684,81 8656,105 8610,796 S 5350,7256 7104,724 8579,368 7280,2144 7329,692 4700,3667
1,81 B 2439,8333 6783,0854 8424,688 6684,81 8656,105 8610,796 S 5350,7256 7104,724 8579,368 7280,2144 7329,692 4700,3667
1,8093339 B 2439,8333 6783,0854 8424,688 6684,81 8656,105 8610,796 S 5350,7256 7104,724 8579,368 7280,2144 7329,692 4700,3667
1,809 B 2439,8333 6783,0854 8424,688 6684,81 8656,105 8610,796 S 5350,7256 7104,724 8579,368 7280,2144 7329,692 4700,3667
1,809 B 2439,8333 6783,0854 8424,688 6684,81 8656,105 8610,796 S 5350,7256 7104,724 8579,368 7280,2144 7329,692 4700,3667
1,8090003 B 2439,8333 6783,0854 8424,688 6684,81 8656,105 8610,796 S 5350,7256 7104,724 8579,368 7280,2144 7329,692 4700,3667
1,8089999 B 2439,8333 6783,0854 8424,688 6684,81 8656,105 8610,796 S 5350,7256 7104,724 8579,368 7280,2144 7329,692 4700,3667
1,8089998 B 2439,8333 6783,0854 8424,688 6684,81 8656,105 8610,796 S 5350,7256 7104,724 8579,368 7280,2144 7329,692 4700,3667
1,8088695 B 2439,8333 6783,0854 8424,688 6684,81 8656,105 8610,796 S 5350,7256 7104,724 8579,368 7280,2144 7329,692 4700,3667
1,8079995 B 2439,8333 6783,0854 8424,688 6684,81 8656,105 8610,796 S 5350,7256 7104,724 8579,368 7280,2144 7329,692 4700,3667
1,8079998 B 2439,8333 6783,0854 8424,688 6684,81 8656,105 8610,796 S 5350,7256 7104,724 8579,368 7280,2144 7329,692 4700,3667
1,8075062 B 2439,8333 6783,0854 8424,688 6684,81 8656,105 8610,796 S 5350,7256 7104,724 8579,368 7280,2144 7329,692 4700,3667
1,8069998 B 2439,8333 6783,0854 8424,688 6684,81 8656,105 8610,796 S 5350,7256 7104,724 8579,368 7280,2144 7329,692 4700,3667
1,8070003 B 2439,8333 6783,0854 8424,688 6684,81 8656,105 8610,796 S 5350,7256 7104,724 8579,368 7280,2144 7329,692 4700,3667
1,807 B 2439,8333 6783,0854 8424,688 6684,81 8656,105 8610,796 S 5350,7256 7104,724 8579,368 7280,2144 7329,692 4700,3667
1,8069999 B 2439,8333 6783,0854 8424,688 6684,81 8656,105 8610,796 S 5350,7256 7104,724 8579,368 7280,2144 7329,692 4700,3667
1,807 B 2439,8333 6783,0854 8424,688 6684,81 8656,105 8610,796 S 5350,7256 7104,724 8579,368 7280,2144 7329,692 4700,3667
1,8069999 B 2439,8333 6783,0854 8424,688 6684,81 8656,105 8610,796 S 5350,7256 7104,724 8579,368 7280,2144 7329,692 4700,3667
1,8070003 B 2439,8333 6783,0854 8424,688 6684,81 8656,105 8610,796 S 5350,7256 7104,724 8579,368 7280,2144 7329,692 4700,3667
1,8069996 B 2439,8333 6783,0854 8424,688 6684,81 8656,105 8610,796 S 5350,7256 7104,724 8579,368 7280,2144 7329,692 4700,3667
1,8063973 B 2439,8333 6783,0854 8424,688 6684,81 8656,105 8610,796 S 5350,7256 7104,724 8579,368 7280,2144 7329,692 4700,3667
1,8050001 B 2439,8333 6783,0854 8424,688 6684,81 8656,105 8610,796 S 5350,7256 7104,724 8579,368 7280,2144 7329,692 4700,3667
1,806143 B 2439,8333 6783,0854 8424,688 6684,81 8656,105 8610,796 S 5350,7256 7104,724 8579,368 7280,2144 7329,692 4700,3667
1,8069996 B 2439,8333 6783,0854 8424,688 6684,81 8656,105 8610,796 S 5350,7256 7104,724 8579,368 7280,2144 7329,692 4700,3667
1,8069998 B 2439,8333 6783,0854 8424,688 6684,81 8656,105 8610,796 S 5350,7256 7104,724 8579,368 7280,2144 7329,692 4700,3667
1,8069994 B 2439,8333 6783,0854 8424,688 6684,81 8656,105 8610,796 S 5350,7256 7104,724 8579,368 7280,2144 7329,692 4700,3667
1,8069997 B 2439,8333 6783,0854 8424,688 6684,81 8656,105 8610,796 S 5350,7256 7104,724 8579,368 7280,2144 7329,692 4700,3667
1,8070004 B 2439,8333 6783,0854 8424,688 6684,81 8656,105 8610,796 S 5350,7256 7104,724 8579,368 7280,2144 7329,692 4700,3667
1,8072627 B 2439,8333 6783,0854 8424,688 6684,81 8656,105 8610,796 S 5350,7256 7104,724 8579,368 7280,2144 7329,692 4700,3667
1,8093508 B 2439,8333 6783,0854 8424,688 6684,81 8656,105 8610,796 S 5350,7256 7104,724 8579,368 7280,2144 7329,692 4700,3667
1,8099996 B 2439,8333 6783,0854 8424,688 6684,81 8656,105 8610,796 S 5350,7256 7104,724 8579,368 7280,2144 7329,692 4700,3667
1,8099991 B 2439,8333 6783,0854 8424,688 6684,81 8656,105 8610,796 S 5350,7256 7104,724 8579,368 7280,2144 7329,692 4700,3667
1,8100001 B 2439,8333 6783,0854 8424,688 6684,81 8656,105 8610,796 S 5350,7256 7104,724 8579,368 7280,2144 7329,692 4700,3667
1,8099993 B 2439,8333 6783,0854 8424,688 6684,81 8656,105 8610,796 S 5350,7256 7104,724 8579,368 7280,2144 7329,692 4700,3667
1,8100001 B 2439,8333 6783,0854 8424,688 6684,81 8656,105 8610,796 S 5350,7256 7104,724 8579,368 7280,2144 7329,692 4700,3667
1,8095746 B 2439,8333 6783,0854 8424,688 6684,81 8656,105 8610,796 S 5350,7256 7104,724 8579,368 7280,2144 7329,692 4700,3667
1,8090004 B 2439,8333 6783,0854 8424,688 6684,81 8656,105 8610,796 S 5350,7256 7104,724 8579,368 7280,2144 7329,692 4700,3667
1,8089999 B 2439,8333 6783,0854 8424,688 6684,81 8656,105 8610,796 S 5350,7256 7104,724 8579,368 7280,2144 7329,692 4700,3667
1,8090005 B 2439,8333 6783,0854 8424,688 6684,81 8656,105 8610,796 S 5350,7256 7104,724 8579,368 7280,2144 7329,692 4700,3667
1,8098359 B 2439,8333 6783,0854 8424,688 6684,81 8656,105 8610,796 S 5350,7256 7104,724 8579,368 7280,2144 7329,692 4700,3667
1,81 B 2439,8333 6783,0854 8424,688 6684,81 8656,105 8610,796 S 5350,7256 7104,724 8579,368 7280,2144 7329,692 4700,3667
1,8099996 B 2439,8333 6783,0854 8424,688 6684,81 8656,105 8610,796 S 5350,7256 7104,724 8579,368 7280,2144 7329,692 4700,3667
1,8099998 B 2439,8333 6783,0854 8424,688 6684,81 8656,105 8610,796 S 5350,7256 7104,724 8579,368 7280,2144 7329,692 4700,3667
1,8100002 B 2439,8333 6783,0854 8424,688 6684,81 8656,105 8610,796 S 5350,7256 7104,724 8579,368 7280,2144 7329,692 4700,3667
1,8108013 B 2439,8333 6783,0854 8424,688 6684,81 8656,105 8610,796 S 5350,7256 7104,724 8579,368 7280,2144 7329,692 4700,3667
1,812 B 2439,8333 6783,0854 8424,688 6684,81 8656,105 8610,796 S 5350,7256 7104,724 8579,368 7280,2144 7329,692 4700,3667
1,8119994 B 2439,8333 6783,0854 8424,688 6684,81 8656,105 8610,796 S 5350,7256 7104,724 8579,368 7280,2144 7329,692 4700,3667
1,8120003 B 2439,8333 6783,0854 8424,688 6684,81 8656,105 8610,796 S 5350,7256 7104,724 8579,368 7280,2144 7329,692 4700,3667
1,8119767 B 2439,8333 6783,0854 8424,688 6684,81 8656,105 8610,796 S 5350,7256 7104,724 8579,368 7280,2144 7329,692 4700,3667
1,8118498 B 2439,8333 6783,0854 8424,688 6684,81 8656,105 8610,796 S 5350,7256 7104,724 8579,368 7280,2144 7329,692 4700,3667
1,811 B 2439,8333 6783,0854 8424,688 6684,81 8656,105 8610,796 S 5350,7256 7104,724 8579,368 7280,2144 7329,692 4700,3667
1,8110008 B 2439,8333 6783,0854 8424,688 6684,81 8656,105 8610,796 S 5350,7256 7104,724 8579,368 7280,2144 7329,692 4700,3667
1,8110001 B 2439,8333 6783,0854 8424,688 6684,81 8656,105 8610,796 S 5350,7256 7104,724 8579,368 7280,2144 7329,692 4700,3667
1,811 B 2439,8333 6783,0854 8424,688 6684,81 8656,105 8610,796 S 5350,7256 7104,724 8579,368 7280,2144 7329,692 4700,3667
1,8110001 B 2439,8333 6783,0854 8424,688 6684,81 8656,105 8610,796 S 5350,7256 7104,724 8579,368 7280,2144 7329,692 4700,3667
1,8111017 B 2439,8333 6783,0854 8424,688 6684,81 8656,105 8610,796 S 5350,7256 7104,724 8579,368 7280,2144 7329,692 4700,3667
1,8099997 B 2439,8333 6783,0854 8424,688 6684,81 8656,105 8610,796 S 5350,7256 7104,724 8579,368 7280,2144 7329,692 4700,3667
1,8099996 B 2439,8333 6783,0854 8424,688 6684,81 8656,105 8610,796 S 5350,7256 7104,724 8579,368 7280,2144 7329,692 4700,3667
1,81 B 2439,8333 6783,0854 8424,688 6684,81 8656,105 8610,796 S 5350,7256 7104,724 8579,368 7280,2144 7329,692 4700,3667
1,81 B 2439,8333 6783,0854 8424,688 6684,81 8656,105 8610,796 S 5350,7256 7104,724 8579,368 7280,2144 7329,692 4700,3667
1,810575 B 2439,8333 6783,0854 8424,688 6684,81 8656,105 8610,796 S 5350,7256 7104,724 8579,368 7280,2144 7329,692 4700,3667
1,8109998 B 2439,8333 6783,0854 8424,688 6684,81 8656,105 8610,796 S 5350,7256 7104,724 8579,368 7280,2144 7329,692 4700,3667
1,8101999 B 2439,8333 6783,0854 8424,688 6684,81 8656,105 8610,796 S 5350,7256 7104,724 8579,368 7280,2144 7329,692 4700,3667
1,8099996 B 2439,8333 6783,0854 8424,688 6684,81 8656,105 8610,796 S 5350,7256 7104,724 8579,368 7280,2144 7329,692 4700,3667
1,8099996 B 2439,8333 6783,0854 8424,688 6684,81 8656,105 8610,796 S 5350,7256 7104,724 8579,368 7280,2144 7329,692 4700,3667
1,8097395 B 2439,8333 6783,0854 8424,688 6684,81 8656,105 8610,796 S 5350,7256 7104,724 8579,368 7280,2144 7329,692 4700,3667
1,8090004 B 2439,8333 6783,0854 8424,688 6684,81 8656,105 8610,796 S 5350,7256 7104,724 8579,368 7280,2144 7329,692 4700,3667
1,8090001 B 2439,8333 6783,0854 8424,688 6684,81 8656,105 8610,796 S 5350,7256 7104,724 8579,368 7280,2144 7329,692 4700,3667
1,809 B 2439,8333 6783,0854 8424,688 6684,81 8656,105 8610,796 S 5350,7256 7104,724 8579,368 7280,2144 7329,692 4700,3667
1,8089999 B 2439,8333 6783,0854 8424,688 6684,81 8656,105 8610,796 S 5350,7256 7104,724 8579,368 7280,2144 7329,692 4700,3667
1,8090004 B 2439,8333 6783,0854 8424,688 6684,81 8656,105 8610,796 S 5350,7256 7104,724 8579,368 7280,2144 7329,692 4700,3667
1,8089994 B 2439,8333 6783,0854 8424,688 6684,81 8656,105 8610,796 S 5350,7256 7104,724 8579,368 7280,2144 7329,692 4700,3667
1,8090005 B 2439,8333 6783,0854 8424,688 6684,81 8656,105 8610,796 S 5350,7256 7104,724 8579,368 7280,2144 7329,692 4700,3667
1,809 B 2439,8333 6783,0854 8424,688 6684,81 8656,105 8610,796 S 5350,7256 7104,724 8579,368 7280,2144 7329,692 4700,3667
1,8089994 B 2439,8333 6783,0854 8424,688 6684,81 8656,105 8610,796 S 5350,7256 7104,724 8579,368 7280,2144 7329,692 4700,3667
1,8089995 B 2439,8333 6783,0854 8424,688 6684,81 8656,105 8610,796 S 5350,7256 7104,724 8579,368 7280,2144 7329,692 4700,3667
1,8089161 B 2439,8333 6783,0854 8424,688 6684,81 8656,105 8610,796 S 5350,7256 7104,724 8579,368 7280,2144 7329,692 4700,3667
1,808 B 2439,8333 6783,0854 8424,688 6684,81 8656,105 8610,796 S 5350,7256 7104,724 8579,368 7280,2144 7329,692 4700,3667
1,8080007 B 2439,8333 6783,0854 8424,688 6684,81 8656,105 8610,796 S 5350,7256 7104,724 8579,368 7280,2144 7329,692 4700,3667
1,8080001 B 2439,8333 6783,0854 8424,688 6684,81 8656,105 8610,796 S 5350,7256 7104,724 8579,368 7280,2144 7329,692 4700,3667
1,808506 B 2439,8333 6783,0854 8424,688 6684,81 8656,105 8610,796 S 5350,7256 7104,724 8579,368 7280,2144 7329,692 4700,3667
1,8098686 B 2439,8333 6783,0854 8424,688 6684,81 8656,105 8610,796 S 5350,7256 7104,724 8579,368 7280,2144 7329,692 4700,3667
1,8109434 B 2439,8333 6783,0854 8424,688 6684,81 8656,105 8610,796 S 5350,7256 7104,724 8579,368 7280,2144 7329,692 4700,3667
1,8109996 B 2439,8333 6783,0854 8424,688 6684,81 8656,105 8610,796 S 5350,7256 7104,724 8579,368 7280,2144 7329,692 4700,3667
1,8110006 B 2439,8333 6783,0854 8424,688 6684,81 8656,105 8610,796 S 5350,7256 7104,724 8579,368 7280,2144 7329,692 4700,3667
1,8110002 B 2439,8333 6783,0854 8424,688 6684,81 8656,105 8610,796 S 5350,7256 7104,724 8579,368 7280,2144 7329,692 4700,3667
1,8109996 B 2439,8333 6783,0854 8424,688 6684,81 8656,105 8610,796 S 5350,7256 7104,724 8579,368 7280,2144 7329,692 4700,3667
1,811 B 2439,8333 6783,0854 8424,688 6684,81 8656,105 8610,796 S 5350,7256 7104,724 8579,368 7280,2144 7329,692 4700,3667
1,8114282 B 2439,8333 6783,0854 8424,688 6684,81 8656,105 8610,796 S 5350,7256 7104,724 8579,368 7280,2144 7329,692 4700,3667
1,8129996 B 2439,8333 6783,0854 8424,688 6684,81 8656,105 8610,796 S 5350,7256 7104,724 8579,368 7280,2144 7329,692 4700,3667
1,8131553 B 2439,8333 6783,0854 8424,688 6684,81 8656,105 8610,796 S 5350,7256 7104,724 8579,368 7280,2144 7329,692 4700,3667
1,8140002 B 2439,8333 6783,0854 8424,688 6684,81 8656,105 8610,796 S 5350,7256 7104,724 8579,368 7280,2144 7329,692 4700,3667
1,8140004 B 2439,8333 6783,0854 8424,688 6684,81 8656,105 8610,796 S 5350,7256 7104,724 8579,368 7280,2144 7329,692 4700,3667
1,8149198 B 2439,8333 6783,0854 8424,688 6684,81 8656,105 8610,796 S 5350,7256 7104,724 8579,368 7280,2144 7329,692 4700,3667
1,8150007 B 2439,8333 6783,0854 8424,688 6684,81 8656,105 8610,796 S 5350,7256 7104,724 8579,368 7280,2144 7329,692 4700,3667
1,8149993 B 2439,8333 6783,0854 8424,688 6684,81 8656,105 8610,796 S 5350,7256 7104,724 8579,368 7280,2144 7329,692 4700,3667
1,8149998 B 2439,8333 6783,0854 8424,688 6684,81 8656,105 8610,796 S 5350,7256 7104,724 8579,368 7280,2144 7329,692 4700,3667
1,815 B 2439,8333 6783,0854 8424,688 6684,81 8656,105 8610,796 S 5350,7256 7104,724 8579,368 7280,2144 7329,692 4700,3667
1,8149995 B 2439,8333 6783,0854 8424,688 6684,81 8656,105 8610,796 S 5350,7256 7104,724 8579,368 7280,2144 7329,692 4700,3667
1,8149998 B 2439,8333 6783,0854 8424,688 6684,81 8656,105 8610,796 S 5350,7256 7104,724 8579,368 7280,2144 7329,692 4700,3667
1,8150004 B 2439,8333 6783,0854 8424,688 6684,81 8656,105 8610,796 S 5350,7256 7104,724 8579,368 7280,2144 7329,692 4700,3667
1,814476 B 2439,8333 6783,0854 8424,688 6684,81 8656,105 8610,796 S 5350,7256 7104,724 8579,368 7280,2144 7329,692 4700,3667
1,8139997 B 2439,8333 6783,0854 8424,688 6684,81 8656,105 8610,796 S 5350,7256 7104,724 8579,368 7280,2144 7329,692 4700,3667
1,8143871 B 2439,8333 6783,0854 8424,688 6684,81 8656,105 8610,796 S 5350,7256 7104,724 8579,368 7280,2144 7329,692 4700,3667
1,815 B 2439,8333 6783,0854 8424,688 6684,81 8656,105 8610,796 S 5350,7256 7104,724 8579,368 7280,2144 7329,692 4700,3667
1,8149998 B 2439,8333 6783,0854 8424,688 6684,81 8656,105 8610,796 S 5350,7256 7104,724 8579,368 7280,2144 7329,692 4700,3667
1,815215 B 2439,8333 6783,0854 8424,688 6684,81 8656,105 8610,796 S 5350,7256 7104,724 8579,368 7280,2144 7329,692 4700,3667
1,8160001 B 2439,8333 6783,0854 8424,688 6684,81 8656,105 8610,796 S 5350,7256 7104,724 8579,368 7280,2144 7329,692 4700,3667
1,8160005 B 2439,8333 6783,0854 8424,688 6684,81 8656,105 8610,796 S 5350,7256 7104,724 8579,368 7280,2144 7329,692 4700,3667
1,8169448 B 2439,8333 6783,0854 8424,688 6684,81 8656,105 8610,796 S 5350,7256 7104,724 8579,368 7280,2144 7329,692 4700,3667
1,8179914 B 2439,8333 6783,0854 8424,688 6684,81 8656,105 8610,796 S 5350,7256 7104,724 8579,368 7280,2144 7329,692 4700,3667
1,8185426 B 2439,8333 6783,0854 8424,688 6684,81 8656,105 8610,796 S 5350,7256 7104,724 8579,368 7280,2144 7329,692 4700,3667
1,8170795 B 2439,8333 6783,0854 8424,688 6684,81 8656,105 8610,796 S 5350,7256 7104,724 8579,368 7280,2144 7329,692 4700,3667
1,8170002 B 2439,8333 6783,0854 8424,688 6684,81 8656,105 8610,796 S 5350,7256 7104,724 8579,368 7280,2144 7329,692 4700,3667
1,8170005 B 2439,8333 6783,0854 8424,688 6684,81 8656,105 8610,796 S 5350,7256 7104,724 8579,368 7280,2144 7329,692 4700,3667
1,81701 B 2439,8333 6783,0854 8424,688 6684,81 8656,105 8610,796 S 5350,7256 7104,724 8579,368 7280,2144 7329,692 4700,3667
1,8183423 B 2439,8333 6783,0854 8424,688 6684,81 8656,105 8610,796 S 5350,7256 7104,724 8579,368 7280,2144 7329,692 4700,3667
1,8179997 B 2439,8333 6783,0854 8424,688 6684,81 8656,105 8610,796 S 5350,7256 7104,724 8579,368 7280,2144 7329,692 4700,3667
1,8179995 B 2439,8333 6783,0854 8424,688 6684,81 8656,105 8610,796 S 5350,7256 7104,724 8579,368 7280,2144 7329,692 4700,3667
1,8180001 B 2439,8333 6783,0854 8424,688 6684,81 8656,105 8610,796 S 5350,7256 7104,724 8579,368 7280,2144 7329,692 4700,3667
1,8177679 B 2439,8333 6783,0854 8424,688 6684,81 8656,105 8610,796 S 5350,7256 7104,724 8579,368 7280,2144 7329,692 4700,3667
1,8183161 B 2439,8333 6783,0854 8424,688 6684,81 8656,105 8610,796 S 5350,7256 7104,724 8579,368 7280,2144 7329,692 4700,3667
1,820673 B 2439,8333 6783,0854 8424,688 6684,81 8656,105 8610,796 S 5350,7256 7104,724 8579,368 7280,2144 7329,692 4700,3667
1,8209999 B 2439,8333 6783,0854 8424,688 6684,81 8656,105 8610,796 S 5350,7256 7104,724 8579,368 7280,2144 7329,692 4700,3667
1,8209999 B 2439,8333 6783,0854 8424,688 6684,81 8656,105 8610,796 S 5350,7256 7104,724 8579,368 7280,2144 7329,692 4700,3667
1,8218017 B 2439,8333 6783,0854 8424,688 6684,81 8656,105 8610,796 S 5350,7256 7104,724 8579,368 7280,2144 7329,692 4700,3667
1,8226796 B 2439,8333 6783,0854 8424,688 6684,81 8656,105 8610,796 S 5350,7256 7104,724 8579,368 7280,2144 7329,692 4700,3667
1,8230001 B 2439,8333 6783,0854 8424,688 6684,81 8656,105 8610,796 S 5350,7256 7104,724 8579,368 7280,2144 7329,692 4700,3667
1,8230001 B 2439,8333 6783,0854 8424,688 6684,81 8656,105 8610,796 S 5350,7256 7104,724 8579,368 7280,2144 7329,692 4700,3667
1,8218628 B 2439,8333 6783,0854 8424,688 6684,81 8656,105 8610,796 S 5350,7256 7104,724 8579,368 7280,2144 7329,692 4700,3667
1,8236932 B 2439,8333 6783,0854 8424,688 6684,81 8656,105 8610,796 S 5350,7256 7104,724 8579,368 7280,2144 7329,692 4700,3667
1,8240001 B 2439,8333 6783,0854 8424,688 6684,81 8656,105 8610,796 S 5350,7256 7104,724 8579,368 7280,2144 7329,692 4700,3667
1,8239998 B 2439,8333 6783,0854 8424,688 6684,81 8656,105 8610,796 S 5350,7256 7104,724 8579,368 7280,2144 7329,692 4700,3667
1,8239993 B 2439,8333 6783,0854 8424,688 6684,81 8656,105 8610,796 S 5350,7256 7104,724 8579,368 7280,2144 7329,692 4700,3667
1,8240007 B 2439,8333 6783,0854 8424,688 6684,81 8656,105 8610,796 S 5350,7256 7104,724 8579,368 7280,2144 7329,692 4700,3667
1,8239993 B 2439,8333 6783,0854 8424,688 6684,81 8656,105 8610,796 S 5350,7256 7104,724 8579,368 7280,2144 7329,692 4700,3667
1,8234705 B 2439,8333 6783,0854 8424,688 6684,81 8656,105 8610,796 S 5350,7256 7104,724 8579,368 7280,2144 7329,692 4700,3667
1,8199998 B 2439,8333 6783,0854 8424,688 6684,81 8656,105 8610,796 S 5350,7256 7104,724 8579,368 7280,2144 7329,692 4700,3667
1,82 B 2439,8333 6783,0854 8424,688 6684,81 8656,105 8610,796 S 5350,7256 7104,724 8579,368 7280,2144 7329,692 4700,3667
1,8213985 B 2439,8333 6783,0854 8424,688 6684,81 8656,105 8610,796 S 5350,7256 7104,724 8579,368 7280,2144 7329,692 4700,3667
1,8210003 B 2439,8333 6783,0854 8424,688 6684,81 8656,105 8610,796 S 5350,7256 7104,724 8579,368 7280,2144 7329,692 4700,3667
1,8209995 B 2439,8333 6783,0854 8424,688 6684,81 8656,105 8610,796 S 5350,7256 7104,724 8579,368 7280,2144 7329,692 4700,3667
1,8209999 B 2439,8333 6783,0854 8424,688 6684,81 8656,105 8610,796 S 5350,7256 7104,724 8579,368 7280,2144 7329,692 4700,3667
1,8210003 B 2439,8333 6783,0854 8424,688 6684,81 8656,105 8610,796 S 5350,7256 7104,724 8579,368 7280,2144 7329,692 4700,3667
1,8210002 B 2439,8333 6783,0854 8424,688 6684,81 8656,105 8610,796 S 5350,7256 7104,724 8579,368 7280,2144 7329,692 4700,3667
1,8210005 B 2439,8333 6783,0854 8424,688 6684,81 8656,105 8610,796 S 5350,7256 7104,724 8579,368 7280,2144 7329,692 4700,3667
1,8209981 B 2439,8333 6783,0854 8424,688 6684,81 8656,105 8610,796 S 5350,7256 7104,724 8579,368 7280,2144 7329,692 4700,3667
1,8199998 B 2439,8333 6783,0854 8424,688 6684,81 8656,105 8610,796 S 5350,7256 7104,724 8579,368 7280,2144 7329,692 4700,3667
1,8200004 B 2439,8333 6783,0854 8424,688 6684,81 8656,105 8610,796 S 5350,7256 7104,724 8579,368 7280,2144 7329,692 4700,3667
1,8200004 B 2439,8333 6783,0854 8424,688 6684,81 8656,105 8610,796 S 5350,7256 7104,724 8579,368 7280,2144 7329,692 4700,3667
1,8200002 B 2439,8333 6783,0854 8424,688 6684,81 8656,105 8610,796 S 5350,7256 7104,724 8579,368 7280,2144 7329,692 4700,3667
1,8210944 B 2439,8333 6783,0854 8424,688 6684,81 8656,105 8610,796 S 5350,7256 7104,724 8579,368 7280,2144 7329,692 4700,3667
1,8220009 B 2439,8333 6783,0854 8424,688 6684,81 8656,105 8610,796 S 5350,7256 7104,724 8579,368 7280,2144 7329,692 4700,3667
1,8220003 B 2439,8333 6783,0854 8424,688 6684,81 8656,105 8610,796 S 5350,7256 7104,724 8579,368 7280,2144 7329,692 4700,3667
1,8231637 B 2439,8333 6783,0854 8424,688 6684,81 8656,105 8610,796 S 5350,7256 7104,724 8579,368 7280,2144 7329,692 4700,3667
1,8245205 B 2439,8333 6783,0854 8424,688 6684,81 8656,105 8610,796 S 5350,7256 7104,724 8579,368 7280,2144 7329,692 4700,3667
1,82589 B 2439,8333 6783,0854 8424,688 6684,81 8656,105 8610,796 S 5350,7256 7104,724 8579,368 7280,2144 7329,692 4700,3667
1,8255836 B 2439,8333 6783,0854 8424,688 6684,81 8656,105 8610,796 S 5350,7256 7104,724 8579,368 7280,2144 7329,692 4700,3667
1,8239996 B 2439,8333 6783,0854 8424,688 6684,81 8656,105 8610,796 S 5350,7256 7104,724 8579,368 7280,2144 7329,692 4700,3667
1,8239999 B 2439,8333 6783,0854 8424,688 6684,81 8656,105 8610,796 S 5350,7256 7104,724 8579,368 7280,2144 7329,692 4700,3667
1,8239999 B 2439,8333 6783,0854 8424,688 6684,81 8656,105 8610,796 S 5350,7256 7104,724 8579,368 7280,2144 7329,692 4700,3667
1,8240001 B 2439,8333 6783,0854 8424,688 6684,81 8656,105 8610,796 S 5350,7256 7104,724 8579,368 7280,2144 7329,692 4700,3667
1,8240002 B 2439,8333 6783,0854 8424,688 6684,81 8656,105 8610,796 S 5350,7256 7104,724 8579,368 7280,2144 7329,692 4700,3667
1,8239998 B 2439,8333 6783,0854 8424,688 6684,81 8656,105 8610,796 S 5350,7256 7104,724 8579,368 7280,2144 7329,692 4700,3667
1,8239995 B 2439,8333 6783,0854 8424,688 6684,81 8656,105 8610,796 S 5350,7256 7104,724 8579,368 7280,2144 7329,692 4700,3667
1,8240001 B 2439,8333 6783,0854 8424,688 6684,81 8656,105 8610,796 S 5350,7256 7104,724 8579,368 7280,2144 7329,692 4700,3667
1,8240006 B 2439,8333 6783,0854 8424,688 6684,81 8656,105 8610,796 S 5350,7256 7104,724 8579,368 7280,2144 7329,692 4700,3667
1,8240001 B 2439,8333 6783,0854 8424,688 6684,81 8656,105 8610,796 S 5350,7256 7104,724 8579,368 7280,2144 7329,692 4700,3667
1,8224899 B 2439,8333 6783,0854 8424,688 6684,81 8656,105 8610,796 S 5350,7256 7104,724 8579,368 7280,2144 7329,692 4700,3667
1,8220006 B 2439,8333 6783,0854 8424,688 6684,81 8656,105 8610,796 S 5350,7256 7104,724 8579,368 7280,2144 7329,692 4700,3667
1,8229426 B 2439,8333 6783,0854 8424,688 6684,81 8656,105 8610,796 S 5350,7256 7104,724 8579,368 7280,2144 7329,692 4700,3667
1,8229996 B 2439,8333 6783,0854 8424,688 6684,81 8656,105 8610,796 S 5350,7256 7104,724 8579,368 7280,2144 7329,692 4700,3667
1,8230001 B 2439,8333 6783,0854 8424,688 6684,81 8656,105 8610,796 S 5350,7256 7104,724 8579,368 7280,2144 7329,692 4700,3667
1,8229997 B 2439,8333 6783,0854 8424,688 6684,81 8656,105 8610,796 S 5350,7256 7104,724 8579,368 7280,2144 7329,692 4700,3667
1,823 B 2439,8333 6783,0854 8424,688 6684,81 8656,105 8610,796 S 5350,7256 7104,724 8579,368 7280,2144 7329,692 4700,3667
1,8234813 B 2439,8333 6783,0854 8424,688 6684,81 8656,105 8610,796 S 5350,7256 7104,724 8579,368 7280,2144 7329,692 4700,3667
1,8240002 B 2439,8333 6783,0854 8424,688 6684,81 8656,105 8610,796 S 5350,7256 7104,724 8579,368 7280,2144 7329,692 4700,3667
1,8237648 B 2439,8333 6783,0854 8424,688 6684,81 8656,105 8610,796 S 5350,7256 7104,724 8579,368 7280,2144 7329,692 4700,3667
1,8220004 B 2439,8333 6783,0854 8424,688 6684,81 8656,105 8610,796 S 5350,7256 7104,724 8579,368 7280,2144 7329,692 4700,3667
1,8220007 B 2439,8333 6783,0854 8424,688 6684,81 8656,105 8610,796 S 5350,7256 7104,724 8579,368 7280,2144 7329,692 4700,3667
1,8220004 B 2439,8333 6783,0854 8424,688 6684,81 8656,105 8610,796 S 5350,7256 7104,724 8579,368 7280,2144 7329,692 4700,3667
1,8220004 B 2439,8333 6783,0854 8424,688 6684,81 8656,105 8610,796 S 5350,7256 7104,724 8579,368 7280,2144 7329,692 4700,3667
1,8226715 B 2439,8333 6783,0854 8424,688 6684,81 8656,105 8610,796 S 5350,7256 7104,724 8579,368 7280,2144 7329,692 4700,3667
1,823 B 2439,8333 6783,0854 8424,688 6684,81 8656,105 8610,796 S 5350,7256 7104,724 8579,368 7280,2144 7329,692 4700,3667
1,823129 B 2439,8333 6783,0854 8424,688 6684,81 8656,105 8610,796 S 5350,7256 7104,724 8579,368 7280,2144 7329,692 4700,3667
1,8240005 B 2439,8333 6783,0854 8424,688 6684,81 8656,105 8610,796 S 5350,7256 7104,724 8579,368 7280,2144 7329,692 4700,3667
1,8239995 B 2439,8333 6783,0854 8424,688 6684,81 8656,105 8610,796 S 5350,7256 7104,724 8579,368 7280,2144 7329,692 4700,3667
1,824 B 2439,8333 6783,0854 8424,688 6684,81 8656,105 8610,796 S 5350,7256 7104,724 8579,368 7280,2144 7329,692 4700,3667
1,8244586 B 2439,8333 6783,0854 8424,688 6684,81 8656,105 8610,796 S 5350,7256 7104,724 8579,368 7280,2144 7329,692 4700,3667
1,8253407 B 2439,8333 6783,0854 8424,688 6684,81 8656,105 8610,796 S 5350,7256 7104,724 8579,368 7280,2144 7329,692 4700,3667
1,8260002 B 2439,8333 6783,0854 8424,688 6684,81 8656,105 8610,796 S 5350,7256 7104,724 8579,368 7280,2144 7329,692 4700,3667
1,8260001 B 2439,8333 6783,0854 8424,688 6684,81 8656,105 8610,796 S 5350,7256 7104,724 8579,368 7280,2144 7329,692 4700,3667
1,8259994 B 2439,8333 6783,0854 8424,688 6684,81 8656,105 8610,796 S 5350,7256 7104,724 8579,368 7280,2144 7329,692 4700,3667
1,8260002 B 2439,8333 6783,0854 8424,688 6684,81 8656,105 8610,796 S 5350,7256 7104,724 8579,368 7280,2144 7329,692 4700,3667
1,8264939 B 2439,8333 6783,0854 8424,688 6684,81 8656,105 8610,796 S 5350,7256 7104,724 8579,368 7280,2144 7329,692 4700,3667
1,827 B 2439,8333 6783,0854 8424,688 6684,81 8656,105 8610,796 S 5350,7256 7104,724 8579,368 7280,2144 7329,692 4700,3667
1,8270003 B 2439,8333 6783,0854 8424,688 6684,81 8656,105 8610,796 S 5350,7256 7104,724 8579,368 7280,2144 7329,692 4700,3667
1,8272073 B 2439,8333 6783,0854 8424,688 6684,81 8656,105 8610,796 S 5350,7256 7104,724 8579,368 7280,2144 7329,692 4700,3667
1,8280004 B 2439,8333 6783,0854 8424,688 6684,81 8656,105 8610,796 S 5350,7256 7104,724 8579,368 7280,2144 7329,692 4700,3667
1,8281446 B 2439,8333 6783,0854 8424,688 6684,81 8656,105 8610,796 S 5350,7256 7104,724 8579,368 7280,2144 7329,692 4700,3667
1,8290001 B 2439,8333 6783,0854 8424,688 6684,81 8656,105 8610,796 S 5350,7256 7104,724 8579,368 7280,2144 7329,692 4700,3667
1,829 B 2439,8333 6783,0854 8424,688 6684,81 8656,105 8610,796 S 5350,7256 7104,724 8579,368 7280,2144 7329,692 4700,3667
1,8289999 B 2439,8333 6783,0854 8424,688 6684,81 8656,105 8610,796 S 5350,7256 7104,724 8579,368 7280,2144 7329,692 4700,3667
1,8289999 B 2439,8333 6783,0854 8424,688 6684,81 8656,105 8610,796 S 5350,7256 7104,724 8579,368 7280,2144 7329,692 4700,3667
1,829 B 2439,8333 6783,0854 8424,688 6684,81 8656,105 8610,796 S 5350,7256 7104,724 8579,368 7280,2144 7329,692 4700,3667
1,829 B 2439,8333 6783,0854 8424,688 6684,81 8656,105 8610,796 S 5350,7256 7104,724 8579,368 7280,2144 7329,692 4700,3667
1,8288535 B 2439,8333 6783,0854 8424,688 6684,81 8656,105 8610,796 S 5350,7256 7104,724 8579,368 7280,2144 7329,692 4700,3667
1,8279996 B 2439,8333 6783,0854 8424,688 6684,81 8656,105 8610,796 S 5350,7256 7104,724 8579,368 7280,2144 7329,692 4700,3667
1,8279997 B 2439,8333 6783,0854 8424,688 6684,81 8656,105 8610,796 S 5350,7256 7104,724 8579,368 7280,2144 7329,692 4700,3667
1,827627 B 2439,8333 6783,0854 8424,688 6684,81 8656,105 8610,796 S 5350,7256 7104,724 8579,368 7280,2144 7329,692 4700,3667
1,8262312 B 2439,8333 6783,0854 8424,688 6684,81 8656,105 8610,796 S 5350,7256 7104,724 8579,368 7280,2144 7329,692 4700,3667
1,8253685 B 2439,8333 6783,0854 8424,688 6684,81 8656,105 8610,796 S 5350,7256 7104,724 8579,368 7280,2144 7329,692 4700,3667
1,8249996 B 2439,8333 6783,0854 8424,688 6684,81 8656,105 8610,796 S 5350,7256 7104,724 8579,368 7280,2144 7329,692 4700,3667
1,8244112 B 2439,8333 6783,0854 8424,688 6684,81 8656,105 8610,796 S 5350,7256 7104,724 8579,368 7280,2144 7329,692 4700,3667
1,8240001 B 2439,8333 6783,0854 8424,688 6684,81 8656,105 8610,796 S 5350,7256 7104,724 8579,368 7280,2144 7329,692 4700,3667
1,8240002 B 2439,8333 6783,0854 8424,688 6684,81 8656,105 8610,796 S 5350,7256 7104,724 8579,368 7280,2144 7329,692 4700,3667
1,8239998 B 2439,8333 6783,0854 8424,688 6684,81 8656,105 8610,796 S 5350,7256 7104,724 8579,368 7280,2144 7329,692 4700,3667
1,8234378 B 2439,8333 6783,0854 8424,688 6684,81 8656,105 8610,796 S 5350,7256 7104,724 8579,368 7280,2144 7329,692 4700,3667
1,8230003 B 2439,8333 6783,0854 8424,688 6684,81 8656,105 8610,796 S 5350,7256 7104,724 8579,368 7280,2144 7329,692 4700,3667
1,8223407 B 2439,8333 6783,0854 8424,688 6684,81 8656,105 8610,796 S 5350,7256 7104,724 8579,368 7280,2144 7329,692 4700,3667
1,8220004 B 2439,8333 6783,0854 8424,688 6684,81 8656,105 8610,796 S 5350,7256 7104,724 8579,368 7280,2144 7329,692 4700,3667
1,8220005 B 2439,8333 6783,0854 8424,688 6684,81 8656,105 8610,796 S 5350,7256 7104,724 8579,368 7280,2144 7329,692 4700,3667
1,8219999 B 2439,8333 6783,0854 8424,688 6684,81 8656,105 8610,796 S 5350,7256 7104,724 8579,368 7280,2144 7329,692 4700,3667
