1,7908695
1,7899994 B 9833,817 11353,879 10603,285 4701,23 16863,26 680,3101 S 851,5815 15764,344 13777,06 8710,6 9237,132 167,66005
1,7900007 B 9833,817 11353,879 10603,285 4701,23 16863,26 680,3101 S 851,5815 15764,344 13777,06 8710,6 9237,132 167,66005
1,7899997 B 9833,817 11353,879 10603,285 4701,23 16863,26 680,3101 S 851,5815 15764,344 13777,06 8710,6 9237,132 167,66005
1,7900001 B 9833,817 11353,879 10603,285 4701,23 16863,26 680,3101 S 851,5815 15764,344 13777,06 8710,6 9237,132 167,66005
1,7902664 B 9833,817 11353,879 10603,285 4701,23 16863,26 680,3101 S 851,5815 15764,344 13777,06 8710,6 9237,132 167,66005
1,7910006 B 9833,817 11353,879 10603,285 4701,23 16863,26 680,3101 S 851,5815 15764,344 13777,06 8710,6 9237,132 167,66005
1,7918205 B 9833,817 11353,879 10603,285 4701,23 16863,26 680,3101 S 851,5815 15764,344 13777,06 8710,6 9237,132 167,66005
1,7919999 B 9833,817 11353,879 10603,285 4701,23 16863,26 680,3101 S 851,5815 15764,344 13777,06 8710,6 9237,132 167,66005
1,7920007 B 9833,817 11353,879 10603,285 4701,23 16863,26 680,3101 S 851,5815 15764,344 13777,06 8710,6 9237,132 167,66005
1,792 B 9833,817 11353,879 10603,285 4701,23 16863,26 680,3101 S 851,5815 15764,344 13777,06 8710,6 9237,132 167,66005
1,7920003 B 9833,817 11353,879 10603,285 4701,23 16863,26 680,3101 S 851,5815 15764,344 13777,06 8710,6 9237,132 167,66005
1,7919999 B 9833,817 11353,879 10603,285 4701,23 16863,26 680,3101 S 851,5815 15764,344 13777,06 8710,6 9237,132 167,66005
1,7920003 B 9833,817 11353,879 10603,285 4701,23 16863,26 680,3101 S 851,5815 15764,344 13777,06 8710,6 9237,132 167,66005
1,792 B 9833,817 11353,879 10603,285 4701,23 16863,26 680,3101 S 851,5815 15764,344 13777,06 8710,6 9237,132 167,66005
1,7919999 B 9833,817 11353,879 10603,285 4701,23 16863,26 680,3101 S 851,5815 15764,344 13777,06 8710,6 9237,132 167,66005
1,7919997 B 9833,817 11353,879 10603,285 4701,23 16863,26 680,3101 S 851,5815 15764,344 13777,06 8710,6 9237,132 167,66005
1,7927078 B 9833,817 11353,879 10603,285 4701,23 16863,26 680,3101 S 851,5815 15764,344 13777,06 8710,6 9237,132 167,66005
1,7930003 B 9833,817 11353,879 10603,285 4701,23 16863,26 680,3101 S 851,5815 15764,344 13777,06 8710,6 9237,132 167,66005
1,7929997 B 9833,817 11353,879 10603,285 4701,23 16863,26 680,3101 S 851,5815 15764,344 13777,06 8710,6 9237,132 167,66005
1,7930006 B 9833,817 11353,879 10603,285 4701,23 16863,26 680,3101 S 851,5815 15764,344 13777,06 8710,6 9237,132 167,66005
1,7929999 B 9833,817 11353,879 10603,285 4701,23 16863,26 680,3101 S 851,5815 15764,344 13777,06 8710,6 9237,132 167,66005
1,793 B 9833,817 11353,879 10603,285 4701,23 16863,26 680,3101 S 851,5815 15764,344 13777,06 8710,6 9237,132 167,66005
1,7930006 B 9833,817 11353,879 10603,285 4701,23 16863,26 680,3101 S 851,5815 15764,344 13777,06 8710,6 9237,132 167,66005
1,7930001 B 9833,817 11353,879 10603,285 4701,23 16863,26 680,3101 S 851,5815 15764,344 13777,06 8710,6 9237,132 167,66005
1,7929996 B 9833,817 11353,879 10603,285 4701,23 16863,26 680,3101 S 851,5815 15764,344 13777,06 8710,6 9237,132 167,66005
1,7929996 B 9833,817 11353,879 10603,285 4701,23 16863,26 680,3101 S 851,5815 15764,344 13777,06 8710,6 9237,132 167,66005
1,7929997 B 9833,817 11353,879 10603,285 4701,23 16863,26 680,3101 S 851,5815 15764,344 13777,06 8710,6 9237,132 167,66005
1,793 B 9833,817 11353,879 10603,285 4701,23 16863,26 680,3101 S 851,5815 15764,344 13777,06 8710,6 9237,132 167,66005
1,793 B 9833,817 11353,879 10603,285 4701,23 16863,26 680,3101 S 851,5815 15764,344 13777,06 8710,6 9237,132 167,66005
1,7929996 B 9833,817 11353,879 10603,285 4701,23 16863,26 680,3101 S 851,5815 15764,344 13777,06 8710,6 9237,132 167,66005
1,7937294 B 9833,817 11353,879 10603,285 4701,23 16863,26 680,3101 S 851,5815 15764,344 13777,06 8710,6 9237,132 167,66005
1,7939994 B 9833,817 11353,879 10603,285 4701,23 16863,26 680,3101 S 851,5815 15764,344 13777,06 8710,6 9237,132 167,66005
1,7940001 B 9833,817 11353,879 10603,285 4701,23 16863,26 680,3101 S 851,5815 15764,344 13777,06 8710,6 9237,132 167,66005
1,794 B 9833,817 11353,879 10603,285 4701,23 16863,26 680,3101 S 851,5815 15764,344 13777,06 8710,6 9237,132 167,66005
1,7940004 B 9833,817 11353,879 10603,285 4701,23 16863,26 680,3101 S 851,5815 15764,344 13777,06 8710,6 9237,132 167,66005
1,7939994 B 9833,817 11353,879 10603,285 4701,23 16863,26 680,3101 S 851,5815 15764,344 13777,06 8710,6 9237,132 167,66005
1,7940005 B 9833,817 11353,879 10603,285 4701,23 16863,26 680,3101 S 851,5815 15764,344 13777,06 8710,6 9237,132 167,66005
1,7940003 B 9833,817 11353,879 10603,285 4701,23 16863,26 680,3101 S 851,5815 15764,344 13777,06 8710,6 9237,132 167,66005
1,7940001 B 9833,817 11353,879 10603,285 4701,23 16863,26 680,3101 S 851,5815 15764,344 13777,06 8710,6 9237,132 167,66005
1,794 B 9833,817 11353,879 10603,285 4701,23 16863,26 680,3101 S 851,5815 15764,344 13777,06 8710,6 9237,132 167,66005
1,7939998 B 9833,817 11353,879 10603,285 4701,23 16863,26 680,3101 S 851,5815 15764,344 13777,06 8710,6 9237,132 167,66005
1,7940001 B 9833,817 11353,879 10603,285 4701,23 16863,26 680,3101 S 851,5815 15764,344 13777,06 8710,6 9237,132 167,66005
1,794 B 9833,817 11353,879 10603,285 4701,23 16863,26 680,3101 S 851,5815 15764,344 13777,06 8710,6 9237,132 167,66005
1,7939998 B 9833,817 11353,879 10603,285 4701,23 16863,26 680,3101 S 851,5815 15764,344 13777,06 8710,6 9237,132 167,66005
1,7940004 B 9833,817 11353,879 10603,285 4701,23 16863,26 680,3101 S 851,5815 15764,344 13777,06 8710,6 9237,132 167,66005
1,7931916 B 9833,817 11353,879 10603,285 4701,23 16863,26 680,3101 S 851,5815 15764,344 13777,06 8710,6 9237,132 167,66005
1,7930006 B 9833,817 11353,879 10603,285 4701,23 16863,26 680,3101 S 851,5815 15764,344 13777,06 8710,6 9237,132 167,66005
1,793 B 9833,817 11353,879 10603,285 4701,23 16863,26 680,3101 S 851,5815 15764,344 13777,06 8710,6 9237,132 167,66005
1,7929991 B 9833,817 11353,879 10603,285 4701,23 16863,26 680,3101 S 851,5815 15764,344 13777,06 8710,6 9237,132 167,66005
1,7930003 B 9833,817 11353,879 10603,285 4701,23 16863,26 680,3101 S 851,5815 15764,344 13777,06 8710,6 9237,132 167,66005
1,7929996 B 9833,817 11353,879 10603,285 4701,23 16863,26 680,3101 S 851,5815 15764,344 13777,06 8710,6 9237,132 167,66005
1,793 B 9833,817 11353,879 10603,285 4701,23 16863,26 680,3101 S 851,5815 15764,344 13777,06 8710,6 9237,132 167,66005
1,7930005 B 9833,817 11353,879 10603,285 4701,23 16863,26 680,3101 S 851,5815 15764,344 13777,06 8710,6 9237,132 167,66005
1,7929997 B 9833,817 11353,879 10603,285 4701,23 16863,26 680,3101 S 851,5815 15764,344 13777,06 8710,6 9237,132 167,66005
1,7930009 B 9833,817 11353,879 10603,285 4701,23 16863,26 680,3101 S 851,5815 15764,344 13777,06 8710,6 9237,132 167,66005
1,7929991 B 9833,817 11353,879 10603,285 4701,23 16863,26 680,3101 S 851,5815 15764,344 13777,06 8710,6 9237,132 167,66005
1,7930005 B 9833,817 11353,879 10603,285 4701,23 16863,26 680,3101 S 851,5815 15764,344 13777,06 8710,6 9237,132 167,66005
1,7929994 B 9833,817 11353,879 10603,285 4701,23 16863,26 680,3101 S 851,5815 15764,344 13777,06 8710,6 9237,132 167,66005
1,7930006 B 9833,817 11353,879 10603,285 4701,23 16863,26 680,3101 S 851,5815 15764,344 13777,06 8710,6 9237,132 167,66005
1,7930003 B 9833,817 11353,879 10603,285 4701,23 16863,26 680,3101 S 851,5815 15764,344 13777,06 8710,6 9237,132 167,66005
1,793 B 9833,817 11353,879 10603,285 4701,23 16863,26 680,3101 S 851,5815 15764,344 13777,06 8710,6 9237,132 167,66005
1,7929999 B 9833,817 11353,879 10603,285 4701,23 16863,26 680,3101 S 851,5815 15764,344 13777,06 8710,6 9237,132 167,66005
1,7930006 B 9833,817 11353,879 10603,285 4701,23 16863,26 680,3101 S 851,5815 15764,344 13777,06 8710,6 9237,132 167,66005
1,7930005 B 9833,817 11353,879 10603,285 4701,23 16863,26 680,3101 S 851,5815 15764,344 13777,06 8710,6 9237,132 167,66005
1,7929996 B 9833,817 11353,879 10603,285 4701,23 16863,26 680,3101 S 851,5815 15764,344 13777,06 8710,6 9237,132 167,66005
1,7930001 B 9833,817 11353,879 10603,285 4701,23 16863,26 680,3101 S 851,5815 15764,344 13777,06 8710,6 9237,132 167,66005
1,7929993 B 9833,817 11353,879 10603,285 4701,23 16863,26 680,3101 S 851,5815 15764,344 13777,06 8710,6 9237,132 167,66005
1,7929996 B 9833,817 11353,879 10603,285 4701,23 16863,26 680,3101 S 851,5815 15764,344 13777,06 8710,6 9237,132 167,66005
1,7929995 B 9833,817 11353,879 10603,285 4701,23 16863,26 680,3101 S 851,5815 15764,344 13777,06 8710,6 9237,132 167,66005
1,7929997 B 9833,817 11353,879 10603,285 4701,23 16863,26 680,3101 S 851,5815 15764,344 13777,06 8710,6 9237,132 167,66005
1,7929995 B 9833,817 11353,879 10603,285 4701,23 16863,26 680,3101 S 851,5815 15764,344 13777,06 8710,6 9237,132 167,66005
1,793 B 9833,817 11353,879 10603,285 4701,23 16863,26 680,3101 S 851,5815 15764,344 13777,06 8710,6 9237,132 167,66005
1,793 B 9833,817 11353,879 10603,285 4701,23 16863,26 680,3101 S 851,5815 15764,344 13777,06 8710,6 9237,132 167,66005
1,7930003 B 9833,817 11353,879 10603,285 4701,23 16863,26 680,3101 S 851,5815 15764,344 13777,06 8710,6 9237,132 167,66005
1,793 B 9833,817 11353,879 10603,285 4701,23 16863,26 680,3101 S 851,5815 15764,344 13777,06 8710,6 9237,132 167,66005
1,7930001 B 9833,817 11353,879 10603,285 4701,23 16863,26 680,3101 S 851,5815 15764,344 13777,06 8710,6 9237,132 167,66005
1,7929996 B 9833,817 11353,879 10603,285 4701,23 16863,26 680,3101 S 851,5815 15764,344 13777,06 8710,6 9237,132 167,66005
1,7936791 B 9833,817 11353,879 10603,285 4701,23 16863,26 680,3101 S 851,5815 15764,344 13777,06 8710,6 9237,132 167,66005
1,794 B 9833,817 11353,879 10603,285 4701,23 16863,26 680,3101 S 851,5815 15764,344 13777,06 8710,6 9237,132 167,66005
1,794 B 9833,817 11353,879 10603,285 4701,23 16863,26 680,3101 S 851,5815 15764,344 13777,06 8710,6 9237,132 167,66005
1,7940001 B 9833,817 11353,879 10603,285 4701,23 16863,26 680,3101 S 851,5815 15764,344 13777,06 8710,6 9237,132 167,66005
1,7940001 B 9833,817 11353,879 10603,285 4701,23 16863,26 680,3101 S 851,5815 15764,344 13777,06 8710,6 9237,132 167,66005
1,7940001 B 9833,817 11353,879 10603,285 4701,23 16863,26 680,3101 S 851,5815 15764,344 13777,06 8710,6 9237,132 167,66005
1,7940001 B 9833,817 11353,879 10603,285 4701,23 16863,26 680,3101 S 851,5815 15764,344 13777,06 8710,6 9237,132 167,66005
1,7939996 B 9833,817 11353,879 10603,285 4701,23 16863,26 680,3101 S 851,5815 15764,344 13777,06 8710,6 9237,132 167,66005
1,7940005 B 9833,817 11353,879 10603,285 4701,23 16863,26 680,3101 S 851,5815 15764,344 13777,06 8710,6 9237,132 167,66005
1,7940005 B 9833,817 11353,879 10603,285 4701,23 16863,26 680,3101 S 851,5815 15764,344 13777,06 8710,6 9237,132 167,66005
1,794 B 9833,817 11353,879 10603,285 4701,23 16863,26 680,3101 S 851,5815 15764,344 13777,06 8710,6 9237,132 167,66005
1,7939993 B 9833,817 11353,879 10603,285 4701,23 16863,26 680,3101 S 851,5815 15764,344 13777,06 8710,6 9237,132 167,66005
1,7941918 B 9833,817 11353,879 10603,285 4701,23 16863,26 680,3101 S 851,5815 15764,344 13777,06 8710,6 9237,132 167,66005
1,795 B 9833,817 11353,879 10603,285 4701,23 16863,26 680,3101 S 851,5815 15764,344 13777,06 8710,6 9237,132 167,66005
1,7950004 B 9833,817 11353,879 10603,285 4701,23 16863,26 680,3101 S 851,5815 15764,344 13777,06 8710,6 9237,132 167,66005
1,7949997 B 9833,817 11353,879 10603,285 4701,23 16863,26 680,3101 S 851,5815 15764,344 13777,06 8710,6 9237,132 167,66005
1,7950002 B 9833,817 11353,879 10603,285 4701,23 16863,26 680,3101 S 851,5815 15764,344 13777,06 8710,6 9237,132 167,66005
1,7950006 B 9833,817 11353,879 10603,285 4701,23 16863,26 680,3101 S 851,5815 15764,344 13777,06 8710,6 9237,132 167,66005
1,7950002 B 9833,817 11353,879 10603,285 4701,23 16863,26 680,3101 S 851,5815 15764,344 13777,06 8710,6 9237,132 167,66005
1,7949995 B 9833,817 11353,879 10603,285 4701,23 16863,26 680,3101 S 851,5815 15764,344 13777,06 8710,6 9237,132 167,66005
1,7949995 B 9833,817 11353,879 10603,285 4701,23 16863,26 680,3101 S 851,5815 15764,344 13777,06 8710,6 9237,132 167,66005
1,7950002 B 9833,817 11353,879 10603,285 4701,23 16863,26 680,3101 S 851,5815 15764,344 13777,06 8710,6 9237,132 167,66005
1,7950003 B 9833,817 11353,879 10603,285 4701,23 16863,26 680,3101 S 851,5815 15764,344 13777,06 8710,6 9237,132 167,66005
1,7949992 B 9833,817 11353,879 10603,285 4701,23 16863,26 680,3101 S 851,5815 15764,344 13777,06 8710,6 9237,132 167,66005
1,795 B 9833,817 11353,879 10603,285 4701,23 16863,26 680,3101 S 851,5815 15764,344 13777,06 8710,6 9237,132 167,66005
1,7933117 B 9833,817 11353,879 10603,285 4701,23 16863,26 680,3101 S 851,5815 15764,344 13777,06 8710,6 9237,132 167,66005
1,7929996 B 9833,817 11353,879 10603,285 4701,23 16863,26 680,3101 S 851,5815 15764,344 13777,06 8710,6 9237,132 167,66005
1,7929996 B 9833,817 11353,879 10603,285 4701,23 16863,26 680,3101 S 851,5815 15764,344 13777,06 8710,6 9237,132 167,66005
1,7929999 B 9833,817 11353,879 10603,285 4701,23 16863,26 680,3101 S 851,5815 15764,344 13777,06 8710,6 9237,132 167,66005
1,7930003 B 9833,817 11353,879 10603,285 4701,23 16863,26 680,3101 S 851,5815 15764,344 13777,06 8710,6 9237,132 167,66005
1,7930006 B 9833,817 11353,879 10603,285 4701,23 16863,26 680,3101 S 851,5815 15764,344 13777,06 8710,6 9237,132 167,66005
1,793 B 9833,817 11353,879 10603,285 4701,23 16863,26 680,3101 S 851,5815 15764,344 13777,06 8710,6 9237,132 167,66005
1,7929999 B 9833,817 11353,879 10603,285 4701,23 16863,26 680,3101 S 851,5815 15764,344 13777,06 8710,6 9237,132 167,66005
1,7929999 B 9833,817 11353,879 10603,285 4701,23 16863,26 680,3101 S 851,5815 15764,344 13777,06 8710,6 9237,132 167,66005
1,7930001 B 9833,817 11353,879 10603,285 4701,23 16863,26 680,3101 S 851,5815 15764,344 13777,06 8710,6 9237,132 167,66005
1,793 B 9833,817 11353,879 10603,285 4701,23 16863,26 680,3101 S 851,5815 15764,344 13777,06 8710,6 9237,132 167,66005
1,793 B 9833,817 11353,879 10603,285 4701,23 16863,26 680,3101 S 851,5815 15764,344 13777,06 8710,6 9237,132 167,66005
1,7930001 B 9833,817 11353,879 10603,285 4701,23 16863,26 680,3101 S 851,5815 15764,344 13777,06 8710,6 9237,132 167,66005
1,7929999 B 9833,817 11353,879 10603,285 4701,23 16863,26 680,3101 S 851,5815 15764,344 13777,06 8710,6 9237,132 167,66005
1,7930003 B 9833,817 11353,879 10603,285 4701,23 16863,26 680,3101 S 851,5815 15764,344 13777,06 8710,6 9237,132 167,66005
1,7930003 B 9833,817 11353,879 10603,285 4701,23 16863,26 680,3101 S 851,5815 15764,344 13777,06 8710,6 9237,132 167,66005
1,7929996 B 9833,817 11353,879 10603,285 4701,23 16863,26 680,3101 S 851,5815 15764,344 13777,06 8710,6 9237,132 167,66005
1,7929995 B 9833,817 11353,879 10603,285 4701,23 16863,26 680,3101 S 851,5815 15764,344 13777,06 8710,6 9237,132 167,66005
1,7929996 B 9833,817 11353,879 10603,285 4701,23 16863,26 680,3101 S 851,5815 15764,344 13777,06 8710,6 9237,132 167,66005
1,7907414 B 9833,817 11353,879 10603,285 4701,23 16863,26 680,3101 S 851,5815 15764,344 13777,06 8710,6 9237,132 167,66005
1,7900002 B 9833,817 11353,879 10603,285 4701,23 16863,26 680,3101 S 851,5815 15764,344 13777,06 8710,6 9237,132 167,66005
1,7900002 B 9833,817 11353,879 10603,285 4701,23 16863,26 680,3101 S 851,5815 15764,344 13777,06 8710,6 9237,132 167,66005
1,7900002 B 9833,817 11353,879 10603,285 4701,23 16863,26 680,3101 S 851,5815 15764,344 13777,06 8710,6 9237,132 167,66005
1,7899996 B 9833,817 11353,879 10603,285 4701,23 16863,26 680,3101 S 851,5815 15764,344 13777,06 8710,6 9237,132 167,66005
1,7899997 B 9833,817 11353,879 10603,285 4701,23 16863,26 680,3101 S 851,5815 15764,344 13777,06 8710,6 9237,132 167,66005
1,7900003 B 9833,817 11353,879 10603,285 4701,23 16863,26 680,3101 S 851,5815 15764,344 13777,06 8710,6 9237,132 167,66005
1,7900001 B 9833,817 11353,879 10603,285 4701,23 16863,26 680,3101 S 851,5815 15764,344 13777,06 8710,6 9237,132 167,66005
1,7899997 B 9833,817 11353,879 10603,285 4701,23 16863,26 680,3101 S 851,5815 15764,344 13777,06 8710,6 9237,132 167,66005
1,7899997 B 9833,817 11353,879 10603,285 4701,23 16863,26 680,3101 S 851,5815 15764,344 13777,06 8710,6 9237,132 167,66005
1,7900001 B 9833,817 11353,879 10603,285 4701,23 16863,26 680,3101 S 851,5815 15764,344 13777,06 8710,6 9237,132 167,66005
1,7899997 B 9833,817 11353,879 10603,285 4701,23 16863,26 680,3101 S 851,5815 15764,344 13777,06 8710,6 9237,132 167,66005
1,7899995 B 9833,817 11353,879 10603,285 4701,23 16863,26 680,3101 S 851,5815 15764,344 13777,06 8710,6 9237,132 167,66005
1,7899998 B 9833,817 11353,879 10603,285 4701,23 16863,26 680,3101 S 851,5815 15764,344 13777,06 8710,6 9237,132 167,66005
1,7900001 B 9833,817 11353,879 10603,285 4701,23 16863,26 680,3101 S 851,5815 15764,344 13777,06 8710,6 9237,132 167,66005
1,7900001 B 9833,817 11353,879 10603,285 4701,23 16863,26 680,3101 S 851,5815 15764,344 13777,06 8710,6 9237,132 167,66005
1,7899997 B 9833,817 11353,879 10603,285 4701,23 16863,26 680,3101 S 851,5815 15764,344 13777,06 8710,6 9237,132 167,66005
1,7900001 B 9833,817 11353,879 10603,285 4701,23 16863,26 680,3101 S 851,5815 15764,344 13777,06 8710,6 9237,132 167,66005
1,7900001 B 9833,817 11353,879 10603,285 4701,23 16863,26 680,3101 S 851,5815 15764,344 13777,06 8710,6 9237,132 167,66005
1,7900002 B 9833,817 11353,879 10603,285 4701,23 16863,26 680,3101 S 851,5815 15764,344 13777,06 8710,6 9237,132 167,66005
1,7900002 B 9833,817 11353,879 10603,285 4701,23 16863,26 680,3101 S 851,5815 15764,344 13777,06 8710,6 9237,132 167,66005
1,7899997 B 9833,817 11353,879 10603,285 4701,23 16863,26 680,3101 S 851,5815 15764,344 13777,06 8710,6 9237,132 167,66005
1,7900004 B 9833,817 11353,879 10603,285 4701,23 16863,26 680,3101 S 851,5815 15764,344 13777,06 8710,6 9237,132 167,66005
1,7900004 B 9833,817 11353,879 10603,285 4701,23 16863,26 680,3101 S 851,5815 15764,344 13777,06 8710,6 9237,132 167,66005
1,7890402 B 9833,817 11353,879 10603,285 4701,23 16863,26 680,3101 S 851,5815 15764,344 13777,06 8710,6 9237,132 167,66005
1,789 B 9833,817 11353,879 10603,285 4701,23 16863,26 680,3101 S 851,5815 15764,344 13777,06 8710,6 9237,132 167,66005
1,789 B 9833,817 11353,879 10603,285 4701,23 16863,26 680,3101 S 851,5815 15764,344 13777,06 8710,6 9237,132 167,66005
1,7889996 B 9833,817 11353,879 10603,285 4701,23 16863,26 680,3101 S 851,5815 15764,344 13777,06 8710,6 9237,132 167,66005
1,7890002 B 9833,817 11353,879 10603,285 4701,23 16863,26 680,3101 S 851,5815 15764,344 13777,06 8710,6 9237,132 167,66005
1,7889997 B 9833,817 11353,879 10603,285 4701,23 16863,26 680,3101 S 851,5815 15764,344 13777,06 8710,6 9237,132 167,66005
1,7889998 B 9833,817 11353,879 10603,285 4701,23 16863,26 680,3101 S 851,5815 15764,344 13777,06 8710,6 9237,132 167,66005
1,7889998 B 9833,817 11353,879 10603,285 4701,23 16863,26 680,3101 S 851,5815 15764,344 13777,06 8710,6 9237,132 167,66005
1,7890002 B 9833,817 11353,879 10603,285 4701,23 16863,26 680,3101 S 851,5815 15764,344 13777,06 8710,6 9237,132 167,66005
1,7889996 B 9833,817 11353,879 10603,285 4701,23 16863,26 680,3101 S 851,5815 15764,344 13777,06 8710,6 9237,132 167,66005
1,7889998 B 9833,817 11353,879 10603,285 4701,23 16863,26 680,3101 S 851,5815 15764,344 13777,06 8710,6 9237,132 167,66005
1,789 B 9833,817 11353,879 10603,285 4701,23 16863,26 680,3101 S 851,5815 15764,344 13777,06 8710,6 9237,132 167,66005
1,7890002 B 9833,817 11353,879 10603,285 4701,23 16863,26 680,3101 S 851,5815 15764,344 13777,06 8710,6 9237,132 167,66005
1,7889999 B 9833,817 11353,879 10603,285 4701,23 16863,26 680,3101 S 851,5815 15764,344 13777,06 8710,6 9237,132 167,66005
1,7894171 B 9833,817 11353,879 10603,285 4701,23 16863,26 680,3101 S 851,5815 15764,344 13777,06 8710,6 9237,132 167,66005
1,7899997 B 9833,817 11353,879 10603,285 4701,23 16863,26 680,3101 S 851,5815 15764,344 13777,06 8710,6 9237,132 167,66005
1,7891036 B 9833,817 11353,879 10603,285 4701,23 16863,26 680,3101 S 851,5815 15764,344 13777,06 8710,6 9237,132 167,66005
1,7884781 B 9833,817 11353,879 10603,285 4701,23 16863,26 680,3101 S 851,5815 15764,344 13777,06 8710,6 9237,132 167,66005
1,788 B 9833,817 11353,879 10603,285 4701,23 16863,26 680,3101 S 851,5815 15764,344 13777,06 8710,6 9237,132 167,66005
1,788 B 9833,817 11353,879 10603,285 4701,23 16863,26 680,3101 S 851,5815 15764,344 13777,06 8710,6 9237,132 167,66005
1,788 B 9833,817 11353,879 10603,285 4701,23 16863,26 680,3101 S 851,5815 15764,344 13777,06 8710,6 9237,132 167,66005
1,7872394 B 9833,817 11353,879 10603,285 4701,23 16863,26 680,3101 S 851,5815 15764,344 13777,06 8710,6 9237,132 167,66005
1,7869995 B 9833,817 11353,879 10603,285 4701,23 16863,26 680,3101 S 851,5815 15764,344 13777,06 8710,6 9237,132 167,66005
1,7870003 B 9833,817 11353,879 10603,285 4701,23 16863,26 680,3101 S 851,5815 15764,344 13777,06 8710,6 9237,132 167,66005
1,7870001 B 9833,817 11353,879 10603,285 4701,23 16863,26 680,3101 S 851,5815 15764,344 13777,06 8710,6 9237,132 167,66005
1,7870004 B 9833,817 11353,879 10603,285 4701,23 16863,26 680,3101 S 851,5815 15764,344 13777,06 8710,6 9237,132 167,66005
1,7869992 B 9833,817 11353,879 10603,285 4701,23 16863,26 680,3101 S 851,5815 15764,344 13777,06 8710,6 9237,132 167,66005
1,787 B 9833,817 11353,879 10603,285 4701,23 16863,26 680,3101 S 851,5815 15764,344 13777,06 8710,6 9237,132 167,66005
1,7869998 B 9833,817 11353,879 10603,285 4701,23 16863,26 680,3101 S 851,5815 15764,344 13777,06 8710,6 9237,132 167,66005
1,7870005 B 9833,817 11353,879 10603,285 4701,23 16863,26 680,3101 S 851,5815 15764,344 13777,06 8710,6 9237,132 167,66005
1,7869998 B 9833,817 11353,879 10603,285 4701,23 16863,26 680,3101 S 851,5815 15764,344 13777,06 8710,6 9237,132 167,66005
1,7869993 B 9833,817 11353,879 10603,285 4701,23 16863,26 680,3101 S 851,5815 15764,344 13777,06 8710,6 9237,132 167,66005
1,7869996 B 9833,817 11353,879 10603,285 4701,23 16863,26 680,3101 S 851,5815 15764,344 13777,06 8710,6 9237,132 167,66005
1,7869992 B 9833,817 11353,879 10603,285 4701,23 16863,26 680,3101 S 851,5815 15764,344 13777,06 8710,6 9237,132 167,66005
1,7870004 B 9833,817 11353,879 10603,285 4701,23 16863,26 680,3101 S 851,5815 15764,344 13777,06 8710,6 9237,132 167,66005
1,7870001 B 9833,817 11353,879 10603,285 4701,23 16863,26 680,3101 S 851,5815 15764,344 13777,06 8710,6 9237,132 167,66005
1,7875149 B 9833,817 11353,879 10603,285 4701,23 16863,26 680,3101 S 851,5815 15764,344 13777,06 8710,6 9237,132 167,66005
1,7880002 B 9833,817 11353,879 10603,285 4701,23 16863,26 680,3101 S 851,5815 15764,344 13777,06 8710,6 9237,132 167,66005
1,7879999 B 9833,817 11353,879 10603,285 4701,23 16863,26 680,3101 S 851,5815 15764,344 13777,06 8710,6 9237,132 167,66005
1,7879997 B 9833,817 11353,879 10603,285 4701,23 16863,26 680,3101 S 851,5815 15764,344 13777,06 8710,6 9237,132 167,66005
1,7875488 B 9833,817 11353,879 10603,285 4701,23 16863,26 680,3101 S 851,5815 15764,344 13777,06 8710,6 9237,132 167,66005
1,787 B 9833,817 11353,879 10603,285 4701,23 16863,26 680,3101 S 851,5815 15764,344 13777,06 8710,6 9237,132 167,66005
1,7870003 B 9833,817 11353,879 10603,285 4701,23 16863,26 680,3101 S 851,5815 15764,344 13777,06 8710,6 9237,132 167,66005
1,7869998 B 9833,817 11353,879 10603,285 4701,23 16863,26 680,3101 S 851,5815 15764,344 13777,06 8710,6 9237,132 167,66005
1,7870002 B 9833,817 11353,879 10603,285 4701,23 16863,26 680,3101 S 851,5815 15764,344 13777,06 8710,6 9237,132 167,66005
1,7869996 B 9833,817 11353,879 10603,285 4701,23 16863,26 680,3101 S 851,5815 15764,344 13777,06 8710,6 9237,132 167,66005
1,7869996 B 9833,817 11353,879 10603,285 4701,23 16863,26 680,3101 S 851,5815 15764,344 13777,06 8710,6 9237,132 167,66005
1,787 B 9833,817 11353,879 10603,285 4701,23 16863,26 680,3101 S 851,5815 15764,344 13777,06 8710,6 9237,132 167,66005
1,787 B 9833,817 11353,879 10603,285 4701,23 16863,26 680,3101 S 851,5815 15764,344 13777,06 8710,6 9237,132 167,66005
1,7870004 B 9833,817 11353,879 10603,285 4701,23 16863,26 680,3101 S 851,5815 15764,344 13777,06 8710,6 9237,132 167,66005
1,7880557 B 9833,817 11353,879 10603,285 4701,23 16863,26 680,3101 S 851,5815 15764,344 13777,06 8710,6 9237,132 167,66005
1,7880005 B 9833,817 11353,879 10603,285 4701,23 16863,26 680,3101 S 851,5815 15764,344 13777,06 8710,6 9237,132 167,66005
1,7879997 B 9833,817 11353,879 10603,285 4701,23 16863,26 680,3101 S 851,5815 15764,344 13777,06 8710,6 9237,132 167,66005
1,7880003 B 9833,817 11353,879 10603,285 4701,23 16863,26 680,3101 S 851,5815 15764,344 13777,06 8710,6 9237,132 167,66005
1,7880003 B 9833,817 11353,879 10603,285 4701,23 16863,26 680,3101 S 851,5815 15764,344 13777,06 8710,6 9237,132 167,66005
1,7880001 B 9833,817 11353,879 10603,285 4701,23 16863,26 680,3101 S 851,5815 15764,344 13777,06 8710,6 9237,132 167,66005
1,7880003 B 9833,817 11353,879 10603,285 4701,23 16863,26 680,3101 S 851,5815 15764,344 13777,06 8710,6 9237,132 167,66005
1,7880001 B 9833,817 11353,879 10603,285 4701,23 16863,26 680,3101 S 851,5815 15764,344 13777,06 8710,6 9237,132 167,66005
1,7880005 B 9833,817 11353,879 10603,285 4701,23 16863,26 680,3101 S 851,5815 15764,344 13777,06 8710,6 9237,132 167,66005
1,788905 B 9833,817 11353,879 10603,285 4701,23 16863,26 680,3101 S 851,5815 15764,344 13777,06 8710,6 9237,132 167,66005
1,7889998 B 9833,817 11353,879 10603,285 4701,23 16863,26 680,3101 S 851,5815 15764,344 13777,06 8710,6 9237,132 167,66005
1,7890003 B 9833,817 11353,879 10603,285 4701,23 16863,26 680,3101 S 851,5815 15764,344 13777,06 8710,6 9237,132 167,66005
1,7889998 B 9833,817 11353,879 10603,285 4701,23 16863,26 680,3101 S 851,5815 15764,344 13777,06 8710,6 9237,132 167,66005
1,7890002 B 9833,817 11353,879 10603,285 4701,23 16863,26 680,3101 S 851,5815 15764,344 13777,06 8710,6 9237,132 167,66005
1,789 B 9833,817 11353,879 10603,285 4701,23 16863,26 680,3101 S 851,5815 15764,344 13777,06 8710,6 9237,132 167,66005
1,789 B 9833,817 11353,879 10603,285 4701,23 16863,26 680,3101 S 851,5815 15764,344 13777,06 8710,6 9237,132 167,66005
1,7890003 B 9833,817 11353,879 10603,285 4701,23 16863,26 680,3101 S 851,5815 15764,344 13777,06 8710,6 9237,132 167,66005
1,7889999 B 9833,817 11353,879 10603,285 4701,23 16863,26 680,3101 S 851,5815 15764,344 13777,06 8710,6 9237,132 167,66005
1,789 B 9833,817 11353,879 10603,285 4701,23 16863,26 680,3101 S 851,5815 15764,344 13777,06 8710,6 9237,132 167,66005
1,7889997 B 9833,817 11353,879 10603,285 4701,23 16863,26 680,3101 S 851,5815 15764,344 13777,06 8710,6 9237,132 167,66005
1,7889999 B 9833,817 11353,879 10603,285 4701,23 16863,26 680,3101 S 851,5815 15764,344 13777,06 8710,6 9237,132 167,66005
1,7890002 B 9833,817 11353,879 10603,285 4701,23 16863,26 680,3101 S 851,5815 15764,344 13777,06 8710,6 9237,132 167,66005
1,7889996 B 9833,817 11353,879 10603,285 4701,23 16863,26 680,3101 S 851,5815 15764,344 13777,06 8710,6 9237,132 167,66005
1,7889996 B 9833,817 11353,879 10603,285 4701,23 16863,26 680,3101 S 851,5815 15764,344 13777,06 8710,6 9237,132 167,66005
1,7890007 B 9833,817 11353,879 10603,285 4701,23 16863,26 680,3101 S 851,5815 15764,344 13777,06 8710,6 9237,132 167,66005
1,7883255 B 9833,817 11353,879 10603,285 4701,23 16863,26 680,3101 S 851,5815 15764,344 13777,06 8710,6 9237,132 167,66005
1,7880001 B 9833,817 11353,879 10603,285 4701,23 16863,26 680,3101 S 851,5815 15764,344 13777,06 8710,6 9237,132 167,66005
1,7880002 B 9833,817 11353,879 10603,285 4701,23 16863,26 680,3101 S 851,5815 15764,344 13777,06 8710,6 9237,132 167,66005
1,7880002 B 9833,817 11353,879 10603,285 4701,23 16863,26 680,3101 S 851,5815 15764,344 13777,06 8710,6 9237,132 167,66005
1,7880001 B 9833,817 11353,879 10603,285 4701,23 16863,26 680,3101 S 851,5815 15764,344 13777,06 8710,6 9237,132 167,66005
1,7879999 B 9833,817 11353,879 10603,285 4701,23 16863,26 680,3101 S 851,5815 15764,344 13777,06 8710,6 9237,132 167,66005
1,7880002 B 9833,817 11353,879 10603,285 4701,23 16863,26 680,3101 S 851,5815 15764,344 13777,06 8710,6 9237,132 167,66005
1,7879999 B 9833,817 11353,879 10603,285 4701,23 16863,26 680,3101 S 851,5815 15764,344 13777,06 8710,6 9237,132 167,66005
1,7880001 B 9833,817 11353,879 10603,285 4701,23 16863,26 680,3101 S 851,5815 15764,344 13777,06 8710,6 9237,132 167,66005
1,7879999 B 9833,817 11353,879 10603,285 4701,23 16863,26 680,3101 S 851,5815 15764,344 13777,06 8710,6 9237,132 167,66005
1,7880001 B 9833,817 11353,879 10603,285 4701,23 16863,26 680,3101 S 851,5815 15764,344 13777,06 8710,6 9237,132 167,66005
1,7880002 B 9833,817 11353,879 10603,285 4701,23 16863,26 680,3101 S 851,5815 15764,344 13777,06 8710,6 9237,132 167,66005
1,7880001 B 9833,817 11353,879 10603,285 4701,23 16863,26 680,3101 S 851,5815 15764,344 13777,06 8710,6 9237,132 167,66005
1,7879995 B 9833,817 11353,879 10603,285 4701,23 16863,26 680,3101 S 851,5815 15764,344 13777,06 8710,6 9237,132 167,66005
1,788 B 9833,817 11353,879 10603,285 4701,23 16863,26 680,3101 S 851,5815 15764,344 13777,06 8710,6 9237,132 167,66005
1,7880006 B 9833,817 11353,879 10603,285 4701,23 16863,26 680,3101 S 851,5815 15764,344 13777,06 8710,6 9237,132 167,66005
1,7880002 B 9833,817 11353,879 10603,285 4701,23 16863,26 680,3101 S 851,5815 15764,344 13777,06 8710,6 9237,132 167,66005
1,7880001 B 9833,817 11353,879 10603,285 4701,23 16863,26 680,3101 S 851,5815 15764,344 13777,06 8710,6 9237,132 167,66005
1,7879997 B 9833,817 11353,879 10603,285 4701,23 16863,26 680,3101 S 851,5815 15764,344 13777,06 8710,6 9237,132 167,66005
1,7880002 B 9833,817 11353,879 10603,285 4701,23 16863,26 680,3101 S 851,5815 15764,344 13777,06 8710,6 9237,132 167,66005
