1,7810776
1,7899996 B 1283,6627 10274,356 5013,5605 4582,783 1124,4241 18097,094 S 1401,2802 16204,717 6408,211 16783,004 706,3001 523,7502
1,7900006 B 1283,6627 10274,356 5013,5605 4582,783 1124,4241 18097,094 S 1401,2802 16204,717 6408,211 16783,004 706,3001 523,7502
1,7899996 B 1283,6627 10274,356 5013,5605 4582,783 1124,4241 18097,094 S 1401,2802 16204,717 6408,211 16783,004 706,3001 523,7502
1,7900002 B 1283,6627 10274,356 5013,5605 4582,783 1124,4241 18097,094 S 1401,2802 16204,717 6408,211 16783,004 706,3001 523,7502
1,7900001 B 1283,6627 10274,356 5013,5605 4582,783 1124,4241 18097,094 S 1401,2802 16204,717 6408,211 16783,004 706,3001 523,7502
1,7900002 B 1283,6627 10274,356 5013,5605 4582,783 1124,4241 18097,094 S 1401,2802 16204,717 6408,211 16783,004 706,3001 523,7502
1,7899995 B 1283,6627 10274,356 5013,5605 4582,783 1124,4241 18097,094 S 1401,2802 16204,717 6408,211 16783,004 706,3001 523,7502
1,7899995 B 1283,6627 10274,356 5013,5605 4582,783 1124,4241 18097,094 S 1401,2802 16204,717 6408,211 16783,004 706,3001 523,7502
1,7900003 B 1283,6627 10274,356 5013,5605 4582,783 1124,4241 18097,094 S 1401,2802 16204,717 6408,211 16783,004 706,3001 523,7502
1,7900001 B 1283,6627 10274,356 5013,5605 4582,783 1124,4241 18097,094 S 1401,2802 16204,717 6408,211 16783,004 706,3001 523,7502
1,7876159 B 1283,6627 10274,356 5013,5605 4582,783 1124,4241 18097,094 S 1401,2802 16204,717 6408,211 16783,004 706,3001 523,7502
1,7830001 B 1283,6627 10274,356 5013,5605 4582,783 1124,4241 18097,094 S 1401,2802 16204,717 6408,211 16783,004 706,3001 523,7502
1,7825016 B 1283,6627 10274,356 5013,5605 4582,783 1124,4241 18097,094 S 1401,2802 16204,717 6408,211 16783,004 706,3001 523,7502
1,7819998 B 1283,6627 10274,356 5013,5605 4582,783 1124,4241 18097,094 S 1401,2802 16204,717 6408,211 16783,004 706,3001 523,7502
1,7819998 B 1283,6627 10274,356 5013,5605 4582,783 1124,4241 18097,094 S 1401,2802 16204,717 6408,211 16783,004 706,3001 523,7502
1,782 B 1283,6627 10274,356 5013,5605 4582,783 1124,4241 18097,094 S 1401,2802 16204,717 6408,211 16783,004 706,3001 523,7502
1,7819998 B 1283,6627 10274,356 5013,5605 4582,783 1124,4241 18097,094 S 1401,2802 16204,717 6408,211 16783,004 706,3001 523,7502
1,7820003 B 1283,6627 10274,356 5013,5605 4582,783 1124,4241 18097,094 S 1401,2802 16204,717 6408,211 16783,004 706,3001 523,7502
1,7820002 B 1283,6627 10274,356 5013,5605 4582,783 1124,4241 18097,094 S 1401,2802 16204,717 6408,211 16783,004 706,3001 523,7502
1,7820004 B 1283,6627 10274,356 5013,5605 4582,783 1124,4241 18097,094 S 1401,2802 16204,717 6408,211 16783,004 706,3001 523,7502
1,7820003 B 1283,6627 10274,356 5013,5605 4582,783 1124,4241 18097,094 S 1401,2802 16204,717 6408,211 16783,004 706,3001 523,7502
1,7820004 B 1283,6627 10274,356 5013,5605 4582,783 1124,4241 18097,094 S 1401,2802 16204,717 6408,211 16783,004 706,3001 523,7502
1,7820001 B 1283,6627 10274,356 5013,5605 4582,783 1124,4241 18097,094 S 1401,2802 16204,717 6408,211 16783,004 706,3001 523,7502
1,7820002 B 1283,6627 10274,356 5013,5605 4582,783 1124,4241 18097,094 S 1401,2802 16204,717 6408,211 16783,004 706,3001 523,7502
1,7819998 B 1283,6627 10274,356 5013,5605 4582,783 1124,4241 18097,094 S 1401,2802 16204,717 6408,211 16783,004 706,3001 523,7502
1,7819998 B 1283,6627 10274,356 5013,5605 4582,783 1124,4241 18097,094 S 1401,2802 16204,717 6408,211 16783,004 706,3001 523,7502
1,7820001 B 1283,6627 10274,356 5013,5605 4582,783 1124,4241 18097,094 S 1401,2802 16204,717 6408,211 16783,004 706,3001 523,7502
1,7820003 B 1283,6627 10274,356 5013,5605 4582,783 1124,4241 18097,094 S 1401,2802 16204,717 6408,211 16783,004 706,3001 523,7502
1,7819997 B 1283,6627 10274,356 5013,5605 4582,783 1124,4241 18097,094 S 1401,2802 16204,717 6408,211 16783,004 706,3001 523,7502
1,7820004 B 1283,6627 10274,356 5013,5605 4582,783 1124,4241 18097,094 S 1401,2802 16204,717 6408,211 16783,004 706,3001 523,7502
1,7819998 B 1283,6627 10274,356 5013,5605 4582,783 1124,4241 18097,094 S 1401,2802 16204,717 6408,211 16783,004 706,3001 523,7502
1,7820003 B 1283,6627 10274,356 5013,5605 4582,783 1124,4241 18097,094 S 1401,2802 16204,717 6408,211 16783,004 706,3001 523,7502
1,7820002 B 1283,6627 10274,356 5013,5605 4582,783 1124,4241 18097,094 S 1401,2802 16204,717 6408,211 16783,004 706,3001 523,7502
1,7820003 B 1283,6627 10274,356 5013,5605 4582,783 1124,4241 18097,094 S 1401,2802 16204,717 6408,211 16783,004 706,3001 523,7502
1,7820002 B 1283,6627 10274,356 5013,5605 4582,783 1124,4241 18097,094 S 1401,2802 16204,717 6408,211 16783,004 706,3001 523,7502
1,7819997 B 1283,6627 10274,356 5013,5605 4582,783 1124,4241 18097,094 S 1401,2802 16204,717 6408,211 16783,004 706,3001 523,7502
1,7820004 B 1283,6627 10274,356 5013,5605 4582,783 1124,4241 18097,094 S 1401,2802 16204,717 6408,211 16783,004 706,3001 523,7502
1,7820007 B 1283,6627 10274,356 5013,5605 4582,783 1124,4241 18097,094 S 1401,2802 16204,717 6408,211 16783,004 706,3001 523,7502
1,782 B 1283,6627 10274,356 5013,5605 4582,783 1124,4241 18097,094 S 1401,2802 16204,717 6408,211 16783,004 706,3001 523,7502
1,7819996 B 1283,6627 10274,356 5013,5605 4582,783 1124,4241 18097,094 S 1401,2802 16204,717 6408,211 16783,004 706,3001 523,7502
1,7829086 B 1283,6627 10274,356 5013,5605 4582,783 1124,4241 18097,094 S 1401,2802 16204,717 6408,211 16783,004 706,3001 523,7502
1,7830007 B 1283,6627 10274,356 5013,5605 4582,783 1124,4241 18097,094 S 1401,2802 16204,717 6408,211 16783,004 706,3001 523,7502
1,7830003 B 1283,6627 10274,356 5013,5605 4582,783 1124,4241 18097,094 S 1401,2802 16204,717 6408,211 16783,004 706,3001 523,7502
1,7830002 B 1283,6627 10274,356 5013,5605 4582,783 1124,4241 18097,094 S 1401,2802 16204,717 6408,211 16783,004 706,3001 523,7502
1,7830005 B 1283,6627 10274,356 5013,5605 4582,783 1124,4241 18097,094 S 1401,2802 16204,717 6408,211 16783,004 706,3001 523,7502
1,7822036 B 1283,6627 10274,356 5013,5605 4582,783 1124,4241 18097,094 S 1401,2802 16204,717 6408,211 16783,004 706,3001 523,7502
1,7820002 B 1283,6627 10274,356 5013,5605 4582,783 1124,4241 18097,094 S 1401,2802 16204,717 6408,211 16783,004 706,3001 523,7502
1,7819998 B 1283,6627 10274,356 5013,5605 4582,783 1124,4241 18097,094 S 1401,2802 16204,717 6408,211 16783,004 706,3001 523,7502
1,7805623 B 1283,6627 10274,356 5013,5605 4582,783 1124,4241 18097,094 S 1401,2802 16204,717 6408,211 16783,004 706,3001 523,7502
1,7800002 B 1283,6627 10274,356 5013,5605 4582,783 1124,4241 18097,094 S 1401,2802 16204,717 6408,211 16783,004 706,3001 523,7502
1,7800004 B 1283,6627 10274,356 5013,5605 4582,783 1124,4241 18097,094 S 1401,2802 16204,717 6408,211 16783,004 706,3001 523,7502
1,7790408 B 1283,6627 10274,356 5013,5605 4582,783 1124,4241 18097,094 S 1401,2802 16204,717 6408,211 16783,004 706,3001 523,7502
1,7790002 B 1283,6627 10274,356 5013,5605 4582,783 1124,4241 18097,094 S 1401,2802 16204,717 6408,211 16783,004 706,3001 523,7502
1,7790006 B 1283,6627 10274,356 5013,5605 4582,783 1124,4241 18097,094 S 1401,2802 16204,717 6408,211 16783,004 706,3001 523,7502
1,779 B 1283,6627 10274,356 5013,5605 4582,783 1124,4241 18097,094 S 1401,2802 16204,717 6408,211 16783,004 706,3001 523,7502
1,7790004 B 1283,6627 10274,356 5013,5605 4582,783 1124,4241 18097,094 S 1401,2802 16204,717 6408,211 16783,004 706,3001 523,7502
1,7789998 B 1283,6627 10274,356 5013,5605 4582,783 1124,4241 18097,094 S 1401,2802 16204,717 6408,211 16783,004 706,3001 523,7502
1,779 B 1283,6627 10274,356 5013,5605 4582,783 1124,4241 18097,094 S 1401,2802 16204,717 6408,211 16783,004 706,3001 523,7502
1,7790004 B 1283,6627 10274,356 5013,5605 4582,783 1124,4241 18097,094 S 1401,2802 16204,717 6408,211 16783,004 706,3001 523,7502
1,7788391 B 1283,6627 10274,356 5013,5605 4582,783 1124,4241 18097,094 S 1401,2802 16204,717 6408,211 16783,004 706,3001 523,7502
1,7770002 B 1283,6627 10274,356 5013,5605 4582,783 1124,4241 18097,094 S 1401,2802 16204,717 6408,211 16783,004 706,3001 523,7502
1,7770001 B 1283,6627 10274,356 5013,5605 4582,783 1124,4241 18097,094 S 1401,2802 16204,717 6408,211 16783,004 706,3001 523,7502
1,7769997 B 1283,6627 10274,356 5013,5605 4582,783 1124,4241 18097,094 S 1401,2802 16204,717 6408,211 16783,004 706,3001 523,7502
1,7796589 B 1283,6627 10274,356 5013,5605 4582,783 1124,4241 18097,094 S 1401,2802 16204,717 6408,211 16783,004 706,3001 523,7502
1,7809994 B 1283,6627 10274,356 5013,5605 4582,783 1124,4241 18097,094 S 1401,2802 16204,717 6408,211 16783,004 706,3001 523,7502
1,7810003 B 1283,6627 10274,356 5013,5605 4582,783 1124,4241 18097,094 S 1401,2802 16204,717 6408,211 16783,004 706,3001 523,7502
1,7806407 B 1283,6627 10274,356 5013,5605 4582,783 1124,4241 18097,094 S 1401,2802 16204,717 6408,211 16783,004 706,3001 523,7502
1,7794613 B 1283,6627 10274,356 5013,5605 4582,783 1124,4241 18097,094 S 1401,2802 16204,717 6408,211 16783,004 706,3001 523,7502
1,7760116 B 1283,6627 10274,356 5013,5605 4582,783 1124,4241 18097,094 S 1401,2802 16204,717 6408,211 16783,004 706,3001 523,7502
1,7764157 B 1283,6627 10274,356 5013,5605 4582,783 1124,4241 18097,094 S 1401,2802 16204,717 6408,211 16783,004 706,3001 523,7502
1,7787586 B 1283,6627 10274,356 5013,5605 4582,783 1124,4241 18097,094 S 1401,2802 16204,717 6408,211 16783,004 706,3001 523,7502
1,7800002 B 1283,6627 10274,356 5013,5605 4582,783 1124,4241 18097,094 S 1401,2802 16204,717 6408,211 16783,004 706,3001 523,7502
1,78 B 1283,6627 10274,356 5013,5605 4582,783 1124,4241 18097,094 S 1401,2802 16204,717 6408,211 16783,004 706,3001 523,7502
1,7807009 B 1283,6627 10274,356 5013,5605 4582,783 1124,4241 18097,094 S 1401,2802 16204,717 6408,211 16783,004 706,3001 523,7502
1,7810001 B 1283,6627 10274,356 5013,5605 4582,783 1124,4241 18097,094 S 1401,2802 16204,717 6408,211 16783,004 706,3001 523,7502
1,780048 B 1283,6627 10274,356 5013,5605 4582,783 1124,4241 18097,094 S 1401,2802 16204,717 6408,211 16783,004 706,3001 523,7502
1,7800002 B 1283,6627 10274,356 5013,5605 4582,783 1124,4241 18097,094 S 1401,2802 16204,717 6408,211 16783,004 706,3001 523,7502
1,7799995 B 1283,6627 10274,356 5013,5605 4582,783 1124,4241 18097,094 S 1401,2802 16204,717 6408,211 16783,004 706,3001 523,7502
1,7795676 B 1283,6627 10274,356 5013,5605 4582,783 1124,4241 18097,094 S 1401,2802 16204,717 6408,211 16783,004 706,3001 523,7502
1,7775267 B 1283,6627 10274,356 5013,5605 4582,783 1124,4241 18097,094 S 1401,2802 16204,717 6408,211 16783,004 706,3001 523,7502
1,7801945 B 1283,6627 10274,356 5013,5605 4582,783 1124,4241 18097,094 S 1401,2802 16204,717 6408,211 16783,004 706,3001 523,7502
1,7810001 B 1283,6627 10274,356 5013,5605 4582,783 1124,4241 18097,094 S 1401,2802 16204,717 6408,211 16783,004 706,3001 523,7502
1,7809999 B 1283,6627 10274,356 5013,5605 4582,783 1124,4241 18097,094 S 1401,2802 16204,717 6408,211 16783,004 706,3001 523,7502
1,7810003 B 1283,6627 10274,356 5013,5605 4582,783 1124,4241 18097,094 S 1401,2802 16204,717 6408,211 16783,004 706,3001 523,7502
1,781 B 1283,6627 10274,356 5013,5605 4582,783 1124,4241 18097,094 S 1401,2802 16204,717 6408,211 16783,004 706,3001 523,7502
1,778275 B 1283,6627 10274,356 5013,5605 4582,783 1124,4241 18097,094 S 1401,2802 16204,717 6408,211 16783,004 706,3001 523,7502
1,7765156 B 1283,6627 10274,356 5013,5605 4582,783 1124,4241 18097,094 S 1401,2802 16204,717 6408,211 16783,004 706,3001 523,7502
1,7738721 B 1283,6627 10274,356 5013,5605 4582,783 1124,4241 18097,094 S 1401,2802 16204,717 6408,211 16783,004 706,3001 523,7502
1,7759215 B 1283,6627 10274,356 5013,5605 4582,783 1124,4241 18097,094 S 1401,2802 16204,717 6408,211 16783,004 706,3001 523,7502
1,7783229 B 1283,6627 10274,356 5013,5605 4582,783 1124,4241 18097,094 S 1401,2802 16204,717 6408,211 16783,004 706,3001 523,7502
1,7800004 B 1283,6627 10274,356 5013,5605 4582,783 1124,4241 18097,094 S 1401,2802 16204,717 6408,211 16783,004 706,3001 523,7502
1,78 B 1283,6627 10274,356 5013,5605 4582,783 1124,4241 18097,094 S 1401,2802 16204,717 6408,211 16783,004 706,3001 523,7502
1,7799999 B 1283,6627 10274,356 5013,5605 4582,783 1124,4241 18097,094 S 1401,2802 16204,717 6408,211 16783,004 706,3001 523,7502
1,7799456 B 1283,6627 10274,356 5013,5605 4582,783 1124,4241 18097,094 S 1401,2802 16204,717 6408,211 16783,004 706,3001 523,7502
1,7791408 B 1283,6627 10274,356 5013,5605 4582,783 1124,4241 18097,094 S 1401,2802 16204,717 6408,211 16783,004 706,3001 523,7502
1,7789997 B 1283,6627 10274,356 5013,5605 4582,783 1124,4241 18097,094 S 1401,2802 16204,717 6408,211 16783,004 706,3001 523,7502
1,7790002 B 1283,6627 10274,356 5013,5605 4582,783 1124,4241 18097,094 S 1401,2802 16204,717 6408,211 16783,004 706,3001 523,7502
1,7789997 B 1283,6627 10274,356 5013,5605 4582,783 1124,4241 18097,094 S 1401,2802 16204,717 6408,211 16783,004 706,3001 523,7502
1,7790248 B 1283,6627 10274,356 5013,5605 4582,783 1124,4241 18097,094 S 1401,2802 16204,717 6408,211 16783,004 706,3001 523,7502
1,7810247 B 1283,6627 10274,356 5013,5605 4582,783 1124,4241 18097,094 S 1401,2802 16204,717 6408,211 16783,004 706,3001 523,7502
1,7820002 B 1283,6627 10274,356 5013,5605 4582,783 1124,4241 18097,094 S 1401,2802 16204,717 6408,211 16783,004 706,3001 523,7502
1,7819995 B 1283,6627 10274,356 5013,5605 4582,783 1124,4241 18097,094 S 1401,2802 16204,717 6408,211 16783,004 706,3001 523,7502
1,7819998 B 1283,6627 10274,356 5013,5605 4582,783 1124,4241 18097,094 S 1401,2802 16204,717 6408,211 16783,004 706,3001 523,7502
1,7819997 B 1283,6627 10274,356 5013,5605 4582,783 1124,4241 18097,094 S 1401,2802 16204,717 6408,211 16783,004 706,3001 523,7502
1,7819992 B 1283,6627 10274,356 5013,5605 4582,783 1124,4241 18097,094 S 1401,2802 16204,717 6408,211 16783,004 706,3001 523,7502
1,7822258 B 1283,6627 10274,356 5013,5605 4582,783 1124,4241 18097,094 S 1401,2802 16204,717 6408,211 16783,004 706,3001 523,7502
1,7829996 B 1283,6627 10274,356 5013,5605 4582,783 1124,4241 18097,094 S 1401,2802 16204,717 6408,211 16783,004 706,3001 523,7502
1,7829998 B 1283,6627 10274,356 5013,5605 4582,783 1124,4241 18097,094 S 1401,2802 16204,717 6408,211 16783,004 706,3001 523,7502
1,7839866 B 1283,6627 10274,356 5013,5605 4582,783 1124,4241 18097,094 S 1401,2802 16204,717 6408,211 16783,004 706,3001 523,7502
1,7849997 B 1283,6627 10274,356 5013,5605 4582,783 1124,4241 18097,094 S 1401,2802 16204,717 6408,211 16783,004 706,3001 523,7502
1,7849998 B 1283,6627 10274,356 5013,5605 4582,783 1124,4241 18097,094 S 1401,2802 16204,717 6408,211 16783,004 706,3001 523,7502
1,7850002 B 1283,6627 10274,356 5013,5605 4582,783 1124,4241 18097,094 S 1401,2802 16204,717 6408,211 16783,004 706,3001 523,7502
1,7849998 B 1283,6627 10274,356 5013,5605 4582,783 1124,4241 18097,094 S 1401,2802 16204,717 6408,211 16783,004 706,3001 523,7502
1,7849998 B 1283,6627 10274,356 5013,5605 4582,783 1124,4241 18097,094 S 1401,2802 16204,717 6408,211 16783,004 706,3001 523,7502
1,7844712 B 1283,6627 10274,356 5013,5605 4582,783 1124,4241 18097,094 S 1401,2802 16204,717 6408,211 16783,004 706,3001 523,7502
1,7829998 B 1283,6627 10274,356 5013,5605 4582,783 1124,4241 18097,094 S 1401,2802 16204,717 6408,211 16783,004 706,3001 523,7502
1,7830005 B 1283,6627 10274,356 5013,5605 4582,783 1124,4241 18097,094 S 1401,2802 16204,717 6408,211 16783,004 706,3001 523,7502
1,7830003 B 1283,6627 10274,356 5013,5605 4582,783 1124,4241 18097,094 S 1401,2802 16204,717 6408,211 16783,004 706,3001 523,7502
1,7829998 B 1283,6627 10274,356 5013,5605 4582,783 1124,4241 18097,094 S 1401,2802 16204,717 6408,211 16783,004 706,3001 523,7502
1,7830005 B 1283,6627 10274,356 5013,5605 4582,783 1124,4241 18097,094 S 1401,2802 16204,717 6408,211 16783,004 706,3001 523,7502
1,7829998 B 1283,6627 10274,356 5013,5605 4582,783 1124,4241 18097,094 S 1401,2802 16204,717 6408,211 16783,004 706,3001 523,7502
1,7829999 B 1283,6627 10274,356 5013,5605 4582,783 1124,4241 18097,094 S 1401,2802 16204,717 6408,211 16783,004 706,3001 523,7502
1,7829999 B 1283,6627 10274,356 5013,5605 4582,783 1124,4241 18097,094 S 1401,2802 16204,717 6408,211 16783,004 706,3001 523,7502
1,7829996 B 1283,6627 10274,356 5013,5605 4582,783 1124,4241 18097,094 S 1401,2802 16204,717 6408,211 16783,004 706,3001 523,7502
1,7838595 B 1283,6627 10274,356 5013,5605 4582,783 1124,4241 18097,094 S 1401,2802 16204,717 6408,211 16783,004 706,3001 523,7502
1,784 B 1283,6627 10274,356 5013,5605 4582,783 1124,4241 18097,094 S 1401,2802 16204,717 6408,211 16783,004 706,3001 523,7502
1,7840003 B 1283,6627 10274,356 5013,5605 4582,783 1124,4241 18097,094 S 1401,2802 16204,717 6408,211 16783,004 706,3001 523,7502
1,7840003 B 1283,6627 10274,356 5013,5605 4582,783 1124,4241 18097,094 S 1401,2802 16204,717 6408,211 16783,004 706,3001 523,7502
1,7840004 B 1283,6627 10274,356 5013,5605 4582,783 1124,4241 18097,094 S 1401,2802 16204,717 6408,211 16783,004 706,3001 523,7502
1,7840002 B 1283,6627 10274,356 5013,5605 4582,783 1124,4241 18097,094 S 1401,2802 16204,717 6408,211 16783,004 706,3001 523,7502
1,7840002 B 1283,6627 10274,356 5013,5605 4582,783 1124,4241 18097,094 S 1401,2802 16204,717 6408,211 16783,004 706,3001 523,7502
1,7840004 B 1283,6627 10274,356 5013,5605 4582,783 1124,4241 18097,094 S 1401,2802 16204,717 6408,211 16783,004 706,3001 523,7502
1,7840005 B 1283,6627 10274,356 5013,5605 4582,783 1124,4241 18097,094 S 1401,2802 16204,717 6408,211 16783,004 706,3001 523,7502
1,7840004 B 1283,6627 10274,356 5013,5605 4582,783 1124,4241 18097,094 S 1401,2802 16204,717 6408,211 16783,004 706,3001 523,7502
1,7840003 B 1283,6627 10274,356 5013,5605 4582,783 1124,4241 18097,094 S 1401,2802 16204,717 6408,211 16783,004 706,3001 523,7502
1,7832279 B 1283,6627 10274,356 5013,5605 4582,783 1124,4241 18097,094 S 1401,2802 16204,717 6408,211 16783,004 706,3001 523,7502
1,7824645 B 1283,6627 10274,356 5013,5605 4582,783 1124,4241 18097,094 S 1401,2802 16204,717 6408,211 16783,004 706,3001 523,7502
1,7829998 B 1283,6627 10274,356 5013,5605 4582,783 1124,4241 18097,094 S 1401,2802 16204,717 6408,211 16783,004 706,3001 523,7502
1,7830001 B 1283,6627 10274,356 5013,5605 4582,783 1124,4241 18097,094 S 1401,2802 16204,717 6408,211 16783,004 706,3001 523,7502
1,7829999 B 1283,6627 10274,356 5013,5605 4582,783 1124,4241 18097,094 S 1401,2802 16204,717 6408,211 16783,004 706,3001 523,7502
1,7826878 B 1283,6627 10274,356 5013,5605 4582,783 1124,4241 18097,094 S 1401,2802 16204,717 6408,211 16783,004 706,3001 523,7502
1,7820001 B 1283,6627 10274,356 5013,5605 4582,783 1124,4241 18097,094 S 1401,2802 16204,717 6408,211 16783,004 706,3001 523,7502
1,7819995 B 1283,6627 10274,356 5013,5605 4582,783 1124,4241 18097,094 S 1401,2802 16204,717 6408,211 16783,004 706,3001 523,7502
1,7820001 B 1283,6627 10274,356 5013,5605 4582,783 1124,4241 18097,094 S 1401,2802 16204,717 6408,211 16783,004 706,3001 523,7502
1,782 B 1283,6627 10274,356 5013,5605 4582,783 1124,4241 18097,094 S 1401,2802 16204,717 6408,211 16783,004 706,3001 523,7502
1,7805556 B 1283,6627 10274,356 5013,5605 4582,783 1124,4241 18097,094 S 1401,2802 16204,717 6408,211 16783,004 706,3001 523,7502
1,7780032 B 1283,6627 10274,356 5013,5605 4582,783 1124,4241 18097,094 S 1401,2802 16204,717 6408,211 16783,004 706,3001 523,7502
1,7784439 B 1283,6627 10274,356 5013,5605 4582,783 1124,4241 18097,094 S 1401,2802 16204,717 6408,211 16783,004 706,3001 523,7502
1,7789998 B 1283,6627 10274,356 5013,5605 4582,783 1124,4241 18097,094 S 1401,2802 16204,717 6408,211 16783,004 706,3001 523,7502
1,7780938 B 1283,6627 10274,356 5013,5605 4582,783 1124,4241 18097,094 S 1401,2802 16204,717 6408,211 16783,004 706,3001 523,7502
1,7779995 B 1283,6627 10274,356 5013,5605 4582,783 1124,4241 18097,094 S 1401,2802 16204,717 6408,211 16783,004 706,3001 523,7502
1,778 B 1283,6627 10274,356 5013,5605 4582,783 1124,4241 18097,094 S 1401,2802 16204,717 6408,211 16783,004 706,3001 523,7502
1,7779998 B 1283,6627 10274,356 5013,5605 4582,783 1124,4241 18097,094 S 1401,2802 16204,717 6408,211 16783,004 706,3001 523,7502
1,778 B 1283,6627 10274,356 5013,5605 4582,783 1124,4241 18097,094 S 1401,2802 16204,717 6408,211 16783,004 706,3001 523,7502
1,778 B 1283,6627 10274,356 5013,5605 4582,783 1124,4241 18097,094 S 1401,2802 16204,717 6408,211 16783,004 706,3001 523,7502
1,7779996 B 1283,6627 10274,356 5013,5605 4582,783 1124,4241 18097,094 S 1401,2802 16204,717 6408,211 16783,004 706,3001 523,7502
1,7775997 B 1283,6627 10274,356 5013,5605 4582,783 1124,4241 18097,094 S 1401,2802 16204,717 6408,211 16783,004 706,3001 523,7502
1,7770001 B 1283,6627 10274,356 5013,5605 4582,783 1124,4241 18097,094 S 1401,2802 16204,717 6408,211 16783,004 706,3001 523,7502
1,7778882 B 1283,6627 10274,356 5013,5605 4582,783 1124,4241 18097,094 S 1401,2802 16204,717 6408,211 16783,004 706,3001 523,7502
1,7779998 B 1283,6627 10274,356 5013,5605 4582,783 1124,4241 18097,094 S 1401,2802 16204,717 6408,211 16783,004 706,3001 523,7502
1,7779999 B 1283,6627 10274,356 5013,5605 4582,783 1124,4241 18097,094 S 1401,2802 16204,717 6408,211 16783,004 706,3001 523,7502
1,7779999 B 1283,6627 10274,356 5013,5605 4582,783 1124,4241 18097,094 S 1401,2802 16204,717 6408,211 16783,004 706,3001 523,7502
1,7780002 B 1283,6627 10274,356 5013,5605 4582,783 1124,4241 18097,094 S 1401,2802 16204,717 6408,211 16783,004 706,3001 523,7502
1,7779998 B 1283,6627 10274,356 5013,5605 4582,783 1124,4241 18097,094 S 1401,2802 16204,717 6408,211 16783,004 706,3001 523,7502
1,777607 B 1283,6627 10274,356 5013,5605 4582,783 1124,4241 18097,094 S 1401,2802 16204,717 6408,211 16783,004 706,3001 523,7502
1,7770001 B 1283,6627 10274,356 5013,5605 4582,783 1124,4241 18097,094 S 1401,2802 16204,717 6408,211 16783,004 706,3001 523,7502
1,7770005 B 1283,6627 10274,356 5013,5605 4582,783 1124,4241 18097,094 S 1401,2802 16204,717 6408,211 16783,004 706,3001 523,7502
1,7770005 B 1283,6627 10274,356 5013,5605 4582,783 1124,4241 18097,094 S 1401,2802 16204,717 6408,211 16783,004 706,3001 523,7502
1,7777034 B 1283,6627 10274,356 5013,5605 4582,783 1124,4241 18097,094 S 1401,2802 16204,717 6408,211 16783,004 706,3001 523,7502
1,778 B 1283,6627 10274,356 5013,5605 4582,783 1124,4241 18097,094 S 1401,2802 16204,717 6408,211 16783,004 706,3001 523,7502
1,7779996 B 1283,6627 10274,356 5013,5605 4582,783 1124,4241 18097,094 S 1401,2802 16204,717 6408,211 16783,004 706,3001 523,7502
1,7779669 B 1283,6627 10274,356 5013,5605 4582,783 1124,4241 18097,094 S 1401,2802 16204,717 6408,211 16783,004 706,3001 523,7502
1,776881 B 1283,6627 10274,356 5013,5605 4582,783 1124,4241 18097,094 S 1401,2802 16204,717 6408,211 16783,004 706,3001 523,7502
1,7759995 B 1283,6627 10274,356 5013,5605 4582,783 1124,4241 18097,094 S 1401,2802 16204,717 6408,211 16783,004 706,3001 523,7502
1,7759998 B 1283,6627 10274,356 5013,5605 4582,783 1124,4241 18097,094 S 1401,2802 16204,717 6408,211 16783,004 706,3001 523,7502
1,7759995 B 1283,6627 10274,356 5013,5605 4582,783 1124,4241 18097,094 S 1401,2802 16204,717 6408,211 16783,004 706,3001 523,7502
1,7760004 B 1283,6627 10274,356 5013,5605 4582,783 1124,4241 18097,094 S 1401,2802 16204,717 6408,211 16783,004 706,3001 523,7502
1,7759997 B 1283,6627 10274,356 5013,5605 4582,783 1124,4241 18097,094 S 1401,2802 16204,717 6408,211 16783,004 706,3001 523,7502
1,7759997 B 1283,6627 10274,356 5013,5605 4582,783 1124,4241 18097,094 S 1401,2802 16204,717 6408,211 16783,004 706,3001 523,7502
1,7760003 B 1283,6627 10274,356 5013,5605 4582,783 1124,4241 18097,094 S 1401,2802 16204,717 6408,211 16783,004 706,3001 523,7502
1,7760001 B 1283,6627 10274,356 5013,5605 4582,783 1124,4241 18097,094 S 1401,2802 16204,717 6408,211 16783,004 706,3001 523,7502
1,7759998 B 1283,6627 10274,356 5013,5605 4582,783 1124,4241 18097,094 S 1401,2802 16204,717 6408,211 16783,004 706,3001 523,7502
1,7759998 B 1283,6627 10274,356 5013,5605 4582,783 1124,4241 18097,094 S 1401,2802 16204,717 6408,211 16783,004 706,3001 523,7502
1,7764401 B 1283,6627 10274,356 5013,5605 4582,783 1124,4241 18097,094 S 1401,2802 16204,717 6408,211 16783,004 706,3001 523,7502
1,7780001 B 1283,6627 10274,356 5013,5605 4582,783 1124,4241 18097,094 S 1401,2802 16204,717 6408,211 16783,004 706,3001 523,7502
1,778 B 1283,6627 10274,356 5013,5605 4582,783 1124,4241 18097,094 S 1401,2802 16204,717 6408,211 16783,004 706,3001 523,7502
1,7780001 B 1283,6627 10274,356 5013,5605 4582,783 1124,4241 18097,094 S 1401,2802 16204,717 6408,211 16783,004 706,3001 523,7502
1,7777809 B 1283,6627 10274,356 5013,5605 4582,783 1124,4241 18097,094 S 1401,2802 16204,717 6408,211 16783,004 706,3001 523,7502
1,7769996 B 1283,6627 10274,356 5013,5605 4582,783 1124,4241 18097,094 S 1401,2802 16204,717 6408,211 16783,004 706,3001 523,7502
1,7770003 B 1283,6627 10274,356 5013,5605 4582,783 1124,4241 18097,094 S 1401,2802 16204,717 6408,211 16783,004 706,3001 523,7502
1,7770004 B 1283,6627 10274,356 5013,5605 4582,783 1124,4241 18097,094 S 1401,2802 16204,717 6408,211 16783,004 706,3001 523,7502
1,7780361 B 1283,6627 10274,356 5013,5605 4582,783 1124,4241 18097,094 S 1401,2802 16204,717 6408,211 16783,004 706,3001 523,7502
1,7789994 B 1283,6627 10274,356 5013,5605 4582,783 1124,4241 18097,094 S 1401,2802 16204,717 6408,211 16783,004 706,3001 523,7502
1,7789999 B 1283,6627 10274,356 5013,5605 4582,783 1124,4241 18097,094 S 1401,2802 16204,717 6408,211 16783,004 706,3001 523,7502
1,779 B 1283,6627 10274,356 5013,5605 4582,783 1124,4241 18097,094 S 1401,2802 16204,717 6408,211 16783,004 706,3001 523,7502
1,7789998 B 1283,6627 10274,356 5013,5605 4582,783 1124,4241 18097,094 S 1401,2802 16204,717 6408,211 16783,004 706,3001 523,7502
1,7795904 B 1283,6627 10274,356 5013,5605 4582,783 1124,4241 18097,094 S 1401,2802 16204,717 6408,211 16783,004 706,3001 523,7502
1,78 B 1283,6627 10274,356 5013,5605 4582,783 1124,4241 18097,094 S 1401,2802 16204,717 6408,211 16783,004 706,3001 523,7502
1,7800001 B 1283,6627 10274,356 5013,5605 4582,783 1124,4241 18097,094 S 1401,2802 16204,717 6408,211 16783,004 706,3001 523,7502
1,7800006 B 1283,6627 10274,356 5013,5605 4582,783 1124,4241 18097,094 S 1401,2802 16204,717 6408,211 16783,004 706,3001 523,7502
1,7799995 B 1283,6627 10274,356 5013,5605 4582,783 1124,4241 18097,094 S 1401,2802 16204,717 6408,211 16783,004 706,3001 523,7502
1,7800001 B 1283,6627 10274,356 5013,5605 4582,783 1124,4241 18097,094 S 1401,2802 16204,717 6408,211 16783,004 706,3001 523,7502
1,78 B 1283,6627 10274,356 5013,5605 4582,783 1124,4241 18097,094 S 1401,2802 16204,717 6408,211 16783,004 706,3001 523,7502
1,7800002 B 1283,6627 10274,356 5013,5605 4582,783 1124,4241 18097,094 S 1401,2802 16204,717 6408,211 16783,004 706,3001 523,7502
1,7799999 B 1283,6627 10274,356 5013,5605 4582,783 1124,4241 18097,094 S 1401,2802 16204,717 6408,211 16783,004 706,3001 523,7502
1,7800068 B 1283,6627 10274,356 5013,5605 4582,783 1124,4241 18097,094 S 1401,2802 16204,717 6408,211 16783,004 706,3001 523,7502
1,7810003 B 1283,6627 10274,356 5013,5605 4582,783 1124,4241 18097,094 S 1401,2802 16204,717 6408,211 16783,004 706,3001 523,7502
1,7810004 B 1283,6627 10274,356 5013,5605 4582,783 1124,4241 18097,094 S 1401,2802 16204,717 6408,211 16783,004 706,3001 523,7502
1,7810004 B 1283,6627 10274,356 5013,5605 4582,783 1124,4241 18097,094 S 1401,2802 16204,717 6408,211 16783,004 706,3001 523,7502
1,7818058 B 1283,6627 10274,356 5013,5605 4582,783 1124,4241 18097,094 S 1401,2802 16204,717 6408,211 16783,004 706,3001 523,7502
1,7819998 B 1283,6627 10274,356 5013,5605 4582,783 1124,4241 18097,094 S 1401,2802 16204,717 6408,211 16783,004 706,3001 523,7502
1,7819997 B 1283,6627 10274,356 5013,5605 4582,783 1124,4241 18097,094 S 1401,2802 16204,717 6408,211 16783,004 706,3001 523,7502
1,7820008 B 1283,6627 10274,356 5013,5605 4582,783 1124,4241 18097,094 S 1401,2802 16204,717 6408,211 16783,004 706,3001 523,7502
1,782 B 1283,6627 10274,356 5013,5605 4582,783 1124,4241 18097,094 S 1401,2802 16204,717 6408,211 16783,004 706,3001 523,7502
1,7819997 B 1283,6627 10274,356 5013,5605 4582,783 1124,4241 18097,094 S 1401,2802 16204,717 6408,211 16783,004 706,3001 523,7502
1,7820002 B 1283,6627 10274,356 5013,5605 4582,783 1124,4241 18097,094 S 1401,2802 16204,717 6408,211 16783,004 706,3001 523,7502
1,7820001 B 1283,6627 10274,356 5013,5605 4582,783 1124,4241 18097,094 S 1401,2802 16204,717 6408,211 16783,004 706,3001 523,7502
1,782 B 1283,6627 10274,356 5013,5605 4582,783 1124,4241 18097,094 S 1401,2802 16204,717 6408,211 16783,004 706,3001 523,7502
1,7819997 B 1283,6627 10274,356 5013,5605 4582,783 1124,4241 18097,094 S 1401,2802 16204,717 6408,211 16783,004 706,3001 523,7502
1,782853 B 1283,6627 10274,356 5013,5605 4582,783 1124,4241 18097,094 S 1401,2802 16204,717 6408,211 16783,004 706,3001 523,7502
1,7829999 B 1283,6627 10274,356 5013,5605 4582,783 1124,4241 18097,094 S 1401,2802 16204,717 6408,211 16783,004 706,3001 523,7502
1,7830002 B 1283,6627 10274,356 5013,5605 4582,783 1124,4241 18097,094 S 1401,2802 16204,717 6408,211 16783,004 706,3001 523,7502
1,7830008 B 1283,6627 10274,356 5013,5605 4582,783 1124,4241 18097,094 S 1401,2802 16204,717 6408,211 16783,004 706,3001 523,7502
1,7829998 B 1283,6627 10274,356 5013,5605 4582,783 1124,4241 18097,094 S 1401,2802 16204,717 6408,211 16783,004 706,3001 523,7502
1,7830002 B 1283,6627 10274,356 5013,5605 4582,783 1124,4241 18097,094 S 1401,2802 16204,717 6408,211 16783,004 706,3001 523,7502
1,7829999 B 1283,6627 10274,356 5013,5605 4582,783 1124,4241 18097,094 S 1401,2802 16204,717 6408,211 16783,004 706,3001 523,7502
1,7830007 B 1283,6627 10274,356 5013,5605 4582,783 1124,4241 18097,094 S 1401,2802 16204,717 6408,211 16783,004 706,3001 523,7502
1,7830002 B 1283,6627 10274,356 5013,5605 4582,783 1124,4241 18097,094 S 1401,2802 16204,717 6408,211 16783,004 706,3001 523,7502
1,7830001 B 1283,6627 10274,356 5013,5605 4582,783 1124,4241 18097,094 S 1401,2802 16204,717 6408,211 16783,004 706,3001 523,7502
1,7830002 B 1283,6627 10274,356 5013,5605 4582,783 1124,4241 18097,094 S 1401,2802 16204,717 6408,211 16783,004 706,3001 523,7502
1,7829995 B 1283,6627 10274,356 5013,5605 4582,783 1124,4241 18097,094 S 1401,2802 16204,717 6408,211 16783,004 706,3001 523,7502
1,7837025 B 1283,6627 10274,356 5013,5605 4582,783 1124,4241 18097,094 S 1401,2802 16204,717 6408,211 16783,004 706,3001 523,7502
1,7839999 B 1283,6627 10274,356 5013,5605 4582,783 1124,4241 18097,094 S 1401,2802 16204,717 6408,211 16783,004 706,3001 523,7502
1,7840009 B 1283,6627 10274,356 5013,5605 4582,783 1124,4241 18097,094 S 1401,2802 16204,717 6408,211 16783,004 706,3001 523,7502
1,7840005 B 1283,6627 10274,356 5013,5605 4582,783 1124,4241 18097,094 S 1401,2802 16204,717 6408,211 16783,004 706,3001 523,7502
1,7839122 B 1283,6627 10274,356 5013,5605 4582,783 1124,4241 18097,094 S 1401,2802 16204,717 6408,211 16783,004 706,3001 523,7502
1,7829999 B 1283,6627 10274,356 5013,5605 4582,783 1124,4241 18097,094 S 1401,2802 16204,717 6408,211 16783,004 706,3001 523,7502
1,7829995 B 1283,6627 10274,356 5013,5605 4582,783 1124,4241 18097,094 S 1401,2802 16204,717 6408,211 16783,004 706,3001 523,7502
1,7829994 B 1283,6627 10274,356 5013,5605 4582,783 1124,4241 18097,094 S 1401,2802 16204,717 6408,211 16783,004 706,3001 523,7502
1,7830003 B 1283,6627 10274,356 5013,5605 4582,783 1124,4241 18097,094 S 1401,2802 16204,717 6408,211 16783,004 706,3001 523,7502
