1,9250702
1,9389998 B 982,9794 1215,404 2347,9995 4312,1265 5803,5894 6087,597 S 1072,8962 2228,0322 5658,751 3731,8354 1608,6604 1351,1158
1,9390005 B 982,9794 1215,404 2347,9995 4312,1265 5803,5894 6087,597 S 1072,8962 2228,0322 5658,751 3731,8354 1608,6604 1351,1158
1,9389997 B 982,9794 1215,404 2347,9995 4312,1265 5803,5894 6087,597 S 1072,8962 2228,0322 5658,751 3731,8354 1608,6604 1351,1158
1,9387735 B 982,9794 1215,404 2347,9995 4312,1265 5803,5894 6087,597 S 1072,8962 2228,0322 5658,751 3731,8354 1608,6604 1351,1158
1,9380001 B 982,9794 1215,404 2347,9995 4312,1265 5803,5894 6087,597 S 1072,8962 2228,0322 5658,751 3731,8354 1608,6604 1351,1158
1,9380003 B 982,9794 1215,404 2347,9995 4312,1265 5803,5894 6087,597 S 1072,8962 2228,0322 5658,751 3731,8354 1608,6604 1351,1158
1,938 B 982,9794 1215,404 2347,9995 4312,1265 5803,5894 6087,597 S 1072,8962 2228,0322 5658,751 3731,8354 1608,6604 1351,1158
1,9379997 B 982,9794 1215,404 2347,9995 4312,1265 5803,5894 6087,597 S 1072,8962 2228,0322 5658,751 3731,8354 1608,6604 1351,1158
1,9380001 B 982,9794 1215,404 2347,9995 4312,1265 5803,5894 6087,597 S 1072,8962 2228,0322 5658,751 3731,8354 1608,6604 1351,1158
1,938 B 982,9794 1215,404 2347,9995 4312,1265 5803,5894 6087,597 S 1072,8962 2228,0322 5658,751 3731,8354 1608,6604 1351,1158
1,9380004 B 982,9794 1215,404 2347,9995 4312,1265 5803,5894 6087,597 S 1072,8962 2228,0322 5658,751 3731,8354 1608,6604 1351,1158
1,938 B 982,9794 1215,404 2347,9995 4312,1265 5803,5894 6087,597 S 1072,8962 2228,0322 5658,751 3731,8354 1608,6604 1351,1158
1,9379994 B 982,9794 1215,404 2347,9995 4312,1265 5803,5894 6087,597 S 1072,8962 2228,0322 5658,751 3731,8354 1608,6604 1351,1158
1,9380003 B 982,9794 1215,404 2347,9995 4312,1265 5803,5894 6087,597 S 1072,8962 2228,0322 5658,751 3731,8354 1608,6604 1351,1158
1,9380001 B 982,9794 1215,404 2347,9995 4312,1265 5803,5894 6087,597 S 1072,8962 2228,0322 5658,751 3731,8354 1608,6604 1351,1158
1,9380002 B 982,9794 1215,404 2347,9995 4312,1265 5803,5894 6087,597 S 1072,8962 2228,0322 5658,751 3731,8354 1608,6604 1351,1158
1,9379997 B 982,9794 1215,404 2347,9995 4312,1265 5803,5894 6087,597 S 1072,8962 2228,0322 5658,751 3731,8354 1608,6604 1351,1158
1,9379997 B 982,9794 1215,404 2347,9995 4312,1265 5803,5894 6087,597 S 1072,8962 2228,0322 5658,751 3731,8354 1608,6604 1351,1158
1,938 B 982,9794 1215,404 2347,9995 4312,1265 5803,5894 6087,597 S 1072,8962 2228,0322 5658,751 3731,8354 1608,6604 1351,1158
1,9379996 B 982,9794 1215,404 2347,9995 4312,1265 5803,5894 6087,597 S 1072,8962 2228,0322 5658,751 3731,8354 1608,6604 1351,1158
1,9379998 B 982,9794 1215,404 2347,9995 4312,1265 5803,5894 6087,597 S 1072,8962 2228,0322 5658,751 3731,8354 1608,6604 1351,1158
1,9379996 B 982,9794 1215,404 2347,9995 4312,1265 5803,5894 6087,597 S 1072,8962 2228,0322 5658,751 3731,8354 1608,6604 1351,1158
1,9380003 B 982,9794 1215,404 2347,9995 4312,1265 5803,5894 6087,597 S 1072,8962 2228,0322 5658,751 3731,8354 1608,6604 1351,1158
1,9380002 B 982,9794 1215,404 2347,9995 4312,1265 5803,5894 6087,597 S 1072,8962 2228,0322 5658,751 3731,8354 1608,6604 1351,1158
1,938493 B 982,9794 1215,404 2347,9995 4312,1265 5803,5894 6087,597 S 1072,8962 2228,0322 5658,751 3731,8354 1608,6604 1351,1158
1,9389993 B 982,9794 1215,404 2347,9995 4312,1265 5803,5894 6087,597 S 1072,8962 2228,0322 5658,751 3731,8354 1608,6604 1351,1158
1,9385625 B 982,9794 1215,404 2347,9995 4312,1265 5803,5894 6087,597 S 1072,8962 2228,0322 5658,751 3731,8354 1608,6604 1351,1158
1,9379996 B 982,9794 1215,404 2347,9995 4312,1265 5803,5894 6087,597 S 1072,8962 2228,0322 5658,751 3731,8354 1608,6604 1351,1158
1,9378449 B 982,9794 1215,404 2347,9995 4312,1265 5803,5894 6087,597 S 1072,8962 2228,0322 5658,751 3731,8354 1608,6604 1351,1158
1,9370005 B 982,9794 1215,404 2347,9995 4312,1265 5803,5894 6087,597 S 1072,8962 2228,0322 5658,751 3731,8354 1608,6604 1351,1158
1,9366947 B 982,9794 1215,404 2347,9995 4312,1265 5803,5894 6087,597 S 1072,8962 2228,0322 5658,751 3731,8354 1608,6604 1351,1158
1,9360001 B 982,9794 1215,404 2347,9995 4312,1265 5803,5894 6087,597 S 1072,8962 2228,0322 5658,751 3731,8354 1608,6604 1351,1158
1,9367738 B 982,9794 1215,404 2347,9995 4312,1265 5803,5894 6087,597 S 1072,8962 2228,0322 5658,751 3731,8354 1608,6604 1351,1158
1,9380003 B 982,9794 1215,404 2347,9995 4312,1265 5803,5894 6087,597 S 1072,8962 2228,0322 5658,751 3731,8354 1608,6604 1351,1158
1,938 B 982,9794 1215,404 2347,9995 4312,1265 5803,5894 6087,597 S 1072,8962 2228,0322 5658,751 3731,8354 1608,6604 1351,1158
1,9380004 B 982,9794 1215,404 2347,9995 4312,1265 5803,5894 6087,597 S 1072,8962 2228,0322 5658,751 3731,8354 1608,6604 1351,1158
1,9380001 B 982,9794 1215,404 2347,9995 4312,1265 5803,5894 6087,597 S 1072,8962 2228,0322 5658,751 3731,8354 1608,6604 1351,1158
1,9375757 B 982,9794 1215,404 2347,9995 4312,1265 5803,5894 6087,597 S 1072,8962 2228,0322 5658,751 3731,8354 1608,6604 1351,1158
1,937 B 982,9794 1215,404 2347,9995 4312,1265 5803,5894 6087,597 S 1072,8962 2228,0322 5658,751 3731,8354 1608,6604 1351,1158
1,937001 B 982,9794 1215,404 2347,9995 4312,1265 5803,5894 6087,597 S 1072,8962 2228,0322 5658,751 3731,8354 1608,6604 1351,1158
1,9369998 B 982,9794 1215,404 2347,9995 4312,1265 5803,5894 6087,597 S 1072,8962 2228,0322 5658,751 3731,8354 1608,6604 1351,1158
1,9366953 B 982,9794 1215,404 2347,9995 4312,1265 5803,5894 6087,597 S 1072,8962 2228,0322 5658,751 3731,8354 1608,6604 1351,1158
1,9360001 B 982,9794 1215,404 2347,9995 4312,1265 5803,5894 6087,597 S 1072,8962 2228,0322 5658,751 3731,8354 1608,6604 1351,1158
1,9360003 B 982,9794 1215,404 2347,9995 4312,1265 5803,5894 6087,597 S 1072,8962 2228,0322 5658,751 3731,8354 1608,6604 1351,1158
1,9360003 B 982,9794 1215,404 2347,9995 4312,1265 5803,5894 6087,597 S 1072,8962 2228,0322 5658,751 3731,8354 1608,6604 1351,1158
1,9360006 B 982,9794 1215,404 2347,9995 4312,1265 5803,5894 6087,597 S 1072,8962 2228,0322 5658,751 3731,8354 1608,6604 1351,1158
1,9359998 B 982,9794 1215,404 2347,9995 4312,1265 5803,5894 6087,597 S 1072,8962 2228,0322 5658,751 3731,8354 1608,6604 1351,1158
1,9359994 B 982,9794 1215,404 2347,9995 4312,1265 5803,5894 6087,597 S 1072,8962 2228,0322 5658,751 3731,8354 1608,6604 1351,1158
1,936 B 982,9794 1215,404 2347,9995 4312,1265 5803,5894 6087,597 S 1072,8962 2228,0322 5658,751 3731,8354 1608,6604 1351,1158
1,9360002 B 982,9794 1215,404 2347,9995 4312,1265 5803,5894 6087,597 S 1072,8962 2228,0322 5658,751 3731,8354 1608,6604 1351,1158
1,9360002 B 982,9794 1215,404 2347,9995 4312,1265 5803,5894 6087,597 S 1072,8962 2228,0322 5658,751 3731,8354 1608,6604 1351,1158
1,9359995 B 982,9794 1215,404 2347,9995 4312,1265 5803,5894 6087,597 S 1072,8962 2228,0322 5658,751 3731,8354 1608,6604 1351,1158
1,9360005 B 982,9794 1215,404 2347,9995 4312,1265 5803,5894 6087,597 S 1072,8962 2228,0322 5658,751 3731,8354 1608,6604 1351,1158
1,9359998 B 982,9794 1215,404 2347,9995 4312,1265 5803,5894 6087,597 S 1072,8962 2228,0322 5658,751 3731,8354 1608,6604 1351,1158
1,9359996 B 982,9794 1215,404 2347,9995 4312,1265 5803,5894 6087,597 S 1072,8962 2228,0322 5658,751 3731,8354 1608,6604 1351,1158
1,9360727 B 982,9794 1215,404 2347,9995 4312,1265 5803,5894 6087,597 S 1072,8962 2228,0322 5658,751 3731,8354 1608,6604 1351,1158
1,9369994 B 982,9794 1215,404 2347,9995 4312,1265 5803,5894 6087,597 S 1072,8962 2228,0322 5658,751 3731,8354 1608,6604 1351,1158
1,9370006 B 982,9794 1215,404 2347,9995 4312,1265 5803,5894 6087,597 S 1072,8962 2228,0322 5658,751 3731,8354 1608,6604 1351,1158
1,936672 B 982,9794 1215,404 2347,9995 4312,1265 5803,5894 6087,597 S 1072,8962 2228,0322 5658,751 3731,8354 1608,6604 1351,1158
1,9360003 B 982,9794 1215,404 2347,9995 4312,1265 5803,5894 6087,597 S 1072,8962 2228,0322 5658,751 3731,8354 1608,6604 1351,1158
1,936 B 982,9794 1215,404 2347,9995 4312,1265 5803,5894 6087,597 S 1072,8962 2228,0322 5658,751 3731,8354 1608,6604 1351,1158
1,9360001 B 982,9794 1215,404 2347,9995 4312,1265 5803,5894 6087,597 S 1072,8962 2228,0322 5658,751 3731,8354 1608,6604 1351,1158
1,936 B 982,9794 1215,404 2347,9995 4312,1265 5803,5894 6087,597 S 1072,8962 2228,0322 5658,751 3731,8354 1608,6604 1351,1158
1,9359996 B 982,9794 1215,404 2347,9995 4312,1265 5803,5894 6087,597 S 1072,8962 2228,0322 5658,751 3731,8354 1608,6604 1351,1158
1,9360003 B 982,9794 1215,404 2347,9995 4312,1265 5803,5894 6087,597 S 1072,8962 2228,0322 5658,751 3731,8354 1608,6604 1351,1158
1,9360002 B 982,9794 1215,404 2347,9995 4312,1265 5803,5894 6087,597 S 1072,8962 2228,0322 5658,751 3731,8354 1608,6604 1351,1158
1,936 B 982,9794 1215,404 2347,9995 4312,1265 5803,5894 6087,597 S 1072,8962 2228,0322 5658,751 3731,8354 1608,6604 1351,1158
1,9359995 B 982,9794 1215,404 2347,9995 4312,1265 5803,5894 6087,597 S 1072,8962 2228,0322 5658,751 3731,8354 1608,6604 1351,1158
1,9360002 B 982,9794 1215,404 2347,9995 4312,1265 5803,5894 6087,597 S 1072,8962 2228,0322 5658,751 3731,8354 1608,6604 1351,1158
1,9360003 B 982,9794 1215,404 2347,9995 4312,1265 5803,5894 6087,597 S 1072,8962 2228,0322 5658,751 3731,8354 1608,6604 1351,1158
1,936 B 982,9794 1215,404 2347,9995 4312,1265 5803,5894 6087,597 S 1072,8962 2228,0322 5658,751 3731,8354 1608,6604 1351,1158
1,9360005 B 982,9794 1215,404 2347,9995 4312,1265 5803,5894 6087,597 S 1072,8962 2228,0322 5658,751 3731,8354 1608,6604 1351,1158
1,9359998 B 982,9794 1215,404 2347,9995 4312,1265 5803,5894 6087,597 S 1072,8962 2228,0322 5658,751 3731,8354 1608,6604 1351,1158
1,9360006 B 982,9794 1215,404 2347,9995 4312,1265 5803,5894 6087,597 S 1072,8962 2228,0322 5658,751 3731,8354 1608,6604 1351,1158
1,9360001 B 982,9794 1215,404 2347,9995 4312,1265 5803,5894 6087,597 S 1072,8962 2228,0322 5658,751 3731,8354 1608,6604 1351,1158
1,9360002 B 982,9794 1215,404 2347,9995 4312,1265 5803,5894 6087,597 S 1072,8962 2228,0322 5658,751 3731,8354 1608,6604 1351,1158
1,9350916 B 982,9794 1215,404 2347,9995 4312,1265 5803,5894 6087,597 S 1072,8962 2228,0322 5658,751 3731,8354 1608,6604 1351,1158
1,9330003 B 982,9794 1215,404 2347,9995 4312,1265 5803,5894 6087,597 S 1072,8962 2228,0322 5658,751 3731,8354 1608,6604 1351,1158
1,9330002 B 982,9794 1215,404 2347,9995 4312,1265 5803,5894 6087,597 S 1072,8962 2228,0322 5658,751 3731,8354 1608,6604 1351,1158
1,9334601 B 982,9794 1215,404 2347,9995 4312,1265 5803,5894 6087,597 S 1072,8962 2228,0322 5658,751 3731,8354 1608,6604 1351,1158
1,9349995 B 982,9794 1215,404 2347,9995 4312,1265 5803,5894 6087,597 S 1072,8962 2228,0322 5658,751 3731,8354 1608,6604 1351,1158
1,9349997 B 982,9794 1215,404 2347,9995 4312,1265 5803,5894 6087,597 S 1072,8962 2228,0322 5658,751 3731,8354 1608,6604 1351,1158
1,9349993 B 982,9794 1215,404 2347,9995 4312,1265 5803,5894 6087,597 S 1072,8962 2228,0322 5658,751 3731,8354 1608,6604 1351,1158
1,9349995 B 982,9794 1215,404 2347,9995 4312,1265 5803,5894 6087,597 S 1072,8962 2228,0322 5658,751 3731,8354 1608,6604 1351,1158
1,9349995 B 982,9794 1215,404 2347,9995 4312,1265 5803,5894 6087,597 S 1072,8962 2228,0322 5658,751 3731,8354 1608,6604 1351,1158
1,9349997 B 982,9794 1215,404 2347,9995 4312,1265 5803,5894 6087,597 S 1072,8962 2228,0322 5658,751 3731,8354 1608,6604 1351,1158
1,9349996 B 982,9794 1215,404 2347,9995 4312,1265 5803,5894 6087,597 S 1072,8962 2228,0322 5658,751 3731,8354 1608,6604 1351,1158
1,9349997 B 982,9794 1215,404 2347,9995 4312,1265 5803,5894 6087,597 S 1072,8962 2228,0322 5658,751 3731,8354 1608,6604 1351,1158
1,9349998 B 982,9794 1215,404 2347,9995 4312,1265 5803,5894 6087,597 S 1072,8962 2228,0322 5658,751 3731,8354 1608,6604 1351,1158
1,9349998 B 982,9794 1215,404 2347,9995 4312,1265 5803,5894 6087,597 S 1072,8962 2228,0322 5658,751 3731,8354 1608,6604 1351,1158
1,9341892 B 982,9794 1215,404 2347,9995 4312,1265 5803,5894 6087,597 S 1072,8962 2228,0322 5658,751 3731,8354 1608,6604 1351,1158
1,9339998 B 982,9794 1215,404 2347,9995 4312,1265 5803,5894 6087,597 S 1072,8962 2228,0322 5658,751 3731,8354 1608,6604 1351,1158
1,9340005 B 982,9794 1215,404 2347,9995 4312,1265 5803,5894 6087,597 S 1072,8962 2228,0322 5658,751 3731,8354 1608,6604 1351,1158
1,9349809 B 982,9794 1215,404 2347,9995 4312,1265 5803,5894 6087,597 S 1072,8962 2228,0322 5658,751 3731,8354 1608,6604 1351,1158
1,9349996 B 982,9794 1215,404 2347,9995 4312,1265 5803,5894 6087,597 S 1072,8962 2228,0322 5658,751 3731,8354 1608,6604 1351,1158
1,9353918 B 982,9794 1215,404 2347,9995 4312,1265 5803,5894 6087,597 S 1072,8962 2228,0322 5658,751 3731,8354 1608,6604 1351,1158
1,9359996 B 982,9794 1215,404 2347,9995 4312,1265 5803,5894 6087,597 S 1072,8962 2228,0322 5658,751 3731,8354 1608,6604 1351,1158
1,9359998 B 982,9794 1215,404 2347,9995 4312,1265 5803,5894 6087,597 S 1072,8962 2228,0322 5658,751 3731,8354 1608,6604 1351,1158
1,9359996 B 982,9794 1215,404 2347,9995 4312,1265 5803,5894 6087,597 S 1072,8962 2228,0322 5658,751 3731,8354 1608,6604 1351,1158
1,936 B 982,9794 1215,404 2347,9995 4312,1265 5803,5894 6087,597 S 1072,8962 2228,0322 5658,751 3731,8354 1608,6604 1351,1158
1,9377358 B 982,9794 1215,404 2347,9995 4312,1265 5803,5894 6087,597 S 1072,8962 2228,0322 5658,751 3731,8354 1608,6604 1351,1158
1,938 B 982,9794 1215,404 2347,9995 4312,1265 5803,5894 6087,597 S 1072,8962 2228,0322 5658,751 3731,8354 1608,6604 1351,1158
1,9380004 B 982,9794 1215,404 2347,9995 4312,1265 5803,5894 6087,597 S 1072,8962 2228,0322 5658,751 3731,8354 1608,6604 1351,1158
1,9379998 B 982,9794 1215,404 2347,9995 4312,1265 5803,5894 6087,597 S 1072,8962 2228,0322 5658,751 3731,8354 1608,6604 1351,1158
1,9379996 B 982,9794 1215,404 2347,9995 4312,1265 5803,5894 6087,597 S 1072,8962 2228,0322 5658,751 3731,8354 1608,6604 1351,1158
1,9380003 B 982,9794 1215,404 2347,9995 4312,1265 5803,5894 6087,597 S 1072,8962 2228,0322 5658,751 3731,8354 1608,6604 1351,1158
1,9379997 B 982,9794 1215,404 2347,9995 4312,1265 5803,5894 6087,597 S 1072,8962 2228,0322 5658,751 3731,8354 1608,6604 1351,1158
1,938 B 982,9794 1215,404 2347,9995 4312,1265 5803,5894 6087,597 S 1072,8962 2228,0322 5658,751 3731,8354 1608,6604 1351,1158
1,9382137 B 982,9794 1215,404 2347,9995 4312,1265 5803,5894 6087,597 S 1072,8962 2228,0322 5658,751 3731,8354 1608,6604 1351,1158
1,9380002 B 982,9794 1215,404 2347,9995 4312,1265 5803,5894 6087,597 S 1072,8962 2228,0322 5658,751 3731,8354 1608,6604 1351,1158
1,9379997 B 982,9794 1215,404 2347,9995 4312,1265 5803,5894 6087,597 S 1072,8962 2228,0322 5658,751 3731,8354 1608,6604 1351,1158
1,9380003 B 982,9794 1215,404 2347,9995 4312,1265 5803,5894 6087,597 S 1072,8962 2228,0322 5658,751 3731,8354 1608,6604 1351,1158
1,9378079 B 982,9794 1215,404 2347,9995 4312,1265 5803,5894 6087,597 S 1072,8962 2228,0322 5658,751 3731,8354 1608,6604 1351,1158
1,9359996 B 982,9794 1215,404 2347,9995 4312,1265 5803,5894 6087,597 S 1072,8962 2228,0322 5658,751 3731,8354 1608,6604 1351,1158
1,9359994 B 982,9794 1215,404 2347,9995 4312,1265 5803,5894 6087,597 S 1072,8962 2228,0322 5658,751 3731,8354 1608,6604 1351,1158
1,936 B 982,9794 1215,404 2347,9995 4312,1265 5803,5894 6087,597 S 1072,8962 2228,0322 5658,751 3731,8354 1608,6604 1351,1158
1,9360001 B 982,9794 1215,404 2347,9995 4312,1265 5803,5894 6087,597 S 1072,8962 2228,0322 5658,751 3731,8354 1608,6604 1351,1158
1,9360001 B 982,9794 1215,404 2347,9995 4312,1265 5803,5894 6087,597 S 1072,8962 2228,0322 5658,751 3731,8354 1608,6604 1351,1158
1,9360002 B 982,9794 1215,404 2347,9995 4312,1265 5803,5894 6087,597 S 1072,8962 2228,0322 5658,751 3731,8354 1608,6604 1351,1158
1,9360001 B 982,9794 1215,404 2347,9995 4312,1265 5803,5894 6087,597 S 1072,8962 2228,0322 5658,751 3731,8354 1608,6604 1351,1158
1,9360001 B 982,9794 1215,404 2347,9995 4312,1265 5803,5894 6087,597 S 1072,8962 2228,0322 5658,751 3731,8354 1608,6604 1351,1158
1,9360002 B 982,9794 1215,404 2347,9995 4312,1265 5803,5894 6087,597 S 1072,8962 2228,0322 5658,751 3731,8354 1608,6604 1351,1158
1,9360001 B 982,9794 1215,404 2347,9995 4312,1265 5803,5894 6087,597 S 1072,8962 2228,0322 5658,751 3731,8354 1608,6604 1351,1158
1,9360002 B 982,9794 1215,404 2347,9995 4312,1265 5803,5894 6087,597 S 1072,8962 2228,0322 5658,751 3731,8354 1608,6604 1351,1158
1,9359998 B 982,9794 1215,404 2347,9995 4312,1265 5803,5894 6087,597 S 1072,8962 2228,0322 5658,751 3731,8354 1608,6604 1351,1158
1,9360003 B 982,9794 1215,404 2347,9995 4312,1265 5803,5894 6087,597 S 1072,8962 2228,0322 5658,751 3731,8354 1608,6604 1351,1158
1,9360001 B 982,9794 1215,404 2347,9995 4312,1265 5803,5894 6087,597 S 1072,8962 2228,0322 5658,751 3731,8354 1608,6604 1351,1158
1,9362904 B 982,9794 1215,404 2347,9995 4312,1265 5803,5894 6087,597 S 1072,8962 2228,0322 5658,751 3731,8354 1608,6604 1351,1158
1,9369998 B 982,9794 1215,404 2347,9995 4312,1265 5803,5894 6087,597 S 1072,8962 2228,0322 5658,751 3731,8354 1608,6604 1351,1158
1,937 B 982,9794 1215,404 2347,9995 4312,1265 5803,5894 6087,597 S 1072,8962 2228,0322 5658,751 3731,8354 1608,6604 1351,1158
1,937 B 982,9794 1215,404 2347,9995 4312,1265 5803,5894 6087,597 S 1072,8962 2228,0322 5658,751 3731,8354 1608,6604 1351,1158
1,9370004 B 982,9794 1215,404 2347,9995 4312,1265 5803,5894 6087,597 S 1072,8962 2228,0322 5658,751 3731,8354 1608,6604 1351,1158
1,9370003 B 982,9794 1215,404 2347,9995 4312,1265 5803,5894 6087,597 S 1072,8962 2228,0322 5658,751 3731,8354 1608,6604 1351,1158
1,9369998 B 982,9794 1215,404 2347,9995 4312,1265 5803,5894 6087,597 S 1072,8962 2228,0322 5658,751 3731,8354 1608,6604 1351,1158
1,9369997 B 982,9794 1215,404 2347,9995 4312,1265 5803,5894 6087,597 S 1072,8962 2228,0322 5658,751 3731,8354 1608,6604 1351,1158
1,9369994 B 982,9794 1215,404 2347,9995 4312,1265 5803,5894 6087,597 S 1072,8962 2228,0322 5658,751 3731,8354 1608,6604 1351,1158
1,9369999 B 982,9794 1215,404 2347,9995 4312,1265 5803,5894 6087,597 S 1072,8962 2228,0322 5658,751 3731,8354 1608,6604 1351,1158
1,9369999 B 982,9794 1215,404 2347,9995 4312,1265 5803,5894 6087,597 S 1072,8962 2228,0322 5658,751 3731,8354 1608,6604 1351,1158
1,9369996 B 982,9794 1215,404 2347,9995 4312,1265 5803,5894 6087,597 S 1072,8962 2228,0322 5658,751 3731,8354 1608,6604 1351,1158
1,9370002 B 982,9794 1215,404 2347,9995 4312,1265 5803,5894 6087,597 S 1072,8962 2228,0322 5658,751 3731,8354 1608,6604 1351,1158
1,9369998 B 982,9794 1215,404 2347,9995 4312,1265 5803,5894 6087,597 S 1072,8962 2228,0322 5658,751 3731,8354 1608,6604 1351,1158
1,9370003 B 982,9794 1215,404 2347,9995 4312,1265 5803,5894 6087,597 S 1072,8962 2228,0322 5658,751 3731,8354 1608,6604 1351,1158
1,9369996 B 982,9794 1215,404 2347,9995 4312,1265 5803,5894 6087,597 S 1072,8962 2228,0322 5658,751 3731,8354 1608,6604 1351,1158
1,9370004 B 982,9794 1215,404 2347,9995 4312,1265 5803,5894 6087,597 S 1072,8962 2228,0322 5658,751 3731,8354 1608,6604 1351,1158
1,937 B 982,9794 1215,404 2347,9995 4312,1265 5803,5894 6087,597 S 1072,8962 2228,0322 5658,751 3731,8354 1608,6604 1351,1158
1,937 B 982,9794 1215,404 2347,9995 4312,1265 5803,5894 6087,597 S 1072,8962 2228,0322 5658,751 3731,8354 1608,6604 1351,1158
1,9370006 B 982,9794 1215,404 2347,9995 4312,1265 5803,5894 6087,597 S 1072,8962 2228,0322 5658,751 3731,8354 1608,6604 1351,1158
1,9370003 B 982,9794 1215,404 2347,9995 4312,1265 5803,5894 6087,597 S 1072,8962 2228,0322 5658,751 3731,8354 1608,6604 1351,1158
1,9369999 B 982,9794 1215,404 2347,9995 4312,1265 5803,5894 6087,597 S 1072,8962 2228,0322 5658,751 3731,8354 1608,6604 1351,1158
1,9369999 B 982,9794 1215,404 2347,9995 4312,1265 5803,5894 6087,597 S 1072,8962 2228,0322 5658,751 3731,8354 1608,6604 1351,1158
1,9370003 B 982,9794 1215,404 2347,9995 4312,1265 5803,5894 6087,597 S 1072,8962 2228,0322 5658,751 3731,8354 1608,6604 1351,1158
1,9370005 B 982,9794 1215,404 2347,9995 4312,1265 5803,5894 6087,597 S 1072,8962 2228,0322 5658,751 3731,8354 1608,6604 1351,1158
1,9370004 B 982,9794 1215,404 2347,9995 4312,1265 5803,5894 6087,597 S 1072,8962 2228,0322 5658,751 3731,8354 1608,6604 1351,1158
1,9369998 B 982,9794 1215,404 2347,9995 4312,1265 5803,5894 6087,597 S 1072,8962 2228,0322 5658,751 3731,8354 1608,6604 1351,1158
1,9369992 B 982,9794 1215,404 2347,9995 4312,1265 5803,5894 6087,597 S 1072,8962 2228,0322 5658,751 3731,8354 1608,6604 1351,1158
1,9370003 B 982,9794 1215,404 2347,9995 4312,1265 5803,5894 6087,597 S 1072,8962 2228,0322 5658,751 3731,8354 1608,6604 1351,1158
1,9370004 B 982,9794 1215,404 2347,9995 4312,1265 5803,5894 6087,597 S 1072,8962 2228,0322 5658,751 3731,8354 1608,6604 1351,1158
1,9370003 B 982,9794 1215,404 2347,9995 4312,1265 5803,5894 6087,597 S 1072,8962 2228,0322 5658,751 3731,8354 1608,6604 1351,1158
1,9370002 B 982,9794 1215,404 2347,9995 4312,1265 5803,5894 6087,597 S 1072,8962 2228,0322 5658,751 3731,8354 1608,6604 1351,1158
1,9353219 B 982,9794 1215,404 2347,9995 4312,1265 5803,5894 6087,597 S 1072,8962 2228,0322 5658,751 3731,8354 1608,6604 1351,1158
1,9350008 B 982,9794 1215,404 2347,9995 4312,1265 5803,5894 6087,597 S 1072,8962 2228,0322 5658,751 3731,8354 1608,6604 1351,1158
1,9359027 B 982,9794 1215,404 2347,9995 4312,1265 5803,5894 6087,597 S 1072,8962 2228,0322 5658,751 3731,8354 1608,6604 1351,1158
1,9360005 B 982,9794 1215,404 2347,9995 4312,1265 5803,5894 6087,597 S 1072,8962 2228,0322 5658,751 3731,8354 1608,6604 1351,1158
1,9351971 B 982,9794 1215,404 2347,9995 4312,1265 5803,5894 6087,597 S 1072,8962 2228,0322 5658,751 3731,8354 1608,6604 1351,1158
1,9349996 B 982,9794 1215,404 2347,9995 4312,1265 5803,5894 6087,597 S 1072,8962 2228,0322 5658,751 3731,8354 1608,6604 1351,1158
1,9349998 B 982,9794 1215,404 2347,9995 4312,1265 5803,5894 6087,597 S 1072,8962 2228,0322 5658,751 3731,8354 1608,6604 1351,1158
1,9349998 B 982,9794 1215,404 2347,9995 4312,1265 5803,5894 6087,597 S 1072,8962 2228,0322 5658,751 3731,8354 1608,6604 1351,1158
1,9349997 B 982,9794 1215,404 2347,9995 4312,1265 5803,5894 6087,597 S 1072,8962 2228,0322 5658,751 3731,8354 1608,6604 1351,1158
1,935 B 982,9794 1215,404 2347,9995 4312,1265 5803,5894 6087,597 S 1072,8962 2228,0322 5658,751 3731,8354 1608,6604 1351,1158
1,935 B 982,9794 1215,404 2347,9995 4312,1265 5803,5894 6087,597 S 1072,8962 2228,0322 5658,751 3731,8354 1608,6604 1351,1158
1,9350001 B 982,9794 1215,404 2347,9995 4312,1265 5803,5894 6087,597 S 1072,8962 2228,0322 5658,751 3731,8354 1608,6604 1351,1158
1,9350005 B 982,9794 1215,404 2347,9995 4312,1265 5803,5894 6087,597 S 1072,8962 2228,0322 5658,751 3731,8354 1608,6604 1351,1158
1,9350005 B 982,9794 1215,404 2347,9995 4312,1265 5803,5894 6087,597 S 1072,8962 2228,0322 5658,751 3731,8354 1608,6604 1351,1158
1,9349997 B 982,9794 1215,404 2347,9995 4312,1265 5803,5894 6087,597 S 1072,8962 2228,0322 5658,751 3731,8354 1608,6604 1351,1158
1,9341507 B 982,9794 1215,404 2347,9995 4312,1265 5803,5894 6087,597 S 1072,8962 2228,0322 5658,751 3731,8354 1608,6604 1351,1158
1,9312202 B 982,9794 1215,404 2347,9995 4312,1265 5803,5894 6087,597 S 1072,8962 2228,0322 5658,751 3731,8354 1608,6604 1351,1158
1,9265518 B 982,9794 1215,404 2347,9995 4312,1265 5803,5894 6087,597 S 1072,8962 2228,0322 5658,751 3731,8354 1608,6604 1351,1158
1,9063194 B 982,9794 1215,404 2347,9995 4312,1265 5803,5894 6087,597 S 1072,8962 2228,0322 5658,751 3731,8354 1608,6604 1351,1158
1,8759444 B 982,9794 1215,404 2347,9995 4312,1265 5803,5894 6087,597 S 1072,8962 2228,0322 5658,751 3731,8354 1608,6604 1351,1158
1,8875368 B 982,9794 1215,404 2347,9995 4312,1265 5803,5894 6087,597 S 1072,8962 2228,0322 5658,751 3731,8354 1608,6604 1351,1158
1,8947129 B 982,9794 1215,404 2347,9995 4312,1265 5803,5894 6087,597 S 1072,8962 2228,0322 5658,751 3731,8354 1608,6604 1351,1158
1,8920299 B 982,9794 1215,404 2347,9995 4312,1265 5803,5894 6087,597 S 1072,8962 2228,0322 5658,751 3731,8354 1608,6604 1351,1158
1,8871795 B 982,9794 1215,404 2347,9995 4312,1265 5803,5894 6087,597 S 1072,8962 2228,0322 5658,751 3731,8354 1608,6604 1351,1158
1,889806 B 982,9794 1215,404 2347,9995 4312,1265 5803,5894 6087,597 S 1072,8962 2228,0322 5658,751 3731,8354 1608,6604 1351,1158
1,8937994 B 982,9794 1215,404 2347,9995 4312,1265 5803,5894 6087,597 S 1072,8962 2228,0322 5658,751 3731,8354 1608,6604 1351,1158
1,8962265 B 982,9794 1215,404 2347,9995 4312,1265 5803,5894 6087,597 S 1072,8962 2228,0322 5658,751 3731,8354 1608,6604 1351,1158
1,8956882 B 982,9794 1215,404 2347,9995 4312,1265 5803,5894 6087,597 S 1072,8962 2228,0322 5658,751 3731,8354 1608,6604 1351,1158
1,8972888 B 982,9794 1215,404 2347,9995 4312,1265 5803,5894 6087,597 S 1072,8962 2228,0322 5658,751 3731,8354 1608,6604 1351,1158
1,8978068 B 982,9794 1215,404 2347,9995 4312,1265 5803,5894 6087,597 S 1072,8962 2228,0322 5658,751 3731,8354 1608,6604 1351,1158
1,8951061 B 982,9794 1215,404 2347,9995 4312,1265 5803,5894 6087,597 S 1072,8962 2228,0322 5658,751 3731,8354 1608,6604 1351,1158
1,8969945 B 982,9794 1215,404 2347,9995 4312,1265 5803,5894 6087,597 S 1072,8962 2228,0322 5658,751 3731,8354 1608,6604 1351,1158
1,8978155 B 982,9794 1215,404 2347,9995 4312,1265 5803,5894 6087,597 S 1072,8962 2228,0322 5658,751 3731,8354 1608,6604 1351,1158
1,8991991 B 982,9794 1215,404 2347,9995 4312,1265 5803,5894 6087,597 S 1072,8962 2228,0322 5658,751 3731,8354 1608,6604 1351,1158
1,8990738 B 982,9794 1215,404 2347,9995 4312,1265 5803,5894 6087,597 S 1072,8962 2228,0322 5658,751 3731,8354 1608,6604 1351,1158
1,8961183 B 982,9794 1215,404 2347,9995 4312,1265 5803,5894 6087,597 S 1072,8962 2228,0322 5658,751 3731,8354 1608,6604 1351,1158
1,8961076 B 982,9794 1215,404 2347,9995 4312,1265 5803,5894 6087,597 S 1072,8962 2228,0322 5658,751 3731,8354 1608,6604 1351,1158
1,8957918 B 982,9794 1215,404 2347,9995 4312,1265 5803,5894 6087,597 S 1072,8962 2228,0322 5658,751 3731,8354 1608,6604 1351,1158
1,8983936 B 982,9794 1215,404 2347,9995 4312,1265 5803,5894 6087,597 S 1072,8962 2228,0322 5658,751 3731,8354 1608,6604 1351,1158
1,903056 B 982,9794 1215,404 2347,9995 4312,1265 5803,5894 6087,597 S 1072,8962 2228,0322 5658,751 3731,8354 1608,6604 1351,1158
1,8998489 B 982,9794 1215,404 2347,9995 4312,1265 5803,5894 6087,597 S 1072,8962 2228,0322 5658,751 3731,8354 1608,6604 1351,1158
1,8977494 B 982,9794 1215,404 2347,9995 4312,1265 5803,5894 6087,597 S 1072,8962 2228,0322 5658,751 3731,8354 1608,6604 1351,1158
1,8974626 B 982,9794 1215,404 2347,9995 4312,1265 5803,5894 6087,597 S 1072,8962 2228,0322 5658,751 3731,8354 1608,6604 1351,1158
1,8958943 B 982,9794 1215,404 2347,9995 4312,1265 5803,5894 6087,597 S 1072,8962 2228,0322 5658,751 3731,8354 1608,6604 1351,1158
1,8950374 B 982,9794 1215,404 2347,9995 4312,1265 5803,5894 6087,597 S 1072,8962 2228,0322 5658,751 3731,8354 1608,6604 1351,1158
1,8966854 B 982,9794 1215,404 2347,9995 4312,1265 5803,5894 6087,597 S 1072,8962 2228,0322 5658,751 3731,8354 1608,6604 1351,1158
1,8958622 B 982,9794 1215,404 2347,9995 4312,1265 5803,5894 6087,597 S 1072,8962 2228,0322 5658,751 3731,8354 1608,6604 1351,1158
1,894802 B 982,9794 1215,404 2347,9995 4312,1265 5803,5894 6087,597 S 1072,8962 2228,0322 5658,751 3731,8354 1608,6604 1351,1158
1,896186 B 982,9794 1215,404 2347,9995 4312,1265 5803,5894 6087,597 S 1072,8962 2228,0322 5658,751 3731,8354 1608,6604 1351,1158
1,8938451 B 982,9794 1215,404 2347,9995 4312,1265 5803,5894 6087,597 S 1072,8962 2228,0322 5658,751 3731,8354 1608,6604 1351,1158
1,8954324 B 982,9794 1215,404 2347,9995 4312,1265 5803,5894 6087,597 S 1072,8962 2228,0322 5658,751 3731,8354 1608,6604 1351,1158
1,8925043 B 982,9794 1215,404 2347,9995 4312,1265 5803,5894 6087,597 S 1072,8962 2228,0322 5658,751 3731,8354 1608,6604 1351,1158
1,8925041 B 982,9794 1215,404 2347,9995 4312,1265 5803,5894 6087,597 S 1072,8962 2228,0322 5658,751 3731,8354 1608,6604 1351,1158
1,896693 B 982,9794 1215,404 2347,9995 4312,1265 5803,5894 6087,597 S 1072,8962 2228,0322 5658,751 3731,8354 1608,6604 1351,1158
1,8976384 B 982,9794 1215,404 2347,9995 4312,1265 5803,5894 6087,597 S 1072,8962 2228,0322 5658,751 3731,8354 1608,6604 1351,1158
1,8969997 B 982,9794 1215,404 2347,9995 4312,1265 5803,5894 6087,597 S 1072,8962 2228,0322 5658,751 3731,8354 1608,6604 1351,1158
1,8969995 B 982,9794 1215,404 2347,9995 4312,1265 5803,5894 6087,597 S 1072,8962 2228,0322 5658,751 3731,8354 1608,6604 1351,1158
1,9004748 B 982,9794 1215,404 2347,9995 4312,1265 5803,5894 6087,597 S 1072,8962 2228,0322 5658,751 3731,8354 1608,6604 1351,1158
1,9009999 B 982,9794 1215,404 2347,9995 4312,1265 5803,5894 6087,597 S 1072,8962 2228,0322 5658,751 3731,8354 1608,6604 1351,1158
1,9005529 B 982,9794 1215,404 2347,9995 4312,1265 5803,5894 6087,597 S 1072,8962 2228,0322 5658,751 3731,8354 1608,6604 1351,1158
1,9001957 B 982,9794 1215,404 2347,9995 4312,1265 5803,5894 6087,597 S 1072,8962 2228,0322 5658,751 3731,8354 1608,6604 1351,1158
1,9010015 B 982,9794 1215,404 2347,9995 4312,1265 5803,5894 6087,597 S 1072,8962 2228,0322 5658,751 3731,8354 1608,6604 1351,1158
1,9001042 B 982,9794 1215,404 2347,9995 4312,1265 5803,5894 6087,597 S 1072,8962 2228,0322 5658,751 3731,8354 1608,6604 1351,1158
1,8979172 B 982,9794 1215,404 2347,9995 4312,1265 5803,5894 6087,597 S 1072,8962 2228,0322 5658,751 3731,8354 1608,6604 1351,1158
1,8967463 B 982,9794 1215,404 2347,9995 4312,1265 5803,5894 6087,597 S 1072,8962 2228,0322 5658,751 3731,8354 1608,6604 1351,1158
1,8955476 B 982,9794 1215,404 2347,9995 4312,1265 5803,5894 6087,597 S 1072,8962 2228,0322 5658,751 3731,8354 1608,6604 1351,1158
1,8939992 B 982,9794 1215,404 2347,9995 4312,1265 5803,5894 6087,597 S 1072,8962 2228,0322 5658,751 3731,8354 1608,6604 1351,1158
1,8947889 B 982,9794 1215,404 2347,9995 4312,1265 5803,5894 6087,597 S 1072,8962 2228,0322 5658,751 3731,8354 1608,6604 1351,1158
1,8900441 B 982,9794 1215,404 2347,9995 4312,1265 5803,5894 6087,597 S 1072,8962 2228,0322 5658,751 3731,8354 1608,6604 1351,1158
1,8851966 B 982,9794 1215,404 2347,9995 4312,1265 5803,5894 6087,597 S 1072,8962 2228,0322 5658,751 3731,8354 1608,6604 1351,1158
1,8850712 B 982,9794 1215,404 2347,9995 4312,1265 5803,5894 6087,597 S 1072,8962 2228,0322 5658,751 3731,8354 1608,6604 1351,1158
1,8869497 B 982,9794 1215,404 2347,9995 4312,1265 5803,5894 6087,597 S 1072,8962 2228,0322 5658,751 3731,8354 1608,6604 1351,1158
1,8852468 B 982,9794 1215,404 2347,9995 4312,1265 5803,5894 6087,597 S 1072,8962 2228,0322 5658,751 3731,8354 1608,6604 1351,1158
1,8673922 B 982,9794 1215,404 2347,9995 4312,1265 5803,5894 6087,597 S 1072,8962 2228,0322 5658,751 3731,8354 1608,6604 1351,1158
1,8716583 B 982,9794 1215,404 2347,9995 4312,1265 5803,5894 6087,597 S 1072,8962 2228,0322 5658,751 3731,8354 1608,6604 1351,1158
1,8788378 B 982,9794 1215,404 2347,9995 4312,1265 5803,5894 6087,597 S 1072,8962 2228,0322 5658,751 3731,8354 1608,6604 1351,1158
1,8849475 B 982,9794 1215,404 2347,9995 4312,1265 5803,5894 6087,597 S 1072,8962 2228,0322 5658,751 3731,8354 1608,6604 1351,1158
1,8808032 B 982,9794 1215,404 2347,9995 4312,1265 5803,5894 6087,597 S 1072,8962 2228,0322 5658,751 3731,8354 1608,6604 1351,1158
1,8796554 B 982,9794 1215,404 2347,9995 4312,1265 5803,5894 6087,597 S 1072,8962 2228,0322 5658,751 3731,8354 1608,6604 1351,1158
1,8813413 B 982,9794 1215,404 2347,9995 4312,1265 5803,5894 6087,597 S 1072,8962 2228,0322 5658,751 3731,8354 1608,6604 1351,1158
1,8780268 B 982,9794 1215,404 2347,9995 4312,1265 5803,5894 6087,597 S 1072,8962 2228,0322 5658,751 3731,8354 1608,6604 1351,1158
