1,8964012
1,895 B 374,60703 19021,76 28510,176 6883,3857 10271,534 8221,245 S 49626,086 33397,883 9926,368 3682,8777 9740,894 5223,284
1,8950003 B 374,60703 19021,76 28510,176 6883,3857 10271,534 8221,245 S 49626,086 33397,883 9926,368 3682,8777 9740,894 5223,284
1,8950001 B 374,60703 19021,76 28510,176 6883,3857 10271,534 8221,245 S 49626,086 33397,883 9926,368 3682,8777 9740,894 5223,284
1,8947698 B 374,60703 19021,76 28510,176 6883,3857 10271,534 8221,245 S 49626,086 33397,883 9926,368 3682,8777 9740,894 5223,284
1,8939993 B 374,60703 19021,76 28510,176 6883,3857 10271,534 8221,245 S 49626,086 33397,883 9926,368 3682,8777 9740,894 5223,284
1,8939995 B 374,60703 19021,76 28510,176 6883,3857 10271,534 8221,245 S 49626,086 33397,883 9926,368 3682,8777 9740,894 5223,284
1,8939991 B 374,60703 19021,76 28510,176 6883,3857 10271,534 8221,245 S 49626,086 33397,883 9926,368 3682,8777 9740,894 5223,284
1,8939987 B 374,60703 19021,76 28510,176 6883,3857 10271,534 8221,245 S 49626,086 33397,883 9926,368 3682,8777 9740,894 5223,284
1,8939991 B 374,60703 19021,76 28510,176 6883,3857 10271,534 8221,245 S 49626,086 33397,883 9926,368 3682,8777 9740,894 5223,284
1,8939993 B 374,60703 19021,76 28510,176 6883,3857 10271,534 8221,245 S 49626,086 33397,883 9926,368 3682,8777 9740,894 5223,284
1,893999 B 374,60703 19021,76 28510,176 6883,3857 10271,534 8221,245 S 49626,086 33397,883 9926,368 3682,8777 9740,894 5223,284
1,8939989 B 374,60703 19021,76 28510,176 6883,3857 10271,534 8221,245 S 49626,086 33397,883 9926,368 3682,8777 9740,894 5223,284
1,894543 B 374,60703 19021,76 28510,176 6883,3857 10271,534 8221,245 S 49626,086 33397,883 9926,368 3682,8777 9740,894 5223,284
1,8950003 B 374,60703 19021,76 28510,176 6883,3857 10271,534 8221,245 S 49626,086 33397,883 9926,368 3682,8777 9740,894 5223,284
1,895 B 374,60703 19021,76 28510,176 6883,3857 10271,534 8221,245 S 49626,086 33397,883 9926,368 3682,8777 9740,894 5223,284
1,895 B 374,60703 19021,76 28510,176 6883,3857 10271,534 8221,245 S 49626,086 33397,883 9926,368 3682,8777 9740,894 5223,284
1,895539 B 374,60703 19021,76 28510,176 6883,3857 10271,534 8221,245 S 49626,086 33397,883 9926,368 3682,8777 9740,894 5223,284
1,8959999 B 374,60703 19021,76 28510,176 6883,3857 10271,534 8221,245 S 49626,086 33397,883 9926,368 3682,8777 9740,894 5223,284
1,8960004 B 374,60703 19021,76 28510,176 6883,3857 10271,534 8221,245 S 49626,086 33397,883 9926,368 3682,8777 9740,894 5223,284
1,8959999 B 374,60703 19021,76 28510,176 6883,3857 10271,534 8221,245 S 49626,086 33397,883 9926,368 3682,8777 9740,894 5223,284
1,8959996 B 374,60703 19021,76 28510,176 6883,3857 10271,534 8221,245 S 49626,086 33397,883 9926,368 3682,8777 9740,894 5223,284
1,896 B 374,60703 19021,76 28510,176 6883,3857 10271,534 8221,245 S 49626,086 33397,883 9926,368 3682,8777 9740,894 5223,284
1,896 B 374,60703 19021,76 28510,176 6883,3857 10271,534 8221,245 S 49626,086 33397,883 9926,368 3682,8777 9740,894 5223,284
1,8959999 B 374,60703 19021,76 28510,176 6883,3857 10271,534 8221,245 S 49626,086 33397,883 9926,368 3682,8777 9740,894 5223,284
1,8960001 B 374,60703 19021,76 28510,176 6883,3857 10271,534 8221,245 S 49626,086 33397,883 9926,368 3682,8777 9740,894 5223,284
1,8960006 B 374,60703 19021,76 28510,176 6883,3857 10271,534 8221,245 S 49626,086 33397,883 9926,368 3682,8777 9740,894 5223,284
1,8960004 B 374,60703 19021,76 28510,176 6883,3857 10271,534 8221,245 S 49626,086 33397,883 9926,368 3682,8777 9740,894 5223,284
1,8953897 B 374,60703 19021,76 28510,176 6883,3857 10271,534 8221,245 S 49626,086 33397,883 9926,368 3682,8777 9740,894 5223,284
1,8949999 B 374,60703 19021,76 28510,176 6883,3857 10271,534 8221,245 S 49626,086 33397,883 9926,368 3682,8777 9740,894 5223,284
1,8950005 B 374,60703 19021,76 28510,176 6883,3857 10271,534 8221,245 S 49626,086 33397,883 9926,368 3682,8777 9740,894 5223,284
1,8949996 B 374,60703 19021,76 28510,176 6883,3857 10271,534 8221,245 S 49626,086 33397,883 9926,368 3682,8777 9740,894 5223,284
1,8950007 B 374,60703 19021,76 28510,176 6883,3857 10271,534 8221,245 S 49626,086 33397,883 9926,368 3682,8777 9740,894 5223,284
1,8950002 B 374,60703 19021,76 28510,176 6883,3857 10271,534 8221,245 S 49626,086 33397,883 9926,368 3682,8777 9740,894 5223,284
1,8950001 B 374,60703 19021,76 28510,176 6883,3857 10271,534 8221,245 S 49626,086 33397,883 9926,368 3682,8777 9740,894 5223,284
1,8949993 B 374,60703 19021,76 28510,176 6883,3857 10271,534 8221,245 S 49626,086 33397,883 9926,368 3682,8777 9740,894 5223,284
1,8949231 B 374,60703 19021,76 28510,176 6883,3857 10271,534 8221,245 S 49626,086 33397,883 9926,368 3682,8777 9740,894 5223,284
1,8939992 B 374,60703 19021,76 28510,176 6883,3857 10271,534 8221,245 S 49626,086 33397,883 9926,368 3682,8777 9740,894 5223,284
1,8939992 B 374,60703 19021,76 28510,176 6883,3857 10271,534 8221,245 S 49626,086 33397,883 9926,368 3682,8777 9740,894 5223,284
1,8939987 B 374,60703 19021,76 28510,176 6883,3857 10271,534 8221,245 S 49626,086 33397,883 9926,368 3682,8777 9740,894 5223,284
1,8939986 B 374,60703 19021,76 28510,176 6883,3857 10271,534 8221,245 S 49626,086 33397,883 9926,368 3682,8777 9740,894 5223,284
1,8939985 B 374,60703 19021,76 28510,176 6883,3857 10271,534 8221,245 S 49626,086 33397,883 9926,368 3682,8777 9740,894 5223,284
1,893999 B 374,60703 19021,76 28510,176 6883,3857 10271,534 8221,245 S 49626,086 33397,883 9926,368 3682,8777 9740,894 5223,284
1,8939996 B 374,60703 19021,76 28510,176 6883,3857 10271,534 8221,245 S 49626,086 33397,883 9926,368 3682,8777 9740,894 5223,284
1,8939991 B 374,60703 19021,76 28510,176 6883,3857 10271,534 8221,245 S 49626,086 33397,883 9926,368 3682,8777 9740,894 5223,284
1,8939995 B 374,60703 19021,76 28510,176 6883,3857 10271,534 8221,245 S 49626,086 33397,883 9926,368 3682,8777 9740,894 5223,284
1,894594 B 374,60703 19021,76 28510,176 6883,3857 10271,534 8221,245 S 49626,086 33397,883 9926,368 3682,8777 9740,894 5223,284
1,8950006 B 374,60703 19021,76 28510,176 6883,3857 10271,534 8221,245 S 49626,086 33397,883 9926,368 3682,8777 9740,894 5223,284
1,8950005 B 374,60703 19021,76 28510,176 6883,3857 10271,534 8221,245 S 49626,086 33397,883 9926,368 3682,8777 9740,894 5223,284
1,8956047 B 374,60703 19021,76 28510,176 6883,3857 10271,534 8221,245 S 49626,086 33397,883 9926,368 3682,8777 9740,894 5223,284
1,8960003 B 374,60703 19021,76 28510,176 6883,3857 10271,534 8221,245 S 49626,086 33397,883 9926,368 3682,8777 9740,894 5223,284
1,8959998 B 374,60703 19021,76 28510,176 6883,3857 10271,534 8221,245 S 49626,086 33397,883 9926,368 3682,8777 9740,894 5223,284
1,8960003 B 374,60703 19021,76 28510,176 6883,3857 10271,534 8221,245 S 49626,086 33397,883 9926,368 3682,8777 9740,894 5223,284
1,8960004 B 374,60703 19021,76 28510,176 6883,3857 10271,534 8221,245 S 49626,086 33397,883 9926,368 3682,8777 9740,894 5223,284
1,8960001 B 374,60703 19021,76 28510,176 6883,3857 10271,534 8221,245 S 49626,086 33397,883 9926,368 3682,8777 9740,894 5223,284
1,8956345 B 374,60703 19021,76 28510,176 6883,3857 10271,534 8221,245 S 49626,086 33397,883 9926,368 3682,8777 9740,894 5223,284
1,895 B 374,60703 19021,76 28510,176 6883,3857 10271,534 8221,245 S 49626,086 33397,883 9926,368 3682,8777 9740,894 5223,284
1,8950001 B 374,60703 19021,76 28510,176 6883,3857 10271,534 8221,245 S 49626,086 33397,883 9926,368 3682,8777 9740,894 5223,284
1,8950002 B 374,60703 19021,76 28510,176 6883,3857 10271,534 8221,245 S 49626,086 33397,883 9926,368 3682,8777 9740,894 5223,284
1,8950001 B 374,60703 19021,76 28510,176 6883,3857 10271,534 8221,245 S 49626,086 33397,883 9926,368 3682,8777 9740,894 5223,284
1,8950001 B 374,60703 19021,76 28510,176 6883,3857 10271,534 8221,245 S 49626,086 33397,883 9926,368 3682,8777 9740,894 5223,284
1,8949999 B 374,60703 19021,76 28510,176 6883,3857 10271,534 8221,245 S 49626,086 33397,883 9926,368 3682,8777 9740,894 5223,284
1,895 B 374,60703 19021,76 28510,176 6883,3857 10271,534 8221,245 S 49626,086 33397,883 9926,368 3682,8777 9740,894 5223,284
1,8950002 B 374,60703 19021,76 28510,176 6883,3857 10271,534 8221,245 S 49626,086 33397,883 9926,368 3682,8777 9740,894 5223,284
1,8950005 B 374,60703 19021,76 28510,176 6883,3857 10271,534 8221,245 S 49626,086 33397,883 9926,368 3682,8777 9740,894 5223,284
1,8950002 B 374,60703 19021,76 28510,176 6883,3857 10271,534 8221,245 S 49626,086 33397,883 9926,368 3682,8777 9740,894 5223,284
1,8950001 B 374,60703 19021,76 28510,176 6883,3857 10271,534 8221,245 S 49626,086 33397,883 9926,368 3682,8777 9740,894 5223,284
1,8949999 B 374,60703 19021,76 28510,176 6883,3857 10271,534 8221,245 S 49626,086 33397,883 9926,368 3682,8777 9740,894 5223,284
1,8950002 B 374,60703 19021,76 28510,176 6883,3857 10271,534 8221,245 S 49626,086 33397,883 9926,368 3682,8777 9740,894 5223,284
1,8950001 B 374,60703 19021,76 28510,176 6883,3857 10271,534 8221,245 S 49626,086 33397,883 9926,368 3682,8777 9740,894 5223,284
1,8949993 B 374,60703 19021,76 28510,176 6883,3857 10271,534 8221,245 S 49626,086 33397,883 9926,368 3682,8777 9740,894 5223,284
1,895 B 374,60703 19021,76 28510,176 6883,3857 10271,534 8221,245 S 49626,086 33397,883 9926,368 3682,8777 9740,894 5223,284
1,8949997 B 374,60703 19021,76 28510,176 6883,3857 10271,534 8221,245 S 49626,086 33397,883 9926,368 3682,8777 9740,894 5223,284
1,895 B 374,60703 19021,76 28510,176 6883,3857 10271,534 8221,245 S 49626,086 33397,883 9926,368 3682,8777 9740,894 5223,284
1,8950005 B 374,60703 19021,76 28510,176 6883,3857 10271,534 8221,245 S 49626,086 33397,883 9926,368 3682,8777 9740,894 5223,284
1,8949997 B 374,60703 19021,76 28510,176 6883,3857 10271,534 8221,245 S 49626,086 33397,883 9926,368 3682,8777 9740,894 5223,284
1,895 B 374,60703 19021,76 28510,176 6883,3857 10271,534 8221,245 S 49626,086 33397,883 9926,368 3682,8777 9740,894 5223,284
1,8966777 B 374,60703 19021,76 28510,176 6883,3857 10271,534 8221,245 S 49626,086 33397,883 9926,368 3682,8777 9740,894 5223,284
1,8970004 B 374,60703 19021,76 28510,176 6883,3857 10271,534 8221,245 S 49626,086 33397,883 9926,368 3682,8777 9740,894 5223,284
1,897 B 374,60703 19021,76 28510,176 6883,3857 10271,534 8221,245 S 49626,086 33397,883 9926,368 3682,8777 9740,894 5223,284
1,896055 B 374,60703 19021,76 28510,176 6883,3857 10271,534 8221,245 S 49626,086 33397,883 9926,368 3682,8777 9740,894 5223,284
1,8960005 B 374,60703 19021,76 28510,176 6883,3857 10271,534 8221,245 S 49626,086 33397,883 9926,368 3682,8777 9740,894 5223,284
1,896 B 374,60703 19021,76 28510,176 6883,3857 10271,534 8221,245 S 49626,086 33397,883 9926,368 3682,8777 9740,894 5223,284
1,8960004 B 374,60703 19021,76 28510,176 6883,3857 10271,534 8221,245 S 49626,086 33397,883 9926,368 3682,8777 9740,894 5223,284
1,8960004 B 374,60703 19021,76 28510,176 6883,3857 10271,534 8221,245 S 49626,086 33397,883 9926,368 3682,8777 9740,894 5223,284
1,8960004 B 374,60703 19021,76 28510,176 6883,3857 10271,534 8221,245 S 49626,086 33397,883 9926,368 3682,8777 9740,894 5223,284
1,8959996 B 374,60703 19021,76 28510,176 6883,3857 10271,534 8221,245 S 49626,086 33397,883 9926,368 3682,8777 9740,894 5223,284
1,8959999 B 374,60703 19021,76 28510,176 6883,3857 10271,534 8221,245 S 49626,086 33397,883 9926,368 3682,8777 9740,894 5223,284
1,8959998 B 374,60703 19021,76 28510,176 6883,3857 10271,534 8221,245 S 49626,086 33397,883 9926,368 3682,8777 9740,894 5223,284
1,8960005 B 374,60703 19021,76 28510,176 6883,3857 10271,534 8221,245 S 49626,086 33397,883 9926,368 3682,8777 9740,894 5223,284
1,8959994 B 374,60703 19021,76 28510,176 6883,3857 10271,534 8221,245 S 49626,086 33397,883 9926,368 3682,8777 9740,894 5223,284
1,896202 B 374,60703 19021,76 28510,176 6883,3857 10271,534 8221,245 S 49626,086 33397,883 9926,368 3682,8777 9740,894 5223,284
1,8980004 B 374,60703 19021,76 28510,176 6883,3857 10271,534 8221,245 S 49626,086 33397,883 9926,368 3682,8777 9740,894 5223,284
1,8980002 B 374,60703 19021,76 28510,176 6883,3857 10271,534 8221,245 S 49626,086 33397,883 9926,368 3682,8777 9740,894 5223,284
1,8980004 B 374,60703 19021,76 28510,176 6883,3857 10271,534 8221,245 S 49626,086 33397,883 9926,368 3682,8777 9740,894 5223,284
1,8979995 B 374,60703 19021,76 28510,176 6883,3857 10271,534 8221,245 S 49626,086 33397,883 9926,368 3682,8777 9740,894 5223,284
1,8980001 B 374,60703 19021,76 28510,176 6883,3857 10271,534 8221,245 S 49626,086 33397,883 9926,368 3682,8777 9740,894 5223,284
1,8980005 B 374,60703 19021,76 28510,176 6883,3857 10271,534 8221,245 S 49626,086 33397,883 9926,368 3682,8777 9740,894 5223,284
1,8980005 B 374,60703 19021,76 28510,176 6883,3857 10271,534 8221,245 S 49626,086 33397,883 9926,368 3682,8777 9740,894 5223,284
1,898 B 374,60703 19021,76 28510,176 6883,3857 10271,534 8221,245 S 49626,086 33397,883 9926,368 3682,8777 9740,894 5223,284
1,8979995 B 374,60703 19021,76 28510,176 6883,3857 10271,534 8221,245 S 49626,086 33397,883 9926,368 3682,8777 9740,894 5223,284
1,8979994 B 374,60703 19021,76 28510,176 6883,3857 10271,534 8221,245 S 49626,086 33397,883 9926,368 3682,8777 9740,894 5223,284
1,8982385 B 374,60703 19021,76 28510,176 6883,3857 10271,534 8221,245 S 49626,086 33397,883 9926,368 3682,8777 9740,894 5223,284
1,8990002 B 374,60703 19021,76 28510,176 6883,3857 10271,534 8221,245 S 49626,086 33397,883 9926,368 3682,8777 9740,894 5223,284
1,8990002 B 374,60703 19021,76 28510,176 6883,3857 10271,534 8221,245 S 49626,086 33397,883 9926,368 3682,8777 9740,894 5223,284
1,8989997 B 374,60703 19021,76 28510,176 6883,3857 10271,534 8221,245 S 49626,086 33397,883 9926,368 3682,8777 9740,894 5223,284
1,8990002 B 374,60703 19021,76 28510,176 6883,3857 10271,534 8221,245 S 49626,086 33397,883 9926,368 3682,8777 9740,894 5223,284
1,8989995 B 374,60703 19021,76 28510,176 6883,3857 10271,534 8221,245 S 49626,086 33397,883 9926,368 3682,8777 9740,894 5223,284
1,8990002 B 374,60703 19021,76 28510,176 6883,3857 10271,534 8221,245 S 49626,086 33397,883 9926,368 3682,8777 9740,894 5223,284
1,8990003 B 374,60703 19021,76 28510,176 6883,3857 10271,534 8221,245 S 49626,086 33397,883 9926,368 3682,8777 9740,894 5223,284
1,8989999 B 374,60703 19021,76 28510,176 6883,3857 10271,534 8221,245 S 49626,086 33397,883 9926,368 3682,8777 9740,894 5223,284
1,8990003 B 374,60703 19021,76 28510,176 6883,3857 10271,534 8221,245 S 49626,086 33397,883 9926,368 3682,8777 9740,894 5223,284
1,8990003 B 374,60703 19021,76 28510,176 6883,3857 10271,534 8221,245 S 49626,086 33397,883 9926,368 3682,8777 9740,894 5223,284
1,8989999 B 374,60703 19021,76 28510,176 6883,3857 10271,534 8221,245 S 49626,086 33397,883 9926,368 3682,8777 9740,894 5223,284
1,899 B 374,60703 19021,76 28510,176 6883,3857 10271,534 8221,245 S 49626,086 33397,883 9926,368 3682,8777 9740,894 5223,284
1,8989998 B 374,60703 19021,76 28510,176 6883,3857 10271,534 8221,245 S 49626,086 33397,883 9926,368 3682,8777 9740,894 5223,284
1,8989996 B 374,60703 19021,76 28510,176 6883,3857 10271,534 8221,245 S 49626,086 33397,883 9926,368 3682,8777 9740,894 5223,284
1,8991675 B 374,60703 19021,76 28510,176 6883,3857 10271,534 8221,245 S 49626,086 33397,883 9926,368 3682,8777 9740,894 5223,284
1,8999012 B 374,60703 19021,76 28510,176 6883,3857 10271,534 8221,245 S 49626,086 33397,883 9926,368 3682,8777 9740,894 5223,284
1,8989999 B 374,60703 19021,76 28510,176 6883,3857 10271,534 8221,245 S 49626,086 33397,883 9926,368 3682,8777 9740,894 5223,284
1,8990002 B 374,60703 19021,76 28510,176 6883,3857 10271,534 8221,245 S 49626,086 33397,883 9926,368 3682,8777 9740,894 5223,284
1,8990006 B 374,60703 19021,76 28510,176 6883,3857 10271,534 8221,245 S 49626,086 33397,883 9926,368 3682,8777 9740,894 5223,284
1,899 B 374,60703 19021,76 28510,176 6883,3857 10271,534 8221,245 S 49626,086 33397,883 9926,368 3682,8777 9740,894 5223,284
1,8990003 B 374,60703 19021,76 28510,176 6883,3857 10271,534 8221,245 S 49626,086 33397,883 9926,368 3682,8777 9740,894 5223,284
1,8989999 B 374,60703 19021,76 28510,176 6883,3857 10271,534 8221,245 S 49626,086 33397,883 9926,368 3682,8777 9740,894 5223,284
1,8989998 B 374,60703 19021,76 28510,176 6883,3857 10271,534 8221,245 S 49626,086 33397,883 9926,368 3682,8777 9740,894 5223,284
1,8990004 B 374,60703 19021,76 28510,176 6883,3857 10271,534 8221,245 S 49626,086 33397,883 9926,368 3682,8777 9740,894 5223,284
1,8989996 B 374,60703 19021,76 28510,176 6883,3857 10271,534 8221,245 S 49626,086 33397,883 9926,368 3682,8777 9740,894 5223,284
1,8989997 B 374,60703 19021,76 28510,176 6883,3857 10271,534 8221,245 S 49626,086 33397,883 9926,368 3682,8777 9740,894 5223,284
1,899 B 374,60703 19021,76 28510,176 6883,3857 10271,534 8221,245 S 49626,086 33397,883 9926,368 3682,8777 9740,894 5223,284
1,8984466 B 374,60703 19021,76 28510,176 6883,3857 10271,534 8221,245 S 49626,086 33397,883 9926,368 3682,8777 9740,894 5223,284
1,8980004 B 374,60703 19021,76 28510,176 6883,3857 10271,534 8221,245 S 49626,086 33397,883 9926,368 3682,8777 9740,894 5223,284
1,8980006 B 374,60703 19021,76 28510,176 6883,3857 10271,534 8221,245 S 49626,086 33397,883 9926,368 3682,8777 9740,894 5223,284
1,8980919 B 374,60703 19021,76 28510,176 6883,3857 10271,534 8221,245 S 49626,086 33397,883 9926,368 3682,8777 9740,894 5223,284
1,8990004 B 374,60703 19021,76 28510,176 6883,3857 10271,534 8221,245 S 49626,086 33397,883 9926,368 3682,8777 9740,894 5223,284
1,8989998 B 374,60703 19021,76 28510,176 6883,3857 10271,534 8221,245 S 49626,086 33397,883 9926,368 3682,8777 9740,894 5223,284
1,8989995 B 374,60703 19021,76 28510,176 6883,3857 10271,534 8221,245 S 49626,086 33397,883 9926,368 3682,8777 9740,894 5223,284
1,8989999 B 374,60703 19021,76 28510,176 6883,3857 10271,534 8221,245 S 49626,086 33397,883 9926,368 3682,8777 9740,894 5223,284
1,8989997 B 374,60703 19021,76 28510,176 6883,3857 10271,534 8221,245 S 49626,086 33397,883 9926,368 3682,8777 9740,894 5223,284
1,8989413 B 374,60703 19021,76 28510,176 6883,3857 10271,534 8221,245 S 49626,086 33397,883 9926,368 3682,8777 9740,894 5223,284
1,8980004 B 374,60703 19021,76 28510,176 6883,3857 10271,534 8221,245 S 49626,086 33397,883 9926,368 3682,8777 9740,894 5223,284
1,8979999 B 374,60703 19021,76 28510,176 6883,3857 10271,534 8221,245 S 49626,086 33397,883 9926,368 3682,8777 9740,894 5223,284
1,8980001 B 374,60703 19021,76 28510,176 6883,3857 10271,534 8221,245 S 49626,086 33397,883 9926,368 3682,8777 9740,894 5223,284
1,898 B 374,60703 19021,76 28510,176 6883,3857 10271,534 8221,245 S 49626,086 33397,883 9926,368 3682,8777 9740,894 5223,284
1,8980002 B 374,60703 19021,76 28510,176 6883,3857 10271,534 8221,245 S 49626,086 33397,883 9926,368 3682,8777 9740,894 5223,284
1,898 B 374,60703 19021,76 28510,176 6883,3857 10271,534 8221,245 S 49626,086 33397,883 9926,368 3682,8777 9740,894 5223,284
1,8980004 B 374,60703 19021,76 28510,176 6883,3857 10271,534 8221,245 S 49626,086 33397,883 9926,368 3682,8777 9740,894 5223,284
1,8980001 B 374,60703 19021,76 28510,176 6883,3857 10271,534 8221,245 S 49626,086 33397,883 9926,368 3682,8777 9740,894 5223,284
1,8996922 B 374,60703 19021,76 28510,176 6883,3857 10271,534 8221,245 S 49626,086 33397,883 9926,368 3682,8777 9740,894 5223,284
1,9 B 374,60703 19021,76 28510,176 6883,3857 10271,534 8221,245 S 49626,086 33397,883 9926,368 3682,8777 9740,894 5223,284
1,8999997 B 374,60703 19021,76 28510,176 6883,3857 10271,534 8221,245 S 49626,086 33397,883 9926,368 3682,8777 9740,894 5223,284
1,9000005 B 374,60703 19021,76 28510,176 6883,3857 10271,534 8221,245 S 49626,086 33397,883 9926,368 3682,8777 9740,894 5223,284
1,8999997 B 374,60703 19021,76 28510,176 6883,3857 10271,534 8221,245 S 49626,086 33397,883 9926,368 3682,8777 9740,894 5223,284
1,8999999 B 374,60703 19021,76 28510,176 6883,3857 10271,534 8221,245 S 49626,086 33397,883 9926,368 3682,8777 9740,894 5223,284
1,8999997 B 374,60703 19021,76 28510,176 6883,3857 10271,534 8221,245 S 49626,086 33397,883 9926,368 3682,8777 9740,894 5223,284
1,9 B 374,60703 19021,76 28510,176 6883,3857 10271,534 8221,245 S 49626,086 33397,883 9926,368 3682,8777 9740,894 5223,284
1,8998148 B 374,60703 19021,76 28510,176 6883,3857 10271,534 8221,245 S 49626,086 33397,883 9926,368 3682,8777 9740,894 5223,284
1,8990006 B 374,60703 19021,76 28510,176 6883,3857 10271,534 8221,245 S 49626,086 33397,883 9926,368 3682,8777 9740,894 5223,284
1,8989995 B 374,60703 19021,76 28510,176 6883,3857 10271,534 8221,245 S 49626,086 33397,883 9926,368 3682,8777 9740,894 5223,284
1,899 B 374,60703 19021,76 28510,176 6883,3857 10271,534 8221,245 S 49626,086 33397,883 9926,368 3682,8777 9740,894 5223,284
1,8990003 B 374,60703 19021,76 28510,176 6883,3857 10271,534 8221,245 S 49626,086 33397,883 9926,368 3682,8777 9740,894 5223,284
1,8989998 B 374,60703 19021,76 28510,176 6883,3857 10271,534 8221,245 S 49626,086 33397,883 9926,368 3682,8777 9740,894 5223,284
1,8990006 B 374,60703 19021,76 28510,176 6883,3857 10271,534 8221,245 S 49626,086 33397,883 9926,368 3682,8777 9740,894 5223,284
1,8989998 B 374,60703 19021,76 28510,176 6883,3857 10271,534 8221,245 S 49626,086 33397,883 9926,368 3682,8777 9740,894 5223,284
1,8989999 B 374,60703 19021,76 28510,176 6883,3857 10271,534 8221,245 S 49626,086 33397,883 9926,368 3682,8777 9740,894 5223,284
1,8989998 B 374,60703 19021,76 28510,176 6883,3857 10271,534 8221,245 S 49626,086 33397,883 9926,368 3682,8777 9740,894 5223,284
1,8990002 B 374,60703 19021,76 28510,176 6883,3857 10271,534 8221,245 S 49626,086 33397,883 9926,368 3682,8777 9740,894 5223,284
1,8989996 B 374,60703 19021,76 28510,176 6883,3857 10271,534 8221,245 S 49626,086 33397,883 9926,368 3682,8777 9740,894 5223,284
1,8990005 B 374,60703 19021,76 28510,176 6883,3857 10271,534 8221,245 S 49626,086 33397,883 9926,368 3682,8777 9740,894 5223,284
1,899 B 374,60703 19021,76 28510,176 6883,3857 10271,534 8221,245 S 49626,086 33397,883 9926,368 3682,8777 9740,894 5223,284
1,8990003 B 374,60703 19021,76 28510,176 6883,3857 10271,534 8221,245 S 49626,086 33397,883 9926,368 3682,8777 9740,894 5223,284
1,8989997 B 374,60703 19021,76 28510,176 6883,3857 10271,534 8221,245 S 49626,086 33397,883 9926,368 3682,8777 9740,894 5223,284
1,899 B 374,60703 19021,76 28510,176 6883,3857 10271,534 8221,245 S 49626,086 33397,883 9926,368 3682,8777 9740,894 5223,284
1,8988564 B 374,60703 19021,76 28510,176 6883,3857 10271,534 8221,245 S 49626,086 33397,883 9926,368 3682,8777 9740,894 5223,284
1,898 B 374,60703 19021,76 28510,176 6883,3857 10271,534 8221,245 S 49626,086 33397,883 9926,368 3682,8777 9740,894 5223,284
1,8980002 B 374,60703 19021,76 28510,176 6883,3857 10271,534 8221,245 S 49626,086 33397,883 9926,368 3682,8777 9740,894 5223,284
1,8979993 B 374,60703 19021,76 28510,176 6883,3857 10271,534 8221,245 S 49626,086 33397,883 9926,368 3682,8777 9740,894 5223,284
1,8980004 B 374,60703 19021,76 28510,176 6883,3857 10271,534 8221,245 S 49626,086 33397,883 9926,368 3682,8777 9740,894 5223,284
1,898 B 374,60703 19021,76 28510,176 6883,3857 10271,534 8221,245 S 49626,086 33397,883 9926,368 3682,8777 9740,894 5223,284
1,8979995 B 374,60703 19021,76 28510,176 6883,3857 10271,534 8221,245 S 49626,086 33397,883 9926,368 3682,8777 9740,894 5223,284
1,8979999 B 374,60703 19021,76 28510,176 6883,3857 10271,534 8221,245 S 49626,086 33397,883 9926,368 3682,8777 9740,894 5223,284
1,8980001 B 374,60703 19021,76 28510,176 6883,3857 10271,534 8221,245 S 49626,086 33397,883 9926,368 3682,8777 9740,894 5223,284
1,8980001 B 374,60703 19021,76 28510,176 6883,3857 10271,534 8221,245 S 49626,086 33397,883 9926,368 3682,8777 9740,894 5223,284
1,8979992 B 374,60703 19021,76 28510,176 6883,3857 10271,534 8221,245 S 49626,086 33397,883 9926,368 3682,8777 9740,894 5223,284
1,8980004 B 374,60703 19021,76 28510,176 6883,3857 10271,534 8221,245 S 49626,086 33397,883 9926,368 3682,8777 9740,894 5223,284
1,8980004 B 374,60703 19021,76 28510,176 6883,3857 10271,534 8221,245 S 49626,086 33397,883 9926,368 3682,8777 9740,894 5223,284
1,8980001 B 374,60703 19021,76 28510,176 6883,3857 10271,534 8221,245 S 49626,086 33397,883 9926,368 3682,8777 9740,894 5223,284
1,898 B 374,60703 19021,76 28510,176 6883,3857 10271,534 8221,245 S 49626,086 33397,883 9926,368 3682,8777 9740,894 5223,284
1,8980002 B 374,60703 19021,76 28510,176 6883,3857 10271,534 8221,245 S 49626,086 33397,883 9926,368 3682,8777 9740,894 5223,284
1,8979999 B 374,60703 19021,76 28510,176 6883,3857 10271,534 8221,245 S 49626,086 33397,883 9926,368 3682,8777 9740,894 5223,284
1,898 B 374,60703 19021,76 28510,176 6883,3857 10271,534 8221,245 S 49626,086 33397,883 9926,368 3682,8777 9740,894 5223,284
1,8979995 B 374,60703 19021,76 28510,176 6883,3857 10271,534 8221,245 S 49626,086 33397,883 9926,368 3682,8777 9740,894 5223,284
1,8979999 B 374,60703 19021,76 28510,176 6883,3857 10271,534 8221,245 S 49626,086 33397,883 9926,368 3682,8777 9740,894 5223,284
1,8980005 B 374,60703 19021,76 28510,176 6883,3857 10271,534 8221,245 S 49626,086 33397,883 9926,368 3682,8777 9740,894 5223,284
1,898 B 374,60703 19021,76 28510,176 6883,3857 10271,534 8221,245 S 49626,086 33397,883 9926,368 3682,8777 9740,894 5223,284
1,8980001 B 374,60703 19021,76 28510,176 6883,3857 10271,534 8221,245 S 49626,086 33397,883 9926,368 3682,8777 9740,894 5223,284
1,8980002 B 374,60703 19021,76 28510,176 6883,3857 10271,534 8221,245 S 49626,086 33397,883 9926,368 3682,8777 9740,894 5223,284
1,8980002 B 374,60703 19021,76 28510,176 6883,3857 10271,534 8221,245 S 49626,086 33397,883 9926,368 3682,8777 9740,894 5223,284
1,8927754 B 374,60703 19021,76 28510,176 6883,3857 10271,534 8221,245 S 49626,086 33397,883 9926,368 3682,8777 9740,894 5223,284
1,8939991 B 374,60703 19021,76 28510,176 6883,3857 10271,534 8221,245 S 49626,086 33397,883 9926,368 3682,8777 9740,894 5223,284
1,8939997 B 374,60703 19021,76 28510,176 6883,3857 10271,534 8221,245 S 49626,086 33397,883 9926,368 3682,8777 9740,894 5223,284
1,8939998 B 374,60703 19021,76 28510,176 6883,3857 10271,534 8221,245 S 49626,086 33397,883 9926,368 3682,8777 9740,894 5223,284
1,8939993 B 374,60703 19021,76 28510,176 6883,3857 10271,534 8221,245 S 49626,086 33397,883 9926,368 3682,8777 9740,894 5223,284
1,8939992 B 374,60703 19021,76 28510,176 6883,3857 10271,534 8221,245 S 49626,086 33397,883 9926,368 3682,8777 9740,894 5223,284
1,8939992 B 374,60703 19021,76 28510,176 6883,3857 10271,534 8221,245 S 49626,086 33397,883 9926,368 3682,8777 9740,894 5223,284
1,8939991 B 374,60703 19021,76 28510,176 6883,3857 10271,534 8221,245 S 49626,086 33397,883 9926,368 3682,8777 9740,894 5223,284
1,8939992 B 374,60703 19021,76 28510,176 6883,3857 10271,534 8221,245 S 49626,086 33397,883 9926,368 3682,8777 9740,894 5223,284
1,8939995 B 374,60703 19021,76 28510,176 6883,3857 10271,534 8221,245 S 49626,086 33397,883 9926,368 3682,8777 9740,894 5223,284
1,8939992 B 374,60703 19021,76 28510,176 6883,3857 10271,534 8221,245 S 49626,086 33397,883 9926,368 3682,8777 9740,894 5223,284
1,8939991 B 374,60703 19021,76 28510,176 6883,3857 10271,534 8221,245 S 49626,086 33397,883 9926,368 3682,8777 9740,894 5223,284
1,8939993 B 374,60703 19021,76 28510,176 6883,3857 10271,534 8221,245 S 49626,086 33397,883 9926,368 3682,8777 9740,894 5223,284
1,8939992 B 374,60703 19021,76 28510,176 6883,3857 10271,534 8221,245 S 49626,086 33397,883 9926,368 3682,8777 9740,894 5223,284
1,8939993 B 374,60703 19021,76 28510,176 6883,3857 10271,534 8221,245 S 49626,086 33397,883 9926,368 3682,8777 9740,894 5223,284
1,8939997 B 374,60703 19021,76 28510,176 6883,3857 10271,534 8221,245 S 49626,086 33397,883 9926,368 3682,8777 9740,894 5223,284
1,8939993 B 374,60703 19021,76 28510,176 6883,3857 10271,534 8221,245 S 49626,086 33397,883 9926,368 3682,8777 9740,894 5223,284
1,8939996 B 374,60703 19021,76 28510,176 6883,3857 10271,534 8221,245 S 49626,086 33397,883 9926,368 3682,8777 9740,894 5223,284
1,8939989 B 374,60703 19021,76 28510,176 6883,3857 10271,534 8221,245 S 49626,086 33397,883 9926,368 3682,8777 9740,894 5223,284
1,8939991 B 374,60703 19021,76 28510,176 6883,3857 10271,534 8221,245 S 49626,086 33397,883 9926,368 3682,8777 9740,894 5223,284
1,8936012 B 374,60703 19021,76 28510,176 6883,3857 10271,534 8221,245 S 49626,086 33397,883 9926,368 3682,8777 9740,894 5223,284
1,8929999 B 374,60703 19021,76 28510,176 6883,3857 10271,534 8221,245 S 49626,086 33397,883 9926,368 3682,8777 9740,894 5223,284
1,8930001 B 374,60703 19021,76 28510,176 6883,3857 10271,534 8221,245 S 49626,086 33397,883 9926,368 3682,8777 9740,894 5223,284
1,8930001 B 374,60703 19021,76 28510,176 6883,3857 10271,534 8221,245 S 49626,086 33397,883 9926,368 3682,8777 9740,894 5223,284
1,8939934 B 374,60703 19021,76 28510,176 6883,3857 10271,534 8221,245 S 49626,086 33397,883 9926,368 3682,8777 9740,894 5223,284
1,8939986 B 374,60703 19021,76 28510,176 6883,3857 10271,534 8221,245 S 49626,086 33397,883 9926,368 3682,8777 9740,894 5223,284
1,8933645 B 374,60703 19021,76 28510,176 6883,3857 10271,534 8221,245 S 49626,086 33397,883 9926,368 3682,8777 9740,894 5223,284
1,8929998 B 374,60703 19021,76 28510,176 6883,3857 10271,534 8221,245 S 49626,086 33397,883 9926,368 3682,8777 9740,894 5223,284
1,8930001 B 374,60703 19021,76 28510,176 6883,3857 10271,534 8221,245 S 49626,086 33397,883 9926,368 3682,8777 9740,894 5223,284
1,8929999 B 374,60703 19021,76 28510,176 6883,3857 10271,534 8221,245 S 49626,086 33397,883 9926,368 3682,8777 9740,894 5223,284
1,8930002 B 374,60703 19021,76 28510,176 6883,3857 10271,534 8221,245 S 49626,086 33397,883 9926,368 3682,8777 9740,894 5223,284
1,8930001 B 374,60703 19021,76 28510,176 6883,3857 10271,534 8221,245 S 49626,086 33397,883 9926,368 3682,8777 9740,894 5223,284
1,893 B 374,60703 19021,76 28510,176 6883,3857 10271,534 8221,245 S 49626,086 33397,883 9926,368 3682,8777 9740,894 5223,284
1,8929999 B 374,60703 19021,76 28510,176 6883,3857 10271,534 8221,245 S 49626,086 33397,883 9926,368 3682,8777 9740,894 5223,284
1,8929996 B 374,60703 19021,76 28510,176 6883,3857 10271,534 8221,245 S 49626,086 33397,883 9926,368 3682,8777 9740,894 5223,284
1,8929998 B 374,60703 19021,76 28510,176 6883,3857 10271,534 8221,245 S 49626,086 33397,883 9926,368 3682,8777 9740,894 5223,284
1,8930004 B 374,60703 19021,76 28510,176 6883,3857 10271,534 8221,245 S 49626,086 33397,883 9926,368 3682,8777 9740,894 5223,284
1,8930002 B 374,60703 19021,76 28510,176 6883,3857 10271,534 8221,245 S 49626,086 33397,883 9926,368 3682,8777 9740,894 5223,284
1,8930001 B 374,60703 19021,76 28510,176 6883,3857 10271,534 8221,245 S 49626,086 33397,883 9926,368 3682,8777 9740,894 5223,284
1,8921363 B 374,60703 19021,76 28510,176 6883,3857 10271,534 8221,245 S 49626,086 33397,883 9926,368 3682,8777 9740,894 5223,284
1,892 B 374,60703 19021,76 28510,176 6883,3857 10271,534 8221,245 S 49626,086 33397,883 9926,368 3682,8777 9740,894 5223,284
1,8920002 B 374,60703 19021,76 28510,176 6883,3857 10271,534 8221,245 S 49626,086 33397,883 9926,368 3682,8777 9740,894 5223,284
1,8919998 B 374,60703 19021,76 28510,176 6883,3857 10271,534 8221,245 S 49626,086 33397,883 9926,368 3682,8777 9740,894 5223,284
