1,9440122
1,9400003 B 2113,4897 10673,907 11216,723 11242,189 19366,553 2236,2502 S 1089,23 9891,522 12617,462 7205,561 17753,645 375,52002
1,9403644 B 2113,4897 10673,907 11216,723 11242,189 19366,553 2236,2502 S 1089,23 9891,522 12617,462 7205,561 17753,645 375,52002
1,941 B 2113,4897 10673,907 11216,723 11242,189 19366,553 2236,2502 S 1089,23 9891,522 12617,462 7205,561 17753,645 375,52002
1,9409995 B 2113,4897 10673,907 11216,723 11242,189 19366,553 2236,2502 S 1089,23 9891,522 12617,462 7205,561 17753,645 375,52002
1,9410002 B 2113,4897 10673,907 11216,723 11242,189 19366,553 2236,2502 S 1089,23 9891,522 12617,462 7205,561 17753,645 375,52002
1,9410002 B 2113,4897 10673,907 11216,723 11242,189 19366,553 2236,2502 S 1089,23 9891,522 12617,462 7205,561 17753,645 375,52002
1,9414455 B 2113,4897 10673,907 11216,723 11242,189 19366,553 2236,2502 S 1089,23 9891,522 12617,462 7205,561 17753,645 375,52002
1,9427708 B 2113,4897 10673,907 11216,723 11242,189 19366,553 2236,2502 S 1089,23 9891,522 12617,462 7205,561 17753,645 375,52002
1,9422804 B 2113,4897 10673,907 11216,723 11242,189 19366,553 2236,2502 S 1089,23 9891,522 12617,462 7205,561 17753,645 375,52002
1,9420003 B 2113,4897 10673,907 11216,723 11242,189 19366,553 2236,2502 S 1089,23 9891,522 12617,462 7205,561 17753,645 375,52002
1,9420005 B 2113,4897 10673,907 11216,723 11242,189 19366,553 2236,2502 S 1089,23 9891,522 12617,462 7205,561 17753,645 375,52002
1,9419997 B 2113,4897 10673,907 11216,723 11242,189 19366,553 2236,2502 S 1089,23 9891,522 12617,462 7205,561 17753,645 375,52002
1,9420002 B 2113,4897 10673,907 11216,723 11242,189 19366,553 2236,2502 S 1089,23 9891,522 12617,462 7205,561 17753,645 375,52002
1,9419998 B 2113,4897 10673,907 11216,723 11242,189 19366,553 2236,2502 S 1089,23 9891,522 12617,462 7205,561 17753,645 375,52002
1,9420917 B 2113,4897 10673,907 11216,723 11242,189 19366,553 2236,2502 S 1089,23 9891,522 12617,462 7205,561 17753,645 375,52002
1,9428543 B 2113,4897 10673,907 11216,723 11242,189 19366,553 2236,2502 S 1089,23 9891,522 12617,462 7205,561 17753,645 375,52002
1,9420002 B 2113,4897 10673,907 11216,723 11242,189 19366,553 2236,2502 S 1089,23 9891,522 12617,462 7205,561 17753,645 375,52002
1,9419997 B 2113,4897 10673,907 11216,723 11242,189 19366,553 2236,2502 S 1089,23 9891,522 12617,462 7205,561 17753,645 375,52002
1,942 B 2113,4897 10673,907 11216,723 11242,189 19366,553 2236,2502 S 1089,23 9891,522 12617,462 7205,561 17753,645 375,52002
1,942148 B 2113,4897 10673,907 11216,723 11242,189 19366,553 2236,2502 S 1089,23 9891,522 12617,462 7205,561 17753,645 375,52002
1,9430003 B 2113,4897 10673,907 11216,723 11242,189 19366,553 2236,2502 S 1089,23 9891,522 12617,462 7205,561 17753,645 375,52002
1,9429996 B 2113,4897 10673,907 11216,723 11242,189 19366,553 2236,2502 S 1089,23 9891,522 12617,462 7205,561 17753,645 375,52002
1,9430003 B 2113,4897 10673,907 11216,723 11242,189 19366,553 2236,2502 S 1089,23 9891,522 12617,462 7205,561 17753,645 375,52002
1,9430002 B 2113,4897 10673,907 11216,723 11242,189 19366,553 2236,2502 S 1089,23 9891,522 12617,462 7205,561 17753,645 375,52002
1,943 B 2113,4897 10673,907 11216,723 11242,189 19366,553 2236,2502 S 1089,23 9891,522 12617,462 7205,561 17753,645 375,52002
1,9430001 B 2113,4897 10673,907 11216,723 11242,189 19366,553 2236,2502 S 1089,23 9891,522 12617,462 7205,561 17753,645 375,52002
1,9430002 B 2113,4897 10673,907 11216,723 11242,189 19366,553 2236,2502 S 1089,23 9891,522 12617,462 7205,561 17753,645 375,52002
1,9430004 B 2113,4897 10673,907 11216,723 11242,189 19366,553 2236,2502 S 1089,23 9891,522 12617,462 7205,561 17753,645 375,52002
1,9429996 B 2113,4897 10673,907 11216,723 11242,189 19366,553 2236,2502 S 1089,23 9891,522 12617,462 7205,561 17753,645 375,52002
1,9428197 B 2113,4897 10673,907 11216,723 11242,189 19366,553 2236,2502 S 1089,23 9891,522 12617,462 7205,561 17753,645 375,52002
1,9436396 B 2113,4897 10673,907 11216,723 11242,189 19366,553 2236,2502 S 1089,23 9891,522 12617,462 7205,561 17753,645 375,52002
1,9440001 B 2113,4897 10673,907 11216,723 11242,189 19366,553 2236,2502 S 1089,23 9891,522 12617,462 7205,561 17753,645 375,52002
1,9439998 B 2113,4897 10673,907 11216,723 11242,189 19366,553 2236,2502 S 1089,23 9891,522 12617,462 7205,561 17753,645 375,52002
1,9440001 B 2113,4897 10673,907 11216,723 11242,189 19366,553 2236,2502 S 1089,23 9891,522 12617,462 7205,561 17753,645 375,52002
1,9439999 B 2113,4897 10673,907 11216,723 11242,189 19366,553 2236,2502 S 1089,23 9891,522 12617,462 7205,561 17753,645 375,52002
1,9440001 B 2113,4897 10673,907 11216,723 11242,189 19366,553 2236,2502 S 1089,23 9891,522 12617,462 7205,561 17753,645 375,52002
1,944 B 2113,4897 10673,907 11216,723 11242,189 19366,553 2236,2502 S 1089,23 9891,522 12617,462 7205,561 17753,645 375,52002
1,9439998 B 2113,4897 10673,907 11216,723 11242,189 19366,553 2236,2502 S 1089,23 9891,522 12617,462 7205,561 17753,645 375,52002
1,9439998 B 2113,4897 10673,907 11216,723 11242,189 19366,553 2236,2502 S 1089,23 9891,522 12617,462 7205,561 17753,645 375,52002
1,9440002 B 2113,4897 10673,907 11216,723 11242,189 19366,553 2236,2502 S 1089,23 9891,522 12617,462 7205,561 17753,645 375,52002
1,9438142 B 2113,4897 10673,907 11216,723 11242,189 19366,553 2236,2502 S 1089,23 9891,522 12617,462 7205,561 17753,645 375,52002
1,9409997 B 2113,4897 10673,907 11216,723 11242,189 19366,553 2236,2502 S 1089,23 9891,522 12617,462 7205,561 17753,645 375,52002
1,9410007 B 2113,4897 10673,907 11216,723 11242,189 19366,553 2236,2502 S 1089,23 9891,522 12617,462 7205,561 17753,645 375,52002
1,9410002 B 2113,4897 10673,907 11216,723 11242,189 19366,553 2236,2502 S 1089,23 9891,522 12617,462 7205,561 17753,645 375,52002
1,9438171 B 2113,4897 10673,907 11216,723 11242,189 19366,553 2236,2502 S 1089,23 9891,522 12617,462 7205,561 17753,645 375,52002
1,9448001 B 2113,4897 10673,907 11216,723 11242,189 19366,553 2236,2502 S 1089,23 9891,522 12617,462 7205,561 17753,645 375,52002
1,9429995 B 2113,4897 10673,907 11216,723 11242,189 19366,553 2236,2502 S 1089,23 9891,522 12617,462 7205,561 17753,645 375,52002
1,943 B 2113,4897 10673,907 11216,723 11242,189 19366,553 2236,2502 S 1089,23 9891,522 12617,462 7205,561 17753,645 375,52002
1,9430001 B 2113,4897 10673,907 11216,723 11242,189 19366,553 2236,2502 S 1089,23 9891,522 12617,462 7205,561 17753,645 375,52002
1,943 B 2113,4897 10673,907 11216,723 11242,189 19366,553 2236,2502 S 1089,23 9891,522 12617,462 7205,561 17753,645 375,52002
1,9430002 B 2113,4897 10673,907 11216,723 11242,189 19366,553 2236,2502 S 1089,23 9891,522 12617,462 7205,561 17753,645 375,52002
1,9429995 B 2113,4897 10673,907 11216,723 11242,189 19366,553 2236,2502 S 1089,23 9891,522 12617,462 7205,561 17753,645 375,52002
1,9430003 B 2113,4897 10673,907 11216,723 11242,189 19366,553 2236,2502 S 1089,23 9891,522 12617,462 7205,561 17753,645 375,52002
1,9432081 B 2113,4897 10673,907 11216,723 11242,189 19366,553 2236,2502 S 1089,23 9891,522 12617,462 7205,561 17753,645 375,52002
1,9439999 B 2113,4897 10673,907 11216,723 11242,189 19366,553 2236,2502 S 1089,23 9891,522 12617,462 7205,561 17753,645 375,52002
1,9440004 B 2113,4897 10673,907 11216,723 11242,189 19366,553 2236,2502 S 1089,23 9891,522 12617,462 7205,561 17753,645 375,52002
1,9439994 B 2113,4897 10673,907 11216,723 11242,189 19366,553 2236,2502 S 1089,23 9891,522 12617,462 7205,561 17753,645 375,52002
1,9439992 B 2113,4897 10673,907 11216,723 11242,189 19366,553 2236,2502 S 1089,23 9891,522 12617,462 7205,561 17753,645 375,52002
1,9440001 B 2113,4897 10673,907 11216,723 11242,189 19366,553 2236,2502 S 1089,23 9891,522 12617,462 7205,561 17753,645 375,52002
1,9440002 B 2113,4897 10673,907 11216,723 11242,189 19366,553 2236,2502 S 1089,23 9891,522 12617,462 7205,561 17753,645 375,52002
1,9440005 B 2113,4897 10673,907 11216,723 11242,189 19366,553 2236,2502 S 1089,23 9891,522 12617,462 7205,561 17753,645 375,52002
1,9439995 B 2113,4897 10673,907 11216,723 11242,189 19366,553 2236,2502 S 1089,23 9891,522 12617,462 7205,561 17753,645 375,52002
1,9440001 B 2113,4897 10673,907 11216,723 11242,189 19366,553 2236,2502 S 1089,23 9891,522 12617,462 7205,561 17753,645 375,52002
1,9439995 B 2113,4897 10673,907 11216,723 11242,189 19366,553 2236,2502 S 1089,23 9891,522 12617,462 7205,561 17753,645 375,52002
1,9440001 B 2113,4897 10673,907 11216,723 11242,189 19366,553 2236,2502 S 1089,23 9891,522 12617,462 7205,561 17753,645 375,52002
1,9440005 B 2113,4897 10673,907 11216,723 11242,189 19366,553 2236,2502 S 1089,23 9891,522 12617,462 7205,561 17753,645 375,52002
1,944841 B 2113,4897 10673,907 11216,723 11242,189 19366,553 2236,2502 S 1089,23 9891,522 12617,462 7205,561 17753,645 375,52002
1,9450002 B 2113,4897 10673,907 11216,723 11242,189 19366,553 2236,2502 S 1089,23 9891,522 12617,462 7205,561 17753,645 375,52002
1,9449999 B 2113,4897 10673,907 11216,723 11242,189 19366,553 2236,2502 S 1089,23 9891,522 12617,462 7205,561 17753,645 375,52002
1,9449997 B 2113,4897 10673,907 11216,723 11242,189 19366,553 2236,2502 S 1089,23 9891,522 12617,462 7205,561 17753,645 375,52002
1,9449999 B 2113,4897 10673,907 11216,723 11242,189 19366,553 2236,2502 S 1089,23 9891,522 12617,462 7205,561 17753,645 375,52002
1,9449999 B 2113,4897 10673,907 11216,723 11242,189 19366,553 2236,2502 S 1089,23 9891,522 12617,462 7205,561 17753,645 375,52002
1,9450002 B 2113,4897 10673,907 11216,723 11242,189 19366,553 2236,2502 S 1089,23 9891,522 12617,462 7205,561 17753,645 375,52002
1,945 B 2113,4897 10673,907 11216,723 11242,189 19366,553 2236,2502 S 1089,23 9891,522 12617,462 7205,561 17753,645 375,52002
1,9450003 B 2113,4897 10673,907 11216,723 11242,189 19366,553 2236,2502 S 1089,23 9891,522 12617,462 7205,561 17753,645 375,52002
1,9449996 B 2113,4897 10673,907 11216,723 11242,189 19366,553 2236,2502 S 1089,23 9891,522 12617,462 7205,561 17753,645 375,52002
1,945 B 2113,4897 10673,907 11216,723 11242,189 19366,553 2236,2502 S 1089,23 9891,522 12617,462 7205,561 17753,645 375,52002
1,9449998 B 2113,4897 10673,907 11216,723 11242,189 19366,553 2236,2502 S 1089,23 9891,522 12617,462 7205,561 17753,645 375,52002
1,945 B 2113,4897 10673,907 11216,723 11242,189 19366,553 2236,2502 S 1089,23 9891,522 12617,462 7205,561 17753,645 375,52002
1,9450003 B 2113,4897 10673,907 11216,723 11242,189 19366,553 2236,2502 S 1089,23 9891,522 12617,462 7205,561 17753,645 375,52002
1,9449995 B 2113,4897 10673,907 11216,723 11242,189 19366,553 2236,2502 S 1089,23 9891,522 12617,462 7205,561 17753,645 375,52002
1,9450005 B 2113,4897 10673,907 11216,723 11242,189 19366,553 2236,2502 S 1089,23 9891,522 12617,462 7205,561 17753,645 375,52002
1,9450009 B 2113,4897 10673,907 11216,723 11242,189 19366,553 2236,2502 S 1089,23 9891,522 12617,462 7205,561 17753,645 375,52002
1,9449993 B 2113,4897 10673,907 11216,723 11242,189 19366,553 2236,2502 S 1089,23 9891,522 12617,462 7205,561 17753,645 375,52002
1,9449997 B 2113,4897 10673,907 11216,723 11242,189 19366,553 2236,2502 S 1089,23 9891,522 12617,462 7205,561 17753,645 375,52002
1,9449999 B 2113,4897 10673,907 11216,723 11242,189 19366,553 2236,2502 S 1089,23 9891,522 12617,462 7205,561 17753,645 375,52002
1,9448946 B 2113,4897 10673,907 11216,723 11242,189 19366,553 2236,2502 S 1089,23 9891,522 12617,462 7205,561 17753,645 375,52002
1,9429995 B 2113,4897 10673,907 11216,723 11242,189 19366,553 2236,2502 S 1089,23 9891,522 12617,462 7205,561 17753,645 375,52002
1,9430003 B 2113,4897 10673,907 11216,723 11242,189 19366,553 2236,2502 S 1089,23 9891,522 12617,462 7205,561 17753,645 375,52002
1,9430003 B 2113,4897 10673,907 11216,723 11242,189 19366,553 2236,2502 S 1089,23 9891,522 12617,462 7205,561 17753,645 375,52002
1,9439853 B 2113,4897 10673,907 11216,723 11242,189 19366,553 2236,2502 S 1089,23 9891,522 12617,462 7205,561 17753,645 375,52002
1,9439998 B 2113,4897 10673,907 11216,723 11242,189 19366,553 2236,2502 S 1089,23 9891,522 12617,462 7205,561 17753,645 375,52002
1,944 B 2113,4897 10673,907 11216,723 11242,189 19366,553 2236,2502 S 1089,23 9891,522 12617,462 7205,561 17753,645 375,52002
1,944 B 2113,4897 10673,907 11216,723 11242,189 19366,553 2236,2502 S 1089,23 9891,522 12617,462 7205,561 17753,645 375,52002
1,9449794 B 2113,4897 10673,907 11216,723 11242,189 19366,553 2236,2502 S 1089,23 9891,522 12617,462 7205,561 17753,645 375,52002
1,9449996 B 2113,4897 10673,907 11216,723 11242,189 19366,553 2236,2502 S 1089,23 9891,522 12617,462 7205,561 17753,645 375,52002
1,9449997 B 2113,4897 10673,907 11216,723 11242,189 19366,553 2236,2502 S 1089,23 9891,522 12617,462 7205,561 17753,645 375,52002
1,9449999 B 2113,4897 10673,907 11216,723 11242,189 19366,553 2236,2502 S 1089,23 9891,522 12617,462 7205,561 17753,645 375,52002
1,9449996 B 2113,4897 10673,907 11216,723 11242,189 19366,553 2236,2502 S 1089,23 9891,522 12617,462 7205,561 17753,645 375,52002
1,9449996 B 2113,4897 10673,907 11216,723 11242,189 19366,553 2236,2502 S 1089,23 9891,522 12617,462 7205,561 17753,645 375,52002
1,9443829 B 2113,4897 10673,907 11216,723 11242,189 19366,553 2236,2502 S 1089,23 9891,522 12617,462 7205,561 17753,645 375,52002
1,9440001 B 2113,4897 10673,907 11216,723 11242,189 19366,553 2236,2502 S 1089,23 9891,522 12617,462 7205,561 17753,645 375,52002
1,9440004 B 2113,4897 10673,907 11216,723 11242,189 19366,553 2236,2502 S 1089,23 9891,522 12617,462 7205,561 17753,645 375,52002
1,9440004 B 2113,4897 10673,907 11216,723 11242,189 19366,553 2236,2502 S 1089,23 9891,522 12617,462 7205,561 17753,645 375,52002
1,9440004 B 2113,4897 10673,907 11216,723 11242,189 19366,553 2236,2502 S 1089,23 9891,522 12617,462 7205,561 17753,645 375,52002
1,944 B 2113,4897 10673,907 11216,723 11242,189 19366,553 2236,2502 S 1089,23 9891,522 12617,462 7205,561 17753,645 375,52002
1,9440004 B 2113,4897 10673,907 11216,723 11242,189 19366,553 2236,2502 S 1089,23 9891,522 12617,462 7205,561 17753,645 375,52002
1,9439995 B 2113,4897 10673,907 11216,723 11242,189 19366,553 2236,2502 S 1089,23 9891,522 12617,462 7205,561 17753,645 375,52002
1,944 B 2113,4897 10673,907 11216,723 11242,189 19366,553 2236,2502 S 1089,23 9891,522 12617,462 7205,561 17753,645 375,52002
1,9440005 B 2113,4897 10673,907 11216,723 11242,189 19366,553 2236,2502 S 1089,23 9891,522 12617,462 7205,561 17753,645 375,52002
1,9439998 B 2113,4897 10673,907 11216,723 11242,189 19366,553 2236,2502 S 1089,23 9891,522 12617,462 7205,561 17753,645 375,52002
1,9440004 B 2113,4897 10673,907 11216,723 11242,189 19366,553 2236,2502 S 1089,23 9891,522 12617,462 7205,561 17753,645 375,52002
1,9439999 B 2113,4897 10673,907 11216,723 11242,189 19366,553 2236,2502 S 1089,23 9891,522 12617,462 7205,561 17753,645 375,52002
1,9440004 B 2113,4897 10673,907 11216,723 11242,189 19366,553 2236,2502 S 1089,23 9891,522 12617,462 7205,561 17753,645 375,52002
1,9439999 B 2113,4897 10673,907 11216,723 11242,189 19366,553 2236,2502 S 1089,23 9891,522 12617,462 7205,561 17753,645 375,52002
1,9456484 B 2113,4897 10673,907 11216,723 11242,189 19366,553 2236,2502 S 1089,23 9891,522 12617,462 7205,561 17753,645 375,52002
1,9460003 B 2113,4897 10673,907 11216,723 11242,189 19366,553 2236,2502 S 1089,23 9891,522 12617,462 7205,561 17753,645 375,52002
1,9469563 B 2113,4897 10673,907 11216,723 11242,189 19366,553 2236,2502 S 1089,23 9891,522 12617,462 7205,561 17753,645 375,52002
1,9470004 B 2113,4897 10673,907 11216,723 11242,189 19366,553 2236,2502 S 1089,23 9891,522 12617,462 7205,561 17753,645 375,52002
1,9469998 B 2113,4897 10673,907 11216,723 11242,189 19366,553 2236,2502 S 1089,23 9891,522 12617,462 7205,561 17753,645 375,52002
1,9470005 B 2113,4897 10673,907 11216,723 11242,189 19366,553 2236,2502 S 1089,23 9891,522 12617,462 7205,561 17753,645 375,52002
1,9470006 B 2113,4897 10673,907 11216,723 11242,189 19366,553 2236,2502 S 1089,23 9891,522 12617,462 7205,561 17753,645 375,52002
1,9470006 B 2113,4897 10673,907 11216,723 11242,189 19366,553 2236,2502 S 1089,23 9891,522 12617,462 7205,561 17753,645 375,52002
1,9469997 B 2113,4897 10673,907 11216,723 11242,189 19366,553 2236,2502 S 1089,23 9891,522 12617,462 7205,561 17753,645 375,52002
1,947 B 2113,4897 10673,907 11216,723 11242,189 19366,553 2236,2502 S 1089,23 9891,522 12617,462 7205,561 17753,645 375,52002
1,9469994 B 2113,4897 10673,907 11216,723 11242,189 19366,553 2236,2502 S 1089,23 9891,522 12617,462 7205,561 17753,645 375,52002
1,9470001 B 2113,4897 10673,907 11216,723 11242,189 19366,553 2236,2502 S 1089,23 9891,522 12617,462 7205,561 17753,645 375,52002
1,9470004 B 2113,4897 10673,907 11216,723 11242,189 19366,553 2236,2502 S 1089,23 9891,522 12617,462 7205,561 17753,645 375,52002
1,9470001 B 2113,4897 10673,907 11216,723 11242,189 19366,553 2236,2502 S 1089,23 9891,522 12617,462 7205,561 17753,645 375,52002
1,9470007 B 2113,4897 10673,907 11216,723 11242,189 19366,553 2236,2502 S 1089,23 9891,522 12617,462 7205,561 17753,645 375,52002
1,947 B 2113,4897 10673,907 11216,723 11242,189 19366,553 2236,2502 S 1089,23 9891,522 12617,462 7205,561 17753,645 375,52002
1,947 B 2113,4897 10673,907 11216,723 11242,189 19366,553 2236,2502 S 1089,23 9891,522 12617,462 7205,561 17753,645 375,52002
1,947 B 2113,4897 10673,907 11216,723 11242,189 19366,553 2236,2502 S 1089,23 9891,522 12617,462 7205,561 17753,645 375,52002
1,9470001 B 2113,4897 10673,907 11216,723 11242,189 19366,553 2236,2502 S 1089,23 9891,522 12617,462 7205,561 17753,645 375,52002
1,9470003 B 2113,4897 10673,907 11216,723 11242,189 19366,553 2236,2502 S 1089,23 9891,522 12617,462 7205,561 17753,645 375,52002
1,9470005 B 2113,4897 10673,907 11216,723 11242,189 19366,553 2236,2502 S 1089,23 9891,522 12617,462 7205,561 17753,645 375,52002
1,9470004 B 2113,4897 10673,907 11216,723 11242,189 19366,553 2236,2502 S 1089,23 9891,522 12617,462 7205,561 17753,645 375,52002
1,9470001 B 2113,4897 10673,907 11216,723 11242,189 19366,553 2236,2502 S 1089,23 9891,522 12617,462 7205,561 17753,645 375,52002
1,9470001 B 2113,4897 10673,907 11216,723 11242,189 19366,553 2236,2502 S 1089,23 9891,522 12617,462 7205,561 17753,645 375,52002
1,9470001 B 2113,4897 10673,907 11216,723 11242,189 19366,553 2236,2502 S 1089,23 9891,522 12617,462 7205,561 17753,645 375,52002
1,9469999 B 2113,4897 10673,907 11216,723 11242,189 19366,553 2236,2502 S 1089,23 9891,522 12617,462 7205,561 17753,645 375,52002
1,9470004 B 2113,4897 10673,907 11216,723 11242,189 19366,553 2236,2502 S 1089,23 9891,522 12617,462 7205,561 17753,645 375,52002
1,947548 B 2113,4897 10673,907 11216,723 11242,189 19366,553 2236,2502 S 1089,23 9891,522 12617,462 7205,561 17753,645 375,52002
1,9479998 B 2113,4897 10673,907 11216,723 11242,189 19366,553 2236,2502 S 1089,23 9891,522 12617,462 7205,561 17753,645 375,52002
1,9480004 B 2113,4897 10673,907 11216,723 11242,189 19366,553 2236,2502 S 1089,23 9891,522 12617,462 7205,561 17753,645 375,52002
1,9479996 B 2113,4897 10673,907 11216,723 11242,189 19366,553 2236,2502 S 1089,23 9891,522 12617,462 7205,561 17753,645 375,52002
1,9469628 B 2113,4897 10673,907 11216,723 11242,189 19366,553 2236,2502 S 1089,23 9891,522 12617,462 7205,561 17753,645 375,52002
1,946 B 2113,4897 10673,907 11216,723 11242,189 19366,553 2236,2502 S 1089,23 9891,522 12617,462 7205,561 17753,645 375,52002
1,9459996 B 2113,4897 10673,907 11216,723 11242,189 19366,553 2236,2502 S 1089,23 9891,522 12617,462 7205,561 17753,645 375,52002
1,9460002 B 2113,4897 10673,907 11216,723 11242,189 19366,553 2236,2502 S 1089,23 9891,522 12617,462 7205,561 17753,645 375,52002
1,9460002 B 2113,4897 10673,907 11216,723 11242,189 19366,553 2236,2502 S 1089,23 9891,522 12617,462 7205,561 17753,645 375,52002
1,9456213 B 2113,4897 10673,907 11216,723 11242,189 19366,553 2236,2502 S 1089,23 9891,522 12617,462 7205,561 17753,645 375,52002
1,9449998 B 2113,4897 10673,907 11216,723 11242,189 19366,553 2236,2502 S 1089,23 9891,522 12617,462 7205,561 17753,645 375,52002
1,9450003 B 2113,4897 10673,907 11216,723 11242,189 19366,553 2236,2502 S 1089,23 9891,522 12617,462 7205,561 17753,645 375,52002
1,9449998 B 2113,4897 10673,907 11216,723 11242,189 19366,553 2236,2502 S 1089,23 9891,522 12617,462 7205,561 17753,645 375,52002
1,945 B 2113,4897 10673,907 11216,723 11242,189 19366,553 2236,2502 S 1089,23 9891,522 12617,462 7205,561 17753,645 375,52002
1,9449997 B 2113,4897 10673,907 11216,723 11242,189 19366,553 2236,2502 S 1089,23 9891,522 12617,462 7205,561 17753,645 375,52002
1,9437296 B 2113,4897 10673,907 11216,723 11242,189 19366,553 2236,2502 S 1089,23 9891,522 12617,462 7205,561 17753,645 375,52002
1,9430002 B 2113,4897 10673,907 11216,723 11242,189 19366,553 2236,2502 S 1089,23 9891,522 12617,462 7205,561 17753,645 375,52002
1,9429997 B 2113,4897 10673,907 11216,723 11242,189 19366,553 2236,2502 S 1089,23 9891,522 12617,462 7205,561 17753,645 375,52002
1,9429997 B 2113,4897 10673,907 11216,723 11242,189 19366,553 2236,2502 S 1089,23 9891,522 12617,462 7205,561 17753,645 375,52002
1,943 B 2113,4897 10673,907 11216,723 11242,189 19366,553 2236,2502 S 1089,23 9891,522 12617,462 7205,561 17753,645 375,52002
1,9430003 B 2113,4897 10673,907 11216,723 11242,189 19366,553 2236,2502 S 1089,23 9891,522 12617,462 7205,561 17753,645 375,52002
1,9430008 B 2113,4897 10673,907 11216,723 11242,189 19366,553 2236,2502 S 1089,23 9891,522 12617,462 7205,561 17753,645 375,52002
1,943 B 2113,4897 10673,907 11216,723 11242,189 19366,553 2236,2502 S 1089,23 9891,522 12617,462 7205,561 17753,645 375,52002
1,943 B 2113,4897 10673,907 11216,723 11242,189 19366,553 2236,2502 S 1089,23 9891,522 12617,462 7205,561 17753,645 375,52002
1,9429996 B 2113,4897 10673,907 11216,723 11242,189 19366,553 2236,2502 S 1089,23 9891,522 12617,462 7205,561 17753,645 375,52002
1,9432068 B 2113,4897 10673,907 11216,723 11242,189 19366,553 2236,2502 S 1089,23 9891,522 12617,462 7205,561 17753,645 375,52002
1,9439999 B 2113,4897 10673,907 11216,723 11242,189 19366,553 2236,2502 S 1089,23 9891,522 12617,462 7205,561 17753,645 375,52002
1,9440004 B 2113,4897 10673,907 11216,723 11242,189 19366,553 2236,2502 S 1089,23 9891,522 12617,462 7205,561 17753,645 375,52002
1,9440001 B 2113,4897 10673,907 11216,723 11242,189 19366,553 2236,2502 S 1089,23 9891,522 12617,462 7205,561 17753,645 375,52002
1,9439995 B 2113,4897 10673,907 11216,723 11242,189 19366,553 2236,2502 S 1089,23 9891,522 12617,462 7205,561 17753,645 375,52002
1,942017 B 2113,4897 10673,907 11216,723 11242,189 19366,553 2236,2502 S 1089,23 9891,522 12617,462 7205,561 17753,645 375,52002
1,9399999 B 2113,4897 10673,907 11216,723 11242,189 19366,553 2236,2502 S 1089,23 9891,522 12617,462 7205,561 17753,645 375,52002
1,9400004 B 2113,4897 10673,907 11216,723 11242,189 19366,553 2236,2502 S 1089,23 9891,522 12617,462 7205,561 17753,645 375,52002
1,9402035 B 2113,4897 10673,907 11216,723 11242,189 19366,553 2236,2502 S 1089,23 9891,522 12617,462 7205,561 17753,645 375,52002
1,9420002 B 2113,4897 10673,907 11216,723 11242,189 19366,553 2236,2502 S 1089,23 9891,522 12617,462 7205,561 17753,645 375,52002
1,9420003 B 2113,4897 10673,907 11216,723 11242,189 19366,553 2236,2502 S 1089,23 9891,522 12617,462 7205,561 17753,645 375,52002
1,942 B 2113,4897 10673,907 11216,723 11242,189 19366,553 2236,2502 S 1089,23 9891,522 12617,462 7205,561 17753,645 375,52002
1,9419998 B 2113,4897 10673,907 11216,723 11242,189 19366,553 2236,2502 S 1089,23 9891,522 12617,462 7205,561 17753,645 375,52002
1,942 B 2113,4897 10673,907 11216,723 11242,189 19366,553 2236,2502 S 1089,23 9891,522 12617,462 7205,561 17753,645 375,52002
1,9419993 B 2113,4897 10673,907 11216,723 11242,189 19366,553 2236,2502 S 1089,23 9891,522 12617,462 7205,561 17753,645 375,52002
1,942 B 2113,4897 10673,907 11216,723 11242,189 19366,553 2236,2502 S 1089,23 9891,522 12617,462 7205,561 17753,645 375,52002
1,9424834 B 2113,4897 10673,907 11216,723 11242,189 19366,553 2236,2502 S 1089,23 9891,522 12617,462 7205,561 17753,645 375,52002
1,9440004 B 2113,4897 10673,907 11216,723 11242,189 19366,553 2236,2502 S 1089,23 9891,522 12617,462 7205,561 17753,645 375,52002
1,9439999 B 2113,4897 10673,907 11216,723 11242,189 19366,553 2236,2502 S 1089,23 9891,522 12617,462 7205,561 17753,645 375,52002
1,9439998 B 2113,4897 10673,907 11216,723 11242,189 19366,553 2236,2502 S 1089,23 9891,522 12617,462 7205,561 17753,645 375,52002
1,9440001 B 2113,4897 10673,907 11216,723 11242,189 19366,553 2236,2502 S 1089,23 9891,522 12617,462 7205,561 17753,645 375,52002
1,944 B 2113,4897 10673,907 11216,723 11242,189 19366,553 2236,2502 S 1089,23 9891,522 12617,462 7205,561 17753,645 375,52002
1,943256 B 2113,4897 10673,907 11216,723 11242,189 19366,553 2236,2502 S 1089,23 9891,522 12617,462 7205,561 17753,645 375,52002
1,9409994 B 2113,4897 10673,907 11216,723 11242,189 19366,553 2236,2502 S 1089,23 9891,522 12617,462 7205,561 17753,645 375,52002
1,9409993 B 2113,4897 10673,907 11216,723 11242,189 19366,553 2236,2502 S 1089,23 9891,522 12617,462 7205,561 17753,645 375,52002
1,9409997 B 2113,4897 10673,907 11216,723 11242,189 19366,553 2236,2502 S 1089,23 9891,522 12617,462 7205,561 17753,645 375,52002
1,9410001 B 2113,4897 10673,907 11216,723 11242,189 19366,553 2236,2502 S 1089,23 9891,522 12617,462 7205,561 17753,645 375,52002
1,941204 B 2113,4897 10673,907 11216,723 11242,189 19366,553 2236,2502 S 1089,23 9891,522 12617,462 7205,561 17753,645 375,52002
1,9422171 B 2113,4897 10673,907 11216,723 11242,189 19366,553 2236,2502 S 1089,23 9891,522 12617,462 7205,561 17753,645 375,52002
1,9430006 B 2113,4897 10673,907 11216,723 11242,189 19366,553 2236,2502 S 1089,23 9891,522 12617,462 7205,561 17753,645 375,52002
1,9430003 B 2113,4897 10673,907 11216,723 11242,189 19366,553 2236,2502 S 1089,23 9891,522 12617,462 7205,561 17753,645 375,52002
1,9430003 B 2113,4897 10673,907 11216,723 11242,189 19366,553 2236,2502 S 1089,23 9891,522 12617,462 7205,561 17753,645 375,52002
1,9429995 B 2113,4897 10673,907 11216,723 11242,189 19366,553 2236,2502 S 1089,23 9891,522 12617,462 7205,561 17753,645 375,52002
1,9430001 B 2113,4897 10673,907 11216,723 11242,189 19366,553 2236,2502 S 1089,23 9891,522 12617,462 7205,561 17753,645 375,52002
1,943 B 2113,4897 10673,907 11216,723 11242,189 19366,553 2236,2502 S 1089,23 9891,522 12617,462 7205,561 17753,645 375,52002
1,9430001 B 2113,4897 10673,907 11216,723 11242,189 19366,553 2236,2502 S 1089,23 9891,522 12617,462 7205,561 17753,645 375,52002
1,9432981 B 2113,4897 10673,907 11216,723 11242,189 19366,553 2236,2502 S 1089,23 9891,522 12617,462 7205,561 17753,645 375,52002
1,9440004 B 2113,4897 10673,907 11216,723 11242,189 19366,553 2236,2502 S 1089,23 9891,522 12617,462 7205,561 17753,645 375,52002
1,9439996 B 2113,4897 10673,907 11216,723 11242,189 19366,553 2236,2502 S 1089,23 9891,522 12617,462 7205,561 17753,645 375,52002
1,9439999 B 2113,4897 10673,907 11216,723 11242,189 19366,553 2236,2502 S 1089,23 9891,522 12617,462 7205,561 17753,645 375,52002
1,9440002 B 2113,4897 10673,907 11216,723 11242,189 19366,553 2236,2502 S 1089,23 9891,522 12617,462 7205,561 17753,645 375,52002
1,9439995 B 2113,4897 10673,907 11216,723 11242,189 19366,553 2236,2502 S 1089,23 9891,522 12617,462 7205,561 17753,645 375,52002
1,9439999 B 2113,4897 10673,907 11216,723 11242,189 19366,553 2236,2502 S 1089,23 9891,522 12617,462 7205,561 17753,645 375,52002
1,9440004 B 2113,4897 10673,907 11216,723 11242,189 19366,553 2236,2502 S 1089,23 9891,522 12617,462 7205,561 17753,645 375,52002
1,9440013 B 2113,4897 10673,907 11216,723 11242,189 19366,553 2236,2502 S 1089,23 9891,522 12617,462 7205,561 17753,645 375,52002
1,9439998 B 2113,4897 10673,907 11216,723 11242,189 19366,553 2236,2502 S 1089,23 9891,522 12617,462 7205,561 17753,645 375,52002
1,9445493 B 2113,4897 10673,907 11216,723 11242,189 19366,553 2236,2502 S 1089,23 9891,522 12617,462 7205,561 17753,645 375,52002
1,9449993 B 2113,4897 10673,907 11216,723 11242,189 19366,553 2236,2502 S 1089,23 9891,522 12617,462 7205,561 17753,645 375,52002
1,9449995 B 2113,4897 10673,907 11216,723 11242,189 19366,553 2236,2502 S 1089,23 9891,522 12617,462 7205,561 17753,645 375,52002
1,9450008 B 2113,4897 10673,907 11216,723 11242,189 19366,553 2236,2502 S 1089,23 9891,522 12617,462 7205,561 17753,645 375,52002
1,9450004 B 2113,4897 10673,907 11216,723 11242,189 19366,553 2236,2502 S 1089,23 9891,522 12617,462 7205,561 17753,645 375,52002
1,9450003 B 2113,4897 10673,907 11216,723 11242,189 19366,553 2236,2502 S 1089,23 9891,522 12617,462 7205,561 17753,645 375,52002
1,9449999 B 2113,4897 10673,907 11216,723 11242,189 19366,553 2236,2502 S 1089,23 9891,522 12617,462 7205,561 17753,645 375,52002
1,9456371 B 2113,4897 10673,907 11216,723 11242,189 19366,553 2236,2502 S 1089,23 9891,522 12617,462 7205,561 17753,645 375,52002
1,9460003 B 2113,4897 10673,907 11216,723 11242,189 19366,553 2236,2502 S 1089,23 9891,522 12617,462 7205,561 17753,645 375,52002
1,946 B 2113,4897 10673,907 11216,723 11242,189 19366,553 2236,2502 S 1089,23 9891,522 12617,462 7205,561 17753,645 375,52002
1,946 B 2113,4897 10673,907 11216,723 11242,189 19366,553 2236,2502 S 1089,23 9891,522 12617,462 7205,561 17753,645 375,52002
1,9460002 B 2113,4897 10673,907 11216,723 11242,189 19366,553 2236,2502 S 1089,23 9891,522 12617,462 7205,561 17753,645 375,52002
1,9458627 B 2113,4897 10673,907 11216,723 11242,189 19366,553 2236,2502 S 1089,23 9891,522 12617,462 7205,561 17753,645 375,52002
1,9433895 B 2113,4897 10673,907 11216,723 11242,189 19366,553 2236,2502 S 1089,23 9891,522 12617,462 7205,561 17753,645 375,52002
1,9429995 B 2113,4897 10673,907 11216,723 11242,189 19366,553 2236,2502 S 1089,23 9891,522 12617,462 7205,561 17753,645 375,52002
1,9430002 B 2113,4897 10673,907 11216,723 11242,189 19366,553 2236,2502 S 1089,23 9891,522 12617,462 7205,561 17753,645 375,52002
1,9429996 B 2113,4897 10673,907 11216,723 11242,189 19366,553 2236,2502 S 1089,23 9891,522 12617,462 7205,561 17753,645 375,52002
1,9429997 B 2113,4897 10673,907 11216,723 11242,189 19366,553 2236,2502 S 1089,23 9891,522 12617,462 7205,561 17753,645 375,52002
1,9429997 B 2113,4897 10673,907 11216,723 11242,189 19366,553 2236,2502 S 1089,23 9891,522 12617,462 7205,561 17753,645 375,52002
1,9430001 B 2113,4897 10673,907 11216,723 11242,189 19366,553 2236,2502 S 1089,23 9891,522 12617,462 7205,561 17753,645 375,52002
1,9430003 B 2113,4897 10673,907 11216,723 11242,189 19366,553 2236,2502 S 1089,23 9891,522 12617,462 7205,561 17753,645 375,52002
1,9430001 B 2113,4897 10673,907 11216,723 11242,189 19366,553 2236,2502 S 1089,23 9891,522 12617,462 7205,561 17753,645 375,52002
1,9429996 B 2113,4897 10673,907 11216,723 11242,189 19366,553 2236,2502 S 1089,23 9891,522 12617,462 7205,561 17753,645 375,52002
1,943 B 2113,4897 10673,907 11216,723 11242,189 19366,553 2236,2502 S 1089,23 9891,522 12617,462 7205,561 17753,645 375,52002
1,9430004 B 2113,4897 10673,907 11216,723 11242,189 19366,553 2236,2502 S 1089,23 9891,522 12617,462 7205,561 17753,645 375,52002
1,9430001 B 2113,4897 10673,907 11216,723 11242,189 19366,553 2236,2502 S 1089,23 9891,522 12617,462 7205,561 17753,645 375,52002
1,9430003 B 2113,4897 10673,907 11216,723 11242,189 19366,553 2236,2502 S 1089,23 9891,522 12617,462 7205,561 17753,645 375,52002
