1,8957216
1,8847455 B 1790,3632 10946,2295 11288,817 15143,425 11906,437 5757,562 S 2732,1707 8282,225 5990,63 13316,839 8153,8276 7327,842
1,887 B 1790,3632 10946,2295 11288,817 15143,425 11906,437 5757,562 S 2732,1707 8282,225 5990,63 13316,839 8153,8276 7327,842
1,8870003 B 1790,3632 10946,2295 11288,817 15143,425 11906,437 5757,562 S 2732,1707 8282,225 5990,63 13316,839 8153,8276 7327,842
1,8869996 B 1790,3632 10946,2295 11288,817 15143,425 11906,437 5757,562 S 2732,1707 8282,225 5990,63 13316,839 8153,8276 7327,842
1,8870004 B 1790,3632 10946,2295 11288,817 15143,425 11906,437 5757,562 S 2732,1707 8282,225 5990,63 13316,839 8153,8276 7327,842
1,8856477 B 1790,3632 10946,2295 11288,817 15143,425 11906,437 5757,562 S 2732,1707 8282,225 5990,63 13316,839 8153,8276 7327,842
1,885 B 1790,3632 10946,2295 11288,817 15143,425 11906,437 5757,562 S 2732,1707 8282,225 5990,63 13316,839 8153,8276 7327,842
1,885 B 1790,3632 10946,2295 11288,817 15143,425 11906,437 5757,562 S 2732,1707 8282,225 5990,63 13316,839 8153,8276 7327,842
1,885 B 1790,3632 10946,2295 11288,817 15143,425 11906,437 5757,562 S 2732,1707 8282,225 5990,63 13316,839 8153,8276 7327,842
1,8850001 B 1790,3632 10946,2295 11288,817 15143,425 11906,437 5757,562 S 2732,1707 8282,225 5990,63 13316,839 8153,8276 7327,842
1,8850001 B 1790,3632 10946,2295 11288,817 15143,425 11906,437 5757,562 S 2732,1707 8282,225 5990,63 13316,839 8153,8276 7327,842
1,8850005 B 1790,3632 10946,2295 11288,817 15143,425 11906,437 5757,562 S 2732,1707 8282,225 5990,63 13316,839 8153,8276 7327,842
1,8850002 B 1790,3632 10946,2295 11288,817 15143,425 11906,437 5757,562 S 2732,1707 8282,225 5990,63 13316,839 8153,8276 7327,842
1,8849999 B 1790,3632 10946,2295 11288,817 15143,425 11906,437 5757,562 S 2732,1707 8282,225 5990,63 13316,839 8153,8276 7327,842
1,8850003 B 1790,3632 10946,2295 11288,817 15143,425 11906,437 5757,562 S 2732,1707 8282,225 5990,63 13316,839 8153,8276 7327,842
1,885882 B 1790,3632 10946,2295 11288,817 15143,425 11906,437 5757,562 S 2732,1707 8282,225 5990,63 13316,839 8153,8276 7327,842
1,8859998 B 1790,3632 10946,2295 11288,817 15143,425 11906,437 5757,562 S 2732,1707 8282,225 5990,63 13316,839 8153,8276 7327,842
1,8860004 B 1790,3632 10946,2295 11288,817 15143,425 11906,437 5757,562 S 2732,1707 8282,225 5990,63 13316,839 8153,8276 7327,842
1,886086 B 1790,3632 10946,2295 11288,817 15143,425 11906,437 5757,562 S 2732,1707 8282,225 5990,63 13316,839 8153,8276 7327,842
1,8869998 B 1790,3632 10946,2295 11288,817 15143,425 11906,437 5757,562 S 2732,1707 8282,225 5990,63 13316,839 8153,8276 7327,842
1,8869998 B 1790,3632 10946,2295 11288,817 15143,425 11906,437 5757,562 S 2732,1707 8282,225 5990,63 13316,839 8153,8276 7327,842
1,8864331 B 1790,3632 10946,2295 11288,817 15143,425 11906,437 5757,562 S 2732,1707 8282,225 5990,63 13316,839 8153,8276 7327,842
1,8860008 B 1790,3632 10946,2295 11288,817 15143,425 11906,437 5757,562 S 2732,1707 8282,225 5990,63 13316,839 8153,8276 7327,842
1,8860003 B 1790,3632 10946,2295 11288,817 15143,425 11906,437 5757,562 S 2732,1707 8282,225 5990,63 13316,839 8153,8276 7327,842
1,8860002 B 1790,3632 10946,2295 11288,817 15143,425 11906,437 5757,562 S 2732,1707 8282,225 5990,63 13316,839 8153,8276 7327,842
1,8860002 B 1790,3632 10946,2295 11288,817 15143,425 11906,437 5757,562 S 2732,1707 8282,225 5990,63 13316,839 8153,8276 7327,842
1,8859998 B 1790,3632 10946,2295 11288,817 15143,425 11906,437 5757,562 S 2732,1707 8282,225 5990,63 13316,839 8153,8276 7327,842
1,8860002 B 1790,3632 10946,2295 11288,817 15143,425 11906,437 5757,562 S 2732,1707 8282,225 5990,63 13316,839 8153,8276 7327,842
1,886 B 1790,3632 10946,2295 11288,817 15143,425 11906,437 5757,562 S 2732,1707 8282,225 5990,63 13316,839 8153,8276 7327,842
1,8860002 B 1790,3632 10946,2295 11288,817 15143,425 11906,437 5757,562 S 2732,1707 8282,225 5990,63 13316,839 8153,8276 7327,842
1,8860003 B 1790,3632 10946,2295 11288,817 15143,425 11906,437 5757,562 S 2732,1707 8282,225 5990,63 13316,839 8153,8276 7327,842
1,8859998 B 1790,3632 10946,2295 11288,817 15143,425 11906,437 5757,562 S 2732,1707 8282,225 5990,63 13316,839 8153,8276 7327,842
1,8859998 B 1790,3632 10946,2295 11288,817 15143,425 11906,437 5757,562 S 2732,1707 8282,225 5990,63 13316,839 8153,8276 7327,842
1,8860003 B 1790,3632 10946,2295 11288,817 15143,425 11906,437 5757,562 S 2732,1707 8282,225 5990,63 13316,839 8153,8276 7327,842
1,8859997 B 1790,3632 10946,2295 11288,817 15143,425 11906,437 5757,562 S 2732,1707 8282,225 5990,63 13316,839 8153,8276 7327,842
1,8859999 B 1790,3632 10946,2295 11288,817 15143,425 11906,437 5757,562 S 2732,1707 8282,225 5990,63 13316,839 8153,8276 7327,842
1,8868611 B 1790,3632 10946,2295 11288,817 15143,425 11906,437 5757,562 S 2732,1707 8282,225 5990,63 13316,839 8153,8276 7327,842
1,888 B 1790,3632 10946,2295 11288,817 15143,425 11906,437 5757,562 S 2732,1707 8282,225 5990,63 13316,839 8153,8276 7327,842
1,8880001 B 1790,3632 10946,2295 11288,817 15143,425 11906,437 5757,562 S 2732,1707 8282,225 5990,63 13316,839 8153,8276 7327,842
1,8879998 B 1790,3632 10946,2295 11288,817 15143,425 11906,437 5757,562 S 2732,1707 8282,225 5990,63 13316,839 8153,8276 7327,842
1,8873566 B 1790,3632 10946,2295 11288,817 15143,425 11906,437 5757,562 S 2732,1707 8282,225 5990,63 13316,839 8153,8276 7327,842
1,8869996 B 1790,3632 10946,2295 11288,817 15143,425 11906,437 5757,562 S 2732,1707 8282,225 5990,63 13316,839 8153,8276 7327,842
1,8869994 B 1790,3632 10946,2295 11288,817 15143,425 11906,437 5757,562 S 2732,1707 8282,225 5990,63 13316,839 8153,8276 7327,842
1,8869996 B 1790,3632 10946,2295 11288,817 15143,425 11906,437 5757,562 S 2732,1707 8282,225 5990,63 13316,839 8153,8276 7327,842
1,8869998 B 1790,3632 10946,2295 11288,817 15143,425 11906,437 5757,562 S 2732,1707 8282,225 5990,63 13316,839 8153,8276 7327,842
1,8877901 B 1790,3632 10946,2295 11288,817 15143,425 11906,437 5757,562 S 2732,1707 8282,225 5990,63 13316,839 8153,8276 7327,842
1,888 B 1790,3632 10946,2295 11288,817 15143,425 11906,437 5757,562 S 2732,1707 8282,225 5990,63 13316,839 8153,8276 7327,842
1,8879999 B 1790,3632 10946,2295 11288,817 15143,425 11906,437 5757,562 S 2732,1707 8282,225 5990,63 13316,839 8153,8276 7327,842
1,8880004 B 1790,3632 10946,2295 11288,817 15143,425 11906,437 5757,562 S 2732,1707 8282,225 5990,63 13316,839 8153,8276 7327,842
1,8880001 B 1790,3632 10946,2295 11288,817 15143,425 11906,437 5757,562 S 2732,1707 8282,225 5990,63 13316,839 8153,8276 7327,842
1,888312 B 1790,3632 10946,2295 11288,817 15143,425 11906,437 5757,562 S 2732,1707 8282,225 5990,63 13316,839 8153,8276 7327,842
1,8889998 B 1790,3632 10946,2295 11288,817 15143,425 11906,437 5757,562 S 2732,1707 8282,225 5990,63 13316,839 8153,8276 7327,842
1,8890007 B 1790,3632 10946,2295 11288,817 15143,425 11906,437 5757,562 S 2732,1707 8282,225 5990,63 13316,839 8153,8276 7327,842
1,889293 B 1790,3632 10946,2295 11288,817 15143,425 11906,437 5757,562 S 2732,1707 8282,225 5990,63 13316,839 8153,8276 7327,842
1,8904945 B 1790,3632 10946,2295 11288,817 15143,425 11906,437 5757,562 S 2732,1707 8282,225 5990,63 13316,839 8153,8276 7327,842
1,891 B 1790,3632 10946,2295 11288,817 15143,425 11906,437 5757,562 S 2732,1707 8282,225 5990,63 13316,839 8153,8276 7327,842
1,8909996 B 1790,3632 10946,2295 11288,817 15143,425 11906,437 5757,562 S 2732,1707 8282,225 5990,63 13316,839 8153,8276 7327,842
1,891 B 1790,3632 10946,2295 11288,817 15143,425 11906,437 5757,562 S 2732,1707 8282,225 5990,63 13316,839 8153,8276 7327,842
1,8909999 B 1790,3632 10946,2295 11288,817 15143,425 11906,437 5757,562 S 2732,1707 8282,225 5990,63 13316,839 8153,8276 7327,842
1,8910002 B 1790,3632 10946,2295 11288,817 15143,425 11906,437 5757,562 S 2732,1707 8282,225 5990,63 13316,839 8153,8276 7327,842
1,8909997 B 1790,3632 10946,2295 11288,817 15143,425 11906,437 5757,562 S 2732,1707 8282,225 5990,63 13316,839 8153,8276 7327,842
1,8916332 B 1790,3632 10946,2295 11288,817 15143,425 11906,437 5757,562 S 2732,1707 8282,225 5990,63 13316,839 8153,8276 7327,842
1,8920003 B 1790,3632 10946,2295 11288,817 15143,425 11906,437 5757,562 S 2732,1707 8282,225 5990,63 13316,839 8153,8276 7327,842
1,8920004 B 1790,3632 10946,2295 11288,817 15143,425 11906,437 5757,562 S 2732,1707 8282,225 5990,63 13316,839 8153,8276 7327,842
1,8920003 B 1790,3632 10946,2295 11288,817 15143,425 11906,437 5757,562 S 2732,1707 8282,225 5990,63 13316,839 8153,8276 7327,842
1,892576 B 1790,3632 10946,2295 11288,817 15143,425 11906,437 5757,562 S 2732,1707 8282,225 5990,63 13316,839 8153,8276 7327,842
1,8934003 B 1790,3632 10946,2295 11288,817 15143,425 11906,437 5757,562 S 2732,1707 8282,225 5990,63 13316,839 8153,8276 7327,842
1,8939997 B 1790,3632 10946,2295 11288,817 15143,425 11906,437 5757,562 S 2732,1707 8282,225 5990,63 13316,839 8153,8276 7327,842
1,8941593 B 1790,3632 10946,2295 11288,817 15143,425 11906,437 5757,562 S 2732,1707 8282,225 5990,63 13316,839 8153,8276 7327,842
1,8949997 B 1790,3632 10946,2295 11288,817 15143,425 11906,437 5757,562 S 2732,1707 8282,225 5990,63 13316,839 8153,8276 7327,842
1,8953106 B 1790,3632 10946,2295 11288,817 15143,425 11906,437 5757,562 S 2732,1707 8282,225 5990,63 13316,839 8153,8276 7327,842
1,8960005 B 1790,3632 10946,2295 11288,817 15143,425 11906,437 5757,562 S 2732,1707 8282,225 5990,63 13316,839 8153,8276 7327,842
1,8960508 B 1790,3632 10946,2295 11288,817 15143,425 11906,437 5757,562 S 2732,1707 8282,225 5990,63 13316,839 8153,8276 7327,842
1,8970002 B 1790,3632 10946,2295 11288,817 15143,425 11906,437 5757,562 S 2732,1707 8282,225 5990,63 13316,839 8153,8276 7327,842
1,897 B 1790,3632 10946,2295 11288,817 15143,425 11906,437 5757,562 S 2732,1707 8282,225 5990,63 13316,839 8153,8276 7327,842
1,8969997 B 1790,3632 10946,2295 11288,817 15143,425 11906,437 5757,562 S 2732,1707 8282,225 5990,63 13316,839 8153,8276 7327,842
1,8969996 B 1790,3632 10946,2295 11288,817 15143,425 11906,437 5757,562 S 2732,1707 8282,225 5990,63 13316,839 8153,8276 7327,842
1,8969997 B 1790,3632 10946,2295 11288,817 15143,425 11906,437 5757,562 S 2732,1707 8282,225 5990,63 13316,839 8153,8276 7327,842
1,8969998 B 1790,3632 10946,2295 11288,817 15143,425 11906,437 5757,562 S 2732,1707 8282,225 5990,63 13316,839 8153,8276 7327,842
1,8965567 B 1790,3632 10946,2295 11288,817 15143,425 11906,437 5757,562 S 2732,1707 8282,225 5990,63 13316,839 8153,8276 7327,842
1,8960007 B 1790,3632 10946,2295 11288,817 15143,425 11906,437 5757,562 S 2732,1707 8282,225 5990,63 13316,839 8153,8276 7327,842
1,8960003 B 1790,3632 10946,2295 11288,817 15143,425 11906,437 5757,562 S 2732,1707 8282,225 5990,63 13316,839 8153,8276 7327,842
1,8960001 B 1790,3632 10946,2295 11288,817 15143,425 11906,437 5757,562 S 2732,1707 8282,225 5990,63 13316,839 8153,8276 7327,842
1,8960001 B 1790,3632 10946,2295 11288,817 15143,425 11906,437 5757,562 S 2732,1707 8282,225 5990,63 13316,839 8153,8276 7327,842
1,8959999 B 1790,3632 10946,2295 11288,817 15143,425 11906,437 5757,562 S 2732,1707 8282,225 5990,63 13316,839 8153,8276 7327,842
1,8960001 B 1790,3632 10946,2295 11288,817 15143,425 11906,437 5757,562 S 2732,1707 8282,225 5990,63 13316,839 8153,8276 7327,842
1,8959999 B 1790,3632 10946,2295 11288,817 15143,425 11906,437 5757,562 S 2732,1707 8282,225 5990,63 13316,839 8153,8276 7327,842
1,8959999 B 1790,3632 10946,2295 11288,817 15143,425 11906,437 5757,562 S 2732,1707 8282,225 5990,63 13316,839 8153,8276 7327,842
1,8959997 B 1790,3632 10946,2295 11288,817 15143,425 11906,437 5757,562 S 2732,1707 8282,225 5990,63 13316,839 8153,8276 7327,842
1,896 B 1790,3632 10946,2295 11288,817 15143,425 11906,437 5757,562 S 2732,1707 8282,225 5990,63 13316,839 8153,8276 7327,842
1,8960001 B 1790,3632 10946,2295 11288,817 15143,425 11906,437 5757,562 S 2732,1707 8282,225 5990,63 13316,839 8153,8276 7327,842
1,8962506 B 1790,3632 10946,2295 11288,817 15143,425 11906,437 5757,562 S 2732,1707 8282,225 5990,63 13316,839 8153,8276 7327,842
1,898 B 1790,3632 10946,2295 11288,817 15143,425 11906,437 5757,562 S 2732,1707 8282,225 5990,63 13316,839 8153,8276 7327,842
1,8980002 B 1790,3632 10946,2295 11288,817 15143,425 11906,437 5757,562 S 2732,1707 8282,225 5990,63 13316,839 8153,8276 7327,842
1,8980001 B 1790,3632 10946,2295 11288,817 15143,425 11906,437 5757,562 S 2732,1707 8282,225 5990,63 13316,839 8153,8276 7327,842
1,8980002 B 1790,3632 10946,2295 11288,817 15143,425 11906,437 5757,562 S 2732,1707 8282,225 5990,63 13316,839 8153,8276 7327,842
1,8980001 B 1790,3632 10946,2295 11288,817 15143,425 11906,437 5757,562 S 2732,1707 8282,225 5990,63 13316,839 8153,8276 7327,842
1,898 B 1790,3632 10946,2295 11288,817 15143,425 11906,437 5757,562 S 2732,1707 8282,225 5990,63 13316,839 8153,8276 7327,842
1,8980007 B 1790,3632 10946,2295 11288,817 15143,425 11906,437 5757,562 S 2732,1707 8282,225 5990,63 13316,839 8153,8276 7327,842
1,8980002 B 1790,3632 10946,2295 11288,817 15143,425 11906,437 5757,562 S 2732,1707 8282,225 5990,63 13316,839 8153,8276 7327,842
1,8980007 B 1790,3632 10946,2295 11288,817 15143,425 11906,437 5757,562 S 2732,1707 8282,225 5990,63 13316,839 8153,8276 7327,842
1,8980001 B 1790,3632 10946,2295 11288,817 15143,425 11906,437 5757,562 S 2732,1707 8282,225 5990,63 13316,839 8153,8276 7327,842
1,8979996 B 1790,3632 10946,2295 11288,817 15143,425 11906,437 5757,562 S 2732,1707 8282,225 5990,63 13316,839 8153,8276 7327,842
1,8980002 B 1790,3632 10946,2295 11288,817 15143,425 11906,437 5757,562 S 2732,1707 8282,225 5990,63 13316,839 8153,8276 7327,842
1,8980001 B 1790,3632 10946,2295 11288,817 15143,425 11906,437 5757,562 S 2732,1707 8282,225 5990,63 13316,839 8153,8276 7327,842
1,8979999 B 1790,3632 10946,2295 11288,817 15143,425 11906,437 5757,562 S 2732,1707 8282,225 5990,63 13316,839 8153,8276 7327,842
1,8980002 B 1790,3632 10946,2295 11288,817 15143,425 11906,437 5757,562 S 2732,1707 8282,225 5990,63 13316,839 8153,8276 7327,842
1,8988647 B 1790,3632 10946,2295 11288,817 15143,425 11906,437 5757,562 S 2732,1707 8282,225 5990,63 13316,839 8153,8276 7327,842
1,8989996 B 1790,3632 10946,2295 11288,817 15143,425 11906,437 5757,562 S 2732,1707 8282,225 5990,63 13316,839 8153,8276 7327,842
1,8989998 B 1790,3632 10946,2295 11288,817 15143,425 11906,437 5757,562 S 2732,1707 8282,225 5990,63 13316,839 8153,8276 7327,842
1,8994495 B 1790,3632 10946,2295 11288,817 15143,425 11906,437 5757,562 S 2732,1707 8282,225 5990,63 13316,839 8153,8276 7327,842
1,9000002 B 1790,3632 10946,2295 11288,817 15143,425 11906,437 5757,562 S 2732,1707 8282,225 5990,63 13316,839 8153,8276 7327,842
1,8999999 B 1790,3632 10946,2295 11288,817 15143,425 11906,437 5757,562 S 2732,1707 8282,225 5990,63 13316,839 8153,8276 7327,842
1,8999997 B 1790,3632 10946,2295 11288,817 15143,425 11906,437 5757,562 S 2732,1707 8282,225 5990,63 13316,839 8153,8276 7327,842
1,9000007 B 1790,3632 10946,2295 11288,817 15143,425 11906,437 5757,562 S 2732,1707 8282,225 5990,63 13316,839 8153,8276 7327,842
1,9000002 B 1790,3632 10946,2295 11288,817 15143,425 11906,437 5757,562 S 2732,1707 8282,225 5990,63 13316,839 8153,8276 7327,842
1,8999995 B 1790,3632 10946,2295 11288,817 15143,425 11906,437 5757,562 S 2732,1707 8282,225 5990,63 13316,839 8153,8276 7327,842
1,9 B 1790,3632 10946,2295 11288,817 15143,425 11906,437 5757,562 S 2732,1707 8282,225 5990,63 13316,839 8153,8276 7327,842
1,9000001 B 1790,3632 10946,2295 11288,817 15143,425 11906,437 5757,562 S 2732,1707 8282,225 5990,63 13316,839 8153,8276 7327,842
1,8999996 B 1790,3632 10946,2295 11288,817 15143,425 11906,437 5757,562 S 2732,1707 8282,225 5990,63 13316,839 8153,8276 7327,842
1,9000002 B 1790,3632 10946,2295 11288,817 15143,425 11906,437 5757,562 S 2732,1707 8282,225 5990,63 13316,839 8153,8276 7327,842
1,8999996 B 1790,3632 10946,2295 11288,817 15143,425 11906,437 5757,562 S 2732,1707 8282,225 5990,63 13316,839 8153,8276 7327,842
1,9 B 1790,3632 10946,2295 11288,817 15143,425 11906,437 5757,562 S 2732,1707 8282,225 5990,63 13316,839 8153,8276 7327,842
1,9000005 B 1790,3632 10946,2295 11288,817 15143,425 11906,437 5757,562 S 2732,1707 8282,225 5990,63 13316,839 8153,8276 7327,842
1,9000003 B 1790,3632 10946,2295 11288,817 15143,425 11906,437 5757,562 S 2732,1707 8282,225 5990,63 13316,839 8153,8276 7327,842
1,9000001 B 1790,3632 10946,2295 11288,817 15143,425 11906,437 5757,562 S 2732,1707 8282,225 5990,63 13316,839 8153,8276 7327,842
1,9 B 1790,3632 10946,2295 11288,817 15143,425 11906,437 5757,562 S 2732,1707 8282,225 5990,63 13316,839 8153,8276 7327,842
1,9007882 B 1790,3632 10946,2295 11288,817 15143,425 11906,437 5757,562 S 2732,1707 8282,225 5990,63 13316,839 8153,8276 7327,842
1,9010003 B 1790,3632 10946,2295 11288,817 15143,425 11906,437 5757,562 S 2732,1707 8282,225 5990,63 13316,839 8153,8276 7327,842
1,9010003 B 1790,3632 10946,2295 11288,817 15143,425 11906,437 5757,562 S 2732,1707 8282,225 5990,63 13316,839 8153,8276 7327,842
1,9010003 B 1790,3632 10946,2295 11288,817 15143,425 11906,437 5757,562 S 2732,1707 8282,225 5990,63 13316,839 8153,8276 7327,842
1,9010003 B 1790,3632 10946,2295 11288,817 15143,425 11906,437 5757,562 S 2732,1707 8282,225 5990,63 13316,839 8153,8276 7327,842
1,9010006 B 1790,3632 10946,2295 11288,817 15143,425 11906,437 5757,562 S 2732,1707 8282,225 5990,63 13316,839 8153,8276 7327,842
1,9010001 B 1790,3632 10946,2295 11288,817 15143,425 11906,437 5757,562 S 2732,1707 8282,225 5990,63 13316,839 8153,8276 7327,842
1,9009997 B 1790,3632 10946,2295 11288,817 15143,425 11906,437 5757,562 S 2732,1707 8282,225 5990,63 13316,839 8153,8276 7327,842
1,9010003 B 1790,3632 10946,2295 11288,817 15143,425 11906,437 5757,562 S 2732,1707 8282,225 5990,63 13316,839 8153,8276 7327,842
1,9010005 B 1790,3632 10946,2295 11288,817 15143,425 11906,437 5757,562 S 2732,1707 8282,225 5990,63 13316,839 8153,8276 7327,842
1,9010005 B 1790,3632 10946,2295 11288,817 15143,425 11906,437 5757,562 S 2732,1707 8282,225 5990,63 13316,839 8153,8276 7327,842
1,9009999 B 1790,3632 10946,2295 11288,817 15143,425 11906,437 5757,562 S 2732,1707 8282,225 5990,63 13316,839 8153,8276 7327,842
1,9001541 B 1790,3632 10946,2295 11288,817 15143,425 11906,437 5757,562 S 2732,1707 8282,225 5990,63 13316,839 8153,8276 7327,842
1,9006997 B 1790,3632 10946,2295 11288,817 15143,425 11906,437 5757,562 S 2732,1707 8282,225 5990,63 13316,839 8153,8276 7327,842
1,9010004 B 1790,3632 10946,2295 11288,817 15143,425 11906,437 5757,562 S 2732,1707 8282,225 5990,63 13316,839 8153,8276 7327,842
1,9010003 B 1790,3632 10946,2295 11288,817 15143,425 11906,437 5757,562 S 2732,1707 8282,225 5990,63 13316,839 8153,8276 7327,842
1,9009997 B 1790,3632 10946,2295 11288,817 15143,425 11906,437 5757,562 S 2732,1707 8282,225 5990,63 13316,839 8153,8276 7327,842
1,9010004 B 1790,3632 10946,2295 11288,817 15143,425 11906,437 5757,562 S 2732,1707 8282,225 5990,63 13316,839 8153,8276 7327,842
1,9010003 B 1790,3632 10946,2295 11288,817 15143,425 11906,437 5757,562 S 2732,1707 8282,225 5990,63 13316,839 8153,8276 7327,842
1,9004414 B 1790,3632 10946,2295 11288,817 15143,425 11906,437 5757,562 S 2732,1707 8282,225 5990,63 13316,839 8153,8276 7327,842
1,9000007 B 1790,3632 10946,2295 11288,817 15143,425 11906,437 5757,562 S 2732,1707 8282,225 5990,63 13316,839 8153,8276 7327,842
1,8999995 B 1790,3632 10946,2295 11288,817 15143,425 11906,437 5757,562 S 2732,1707 8282,225 5990,63 13316,839 8153,8276 7327,842
1,9000002 B 1790,3632 10946,2295 11288,817 15143,425 11906,437 5757,562 S 2732,1707 8282,225 5990,63 13316,839 8153,8276 7327,842
1,8999996 B 1790,3632 10946,2295 11288,817 15143,425 11906,437 5757,562 S 2732,1707 8282,225 5990,63 13316,839 8153,8276 7327,842
1,9000008 B 1790,3632 10946,2295 11288,817 15143,425 11906,437 5757,562 S 2732,1707 8282,225 5990,63 13316,839 8153,8276 7327,842
1,8999999 B 1790,3632 10946,2295 11288,817 15143,425 11906,437 5757,562 S 2732,1707 8282,225 5990,63 13316,839 8153,8276 7327,842
1,9000001 B 1790,3632 10946,2295 11288,817 15143,425 11906,437 5757,562 S 2732,1707 8282,225 5990,63 13316,839 8153,8276 7327,842
1,9000005 B 1790,3632 10946,2295 11288,817 15143,425 11906,437 5757,562 S 2732,1707 8282,225 5990,63 13316,839 8153,8276 7327,842
1,9000002 B 1790,3632 10946,2295 11288,817 15143,425 11906,437 5757,562 S 2732,1707 8282,225 5990,63 13316,839 8153,8276 7327,842
1,9000001 B 1790,3632 10946,2295 11288,817 15143,425 11906,437 5757,562 S 2732,1707 8282,225 5990,63 13316,839 8153,8276 7327,842
1,8999999 B 1790,3632 10946,2295 11288,817 15143,425 11906,437 5757,562 S 2732,1707 8282,225 5990,63 13316,839 8153,8276 7327,842
1,9000002 B 1790,3632 10946,2295 11288,817 15143,425 11906,437 5757,562 S 2732,1707 8282,225 5990,63 13316,839 8153,8276 7327,842
1,8999997 B 1790,3632 10946,2295 11288,817 15143,425 11906,437 5757,562 S 2732,1707 8282,225 5990,63 13316,839 8153,8276 7327,842
1,9000001 B 1790,3632 10946,2295 11288,817 15143,425 11906,437 5757,562 S 2732,1707 8282,225 5990,63 13316,839 8153,8276 7327,842
1,9000001 B 1790,3632 10946,2295 11288,817 15143,425 11906,437 5757,562 S 2732,1707 8282,225 5990,63 13316,839 8153,8276 7327,842
1,9000005 B 1790,3632 10946,2295 11288,817 15143,425 11906,437 5757,562 S 2732,1707 8282,225 5990,63 13316,839 8153,8276 7327,842
1,8999999 B 1790,3632 10946,2295 11288,817 15143,425 11906,437 5757,562 S 2732,1707 8282,225 5990,63 13316,839 8153,8276 7327,842
1,9000007 B 1790,3632 10946,2295 11288,817 15143,425 11906,437 5757,562 S 2732,1707 8282,225 5990,63 13316,839 8153,8276 7327,842
1,9000002 B 1790,3632 10946,2295 11288,817 15143,425 11906,437 5757,562 S 2732,1707 8282,225 5990,63 13316,839 8153,8276 7327,842
1,9 B 1790,3632 10946,2295 11288,817 15143,425 11906,437 5757,562 S 2732,1707 8282,225 5990,63 13316,839 8153,8276 7327,842
1,8999999 B 1790,3632 10946,2295 11288,817 15143,425 11906,437 5757,562 S 2732,1707 8282,225 5990,63 13316,839 8153,8276 7327,842
1,8999999 B 1790,3632 10946,2295 11288,817 15143,425 11906,437 5757,562 S 2732,1707 8282,225 5990,63 13316,839 8153,8276 7327,842
1,8999999 B 1790,3632 10946,2295 11288,817 15143,425 11906,437 5757,562 S 2732,1707 8282,225 5990,63 13316,839 8153,8276 7327,842
1,9002032 B 1790,3632 10946,2295 11288,817 15143,425 11906,437 5757,562 S 2732,1707 8282,225 5990,63 13316,839 8153,8276 7327,842
1,9010003 B 1790,3632 10946,2295 11288,817 15143,425 11906,437 5757,562 S 2732,1707 8282,225 5990,63 13316,839 8153,8276 7327,842
1,9010005 B 1790,3632 10946,2295 11288,817 15143,425 11906,437 5757,562 S 2732,1707 8282,225 5990,63 13316,839 8153,8276 7327,842
1,9009998 B 1790,3632 10946,2295 11288,817 15143,425 11906,437 5757,562 S 2732,1707 8282,225 5990,63 13316,839 8153,8276 7327,842
1,9010003 B 1790,3632 10946,2295 11288,817 15143,425 11906,437 5757,562 S 2732,1707 8282,225 5990,63 13316,839 8153,8276 7327,842
1,901289 B 1790,3632 10946,2295 11288,817 15143,425 11906,437 5757,562 S 2732,1707 8282,225 5990,63 13316,839 8153,8276 7327,842
1,9020001 B 1790,3632 10946,2295 11288,817 15143,425 11906,437 5757,562 S 2732,1707 8282,225 5990,63 13316,839 8153,8276 7327,842
1,9010265 B 1790,3632 10946,2295 11288,817 15143,425 11906,437 5757,562 S 2732,1707 8282,225 5990,63 13316,839 8153,8276 7327,842
1,9003274 B 1790,3632 10946,2295 11288,817 15143,425 11906,437 5757,562 S 2732,1707 8282,225 5990,63 13316,839 8153,8276 7327,842
1,8999999 B 1790,3632 10946,2295 11288,817 15143,425 11906,437 5757,562 S 2732,1707 8282,225 5990,63 13316,839 8153,8276 7327,842
1,8999997 B 1790,3632 10946,2295 11288,817 15143,425 11906,437 5757,562 S 2732,1707 8282,225 5990,63 13316,839 8153,8276 7327,842
1,8999999 B 1790,3632 10946,2295 11288,817 15143,425 11906,437 5757,562 S 2732,1707 8282,225 5990,63 13316,839 8153,8276 7327,842
1,899134 B 1790,3632 10946,2295 11288,817 15143,425 11906,437 5757,562 S 2732,1707 8282,225 5990,63 13316,839 8153,8276 7327,842
1,8989995 B 1790,3632 10946,2295 11288,817 15143,425 11906,437 5757,562 S 2732,1707 8282,225 5990,63 13316,839 8153,8276 7327,842
1,8990002 B 1790,3632 10946,2295 11288,817 15143,425 11906,437 5757,562 S 2732,1707 8282,225 5990,63 13316,839 8153,8276 7327,842
1,8990002 B 1790,3632 10946,2295 11288,817 15143,425 11906,437 5757,562 S 2732,1707 8282,225 5990,63 13316,839 8153,8276 7327,842
1,8990008 B 1790,3632 10946,2295 11288,817 15143,425 11906,437 5757,562 S 2732,1707 8282,225 5990,63 13316,839 8153,8276 7327,842
1,8989998 B 1790,3632 10946,2295 11288,817 15143,425 11906,437 5757,562 S 2732,1707 8282,225 5990,63 13316,839 8153,8276 7327,842
1,8989999 B 1790,3632 10946,2295 11288,817 15143,425 11906,437 5757,562 S 2732,1707 8282,225 5990,63 13316,839 8153,8276 7327,842
1,8990003 B 1790,3632 10946,2295 11288,817 15143,425 11906,437 5757,562 S 2732,1707 8282,225 5990,63 13316,839 8153,8276 7327,842
1,8989995 B 1790,3632 10946,2295 11288,817 15143,425 11906,437 5757,562 S 2732,1707 8282,225 5990,63 13316,839 8153,8276 7327,842
1,8990003 B 1790,3632 10946,2295 11288,817 15143,425 11906,437 5757,562 S 2732,1707 8282,225 5990,63 13316,839 8153,8276 7327,842
1,8989999 B 1790,3632 10946,2295 11288,817 15143,425 11906,437 5757,562 S 2732,1707 8282,225 5990,63 13316,839 8153,8276 7327,842
1,8989995 B 1790,3632 10946,2295 11288,817 15143,425 11906,437 5757,562 S 2732,1707 8282,225 5990,63 13316,839 8153,8276 7327,842
1,8990009 B 1790,3632 10946,2295 11288,817 15143,425 11906,437 5757,562 S 2732,1707 8282,225 5990,63 13316,839 8153,8276 7327,842
1,8990002 B 1790,3632 10946,2295 11288,817 15143,425 11906,437 5757,562 S 2732,1707 8282,225 5990,63 13316,839 8153,8276 7327,842
1,8989997 B 1790,3632 10946,2295 11288,817 15143,425 11906,437 5757,562 S 2732,1707 8282,225 5990,63 13316,839 8153,8276 7327,842
1,8990002 B 1790,3632 10946,2295 11288,817 15143,425 11906,437 5757,562 S 2732,1707 8282,225 5990,63 13316,839 8153,8276 7327,842
1,8990004 B 1790,3632 10946,2295 11288,817 15143,425 11906,437 5757,562 S 2732,1707 8282,225 5990,63 13316,839 8153,8276 7327,842
1,8989999 B 1790,3632 10946,2295 11288,817 15143,425 11906,437 5757,562 S 2732,1707 8282,225 5990,63 13316,839 8153,8276 7327,842
1,8989999 B 1790,3632 10946,2295 11288,817 15143,425 11906,437 5757,562 S 2732,1707 8282,225 5990,63 13316,839 8153,8276 7327,842
1,8990002 B 1790,3632 10946,2295 11288,817 15143,425 11906,437 5757,562 S 2732,1707 8282,225 5990,63 13316,839 8153,8276 7327,842
1,899 B 1790,3632 10946,2295 11288,817 15143,425 11906,437 5757,562 S 2732,1707 8282,225 5990,63 13316,839 8153,8276 7327,842
1,8989993 B 1790,3632 10946,2295 11288,817 15143,425 11906,437 5757,562 S 2732,1707 8282,225 5990,63 13316,839 8153,8276 7327,842
1,8990004 B 1790,3632 10946,2295 11288,817 15143,425 11906,437 5757,562 S 2732,1707 8282,225 5990,63 13316,839 8153,8276 7327,842
1,8989997 B 1790,3632 10946,2295 11288,817 15143,425 11906,437 5757,562 S 2732,1707 8282,225 5990,63 13316,839 8153,8276 7327,842
1,8990005 B 1790,3632 10946,2295 11288,817 15143,425 11906,437 5757,562 S 2732,1707 8282,225 5990,63 13316,839 8153,8276 7327,842
1,8989998 B 1790,3632 10946,2295 11288,817 15143,425 11906,437 5757,562 S 2732,1707 8282,225 5990,63 13316,839 8153,8276 7327,842
1,8990004 B 1790,3632 10946,2295 11288,817 15143,425 11906,437 5757,562 S 2732,1707 8282,225 5990,63 13316,839 8153,8276 7327,842
1,8989997 B 1790,3632 10946,2295 11288,817 15143,425 11906,437 5757,562 S 2732,1707 8282,225 5990,63 13316,839 8153,8276 7327,842
1,8990002 B 1790,3632 10946,2295 11288,817 15143,425 11906,437 5757,562 S 2732,1707 8282,225 5990,63 13316,839 8153,8276 7327,842
1,8989996 B 1790,3632 10946,2295 11288,817 15143,425 11906,437 5757,562 S 2732,1707 8282,225 5990,63 13316,839 8153,8276 7327,842
1,8989999 B 1790,3632 10946,2295 11288,817 15143,425 11906,437 5757,562 S 2732,1707 8282,225 5990,63 13316,839 8153,8276 7327,842
1,8990004 B 1790,3632 10946,2295 11288,817 15143,425 11906,437 5757,562 S 2732,1707 8282,225 5990,63 13316,839 8153,8276 7327,842
1,8989998 B 1790,3632 10946,2295 11288,817 15143,425 11906,437 5757,562 S 2732,1707 8282,225 5990,63 13316,839 8153,8276 7327,842
1,899 B 1790,3632 10946,2295 11288,817 15143,425 11906,437 5757,562 S 2732,1707 8282,225 5990,63 13316,839 8153,8276 7327,842
1,8989998 B 1790,3632 10946,2295 11288,817 15143,425 11906,437 5757,562 S 2732,1707 8282,225 5990,63 13316,839 8153,8276 7327,842
1,8989997 B 1790,3632 10946,2295 11288,817 15143,425 11906,437 5757,562 S 2732,1707 8282,225 5990,63 13316,839 8153,8276 7327,842
1,899 B 1790,3632 10946,2295 11288,817 15143,425 11906,437 5757,562 S 2732,1707 8282,225 5990,63 13316,839 8153,8276 7327,842
1,899 B 1790,3632 10946,2295 11288,817 15143,425 11906,437 5757,562 S 2732,1707 8282,225 5990,63 13316,839 8153,8276 7327,842
1,8990005 B 1790,3632 10946,2295 11288,817 15143,425 11906,437 5757,562 S 2732,1707 8282,225 5990,63 13316,839 8153,8276 7327,842
1,8991905 B 1790,3632 10946,2295 11288,817 15143,425 11906,437 5757,562 S 2732,1707 8282,225 5990,63 13316,839 8153,8276 7327,842
1,8988533 B 1790,3632 10946,2295 11288,817 15143,425 11906,437 5757,562 S 2732,1707 8282,225 5990,63 13316,839 8153,8276 7327,842
1,898 B 1790,3632 10946,2295 11288,817 15143,425 11906,437 5757,562 S 2732,1707 8282,225 5990,63 13316,839 8153,8276 7327,842
1,8970495 B 1790,3632 10946,2295 11288,817 15143,425 11906,437 5757,562 S 2732,1707 8282,225 5990,63 13316,839 8153,8276 7327,842
1,8970001 B 1790,3632 10946,2295 11288,817 15143,425 11906,437 5757,562 S 2732,1707 8282,225 5990,63 13316,839 8153,8276 7327,842
1,8970001 B 1790,3632 10946,2295 11288,817 15143,425 11906,437 5757,562 S 2732,1707 8282,225 5990,63 13316,839 8153,8276 7327,842
1,8968735 B 1790,3632 10946,2295 11288,817 15143,425 11906,437 5757,562 S 2732,1707 8282,225 5990,63 13316,839 8153,8276 7327,842
1,8963815 B 1790,3632 10946,2295 11288,817 15143,425 11906,437 5757,562 S 2732,1707 8282,225 5990,63 13316,839 8153,8276 7327,842
1,897 B 1790,3632 10946,2295 11288,817 15143,425 11906,437 5757,562 S 2732,1707 8282,225 5990,63 13316,839 8153,8276 7327,842
1,897 B 1790,3632 10946,2295 11288,817 15143,425 11906,437 5757,562 S 2732,1707 8282,225 5990,63 13316,839 8153,8276 7327,842
1,8969998 B 1790,3632 10946,2295 11288,817 15143,425 11906,437 5757,562 S 2732,1707 8282,225 5990,63 13316,839 8153,8276 7327,842
1,8970004 B 1790,3632 10946,2295 11288,817 15143,425 11906,437 5757,562 S 2732,1707 8282,225 5990,63 13316,839 8153,8276 7327,842
1,8989204 B 1790,3632 10946,2295 11288,817 15143,425 11906,437 5757,562 S 2732,1707 8282,225 5990,63 13316,839 8153,8276 7327,842
1,8990002 B 1790,3632 10946,2295 11288,817 15143,425 11906,437 5757,562 S 2732,1707 8282,225 5990,63 13316,839 8153,8276 7327,842
1,8990008 B 1790,3632 10946,2295 11288,817 15143,425 11906,437 5757,562 S 2732,1707 8282,225 5990,63 13316,839 8153,8276 7327,842
1,8989998 B 1790,3632 10946,2295 11288,817 15143,425 11906,437 5757,562 S 2732,1707 8282,225 5990,63 13316,839 8153,8276 7327,842
1,8984369 B 1790,3632 10946,2295 11288,817 15143,425 11906,437 5757,562 S 2732,1707 8282,225 5990,63 13316,839 8153,8276 7327,842
1,8960006 B 1790,3632 10946,2295 11288,817 15143,425 11906,437 5757,562 S 2732,1707 8282,225 5990,63 13316,839 8153,8276 7327,842
1,8960004 B 1790,3632 10946,2295 11288,817 15143,425 11906,437 5757,562 S 2732,1707 8282,225 5990,63 13316,839 8153,8276 7327,842
