1,8882174
1,8829997 B 5905,0386 13984,56 10823,083 13636,446 7957,9346 13732,372 S 1670,9575 8430,449 16541,824 11928,97 11661,652 2972,1008
1,8830001 B 5905,0386 13984,56 10823,083 13636,446 7957,9346 13732,372 S 1670,9575 8430,449 16541,824 11928,97 11661,652 2972,1008
1,8829997 B 5905,0386 13984,56 10823,083 13636,446 7957,9346 13732,372 S 1670,9575 8430,449 16541,824 11928,97 11661,652 2972,1008
1,8830005 B 5905,0386 13984,56 10823,083 13636,446 7957,9346 13732,372 S 1670,9575 8430,449 16541,824 11928,97 11661,652 2972,1008
1,8830006 B 5905,0386 13984,56 10823,083 13636,446 7957,9346 13732,372 S 1670,9575 8430,449 16541,824 11928,97 11661,652 2972,1008
1,8829998 B 5905,0386 13984,56 10823,083 13636,446 7957,9346 13732,372 S 1670,9575 8430,449 16541,824 11928,97 11661,652 2972,1008
1,8830003 B 5905,0386 13984,56 10823,083 13636,446 7957,9346 13732,372 S 1670,9575 8430,449 16541,824 11928,97 11661,652 2972,1008
1,8830001 B 5905,0386 13984,56 10823,083 13636,446 7957,9346 13732,372 S 1670,9575 8430,449 16541,824 11928,97 11661,652 2972,1008
1,8830005 B 5905,0386 13984,56 10823,083 13636,446 7957,9346 13732,372 S 1670,9575 8430,449 16541,824 11928,97 11661,652 2972,1008
1,8836485 B 5905,0386 13984,56 10823,083 13636,446 7957,9346 13732,372 S 1670,9575 8430,449 16541,824 11928,97 11661,652 2972,1008
1,884 B 5905,0386 13984,56 10823,083 13636,446 7957,9346 13732,372 S 1670,9575 8430,449 16541,824 11928,97 11661,652 2972,1008
1,884 B 5905,0386 13984,56 10823,083 13636,446 7957,9346 13732,372 S 1670,9575 8430,449 16541,824 11928,97 11661,652 2972,1008
1,8840001 B 5905,0386 13984,56 10823,083 13636,446 7957,9346 13732,372 S 1670,9575 8430,449 16541,824 11928,97 11661,652 2972,1008
1,8840001 B 5905,0386 13984,56 10823,083 13636,446 7957,9346 13732,372 S 1670,9575 8430,449 16541,824 11928,97 11661,652 2972,1008
1,884 B 5905,0386 13984,56 10823,083 13636,446 7957,9346 13732,372 S 1670,9575 8430,449 16541,824 11928,97 11661,652 2972,1008
1,8839993 B 5905,0386 13984,56 10823,083 13636,446 7957,9346 13732,372 S 1670,9575 8430,449 16541,824 11928,97 11661,652 2972,1008
1,8840003 B 5905,0386 13984,56 10823,083 13636,446 7957,9346 13732,372 S 1670,9575 8430,449 16541,824 11928,97 11661,652 2972,1008
1,8839997 B 5905,0386 13984,56 10823,083 13636,446 7957,9346 13732,372 S 1670,9575 8430,449 16541,824 11928,97 11661,652 2972,1008
1,8839996 B 5905,0386 13984,56 10823,083 13636,446 7957,9346 13732,372 S 1670,9575 8430,449 16541,824 11928,97 11661,652 2972,1008
1,8840001 B 5905,0386 13984,56 10823,083 13636,446 7957,9346 13732,372 S 1670,9575 8430,449 16541,824 11928,97 11661,652 2972,1008
1,8840002 B 5905,0386 13984,56 10823,083 13636,446 7957,9346 13732,372 S 1670,9575 8430,449 16541,824 11928,97 11661,652 2972,1008
1,884 B 5905,0386 13984,56 10823,083 13636,446 7957,9346 13732,372 S 1670,9575 8430,449 16541,824 11928,97 11661,652 2972,1008
1,8839997 B 5905,0386 13984,56 10823,083 13636,446 7957,9346 13732,372 S 1670,9575 8430,449 16541,824 11928,97 11661,652 2972,1008
1,8848865 B 5905,0386 13984,56 10823,083 13636,446 7957,9346 13732,372 S 1670,9575 8430,449 16541,824 11928,97 11661,652 2972,1008
1,8850002 B 5905,0386 13984,56 10823,083 13636,446 7957,9346 13732,372 S 1670,9575 8430,449 16541,824 11928,97 11661,652 2972,1008
1,8850005 B 5905,0386 13984,56 10823,083 13636,446 7957,9346 13732,372 S 1670,9575 8430,449 16541,824 11928,97 11661,652 2972,1008
1,885 B 5905,0386 13984,56 10823,083 13636,446 7957,9346 13732,372 S 1670,9575 8430,449 16541,824 11928,97 11661,652 2972,1008
1,8850003 B 5905,0386 13984,56 10823,083 13636,446 7957,9346 13732,372 S 1670,9575 8430,449 16541,824 11928,97 11661,652 2972,1008
1,8850001 B 5905,0386 13984,56 10823,083 13636,446 7957,9346 13732,372 S 1670,9575 8430,449 16541,824 11928,97 11661,652 2972,1008
1,8850001 B 5905,0386 13984,56 10823,083 13636,446 7957,9346 13732,372 S 1670,9575 8430,449 16541,824 11928,97 11661,652 2972,1008
1,8850006 B 5905,0386 13984,56 10823,083 13636,446 7957,9346 13732,372 S 1670,9575 8430,449 16541,824 11928,97 11661,652 2972,1008
1,8850001 B 5905,0386 13984,56 10823,083 13636,446 7957,9346 13732,372 S 1670,9575 8430,449 16541,824 11928,97 11661,652 2972,1008
1,8849995 B 5905,0386 13984,56 10823,083 13636,446 7957,9346 13732,372 S 1670,9575 8430,449 16541,824 11928,97 11661,652 2972,1008
1,8850002 B 5905,0386 13984,56 10823,083 13636,446 7957,9346 13732,372 S 1670,9575 8430,449 16541,824 11928,97 11661,652 2972,1008
1,8849999 B 5905,0386 13984,56 10823,083 13636,446 7957,9346 13732,372 S 1670,9575 8430,449 16541,824 11928,97 11661,652 2972,1008
1,885 B 5905,0386 13984,56 10823,083 13636,446 7957,9346 13732,372 S 1670,9575 8430,449 16541,824 11928,97 11661,652 2972,1008
1,8849998 B 5905,0386 13984,56 10823,083 13636,446 7957,9346 13732,372 S 1670,9575 8430,449 16541,824 11928,97 11661,652 2972,1008
1,8849999 B 5905,0386 13984,56 10823,083 13636,446 7957,9346 13732,372 S 1670,9575 8430,449 16541,824 11928,97 11661,652 2972,1008
1,8849996 B 5905,0386 13984,56 10823,083 13636,446 7957,9346 13732,372 S 1670,9575 8430,449 16541,824 11928,97 11661,652 2972,1008
1,8849999 B 5905,0386 13984,56 10823,083 13636,446 7957,9346 13732,372 S 1670,9575 8430,449 16541,824 11928,97 11661,652 2972,1008
1,8850003 B 5905,0386 13984,56 10823,083 13636,446 7957,9346 13732,372 S 1670,9575 8430,449 16541,824 11928,97 11661,652 2972,1008
1,885 B 5905,0386 13984,56 10823,083 13636,446 7957,9346 13732,372 S 1670,9575 8430,449 16541,824 11928,97 11661,652 2972,1008
1,8850006 B 5905,0386 13984,56 10823,083 13636,446 7957,9346 13732,372 S 1670,9575 8430,449 16541,824 11928,97 11661,652 2972,1008
1,8849998 B 5905,0386 13984,56 10823,083 13636,446 7957,9346 13732,372 S 1670,9575 8430,449 16541,824 11928,97 11661,652 2972,1008
1,8850394 B 5905,0386 13984,56 10823,083 13636,446 7957,9346 13732,372 S 1670,9575 8430,449 16541,824 11928,97 11661,652 2972,1008
1,888 B 5905,0386 13984,56 10823,083 13636,446 7957,9346 13732,372 S 1670,9575 8430,449 16541,824 11928,97 11661,652 2972,1008
1,8879999 B 5905,0386 13984,56 10823,083 13636,446 7957,9346 13732,372 S 1670,9575 8430,449 16541,824 11928,97 11661,652 2972,1008
1,8880002 B 5905,0386 13984,56 10823,083 13636,446 7957,9346 13732,372 S 1670,9575 8430,449 16541,824 11928,97 11661,652 2972,1008
1,8880005 B 5905,0386 13984,56 10823,083 13636,446 7957,9346 13732,372 S 1670,9575 8430,449 16541,824 11928,97 11661,652 2972,1008
1,8880002 B 5905,0386 13984,56 10823,083 13636,446 7957,9346 13732,372 S 1670,9575 8430,449 16541,824 11928,97 11661,652 2972,1008
1,888 B 5905,0386 13984,56 10823,083 13636,446 7957,9346 13732,372 S 1670,9575 8430,449 16541,824 11928,97 11661,652 2972,1008
1,8880006 B 5905,0386 13984,56 10823,083 13636,446 7957,9346 13732,372 S 1670,9575 8430,449 16541,824 11928,97 11661,652 2972,1008
1,8874947 B 5905,0386 13984,56 10823,083 13636,446 7957,9346 13732,372 S 1670,9575 8430,449 16541,824 11928,97 11661,652 2972,1008
1,8870004 B 5905,0386 13984,56 10823,083 13636,446 7957,9346 13732,372 S 1670,9575 8430,449 16541,824 11928,97 11661,652 2972,1008
1,8870002 B 5905,0386 13984,56 10823,083 13636,446 7957,9346 13732,372 S 1670,9575 8430,449 16541,824 11928,97 11661,652 2972,1008
1,8869997 B 5905,0386 13984,56 10823,083 13636,446 7957,9346 13732,372 S 1670,9575 8430,449 16541,824 11928,97 11661,652 2972,1008
1,8870003 B 5905,0386 13984,56 10823,083 13636,446 7957,9346 13732,372 S 1670,9575 8430,449 16541,824 11928,97 11661,652 2972,1008
1,8869998 B 5905,0386 13984,56 10823,083 13636,446 7957,9346 13732,372 S 1670,9575 8430,449 16541,824 11928,97 11661,652 2972,1008
1,8870002 B 5905,0386 13984,56 10823,083 13636,446 7957,9346 13732,372 S 1670,9575 8430,449 16541,824 11928,97 11661,652 2972,1008
1,887 B 5905,0386 13984,56 10823,083 13636,446 7957,9346 13732,372 S 1670,9575 8430,449 16541,824 11928,97 11661,652 2972,1008
1,8869992 B 5905,0386 13984,56 10823,083 13636,446 7957,9346 13732,372 S 1670,9575 8430,449 16541,824 11928,97 11661,652 2972,1008
1,8870002 B 5905,0386 13984,56 10823,083 13636,446 7957,9346 13732,372 S 1670,9575 8430,449 16541,824 11928,97 11661,652 2972,1008
1,8869997 B 5905,0386 13984,56 10823,083 13636,446 7957,9346 13732,372 S 1670,9575 8430,449 16541,824 11928,97 11661,652 2972,1008
1,8870002 B 5905,0386 13984,56 10823,083 13636,446 7957,9346 13732,372 S 1670,9575 8430,449 16541,824 11928,97 11661,652 2972,1008
1,8869998 B 5905,0386 13984,56 10823,083 13636,446 7957,9346 13732,372 S 1670,9575 8430,449 16541,824 11928,97 11661,652 2972,1008
1,887 B 5905,0386 13984,56 10823,083 13636,446 7957,9346 13732,372 S 1670,9575 8430,449 16541,824 11928,97 11661,652 2972,1008
1,8869998 B 5905,0386 13984,56 10823,083 13636,446 7957,9346 13732,372 S 1670,9575 8430,449 16541,824 11928,97 11661,652 2972,1008
1,8870002 B 5905,0386 13984,56 10823,083 13636,446 7957,9346 13732,372 S 1670,9575 8430,449 16541,824 11928,97 11661,652 2972,1008
1,8863994 B 5905,0386 13984,56 10823,083 13636,446 7957,9346 13732,372 S 1670,9575 8430,449 16541,824 11928,97 11661,652 2972,1008
1,8859998 B 5905,0386 13984,56 10823,083 13636,446 7957,9346 13732,372 S 1670,9575 8430,449 16541,824 11928,97 11661,652 2972,1008
1,8859999 B 5905,0386 13984,56 10823,083 13636,446 7957,9346 13732,372 S 1670,9575 8430,449 16541,824 11928,97 11661,652 2972,1008
1,886 B 5905,0386 13984,56 10823,083 13636,446 7957,9346 13732,372 S 1670,9575 8430,449 16541,824 11928,97 11661,652 2972,1008
1,8860003 B 5905,0386 13984,56 10823,083 13636,446 7957,9346 13732,372 S 1670,9575 8430,449 16541,824 11928,97 11661,652 2972,1008
1,8860004 B 5905,0386 13984,56 10823,083 13636,446 7957,9346 13732,372 S 1670,9575 8430,449 16541,824 11928,97 11661,652 2972,1008
1,8860003 B 5905,0386 13984,56 10823,083 13636,446 7957,9346 13732,372 S 1670,9575 8430,449 16541,824 11928,97 11661,652 2972,1008
1,8859998 B 5905,0386 13984,56 10823,083 13636,446 7957,9346 13732,372 S 1670,9575 8430,449 16541,824 11928,97 11661,652 2972,1008
1,8860004 B 5905,0386 13984,56 10823,083 13636,446 7957,9346 13732,372 S 1670,9575 8430,449 16541,824 11928,97 11661,652 2972,1008
1,8847277 B 5905,0386 13984,56 10823,083 13636,446 7957,9346 13732,372 S 1670,9575 8430,449 16541,824 11928,97 11661,652 2972,1008
1,8839996 B 5905,0386 13984,56 10823,083 13636,446 7957,9346 13732,372 S 1670,9575 8430,449 16541,824 11928,97 11661,652 2972,1008
1,8840003 B 5905,0386 13984,56 10823,083 13636,446 7957,9346 13732,372 S 1670,9575 8430,449 16541,824 11928,97 11661,652 2972,1008
1,8840002 B 5905,0386 13984,56 10823,083 13636,446 7957,9346 13732,372 S 1670,9575 8430,449 16541,824 11928,97 11661,652 2972,1008
1,884 B 5905,0386 13984,56 10823,083 13636,446 7957,9346 13732,372 S 1670,9575 8430,449 16541,824 11928,97 11661,652 2972,1008
1,8833395 B 5905,0386 13984,56 10823,083 13636,446 7957,9346 13732,372 S 1670,9575 8430,449 16541,824 11928,97 11661,652 2972,1008
1,882576 B 5905,0386 13984,56 10823,083 13636,446 7957,9346 13732,372 S 1670,9575 8430,449 16541,824 11928,97 11661,652 2972,1008
1,8820004 B 5905,0386 13984,56 10823,083 13636,446 7957,9346 13732,372 S 1670,9575 8430,449 16541,824 11928,97 11661,652 2972,1008
1,8820002 B 5905,0386 13984,56 10823,083 13636,446 7957,9346 13732,372 S 1670,9575 8430,449 16541,824 11928,97 11661,652 2972,1008
1,8831582 B 5905,0386 13984,56 10823,083 13636,446 7957,9346 13732,372 S 1670,9575 8430,449 16541,824 11928,97 11661,652 2972,1008
1,884 B 5905,0386 13984,56 10823,083 13636,446 7957,9346 13732,372 S 1670,9575 8430,449 16541,824 11928,97 11661,652 2972,1008
1,8839996 B 5905,0386 13984,56 10823,083 13636,446 7957,9346 13732,372 S 1670,9575 8430,449 16541,824 11928,97 11661,652 2972,1008
1,8839996 B 5905,0386 13984,56 10823,083 13636,446 7957,9346 13732,372 S 1670,9575 8430,449 16541,824 11928,97 11661,652 2972,1008
1,8840002 B 5905,0386 13984,56 10823,083 13636,446 7957,9346 13732,372 S 1670,9575 8430,449 16541,824 11928,97 11661,652 2972,1008
1,8840002 B 5905,0386 13984,56 10823,083 13636,446 7957,9346 13732,372 S 1670,9575 8430,449 16541,824 11928,97 11661,652 2972,1008
1,8840005 B 5905,0386 13984,56 10823,083 13636,446 7957,9346 13732,372 S 1670,9575 8430,449 16541,824 11928,97 11661,652 2972,1008
1,8840003 B 5905,0386 13984,56 10823,083 13636,446 7957,9346 13732,372 S 1670,9575 8430,449 16541,824 11928,97 11661,652 2972,1008
1,8839997 B 5905,0386 13984,56 10823,083 13636,446 7957,9346 13732,372 S 1670,9575 8430,449 16541,824 11928,97 11661,652 2972,1008
1,884 B 5905,0386 13984,56 10823,083 13636,446 7957,9346 13732,372 S 1670,9575 8430,449 16541,824 11928,97 11661,652 2972,1008
1,8840001 B 5905,0386 13984,56 10823,083 13636,446 7957,9346 13732,372 S 1670,9575 8430,449 16541,824 11928,97 11661,652 2972,1008
1,884 B 5905,0386 13984,56 10823,083 13636,446 7957,9346 13732,372 S 1670,9575 8430,449 16541,824 11928,97 11661,652 2972,1008
1,8840001 B 5905,0386 13984,56 10823,083 13636,446 7957,9346 13732,372 S 1670,9575 8430,449 16541,824 11928,97 11661,652 2972,1008
1,8839993 B 5905,0386 13984,56 10823,083 13636,446 7957,9346 13732,372 S 1670,9575 8430,449 16541,824 11928,97 11661,652 2972,1008
1,8839995 B 5905,0386 13984,56 10823,083 13636,446 7957,9346 13732,372 S 1670,9575 8430,449 16541,824 11928,97 11661,652 2972,1008
1,8844836 B 5905,0386 13984,56 10823,083 13636,446 7957,9346 13732,372 S 1670,9575 8430,449 16541,824 11928,97 11661,652 2972,1008
1,8860002 B 5905,0386 13984,56 10823,083 13636,446 7957,9346 13732,372 S 1670,9575 8430,449 16541,824 11928,97 11661,652 2972,1008
1,8860003 B 5905,0386 13984,56 10823,083 13636,446 7957,9346 13732,372 S 1670,9575 8430,449 16541,824 11928,97 11661,652 2972,1008
1,8860002 B 5905,0386 13984,56 10823,083 13636,446 7957,9346 13732,372 S 1670,9575 8430,449 16541,824 11928,97 11661,652 2972,1008
1,8860004 B 5905,0386 13984,56 10823,083 13636,446 7957,9346 13732,372 S 1670,9575 8430,449 16541,824 11928,97 11661,652 2972,1008
1,8860003 B 5905,0386 13984,56 10823,083 13636,446 7957,9346 13732,372 S 1670,9575 8430,449 16541,824 11928,97 11661,652 2972,1008
1,8859998 B 5905,0386 13984,56 10823,083 13636,446 7957,9346 13732,372 S 1670,9575 8430,449 16541,824 11928,97 11661,652 2972,1008
1,8860003 B 5905,0386 13984,56 10823,083 13636,446 7957,9346 13732,372 S 1670,9575 8430,449 16541,824 11928,97 11661,652 2972,1008
1,8859999 B 5905,0386 13984,56 10823,083 13636,446 7957,9346 13732,372 S 1670,9575 8430,449 16541,824 11928,97 11661,652 2972,1008
1,8859997 B 5905,0386 13984,56 10823,083 13636,446 7957,9346 13732,372 S 1670,9575 8430,449 16541,824 11928,97 11661,652 2972,1008
1,8860003 B 5905,0386 13984,56 10823,083 13636,446 7957,9346 13732,372 S 1670,9575 8430,449 16541,824 11928,97 11661,652 2972,1008
1,8860003 B 5905,0386 13984,56 10823,083 13636,446 7957,9346 13732,372 S 1670,9575 8430,449 16541,824 11928,97 11661,652 2972,1008
1,8859999 B 5905,0386 13984,56 10823,083 13636,446 7957,9346 13732,372 S 1670,9575 8430,449 16541,824 11928,97 11661,652 2972,1008
1,8859993 B 5905,0386 13984,56 10823,083 13636,446 7957,9346 13732,372 S 1670,9575 8430,449 16541,824 11928,97 11661,652 2972,1008
1,8859997 B 5905,0386 13984,56 10823,083 13636,446 7957,9346 13732,372 S 1670,9575 8430,449 16541,824 11928,97 11661,652 2972,1008
1,8860002 B 5905,0386 13984,56 10823,083 13636,446 7957,9346 13732,372 S 1670,9575 8430,449 16541,824 11928,97 11661,652 2972,1008
1,8859997 B 5905,0386 13984,56 10823,083 13636,446 7957,9346 13732,372 S 1670,9575 8430,449 16541,824 11928,97 11661,652 2972,1008
1,886 B 5905,0386 13984,56 10823,083 13636,446 7957,9346 13732,372 S 1670,9575 8430,449 16541,824 11928,97 11661,652 2972,1008
1,8859999 B 5905,0386 13984,56 10823,083 13636,446 7957,9346 13732,372 S 1670,9575 8430,449 16541,824 11928,97 11661,652 2972,1008
1,8859996 B 5905,0386 13984,56 10823,083 13636,446 7957,9346 13732,372 S 1670,9575 8430,449 16541,824 11928,97 11661,652 2972,1008
1,8859999 B 5905,0386 13984,56 10823,083 13636,446 7957,9346 13732,372 S 1670,9575 8430,449 16541,824 11928,97 11661,652 2972,1008
1,8853437 B 5905,0386 13984,56 10823,083 13636,446 7957,9346 13732,372 S 1670,9575 8430,449 16541,824 11928,97 11661,652 2972,1008
1,885 B 5905,0386 13984,56 10823,083 13636,446 7957,9346 13732,372 S 1670,9575 8430,449 16541,824 11928,97 11661,652 2972,1008
1,885 B 5905,0386 13984,56 10823,083 13636,446 7957,9346 13732,372 S 1670,9575 8430,449 16541,824 11928,97 11661,652 2972,1008
1,8850003 B 5905,0386 13984,56 10823,083 13636,446 7957,9346 13732,372 S 1670,9575 8430,449 16541,824 11928,97 11661,652 2972,1008
1,8849998 B 5905,0386 13984,56 10823,083 13636,446 7957,9346 13732,372 S 1670,9575 8430,449 16541,824 11928,97 11661,652 2972,1008
1,8850001 B 5905,0386 13984,56 10823,083 13636,446 7957,9346 13732,372 S 1670,9575 8430,449 16541,824 11928,97 11661,652 2972,1008
1,8850002 B 5905,0386 13984,56 10823,083 13636,446 7957,9346 13732,372 S 1670,9575 8430,449 16541,824 11928,97 11661,652 2972,1008
1,8841039 B 5905,0386 13984,56 10823,083 13636,446 7957,9346 13732,372 S 1670,9575 8430,449 16541,824 11928,97 11661,652 2972,1008
1,8839996 B 5905,0386 13984,56 10823,083 13636,446 7957,9346 13732,372 S 1670,9575 8430,449 16541,824 11928,97 11661,652 2972,1008
1,884 B 5905,0386 13984,56 10823,083 13636,446 7957,9346 13732,372 S 1670,9575 8430,449 16541,824 11928,97 11661,652 2972,1008
1,8845521 B 5905,0386 13984,56 10823,083 13636,446 7957,9346 13732,372 S 1670,9575 8430,449 16541,824 11928,97 11661,652 2972,1008
1,8859999 B 5905,0386 13984,56 10823,083 13636,446 7957,9346 13732,372 S 1670,9575 8430,449 16541,824 11928,97 11661,652 2972,1008
1,8861501 B 5905,0386 13984,56 10823,083 13636,446 7957,9346 13732,372 S 1670,9575 8430,449 16541,824 11928,97 11661,652 2972,1008
1,8870618 B 5905,0386 13984,56 10823,083 13636,446 7957,9346 13732,372 S 1670,9575 8430,449 16541,824 11928,97 11661,652 2972,1008
1,8879993 B 5905,0386 13984,56 10823,083 13636,446 7957,9346 13732,372 S 1670,9575 8430,449 16541,824 11928,97 11661,652 2972,1008
1,8880002 B 5905,0386 13984,56 10823,083 13636,446 7957,9346 13732,372 S 1670,9575 8430,449 16541,824 11928,97 11661,652 2972,1008
1,8880002 B 5905,0386 13984,56 10823,083 13636,446 7957,9346 13732,372 S 1670,9575 8430,449 16541,824 11928,97 11661,652 2972,1008
1,8880001 B 5905,0386 13984,56 10823,083 13636,446 7957,9346 13732,372 S 1670,9575 8430,449 16541,824 11928,97 11661,652 2972,1008
1,8880002 B 5905,0386 13984,56 10823,083 13636,446 7957,9346 13732,372 S 1670,9575 8430,449 16541,824 11928,97 11661,652 2972,1008
1,8880004 B 5905,0386 13984,56 10823,083 13636,446 7957,9346 13732,372 S 1670,9575 8430,449 16541,824 11928,97 11661,652 2972,1008
1,8880004 B 5905,0386 13984,56 10823,083 13636,446 7957,9346 13732,372 S 1670,9575 8430,449 16541,824 11928,97 11661,652 2972,1008
1,8880001 B 5905,0386 13984,56 10823,083 13636,446 7957,9346 13732,372 S 1670,9575 8430,449 16541,824 11928,97 11661,652 2972,1008
1,888 B 5905,0386 13984,56 10823,083 13636,446 7957,9346 13732,372 S 1670,9575 8430,449 16541,824 11928,97 11661,652 2972,1008
1,8880001 B 5905,0386 13984,56 10823,083 13636,446 7957,9346 13732,372 S 1670,9575 8430,449 16541,824 11928,97 11661,652 2972,1008
1,8886364 B 5905,0386 13984,56 10823,083 13636,446 7957,9346 13732,372 S 1670,9575 8430,449 16541,824 11928,97 11661,652 2972,1008
1,8889998 B 5905,0386 13984,56 10823,083 13636,446 7957,9346 13732,372 S 1670,9575 8430,449 16541,824 11928,97 11661,652 2972,1008
1,8889998 B 5905,0386 13984,56 10823,083 13636,446 7957,9346 13732,372 S 1670,9575 8430,449 16541,824 11928,97 11661,652 2972,1008
1,8890002 B 5905,0386 13984,56 10823,083 13636,446 7957,9346 13732,372 S 1670,9575 8430,449 16541,824 11928,97 11661,652 2972,1008
1,8890437 B 5905,0386 13984,56 10823,083 13636,446 7957,9346 13732,372 S 1670,9575 8430,449 16541,824 11928,97 11661,652 2972,1008
1,8900001 B 5905,0386 13984,56 10823,083 13636,446 7957,9346 13732,372 S 1670,9575 8430,449 16541,824 11928,97 11661,652 2972,1008
1,8900005 B 5905,0386 13984,56 10823,083 13636,446 7957,9346 13732,372 S 1670,9575 8430,449 16541,824 11928,97 11661,652 2972,1008
1,8900002 B 5905,0386 13984,56 10823,083 13636,446 7957,9346 13732,372 S 1670,9575 8430,449 16541,824 11928,97 11661,652 2972,1008
1,8906035 B 5905,0386 13984,56 10823,083 13636,446 7957,9346 13732,372 S 1670,9575 8430,449 16541,824 11928,97 11661,652 2972,1008
1,8910002 B 5905,0386 13984,56 10823,083 13636,446 7957,9346 13732,372 S 1670,9575 8430,449 16541,824 11928,97 11661,652 2972,1008
1,8910005 B 5905,0386 13984,56 10823,083 13636,446 7957,9346 13732,372 S 1670,9575 8430,449 16541,824 11928,97 11661,652 2972,1008
1,8910009 B 5905,0386 13984,56 10823,083 13636,446 7957,9346 13732,372 S 1670,9575 8430,449 16541,824 11928,97 11661,652 2972,1008
1,8910006 B 5905,0386 13984,56 10823,083 13636,446 7957,9346 13732,372 S 1670,9575 8430,449 16541,824 11928,97 11661,652 2972,1008
1,8915515 B 5905,0386 13984,56 10823,083 13636,446 7957,9346 13732,372 S 1670,9575 8430,449 16541,824 11928,97 11661,652 2972,1008
1,8920004 B 5905,0386 13984,56 10823,083 13636,446 7957,9346 13732,372 S 1670,9575 8430,449 16541,824 11928,97 11661,652 2972,1008
1,8920004 B 5905,0386 13984,56 10823,083 13636,446 7957,9346 13732,372 S 1670,9575 8430,449 16541,824 11928,97 11661,652 2972,1008
1,8924345 B 5905,0386 13984,56 10823,083 13636,446 7957,9346 13732,372 S 1670,9575 8430,449 16541,824 11928,97 11661,652 2972,1008
1,893 B 5905,0386 13984,56 10823,083 13636,446 7957,9346 13732,372 S 1670,9575 8430,449 16541,824 11928,97 11661,652 2972,1008
1,8929999 B 5905,0386 13984,56 10823,083 13636,446 7957,9346 13732,372 S 1670,9575 8430,449 16541,824 11928,97 11661,652 2972,1008
1,893 B 5905,0386 13984,56 10823,083 13636,446 7957,9346 13732,372 S 1670,9575 8430,449 16541,824 11928,97 11661,652 2972,1008
1,8932267 B 5905,0386 13984,56 10823,083 13636,446 7957,9346 13732,372 S 1670,9575 8430,449 16541,824 11928,97 11661,652 2972,1008
1,8943326 B 5905,0386 13984,56 10823,083 13636,446 7957,9346 13732,372 S 1670,9575 8430,449 16541,824 11928,97 11661,652 2972,1008
1,8943965 B 5905,0386 13984,56 10823,083 13636,446 7957,9346 13732,372 S 1670,9575 8430,449 16541,824 11928,97 11661,652 2972,1008
1,8939989 B 5905,0386 13984,56 10823,083 13636,446 7957,9346 13732,372 S 1670,9575 8430,449 16541,824 11928,97 11661,652 2972,1008
1,893999 B 5905,0386 13984,56 10823,083 13636,446 7957,9346 13732,372 S 1670,9575 8430,449 16541,824 11928,97 11661,652 2972,1008
1,893999 B 5905,0386 13984,56 10823,083 13636,446 7957,9346 13732,372 S 1670,9575 8430,449 16541,824 11928,97 11661,652 2972,1008
1,894733 B 5905,0386 13984,56 10823,083 13636,446 7957,9346 13732,372 S 1670,9575 8430,449 16541,824 11928,97 11661,652 2972,1008
1,8950001 B 5905,0386 13984,56 10823,083 13636,446 7957,9346 13732,372 S 1670,9575 8430,449 16541,824 11928,97 11661,652 2972,1008
1,89564 B 5905,0386 13984,56 10823,083 13636,446 7957,9346 13732,372 S 1670,9575 8430,449 16541,824 11928,97 11661,652 2972,1008
1,896 B 5905,0386 13984,56 10823,083 13636,446 7957,9346 13732,372 S 1670,9575 8430,449 16541,824 11928,97 11661,652 2972,1008
1,8959998 B 5905,0386 13984,56 10823,083 13636,446 7957,9346 13732,372 S 1670,9575 8430,449 16541,824 11928,97 11661,652 2972,1008
1,8968349 B 5905,0386 13984,56 10823,083 13636,446 7957,9346 13732,372 S 1670,9575 8430,449 16541,824 11928,97 11661,652 2972,1008
1,8964032 B 5905,0386 13984,56 10823,083 13636,446 7957,9346 13732,372 S 1670,9575 8430,449 16541,824 11928,97 11661,652 2972,1008
1,8960004 B 5905,0386 13984,56 10823,083 13636,446 7957,9346 13732,372 S 1670,9575 8430,449 16541,824 11928,97 11661,652 2972,1008
1,8959999 B 5905,0386 13984,56 10823,083 13636,446 7957,9346 13732,372 S 1670,9575 8430,449 16541,824 11928,97 11661,652 2972,1008
1,895282 B 5905,0386 13984,56 10823,083 13636,446 7957,9346 13732,372 S 1670,9575 8430,449 16541,824 11928,97 11661,652 2972,1008
1,8950002 B 5905,0386 13984,56 10823,083 13636,446 7957,9346 13732,372 S 1670,9575 8430,449 16541,824 11928,97 11661,652 2972,1008
1,8950006 B 5905,0386 13984,56 10823,083 13636,446 7957,9346 13732,372 S 1670,9575 8430,449 16541,824 11928,97 11661,652 2972,1008
1,8950002 B 5905,0386 13984,56 10823,083 13636,446 7957,9346 13732,372 S 1670,9575 8430,449 16541,824 11928,97 11661,652 2972,1008
1,8949999 B 5905,0386 13984,56 10823,083 13636,446 7957,9346 13732,372 S 1670,9575 8430,449 16541,824 11928,97 11661,652 2972,1008
1,8950001 B 5905,0386 13984,56 10823,083 13636,446 7957,9346 13732,372 S 1670,9575 8430,449 16541,824 11928,97 11661,652 2972,1008
1,8949999 B 5905,0386 13984,56 10823,083 13636,446 7957,9346 13732,372 S 1670,9575 8430,449 16541,824 11928,97 11661,652 2972,1008
1,8949996 B 5905,0386 13984,56 10823,083 13636,446 7957,9346 13732,372 S 1670,9575 8430,449 16541,824 11928,97 11661,652 2972,1008
1,8950003 B 5905,0386 13984,56 10823,083 13636,446 7957,9346 13732,372 S 1670,9575 8430,449 16541,824 11928,97 11661,652 2972,1008
1,8938938 B 5905,0386 13984,56 10823,083 13636,446 7957,9346 13732,372 S 1670,9575 8430,449 16541,824 11928,97 11661,652 2972,1008
1,893851 B 5905,0386 13984,56 10823,083 13636,446 7957,9346 13732,372 S 1670,9575 8430,449 16541,824 11928,97 11661,652 2972,1008
1,8939993 B 5905,0386 13984,56 10823,083 13636,446 7957,9346 13732,372 S 1670,9575 8430,449 16541,824 11928,97 11661,652 2972,1008
1,8939989 B 5905,0386 13984,56 10823,083 13636,446 7957,9346 13732,372 S 1670,9575 8430,449 16541,824 11928,97 11661,652 2972,1008
1,8939995 B 5905,0386 13984,56 10823,083 13636,446 7957,9346 13732,372 S 1670,9575 8430,449 16541,824 11928,97 11661,652 2972,1008
1,8939993 B 5905,0386 13984,56 10823,083 13636,446 7957,9346 13732,372 S 1670,9575 8430,449 16541,824 11928,97 11661,652 2972,1008
1,8939995 B 5905,0386 13984,56 10823,083 13636,446 7957,9346 13732,372 S 1670,9575 8430,449 16541,824 11928,97 11661,652 2972,1008
1,8939996 B 5905,0386 13984,56 10823,083 13636,446 7957,9346 13732,372 S 1670,9575 8430,449 16541,824 11928,97 11661,652 2972,1008
1,8939992 B 5905,0386 13984,56 10823,083 13636,446 7957,9346 13732,372 S 1670,9575 8430,449 16541,824 11928,97 11661,652 2972,1008
1,8939991 B 5905,0386 13984,56 10823,083 13636,446 7957,9346 13732,372 S 1670,9575 8430,449 16541,824 11928,97 11661,652 2972,1008
1,8930855 B 5905,0386 13984,56 10823,083 13636,446 7957,9346 13732,372 S 1670,9575 8430,449 16541,824 11928,97 11661,652 2972,1008
1,8930005 B 5905,0386 13984,56 10823,083 13636,446 7957,9346 13732,372 S 1670,9575 8430,449 16541,824 11928,97 11661,652 2972,1008
1,8926584 B 5905,0386 13984,56 10823,083 13636,446 7957,9346 13732,372 S 1670,9575 8430,449 16541,824 11928,97 11661,652 2972,1008
1,8920001 B 5905,0386 13984,56 10823,083 13636,446 7957,9346 13732,372 S 1670,9575 8430,449 16541,824 11928,97 11661,652 2972,1008
1,892 B 5905,0386 13984,56 10823,083 13636,446 7957,9346 13732,372 S 1670,9575 8430,449 16541,824 11928,97 11661,652 2972,1008
1,8920002 B 5905,0386 13984,56 10823,083 13636,446 7957,9346 13732,372 S 1670,9575 8430,449 16541,824 11928,97 11661,652 2972,1008
1,8905164 B 5905,0386 13984,56 10823,083 13636,446 7957,9346 13732,372 S 1670,9575 8430,449 16541,824 11928,97 11661,652 2972,1008
1,8900001 B 5905,0386 13984,56 10823,083 13636,446 7957,9346 13732,372 S 1670,9575 8430,449 16541,824 11928,97 11661,652 2972,1008
1,8899999 B 5905,0386 13984,56 10823,083 13636,446 7957,9346 13732,372 S 1670,9575 8430,449 16541,824 11928,97 11661,652 2972,1008
1,89 B 5905,0386 13984,56 10823,083 13636,446 7957,9346 13732,372 S 1670,9575 8430,449 16541,824 11928,97 11661,652 2972,1008
1,8902702 B 5905,0386 13984,56 10823,083 13636,446 7957,9346 13732,372 S 1670,9575 8430,449 16541,824 11928,97 11661,652 2972,1008
1,8910002 B 5905,0386 13984,56 10823,083 13636,446 7957,9346 13732,372 S 1670,9575 8430,449 16541,824 11928,97 11661,652 2972,1008
1,891 B 5905,0386 13984,56 10823,083 13636,446 7957,9346 13732,372 S 1670,9575 8430,449 16541,824 11928,97 11661,652 2972,1008
1,8909999 B 5905,0386 13984,56 10823,083 13636,446 7957,9346 13732,372 S 1670,9575 8430,449 16541,824 11928,97 11661,652 2972,1008
1,8909997 B 5905,0386 13984,56 10823,083 13636,446 7957,9346 13732,372 S 1670,9575 8430,449 16541,824 11928,97 11661,652 2972,1008
1,892324 B 5905,0386 13984,56 10823,083 13636,446 7957,9346 13732,372 S 1670,9575 8430,449 16541,824 11928,97 11661,652 2972,1008
1,8929998 B 5905,0386 13984,56 10823,083 13636,446 7957,9346 13732,372 S 1670,9575 8430,449 16541,824 11928,97 11661,652 2972,1008
1,8929993 B 5905,0386 13984,56 10823,083 13636,446 7957,9346 13732,372 S 1670,9575 8430,449 16541,824 11928,97 11661,652 2972,1008
1,8931749 B 5905,0386 13984,56 10823,083 13636,446 7957,9346 13732,372 S 1670,9575 8430,449 16541,824 11928,97 11661,652 2972,1008
1,8935863 B 5905,0386 13984,56 10823,083 13636,446 7957,9346 13732,372 S 1670,9575 8430,449 16541,824 11928,97 11661,652 2972,1008
1,893 B 5905,0386 13984,56 10823,083 13636,446 7957,9346 13732,372 S 1670,9575 8430,449 16541,824 11928,97 11661,652 2972,1008
1,8929998 B 5905,0386 13984,56 10823,083 13636,446 7957,9346 13732,372 S 1670,9575 8430,449 16541,824 11928,97 11661,652 2972,1008
1,8929998 B 5905,0386 13984,56 10823,083 13636,446 7957,9346 13732,372 S 1670,9575 8430,449 16541,824 11928,97 11661,652 2972,1008
1,8930001 B 5905,0386 13984,56 10823,083 13636,446 7957,9346 13732,372 S 1670,9575 8430,449 16541,824 11928,97 11661,652 2972,1008
1,8929999 B 5905,0386 13984,56 10823,083 13636,446 7957,9346 13732,372 S 1670,9575 8430,449 16541,824 11928,97 11661,652 2972,1008
1,8929999 B 5905,0386 13984,56 10823,083 13636,446 7957,9346 13732,372 S 1670,9575 8430,449 16541,824 11928,97 11661,652 2972,1008
1,893 B 5905,0386 13984,56 10823,083 13636,446 7957,9346 13732,372 S 1670,9575 8430,449 16541,824 11928,97 11661,652 2972,1008
1,8930002 B 5905,0386 13984,56 10823,083 13636,446 7957,9346 13732,372 S 1670,9575 8430,449 16541,824 11928,97 11661,652 2972,1008
1,8930001 B 5905,0386 13984,56 10823,083 13636,446 7957,9346 13732,372 S 1670,9575 8430,449 16541,824 11928,97 11661,652 2972,1008
1,8930007 B 5905,0386 13984,56 10823,083 13636,446 7957,9346 13732,372 S 1670,9575 8430,449 16541,824 11928,97 11661,652 2972,1008
1,8930002 B 5905,0386 13984,56 10823,083 13636,446 7957,9346 13732,372 S 1670,9575 8430,449 16541,824 11928,97 11661,652 2972,1008
1,8930002 B 5905,0386 13984,56 10823,083 13636,446 7957,9346 13732,372 S 1670,9575 8430,449 16541,824 11928,97 11661,652 2972,1008
1,8912828 B 5905,0386 13984,56 10823,083 13636,446 7957,9346 13732,372 S 1670,9575 8430,449 16541,824 11928,97 11661,652 2972,1008
1,8909997 B 5905,0386 13984,56 10823,083 13636,446 7957,9346 13732,372 S 1670,9575 8430,449 16541,824 11928,97 11661,652 2972,1008
1,8903145 B 5905,0386 13984,56 10823,083 13636,446 7957,9346 13732,372 S 1670,9575 8430,449 16541,824 11928,97 11661,652 2972,1008
1,8900002 B 5905,0386 13984,56 10823,083 13636,446 7957,9346 13732,372 S 1670,9575 8430,449 16541,824 11928,97 11661,652 2972,1008
1,8899999 B 5905,0386 13984,56 10823,083 13636,446 7957,9346 13732,372 S 1670,9575 8430,449 16541,824 11928,97 11661,652 2972,1008
1,8900005 B 5905,0386 13984,56 10823,083 13636,446 7957,9346 13732,372 S 1670,9575 8430,449 16541,824 11928,97 11661,652 2972,1008
1,8900002 B 5905,0386 13984,56 10823,083 13636,446 7957,9346 13732,372 S 1670,9575 8430,449 16541,824 11928,97 11661,652 2972,1008
1,8898141 B 5905,0386 13984,56 10823,083 13636,446 7957,9346 13732,372 S 1670,9575 8430,449 16541,824 11928,97 11661,652 2972,1008
