1,9420432
1,9429994 B 659,5 4027,988 13209,95 9922,012 20614,96 9402,81 S 5349,5503 11659,259 7410,8345 9759,565 7487,799 7797,8486
1,9430002 B 659,5 4027,988 13209,95 9922,012 20614,96 9402,81 S 5349,5503 11659,259 7410,8345 9759,565 7487,799 7797,8486
1,9429997 B 659,5 4027,988 13209,95 9922,012 20614,96 9402,81 S 5349,5503 11659,259 7410,8345 9759,565 7487,799 7797,8486
1,943 B 659,5 4027,988 13209,95 9922,012 20614,96 9402,81 S 5349,5503 11659,259 7410,8345 9759,565 7487,799 7797,8486
1,9429994 B 659,5 4027,988 13209,95 9922,012 20614,96 9402,81 S 5349,5503 11659,259 7410,8345 9759,565 7487,799 7797,8486
1,9430002 B 659,5 4027,988 13209,95 9922,012 20614,96 9402,81 S 5349,5503 11659,259 7410,8345 9759,565 7487,799 7797,8486
1,9430002 B 659,5 4027,988 13209,95 9922,012 20614,96 9402,81 S 5349,5503 11659,259 7410,8345 9759,565 7487,799 7797,8486
1,9429995 B 659,5 4027,988 13209,95 9922,012 20614,96 9402,81 S 5349,5503 11659,259 7410,8345 9759,565 7487,799 7797,8486
1,9430007 B 659,5 4027,988 13209,95 9922,012 20614,96 9402,81 S 5349,5503 11659,259 7410,8345 9759,565 7487,799 7797,8486
1,9430003 B 659,5 4027,988 13209,95 9922,012 20614,96 9402,81 S 5349,5503 11659,259 7410,8345 9759,565 7487,799 7797,8486
1,9430006 B 659,5 4027,988 13209,95 9922,012 20614,96 9402,81 S 5349,5503 11659,259 7410,8345 9759,565 7487,799 7797,8486
1,9429995 B 659,5 4027,988 13209,95 9922,012 20614,96 9402,81 S 5349,5503 11659,259 7410,8345 9759,565 7487,799 7797,8486
1,9429994 B 659,5 4027,988 13209,95 9922,012 20614,96 9402,81 S 5349,5503 11659,259 7410,8345 9759,565 7487,799 7797,8486
1,9430003 B 659,5 4027,988 13209,95 9922,012 20614,96 9402,81 S 5349,5503 11659,259 7410,8345 9759,565 7487,799 7797,8486
1,9429996 B 659,5 4027,988 13209,95 9922,012 20614,96 9402,81 S 5349,5503 11659,259 7410,8345 9759,565 7487,799 7797,8486
1,9430004 B 659,5 4027,988 13209,95 9922,012 20614,96 9402,81 S 5349,5503 11659,259 7410,8345 9759,565 7487,799 7797,8486
1,9430002 B 659,5 4027,988 13209,95 9922,012 20614,96 9402,81 S 5349,5503 11659,259 7410,8345 9759,565 7487,799 7797,8486
1,9430004 B 659,5 4027,988 13209,95 9922,012 20614,96 9402,81 S 5349,5503 11659,259 7410,8345 9759,565 7487,799 7797,8486
1,9430006 B 659,5 4027,988 13209,95 9922,012 20614,96 9402,81 S 5349,5503 11659,259 7410,8345 9759,565 7487,799 7797,8486
1,943 B 659,5 4027,988 13209,95 9922,012 20614,96 9402,81 S 5349,5503 11659,259 7410,8345 9759,565 7487,799 7797,8486
1,9430003 B 659,5 4027,988 13209,95 9922,012 20614,96 9402,81 S 5349,5503 11659,259 7410,8345 9759,565 7487,799 7797,8486
1,9429994 B 659,5 4027,988 13209,95 9922,012 20614,96 9402,81 S 5349,5503 11659,259 7410,8345 9759,565 7487,799 7797,8486
1,9430001 B 659,5 4027,988 13209,95 9922,012 20614,96 9402,81 S 5349,5503 11659,259 7410,8345 9759,565 7487,799 7797,8486
1,943 B 659,5 4027,988 13209,95 9922,012 20614,96 9402,81 S 5349,5503 11659,259 7410,8345 9759,565 7487,799 7797,8486
1,9430001 B 659,5 4027,988 13209,95 9922,012 20614,96 9402,81 S 5349,5503 11659,259 7410,8345 9759,565 7487,799 7797,8486
1,9430002 B 659,5 4027,988 13209,95 9922,012 20614,96 9402,81 S 5349,5503 11659,259 7410,8345 9759,565 7487,799 7797,8486
1,9430002 B 659,5 4027,988 13209,95 9922,012 20614,96 9402,81 S 5349,5503 11659,259 7410,8345 9759,565 7487,799 7797,8486
1,9430001 B 659,5 4027,988 13209,95 9922,012 20614,96 9402,81 S 5349,5503 11659,259 7410,8345 9759,565 7487,799 7797,8486
1,9430001 B 659,5 4027,988 13209,95 9922,012 20614,96 9402,81 S 5349,5503 11659,259 7410,8345 9759,565 7487,799 7797,8486
1,9429994 B 659,5 4027,988 13209,95 9922,012 20614,96 9402,81 S 5349,5503 11659,259 7410,8345 9759,565 7487,799 7797,8486
1,9430001 B 659,5 4027,988 13209,95 9922,012 20614,96 9402,81 S 5349,5503 11659,259 7410,8345 9759,565 7487,799 7797,8486
1,9429996 B 659,5 4027,988 13209,95 9922,012 20614,96 9402,81 S 5349,5503 11659,259 7410,8345 9759,565 7487,799 7797,8486
1,9429994 B 659,5 4027,988 13209,95 9922,012 20614,96 9402,81 S 5349,5503 11659,259 7410,8345 9759,565 7487,799 7797,8486
1,9430004 B 659,5 4027,988 13209,95 9922,012 20614,96 9402,81 S 5349,5503 11659,259 7410,8345 9759,565 7487,799 7797,8486
1,9429997 B 659,5 4027,988 13209,95 9922,012 20614,96 9402,81 S 5349,5503 11659,259 7410,8345 9759,565 7487,799 7797,8486
1,9429996 B 659,5 4027,988 13209,95 9922,012 20614,96 9402,81 S 5349,5503 11659,259 7410,8345 9759,565 7487,799 7797,8486
1,9430002 B 659,5 4027,988 13209,95 9922,012 20614,96 9402,81 S 5349,5503 11659,259 7410,8345 9759,565 7487,799 7797,8486
1,9429997 B 659,5 4027,988 13209,95 9922,012 20614,96 9402,81 S 5349,5503 11659,259 7410,8345 9759,565 7487,799 7797,8486
1,943 B 659,5 4027,988 13209,95 9922,012 20614,96 9402,81 S 5349,5503 11659,259 7410,8345 9759,565 7487,799 7797,8486
1,9430001 B 659,5 4027,988 13209,95 9922,012 20614,96 9402,81 S 5349,5503 11659,259 7410,8345 9759,565 7487,799 7797,8486
1,9430007 B 659,5 4027,988 13209,95 9922,012 20614,96 9402,81 S 5349,5503 11659,259 7410,8345 9759,565 7487,799 7797,8486
1,9429997 B 659,5 4027,988 13209,95 9922,012 20614,96 9402,81 S 5349,5503 11659,259 7410,8345 9759,565 7487,799 7797,8486
1,9430002 B 659,5 4027,988 13209,95 9922,012 20614,96 9402,81 S 5349,5503 11659,259 7410,8345 9759,565 7487,799 7797,8486
1,9430002 B 659,5 4027,988 13209,95 9922,012 20614,96 9402,81 S 5349,5503 11659,259 7410,8345 9759,565 7487,799 7797,8486
1,9430003 B 659,5 4027,988 13209,95 9922,012 20614,96 9402,81 S 5349,5503 11659,259 7410,8345 9759,565 7487,799 7797,8486
1,9430001 B 659,5 4027,988 13209,95 9922,012 20614,96 9402,81 S 5349,5503 11659,259 7410,8345 9759,565 7487,799 7797,8486
1,9430001 B 659,5 4027,988 13209,95 9922,012 20614,96 9402,81 S 5349,5503 11659,259 7410,8345 9759,565 7487,799 7797,8486
1,9430004 B 659,5 4027,988 13209,95 9922,012 20614,96 9402,81 S 5349,5503 11659,259 7410,8345 9759,565 7487,799 7797,8486
1,9420426 B 659,5 4027,988 13209,95 9922,012 20614,96 9402,81 S 5349,5503 11659,259 7410,8345 9759,565 7487,799 7797,8486
1,9410006 B 659,5 4027,988 13209,95 9922,012 20614,96 9402,81 S 5349,5503 11659,259 7410,8345 9759,565 7487,799 7797,8486
1,941 B 659,5 4027,988 13209,95 9922,012 20614,96 9402,81 S 5349,5503 11659,259 7410,8345 9759,565 7487,799 7797,8486
1,941 B 659,5 4027,988 13209,95 9922,012 20614,96 9402,81 S 5349,5503 11659,259 7410,8345 9759,565 7487,799 7797,8486
1,9409997 B 659,5 4027,988 13209,95 9922,012 20614,96 9402,81 S 5349,5503 11659,259 7410,8345 9759,565 7487,799 7797,8486
1,9409997 B 659,5 4027,988 13209,95 9922,012 20614,96 9402,81 S 5349,5503 11659,259 7410,8345 9759,565 7487,799 7797,8486
1,9410001 B 659,5 4027,988 13209,95 9922,012 20614,96 9402,81 S 5349,5503 11659,259 7410,8345 9759,565 7487,799 7797,8486
1,9409997 B 659,5 4027,988 13209,95 9922,012 20614,96 9402,81 S 5349,5503 11659,259 7410,8345 9759,565 7487,799 7797,8486
1,9409999 B 659,5 4027,988 13209,95 9922,012 20614,96 9402,81 S 5349,5503 11659,259 7410,8345 9759,565 7487,799 7797,8486
1,9410002 B 659,5 4027,988 13209,95 9922,012 20614,96 9402,81 S 5349,5503 11659,259 7410,8345 9759,565 7487,799 7797,8486
1,9409996 B 659,5 4027,988 13209,95 9922,012 20614,96 9402,81 S 5349,5503 11659,259 7410,8345 9759,565 7487,799 7797,8486
1,9409999 B 659,5 4027,988 13209,95 9922,012 20614,96 9402,81 S 5349,5503 11659,259 7410,8345 9759,565 7487,799 7797,8486
1,9410003 B 659,5 4027,988 13209,95 9922,012 20614,96 9402,81 S 5349,5503 11659,259 7410,8345 9759,565 7487,799 7797,8486
1,9417608 B 659,5 4027,988 13209,95 9922,012 20614,96 9402,81 S 5349,5503 11659,259 7410,8345 9759,565 7487,799 7797,8486
1,942969 B 659,5 4027,988 13209,95 9922,012 20614,96 9402,81 S 5349,5503 11659,259 7410,8345 9759,565 7487,799 7797,8486
1,9430003 B 659,5 4027,988 13209,95 9922,012 20614,96 9402,81 S 5349,5503 11659,259 7410,8345 9759,565 7487,799 7797,8486
1,9430001 B 659,5 4027,988 13209,95 9922,012 20614,96 9402,81 S 5349,5503 11659,259 7410,8345 9759,565 7487,799 7797,8486
1,9421908 B 659,5 4027,988 13209,95 9922,012 20614,96 9402,81 S 5349,5503 11659,259 7410,8345 9759,565 7487,799 7797,8486
1,9419999 B 659,5 4027,988 13209,95 9922,012 20614,96 9402,81 S 5349,5503 11659,259 7410,8345 9759,565 7487,799 7797,8486
1,942 B 659,5 4027,988 13209,95 9922,012 20614,96 9402,81 S 5349,5503 11659,259 7410,8345 9759,565 7487,799 7797,8486
1,9420003 B 659,5 4027,988 13209,95 9922,012 20614,96 9402,81 S 5349,5503 11659,259 7410,8345 9759,565 7487,799 7797,8486
1,9419996 B 659,5 4027,988 13209,95 9922,012 20614,96 9402,81 S 5349,5503 11659,259 7410,8345 9759,565 7487,799 7797,8486
1,942 B 659,5 4027,988 13209,95 9922,012 20614,96 9402,81 S 5349,5503 11659,259 7410,8345 9759,565 7487,799 7797,8486
1,9419998 B 659,5 4027,988 13209,95 9922,012 20614,96 9402,81 S 5349,5503 11659,259 7410,8345 9759,565 7487,799 7797,8486
1,9420005 B 659,5 4027,988 13209,95 9922,012 20614,96 9402,81 S 5349,5503 11659,259 7410,8345 9759,565 7487,799 7797,8486
1,9419999 B 659,5 4027,988 13209,95 9922,012 20614,96 9402,81 S 5349,5503 11659,259 7410,8345 9759,565 7487,799 7797,8486
1,9424783 B 659,5 4027,988 13209,95 9922,012 20614,96 9402,81 S 5349,5503 11659,259 7410,8345 9759,565 7487,799 7797,8486
1,943 B 659,5 4027,988 13209,95 9922,012 20614,96 9402,81 S 5349,5503 11659,259 7410,8345 9759,565 7487,799 7797,8486
1,9430007 B 659,5 4027,988 13209,95 9922,012 20614,96 9402,81 S 5349,5503 11659,259 7410,8345 9759,565 7487,799 7797,8486
1,9429997 B 659,5 4027,988 13209,95 9922,012 20614,96 9402,81 S 5349,5503 11659,259 7410,8345 9759,565 7487,799 7797,8486
1,943 B 659,5 4027,988 13209,95 9922,012 20614,96 9402,81 S 5349,5503 11659,259 7410,8345 9759,565 7487,799 7797,8486
1,9436889 B 659,5 4027,988 13209,95 9922,012 20614,96 9402,81 S 5349,5503 11659,259 7410,8345 9759,565 7487,799 7797,8486
1,9440001 B 659,5 4027,988 13209,95 9922,012 20614,96 9402,81 S 5349,5503 11659,259 7410,8345 9759,565 7487,799 7797,8486
1,9437338 B 659,5 4027,988 13209,95 9922,012 20614,96 9402,81 S 5349,5503 11659,259 7410,8345 9759,565 7487,799 7797,8486
1,9426649 B 659,5 4027,988 13209,95 9922,012 20614,96 9402,81 S 5349,5503 11659,259 7410,8345 9759,565 7487,799 7797,8486
1,9420002 B 659,5 4027,988 13209,95 9922,012 20614,96 9402,81 S 5349,5503 11659,259 7410,8345 9759,565 7487,799 7797,8486
1,942 B 659,5 4027,988 13209,95 9922,012 20614,96 9402,81 S 5349,5503 11659,259 7410,8345 9759,565 7487,799 7797,8486
1,9419999 B 659,5 4027,988 13209,95 9922,012 20614,96 9402,81 S 5349,5503 11659,259 7410,8345 9759,565 7487,799 7797,8486
1,9420003 B 659,5 4027,988 13209,95 9922,012 20614,96 9402,81 S 5349,5503 11659,259 7410,8345 9759,565 7487,799 7797,8486
1,942 B 659,5 4027,988 13209,95 9922,012 20614,96 9402,81 S 5349,5503 11659,259 7410,8345 9759,565 7487,799 7797,8486
1,9420002 B 659,5 4027,988 13209,95 9922,012 20614,96 9402,81 S 5349,5503 11659,259 7410,8345 9759,565 7487,799 7797,8486
1,942 B 659,5 4027,988 13209,95 9922,012 20614,96 9402,81 S 5349,5503 11659,259 7410,8345 9759,565 7487,799 7797,8486
1,9419993 B 659,5 4027,988 13209,95 9922,012 20614,96 9402,81 S 5349,5503 11659,259 7410,8345 9759,565 7487,799 7797,8486
1,9420002 B 659,5 4027,988 13209,95 9922,012 20614,96 9402,81 S 5349,5503 11659,259 7410,8345 9759,565 7487,799 7797,8486
1,942 B 659,5 4027,988 13209,95 9922,012 20614,96 9402,81 S 5349,5503 11659,259 7410,8345 9759,565 7487,799 7797,8486
1,9412967 B 659,5 4027,988 13209,95 9922,012 20614,96 9402,81 S 5349,5503 11659,259 7410,8345 9759,565 7487,799 7797,8486
1,941 B 659,5 4027,988 13209,95 9922,012 20614,96 9402,81 S 5349,5503 11659,259 7410,8345 9759,565 7487,799 7797,8486
1,9410005 B 659,5 4027,988 13209,95 9922,012 20614,96 9402,81 S 5349,5503 11659,259 7410,8345 9759,565 7487,799 7797,8486
1,9417548 B 659,5 4027,988 13209,95 9922,012 20614,96 9402,81 S 5349,5503 11659,259 7410,8345 9759,565 7487,799 7797,8486
1,9420002 B 659,5 4027,988 13209,95 9922,012 20614,96 9402,81 S 5349,5503 11659,259 7410,8345 9759,565 7487,799 7797,8486
1,9419998 B 659,5 4027,988 13209,95 9922,012 20614,96 9402,81 S 5349,5503 11659,259 7410,8345 9759,565 7487,799 7797,8486
1,9419993 B 659,5 4027,988 13209,95 9922,012 20614,96 9402,81 S 5349,5503 11659,259 7410,8345 9759,565 7487,799 7797,8486
1,942 B 659,5 4027,988 13209,95 9922,012 20614,96 9402,81 S 5349,5503 11659,259 7410,8345 9759,565 7487,799 7797,8486
1,9426202 B 659,5 4027,988 13209,95 9922,012 20614,96 9402,81 S 5349,5503 11659,259 7410,8345 9759,565 7487,799 7797,8486
1,9429996 B 659,5 4027,988 13209,95 9922,012 20614,96 9402,81 S 5349,5503 11659,259 7410,8345 9759,565 7487,799 7797,8486
1,9430001 B 659,5 4027,988 13209,95 9922,012 20614,96 9402,81 S 5349,5503 11659,259 7410,8345 9759,565 7487,799 7797,8486
1,9430003 B 659,5 4027,988 13209,95 9922,012 20614,96 9402,81 S 5349,5503 11659,259 7410,8345 9759,565 7487,799 7797,8486
1,943 B 659,5 4027,988 13209,95 9922,012 20614,96 9402,81 S 5349,5503 11659,259 7410,8345 9759,565 7487,799 7797,8486
1,9430006 B 659,5 4027,988 13209,95 9922,012 20614,96 9402,81 S 5349,5503 11659,259 7410,8345 9759,565 7487,799 7797,8486
1,943 B 659,5 4027,988 13209,95 9922,012 20614,96 9402,81 S 5349,5503 11659,259 7410,8345 9759,565 7487,799 7797,8486
1,9429997 B 659,5 4027,988 13209,95 9922,012 20614,96 9402,81 S 5349,5503 11659,259 7410,8345 9759,565 7487,799 7797,8486
1,9438051 B 659,5 4027,988 13209,95 9922,012 20614,96 9402,81 S 5349,5503 11659,259 7410,8345 9759,565 7487,799 7797,8486
1,9439996 B 659,5 4027,988 13209,95 9922,012 20614,96 9402,81 S 5349,5503 11659,259 7410,8345 9759,565 7487,799 7797,8486
1,944 B 659,5 4027,988 13209,95 9922,012 20614,96 9402,81 S 5349,5503 11659,259 7410,8345 9759,565 7487,799 7797,8486
1,9440001 B 659,5 4027,988 13209,95 9922,012 20614,96 9402,81 S 5349,5503 11659,259 7410,8345 9759,565 7487,799 7797,8486
1,9440001 B 659,5 4027,988 13209,95 9922,012 20614,96 9402,81 S 5349,5503 11659,259 7410,8345 9759,565 7487,799 7797,8486
1,9437362 B 659,5 4027,988 13209,95 9922,012 20614,96 9402,81 S 5349,5503 11659,259 7410,8345 9759,565 7487,799 7797,8486
1,9430001 B 659,5 4027,988 13209,95 9922,012 20614,96 9402,81 S 5349,5503 11659,259 7410,8345 9759,565 7487,799 7797,8486
1,9430006 B 659,5 4027,988 13209,95 9922,012 20614,96 9402,81 S 5349,5503 11659,259 7410,8345 9759,565 7487,799 7797,8486
1,9429997 B 659,5 4027,988 13209,95 9922,012 20614,96 9402,81 S 5349,5503 11659,259 7410,8345 9759,565 7487,799 7797,8486
1,9429996 B 659,5 4027,988 13209,95 9922,012 20614,96 9402,81 S 5349,5503 11659,259 7410,8345 9759,565 7487,799 7797,8486
1,9429996 B 659,5 4027,988 13209,95 9922,012 20614,96 9402,81 S 5349,5503 11659,259 7410,8345 9759,565 7487,799 7797,8486
1,9429997 B 659,5 4027,988 13209,95 9922,012 20614,96 9402,81 S 5349,5503 11659,259 7410,8345 9759,565 7487,799 7797,8486
1,9430002 B 659,5 4027,988 13209,95 9922,012 20614,96 9402,81 S 5349,5503 11659,259 7410,8345 9759,565 7487,799 7797,8486
1,9429995 B 659,5 4027,988 13209,95 9922,012 20614,96 9402,81 S 5349,5503 11659,259 7410,8345 9759,565 7487,799 7797,8486
1,9429996 B 659,5 4027,988 13209,95 9922,012 20614,96 9402,81 S 5349,5503 11659,259 7410,8345 9759,565 7487,799 7797,8486
1,9430002 B 659,5 4027,988 13209,95 9922,012 20614,96 9402,81 S 5349,5503 11659,259 7410,8345 9759,565 7487,799 7797,8486
1,9430001 B 659,5 4027,988 13209,95 9922,012 20614,96 9402,81 S 5349,5503 11659,259 7410,8345 9759,565 7487,799 7797,8486
1,9429996 B 659,5 4027,988 13209,95 9922,012 20614,96 9402,81 S 5349,5503 11659,259 7410,8345 9759,565 7487,799 7797,8486
1,9430006 B 659,5 4027,988 13209,95 9922,012 20614,96 9402,81 S 5349,5503 11659,259 7410,8345 9759,565 7487,799 7797,8486
1,943 B 659,5 4027,988 13209,95 9922,012 20614,96 9402,81 S 5349,5503 11659,259 7410,8345 9759,565 7487,799 7797,8486
1,943 B 659,5 4027,988 13209,95 9922,012 20614,96 9402,81 S 5349,5503 11659,259 7410,8345 9759,565 7487,799 7797,8486
1,9430001 B 659,5 4027,988 13209,95 9922,012 20614,96 9402,81 S 5349,5503 11659,259 7410,8345 9759,565 7487,799 7797,8486
1,9430001 B 659,5 4027,988 13209,95 9922,012 20614,96 9402,81 S 5349,5503 11659,259 7410,8345 9759,565 7487,799 7797,8486
1,943 B 659,5 4027,988 13209,95 9922,012 20614,96 9402,81 S 5349,5503 11659,259 7410,8345 9759,565 7487,799 7797,8486
1,943 B 659,5 4027,988 13209,95 9922,012 20614,96 9402,81 S 5349,5503 11659,259 7410,8345 9759,565 7487,799 7797,8486
1,9429995 B 659,5 4027,988 13209,95 9922,012 20614,96 9402,81 S 5349,5503 11659,259 7410,8345 9759,565 7487,799 7797,8486
1,9430004 B 659,5 4027,988 13209,95 9922,012 20614,96 9402,81 S 5349,5503 11659,259 7410,8345 9759,565 7487,799 7797,8486
1,9430001 B 659,5 4027,988 13209,95 9922,012 20614,96 9402,81 S 5349,5503 11659,259 7410,8345 9759,565 7487,799 7797,8486
1,9430003 B 659,5 4027,988 13209,95 9922,012 20614,96 9402,81 S 5349,5503 11659,259 7410,8345 9759,565 7487,799 7797,8486
1,9430003 B 659,5 4027,988 13209,95 9922,012 20614,96 9402,81 S 5349,5503 11659,259 7410,8345 9759,565 7487,799 7797,8486
1,9430004 B 659,5 4027,988 13209,95 9922,012 20614,96 9402,81 S 5349,5503 11659,259 7410,8345 9759,565 7487,799 7797,8486
1,9430002 B 659,5 4027,988 13209,95 9922,012 20614,96 9402,81 S 5349,5503 11659,259 7410,8345 9759,565 7487,799 7797,8486
1,9430001 B 659,5 4027,988 13209,95 9922,012 20614,96 9402,81 S 5349,5503 11659,259 7410,8345 9759,565 7487,799 7797,8486
1,9430003 B 659,5 4027,988 13209,95 9922,012 20614,96 9402,81 S 5349,5503 11659,259 7410,8345 9759,565 7487,799 7797,8486
1,9430001 B 659,5 4027,988 13209,95 9922,012 20614,96 9402,81 S 5349,5503 11659,259 7410,8345 9759,565 7487,799 7797,8486
1,9429997 B 659,5 4027,988 13209,95 9922,012 20614,96 9402,81 S 5349,5503 11659,259 7410,8345 9759,565 7487,799 7797,8486
1,9430003 B 659,5 4027,988 13209,95 9922,012 20614,96 9402,81 S 5349,5503 11659,259 7410,8345 9759,565 7487,799 7797,8486
1,943638 B 659,5 4027,988 13209,95 9922,012 20614,96 9402,81 S 5349,5503 11659,259 7410,8345 9759,565 7487,799 7797,8486
1,9439994 B 659,5 4027,988 13209,95 9922,012 20614,96 9402,81 S 5349,5503 11659,259 7410,8345 9759,565 7487,799 7797,8486
1,9440005 B 659,5 4027,988 13209,95 9922,012 20614,96 9402,81 S 5349,5503 11659,259 7410,8345 9759,565 7487,799 7797,8486
1,9440002 B 659,5 4027,988 13209,95 9922,012 20614,96 9402,81 S 5349,5503 11659,259 7410,8345 9759,565 7487,799 7797,8486
1,9440002 B 659,5 4027,988 13209,95 9922,012 20614,96 9402,81 S 5349,5503 11659,259 7410,8345 9759,565 7487,799 7797,8486
1,9440004 B 659,5 4027,988 13209,95 9922,012 20614,96 9402,81 S 5349,5503 11659,259 7410,8345 9759,565 7487,799 7797,8486
1,9439999 B 659,5 4027,988 13209,95 9922,012 20614,96 9402,81 S 5349,5503 11659,259 7410,8345 9759,565 7487,799 7797,8486
1,9439996 B 659,5 4027,988 13209,95 9922,012 20614,96 9402,81 S 5349,5503 11659,259 7410,8345 9759,565 7487,799 7797,8486
1,9439999 B 659,5 4027,988 13209,95 9922,012 20614,96 9402,81 S 5349,5503 11659,259 7410,8345 9759,565 7487,799 7797,8486
1,944 B 659,5 4027,988 13209,95 9922,012 20614,96 9402,81 S 5349,5503 11659,259 7410,8345 9759,565 7487,799 7797,8486
1,9440004 B 659,5 4027,988 13209,95 9922,012 20614,96 9402,81 S 5349,5503 11659,259 7410,8345 9759,565 7487,799 7797,8486
1,9439998 B 659,5 4027,988 13209,95 9922,012 20614,96 9402,81 S 5349,5503 11659,259 7410,8345 9759,565 7487,799 7797,8486
1,9439998 B 659,5 4027,988 13209,95 9922,012 20614,96 9402,81 S 5349,5503 11659,259 7410,8345 9759,565 7487,799 7797,8486
1,9439996 B 659,5 4027,988 13209,95 9922,012 20614,96 9402,81 S 5349,5503 11659,259 7410,8345 9759,565 7487,799 7797,8486
1,9440004 B 659,5 4027,988 13209,95 9922,012 20614,96 9402,81 S 5349,5503 11659,259 7410,8345 9759,565 7487,799 7797,8486
1,9439999 B 659,5 4027,988 13209,95 9922,012 20614,96 9402,81 S 5349,5503 11659,259 7410,8345 9759,565 7487,799 7797,8486
1,9435389 B 659,5 4027,988 13209,95 9922,012 20614,96 9402,81 S 5349,5503 11659,259 7410,8345 9759,565 7487,799 7797,8486
1,943 B 659,5 4027,988 13209,95 9922,012 20614,96 9402,81 S 5349,5503 11659,259 7410,8345 9759,565 7487,799 7797,8486
1,942997 B 659,5 4027,988 13209,95 9922,012 20614,96 9402,81 S 5349,5503 11659,259 7410,8345 9759,565 7487,799 7797,8486
1,9393294 B 659,5 4027,988 13209,95 9922,012 20614,96 9402,81 S 5349,5503 11659,259 7410,8345 9759,565 7487,799 7797,8486
1,9394325 B 659,5 4027,988 13209,95 9922,012 20614,96 9402,81 S 5349,5503 11659,259 7410,8345 9759,565 7487,799 7797,8486
1,9400003 B 659,5 4027,988 13209,95 9922,012 20614,96 9402,81 S 5349,5503 11659,259 7410,8345 9759,565 7487,799 7797,8486
1,9399998 B 659,5 4027,988 13209,95 9922,012 20614,96 9402,81 S 5349,5503 11659,259 7410,8345 9759,565 7487,799 7797,8486
1,9399998 B 659,5 4027,988 13209,95 9922,012 20614,96 9402,81 S 5349,5503 11659,259 7410,8345 9759,565 7487,799 7797,8486
1,9405571 B 659,5 4027,988 13209,95 9922,012 20614,96 9402,81 S 5349,5503 11659,259 7410,8345 9759,565 7487,799 7797,8486
1,9410005 B 659,5 4027,988 13209,95 9922,012 20614,96 9402,81 S 5349,5503 11659,259 7410,8345 9759,565 7487,799 7797,8486
1,9409996 B 659,5 4027,988 13209,95 9922,012 20614,96 9402,81 S 5349,5503 11659,259 7410,8345 9759,565 7487,799 7797,8486
1,9409999 B 659,5 4027,988 13209,95 9922,012 20614,96 9402,81 S 5349,5503 11659,259 7410,8345 9759,565 7487,799 7797,8486
1,9410006 B 659,5 4027,988 13209,95 9922,012 20614,96 9402,81 S 5349,5503 11659,259 7410,8345 9759,565 7487,799 7797,8486
1,9409999 B 659,5 4027,988 13209,95 9922,012 20614,96 9402,81 S 5349,5503 11659,259 7410,8345 9759,565 7487,799 7797,8486
1,9410002 B 659,5 4027,988 13209,95 9922,012 20614,96 9402,81 S 5349,5503 11659,259 7410,8345 9759,565 7487,799 7797,8486
1,941 B 659,5 4027,988 13209,95 9922,012 20614,96 9402,81 S 5349,5503 11659,259 7410,8345 9759,565 7487,799 7797,8486
1,9410003 B 659,5 4027,988 13209,95 9922,012 20614,96 9402,81 S 5349,5503 11659,259 7410,8345 9759,565 7487,799 7797,8486
1,9409997 B 659,5 4027,988 13209,95 9922,012 20614,96 9402,81 S 5349,5503 11659,259 7410,8345 9759,565 7487,799 7797,8486
1,9400398 B 659,5 4027,988 13209,95 9922,012 20614,96 9402,81 S 5349,5503 11659,259 7410,8345 9759,565 7487,799 7797,8486
1,9400004 B 659,5 4027,988 13209,95 9922,012 20614,96 9402,81 S 5349,5503 11659,259 7410,8345 9759,565 7487,799 7797,8486
1,9400003 B 659,5 4027,988 13209,95 9922,012 20614,96 9402,81 S 5349,5503 11659,259 7410,8345 9759,565 7487,799 7797,8486
1,9400004 B 659,5 4027,988 13209,95 9922,012 20614,96 9402,81 S 5349,5503 11659,259 7410,8345 9759,565 7487,799 7797,8486
1,9399999 B 659,5 4027,988 13209,95 9922,012 20614,96 9402,81 S 5349,5503 11659,259 7410,8345 9759,565 7487,799 7797,8486
1,9399998 B 659,5 4027,988 13209,95 9922,012 20614,96 9402,81 S 5349,5503 11659,259 7410,8345 9759,565 7487,799 7797,8486
1,9399999 B 659,5 4027,988 13209,95 9922,012 20614,96 9402,81 S 5349,5503 11659,259 7410,8345 9759,565 7487,799 7797,8486
1,9400003 B 659,5 4027,988 13209,95 9922,012 20614,96 9402,81 S 5349,5503 11659,259 7410,8345 9759,565 7487,799 7797,8486
1,9400004 B 659,5 4027,988 13209,95 9922,012 20614,96 9402,81 S 5349,5503 11659,259 7410,8345 9759,565 7487,799 7797,8486
1,9400002 B 659,5 4027,988 13209,95 9922,012 20614,96 9402,81 S 5349,5503 11659,259 7410,8345 9759,565 7487,799 7797,8486
1,9395434 B 659,5 4027,988 13209,95 9922,012 20614,96 9402,81 S 5349,5503 11659,259 7410,8345 9759,565 7487,799 7797,8486
1,939 B 659,5 4027,988 13209,95 9922,012 20614,96 9402,81 S 5349,5503 11659,259 7410,8345 9759,565 7487,799 7797,8486
1,9390002 B 659,5 4027,988 13209,95 9922,012 20614,96 9402,81 S 5349,5503 11659,259 7410,8345 9759,565 7487,799 7797,8486
1,9389999 B 659,5 4027,988 13209,95 9922,012 20614,96 9402,81 S 5349,5503 11659,259 7410,8345 9759,565 7487,799 7797,8486
1,9389997 B 659,5 4027,988 13209,95 9922,012 20614,96 9402,81 S 5349,5503 11659,259 7410,8345 9759,565 7487,799 7797,8486
1,9389998 B 659,5 4027,988 13209,95 9922,012 20614,96 9402,81 S 5349,5503 11659,259 7410,8345 9759,565 7487,799 7797,8486
1,9389997 B 659,5 4027,988 13209,95 9922,012 20614,96 9402,81 S 5349,5503 11659,259 7410,8345 9759,565 7487,799 7797,8486
1,9390002 B 659,5 4027,988 13209,95 9922,012 20614,96 9402,81 S 5349,5503 11659,259 7410,8345 9759,565 7487,799 7797,8486
1,939 B 659,5 4027,988 13209,95 9922,012 20614,96 9402,81 S 5349,5503 11659,259 7410,8345 9759,565 7487,799 7797,8486
1,9389995 B 659,5 4027,988 13209,95 9922,012 20614,96 9402,81 S 5349,5503 11659,259 7410,8345 9759,565 7487,799 7797,8486
1,9402015 B 659,5 4027,988 13209,95 9922,012 20614,96 9402,81 S 5349,5503 11659,259 7410,8345 9759,565 7487,799 7797,8486
1,9409996 B 659,5 4027,988 13209,95 9922,012 20614,96 9402,81 S 5349,5503 11659,259 7410,8345 9759,565 7487,799 7797,8486
1,9410001 B 659,5 4027,988 13209,95 9922,012 20614,96 9402,81 S 5349,5503 11659,259 7410,8345 9759,565 7487,799 7797,8486
1,9410001 B 659,5 4027,988 13209,95 9922,012 20614,96 9402,81 S 5349,5503 11659,259 7410,8345 9759,565 7487,799 7797,8486
1,9410007 B 659,5 4027,988 13209,95 9922,012 20614,96 9402,81 S 5349,5503 11659,259 7410,8345 9759,565 7487,799 7797,8486
1,941 B 659,5 4027,988 13209,95 9922,012 20614,96 9402,81 S 5349,5503 11659,259 7410,8345 9759,565 7487,799 7797,8486
1,941 B 659,5 4027,988 13209,95 9922,012 20614,96 9402,81 S 5349,5503 11659,259 7410,8345 9759,565 7487,799 7797,8486
1,941 B 659,5 4027,988 13209,95 9922,012 20614,96 9402,81 S 5349,5503 11659,259 7410,8345 9759,565 7487,799 7797,8486
1,9410001 B 659,5 4027,988 13209,95 9922,012 20614,96 9402,81 S 5349,5503 11659,259 7410,8345 9759,565 7487,799 7797,8486
1,9410001 B 659,5 4027,988 13209,95 9922,012 20614,96 9402,81 S 5349,5503 11659,259 7410,8345 9759,565 7487,799 7797,8486
1,9409999 B 659,5 4027,988 13209,95 9922,012 20614,96 9402,81 S 5349,5503 11659,259 7410,8345 9759,565 7487,799 7797,8486
1,9409997 B 659,5 4027,988 13209,95 9922,012 20614,96 9402,81 S 5349,5503 11659,259 7410,8345 9759,565 7487,799 7797,8486
1,9409996 B 659,5 4027,988 13209,95 9922,012 20614,96 9402,81 S 5349,5503 11659,259 7410,8345 9759,565 7487,799 7797,8486
1,9410001 B 659,5 4027,988 13209,95 9922,012 20614,96 9402,81 S 5349,5503 11659,259 7410,8345 9759,565 7487,799 7797,8486
1,9409997 B 659,5 4027,988 13209,95 9922,012 20614,96 9402,81 S 5349,5503 11659,259 7410,8345 9759,565 7487,799 7797,8486
1,9409999 B 659,5 4027,988 13209,95 9922,012 20614,96 9402,81 S 5349,5503 11659,259 7410,8345 9759,565 7487,799 7797,8486
1,9410001 B 659,5 4027,988 13209,95 9922,012 20614,96 9402,81 S 5349,5503 11659,259 7410,8345 9759,565 7487,799 7797,8486
1,9410005 B 659,5 4027,988 13209,95 9922,012 20614,96 9402,81 S 5349,5503 11659,259 7410,8345 9759,565 7487,799 7797,8486
1,9409999 B 659,5 4027,988 13209,95 9922,012 20614,96 9402,81 S 5349,5503 11659,259 7410,8345 9759,565 7487,799 7797,8486
1,9410006 B 659,5 4027,988 13209,95 9922,012 20614,96 9402,81 S 5349,5503 11659,259 7410,8345 9759,565 7487,799 7797,8486
1,9409996 B 659,5 4027,988 13209,95 9922,012 20614,96 9402,81 S 5349,5503 11659,259 7410,8345 9759,565 7487,799 7797,8486
1,9410002 B 659,5 4027,988 13209,95 9922,012 20614,96 9402,81 S 5349,5503 11659,259 7410,8345 9759,565 7487,799 7797,8486
1,9410003 B 659,5 4027,988 13209,95 9922,012 20614,96 9402,81 S 5349,5503 11659,259 7410,8345 9759,565 7487,799 7797,8486
1,9410005 B 659,5 4027,988 13209,95 9922,012 20614,96 9402,81 S 5349,5503 11659,259 7410,8345 9759,565 7487,799 7797,8486
1,9409999 B 659,5 4027,988 13209,95 9922,012 20614,96 9402,81 S 5349,5503 11659,259 7410,8345 9759,565 7487,799 7797,8486
1,9410002 B 659,5 4027,988 13209,95 9922,012 20614,96 9402,81 S 5349,5503 11659,259 7410,8345 9759,565 7487,799 7797,8486
1,9410007 B 659,5 4027,988 13209,95 9922,012 20614,96 9402,81 S 5349,5503 11659,259 7410,8345 9759,565 7487,799 7797,8486
1,9409997 B 659,5 4027,988 13209,95 9922,012 20614,96 9402,81 S 5349,5503 11659,259 7410,8345 9759,565 7487,799 7797,8486
1,941 B 659,5 4027,988 13209,95 9922,012 20614,96 9402,81 S 5349,5503 11659,259 7410,8345 9759,565 7487,799 7797,8486
1,941 B 659,5 4027,988 13209,95 9922,012 20614,96 9402,81 S 5349,5503 11659,259 7410,8345 9759,565 7487,799 7797,8486
1,9410003 B 659,5 4027,988 13209,95 9922,012 20614,96 9402,81 S 5349,5503 11659,259 7410,8345 9759,565 7487,799 7797,8486
1,9409995 B 659,5 4027,988 13209,95 9922,012 20614,96 9402,81 S 5349,5503 11659,259 7410,8345 9759,565 7487,799 7797,8486
1,9409999 B 659,5 4027,988 13209,95 9922,012 20614,96 9402,81 S 5349,5503 11659,259 7410,8345 9759,565 7487,799 7797,8486
1,9409993 B 659,5 4027,988 13209,95 9922,012 20614,96 9402,81 S 5349,5503 11659,259 7410,8345 9759,565 7487,799 7797,8486
1,9408774 B 659,5 4027,988 13209,95 9922,012 20614,96 9402,81 S 5349,5503 11659,259 7410,8345 9759,565 7487,799 7797,8486
1,939315 B 659,5 4027,988 13209,95 9922,012 20614,96 9402,81 S 5349,5503 11659,259 7410,8345 9759,565 7487,799 7797,8486
1,9389998 B 659,5 4027,988 13209,95 9922,012 20614,96 9402,81 S 5349,5503 11659,259 7410,8345 9759,565 7487,799 7797,8486
1,9389997 B 659,5 4027,988 13209,95 9922,012 20614,96 9402,81 S 5349,5503 11659,259 7410,8345 9759,565 7487,799 7797,8486
1,9390002 B 659,5 4027,988 13209,95 9922,012 20614,96 9402,81 S 5349,5503 11659,259 7410,8345 9759,565 7487,799 7797,8486
1,9389998 B 659,5 4027,988 13209,95 9922,012 20614,96 9402,81 S 5349,5503 11659,259 7410,8345 9759,565 7487,799 7797,8486
