1,8960313
1,8930007 B 1530,0083 10432,91 17477,033 7260,0254 14858,803 521,0701 S 3303,5 9984,312 8522,961 7724,6343 6721,461 8358,181
1,8947657 B 1530,0083 10432,91 17477,033 7260,0254 14858,803 521,0701 S 3303,5 9984,312 8522,961 7724,6343 6721,461 8358,181
1,8960001 B 1530,0083 10432,91 17477,033 7260,0254 14858,803 521,0701 S 3303,5 9984,312 8522,961 7724,6343 6721,461 8358,181
1,896 B 1530,0083 10432,91 17477,033 7260,0254 14858,803 521,0701 S 3303,5 9984,312 8522,961 7724,6343 6721,461 8358,181
1,8969489 B 1530,0083 10432,91 17477,033 7260,0254 14858,803 521,0701 S 3303,5 9984,312 8522,961 7724,6343 6721,461 8358,181
1,8980001 B 1530,0083 10432,91 17477,033 7260,0254 14858,803 521,0701 S 3303,5 9984,312 8522,961 7724,6343 6721,461 8358,181
1,8979996 B 1530,0083 10432,91 17477,033 7260,0254 14858,803 521,0701 S 3303,5 9984,312 8522,961 7724,6343 6721,461 8358,181
1,8972685 B 1530,0083 10432,91 17477,033 7260,0254 14858,803 521,0701 S 3303,5 9984,312 8522,961 7724,6343 6721,461 8358,181
1,8970004 B 1530,0083 10432,91 17477,033 7260,0254 14858,803 521,0701 S 3303,5 9984,312 8522,961 7724,6343 6721,461 8358,181
1,8969994 B 1530,0083 10432,91 17477,033 7260,0254 14858,803 521,0701 S 3303,5 9984,312 8522,961 7724,6343 6721,461 8358,181
1,8970002 B 1530,0083 10432,91 17477,033 7260,0254 14858,803 521,0701 S 3303,5 9984,312 8522,961 7724,6343 6721,461 8358,181
1,8975663 B 1530,0083 10432,91 17477,033 7260,0254 14858,803 521,0701 S 3303,5 9984,312 8522,961 7724,6343 6721,461 8358,181
1,8980006 B 1530,0083 10432,91 17477,033 7260,0254 14858,803 521,0701 S 3303,5 9984,312 8522,961 7724,6343 6721,461 8358,181
1,8980001 B 1530,0083 10432,91 17477,033 7260,0254 14858,803 521,0701 S 3303,5 9984,312 8522,961 7724,6343 6721,461 8358,181
1,8980005 B 1530,0083 10432,91 17477,033 7260,0254 14858,803 521,0701 S 3303,5 9984,312 8522,961 7724,6343 6721,461 8358,181
1,898 B 1530,0083 10432,91 17477,033 7260,0254 14858,803 521,0701 S 3303,5 9984,312 8522,961 7724,6343 6721,461 8358,181
1,8979995 B 1530,0083 10432,91 17477,033 7260,0254 14858,803 521,0701 S 3303,5 9984,312 8522,961 7724,6343 6721,461 8358,181
1,8980004 B 1530,0083 10432,91 17477,033 7260,0254 14858,803 521,0701 S 3303,5 9984,312 8522,961 7724,6343 6721,461 8358,181
1,8976201 B 1530,0083 10432,91 17477,033 7260,0254 14858,803 521,0701 S 3303,5 9984,312 8522,961 7724,6343 6721,461 8358,181
1,8948414 B 1530,0083 10432,91 17477,033 7260,0254 14858,803 521,0701 S 3303,5 9984,312 8522,961 7724,6343 6721,461 8358,181
1,893 B 1530,0083 10432,91 17477,033 7260,0254 14858,803 521,0701 S 3303,5 9984,312 8522,961 7724,6343 6721,461 8358,181
1,893 B 1530,0083 10432,91 17477,033 7260,0254 14858,803 521,0701 S 3303,5 9984,312 8522,961 7724,6343 6721,461 8358,181
1,8929998 B 1530,0083 10432,91 17477,033 7260,0254 14858,803 521,0701 S 3303,5 9984,312 8522,961 7724,6343 6721,461 8358,181
1,8923374 B 1530,0083 10432,91 17477,033 7260,0254 14858,803 521,0701 S 3303,5 9984,312 8522,961 7724,6343 6721,461 8358,181
1,8920003 B 1530,0083 10432,91 17477,033 7260,0254 14858,803 521,0701 S 3303,5 9984,312 8522,961 7724,6343 6721,461 8358,181
1,8913207 B 1530,0083 10432,91 17477,033 7260,0254 14858,803 521,0701 S 3303,5 9984,312 8522,961 7724,6343 6721,461 8358,181
1,889999 B 1530,0083 10432,91 17477,033 7260,0254 14858,803 521,0701 S 3303,5 9984,312 8522,961 7724,6343 6721,461 8358,181
1,8900001 B 1530,0083 10432,91 17477,033 7260,0254 14858,803 521,0701 S 3303,5 9984,312 8522,961 7724,6343 6721,461 8358,181
1,89 B 1530,0083 10432,91 17477,033 7260,0254 14858,803 521,0701 S 3303,5 9984,312 8522,961 7724,6343 6721,461 8358,181
1,8900002 B 1530,0083 10432,91 17477,033 7260,0254 14858,803 521,0701 S 3303,5 9984,312 8522,961 7724,6343 6721,461 8358,181
1,8890806 B 1530,0083 10432,91 17477,033 7260,0254 14858,803 521,0701 S 3303,5 9984,312 8522,961 7724,6343 6721,461 8358,181
1,888 B 1530,0083 10432,91 17477,033 7260,0254 14858,803 521,0701 S 3303,5 9984,312 8522,961 7724,6343 6721,461 8358,181
1,8879998 B 1530,0083 10432,91 17477,033 7260,0254 14858,803 521,0701 S 3303,5 9984,312 8522,961 7724,6343 6721,461 8358,181
1,8880006 B 1530,0083 10432,91 17477,033 7260,0254 14858,803 521,0701 S 3303,5 9984,312 8522,961 7724,6343 6721,461 8358,181
1,8880004 B 1530,0083 10432,91 17477,033 7260,0254 14858,803 521,0701 S 3303,5 9984,312 8522,961 7724,6343 6721,461 8358,181
1,8900986 B 1530,0083 10432,91 17477,033 7260,0254 14858,803 521,0701 S 3303,5 9984,312 8522,961 7724,6343 6721,461 8358,181
1,8899996 B 1530,0083 10432,91 17477,033 7260,0254 14858,803 521,0701 S 3303,5 9984,312 8522,961 7724,6343 6721,461 8358,181
1,8899995 B 1530,0083 10432,91 17477,033 7260,0254 14858,803 521,0701 S 3303,5 9984,312 8522,961 7724,6343 6721,461 8358,181
1,8909918 B 1530,0083 10432,91 17477,033 7260,0254 14858,803 521,0701 S 3303,5 9984,312 8522,961 7724,6343 6721,461 8358,181
1,8910002 B 1530,0083 10432,91 17477,033 7260,0254 14858,803 521,0701 S 3303,5 9984,312 8522,961 7724,6343 6721,461 8358,181
1,8910006 B 1530,0083 10432,91 17477,033 7260,0254 14858,803 521,0701 S 3303,5 9984,312 8522,961 7724,6343 6721,461 8358,181
1,891 B 1530,0083 10432,91 17477,033 7260,0254 14858,803 521,0701 S 3303,5 9984,312 8522,961 7724,6343 6721,461 8358,181
1,8909997 B 1530,0083 10432,91 17477,033 7260,0254 14858,803 521,0701 S 3303,5 9984,312 8522,961 7724,6343 6721,461 8358,181
1,8910104 B 1530,0083 10432,91 17477,033 7260,0254 14858,803 521,0701 S 3303,5 9984,312 8522,961 7724,6343 6721,461 8358,181
1,8920001 B 1530,0083 10432,91 17477,033 7260,0254 14858,803 521,0701 S 3303,5 9984,312 8522,961 7724,6343 6721,461 8358,181
1,8920001 B 1530,0083 10432,91 17477,033 7260,0254 14858,803 521,0701 S 3303,5 9984,312 8522,961 7724,6343 6721,461 8358,181
1,892 B 1530,0083 10432,91 17477,033 7260,0254 14858,803 521,0701 S 3303,5 9984,312 8522,961 7724,6343 6721,461 8358,181
1,8920007 B 1530,0083 10432,91 17477,033 7260,0254 14858,803 521,0701 S 3303,5 9984,312 8522,961 7724,6343 6721,461 8358,181
1,8920004 B 1530,0083 10432,91 17477,033 7260,0254 14858,803 521,0701 S 3303,5 9984,312 8522,961 7724,6343 6721,461 8358,181
1,8943806 B 1530,0083 10432,91 17477,033 7260,0254 14858,803 521,0701 S 3303,5 9984,312 8522,961 7724,6343 6721,461 8358,181
1,8950001 B 1530,0083 10432,91 17477,033 7260,0254 14858,803 521,0701 S 3303,5 9984,312 8522,961 7724,6343 6721,461 8358,181
1,8949997 B 1530,0083 10432,91 17477,033 7260,0254 14858,803 521,0701 S 3303,5 9984,312 8522,961 7724,6343 6721,461 8358,181
1,8950003 B 1530,0083 10432,91 17477,033 7260,0254 14858,803 521,0701 S 3303,5 9984,312 8522,961 7724,6343 6721,461 8358,181
1,8950002 B 1530,0083 10432,91 17477,033 7260,0254 14858,803 521,0701 S 3303,5 9984,312 8522,961 7724,6343 6721,461 8358,181
1,8949994 B 1530,0083 10432,91 17477,033 7260,0254 14858,803 521,0701 S 3303,5 9984,312 8522,961 7724,6343 6721,461 8358,181
1,8949997 B 1530,0083 10432,91 17477,033 7260,0254 14858,803 521,0701 S 3303,5 9984,312 8522,961 7724,6343 6721,461 8358,181
1,8950006 B 1530,0083 10432,91 17477,033 7260,0254 14858,803 521,0701 S 3303,5 9984,312 8522,961 7724,6343 6721,461 8358,181
1,8952458 B 1530,0083 10432,91 17477,033 7260,0254 14858,803 521,0701 S 3303,5 9984,312 8522,961 7724,6343 6721,461 8358,181
1,8960005 B 1530,0083 10432,91 17477,033 7260,0254 14858,803 521,0701 S 3303,5 9984,312 8522,961 7724,6343 6721,461 8358,181
1,8959999 B 1530,0083 10432,91 17477,033 7260,0254 14858,803 521,0701 S 3303,5 9984,312 8522,961 7724,6343 6721,461 8358,181
1,8960003 B 1530,0083 10432,91 17477,033 7260,0254 14858,803 521,0701 S 3303,5 9984,312 8522,961 7724,6343 6721,461 8358,181
1,8959998 B 1530,0083 10432,91 17477,033 7260,0254 14858,803 521,0701 S 3303,5 9984,312 8522,961 7724,6343 6721,461 8358,181
1,896072 B 1530,0083 10432,91 17477,033 7260,0254 14858,803 521,0701 S 3303,5 9984,312 8522,961 7724,6343 6721,461 8358,181
1,8969995 B 1530,0083 10432,91 17477,033 7260,0254 14858,803 521,0701 S 3303,5 9984,312 8522,961 7724,6343 6721,461 8358,181
1,8969998 B 1530,0083 10432,91 17477,033 7260,0254 14858,803 521,0701 S 3303,5 9984,312 8522,961 7724,6343 6721,461 8358,181
1,8969994 B 1530,0083 10432,91 17477,033 7260,0254 14858,803 521,0701 S 3303,5 9984,312 8522,961 7724,6343 6721,461 8358,181
1,8973662 B 1530,0083 10432,91 17477,033 7260,0254 14858,803 521,0701 S 3303,5 9984,312 8522,961 7724,6343 6721,461 8358,181
1,8980002 B 1530,0083 10432,91 17477,033 7260,0254 14858,803 521,0701 S 3303,5 9984,312 8522,961 7724,6343 6721,461 8358,181
1,8979999 B 1530,0083 10432,91 17477,033 7260,0254 14858,803 521,0701 S 3303,5 9984,312 8522,961 7724,6343 6721,461 8358,181
1,8980001 B 1530,0083 10432,91 17477,033 7260,0254 14858,803 521,0701 S 3303,5 9984,312 8522,961 7724,6343 6721,461 8358,181
1,8979995 B 1530,0083 10432,91 17477,033 7260,0254 14858,803 521,0701 S 3303,5 9984,312 8522,961 7724,6343 6721,461 8358,181
1,8979995 B 1530,0083 10432,91 17477,033 7260,0254 14858,803 521,0701 S 3303,5 9984,312 8522,961 7724,6343 6721,461 8358,181
1,8978385 B 1530,0083 10432,91 17477,033 7260,0254 14858,803 521,0701 S 3303,5 9984,312 8522,961 7724,6343 6721,461 8358,181
1,8969996 B 1530,0083 10432,91 17477,033 7260,0254 14858,803 521,0701 S 3303,5 9984,312 8522,961 7724,6343 6721,461 8358,181
1,897 B 1530,0083 10432,91 17477,033 7260,0254 14858,803 521,0701 S 3303,5 9984,312 8522,961 7724,6343 6721,461 8358,181
1,8970007 B 1530,0083 10432,91 17477,033 7260,0254 14858,803 521,0701 S 3303,5 9984,312 8522,961 7724,6343 6721,461 8358,181
1,897 B 1530,0083 10432,91 17477,033 7260,0254 14858,803 521,0701 S 3303,5 9984,312 8522,961 7724,6343 6721,461 8358,181
1,8964329 B 1530,0083 10432,91 17477,033 7260,0254 14858,803 521,0701 S 3303,5 9984,312 8522,961 7724,6343 6721,461 8358,181
1,8959999 B 1530,0083 10432,91 17477,033 7260,0254 14858,803 521,0701 S 3303,5 9984,312 8522,961 7724,6343 6721,461 8358,181
1,8962687 B 1530,0083 10432,91 17477,033 7260,0254 14858,803 521,0701 S 3303,5 9984,312 8522,961 7724,6343 6721,461 8358,181
1,8969998 B 1530,0083 10432,91 17477,033 7260,0254 14858,803 521,0701 S 3303,5 9984,312 8522,961 7724,6343 6721,461 8358,181
1,8969996 B 1530,0083 10432,91 17477,033 7260,0254 14858,803 521,0701 S 3303,5 9984,312 8522,961 7724,6343 6721,461 8358,181
1,897 B 1530,0083 10432,91 17477,033 7260,0254 14858,803 521,0701 S 3303,5 9984,312 8522,961 7724,6343 6721,461 8358,181
1,8970554 B 1530,0083 10432,91 17477,033 7260,0254 14858,803 521,0701 S 3303,5 9984,312 8522,961 7724,6343 6721,461 8358,181
1,8979999 B 1530,0083 10432,91 17477,033 7260,0254 14858,803 521,0701 S 3303,5 9984,312 8522,961 7724,6343 6721,461 8358,181
1,8980002 B 1530,0083 10432,91 17477,033 7260,0254 14858,803 521,0701 S 3303,5 9984,312 8522,961 7724,6343 6721,461 8358,181
1,8980001 B 1530,0083 10432,91 17477,033 7260,0254 14858,803 521,0701 S 3303,5 9984,312 8522,961 7724,6343 6721,461 8358,181
1,8980001 B 1530,0083 10432,91 17477,033 7260,0254 14858,803 521,0701 S 3303,5 9984,312 8522,961 7724,6343 6721,461 8358,181
1,8979995 B 1530,0083 10432,91 17477,033 7260,0254 14858,803 521,0701 S 3303,5 9984,312 8522,961 7724,6343 6721,461 8358,181
1,8977519 B 1530,0083 10432,91 17477,033 7260,0254 14858,803 521,0701 S 3303,5 9984,312 8522,961 7724,6343 6721,461 8358,181
1,8969995 B 1530,0083 10432,91 17477,033 7260,0254 14858,803 521,0701 S 3303,5 9984,312 8522,961 7724,6343 6721,461 8358,181
1,8969997 B 1530,0083 10432,91 17477,033 7260,0254 14858,803 521,0701 S 3303,5 9984,312 8522,961 7724,6343 6721,461 8358,181
1,8970008 B 1530,0083 10432,91 17477,033 7260,0254 14858,803 521,0701 S 3303,5 9984,312 8522,961 7724,6343 6721,461 8358,181
1,8969998 B 1530,0083 10432,91 17477,033 7260,0254 14858,803 521,0701 S 3303,5 9984,312 8522,961 7724,6343 6721,461 8358,181
1,8970001 B 1530,0083 10432,91 17477,033 7260,0254 14858,803 521,0701 S 3303,5 9984,312 8522,961 7724,6343 6721,461 8358,181
1,8970002 B 1530,0083 10432,91 17477,033 7260,0254 14858,803 521,0701 S 3303,5 9984,312 8522,961 7724,6343 6721,461 8358,181
1,8969996 B 1530,0083 10432,91 17477,033 7260,0254 14858,803 521,0701 S 3303,5 9984,312 8522,961 7724,6343 6721,461 8358,181
1,8970001 B 1530,0083 10432,91 17477,033 7260,0254 14858,803 521,0701 S 3303,5 9984,312 8522,961 7724,6343 6721,461 8358,181
1,8969994 B 1530,0083 10432,91 17477,033 7260,0254 14858,803 521,0701 S 3303,5 9984,312 8522,961 7724,6343 6721,461 8358,181
1,8969994 B 1530,0083 10432,91 17477,033 7260,0254 14858,803 521,0701 S 3303,5 9984,312 8522,961 7724,6343 6721,461 8358,181
1,8966978 B 1530,0083 10432,91 17477,033 7260,0254 14858,803 521,0701 S 3303,5 9984,312 8522,961 7724,6343 6721,461 8358,181
1,8959997 B 1530,0083 10432,91 17477,033 7260,0254 14858,803 521,0701 S 3303,5 9984,312 8522,961 7724,6343 6721,461 8358,181
1,8959996 B 1530,0083 10432,91 17477,033 7260,0254 14858,803 521,0701 S 3303,5 9984,312 8522,961 7724,6343 6721,461 8358,181
1,8960001 B 1530,0083 10432,91 17477,033 7260,0254 14858,803 521,0701 S 3303,5 9984,312 8522,961 7724,6343 6721,461 8358,181
1,8960001 B 1530,0083 10432,91 17477,033 7260,0254 14858,803 521,0701 S 3303,5 9984,312 8522,961 7724,6343 6721,461 8358,181
1,8960005 B 1530,0083 10432,91 17477,033 7260,0254 14858,803 521,0701 S 3303,5 9984,312 8522,961 7724,6343 6721,461 8358,181
1,8960001 B 1530,0083 10432,91 17477,033 7260,0254 14858,803 521,0701 S 3303,5 9984,312 8522,961 7724,6343 6721,461 8358,181
1,8976203 B 1530,0083 10432,91 17477,033 7260,0254 14858,803 521,0701 S 3303,5 9984,312 8522,961 7724,6343 6721,461 8358,181
1,8980001 B 1530,0083 10432,91 17477,033 7260,0254 14858,803 521,0701 S 3303,5 9984,312 8522,961 7724,6343 6721,461 8358,181
1,898 B 1530,0083 10432,91 17477,033 7260,0254 14858,803 521,0701 S 3303,5 9984,312 8522,961 7724,6343 6721,461 8358,181
1,8980001 B 1530,0083 10432,91 17477,033 7260,0254 14858,803 521,0701 S 3303,5 9984,312 8522,961 7724,6343 6721,461 8358,181
1,898 B 1530,0083 10432,91 17477,033 7260,0254 14858,803 521,0701 S 3303,5 9984,312 8522,961 7724,6343 6721,461 8358,181
1,8980007 B 1530,0083 10432,91 17477,033 7260,0254 14858,803 521,0701 S 3303,5 9984,312 8522,961 7724,6343 6721,461 8358,181
1,8980007 B 1530,0083 10432,91 17477,033 7260,0254 14858,803 521,0701 S 3303,5 9984,312 8522,961 7724,6343 6721,461 8358,181
1,8984492 B 1530,0083 10432,91 17477,033 7260,0254 14858,803 521,0701 S 3303,5 9984,312 8522,961 7724,6343 6721,461 8358,181
1,8990006 B 1530,0083 10432,91 17477,033 7260,0254 14858,803 521,0701 S 3303,5 9984,312 8522,961 7724,6343 6721,461 8358,181
1,8989999 B 1530,0083 10432,91 17477,033 7260,0254 14858,803 521,0701 S 3303,5 9984,312 8522,961 7724,6343 6721,461 8358,181
1,8989993 B 1530,0083 10432,91 17477,033 7260,0254 14858,803 521,0701 S 3303,5 9984,312 8522,961 7724,6343 6721,461 8358,181
1,8990003 B 1530,0083 10432,91 17477,033 7260,0254 14858,803 521,0701 S 3303,5 9984,312 8522,961 7724,6343 6721,461 8358,181
1,8990091 B 1530,0083 10432,91 17477,033 7260,0254 14858,803 521,0701 S 3303,5 9984,312 8522,961 7724,6343 6721,461 8358,181
1,9000002 B 1530,0083 10432,91 17477,033 7260,0254 14858,803 521,0701 S 3303,5 9984,312 8522,961 7724,6343 6721,461 8358,181
1,8999999 B 1530,0083 10432,91 17477,033 7260,0254 14858,803 521,0701 S 3303,5 9984,312 8522,961 7724,6343 6721,461 8358,181
1,8999997 B 1530,0083 10432,91 17477,033 7260,0254 14858,803 521,0701 S 3303,5 9984,312 8522,961 7724,6343 6721,461 8358,181
1,8996114 B 1530,0083 10432,91 17477,033 7260,0254 14858,803 521,0701 S 3303,5 9984,312 8522,961 7724,6343 6721,461 8358,181
1,8990008 B 1530,0083 10432,91 17477,033 7260,0254 14858,803 521,0701 S 3303,5 9984,312 8522,961 7724,6343 6721,461 8358,181
1,8989998 B 1530,0083 10432,91 17477,033 7260,0254 14858,803 521,0701 S 3303,5 9984,312 8522,961 7724,6343 6721,461 8358,181
1,8996017 B 1530,0083 10432,91 17477,033 7260,0254 14858,803 521,0701 S 3303,5 9984,312 8522,961 7724,6343 6721,461 8358,181
1,8997267 B 1530,0083 10432,91 17477,033 7260,0254 14858,803 521,0701 S 3303,5 9984,312 8522,961 7724,6343 6721,461 8358,181
1,8990002 B 1530,0083 10432,91 17477,033 7260,0254 14858,803 521,0701 S 3303,5 9984,312 8522,961 7724,6343 6721,461 8358,181
1,8989999 B 1530,0083 10432,91 17477,033 7260,0254 14858,803 521,0701 S 3303,5 9984,312 8522,961 7724,6343 6721,461 8358,181
1,8989997 B 1530,0083 10432,91 17477,033 7260,0254 14858,803 521,0701 S 3303,5 9984,312 8522,961 7724,6343 6721,461 8358,181
1,8985238 B 1530,0083 10432,91 17477,033 7260,0254 14858,803 521,0701 S 3303,5 9984,312 8522,961 7724,6343 6721,461 8358,181
1,898 B 1530,0083 10432,91 17477,033 7260,0254 14858,803 521,0701 S 3303,5 9984,312 8522,961 7724,6343 6721,461 8358,181
1,8980002 B 1530,0083 10432,91 17477,033 7260,0254 14858,803 521,0701 S 3303,5 9984,312 8522,961 7724,6343 6721,461 8358,181
1,8980001 B 1530,0083 10432,91 17477,033 7260,0254 14858,803 521,0701 S 3303,5 9984,312 8522,961 7724,6343 6721,461 8358,181
1,8979996 B 1530,0083 10432,91 17477,033 7260,0254 14858,803 521,0701 S 3303,5 9984,312 8522,961 7724,6343 6721,461 8358,181
1,8980002 B 1530,0083 10432,91 17477,033 7260,0254 14858,803 521,0701 S 3303,5 9984,312 8522,961 7724,6343 6721,461 8358,181
1,898 B 1530,0083 10432,91 17477,033 7260,0254 14858,803 521,0701 S 3303,5 9984,312 8522,961 7724,6343 6721,461 8358,181
1,8977588 B 1530,0083 10432,91 17477,033 7260,0254 14858,803 521,0701 S 3303,5 9984,312 8522,961 7724,6343 6721,461 8358,181
1,8969998 B 1530,0083 10432,91 17477,033 7260,0254 14858,803 521,0701 S 3303,5 9984,312 8522,961 7724,6343 6721,461 8358,181
1,8970007 B 1530,0083 10432,91 17477,033 7260,0254 14858,803 521,0701 S 3303,5 9984,312 8522,961 7724,6343 6721,461 8358,181
1,897 B 1530,0083 10432,91 17477,033 7260,0254 14858,803 521,0701 S 3303,5 9984,312 8522,961 7724,6343 6721,461 8358,181
1,8969995 B 1530,0083 10432,91 17477,033 7260,0254 14858,803 521,0701 S 3303,5 9984,312 8522,961 7724,6343 6721,461 8358,181
1,897 B 1530,0083 10432,91 17477,033 7260,0254 14858,803 521,0701 S 3303,5 9984,312 8522,961 7724,6343 6721,461 8358,181
1,8970001 B 1530,0083 10432,91 17477,033 7260,0254 14858,803 521,0701 S 3303,5 9984,312 8522,961 7724,6343 6721,461 8358,181
1,8969998 B 1530,0083 10432,91 17477,033 7260,0254 14858,803 521,0701 S 3303,5 9984,312 8522,961 7724,6343 6721,461 8358,181
1,8969997 B 1530,0083 10432,91 17477,033 7260,0254 14858,803 521,0701 S 3303,5 9984,312 8522,961 7724,6343 6721,461 8358,181
1,8970002 B 1530,0083 10432,91 17477,033 7260,0254 14858,803 521,0701 S 3303,5 9984,312 8522,961 7724,6343 6721,461 8358,181
1,897 B 1530,0083 10432,91 17477,033 7260,0254 14858,803 521,0701 S 3303,5 9984,312 8522,961 7724,6343 6721,461 8358,181
1,8969997 B 1530,0083 10432,91 17477,033 7260,0254 14858,803 521,0701 S 3303,5 9984,312 8522,961 7724,6343 6721,461 8358,181
1,8969995 B 1530,0083 10432,91 17477,033 7260,0254 14858,803 521,0701 S 3303,5 9984,312 8522,961 7724,6343 6721,461 8358,181
1,8961807 B 1530,0083 10432,91 17477,033 7260,0254 14858,803 521,0701 S 3303,5 9984,312 8522,961 7724,6343 6721,461 8358,181
1,8959998 B 1530,0083 10432,91 17477,033 7260,0254 14858,803 521,0701 S 3303,5 9984,312 8522,961 7724,6343 6721,461 8358,181
1,8960006 B 1530,0083 10432,91 17477,033 7260,0254 14858,803 521,0701 S 3303,5 9984,312 8522,961 7724,6343 6721,461 8358,181
1,8960003 B 1530,0083 10432,91 17477,033 7260,0254 14858,803 521,0701 S 3303,5 9984,312 8522,961 7724,6343 6721,461 8358,181
1,8959998 B 1530,0083 10432,91 17477,033 7260,0254 14858,803 521,0701 S 3303,5 9984,312 8522,961 7724,6343 6721,461 8358,181
1,896 B 1530,0083 10432,91 17477,033 7260,0254 14858,803 521,0701 S 3303,5 9984,312 8522,961 7724,6343 6721,461 8358,181
1,8959999 B 1530,0083 10432,91 17477,033 7260,0254 14858,803 521,0701 S 3303,5 9984,312 8522,961 7724,6343 6721,461 8358,181
1,8959994 B 1530,0083 10432,91 17477,033 7260,0254 14858,803 521,0701 S 3303,5 9984,312 8522,961 7724,6343 6721,461 8358,181
1,896 B 1530,0083 10432,91 17477,033 7260,0254 14858,803 521,0701 S 3303,5 9984,312 8522,961 7724,6343 6721,461 8358,181
1,8960004 B 1530,0083 10432,91 17477,033 7260,0254 14858,803 521,0701 S 3303,5 9984,312 8522,961 7724,6343 6721,461 8358,181
1,8959996 B 1530,0083 10432,91 17477,033 7260,0254 14858,803 521,0701 S 3303,5 9984,312 8522,961 7724,6343 6721,461 8358,181
1,8959998 B 1530,0083 10432,91 17477,033 7260,0254 14858,803 521,0701 S 3303,5 9984,312 8522,961 7724,6343 6721,461 8358,181
1,8960001 B 1530,0083 10432,91 17477,033 7260,0254 14858,803 521,0701 S 3303,5 9984,312 8522,961 7724,6343 6721,461 8358,181
1,8959998 B 1530,0083 10432,91 17477,033 7260,0254 14858,803 521,0701 S 3303,5 9984,312 8522,961 7724,6343 6721,461 8358,181
1,8960001 B 1530,0083 10432,91 17477,033 7260,0254 14858,803 521,0701 S 3303,5 9984,312 8522,961 7724,6343 6721,461 8358,181
1,8959999 B 1530,0083 10432,91 17477,033 7260,0254 14858,803 521,0701 S 3303,5 9984,312 8522,961 7724,6343 6721,461 8358,181
1,896 B 1530,0083 10432,91 17477,033 7260,0254 14858,803 521,0701 S 3303,5 9984,312 8522,961 7724,6343 6721,461 8358,181
1,8960006 B 1530,0083 10432,91 17477,033 7260,0254 14858,803 521,0701 S 3303,5 9984,312 8522,961 7724,6343 6721,461 8358,181
1,8959999 B 1530,0083 10432,91 17477,033 7260,0254 14858,803 521,0701 S 3303,5 9984,312 8522,961 7724,6343 6721,461 8358,181
1,896 B 1530,0083 10432,91 17477,033 7260,0254 14858,803 521,0701 S 3303,5 9984,312 8522,961 7724,6343 6721,461 8358,181
1,8960001 B 1530,0083 10432,91 17477,033 7260,0254 14858,803 521,0701 S 3303,5 9984,312 8522,961 7724,6343 6721,461 8358,181
1,896 B 1530,0083 10432,91 17477,033 7260,0254 14858,803 521,0701 S 3303,5 9984,312 8522,961 7724,6343 6721,461 8358,181
1,8960006 B 1530,0083 10432,91 17477,033 7260,0254 14858,803 521,0701 S 3303,5 9984,312 8522,961 7724,6343 6721,461 8358,181
1,8959997 B 1530,0083 10432,91 17477,033 7260,0254 14858,803 521,0701 S 3303,5 9984,312 8522,961 7724,6343 6721,461 8358,181
1,8960004 B 1530,0083 10432,91 17477,033 7260,0254 14858,803 521,0701 S 3303,5 9984,312 8522,961 7724,6343 6721,461 8358,181
1,8959999 B 1530,0083 10432,91 17477,033 7260,0254 14858,803 521,0701 S 3303,5 9984,312 8522,961 7724,6343 6721,461 8358,181
1,8960003 B 1530,0083 10432,91 17477,033 7260,0254 14858,803 521,0701 S 3303,5 9984,312 8522,961 7724,6343 6721,461 8358,181
1,8960003 B 1530,0083 10432,91 17477,033 7260,0254 14858,803 521,0701 S 3303,5 9984,312 8522,961 7724,6343 6721,461 8358,181
1,896001 B 1530,0083 10432,91 17477,033 7260,0254 14858,803 521,0701 S 3303,5 9984,312 8522,961 7724,6343 6721,461 8358,181
1,896 B 1530,0083 10432,91 17477,033 7260,0254 14858,803 521,0701 S 3303,5 9984,312 8522,961 7724,6343 6721,461 8358,181
1,8960003 B 1530,0083 10432,91 17477,033 7260,0254 14858,803 521,0701 S 3303,5 9984,312 8522,961 7724,6343 6721,461 8358,181
1,8960011 B 1530,0083 10432,91 17477,033 7260,0254 14858,803 521,0701 S 3303,5 9984,312 8522,961 7724,6343 6721,461 8358,181
1,8960004 B 1530,0083 10432,91 17477,033 7260,0254 14858,803 521,0701 S 3303,5 9984,312 8522,961 7724,6343 6721,461 8358,181
1,8959999 B 1530,0083 10432,91 17477,033 7260,0254 14858,803 521,0701 S 3303,5 9984,312 8522,961 7724,6343 6721,461 8358,181
1,8959999 B 1530,0083 10432,91 17477,033 7260,0254 14858,803 521,0701 S 3303,5 9984,312 8522,961 7724,6343 6721,461 8358,181
1,8959998 B 1530,0083 10432,91 17477,033 7260,0254 14858,803 521,0701 S 3303,5 9984,312 8522,961 7724,6343 6721,461 8358,181
1,8960001 B 1530,0083 10432,91 17477,033 7260,0254 14858,803 521,0701 S 3303,5 9984,312 8522,961 7724,6343 6721,461 8358,181
1,8960005 B 1530,0083 10432,91 17477,033 7260,0254 14858,803 521,0701 S 3303,5 9984,312 8522,961 7724,6343 6721,461 8358,181
1,8960004 B 1530,0083 10432,91 17477,033 7260,0254 14858,803 521,0701 S 3303,5 9984,312 8522,961 7724,6343 6721,461 8358,181
1,896 B 1530,0083 10432,91 17477,033 7260,0254 14858,803 521,0701 S 3303,5 9984,312 8522,961 7724,6343 6721,461 8358,181
1,896 B 1530,0083 10432,91 17477,033 7260,0254 14858,803 521,0701 S 3303,5 9984,312 8522,961 7724,6343 6721,461 8358,181
1,896 B 1530,0083 10432,91 17477,033 7260,0254 14858,803 521,0701 S 3303,5 9984,312 8522,961 7724,6343 6721,461 8358,181
1,896 B 1530,0083 10432,91 17477,033 7260,0254 14858,803 521,0701 S 3303,5 9984,312 8522,961 7724,6343 6721,461 8358,181
1,8960006 B 1530,0083 10432,91 17477,033 7260,0254 14858,803 521,0701 S 3303,5 9984,312 8522,961 7724,6343 6721,461 8358,181
1,8960559 B 1530,0083 10432,91 17477,033 7260,0254 14858,803 521,0701 S 3303,5 9984,312 8522,961 7724,6343 6721,461 8358,181
1,8970001 B 1530,0083 10432,91 17477,033 7260,0254 14858,803 521,0701 S 3303,5 9984,312 8522,961 7724,6343 6721,461 8358,181
1,8970002 B 1530,0083 10432,91 17477,033 7260,0254 14858,803 521,0701 S 3303,5 9984,312 8522,961 7724,6343 6721,461 8358,181
1,8970004 B 1530,0083 10432,91 17477,033 7260,0254 14858,803 521,0701 S 3303,5 9984,312 8522,961 7724,6343 6721,461 8358,181
1,8969997 B 1530,0083 10432,91 17477,033 7260,0254 14858,803 521,0701 S 3303,5 9984,312 8522,961 7724,6343 6721,461 8358,181
1,897 B 1530,0083 10432,91 17477,033 7260,0254 14858,803 521,0701 S 3303,5 9984,312 8522,961 7724,6343 6721,461 8358,181
1,8970001 B 1530,0083 10432,91 17477,033 7260,0254 14858,803 521,0701 S 3303,5 9984,312 8522,961 7724,6343 6721,461 8358,181
1,8970006 B 1530,0083 10432,91 17477,033 7260,0254 14858,803 521,0701 S 3303,5 9984,312 8522,961 7724,6343 6721,461 8358,181
1,8969997 B 1530,0083 10432,91 17477,033 7260,0254 14858,803 521,0701 S 3303,5 9984,312 8522,961 7724,6343 6721,461 8358,181
1,897 B 1530,0083 10432,91 17477,033 7260,0254 14858,803 521,0701 S 3303,5 9984,312 8522,961 7724,6343 6721,461 8358,181
1,8970002 B 1530,0083 10432,91 17477,033 7260,0254 14858,803 521,0701 S 3303,5 9984,312 8522,961 7724,6343 6721,461 8358,181
1,8969996 B 1530,0083 10432,91 17477,033 7260,0254 14858,803 521,0701 S 3303,5 9984,312 8522,961 7724,6343 6721,461 8358,181
1,8970001 B 1530,0083 10432,91 17477,033 7260,0254 14858,803 521,0701 S 3303,5 9984,312 8522,961 7724,6343 6721,461 8358,181
1,897 B 1530,0083 10432,91 17477,033 7260,0254 14858,803 521,0701 S 3303,5 9984,312 8522,961 7724,6343 6721,461 8358,181
1,8969991 B 1530,0083 10432,91 17477,033 7260,0254 14858,803 521,0701 S 3303,5 9984,312 8522,961 7724,6343 6721,461 8358,181
1,8969998 B 1530,0083 10432,91 17477,033 7260,0254 14858,803 521,0701 S 3303,5 9984,312 8522,961 7724,6343 6721,461 8358,181
1,8969998 B 1530,0083 10432,91 17477,033 7260,0254 14858,803 521,0701 S 3303,5 9984,312 8522,961 7724,6343 6721,461 8358,181
1,8969989 B 1530,0083 10432,91 17477,033 7260,0254 14858,803 521,0701 S 3303,5 9984,312 8522,961 7724,6343 6721,461 8358,181
1,8970001 B 1530,0083 10432,91 17477,033 7260,0254 14858,803 521,0701 S 3303,5 9984,312 8522,961 7724,6343 6721,461 8358,181
1,8970001 B 1530,0083 10432,91 17477,033 7260,0254 14858,803 521,0701 S 3303,5 9984,312 8522,961 7724,6343 6721,461 8358,181
1,8970001 B 1530,0083 10432,91 17477,033 7260,0254 14858,803 521,0701 S 3303,5 9984,312 8522,961 7724,6343 6721,461 8358,181
1,897 B 1530,0083 10432,91 17477,033 7260,0254 14858,803 521,0701 S 3303,5 9984,312 8522,961 7724,6343 6721,461 8358,181
1,8969997 B 1530,0083 10432,91 17477,033 7260,0254 14858,803 521,0701 S 3303,5 9984,312 8522,961 7724,6343 6721,461 8358,181
1,8970004 B 1530,0083 10432,91 17477,033 7260,0254 14858,803 521,0701 S 3303,5 9984,312 8522,961 7724,6343 6721,461 8358,181
1,8970006 B 1530,0083 10432,91 17477,033 7260,0254 14858,803 521,0701 S 3303,5 9984,312 8522,961 7724,6343 6721,461 8358,181
1,8970002 B 1530,0083 10432,91 17477,033 7260,0254 14858,803 521,0701 S 3303,5 9984,312 8522,961 7724,6343 6721,461 8358,181
1,8958815 B 1530,0083 10432,91 17477,033 7260,0254 14858,803 521,0701 S 3303,5 9984,312 8522,961 7724,6343 6721,461 8358,181
1,8950003 B 1530,0083 10432,91 17477,033 7260,0254 14858,803 521,0701 S 3303,5 9984,312 8522,961 7724,6343 6721,461 8358,181
1,895 B 1530,0083 10432,91 17477,033 7260,0254 14858,803 521,0701 S 3303,5 9984,312 8522,961 7724,6343 6721,461 8358,181
1,8943337 B 1530,0083 10432,91 17477,033 7260,0254 14858,803 521,0701 S 3303,5 9984,312 8522,961 7724,6343 6721,461 8358,181
1,894081 B 1530,0083 10432,91 17477,033 7260,0254 14858,803 521,0701 S 3303,5 9984,312 8522,961 7724,6343 6721,461 8358,181
1,8950001 B 1530,0083 10432,91 17477,033 7260,0254 14858,803 521,0701 S 3303,5 9984,312 8522,961 7724,6343 6721,461 8358,181
1,8949997 B 1530,0083 10432,91 17477,033 7260,0254 14858,803 521,0701 S 3303,5 9984,312 8522,961 7724,6343 6721,461 8358,181
1,8949999 B 1530,0083 10432,91 17477,033 7260,0254 14858,803 521,0701 S 3303,5 9984,312 8522,961 7724,6343 6721,461 8358,181
1,8949994 B 1530,0083 10432,91 17477,033 7260,0254 14858,803 521,0701 S 3303,5 9984,312 8522,961 7724,6343 6721,461 8358,181
1,8949997 B 1530,0083 10432,91 17477,033 7260,0254 14858,803 521,0701 S 3303,5 9984,312 8522,961 7724,6343 6721,461 8358,181
1,8950003 B 1530,0083 10432,91 17477,033 7260,0254 14858,803 521,0701 S 3303,5 9984,312 8522,961 7724,6343 6721,461 8358,181
1,895 B 1530,0083 10432,91 17477,033 7260,0254 14858,803 521,0701 S 3303,5 9984,312 8522,961 7724,6343 6721,461 8358,181
1,8950002 B 1530,0083 10432,91 17477,033 7260,0254 14858,803 521,0701 S 3303,5 9984,312 8522,961 7724,6343 6721,461 8358,181
1,8949997 B 1530,0083 10432,91 17477,033 7260,0254 14858,803 521,0701 S 3303,5 9984,312 8522,961 7724,6343 6721,461 8358,181
1,8950006 B 1530,0083 10432,91 17477,033 7260,0254 14858,803 521,0701 S 3303,5 9984,312 8522,961 7724,6343 6721,461 8358,181
1,895 B 1530,0083 10432,91 17477,033 7260,0254 14858,803 521,0701 S 3303,5 9984,312 8522,961 7724,6343 6721,461 8358,181
1,8950001 B 1530,0083 10432,91 17477,033 7260,0254 14858,803 521,0701 S 3303,5 9984,312 8522,961 7724,6343 6721,461 8358,181
1,8950001 B 1530,0083 10432,91 17477,033 7260,0254 14858,803 521,0701 S 3303,5 9984,312 8522,961 7724,6343 6721,461 8358,181
1,8950003 B 1530,0083 10432,91 17477,033 7260,0254 14858,803 521,0701 S 3303,5 9984,312 8522,961 7724,6343 6721,461 8358,181
