1,8961715
1,9029998 B 1315,0939 5212,0596 13513,902 7287,6353 12536,933 11074,154 S 1570,3456 6938,653 11467,765 8432,604 9994,4795 1863,2089
1,9030001 B 1315,0939 5212,0596 13513,902 7287,6353 12536,933 11074,154 S 1570,3456 6938,653 11467,765 8432,604 9994,4795 1863,2089
1,9030006 B 1315,0939 5212,0596 13513,902 7287,6353 12536,933 11074,154 S 1570,3456 6938,653 11467,765 8432,604 9994,4795 1863,2089
1,9029994 B 1315,0939 5212,0596 13513,902 7287,6353 12536,933 11074,154 S 1570,3456 6938,653 11467,765 8432,604 9994,4795 1863,2089
1,9029998 B 1315,0939 5212,0596 13513,902 7287,6353 12536,933 11074,154 S 1570,3456 6938,653 11467,765 8432,604 9994,4795 1863,2089
1,9030005 B 1315,0939 5212,0596 13513,902 7287,6353 12536,933 11074,154 S 1570,3456 6938,653 11467,765 8432,604 9994,4795 1863,2089
1,9030002 B 1315,0939 5212,0596 13513,902 7287,6353 12536,933 11074,154 S 1570,3456 6938,653 11467,765 8432,604 9994,4795 1863,2089
1,903 B 1315,0939 5212,0596 13513,902 7287,6353 12536,933 11074,154 S 1570,3456 6938,653 11467,765 8432,604 9994,4795 1863,2089
1,9029986 B 1315,0939 5212,0596 13513,902 7287,6353 12536,933 11074,154 S 1570,3456 6938,653 11467,765 8432,604 9994,4795 1863,2089
1,9019994 B 1315,0939 5212,0596 13513,902 7287,6353 12536,933 11074,154 S 1570,3456 6938,653 11467,765 8432,604 9994,4795 1863,2089
1,9020002 B 1315,0939 5212,0596 13513,902 7287,6353 12536,933 11074,154 S 1570,3456 6938,653 11467,765 8432,604 9994,4795 1863,2089
1,9020001 B 1315,0939 5212,0596 13513,902 7287,6353 12536,933 11074,154 S 1570,3456 6938,653 11467,765 8432,604 9994,4795 1863,2089
1,9019997 B 1315,0939 5212,0596 13513,902 7287,6353 12536,933 11074,154 S 1570,3456 6938,653 11467,765 8432,604 9994,4795 1863,2089
1,9019996 B 1315,0939 5212,0596 13513,902 7287,6353 12536,933 11074,154 S 1570,3456 6938,653 11467,765 8432,604 9994,4795 1863,2089
1,902 B 1315,0939 5212,0596 13513,902 7287,6353 12536,933 11074,154 S 1570,3456 6938,653 11467,765 8432,604 9994,4795 1863,2089
1,9023408 B 1315,0939 5212,0596 13513,902 7287,6353 12536,933 11074,154 S 1570,3456 6938,653 11467,765 8432,604 9994,4795 1863,2089
1,9030001 B 1315,0939 5212,0596 13513,902 7287,6353 12536,933 11074,154 S 1570,3456 6938,653 11467,765 8432,604 9994,4795 1863,2089
1,9031873 B 1315,0939 5212,0596 13513,902 7287,6353 12536,933 11074,154 S 1570,3456 6938,653 11467,765 8432,604 9994,4795 1863,2089
1,9040004 B 1315,0939 5212,0596 13513,902 7287,6353 12536,933 11074,154 S 1570,3456 6938,653 11467,765 8432,604 9994,4795 1863,2089
1,904 B 1315,0939 5212,0596 13513,902 7287,6353 12536,933 11074,154 S 1570,3456 6938,653 11467,765 8432,604 9994,4795 1863,2089
1,9039999 B 1315,0939 5212,0596 13513,902 7287,6353 12536,933 11074,154 S 1570,3456 6938,653 11467,765 8432,604 9994,4795 1863,2089
1,9040002 B 1315,0939 5212,0596 13513,902 7287,6353 12536,933 11074,154 S 1570,3456 6938,653 11467,765 8432,604 9994,4795 1863,2089
1,9039997 B 1315,0939 5212,0596 13513,902 7287,6353 12536,933 11074,154 S 1570,3456 6938,653 11467,765 8432,604 9994,4795 1863,2089
1,9040004 B 1315,0939 5212,0596 13513,902 7287,6353 12536,933 11074,154 S 1570,3456 6938,653 11467,765 8432,604 9994,4795 1863,2089
1,9040008 B 1315,0939 5212,0596 13513,902 7287,6353 12536,933 11074,154 S 1570,3456 6938,653 11467,765 8432,604 9994,4795 1863,2089
1,9040004 B 1315,0939 5212,0596 13513,902 7287,6353 12536,933 11074,154 S 1570,3456 6938,653 11467,765 8432,604 9994,4795 1863,2089
1,9040002 B 1315,0939 5212,0596 13513,902 7287,6353 12536,933 11074,154 S 1570,3456 6938,653 11467,765 8432,604 9994,4795 1863,2089
1,9040002 B 1315,0939 5212,0596 13513,902 7287,6353 12536,933 11074,154 S 1570,3456 6938,653 11467,765 8432,604 9994,4795 1863,2089
1,9026129 B 1315,0939 5212,0596 13513,902 7287,6353 12536,933 11074,154 S 1570,3456 6938,653 11467,765 8432,604 9994,4795 1863,2089
1,9010003 B 1315,0939 5212,0596 13513,902 7287,6353 12536,933 11074,154 S 1570,3456 6938,653 11467,765 8432,604 9994,4795 1863,2089
1,9010004 B 1315,0939 5212,0596 13513,902 7287,6353 12536,933 11074,154 S 1570,3456 6938,653 11467,765 8432,604 9994,4795 1863,2089
1,9010006 B 1315,0939 5212,0596 13513,902 7287,6353 12536,933 11074,154 S 1570,3456 6938,653 11467,765 8432,604 9994,4795 1863,2089
1,9010005 B 1315,0939 5212,0596 13513,902 7287,6353 12536,933 11074,154 S 1570,3456 6938,653 11467,765 8432,604 9994,4795 1863,2089
1,9010001 B 1315,0939 5212,0596 13513,902 7287,6353 12536,933 11074,154 S 1570,3456 6938,653 11467,765 8432,604 9994,4795 1863,2089
1,9010001 B 1315,0939 5212,0596 13513,902 7287,6353 12536,933 11074,154 S 1570,3456 6938,653 11467,765 8432,604 9994,4795 1863,2089
1,9010006 B 1315,0939 5212,0596 13513,902 7287,6353 12536,933 11074,154 S 1570,3456 6938,653 11467,765 8432,604 9994,4795 1863,2089
1,9009999 B 1315,0939 5212,0596 13513,902 7287,6353 12536,933 11074,154 S 1570,3456 6938,653 11467,765 8432,604 9994,4795 1863,2089
1,9009998 B 1315,0939 5212,0596 13513,902 7287,6353 12536,933 11074,154 S 1570,3456 6938,653 11467,765 8432,604 9994,4795 1863,2089
1,9009999 B 1315,0939 5212,0596 13513,902 7287,6353 12536,933 11074,154 S 1570,3456 6938,653 11467,765 8432,604 9994,4795 1863,2089
1,9010001 B 1315,0939 5212,0596 13513,902 7287,6353 12536,933 11074,154 S 1570,3456 6938,653 11467,765 8432,604 9994,4795 1863,2089
1,9010004 B 1315,0939 5212,0596 13513,902 7287,6353 12536,933 11074,154 S 1570,3456 6938,653 11467,765 8432,604 9994,4795 1863,2089
1,9010004 B 1315,0939 5212,0596 13513,902 7287,6353 12536,933 11074,154 S 1570,3456 6938,653 11467,765 8432,604 9994,4795 1863,2089
1,9010001 B 1315,0939 5212,0596 13513,902 7287,6353 12536,933 11074,154 S 1570,3456 6938,653 11467,765 8432,604 9994,4795 1863,2089
1,9009999 B 1315,0939 5212,0596 13513,902 7287,6353 12536,933 11074,154 S 1570,3456 6938,653 11467,765 8432,604 9994,4795 1863,2089
1,9009998 B 1315,0939 5212,0596 13513,902 7287,6353 12536,933 11074,154 S 1570,3456 6938,653 11467,765 8432,604 9994,4795 1863,2089
1,9015353 B 1315,0939 5212,0596 13513,902 7287,6353 12536,933 11074,154 S 1570,3456 6938,653 11467,765 8432,604 9994,4795 1863,2089
1,9010051 B 1315,0939 5212,0596 13513,902 7287,6353 12536,933 11074,154 S 1570,3456 6938,653 11467,765 8432,604 9994,4795 1863,2089
1,9010009 B 1315,0939 5212,0596 13513,902 7287,6353 12536,933 11074,154 S 1570,3456 6938,653 11467,765 8432,604 9994,4795 1863,2089
1,9009999 B 1315,0939 5212,0596 13513,902 7287,6353 12536,933 11074,154 S 1570,3456 6938,653 11467,765 8432,604 9994,4795 1863,2089
1,9009998 B 1315,0939 5212,0596 13513,902 7287,6353 12536,933 11074,154 S 1570,3456 6938,653 11467,765 8432,604 9994,4795 1863,2089
1,9002776 B 1315,0939 5212,0596 13513,902 7287,6353 12536,933 11074,154 S 1570,3456 6938,653 11467,765 8432,604 9994,4795 1863,2089
1,9 B 1315,0939 5212,0596 13513,902 7287,6353 12536,933 11074,154 S 1570,3456 6938,653 11467,765 8432,604 9994,4795 1863,2089
1,8999997 B 1315,0939 5212,0596 13513,902 7287,6353 12536,933 11074,154 S 1570,3456 6938,653 11467,765 8432,604 9994,4795 1863,2089
1,8999999 B 1315,0939 5212,0596 13513,902 7287,6353 12536,933 11074,154 S 1570,3456 6938,653 11467,765 8432,604 9994,4795 1863,2089
1,9 B 1315,0939 5212,0596 13513,902 7287,6353 12536,933 11074,154 S 1570,3456 6938,653 11467,765 8432,604 9994,4795 1863,2089
1,8999997 B 1315,0939 5212,0596 13513,902 7287,6353 12536,933 11074,154 S 1570,3456 6938,653 11467,765 8432,604 9994,4795 1863,2089
1,8999999 B 1315,0939 5212,0596 13513,902 7287,6353 12536,933 11074,154 S 1570,3456 6938,653 11467,765 8432,604 9994,4795 1863,2089
1,9000002 B 1315,0939 5212,0596 13513,902 7287,6353 12536,933 11074,154 S 1570,3456 6938,653 11467,765 8432,604 9994,4795 1863,2089
1,9000002 B 1315,0939 5212,0596 13513,902 7287,6353 12536,933 11074,154 S 1570,3456 6938,653 11467,765 8432,604 9994,4795 1863,2089
1,9000003 B 1315,0939 5212,0596 13513,902 7287,6353 12536,933 11074,154 S 1570,3456 6938,653 11467,765 8432,604 9994,4795 1863,2089
1,9000002 B 1315,0939 5212,0596 13513,902 7287,6353 12536,933 11074,154 S 1570,3456 6938,653 11467,765 8432,604 9994,4795 1863,2089
1,9 B 1315,0939 5212,0596 13513,902 7287,6353 12536,933 11074,154 S 1570,3456 6938,653 11467,765 8432,604 9994,4795 1863,2089
1,8999993 B 1315,0939 5212,0596 13513,902 7287,6353 12536,933 11074,154 S 1570,3456 6938,653 11467,765 8432,604 9994,4795 1863,2089
1,8999999 B 1315,0939 5212,0596 13513,902 7287,6353 12536,933 11074,154 S 1570,3456 6938,653 11467,765 8432,604 9994,4795 1863,2089
1,8999995 B 1315,0939 5212,0596 13513,902 7287,6353 12536,933 11074,154 S 1570,3456 6938,653 11467,765 8432,604 9994,4795 1863,2089
1,9000001 B 1315,0939 5212,0596 13513,902 7287,6353 12536,933 11074,154 S 1570,3456 6938,653 11467,765 8432,604 9994,4795 1863,2089
1,8999999 B 1315,0939 5212,0596 13513,902 7287,6353 12536,933 11074,154 S 1570,3456 6938,653 11467,765 8432,604 9994,4795 1863,2089
1,9 B 1315,0939 5212,0596 13513,902 7287,6353 12536,933 11074,154 S 1570,3456 6938,653 11467,765 8432,604 9994,4795 1863,2089
1,9 B 1315,0939 5212,0596 13513,902 7287,6353 12536,933 11074,154 S 1570,3456 6938,653 11467,765 8432,604 9994,4795 1863,2089
1,9 B 1315,0939 5212,0596 13513,902 7287,6353 12536,933 11074,154 S 1570,3456 6938,653 11467,765 8432,604 9994,4795 1863,2089
1,8999996 B 1315,0939 5212,0596 13513,902 7287,6353 12536,933 11074,154 S 1570,3456 6938,653 11467,765 8432,604 9994,4795 1863,2089
1,9000001 B 1315,0939 5212,0596 13513,902 7287,6353 12536,933 11074,154 S 1570,3456 6938,653 11467,765 8432,604 9994,4795 1863,2089
1,9000001 B 1315,0939 5212,0596 13513,902 7287,6353 12536,933 11074,154 S 1570,3456 6938,653 11467,765 8432,604 9994,4795 1863,2089
1,9000001 B 1315,0939 5212,0596 13513,902 7287,6353 12536,933 11074,154 S 1570,3456 6938,653 11467,765 8432,604 9994,4795 1863,2089
1,9000002 B 1315,0939 5212,0596 13513,902 7287,6353 12536,933 11074,154 S 1570,3456 6938,653 11467,765 8432,604 9994,4795 1863,2089
1,9000002 B 1315,0939 5212,0596 13513,902 7287,6353 12536,933 11074,154 S 1570,3456 6938,653 11467,765 8432,604 9994,4795 1863,2089
1,8999999 B 1315,0939 5212,0596 13513,902 7287,6353 12536,933 11074,154 S 1570,3456 6938,653 11467,765 8432,604 9994,4795 1863,2089
1,8997116 B 1315,0939 5212,0596 13513,902 7287,6353 12536,933 11074,154 S 1570,3456 6938,653 11467,765 8432,604 9994,4795 1863,2089
1,8990002 B 1315,0939 5212,0596 13513,902 7287,6353 12536,933 11074,154 S 1570,3456 6938,653 11467,765 8432,604 9994,4795 1863,2089
1,8989998 B 1315,0939 5212,0596 13513,902 7287,6353 12536,933 11074,154 S 1570,3456 6938,653 11467,765 8432,604 9994,4795 1863,2089
1,899 B 1315,0939 5212,0596 13513,902 7287,6353 12536,933 11074,154 S 1570,3456 6938,653 11467,765 8432,604 9994,4795 1863,2089
1,899 B 1315,0939 5212,0596 13513,902 7287,6353 12536,933 11074,154 S 1570,3456 6938,653 11467,765 8432,604 9994,4795 1863,2089
1,8989999 B 1315,0939 5212,0596 13513,902 7287,6353 12536,933 11074,154 S 1570,3456 6938,653 11467,765 8432,604 9994,4795 1863,2089
1,899 B 1315,0939 5212,0596 13513,902 7287,6353 12536,933 11074,154 S 1570,3456 6938,653 11467,765 8432,604 9994,4795 1863,2089
1,899 B 1315,0939 5212,0596 13513,902 7287,6353 12536,933 11074,154 S 1570,3456 6938,653 11467,765 8432,604 9994,4795 1863,2089
1,8981503 B 1315,0939 5212,0596 13513,902 7287,6353 12536,933 11074,154 S 1570,3456 6938,653 11467,765 8432,604 9994,4795 1863,2089
1,8986253 B 1315,0939 5212,0596 13513,902 7287,6353 12536,933 11074,154 S 1570,3456 6938,653 11467,765 8432,604 9994,4795 1863,2089
1,8984144 B 1315,0939 5212,0596 13513,902 7287,6353 12536,933 11074,154 S 1570,3456 6938,653 11467,765 8432,604 9994,4795 1863,2089
1,8979996 B 1315,0939 5212,0596 13513,902 7287,6353 12536,933 11074,154 S 1570,3456 6938,653 11467,765 8432,604 9994,4795 1863,2089
1,8980001 B 1315,0939 5212,0596 13513,902 7287,6353 12536,933 11074,154 S 1570,3456 6938,653 11467,765 8432,604 9994,4795 1863,2089
1,898 B 1315,0939 5212,0596 13513,902 7287,6353 12536,933 11074,154 S 1570,3456 6938,653 11467,765 8432,604 9994,4795 1863,2089
1,8980007 B 1315,0939 5212,0596 13513,902 7287,6353 12536,933 11074,154 S 1570,3456 6938,653 11467,765 8432,604 9994,4795 1863,2089
1,8980005 B 1315,0939 5212,0596 13513,902 7287,6353 12536,933 11074,154 S 1570,3456 6938,653 11467,765 8432,604 9994,4795 1863,2089
1,8979995 B 1315,0939 5212,0596 13513,902 7287,6353 12536,933 11074,154 S 1570,3456 6938,653 11467,765 8432,604 9994,4795 1863,2089
1,8979999 B 1315,0939 5212,0596 13513,902 7287,6353 12536,933 11074,154 S 1570,3456 6938,653 11467,765 8432,604 9994,4795 1863,2089
1,8979996 B 1315,0939 5212,0596 13513,902 7287,6353 12536,933 11074,154 S 1570,3456 6938,653 11467,765 8432,604 9994,4795 1863,2089
1,8975129 B 1315,0939 5212,0596 13513,902 7287,6353 12536,933 11074,154 S 1570,3456 6938,653 11467,765 8432,604 9994,4795 1863,2089
1,8970001 B 1315,0939 5212,0596 13513,902 7287,6353 12536,933 11074,154 S 1570,3456 6938,653 11467,765 8432,604 9994,4795 1863,2089
1,896631 B 1315,0939 5212,0596 13513,902 7287,6353 12536,933 11074,154 S 1570,3456 6938,653 11467,765 8432,604 9994,4795 1863,2089
1,8959998 B 1315,0939 5212,0596 13513,902 7287,6353 12536,933 11074,154 S 1570,3456 6938,653 11467,765 8432,604 9994,4795 1863,2089
1,8960004 B 1315,0939 5212,0596 13513,902 7287,6353 12536,933 11074,154 S 1570,3456 6938,653 11467,765 8432,604 9994,4795 1863,2089
1,89668 B 1315,0939 5212,0596 13513,902 7287,6353 12536,933 11074,154 S 1570,3456 6938,653 11467,765 8432,604 9994,4795 1863,2089
1,8994678 B 1315,0939 5212,0596 13513,902 7287,6353 12536,933 11074,154 S 1570,3456 6938,653 11467,765 8432,604 9994,4795 1863,2089
1,8985837 B 1315,0939 5212,0596 13513,902 7287,6353 12536,933 11074,154 S 1570,3456 6938,653 11467,765 8432,604 9994,4795 1863,2089
1,8980001 B 1315,0939 5212,0596 13513,902 7287,6353 12536,933 11074,154 S 1570,3456 6938,653 11467,765 8432,604 9994,4795 1863,2089
1,898 B 1315,0939 5212,0596 13513,902 7287,6353 12536,933 11074,154 S 1570,3456 6938,653 11467,765 8432,604 9994,4795 1863,2089
1,898 B 1315,0939 5212,0596 13513,902 7287,6353 12536,933 11074,154 S 1570,3456 6938,653 11467,765 8432,604 9994,4795 1863,2089
1,8963345 B 1315,0939 5212,0596 13513,902 7287,6353 12536,933 11074,154 S 1570,3456 6938,653 11467,765 8432,604 9994,4795 1863,2089
1,8931926 B 1315,0939 5212,0596 13513,902 7287,6353 12536,933 11074,154 S 1570,3456 6938,653 11467,765 8432,604 9994,4795 1863,2089
1,8930004 B 1315,0939 5212,0596 13513,902 7287,6353 12536,933 11074,154 S 1570,3456 6938,653 11467,765 8432,604 9994,4795 1863,2089
1,8938384 B 1315,0939 5212,0596 13513,902 7287,6353 12536,933 11074,154 S 1570,3456 6938,653 11467,765 8432,604 9994,4795 1863,2089
1,8950006 B 1315,0939 5212,0596 13513,902 7287,6353 12536,933 11074,154 S 1570,3456 6938,653 11467,765 8432,604 9994,4795 1863,2089
1,8949997 B 1315,0939 5212,0596 13513,902 7287,6353 12536,933 11074,154 S 1570,3456 6938,653 11467,765 8432,604 9994,4795 1863,2089
1,895 B 1315,0939 5212,0596 13513,902 7287,6353 12536,933 11074,154 S 1570,3456 6938,653 11467,765 8432,604 9994,4795 1863,2089
1,8946826 B 1315,0939 5212,0596 13513,902 7287,6353 12536,933 11074,154 S 1570,3456 6938,653 11467,765 8432,604 9994,4795 1863,2089
1,8933259 B 1315,0939 5212,0596 13513,902 7287,6353 12536,933 11074,154 S 1570,3456 6938,653 11467,765 8432,604 9994,4795 1863,2089
1,893 B 1315,0939 5212,0596 13513,902 7287,6353 12536,933 11074,154 S 1570,3456 6938,653 11467,765 8432,604 9994,4795 1863,2089
1,8930005 B 1315,0939 5212,0596 13513,902 7287,6353 12536,933 11074,154 S 1570,3456 6938,653 11467,765 8432,604 9994,4795 1863,2089
1,8930002 B 1315,0939 5212,0596 13513,902 7287,6353 12536,933 11074,154 S 1570,3456 6938,653 11467,765 8432,604 9994,4795 1863,2089
1,8930004 B 1315,0939 5212,0596 13513,902 7287,6353 12536,933 11074,154 S 1570,3456 6938,653 11467,765 8432,604 9994,4795 1863,2089
1,8944833 B 1315,0939 5212,0596 13513,902 7287,6353 12536,933 11074,154 S 1570,3456 6938,653 11467,765 8432,604 9994,4795 1863,2089
1,894999 B 1315,0939 5212,0596 13513,902 7287,6353 12536,933 11074,154 S 1570,3456 6938,653 11467,765 8432,604 9994,4795 1863,2089
1,8949997 B 1315,0939 5212,0596 13513,902 7287,6353 12536,933 11074,154 S 1570,3456 6938,653 11467,765 8432,604 9994,4795 1863,2089
1,8949997 B 1315,0939 5212,0596 13513,902 7287,6353 12536,933 11074,154 S 1570,3456 6938,653 11467,765 8432,604 9994,4795 1863,2089
1,8949999 B 1315,0939 5212,0596 13513,902 7287,6353 12536,933 11074,154 S 1570,3456 6938,653 11467,765 8432,604 9994,4795 1863,2089
1,8950008 B 1315,0939 5212,0596 13513,902 7287,6353 12536,933 11074,154 S 1570,3456 6938,653 11467,765 8432,604 9994,4795 1863,2089
1,8950003 B 1315,0939 5212,0596 13513,902 7287,6353 12536,933 11074,154 S 1570,3456 6938,653 11467,765 8432,604 9994,4795 1863,2089
1,8949999 B 1315,0939 5212,0596 13513,902 7287,6353 12536,933 11074,154 S 1570,3456 6938,653 11467,765 8432,604 9994,4795 1863,2089
1,8950001 B 1315,0939 5212,0596 13513,902 7287,6353 12536,933 11074,154 S 1570,3456 6938,653 11467,765 8432,604 9994,4795 1863,2089
1,8940048 B 1315,0939 5212,0596 13513,902 7287,6353 12536,933 11074,154 S 1570,3456 6938,653 11467,765 8432,604 9994,4795 1863,2089
1,8939992 B 1315,0939 5212,0596 13513,902 7287,6353 12536,933 11074,154 S 1570,3456 6938,653 11467,765 8432,604 9994,4795 1863,2089
1,893999 B 1315,0939 5212,0596 13513,902 7287,6353 12536,933 11074,154 S 1570,3456 6938,653 11467,765 8432,604 9994,4795 1863,2089
1,894983 B 1315,0939 5212,0596 13513,902 7287,6353 12536,933 11074,154 S 1570,3456 6938,653 11467,765 8432,604 9994,4795 1863,2089
1,8949991 B 1315,0939 5212,0596 13513,902 7287,6353 12536,933 11074,154 S 1570,3456 6938,653 11467,765 8432,604 9994,4795 1863,2089
1,8950002 B 1315,0939 5212,0596 13513,902 7287,6353 12536,933 11074,154 S 1570,3456 6938,653 11467,765 8432,604 9994,4795 1863,2089
1,8950003 B 1315,0939 5212,0596 13513,902 7287,6353 12536,933 11074,154 S 1570,3456 6938,653 11467,765 8432,604 9994,4795 1863,2089
1,8949996 B 1315,0939 5212,0596 13513,902 7287,6353 12536,933 11074,154 S 1570,3456 6938,653 11467,765 8432,604 9994,4795 1863,2089
1,8949997 B 1315,0939 5212,0596 13513,902 7287,6353 12536,933 11074,154 S 1570,3456 6938,653 11467,765 8432,604 9994,4795 1863,2089
1,8950001 B 1315,0939 5212,0596 13513,902 7287,6353 12536,933 11074,154 S 1570,3456 6938,653 11467,765 8432,604 9994,4795 1863,2089
1,8950002 B 1315,0939 5212,0596 13513,902 7287,6353 12536,933 11074,154 S 1570,3456 6938,653 11467,765 8432,604 9994,4795 1863,2089
1,8950005 B 1315,0939 5212,0596 13513,902 7287,6353 12536,933 11074,154 S 1570,3456 6938,653 11467,765 8432,604 9994,4795 1863,2089
1,8950003 B 1315,0939 5212,0596 13513,902 7287,6353 12536,933 11074,154 S 1570,3456 6938,653 11467,765 8432,604 9994,4795 1863,2089
1,8950002 B 1315,0939 5212,0596 13513,902 7287,6353 12536,933 11074,154 S 1570,3456 6938,653 11467,765 8432,604 9994,4795 1863,2089
1,8940389 B 1315,0939 5212,0596 13513,902 7287,6353 12536,933 11074,154 S 1570,3456 6938,653 11467,765 8432,604 9994,4795 1863,2089
1,8939991 B 1315,0939 5212,0596 13513,902 7287,6353 12536,933 11074,154 S 1570,3456 6938,653 11467,765 8432,604 9994,4795 1863,2089
1,8939996 B 1315,0939 5212,0596 13513,902 7287,6353 12536,933 11074,154 S 1570,3456 6938,653 11467,765 8432,604 9994,4795 1863,2089
1,8939993 B 1315,0939 5212,0596 13513,902 7287,6353 12536,933 11074,154 S 1570,3456 6938,653 11467,765 8432,604 9994,4795 1863,2089
1,8939992 B 1315,0939 5212,0596 13513,902 7287,6353 12536,933 11074,154 S 1570,3456 6938,653 11467,765 8432,604 9994,4795 1863,2089
1,8939992 B 1315,0939 5212,0596 13513,902 7287,6353 12536,933 11074,154 S 1570,3456 6938,653 11467,765 8432,604 9994,4795 1863,2089
1,8939995 B 1315,0939 5212,0596 13513,902 7287,6353 12536,933 11074,154 S 1570,3456 6938,653 11467,765 8432,604 9994,4795 1863,2089
1,8939991 B 1315,0939 5212,0596 13513,902 7287,6353 12536,933 11074,154 S 1570,3456 6938,653 11467,765 8432,604 9994,4795 1863,2089
1,8939993 B 1315,0939 5212,0596 13513,902 7287,6353 12536,933 11074,154 S 1570,3456 6938,653 11467,765 8432,604 9994,4795 1863,2089
1,8939992 B 1315,0939 5212,0596 13513,902 7287,6353 12536,933 11074,154 S 1570,3456 6938,653 11467,765 8432,604 9994,4795 1863,2089
1,8939991 B 1315,0939 5212,0596 13513,902 7287,6353 12536,933 11074,154 S 1570,3456 6938,653 11467,765 8432,604 9994,4795 1863,2089
1,8939993 B 1315,0939 5212,0596 13513,902 7287,6353 12536,933 11074,154 S 1570,3456 6938,653 11467,765 8432,604 9994,4795 1863,2089
1,893375 B 1315,0939 5212,0596 13513,902 7287,6353 12536,933 11074,154 S 1570,3456 6938,653 11467,765 8432,604 9994,4795 1863,2089
1,8929994 B 1315,0939 5212,0596 13513,902 7287,6353 12536,933 11074,154 S 1570,3456 6938,653 11467,765 8432,604 9994,4795 1863,2089
1,8930001 B 1315,0939 5212,0596 13513,902 7287,6353 12536,933 11074,154 S 1570,3456 6938,653 11467,765 8432,604 9994,4795 1863,2089
1,8929996 B 1315,0939 5212,0596 13513,902 7287,6353 12536,933 11074,154 S 1570,3456 6938,653 11467,765 8432,604 9994,4795 1863,2089
1,8930002 B 1315,0939 5212,0596 13513,902 7287,6353 12536,933 11074,154 S 1570,3456 6938,653 11467,765 8432,604 9994,4795 1863,2089
1,8929996 B 1315,0939 5212,0596 13513,902 7287,6353 12536,933 11074,154 S 1570,3456 6938,653 11467,765 8432,604 9994,4795 1863,2089
1,8929999 B 1315,0939 5212,0596 13513,902 7287,6353 12536,933 11074,154 S 1570,3456 6938,653 11467,765 8432,604 9994,4795 1863,2089
1,8930001 B 1315,0939 5212,0596 13513,902 7287,6353 12536,933 11074,154 S 1570,3456 6938,653 11467,765 8432,604 9994,4795 1863,2089
1,893 B 1315,0939 5212,0596 13513,902 7287,6353 12536,933 11074,154 S 1570,3456 6938,653 11467,765 8432,604 9994,4795 1863,2089
1,8930001 B 1315,0939 5212,0596 13513,902 7287,6353 12536,933 11074,154 S 1570,3456 6938,653 11467,765 8432,604 9994,4795 1863,2089
1,8947462 B 1315,0939 5212,0596 13513,902 7287,6353 12536,933 11074,154 S 1570,3456 6938,653 11467,765 8432,604 9994,4795 1863,2089
1,8962187 B 1315,0939 5212,0596 13513,902 7287,6353 12536,933 11074,154 S 1570,3456 6938,653 11467,765 8432,604 9994,4795 1863,2089
1,8970001 B 1315,0939 5212,0596 13513,902 7287,6353 12536,933 11074,154 S 1570,3456 6938,653 11467,765 8432,604 9994,4795 1863,2089
1,8969995 B 1315,0939 5212,0596 13513,902 7287,6353 12536,933 11074,154 S 1570,3456 6938,653 11467,765 8432,604 9994,4795 1863,2089
1,8969998 B 1315,0939 5212,0596 13513,902 7287,6353 12536,933 11074,154 S 1570,3456 6938,653 11467,765 8432,604 9994,4795 1863,2089
1,896169 B 1315,0939 5212,0596 13513,902 7287,6353 12536,933 11074,154 S 1570,3456 6938,653 11467,765 8432,604 9994,4795 1863,2089
1,897965 B 1315,0939 5212,0596 13513,902 7287,6353 12536,933 11074,154 S 1570,3456 6938,653 11467,765 8432,604 9994,4795 1863,2089
1,8990003 B 1315,0939 5212,0596 13513,902 7287,6353 12536,933 11074,154 S 1570,3456 6938,653 11467,765 8432,604 9994,4795 1863,2089
1,8990004 B 1315,0939 5212,0596 13513,902 7287,6353 12536,933 11074,154 S 1570,3456 6938,653 11467,765 8432,604 9994,4795 1863,2089
1,8990003 B 1315,0939 5212,0596 13513,902 7287,6353 12536,933 11074,154 S 1570,3456 6938,653 11467,765 8432,604 9994,4795 1863,2089
1,8990002 B 1315,0939 5212,0596 13513,902 7287,6353 12536,933 11074,154 S 1570,3456 6938,653 11467,765 8432,604 9994,4795 1863,2089
1,8989997 B 1315,0939 5212,0596 13513,902 7287,6353 12536,933 11074,154 S 1570,3456 6938,653 11467,765 8432,604 9994,4795 1863,2089
1,8989998 B 1315,0939 5212,0596 13513,902 7287,6353 12536,933 11074,154 S 1570,3456 6938,653 11467,765 8432,604 9994,4795 1863,2089
1,8990003 B 1315,0939 5212,0596 13513,902 7287,6353 12536,933 11074,154 S 1570,3456 6938,653 11467,765 8432,604 9994,4795 1863,2089
1,8989998 B 1315,0939 5212,0596 13513,902 7287,6353 12536,933 11074,154 S 1570,3456 6938,653 11467,765 8432,604 9994,4795 1863,2089
1,899 B 1315,0939 5212,0596 13513,902 7287,6353 12536,933 11074,154 S 1570,3456 6938,653 11467,765 8432,604 9994,4795 1863,2089
1,8989999 B 1315,0939 5212,0596 13513,902 7287,6353 12536,933 11074,154 S 1570,3456 6938,653 11467,765 8432,604 9994,4795 1863,2089
1,8990004 B 1315,0939 5212,0596 13513,902 7287,6353 12536,933 11074,154 S 1570,3456 6938,653 11467,765 8432,604 9994,4795 1863,2089
1,8989995 B 1315,0939 5212,0596 13513,902 7287,6353 12536,933 11074,154 S 1570,3456 6938,653 11467,765 8432,604 9994,4795 1863,2089
1,899578 B 1315,0939 5212,0596 13513,902 7287,6353 12536,933 11074,154 S 1570,3456 6938,653 11467,765 8432,604 9994,4795 1863,2089
1,8999997 B 1315,0939 5212,0596 13513,902 7287,6353 12536,933 11074,154 S 1570,3456 6938,653 11467,765 8432,604 9994,4795 1863,2089
1,9 B 1315,0939 5212,0596 13513,902 7287,6353 12536,933 11074,154 S 1570,3456 6938,653 11467,765 8432,604 9994,4795 1863,2089
1,8999995 B 1315,0939 5212,0596 13513,902 7287,6353 12536,933 11074,154 S 1570,3456 6938,653 11467,765 8432,604 9994,4795 1863,2089
1,8999997 B 1315,0939 5212,0596 13513,902 7287,6353 12536,933 11074,154 S 1570,3456 6938,653 11467,765 8432,604 9994,4795 1863,2089
1,89827 B 1315,0939 5212,0596 13513,902 7287,6353 12536,933 11074,154 S 1570,3456 6938,653 11467,765 8432,604 9994,4795 1863,2089
1,8967302 B 1315,0939 5212,0596 13513,902 7287,6353 12536,933 11074,154 S 1570,3456 6938,653 11467,765 8432,604 9994,4795 1863,2089
1,8969996 B 1315,0939 5212,0596 13513,902 7287,6353 12536,933 11074,154 S 1570,3456 6938,653 11467,765 8432,604 9994,4795 1863,2089
1,8969994 B 1315,0939 5212,0596 13513,902 7287,6353 12536,933 11074,154 S 1570,3456 6938,653 11467,765 8432,604 9994,4795 1863,2089
1,89605 B 1315,0939 5212,0596 13513,902 7287,6353 12536,933 11074,154 S 1570,3456 6938,653 11467,765 8432,604 9994,4795 1863,2089
1,8945233 B 1315,0939 5212,0596 13513,902 7287,6353 12536,933 11074,154 S 1570,3456 6938,653 11467,765 8432,604 9994,4795 1863,2089
1,8916066 B 1315,0939 5212,0596 13513,902 7287,6353 12536,933 11074,154 S 1570,3456 6938,653 11467,765 8432,604 9994,4795 1863,2089
1,8850948 B 1315,0939 5212,0596 13513,902 7287,6353 12536,933 11074,154 S 1570,3456 6938,653 11467,765 8432,604 9994,4795 1863,2089
1,8832256 B 1315,0939 5212,0596 13513,902 7287,6353 12536,933 11074,154 S 1570,3456 6938,653 11467,765 8432,604 9994,4795 1863,2089
1,8821316 B 1315,0939 5212,0596 13513,902 7287,6353 12536,933 11074,154 S 1570,3456 6938,653 11467,765 8432,604 9994,4795 1863,2089
1,8801967 B 1315,0939 5212,0596 13513,902 7287,6353 12536,933 11074,154 S 1570,3456 6938,653 11467,765 8432,604 9994,4795 1863,2089
1,8847537 B 1315,0939 5212,0596 13513,902 7287,6353 12536,933 11074,154 S 1570,3456 6938,653 11467,765 8432,604 9994,4795 1863,2089
1,8874996 B 1315,0939 5212,0596 13513,902 7287,6353 12536,933 11074,154 S 1570,3456 6938,653 11467,765 8432,604 9994,4795 1863,2089
1,8880666 B 1315,0939 5212,0596 13513,902 7287,6353 12536,933 11074,154 S 1570,3456 6938,653 11467,765 8432,604 9994,4795 1863,2089
1,88901 B 1315,0939 5212,0596 13513,902 7287,6353 12536,933 11074,154 S 1570,3456 6938,653 11467,765 8432,604 9994,4795 1863,2089
1,8902428 B 1315,0939 5212,0596 13513,902 7287,6353 12536,933 11074,154 S 1570,3456 6938,653 11467,765 8432,604 9994,4795 1863,2089
1,8881468 B 1315,0939 5212,0596 13513,902 7287,6353 12536,933 11074,154 S 1570,3456 6938,653 11467,765 8432,604 9994,4795 1863,2089
1,8879255 B 1315,0939 5212,0596 13513,902 7287,6353 12536,933 11074,154 S 1570,3456 6938,653 11467,765 8432,604 9994,4795 1863,2089
1,8873743 B 1315,0939 5212,0596 13513,902 7287,6353 12536,933 11074,154 S 1570,3456 6938,653 11467,765 8432,604 9994,4795 1863,2089
1,8885293 B 1315,0939 5212,0596 13513,902 7287,6353 12536,933 11074,154 S 1570,3456 6938,653 11467,765 8432,604 9994,4795 1863,2089
1,8890005 B 1315,0939 5212,0596 13513,902 7287,6353 12536,933 11074,154 S 1570,3456 6938,653 11467,765 8432,604 9994,4795 1863,2089
1,8890002 B 1315,0939 5212,0596 13513,902 7287,6353 12536,933 11074,154 S 1570,3456 6938,653 11467,765 8432,604 9994,4795 1863,2089
1,8892117 B 1315,0939 5212,0596 13513,902 7287,6353 12536,933 11074,154 S 1570,3456 6938,653 11467,765 8432,604 9994,4795 1863,2089
1,89 B 1315,0939 5212,0596 13513,902 7287,6353 12536,933 11074,154 S 1570,3456 6938,653 11467,765 8432,604 9994,4795 1863,2089
1,8899996 B 1315,0939 5212,0596 13513,902 7287,6353 12536,933 11074,154 S 1570,3456 6938,653 11467,765 8432,604 9994,4795 1863,2089
1,8892226 B 1315,0939 5212,0596 13513,902 7287,6353 12536,933 11074,154 S 1570,3456 6938,653 11467,765 8432,604 9994,4795 1863,2089
1,8889999 B 1315,0939 5212,0596 13513,902 7287,6353 12536,933 11074,154 S 1570,3456 6938,653 11467,765 8432,604 9994,4795 1863,2089
1,8889999 B 1315,0939 5212,0596 13513,902 7287,6353 12536,933 11074,154 S 1570,3456 6938,653 11467,765 8432,604 9994,4795 1863,2089
1,8890003 B 1315,0939 5212,0596 13513,902 7287,6353 12536,933 11074,154 S 1570,3456 6938,653 11467,765 8432,604 9994,4795 1863,2089
1,8890004 B 1315,0939 5212,0596 13513,902 7287,6353 12536,933 11074,154 S 1570,3456 6938,653 11467,765 8432,604 9994,4795 1863,2089
1,8890004 B 1315,0939 5212,0596 13513,902 7287,6353 12536,933 11074,154 S 1570,3456 6938,653 11467,765 8432,604 9994,4795 1863,2089
1,8889997 B 1315,0939 5212,0596 13513,902 7287,6353 12536,933 11074,154 S 1570,3456 6938,653 11467,765 8432,604 9994,4795 1863,2089
1,8890002 B 1315,0939 5212,0596 13513,902 7287,6353 12536,933 11074,154 S 1570,3456 6938,653 11467,765 8432,604 9994,4795 1863,2089
1,887564 B 1315,0939 5212,0596 13513,902 7287,6353 12536,933 11074,154 S 1570,3456 6938,653 11467,765 8432,604 9994,4795 1863,2089
1,8869998 B 1315,0939 5212,0596 13513,902 7287,6353 12536,933 11074,154 S 1570,3456 6938,653 11467,765 8432,604 9994,4795 1863,2089
1,8869996 B 1315,0939 5212,0596 13513,902 7287,6353 12536,933 11074,154 S 1570,3456 6938,653 11467,765 8432,604 9994,4795 1863,2089
1,8870002 B 1315,0939 5212,0596 13513,902 7287,6353 12536,933 11074,154 S 1570,3456 6938,653 11467,765 8432,604 9994,4795 1863,2089
1,8866811 B 1315,0939 5212,0596 13513,902 7287,6353 12536,933 11074,154 S 1570,3456 6938,653 11467,765 8432,604 9994,4795 1863,2089
1,8854157 B 1315,0939 5212,0596 13513,902 7287,6353 12536,933 11074,154 S 1570,3456 6938,653 11467,765 8432,604 9994,4795 1863,2089
1,8842087 B 1315,0939 5212,0596 13513,902 7287,6353 12536,933 11074,154 S 1570,3456 6938,653 11467,765 8432,604 9994,4795 1863,2089
1,8839996 B 1315,0939 5212,0596 13513,902 7287,6353 12536,933 11074,154 S 1570,3456 6938,653 11467,765 8432,604 9994,4795 1863,2089
1,8848343 B 1315,0939 5212,0596 13513,902 7287,6353 12536,933 11074,154 S 1570,3456 6938,653 11467,765 8432,604 9994,4795 1863,2089
1,8861232 B 1315,0939 5212,0596 13513,902 7287,6353 12536,933 11074,154 S 1570,3456 6938,653 11467,765 8432,604 9994,4795 1863,2089
1,8869996 B 1315,0939 5212,0596 13513,902 7287,6353 12536,933 11074,154 S 1570,3456 6938,653 11467,765 8432,604 9994,4795 1863,2089
1,8852857 B 1315,0939 5212,0596 13513,902 7287,6353 12536,933 11074,154 S 1570,3456 6938,653 11467,765 8432,604 9994,4795 1863,2089
1,8849996 B 1315,0939 5212,0596 13513,902 7287,6353 12536,933 11074,154 S 1570,3456 6938,653 11467,765 8432,604 9994,4795 1863,2089
1,8849999 B 1315,0939 5212,0596 13513,902 7287,6353 12536,933 11074,154 S 1570,3456 6938,653 11467,765 8432,604 9994,4795 1863,2089
1,8849996 B 1315,0939 5212,0596 13513,902 7287,6353 12536,933 11074,154 S 1570,3456 6938,653 11467,765 8432,604 9994,4795 1863,2089
1,8864776 B 1315,0939 5212,0596 13513,902 7287,6353 12536,933 11074,154 S 1570,3456 6938,653 11467,765 8432,604 9994,4795 1863,2089
1,8870002 B 1315,0939 5212,0596 13513,902 7287,6353 12536,933 11074,154 S 1570,3456 6938,653 11467,765 8432,604 9994,4795 1863,2089
1,8870003 B 1315,0939 5212,0596 13513,902 7287,6353 12536,933 11074,154 S 1570,3456 6938,653 11467,765 8432,604 9994,4795 1863,2089
