1,894277
1,8901436 B 1205,9503 9907,6 22502,018 10822,302 12407,4795 37,72001 S 4015,1616 10887,809 7791,606 9554,71 9987 2908,59
1,89 B 1205,9503 9907,6 22502,018 10822,302 12407,4795 37,72001 S 4015,1616 10887,809 7791,606 9554,71 9987 2908,59
1,8899999 B 1205,9503 9907,6 22502,018 10822,302 12407,4795 37,72001 S 4015,1616 10887,809 7791,606 9554,71 9987 2908,59
1,8912708 B 1205,9503 9907,6 22502,018 10822,302 12407,4795 37,72001 S 4015,1616 10887,809 7791,606 9554,71 9987 2908,59
1,8920003 B 1205,9503 9907,6 22502,018 10822,302 12407,4795 37,72001 S 4015,1616 10887,809 7791,606 9554,71 9987 2908,59
1,892 B 1205,9503 9907,6 22502,018 10822,302 12407,4795 37,72001 S 4015,1616 10887,809 7791,606 9554,71 9987 2908,59
1,8920004 B 1205,9503 9907,6 22502,018 10822,302 12407,4795 37,72001 S 4015,1616 10887,809 7791,606 9554,71 9987 2908,59
1,8920004 B 1205,9503 9907,6 22502,018 10822,302 12407,4795 37,72001 S 4015,1616 10887,809 7791,606 9554,71 9987 2908,59
1,8919998 B 1205,9503 9907,6 22502,018 10822,302 12407,4795 37,72001 S 4015,1616 10887,809 7791,606 9554,71 9987 2908,59
1,8920001 B 1205,9503 9907,6 22502,018 10822,302 12407,4795 37,72001 S 4015,1616 10887,809 7791,606 9554,71 9987 2908,59
1,8920002 B 1205,9503 9907,6 22502,018 10822,302 12407,4795 37,72001 S 4015,1616 10887,809 7791,606 9554,71 9987 2908,59
1,8920002 B 1205,9503 9907,6 22502,018 10822,302 12407,4795 37,72001 S 4015,1616 10887,809 7791,606 9554,71 9987 2908,59
1,8916011 B 1205,9503 9907,6 22502,018 10822,302 12407,4795 37,72001 S 4015,1616 10887,809 7791,606 9554,71 9987 2908,59
1,8910003 B 1205,9503 9907,6 22502,018 10822,302 12407,4795 37,72001 S 4015,1616 10887,809 7791,606 9554,71 9987 2908,59
1,8910005 B 1205,9503 9907,6 22502,018 10822,302 12407,4795 37,72001 S 4015,1616 10887,809 7791,606 9554,71 9987 2908,59
1,8909999 B 1205,9503 9907,6 22502,018 10822,302 12407,4795 37,72001 S 4015,1616 10887,809 7791,606 9554,71 9987 2908,59
1,8919646 B 1205,9503 9907,6 22502,018 10822,302 12407,4795 37,72001 S 4015,1616 10887,809 7791,606 9554,71 9987 2908,59
1,8920001 B 1205,9503 9907,6 22502,018 10822,302 12407,4795 37,72001 S 4015,1616 10887,809 7791,606 9554,71 9987 2908,59
1,8928967 B 1205,9503 9907,6 22502,018 10822,302 12407,4795 37,72001 S 4015,1616 10887,809 7791,606 9554,71 9987 2908,59
1,8927329 B 1205,9503 9907,6 22502,018 10822,302 12407,4795 37,72001 S 4015,1616 10887,809 7791,606 9554,71 9987 2908,59
1,8920002 B 1205,9503 9907,6 22502,018 10822,302 12407,4795 37,72001 S 4015,1616 10887,809 7791,606 9554,71 9987 2908,59
1,8920003 B 1205,9503 9907,6 22502,018 10822,302 12407,4795 37,72001 S 4015,1616 10887,809 7791,606 9554,71 9987 2908,59
1,8919994 B 1205,9503 9907,6 22502,018 10822,302 12407,4795 37,72001 S 4015,1616 10887,809 7791,606 9554,71 9987 2908,59
1,8920003 B 1205,9503 9907,6 22502,018 10822,302 12407,4795 37,72001 S 4015,1616 10887,809 7791,606 9554,71 9987 2908,59
1,8920002 B 1205,9503 9907,6 22502,018 10822,302 12407,4795 37,72001 S 4015,1616 10887,809 7791,606 9554,71 9987 2908,59
1,8920002 B 1205,9503 9907,6 22502,018 10822,302 12407,4795 37,72001 S 4015,1616 10887,809 7791,606 9554,71 9987 2908,59
1,8919998 B 1205,9503 9907,6 22502,018 10822,302 12407,4795 37,72001 S 4015,1616 10887,809 7791,606 9554,71 9987 2908,59
1,8920003 B 1205,9503 9907,6 22502,018 10822,302 12407,4795 37,72001 S 4015,1616 10887,809 7791,606 9554,71 9987 2908,59
1,8920003 B 1205,9503 9907,6 22502,018 10822,302 12407,4795 37,72001 S 4015,1616 10887,809 7791,606 9554,71 9987 2908,59
1,8919995 B 1205,9503 9907,6 22502,018 10822,302 12407,4795 37,72001 S 4015,1616 10887,809 7791,606 9554,71 9987 2908,59
1,892 B 1205,9503 9907,6 22502,018 10822,302 12407,4795 37,72001 S 4015,1616 10887,809 7791,606 9554,71 9987 2908,59
1,8920007 B 1205,9503 9907,6 22502,018 10822,302 12407,4795 37,72001 S 4015,1616 10887,809 7791,606 9554,71 9987 2908,59
1,8919998 B 1205,9503 9907,6 22502,018 10822,302 12407,4795 37,72001 S 4015,1616 10887,809 7791,606 9554,71 9987 2908,59
1,8920008 B 1205,9503 9907,6 22502,018 10822,302 12407,4795 37,72001 S 4015,1616 10887,809 7791,606 9554,71 9987 2908,59
1,8925874 B 1205,9503 9907,6 22502,018 10822,302 12407,4795 37,72001 S 4015,1616 10887,809 7791,606 9554,71 9987 2908,59
1,8929995 B 1205,9503 9907,6 22502,018 10822,302 12407,4795 37,72001 S 4015,1616 10887,809 7791,606 9554,71 9987 2908,59
1,8930001 B 1205,9503 9907,6 22502,018 10822,302 12407,4795 37,72001 S 4015,1616 10887,809 7791,606 9554,71 9987 2908,59
1,8930001 B 1205,9503 9907,6 22502,018 10822,302 12407,4795 37,72001 S 4015,1616 10887,809 7791,606 9554,71 9987 2908,59
1,8929993 B 1205,9503 9907,6 22502,018 10822,302 12407,4795 37,72001 S 4015,1616 10887,809 7791,606 9554,71 9987 2908,59
1,8929995 B 1205,9503 9907,6 22502,018 10822,302 12407,4795 37,72001 S 4015,1616 10887,809 7791,606 9554,71 9987 2908,59
1,8929995 B 1205,9503 9907,6 22502,018 10822,302 12407,4795 37,72001 S 4015,1616 10887,809 7791,606 9554,71 9987 2908,59
1,8930001 B 1205,9503 9907,6 22502,018 10822,302 12407,4795 37,72001 S 4015,1616 10887,809 7791,606 9554,71 9987 2908,59
1,8930008 B 1205,9503 9907,6 22502,018 10822,302 12407,4795 37,72001 S 4015,1616 10887,809 7791,606 9554,71 9987 2908,59
1,8930007 B 1205,9503 9907,6 22502,018 10822,302 12407,4795 37,72001 S 4015,1616 10887,809 7791,606 9554,71 9987 2908,59
1,893 B 1205,9503 9907,6 22502,018 10822,302 12407,4795 37,72001 S 4015,1616 10887,809 7791,606 9554,71 9987 2908,59
1,8930002 B 1205,9503 9907,6 22502,018 10822,302 12407,4795 37,72001 S 4015,1616 10887,809 7791,606 9554,71 9987 2908,59
1,8926427 B 1205,9503 9907,6 22502,018 10822,302 12407,4795 37,72001 S 4015,1616 10887,809 7791,606 9554,71 9987 2908,59
1,892 B 1205,9503 9907,6 22502,018 10822,302 12407,4795 37,72001 S 4015,1616 10887,809 7791,606 9554,71 9987 2908,59
1,8919998 B 1205,9503 9907,6 22502,018 10822,302 12407,4795 37,72001 S 4015,1616 10887,809 7791,606 9554,71 9987 2908,59
1,8920004 B 1205,9503 9907,6 22502,018 10822,302 12407,4795 37,72001 S 4015,1616 10887,809 7791,606 9554,71 9987 2908,59
1,8911407 B 1205,9503 9907,6 22502,018 10822,302 12407,4795 37,72001 S 4015,1616 10887,809 7791,606 9554,71 9987 2908,59
1,8909997 B 1205,9503 9907,6 22502,018 10822,302 12407,4795 37,72001 S 4015,1616 10887,809 7791,606 9554,71 9987 2908,59
1,8909999 B 1205,9503 9907,6 22502,018 10822,302 12407,4795 37,72001 S 4015,1616 10887,809 7791,606 9554,71 9987 2908,59
1,8910002 B 1205,9503 9907,6 22502,018 10822,302 12407,4795 37,72001 S 4015,1616 10887,809 7791,606 9554,71 9987 2908,59
1,8908198 B 1205,9503 9907,6 22502,018 10822,302 12407,4795 37,72001 S 4015,1616 10887,809 7791,606 9554,71 9987 2908,59
1,89 B 1205,9503 9907,6 22502,018 10822,302 12407,4795 37,72001 S 4015,1616 10887,809 7791,606 9554,71 9987 2908,59
1,8899999 B 1205,9503 9907,6 22502,018 10822,302 12407,4795 37,72001 S 4015,1616 10887,809 7791,606 9554,71 9987 2908,59
1,8899995 B 1205,9503 9907,6 22502,018 10822,302 12407,4795 37,72001 S 4015,1616 10887,809 7791,606 9554,71 9987 2908,59
1,8895108 B 1205,9503 9907,6 22502,018 10822,302 12407,4795 37,72001 S 4015,1616 10887,809 7791,606 9554,71 9987 2908,59
1,8889997 B 1205,9503 9907,6 22502,018 10822,302 12407,4795 37,72001 S 4015,1616 10887,809 7791,606 9554,71 9987 2908,59
1,8890003 B 1205,9503 9907,6 22502,018 10822,302 12407,4795 37,72001 S 4015,1616 10887,809 7791,606 9554,71 9987 2908,59
1,8892518 B 1205,9503 9907,6 22502,018 10822,302 12407,4795 37,72001 S 4015,1616 10887,809 7791,606 9554,71 9987 2908,59
1,8899999 B 1205,9503 9907,6 22502,018 10822,302 12407,4795 37,72001 S 4015,1616 10887,809 7791,606 9554,71 9987 2908,59
1,89 B 1205,9503 9907,6 22502,018 10822,302 12407,4795 37,72001 S 4015,1616 10887,809 7791,606 9554,71 9987 2908,59
1,8899999 B 1205,9503 9907,6 22502,018 10822,302 12407,4795 37,72001 S 4015,1616 10887,809 7791,606 9554,71 9987 2908,59
1,8899997 B 1205,9503 9907,6 22502,018 10822,302 12407,4795 37,72001 S 4015,1616 10887,809 7791,606 9554,71 9987 2908,59
1,89 B 1205,9503 9907,6 22502,018 10822,302 12407,4795 37,72001 S 4015,1616 10887,809 7791,606 9554,71 9987 2908,59
1,8899997 B 1205,9503 9907,6 22502,018 10822,302 12407,4795 37,72001 S 4015,1616 10887,809 7791,606 9554,71 9987 2908,59
1,8899999 B 1205,9503 9907,6 22502,018 10822,302 12407,4795 37,72001 S 4015,1616 10887,809 7791,606 9554,71 9987 2908,59
1,8900002 B 1205,9503 9907,6 22502,018 10822,302 12407,4795 37,72001 S 4015,1616 10887,809 7791,606 9554,71 9987 2908,59
1,8896484 B 1205,9503 9907,6 22502,018 10822,302 12407,4795 37,72001 S 4015,1616 10887,809 7791,606 9554,71 9987 2908,59
1,8890004 B 1205,9503 9907,6 22502,018 10822,302 12407,4795 37,72001 S 4015,1616 10887,809 7791,606 9554,71 9987 2908,59
1,889 B 1205,9503 9907,6 22502,018 10822,302 12407,4795 37,72001 S 4015,1616 10887,809 7791,606 9554,71 9987 2908,59
1,8890005 B 1205,9503 9907,6 22502,018 10822,302 12407,4795 37,72001 S 4015,1616 10887,809 7791,606 9554,71 9987 2908,59
1,8889999 B 1205,9503 9907,6 22502,018 10822,302 12407,4795 37,72001 S 4015,1616 10887,809 7791,606 9554,71 9987 2908,59
1,8890007 B 1205,9503 9907,6 22502,018 10822,302 12407,4795 37,72001 S 4015,1616 10887,809 7791,606 9554,71 9987 2908,59
1,8891201 B 1205,9503 9907,6 22502,018 10822,302 12407,4795 37,72001 S 4015,1616 10887,809 7791,606 9554,71 9987 2908,59
1,8931988 B 1205,9503 9907,6 22502,018 10822,302 12407,4795 37,72001 S 4015,1616 10887,809 7791,606 9554,71 9987 2908,59
1,8962835 B 1205,9503 9907,6 22502,018 10822,302 12407,4795 37,72001 S 4015,1616 10887,809 7791,606 9554,71 9987 2908,59
1,8967662 B 1205,9503 9907,6 22502,018 10822,302 12407,4795 37,72001 S 4015,1616 10887,809 7791,606 9554,71 9987 2908,59
1,8969994 B 1205,9503 9907,6 22502,018 10822,302 12407,4795 37,72001 S 4015,1616 10887,809 7791,606 9554,71 9987 2908,59
1,8977151 B 1205,9503 9907,6 22502,018 10822,302 12407,4795 37,72001 S 4015,1616 10887,809 7791,606 9554,71 9987 2908,59
1,8963963 B 1205,9503 9907,6 22502,018 10822,302 12407,4795 37,72001 S 4015,1616 10887,809 7791,606 9554,71 9987 2908,59
1,8960004 B 1205,9503 9907,6 22502,018 10822,302 12407,4795 37,72001 S 4015,1616 10887,809 7791,606 9554,71 9987 2908,59
1,8959996 B 1205,9503 9907,6 22502,018 10822,302 12407,4795 37,72001 S 4015,1616 10887,809 7791,606 9554,71 9987 2908,59
1,8959998 B 1205,9503 9907,6 22502,018 10822,302 12407,4795 37,72001 S 4015,1616 10887,809 7791,606 9554,71 9987 2908,59
1,8960001 B 1205,9503 9907,6 22502,018 10822,302 12407,4795 37,72001 S 4015,1616 10887,809 7791,606 9554,71 9987 2908,59
1,8960003 B 1205,9503 9907,6 22502,018 10822,302 12407,4795 37,72001 S 4015,1616 10887,809 7791,606 9554,71 9987 2908,59
1,8959998 B 1205,9503 9907,6 22502,018 10822,302 12407,4795 37,72001 S 4015,1616 10887,809 7791,606 9554,71 9987 2908,59
1,8959999 B 1205,9503 9907,6 22502,018 10822,302 12407,4795 37,72001 S 4015,1616 10887,809 7791,606 9554,71 9987 2908,59
1,896 B 1205,9503 9907,6 22502,018 10822,302 12407,4795 37,72001 S 4015,1616 10887,809 7791,606 9554,71 9987 2908,59
1,8959998 B 1205,9503 9907,6 22502,018 10822,302 12407,4795 37,72001 S 4015,1616 10887,809 7791,606 9554,71 9987 2908,59
1,8981608 B 1205,9503 9907,6 22502,018 10822,302 12407,4795 37,72001 S 4015,1616 10887,809 7791,606 9554,71 9987 2908,59
1,8990003 B 1205,9503 9907,6 22502,018 10822,302 12407,4795 37,72001 S 4015,1616 10887,809 7791,606 9554,71 9987 2908,59
1,8989999 B 1205,9503 9907,6 22502,018 10822,302 12407,4795 37,72001 S 4015,1616 10887,809 7791,606 9554,71 9987 2908,59
1,8990002 B 1205,9503 9907,6 22502,018 10822,302 12407,4795 37,72001 S 4015,1616 10887,809 7791,606 9554,71 9987 2908,59
1,8997554 B 1205,9503 9907,6 22502,018 10822,302 12407,4795 37,72001 S 4015,1616 10887,809 7791,606 9554,71 9987 2908,59
1,8995459 B 1205,9503 9907,6 22502,018 10822,302 12407,4795 37,72001 S 4015,1616 10887,809 7791,606 9554,71 9987 2908,59
1,899838 B 1205,9503 9907,6 22502,018 10822,302 12407,4795 37,72001 S 4015,1616 10887,809 7791,606 9554,71 9987 2908,59
1,9000001 B 1205,9503 9907,6 22502,018 10822,302 12407,4795 37,72001 S 4015,1616 10887,809 7791,606 9554,71 9987 2908,59
1,8999999 B 1205,9503 9907,6 22502,018 10822,302 12407,4795 37,72001 S 4015,1616 10887,809 7791,606 9554,71 9987 2908,59
1,8999999 B 1205,9503 9907,6 22502,018 10822,302 12407,4795 37,72001 S 4015,1616 10887,809 7791,606 9554,71 9987 2908,59
1,9000001 B 1205,9503 9907,6 22502,018 10822,302 12407,4795 37,72001 S 4015,1616 10887,809 7791,606 9554,71 9987 2908,59
1,9000003 B 1205,9503 9907,6 22502,018 10822,302 12407,4795 37,72001 S 4015,1616 10887,809 7791,606 9554,71 9987 2908,59
1,8999997 B 1205,9503 9907,6 22502,018 10822,302 12407,4795 37,72001 S 4015,1616 10887,809 7791,606 9554,71 9987 2908,59
1,8999997 B 1205,9503 9907,6 22502,018 10822,302 12407,4795 37,72001 S 4015,1616 10887,809 7791,606 9554,71 9987 2908,59
1,9000003 B 1205,9503 9907,6 22502,018 10822,302 12407,4795 37,72001 S 4015,1616 10887,809 7791,606 9554,71 9987 2908,59
1,9 B 1205,9503 9907,6 22502,018 10822,302 12407,4795 37,72001 S 4015,1616 10887,809 7791,606 9554,71 9987 2908,59
1,8999997 B 1205,9503 9907,6 22502,018 10822,302 12407,4795 37,72001 S 4015,1616 10887,809 7791,606 9554,71 9987 2908,59
1,9 B 1205,9503 9907,6 22502,018 10822,302 12407,4795 37,72001 S 4015,1616 10887,809 7791,606 9554,71 9987 2908,59
1,8981018 B 1205,9503 9907,6 22502,018 10822,302 12407,4795 37,72001 S 4015,1616 10887,809 7791,606 9554,71 9987 2908,59
1,8970002 B 1205,9503 9907,6 22502,018 10822,302 12407,4795 37,72001 S 4015,1616 10887,809 7791,606 9554,71 9987 2908,59
1,8967358 B 1205,9503 9907,6 22502,018 10822,302 12407,4795 37,72001 S 4015,1616 10887,809 7791,606 9554,71 9987 2908,59
1,894584 B 1205,9503 9907,6 22502,018 10822,302 12407,4795 37,72001 S 4015,1616 10887,809 7791,606 9554,71 9987 2908,59
1,8939987 B 1205,9503 9907,6 22502,018 10822,302 12407,4795 37,72001 S 4015,1616 10887,809 7791,606 9554,71 9987 2908,59
1,893999 B 1205,9503 9907,6 22502,018 10822,302 12407,4795 37,72001 S 4015,1616 10887,809 7791,606 9554,71 9987 2908,59
1,8939995 B 1205,9503 9907,6 22502,018 10822,302 12407,4795 37,72001 S 4015,1616 10887,809 7791,606 9554,71 9987 2908,59
1,8939986 B 1205,9503 9907,6 22502,018 10822,302 12407,4795 37,72001 S 4015,1616 10887,809 7791,606 9554,71 9987 2908,59
1,893999 B 1205,9503 9907,6 22502,018 10822,302 12407,4795 37,72001 S 4015,1616 10887,809 7791,606 9554,71 9987 2908,59
1,8933265 B 1205,9503 9907,6 22502,018 10822,302 12407,4795 37,72001 S 4015,1616 10887,809 7791,606 9554,71 9987 2908,59
1,893 B 1205,9503 9907,6 22502,018 10822,302 12407,4795 37,72001 S 4015,1616 10887,809 7791,606 9554,71 9987 2908,59
1,8934371 B 1205,9503 9907,6 22502,018 10822,302 12407,4795 37,72001 S 4015,1616 10887,809 7791,606 9554,71 9987 2908,59
1,8939995 B 1205,9503 9907,6 22502,018 10822,302 12407,4795 37,72001 S 4015,1616 10887,809 7791,606 9554,71 9987 2908,59
1,8939996 B 1205,9503 9907,6 22502,018 10822,302 12407,4795 37,72001 S 4015,1616 10887,809 7791,606 9554,71 9987 2908,59
1,8939998 B 1205,9503 9907,6 22502,018 10822,302 12407,4795 37,72001 S 4015,1616 10887,809 7791,606 9554,71 9987 2908,59
1,8930012 B 1205,9503 9907,6 22502,018 10822,302 12407,4795 37,72001 S 4015,1616 10887,809 7791,606 9554,71 9987 2908,59
1,893 B 1205,9503 9907,6 22502,018 10822,302 12407,4795 37,72001 S 4015,1616 10887,809 7791,606 9554,71 9987 2908,59
1,8930002 B 1205,9503 9907,6 22502,018 10822,302 12407,4795 37,72001 S 4015,1616 10887,809 7791,606 9554,71 9987 2908,59
1,8930005 B 1205,9503 9907,6 22502,018 10822,302 12407,4795 37,72001 S 4015,1616 10887,809 7791,606 9554,71 9987 2908,59
1,8943905 B 1205,9503 9907,6 22502,018 10822,302 12407,4795 37,72001 S 4015,1616 10887,809 7791,606 9554,71 9987 2908,59
1,8950007 B 1205,9503 9907,6 22502,018 10822,302 12407,4795 37,72001 S 4015,1616 10887,809 7791,606 9554,71 9987 2908,59
1,895 B 1205,9503 9907,6 22502,018 10822,302 12407,4795 37,72001 S 4015,1616 10887,809 7791,606 9554,71 9987 2908,59
1,8949999 B 1205,9503 9907,6 22502,018 10822,302 12407,4795 37,72001 S 4015,1616 10887,809 7791,606 9554,71 9987 2908,59
1,8950001 B 1205,9503 9907,6 22502,018 10822,302 12407,4795 37,72001 S 4015,1616 10887,809 7791,606 9554,71 9987 2908,59
1,895116 B 1205,9503 9907,6 22502,018 10822,302 12407,4795 37,72001 S 4015,1616 10887,809 7791,606 9554,71 9987 2908,59
1,896 B 1205,9503 9907,6 22502,018 10822,302 12407,4795 37,72001 S 4015,1616 10887,809 7791,606 9554,71 9987 2908,59
1,8960003 B 1205,9503 9907,6 22502,018 10822,302 12407,4795 37,72001 S 4015,1616 10887,809 7791,606 9554,71 9987 2908,59
1,8959996 B 1205,9503 9907,6 22502,018 10822,302 12407,4795 37,72001 S 4015,1616 10887,809 7791,606 9554,71 9987 2908,59
1,8959997 B 1205,9503 9907,6 22502,018 10822,302 12407,4795 37,72001 S 4015,1616 10887,809 7791,606 9554,71 9987 2908,59
1,8960001 B 1205,9503 9907,6 22502,018 10822,302 12407,4795 37,72001 S 4015,1616 10887,809 7791,606 9554,71 9987 2908,59
1,8960001 B 1205,9503 9907,6 22502,018 10822,302 12407,4795 37,72001 S 4015,1616 10887,809 7791,606 9554,71 9987 2908,59
1,896 B 1205,9503 9907,6 22502,018 10822,302 12407,4795 37,72001 S 4015,1616 10887,809 7791,606 9554,71 9987 2908,59
1,8959998 B 1205,9503 9907,6 22502,018 10822,302 12407,4795 37,72001 S 4015,1616 10887,809 7791,606 9554,71 9987 2908,59
1,8960001 B 1205,9503 9907,6 22502,018 10822,302 12407,4795 37,72001 S 4015,1616 10887,809 7791,606 9554,71 9987 2908,59
1,896 B 1205,9503 9907,6 22502,018 10822,302 12407,4795 37,72001 S 4015,1616 10887,809 7791,606 9554,71 9987 2908,59
1,896 B 1205,9503 9907,6 22502,018 10822,302 12407,4795 37,72001 S 4015,1616 10887,809 7791,606 9554,71 9987 2908,59
1,8960001 B 1205,9503 9907,6 22502,018 10822,302 12407,4795 37,72001 S 4015,1616 10887,809 7791,606 9554,71 9987 2908,59
1,8960005 B 1205,9503 9907,6 22502,018 10822,302 12407,4795 37,72001 S 4015,1616 10887,809 7791,606 9554,71 9987 2908,59
1,8954902 B 1205,9503 9907,6 22502,018 10822,302 12407,4795 37,72001 S 4015,1616 10887,809 7791,606 9554,71 9987 2908,59
1,8946517 B 1205,9503 9907,6 22502,018 10822,302 12407,4795 37,72001 S 4015,1616 10887,809 7791,606 9554,71 9987 2908,59
1,8939987 B 1205,9503 9907,6 22502,018 10822,302 12407,4795 37,72001 S 4015,1616 10887,809 7791,606 9554,71 9987 2908,59
1,8939986 B 1205,9503 9907,6 22502,018 10822,302 12407,4795 37,72001 S 4015,1616 10887,809 7791,606 9554,71 9987 2908,59
1,8939991 B 1205,9503 9907,6 22502,018 10822,302 12407,4795 37,72001 S 4015,1616 10887,809 7791,606 9554,71 9987 2908,59
1,8962528 B 1205,9503 9907,6 22502,018 10822,302 12407,4795 37,72001 S 4015,1616 10887,809 7791,606 9554,71 9987 2908,59
1,8980004 B 1205,9503 9907,6 22502,018 10822,302 12407,4795 37,72001 S 4015,1616 10887,809 7791,606 9554,71 9987 2908,59
1,8980006 B 1205,9503 9907,6 22502,018 10822,302 12407,4795 37,72001 S 4015,1616 10887,809 7791,606 9554,71 9987 2908,59
1,898 B 1205,9503 9907,6 22502,018 10822,302 12407,4795 37,72001 S 4015,1616 10887,809 7791,606 9554,71 9987 2908,59
1,898 B 1205,9503 9907,6 22502,018 10822,302 12407,4795 37,72001 S 4015,1616 10887,809 7791,606 9554,71 9987 2908,59
1,8980002 B 1205,9503 9907,6 22502,018 10822,302 12407,4795 37,72001 S 4015,1616 10887,809 7791,606 9554,71 9987 2908,59
1,8980004 B 1205,9503 9907,6 22502,018 10822,302 12407,4795 37,72001 S 4015,1616 10887,809 7791,606 9554,71 9987 2908,59
1,8980004 B 1205,9503 9907,6 22502,018 10822,302 12407,4795 37,72001 S 4015,1616 10887,809 7791,606 9554,71 9987 2908,59
1,8976121 B 1205,9503 9907,6 22502,018 10822,302 12407,4795 37,72001 S 4015,1616 10887,809 7791,606 9554,71 9987 2908,59
1,8969996 B 1205,9503 9907,6 22502,018 10822,302 12407,4795 37,72001 S 4015,1616 10887,809 7791,606 9554,71 9987 2908,59
1,897 B 1205,9503 9907,6 22502,018 10822,302 12407,4795 37,72001 S 4015,1616 10887,809 7791,606 9554,71 9987 2908,59
1,8969998 B 1205,9503 9907,6 22502,018 10822,302 12407,4795 37,72001 S 4015,1616 10887,809 7791,606 9554,71 9987 2908,59
1,8970001 B 1205,9503 9907,6 22502,018 10822,302 12407,4795 37,72001 S 4015,1616 10887,809 7791,606 9554,71 9987 2908,59
1,8970001 B 1205,9503 9907,6 22502,018 10822,302 12407,4795 37,72001 S 4015,1616 10887,809 7791,606 9554,71 9987 2908,59
1,8969998 B 1205,9503 9907,6 22502,018 10822,302 12407,4795 37,72001 S 4015,1616 10887,809 7791,606 9554,71 9987 2908,59
1,8968227 B 1205,9503 9907,6 22502,018 10822,302 12407,4795 37,72001 S 4015,1616 10887,809 7791,606 9554,71 9987 2908,59
1,8960004 B 1205,9503 9907,6 22502,018 10822,302 12407,4795 37,72001 S 4015,1616 10887,809 7791,606 9554,71 9987 2908,59
1,8960001 B 1205,9503 9907,6 22502,018 10822,302 12407,4795 37,72001 S 4015,1616 10887,809 7791,606 9554,71 9987 2908,59
1,896 B 1205,9503 9907,6 22502,018 10822,302 12407,4795 37,72001 S 4015,1616 10887,809 7791,606 9554,71 9987 2908,59
1,8950512 B 1205,9503 9907,6 22502,018 10822,302 12407,4795 37,72001 S 4015,1616 10887,809 7791,606 9554,71 9987 2908,59
1,8949999 B 1205,9503 9907,6 22502,018 10822,302 12407,4795 37,72001 S 4015,1616 10887,809 7791,606 9554,71 9987 2908,59
1,8950001 B 1205,9503 9907,6 22502,018 10822,302 12407,4795 37,72001 S 4015,1616 10887,809 7791,606 9554,71 9987 2908,59
1,8950006 B 1205,9503 9907,6 22502,018 10822,302 12407,4795 37,72001 S 4015,1616 10887,809 7791,606 9554,71 9987 2908,59
1,895636 B 1205,9503 9907,6 22502,018 10822,302 12407,4795 37,72001 S 4015,1616 10887,809 7791,606 9554,71 9987 2908,59
1,8960001 B 1205,9503 9907,6 22502,018 10822,302 12407,4795 37,72001 S 4015,1616 10887,809 7791,606 9554,71 9987 2908,59
1,8960001 B 1205,9503 9907,6 22502,018 10822,302 12407,4795 37,72001 S 4015,1616 10887,809 7791,606 9554,71 9987 2908,59
1,8960003 B 1205,9503 9907,6 22502,018 10822,302 12407,4795 37,72001 S 4015,1616 10887,809 7791,606 9554,71 9987 2908,59
1,8960003 B 1205,9503 9907,6 22502,018 10822,302 12407,4795 37,72001 S 4015,1616 10887,809 7791,606 9554,71 9987 2908,59
1,8952365 B 1205,9503 9907,6 22502,018 10822,302 12407,4795 37,72001 S 4015,1616 10887,809 7791,606 9554,71 9987 2908,59
1,8949999 B 1205,9503 9907,6 22502,018 10822,302 12407,4795 37,72001 S 4015,1616 10887,809 7791,606 9554,71 9987 2908,59
1,8940266 B 1205,9503 9907,6 22502,018 10822,302 12407,4795 37,72001 S 4015,1616 10887,809 7791,606 9554,71 9987 2908,59
1,8939991 B 1205,9503 9907,6 22502,018 10822,302 12407,4795 37,72001 S 4015,1616 10887,809 7791,606 9554,71 9987 2908,59
1,8941811 B 1205,9503 9907,6 22502,018 10822,302 12407,4795 37,72001 S 4015,1616 10887,809 7791,606 9554,71 9987 2908,59
1,8949997 B 1205,9503 9907,6 22502,018 10822,302 12407,4795 37,72001 S 4015,1616 10887,809 7791,606 9554,71 9987 2908,59
1,8950001 B 1205,9503 9907,6 22502,018 10822,302 12407,4795 37,72001 S 4015,1616 10887,809 7791,606 9554,71 9987 2908,59
1,8949997 B 1205,9503 9907,6 22502,018 10822,302 12407,4795 37,72001 S 4015,1616 10887,809 7791,606 9554,71 9987 2908,59
1,8949997 B 1205,9503 9907,6 22502,018 10822,302 12407,4795 37,72001 S 4015,1616 10887,809 7791,606 9554,71 9987 2908,59
1,8949999 B 1205,9503 9907,6 22502,018 10822,302 12407,4795 37,72001 S 4015,1616 10887,809 7791,606 9554,71 9987 2908,59
1,8950002 B 1205,9503 9907,6 22502,018 10822,302 12407,4795 37,72001 S 4015,1616 10887,809 7791,606 9554,71 9987 2908,59
1,895 B 1205,9503 9907,6 22502,018 10822,302 12407,4795 37,72001 S 4015,1616 10887,809 7791,606 9554,71 9987 2908,59
1,8950002 B 1205,9503 9907,6 22502,018 10822,302 12407,4795 37,72001 S 4015,1616 10887,809 7791,606 9554,71 9987 2908,59
1,8950002 B 1205,9503 9907,6 22502,018 10822,302 12407,4795 37,72001 S 4015,1616 10887,809 7791,606 9554,71 9987 2908,59
1,8949997 B 1205,9503 9907,6 22502,018 10822,302 12407,4795 37,72001 S 4015,1616 10887,809 7791,606 9554,71 9987 2908,59
1,895 B 1205,9503 9907,6 22502,018 10822,302 12407,4795 37,72001 S 4015,1616 10887,809 7791,606 9554,71 9987 2908,59
1,8948785 B 1205,9503 9907,6 22502,018 10822,302 12407,4795 37,72001 S 4015,1616 10887,809 7791,606 9554,71 9987 2908,59
1,893999 B 1205,9503 9907,6 22502,018 10822,302 12407,4795 37,72001 S 4015,1616 10887,809 7791,606 9554,71 9987 2908,59
1,8939995 B 1205,9503 9907,6 22502,018 10822,302 12407,4795 37,72001 S 4015,1616 10887,809 7791,606 9554,71 9987 2908,59
1,8940202 B 1205,9503 9907,6 22502,018 10822,302 12407,4795 37,72001 S 4015,1616 10887,809 7791,606 9554,71 9987 2908,59
1,8950005 B 1205,9503 9907,6 22502,018 10822,302 12407,4795 37,72001 S 4015,1616 10887,809 7791,606 9554,71 9987 2908,59
1,8949997 B 1205,9503 9907,6 22502,018 10822,302 12407,4795 37,72001 S 4015,1616 10887,809 7791,606 9554,71 9987 2908,59
1,8950002 B 1205,9503 9907,6 22502,018 10822,302 12407,4795 37,72001 S 4015,1616 10887,809 7791,606 9554,71 9987 2908,59
1,8949996 B 1205,9503 9907,6 22502,018 10822,302 12407,4795 37,72001 S 4015,1616 10887,809 7791,606 9554,71 9987 2908,59
1,8950002 B 1205,9503 9907,6 22502,018 10822,302 12407,4795 37,72001 S 4015,1616 10887,809 7791,606 9554,71 9987 2908,59
1,8943831 B 1205,9503 9907,6 22502,018 10822,302 12407,4795 37,72001 S 4015,1616 10887,809 7791,606 9554,71 9987 2908,59
1,8939993 B 1205,9503 9907,6 22502,018 10822,302 12407,4795 37,72001 S 4015,1616 10887,809 7791,606 9554,71 9987 2908,59
1,8939996 B 1205,9503 9907,6 22502,018 10822,302 12407,4795 37,72001 S 4015,1616 10887,809 7791,606 9554,71 9987 2908,59
1,8939989 B 1205,9503 9907,6 22502,018 10822,302 12407,4795 37,72001 S 4015,1616 10887,809 7791,606 9554,71 9987 2908,59
1,8939991 B 1205,9503 9907,6 22502,018 10822,302 12407,4795 37,72001 S 4015,1616 10887,809 7791,606 9554,71 9987 2908,59
1,8939991 B 1205,9503 9907,6 22502,018 10822,302 12407,4795 37,72001 S 4015,1616 10887,809 7791,606 9554,71 9987 2908,59
1,8947388 B 1205,9503 9907,6 22502,018 10822,302 12407,4795 37,72001 S 4015,1616 10887,809 7791,606 9554,71 9987 2908,59
1,8949996 B 1205,9503 9907,6 22502,018 10822,302 12407,4795 37,72001 S 4015,1616 10887,809 7791,606 9554,71 9987 2908,59
1,8950002 B 1205,9503 9907,6 22502,018 10822,302 12407,4795 37,72001 S 4015,1616 10887,809 7791,606 9554,71 9987 2908,59
1,8942927 B 1205,9503 9907,6 22502,018 10822,302 12407,4795 37,72001 S 4015,1616 10887,809 7791,606 9554,71 9987 2908,59
1,893999 B 1205,9503 9907,6 22502,018 10822,302 12407,4795 37,72001 S 4015,1616 10887,809 7791,606 9554,71 9987 2908,59
1,8939991 B 1205,9503 9907,6 22502,018 10822,302 12407,4795 37,72001 S 4015,1616 10887,809 7791,606 9554,71 9987 2908,59
1,894817 B 1205,9503 9907,6 22502,018 10822,302 12407,4795 37,72001 S 4015,1616 10887,809 7791,606 9554,71 9987 2908,59
1,8949997 B 1205,9503 9907,6 22502,018 10822,302 12407,4795 37,72001 S 4015,1616 10887,809 7791,606 9554,71 9987 2908,59
1,8949997 B 1205,9503 9907,6 22502,018 10822,302 12407,4795 37,72001 S 4015,1616 10887,809 7791,606 9554,71 9987 2908,59
1,8950001 B 1205,9503 9907,6 22502,018 10822,302 12407,4795 37,72001 S 4015,1616 10887,809 7791,606 9554,71 9987 2908,59
1,8951707 B 1205,9503 9907,6 22502,018 10822,302 12407,4795 37,72001 S 4015,1616 10887,809 7791,606 9554,71 9987 2908,59
1,8967031 B 1205,9503 9907,6 22502,018 10822,302 12407,4795 37,72001 S 4015,1616 10887,809 7791,606 9554,71 9987 2908,59
1,8969998 B 1205,9503 9907,6 22502,018 10822,302 12407,4795 37,72001 S 4015,1616 10887,809 7791,606 9554,71 9987 2908,59
1,8970001 B 1205,9503 9907,6 22502,018 10822,302 12407,4795 37,72001 S 4015,1616 10887,809 7791,606 9554,71 9987 2908,59
1,8970007 B 1205,9503 9907,6 22502,018 10822,302 12407,4795 37,72001 S 4015,1616 10887,809 7791,606 9554,71 9987 2908,59
1,89511 B 1205,9503 9907,6 22502,018 10822,302 12407,4795 37,72001 S 4015,1616 10887,809 7791,606 9554,71 9987 2908,59
1,8950001 B 1205,9503 9907,6 22502,018 10822,302 12407,4795 37,72001 S 4015,1616 10887,809 7791,606 9554,71 9987 2908,59
1,8949996 B 1205,9503 9907,6 22502,018 10822,302 12407,4795 37,72001 S 4015,1616 10887,809 7791,606 9554,71 9987 2908,59
1,8941 B 1205,9503 9907,6 22502,018 10822,302 12407,4795 37,72001 S 4015,1616 10887,809 7791,606 9554,71 9987 2908,59
1,8939992 B 1205,9503 9907,6 22502,018 10822,302 12407,4795 37,72001 S 4015,1616 10887,809 7791,606 9554,71 9987 2908,59
1,8937182 B 1205,9503 9907,6 22502,018 10822,302 12407,4795 37,72001 S 4015,1616 10887,809 7791,606 9554,71 9987 2908,59
1,8930008 B 1205,9503 9907,6 22502,018 10822,302 12407,4795 37,72001 S 4015,1616 10887,809 7791,606 9554,71 9987 2908,59
1,8921545 B 1205,9503 9907,6 22502,018 10822,302 12407,4795 37,72001 S 4015,1616 10887,809 7791,606 9554,71 9987 2908,59
1,8920007 B 1205,9503 9907,6 22502,018 10822,302 12407,4795 37,72001 S 4015,1616 10887,809 7791,606 9554,71 9987 2908,59
1,892 B 1205,9503 9907,6 22502,018 10822,302 12407,4795 37,72001 S 4015,1616 10887,809 7791,606 9554,71 9987 2908,59
1,8919997 B 1205,9503 9907,6 22502,018 10822,302 12407,4795 37,72001 S 4015,1616 10887,809 7791,606 9554,71 9987 2908,59
1,8920004 B 1205,9503 9907,6 22502,018 10822,302 12407,4795 37,72001 S 4015,1616 10887,809 7791,606 9554,71 9987 2908,59
1,892 B 1205,9503 9907,6 22502,018 10822,302 12407,4795 37,72001 S 4015,1616 10887,809 7791,606 9554,71 9987 2908,59
