1,906639
1,9115075 B 523,9 9482,265 9180,165 5921,1973 15999,581 543,6901 S 3643,6594 6439,603 16697,678 2952,5896 17635,746 1226,61
1,9100003 B 523,9 9482,265 9180,165 5921,1973 15999,581 543,6901 S 3643,6594 6439,603 16697,678 2952,5896 17635,746 1226,61
1,9100001 B 523,9 9482,265 9180,165 5921,1973 15999,581 543,6901 S 3643,6594 6439,603 16697,678 2952,5896 17635,746 1226,61
1,9095366 B 523,9 9482,265 9180,165 5921,1973 15999,581 543,6901 S 3643,6594 6439,603 16697,678 2952,5896 17635,746 1226,61
1,9089992 B 523,9 9482,265 9180,165 5921,1973 15999,581 543,6901 S 3643,6594 6439,603 16697,678 2952,5896 17635,746 1226,61
1,909 B 523,9 9482,265 9180,165 5921,1973 15999,581 543,6901 S 3643,6594 6439,603 16697,678 2952,5896 17635,746 1226,61
1,9090003 B 523,9 9482,265 9180,165 5921,1973 15999,581 543,6901 S 3643,6594 6439,603 16697,678 2952,5896 17635,746 1226,61
1,9090002 B 523,9 9482,265 9180,165 5921,1973 15999,581 543,6901 S 3643,6594 6439,603 16697,678 2952,5896 17635,746 1226,61
1,9096471 B 523,9 9482,265 9180,165 5921,1973 15999,581 543,6901 S 3643,6594 6439,603 16697,678 2952,5896 17635,746 1226,61
1,9110001 B 523,9 9482,265 9180,165 5921,1973 15999,581 543,6901 S 3643,6594 6439,603 16697,678 2952,5896 17635,746 1226,61
1,9110993 B 523,9 9482,265 9180,165 5921,1973 15999,581 543,6901 S 3643,6594 6439,603 16697,678 2952,5896 17635,746 1226,61
1,9120005 B 523,9 9482,265 9180,165 5921,1973 15999,581 543,6901 S 3643,6594 6439,603 16697,678 2952,5896 17635,746 1226,61
1,9119995 B 523,9 9482,265 9180,165 5921,1973 15999,581 543,6901 S 3643,6594 6439,603 16697,678 2952,5896 17635,746 1226,61
1,9111603 B 523,9 9482,265 9180,165 5921,1973 15999,581 543,6901 S 3643,6594 6439,603 16697,678 2952,5896 17635,746 1226,61
1,9090002 B 523,9 9482,265 9180,165 5921,1973 15999,581 543,6901 S 3643,6594 6439,603 16697,678 2952,5896 17635,746 1226,61
1,9089997 B 523,9 9482,265 9180,165 5921,1973 15999,581 543,6901 S 3643,6594 6439,603 16697,678 2952,5896 17635,746 1226,61
1,9090002 B 523,9 9482,265 9180,165 5921,1973 15999,581 543,6901 S 3643,6594 6439,603 16697,678 2952,5896 17635,746 1226,61
1,9090003 B 523,9 9482,265 9180,165 5921,1973 15999,581 543,6901 S 3643,6594 6439,603 16697,678 2952,5896 17635,746 1226,61
1,9089998 B 523,9 9482,265 9180,165 5921,1973 15999,581 543,6901 S 3643,6594 6439,603 16697,678 2952,5896 17635,746 1226,61
1,909 B 523,9 9482,265 9180,165 5921,1973 15999,581 543,6901 S 3643,6594 6439,603 16697,678 2952,5896 17635,746 1226,61
1,909 B 523,9 9482,265 9180,165 5921,1973 15999,581 543,6901 S 3643,6594 6439,603 16697,678 2952,5896 17635,746 1226,61
1,9085642 B 523,9 9482,265 9180,165 5921,1973 15999,581 543,6901 S 3643,6594 6439,603 16697,678 2952,5896 17635,746 1226,61
1,9079998 B 523,9 9482,265 9180,165 5921,1973 15999,581 543,6901 S 3643,6594 6439,603 16697,678 2952,5896 17635,746 1226,61
1,9080005 B 523,9 9482,265 9180,165 5921,1973 15999,581 543,6901 S 3643,6594 6439,603 16697,678 2952,5896 17635,746 1226,61
1,9079784 B 523,9 9482,265 9180,165 5921,1973 15999,581 543,6901 S 3643,6594 6439,603 16697,678 2952,5896 17635,746 1226,61
1,9069996 B 523,9 9482,265 9180,165 5921,1973 15999,581 543,6901 S 3643,6594 6439,603 16697,678 2952,5896 17635,746 1226,61
1,9070001 B 523,9 9482,265 9180,165 5921,1973 15999,581 543,6901 S 3643,6594 6439,603 16697,678 2952,5896 17635,746 1226,61
1,9070002 B 523,9 9482,265 9180,165 5921,1973 15999,581 543,6901 S 3643,6594 6439,603 16697,678 2952,5896 17635,746 1226,61
1,9069996 B 523,9 9482,265 9180,165 5921,1973 15999,581 543,6901 S 3643,6594 6439,603 16697,678 2952,5896 17635,746 1226,61
1,9070002 B 523,9 9482,265 9180,165 5921,1973 15999,581 543,6901 S 3643,6594 6439,603 16697,678 2952,5896 17635,746 1226,61
1,9070003 B 523,9 9482,265 9180,165 5921,1973 15999,581 543,6901 S 3643,6594 6439,603 16697,678 2952,5896 17635,746 1226,61
1,9069998 B 523,9 9482,265 9180,165 5921,1973 15999,581 543,6901 S 3643,6594 6439,603 16697,678 2952,5896 17635,746 1226,61
1,9070003 B 523,9 9482,265 9180,165 5921,1973 15999,581 543,6901 S 3643,6594 6439,603 16697,678 2952,5896 17635,746 1226,61
1,9068706 B 523,9 9482,265 9180,165 5921,1973 15999,581 543,6901 S 3643,6594 6439,603 16697,678 2952,5896 17635,746 1226,61
1,9049999 B 523,9 9482,265 9180,165 5921,1973 15999,581 543,6901 S 3643,6594 6439,603 16697,678 2952,5896 17635,746 1226,61
1,9050001 B 523,9 9482,265 9180,165 5921,1973 15999,581 543,6901 S 3643,6594 6439,603 16697,678 2952,5896 17635,746 1226,61
1,9043934 B 523,9 9482,265 9180,165 5921,1973 15999,581 543,6901 S 3643,6594 6439,603 16697,678 2952,5896 17635,746 1226,61
1,903608 B 523,9 9482,265 9180,165 5921,1973 15999,581 543,6901 S 3643,6594 6439,603 16697,678 2952,5896 17635,746 1226,61
1,9032044 B 523,9 9482,265 9180,165 5921,1973 15999,581 543,6901 S 3643,6594 6439,603 16697,678 2952,5896 17635,746 1226,61
1,9039997 B 523,9 9482,265 9180,165 5921,1973 15999,581 543,6901 S 3643,6594 6439,603 16697,678 2952,5896 17635,746 1226,61
1,9039998 B 523,9 9482,265 9180,165 5921,1973 15999,581 543,6901 S 3643,6594 6439,603 16697,678 2952,5896 17635,746 1226,61
1,9040005 B 523,9 9482,265 9180,165 5921,1973 15999,581 543,6901 S 3643,6594 6439,603 16697,678 2952,5896 17635,746 1226,61
1,903759 B 523,9 9482,265 9180,165 5921,1973 15999,581 543,6901 S 3643,6594 6439,603 16697,678 2952,5896 17635,746 1226,61
1,902 B 523,9 9482,265 9180,165 5921,1973 15999,581 543,6901 S 3643,6594 6439,603 16697,678 2952,5896 17635,746 1226,61
1,9019996 B 523,9 9482,265 9180,165 5921,1973 15999,581 543,6901 S 3643,6594 6439,603 16697,678 2952,5896 17635,746 1226,61
1,9020002 B 523,9 9482,265 9180,165 5921,1973 15999,581 543,6901 S 3643,6594 6439,603 16697,678 2952,5896 17635,746 1226,61
1,9020004 B 523,9 9482,265 9180,165 5921,1973 15999,581 543,6901 S 3643,6594 6439,603 16697,678 2952,5896 17635,746 1226,61
1,9019998 B 523,9 9482,265 9180,165 5921,1973 15999,581 543,6901 S 3643,6594 6439,603 16697,678 2952,5896 17635,746 1226,61
1,9020004 B 523,9 9482,265 9180,165 5921,1973 15999,581 543,6901 S 3643,6594 6439,603 16697,678 2952,5896 17635,746 1226,61
1,9020001 B 523,9 9482,265 9180,165 5921,1973 15999,581 543,6901 S 3643,6594 6439,603 16697,678 2952,5896 17635,746 1226,61
1,9020004 B 523,9 9482,265 9180,165 5921,1973 15999,581 543,6901 S 3643,6594 6439,603 16697,678 2952,5896 17635,746 1226,61
1,9020001 B 523,9 9482,265 9180,165 5921,1973 15999,581 543,6901 S 3643,6594 6439,603 16697,678 2952,5896 17635,746 1226,61
1,9020001 B 523,9 9482,265 9180,165 5921,1973 15999,581 543,6901 S 3643,6594 6439,603 16697,678 2952,5896 17635,746 1226,61
1,9024755 B 523,9 9482,265 9180,165 5921,1973 15999,581 543,6901 S 3643,6594 6439,603 16697,678 2952,5896 17635,746 1226,61
1,9039997 B 523,9 9482,265 9180,165 5921,1973 15999,581 543,6901 S 3643,6594 6439,603 16697,678 2952,5896 17635,746 1226,61
1,9039997 B 523,9 9482,265 9180,165 5921,1973 15999,581 543,6901 S 3643,6594 6439,603 16697,678 2952,5896 17635,746 1226,61
1,9040002 B 523,9 9482,265 9180,165 5921,1973 15999,581 543,6901 S 3643,6594 6439,603 16697,678 2952,5896 17635,746 1226,61
1,9040008 B 523,9 9482,265 9180,165 5921,1973 15999,581 543,6901 S 3643,6594 6439,603 16697,678 2952,5896 17635,746 1226,61
1,9040006 B 523,9 9482,265 9180,165 5921,1973 15999,581 543,6901 S 3643,6594 6439,603 16697,678 2952,5896 17635,746 1226,61
1,9040002 B 523,9 9482,265 9180,165 5921,1973 15999,581 543,6901 S 3643,6594 6439,603 16697,678 2952,5896 17635,746 1226,61
1,9040555 B 523,9 9482,265 9180,165 5921,1973 15999,581 543,6901 S 3643,6594 6439,603 16697,678 2952,5896 17635,746 1226,61
1,9049996 B 523,9 9482,265 9180,165 5921,1973 15999,581 543,6901 S 3643,6594 6439,603 16697,678 2952,5896 17635,746 1226,61
1,9055945 B 523,9 9482,265 9180,165 5921,1973 15999,581 543,6901 S 3643,6594 6439,603 16697,678 2952,5896 17635,746 1226,61
1,9059999 B 523,9 9482,265 9180,165 5921,1973 15999,581 543,6901 S 3643,6594 6439,603 16697,678 2952,5896 17635,746 1226,61
1,9060005 B 523,9 9482,265 9180,165 5921,1973 15999,581 543,6901 S 3643,6594 6439,603 16697,678 2952,5896 17635,746 1226,61
1,9060004 B 523,9 9482,265 9180,165 5921,1973 15999,581 543,6901 S 3643,6594 6439,603 16697,678 2952,5896 17635,746 1226,61
1,9059999 B 523,9 9482,265 9180,165 5921,1973 15999,581 543,6901 S 3643,6594 6439,603 16697,678 2952,5896 17635,746 1226,61
1,9060003 B 523,9 9482,265 9180,165 5921,1973 15999,581 543,6901 S 3643,6594 6439,603 16697,678 2952,5896 17635,746 1226,61
1,9060001 B 523,9 9482,265 9180,165 5921,1973 15999,581 543,6901 S 3643,6594 6439,603 16697,678 2952,5896 17635,746 1226,61
1,9059997 B 523,9 9482,265 9180,165 5921,1973 15999,581 543,6901 S 3643,6594 6439,603 16697,678 2952,5896 17635,746 1226,61
1,9060003 B 523,9 9482,265 9180,165 5921,1973 15999,581 543,6901 S 3643,6594 6439,603 16697,678 2952,5896 17635,746 1226,61
1,9060006 B 523,9 9482,265 9180,165 5921,1973 15999,581 543,6901 S 3643,6594 6439,603 16697,678 2952,5896 17635,746 1226,61
1,9059997 B 523,9 9482,265 9180,165 5921,1973 15999,581 543,6901 S 3643,6594 6439,603 16697,678 2952,5896 17635,746 1226,61
1,9060003 B 523,9 9482,265 9180,165 5921,1973 15999,581 543,6901 S 3643,6594 6439,603 16697,678 2952,5896 17635,746 1226,61
1,9056736 B 523,9 9482,265 9180,165 5921,1973 15999,581 543,6901 S 3643,6594 6439,603 16697,678 2952,5896 17635,746 1226,61
1,905 B 523,9 9482,265 9180,165 5921,1973 15999,581 543,6901 S 3643,6594 6439,603 16697,678 2952,5896 17635,746 1226,61
1,905 B 523,9 9482,265 9180,165 5921,1973 15999,581 543,6901 S 3643,6594 6439,603 16697,678 2952,5896 17635,746 1226,61
1,9050006 B 523,9 9482,265 9180,165 5921,1973 15999,581 543,6901 S 3643,6594 6439,603 16697,678 2952,5896 17635,746 1226,61
1,9050002 B 523,9 9482,265 9180,165 5921,1973 15999,581 543,6901 S 3643,6594 6439,603 16697,678 2952,5896 17635,746 1226,61
1,9049995 B 523,9 9482,265 9180,165 5921,1973 15999,581 543,6901 S 3643,6594 6439,603 16697,678 2952,5896 17635,746 1226,61
1,9049996 B 523,9 9482,265 9180,165 5921,1973 15999,581 543,6901 S 3643,6594 6439,603 16697,678 2952,5896 17635,746 1226,61
1,905 B 523,9 9482,265 9180,165 5921,1973 15999,581 543,6901 S 3643,6594 6439,603 16697,678 2952,5896 17635,746 1226,61
1,9050004 B 523,9 9482,265 9180,165 5921,1973 15999,581 543,6901 S 3643,6594 6439,603 16697,678 2952,5896 17635,746 1226,61
1,9050003 B 523,9 9482,265 9180,165 5921,1973 15999,581 543,6901 S 3643,6594 6439,603 16697,678 2952,5896 17635,746 1226,61
1,9049994 B 523,9 9482,265 9180,165 5921,1973 15999,581 543,6901 S 3643,6594 6439,603 16697,678 2952,5896 17635,746 1226,61
1,9050002 B 523,9 9482,265 9180,165 5921,1973 15999,581 543,6901 S 3643,6594 6439,603 16697,678 2952,5896 17635,746 1226,61
1,905 B 523,9 9482,265 9180,165 5921,1973 15999,581 543,6901 S 3643,6594 6439,603 16697,678 2952,5896 17635,746 1226,61
1,9049999 B 523,9 9482,265 9180,165 5921,1973 15999,581 543,6901 S 3643,6594 6439,603 16697,678 2952,5896 17635,746 1226,61
1,9050004 B 523,9 9482,265 9180,165 5921,1973 15999,581 543,6901 S 3643,6594 6439,603 16697,678 2952,5896 17635,746 1226,61
1,9049999 B 523,9 9482,265 9180,165 5921,1973 15999,581 543,6901 S 3643,6594 6439,603 16697,678 2952,5896 17635,746 1226,61
1,9050001 B 523,9 9482,265 9180,165 5921,1973 15999,581 543,6901 S 3643,6594 6439,603 16697,678 2952,5896 17635,746 1226,61
1,9050001 B 523,9 9482,265 9180,165 5921,1973 15999,581 543,6901 S 3643,6594 6439,603 16697,678 2952,5896 17635,746 1226,61
1,9050006 B 523,9 9482,265 9180,165 5921,1973 15999,581 543,6901 S 3643,6594 6439,603 16697,678 2952,5896 17635,746 1226,61
1,905 B 523,9 9482,265 9180,165 5921,1973 15999,581 543,6901 S 3643,6594 6439,603 16697,678 2952,5896 17635,746 1226,61
1,9049996 B 523,9 9482,265 9180,165 5921,1973 15999,581 543,6901 S 3643,6594 6439,603 16697,678 2952,5896 17635,746 1226,61
1,9050001 B 523,9 9482,265 9180,165 5921,1973 15999,581 543,6901 S 3643,6594 6439,603 16697,678 2952,5896 17635,746 1226,61
1,9050001 B 523,9 9482,265 9180,165 5921,1973 15999,581 543,6901 S 3643,6594 6439,603 16697,678 2952,5896 17635,746 1226,61
1,9050002 B 523,9 9482,265 9180,165 5921,1973 15999,581 543,6901 S 3643,6594 6439,603 16697,678 2952,5896 17635,746 1226,61
1,9050003 B 523,9 9482,265 9180,165 5921,1973 15999,581 543,6901 S 3643,6594 6439,603 16697,678 2952,5896 17635,746 1226,61
1,9049999 B 523,9 9482,265 9180,165 5921,1973 15999,581 543,6901 S 3643,6594 6439,603 16697,678 2952,5896 17635,746 1226,61
1,9050009 B 523,9 9482,265 9180,165 5921,1973 15999,581 543,6901 S 3643,6594 6439,603 16697,678 2952,5896 17635,746 1226,61
1,9050009 B 523,9 9482,265 9180,165 5921,1973 15999,581 543,6901 S 3643,6594 6439,603 16697,678 2952,5896 17635,746 1226,61
1,9046346 B 523,9 9482,265 9180,165 5921,1973 15999,581 543,6901 S 3643,6594 6439,603 16697,678 2952,5896 17635,746 1226,61
1,9047201 B 523,9 9482,265 9180,165 5921,1973 15999,581 543,6901 S 3643,6594 6439,603 16697,678 2952,5896 17635,746 1226,61
1,905 B 523,9 9482,265 9180,165 5921,1973 15999,581 543,6901 S 3643,6594 6439,603 16697,678 2952,5896 17635,746 1226,61
1,9050001 B 523,9 9482,265 9180,165 5921,1973 15999,581 543,6901 S 3643,6594 6439,603 16697,678 2952,5896 17635,746 1226,61
1,9068455 B 523,9 9482,265 9180,165 5921,1973 15999,581 543,6901 S 3643,6594 6439,603 16697,678 2952,5896 17635,746 1226,61
1,9074122 B 523,9 9482,265 9180,165 5921,1973 15999,581 543,6901 S 3643,6594 6439,603 16697,678 2952,5896 17635,746 1226,61
1,9079998 B 523,9 9482,265 9180,165 5921,1973 15999,581 543,6901 S 3643,6594 6439,603 16697,678 2952,5896 17635,746 1226,61
1,9079998 B 523,9 9482,265 9180,165 5921,1973 15999,581 543,6901 S 3643,6594 6439,603 16697,678 2952,5896 17635,746 1226,61
1,9079994 B 523,9 9482,265 9180,165 5921,1973 15999,581 543,6901 S 3643,6594 6439,603 16697,678 2952,5896 17635,746 1226,61
1,9080001 B 523,9 9482,265 9180,165 5921,1973 15999,581 543,6901 S 3643,6594 6439,603 16697,678 2952,5896 17635,746 1226,61
1,9080003 B 523,9 9482,265 9180,165 5921,1973 15999,581 543,6901 S 3643,6594 6439,603 16697,678 2952,5896 17635,746 1226,61
1,9080001 B 523,9 9482,265 9180,165 5921,1973 15999,581 543,6901 S 3643,6594 6439,603 16697,678 2952,5896 17635,746 1226,61
1,9079995 B 523,9 9482,265 9180,165 5921,1973 15999,581 543,6901 S 3643,6594 6439,603 16697,678 2952,5896 17635,746 1226,61
1,9079999 B 523,9 9482,265 9180,165 5921,1973 15999,581 543,6901 S 3643,6594 6439,603 16697,678 2952,5896 17635,746 1226,61
1,9079999 B 523,9 9482,265 9180,165 5921,1973 15999,581 543,6901 S 3643,6594 6439,603 16697,678 2952,5896 17635,746 1226,61
1,9079996 B 523,9 9482,265 9180,165 5921,1973 15999,581 543,6901 S 3643,6594 6439,603 16697,678 2952,5896 17635,746 1226,61
1,9079996 B 523,9 9482,265 9180,165 5921,1973 15999,581 543,6901 S 3643,6594 6439,603 16697,678 2952,5896 17635,746 1226,61
1,9079996 B 523,9 9482,265 9180,165 5921,1973 15999,581 543,6901 S 3643,6594 6439,603 16697,678 2952,5896 17635,746 1226,61
1,9080003 B 523,9 9482,265 9180,165 5921,1973 15999,581 543,6901 S 3643,6594 6439,603 16697,678 2952,5896 17635,746 1226,61
1,9079998 B 523,9 9482,265 9180,165 5921,1973 15999,581 543,6901 S 3643,6594 6439,603 16697,678 2952,5896 17635,746 1226,61
1,9080003 B 523,9 9482,265 9180,165 5921,1973 15999,581 543,6901 S 3643,6594 6439,603 16697,678 2952,5896 17635,746 1226,61
1,9080002 B 523,9 9482,265 9180,165 5921,1973 15999,581 543,6901 S 3643,6594 6439,603 16697,678 2952,5896 17635,746 1226,61
1,9079998 B 523,9 9482,265 9180,165 5921,1973 15999,581 543,6901 S 3643,6594 6439,603 16697,678 2952,5896 17635,746 1226,61
1,9079995 B 523,9 9482,265 9180,165 5921,1973 15999,581 543,6901 S 3643,6594 6439,603 16697,678 2952,5896 17635,746 1226,61
1,9080002 B 523,9 9482,265 9180,165 5921,1973 15999,581 543,6901 S 3643,6594 6439,603 16697,678 2952,5896 17635,746 1226,61
1,9080003 B 523,9 9482,265 9180,165 5921,1973 15999,581 543,6901 S 3643,6594 6439,603 16697,678 2952,5896 17635,746 1226,61
1,9080002 B 523,9 9482,265 9180,165 5921,1973 15999,581 543,6901 S 3643,6594 6439,603 16697,678 2952,5896 17635,746 1226,61
1,9080006 B 523,9 9482,265 9180,165 5921,1973 15999,581 543,6901 S 3643,6594 6439,603 16697,678 2952,5896 17635,746 1226,61
1,908001 B 523,9 9482,265 9180,165 5921,1973 15999,581 543,6901 S 3643,6594 6439,603 16697,678 2952,5896 17635,746 1226,61
1,9080005 B 523,9 9482,265 9180,165 5921,1973 15999,581 543,6901 S 3643,6594 6439,603 16697,678 2952,5896 17635,746 1226,61
1,9071567 B 523,9 9482,265 9180,165 5921,1973 15999,581 543,6901 S 3643,6594 6439,603 16697,678 2952,5896 17635,746 1226,61
1,9070003 B 523,9 9482,265 9180,165 5921,1973 15999,581 543,6901 S 3643,6594 6439,603 16697,678 2952,5896 17635,746 1226,61
1,907 B 523,9 9482,265 9180,165 5921,1973 15999,581 543,6901 S 3643,6594 6439,603 16697,678 2952,5896 17635,746 1226,61
1,9070001 B 523,9 9482,265 9180,165 5921,1973 15999,581 543,6901 S 3643,6594 6439,603 16697,678 2952,5896 17635,746 1226,61
1,907 B 523,9 9482,265 9180,165 5921,1973 15999,581 543,6901 S 3643,6594 6439,603 16697,678 2952,5896 17635,746 1226,61
1,9069993 B 523,9 9482,265 9180,165 5921,1973 15999,581 543,6901 S 3643,6594 6439,603 16697,678 2952,5896 17635,746 1226,61
1,9070003 B 523,9 9482,265 9180,165 5921,1973 15999,581 543,6901 S 3643,6594 6439,603 16697,678 2952,5896 17635,746 1226,61
1,9070003 B 523,9 9482,265 9180,165 5921,1973 15999,581 543,6901 S 3643,6594 6439,603 16697,678 2952,5896 17635,746 1226,61
1,9070001 B 523,9 9482,265 9180,165 5921,1973 15999,581 543,6901 S 3643,6594 6439,603 16697,678 2952,5896 17635,746 1226,61
1,9069996 B 523,9 9482,265 9180,165 5921,1973 15999,581 543,6901 S 3643,6594 6439,603 16697,678 2952,5896 17635,746 1226,61
1,907 B 523,9 9482,265 9180,165 5921,1973 15999,581 543,6901 S 3643,6594 6439,603 16697,678 2952,5896 17635,746 1226,61
1,907 B 523,9 9482,265 9180,165 5921,1973 15999,581 543,6901 S 3643,6594 6439,603 16697,678 2952,5896 17635,746 1226,61
1,9069998 B 523,9 9482,265 9180,165 5921,1973 15999,581 543,6901 S 3643,6594 6439,603 16697,678 2952,5896 17635,746 1226,61
1,9070003 B 523,9 9482,265 9180,165 5921,1973 15999,581 543,6901 S 3643,6594 6439,603 16697,678 2952,5896 17635,746 1226,61
1,907 B 523,9 9482,265 9180,165 5921,1973 15999,581 543,6901 S 3643,6594 6439,603 16697,678 2952,5896 17635,746 1226,61
1,9065843 B 523,9 9482,265 9180,165 5921,1973 15999,581 543,6901 S 3643,6594 6439,603 16697,678 2952,5896 17635,746 1226,61
1,9060003 B 523,9 9482,265 9180,165 5921,1973 15999,581 543,6901 S 3643,6594 6439,603 16697,678 2952,5896 17635,746 1226,61
1,9060005 B 523,9 9482,265 9180,165 5921,1973 15999,581 543,6901 S 3643,6594 6439,603 16697,678 2952,5896 17635,746 1226,61
1,9060001 B 523,9 9482,265 9180,165 5921,1973 15999,581 543,6901 S 3643,6594 6439,603 16697,678 2952,5896 17635,746 1226,61
1,9060003 B 523,9 9482,265 9180,165 5921,1973 15999,581 543,6901 S 3643,6594 6439,603 16697,678 2952,5896 17635,746 1226,61
1,9060004 B 523,9 9482,265 9180,165 5921,1973 15999,581 543,6901 S 3643,6594 6439,603 16697,678 2952,5896 17635,746 1226,61
1,906 B 523,9 9482,265 9180,165 5921,1973 15999,581 543,6901 S 3643,6594 6439,603 16697,678 2952,5896 17635,746 1226,61
1,9059998 B 523,9 9482,265 9180,165 5921,1973 15999,581 543,6901 S 3643,6594 6439,603 16697,678 2952,5896 17635,746 1226,61
1,9060003 B 523,9 9482,265 9180,165 5921,1973 15999,581 543,6901 S 3643,6594 6439,603 16697,678 2952,5896 17635,746 1226,61
1,9060001 B 523,9 9482,265 9180,165 5921,1973 15999,581 543,6901 S 3643,6594 6439,603 16697,678 2952,5896 17635,746 1226,61
1,9059995 B 523,9 9482,265 9180,165 5921,1973 15999,581 543,6901 S 3643,6594 6439,603 16697,678 2952,5896 17635,746 1226,61
1,9059999 B 523,9 9482,265 9180,165 5921,1973 15999,581 543,6901 S 3643,6594 6439,603 16697,678 2952,5896 17635,746 1226,61
1,906 B 523,9 9482,265 9180,165 5921,1973 15999,581 543,6901 S 3643,6594 6439,603 16697,678 2952,5896 17635,746 1226,61
1,9059998 B 523,9 9482,265 9180,165 5921,1973 15999,581 543,6901 S 3643,6594 6439,603 16697,678 2952,5896 17635,746 1226,61
1,9059998 B 523,9 9482,265 9180,165 5921,1973 15999,581 543,6901 S 3643,6594 6439,603 16697,678 2952,5896 17635,746 1226,61
1,9059995 B 523,9 9482,265 9180,165 5921,1973 15999,581 543,6901 S 3643,6594 6439,603 16697,678 2952,5896 17635,746 1226,61
1,9059997 B 523,9 9482,265 9180,165 5921,1973 15999,581 543,6901 S 3643,6594 6439,603 16697,678 2952,5896 17635,746 1226,61
1,9059998 B 523,9 9482,265 9180,165 5921,1973 15999,581 543,6901 S 3643,6594 6439,603 16697,678 2952,5896 17635,746 1226,61
1,9060005 B 523,9 9482,265 9180,165 5921,1973 15999,581 543,6901 S 3643,6594 6439,603 16697,678 2952,5896 17635,746 1226,61
1,9059268 B 523,9 9482,265 9180,165 5921,1973 15999,581 543,6901 S 3643,6594 6439,603 16697,678 2952,5896 17635,746 1226,61
1,9039998 B 523,9 9482,265 9180,165 5921,1973 15999,581 543,6901 S 3643,6594 6439,603 16697,678 2952,5896 17635,746 1226,61
1,9040005 B 523,9 9482,265 9180,165 5921,1973 15999,581 543,6901 S 3643,6594 6439,603 16697,678 2952,5896 17635,746 1226,61
1,9039997 B 523,9 9482,265 9180,165 5921,1973 15999,581 543,6901 S 3643,6594 6439,603 16697,678 2952,5896 17635,746 1226,61
1,9039996 B 523,9 9482,265 9180,165 5921,1973 15999,581 543,6901 S 3643,6594 6439,603 16697,678 2952,5896 17635,746 1226,61
1,9040004 B 523,9 9482,265 9180,165 5921,1973 15999,581 543,6901 S 3643,6594 6439,603 16697,678 2952,5896 17635,746 1226,61
1,9040004 B 523,9 9482,265 9180,165 5921,1973 15999,581 543,6901 S 3643,6594 6439,603 16697,678 2952,5896 17635,746 1226,61
1,9039998 B 523,9 9482,265 9180,165 5921,1973 15999,581 543,6901 S 3643,6594 6439,603 16697,678 2952,5896 17635,746 1226,61
1,9039998 B 523,9 9482,265 9180,165 5921,1973 15999,581 543,6901 S 3643,6594 6439,603 16697,678 2952,5896 17635,746 1226,61
1,904 B 523,9 9482,265 9180,165 5921,1973 15999,581 543,6901 S 3643,6594 6439,603 16697,678 2952,5896 17635,746 1226,61
1,9029478 B 523,9 9482,265 9180,165 5921,1973 15999,581 543,6901 S 3643,6594 6439,603 16697,678 2952,5896 17635,746 1226,61
1,902 B 523,9 9482,265 9180,165 5921,1973 15999,581 543,6901 S 3643,6594 6439,603 16697,678 2952,5896 17635,746 1226,61
1,9020002 B 523,9 9482,265 9180,165 5921,1973 15999,581 543,6901 S 3643,6594 6439,603 16697,678 2952,5896 17635,746 1226,61
1,9019998 B 523,9 9482,265 9180,165 5921,1973 15999,581 543,6901 S 3643,6594 6439,603 16697,678 2952,5896 17635,746 1226,61
1,9019996 B 523,9 9482,265 9180,165 5921,1973 15999,581 543,6901 S 3643,6594 6439,603 16697,678 2952,5896 17635,746 1226,61
1,9020001 B 523,9 9482,265 9180,165 5921,1973 15999,581 543,6901 S 3643,6594 6439,603 16697,678 2952,5896 17635,746 1226,61
1,902 B 523,9 9482,265 9180,165 5921,1973 15999,581 543,6901 S 3643,6594 6439,603 16697,678 2952,5896 17635,746 1226,61
1,9020002 B 523,9 9482,265 9180,165 5921,1973 15999,581 543,6901 S 3643,6594 6439,603 16697,678 2952,5896 17635,746 1226,61
1,9019996 B 523,9 9482,265 9180,165 5921,1973 15999,581 543,6901 S 3643,6594 6439,603 16697,678 2952,5896 17635,746 1226,61
1,9020002 B 523,9 9482,265 9180,165 5921,1973 15999,581 543,6901 S 3643,6594 6439,603 16697,678 2952,5896 17635,746 1226,61
1,902 B 523,9 9482,265 9180,165 5921,1973 15999,581 543,6901 S 3643,6594 6439,603 16697,678 2952,5896 17635,746 1226,61
1,9037939 B 523,9 9482,265 9180,165 5921,1973 15999,581 543,6901 S 3643,6594 6439,603 16697,678 2952,5896 17635,746 1226,61
1,9060003 B 523,9 9482,265 9180,165 5921,1973 15999,581 543,6901 S 3643,6594 6439,603 16697,678 2952,5896 17635,746 1226,61
1,9059997 B 523,9 9482,265 9180,165 5921,1973 15999,581 543,6901 S 3643,6594 6439,603 16697,678 2952,5896 17635,746 1226,61
1,9060004 B 523,9 9482,265 9180,165 5921,1973 15999,581 543,6901 S 3643,6594 6439,603 16697,678 2952,5896 17635,746 1226,61
1,9060001 B 523,9 9482,265 9180,165 5921,1973 15999,581 543,6901 S 3643,6594 6439,603 16697,678 2952,5896 17635,746 1226,61
1,9060003 B 523,9 9482,265 9180,165 5921,1973 15999,581 543,6901 S 3643,6594 6439,603 16697,678 2952,5896 17635,746 1226,61
1,9060003 B 523,9 9482,265 9180,165 5921,1973 15999,581 543,6901 S 3643,6594 6439,603 16697,678 2952,5896 17635,746 1226,61
1,9060003 B 523,9 9482,265 9180,165 5921,1973 15999,581 543,6901 S 3643,6594 6439,603 16697,678 2952,5896 17635,746 1226,61
1,906 B 523,9 9482,265 9180,165 5921,1973 15999,581 543,6901 S 3643,6594 6439,603 16697,678 2952,5896 17635,746 1226,61
1,9059999 B 523,9 9482,265 9180,165 5921,1973 15999,581 543,6901 S 3643,6594 6439,603 16697,678 2952,5896 17635,746 1226,61
1,9060005 B 523,9 9482,265 9180,165 5921,1973 15999,581 543,6901 S 3643,6594 6439,603 16697,678 2952,5896 17635,746 1226,61
1,9059999 B 523,9 9482,265 9180,165 5921,1973 15999,581 543,6901 S 3643,6594 6439,603 16697,678 2952,5896 17635,746 1226,61
1,906 B 523,9 9482,265 9180,165 5921,1973 15999,581 543,6901 S 3643,6594 6439,603 16697,678 2952,5896 17635,746 1226,61
1,906 B 523,9 9482,265 9180,165 5921,1973 15999,581 543,6901 S 3643,6594 6439,603 16697,678 2952,5896 17635,746 1226,61
1,9059997 B 523,9 9482,265 9180,165 5921,1973 15999,581 543,6901 S 3643,6594 6439,603 16697,678 2952,5896 17635,746 1226,61
1,906 B 523,9 9482,265 9180,165 5921,1973 15999,581 543,6901 S 3643,6594 6439,603 16697,678 2952,5896 17635,746 1226,61
1,9078509 B 523,9 9482,265 9180,165 5921,1973 15999,581 543,6901 S 3643,6594 6439,603 16697,678 2952,5896 17635,746 1226,61
1,9080001 B 523,9 9482,265 9180,165 5921,1973 15999,581 543,6901 S 3643,6594 6439,603 16697,678 2952,5896 17635,746 1226,61
1,9079999 B 523,9 9482,265 9180,165 5921,1973 15999,581 543,6901 S 3643,6594 6439,603 16697,678 2952,5896 17635,746 1226,61
1,9079996 B 523,9 9482,265 9180,165 5921,1973 15999,581 543,6901 S 3643,6594 6439,603 16697,678 2952,5896 17635,746 1226,61
1,9079996 B 523,9 9482,265 9180,165 5921,1973 15999,581 543,6901 S 3643,6594 6439,603 16697,678 2952,5896 17635,746 1226,61
1,9079998 B 523,9 9482,265 9180,165 5921,1973 15999,581 543,6901 S 3643,6594 6439,603 16697,678 2952,5896 17635,746 1226,61
1,9080003 B 523,9 9482,265 9180,165 5921,1973 15999,581 543,6901 S 3643,6594 6439,603 16697,678 2952,5896 17635,746 1226,61
1,9079994 B 523,9 9482,265 9180,165 5921,1973 15999,581 543,6901 S 3643,6594 6439,603 16697,678 2952,5896 17635,746 1226,61
1,9080003 B 523,9 9482,265 9180,165 5921,1973 15999,581 543,6901 S 3643,6594 6439,603 16697,678 2952,5896 17635,746 1226,61
1,9079999 B 523,9 9482,265 9180,165 5921,1973 15999,581 543,6901 S 3643,6594 6439,603 16697,678 2952,5896 17635,746 1226,61
1,9080005 B 523,9 9482,265 9180,165 5921,1973 15999,581 543,6901 S 3643,6594 6439,603 16697,678 2952,5896 17635,746 1226,61
1,9080002 B 523,9 9482,265 9180,165 5921,1973 15999,581 543,6901 S 3643,6594 6439,603 16697,678 2952,5896 17635,746 1226,61
1,9079998 B 523,9 9482,265 9180,165 5921,1973 15999,581 543,6901 S 3643,6594 6439,603 16697,678 2952,5896 17635,746 1226,61
1,9079999 B 523,9 9482,265 9180,165 5921,1973 15999,581 543,6901 S 3643,6594 6439,603 16697,678 2952,5896 17635,746 1226,61
1,9093238 B 523,9 9482,265 9180,165 5921,1973 15999,581 543,6901 S 3643,6594 6439,603 16697,678 2952,5896 17635,746 1226,61
1,911 B 523,9 9482,265 9180,165 5921,1973 15999,581 543,6901 S 3643,6594 6439,603 16697,678 2952,5896 17635,746 1226,61
1,9109997 B 523,9 9482,265 9180,165 5921,1973 15999,581 543,6901 S 3643,6594 6439,603 16697,678 2952,5896 17635,746 1226,61
1,911 B 523,9 9482,265 9180,165 5921,1973 15999,581 543,6901 S 3643,6594 6439,603 16697,678 2952,5896 17635,746 1226,61
1,9118212 B 523,9 9482,265 9180,165 5921,1973 15999,581 543,6901 S 3643,6594 6439,603 16697,678 2952,5896 17635,746 1226,61
1,9120581 B 523,9 9482,265 9180,165 5921,1973 15999,581 543,6901 S 3643,6594 6439,603 16697,678 2952,5896 17635,746 1226,61
1,912 B 523,9 9482,265 9180,165 5921,1973 15999,581 543,6901 S 3643,6594 6439,603 16697,678 2952,5896 17635,746 1226,61
1,9119998 B 523,9 9482,265 9180,165 5921,1973 15999,581 543,6901 S 3643,6594 6439,603 16697,678 2952,5896 17635,746 1226,61
1,9120003 B 523,9 9482,265 9180,165 5921,1973 15999,581 543,6901 S 3643,6594 6439,603 16697,678 2952,5896 17635,746 1226,61
1,9120003 B 523,9 9482,265 9180,165 5921,1973 15999,581 543,6901 S 3643,6594 6439,603 16697,678 2952,5896 17635,746 1226,61
1,9119998 B 523,9 9482,265 9180,165 5921,1973 15999,581 543,6901 S 3643,6594 6439,603 16697,678 2952,5896 17635,746 1226,61
1,9119998 B 523,9 9482,265 9180,165 5921,1973 15999,581 543,6901 S 3643,6594 6439,603 16697,678 2952,5896 17635,746 1226,61
1,912 B 523,9 9482,265 9180,165 5921,1973 15999,581 543,6901 S 3643,6594 6439,603 16697,678 2952,5896 17635,746 1226,61
1,9120002 B 523,9 9482,265 9180,165 5921,1973 15999,581 543,6901 S 3643,6594 6439,603 16697,678 2952,5896 17635,746 1226,61
1,912 B 523,9 9482,265 9180,165 5921,1973 15999,581 543,6901 S 3643,6594 6439,603 16697,678 2952,5896 17635,746 1226,61
1,9120004 B 523,9 9482,265 9180,165 5921,1973 15999,581 543,6901 S 3643,6594 6439,603 16697,678 2952,5896 17635,746 1226,61
1,9120004 B 523,9 9482,265 9180,165 5921,1973 15999,581 543,6901 S 3643,6594 6439,603 16697,678 2952,5896 17635,746 1226,61
1,9120002 B 523,9 9482,265 9180,165 5921,1973 15999,581 543,6901 S 3643,6594 6439,603 16697,678 2952,5896 17635,746 1226,61
1,912 B 523,9 9482,265 9180,165 5921,1973 15999,581 543,6901 S 3643,6594 6439,603 16697,678 2952,5896 17635,746 1226,61
1,9120001 B 523,9 9482,265 9180,165 5921,1973 15999,581 543,6901 S 3643,6594 6439,603 16697,678 2952,5896 17635,746 1226,61
1,9120001 B 523,9 9482,265 9180,165 5921,1973 15999,581 543,6901 S 3643,6594 6439,603 16697,678 2952,5896 17635,746 1226,61
1,9119992 B 523,9 9482,265 9180,165 5921,1973 15999,581 543,6901 S 3643,6594 6439,603 16697,678 2952,5896 17635,746 1226,61
1,9119993 B 523,9 9482,265 9180,165 5921,1973 15999,581 543,6901 S 3643,6594 6439,603 16697,678 2952,5896 17635,746 1226,61
