1,7917486
1,7910007 B 1658,8245 7922,034 10977,568 10610,531 8532,56 5826,939 S 4345,9946 8599,956 14521,403 9977,997 10129,107 5023,633
1,7910004 B 1658,8245 7922,034 10977,568 10610,531 8532,56 5826,939 S 4345,9946 8599,956 14521,403 9977,997 10129,107 5023,633
1,7910002 B 1658,8245 7922,034 10977,568 10610,531 8532,56 5826,939 S 4345,9946 8599,956 14521,403 9977,997 10129,107 5023,633
1,791483 B 1658,8245 7922,034 10977,568 10610,531 8532,56 5826,939 S 4345,9946 8599,956 14521,403 9977,997 10129,107 5023,633
1,7921635 B 1658,8245 7922,034 10977,568 10610,531 8532,56 5826,939 S 4345,9946 8599,956 14521,403 9977,997 10129,107 5023,633
1,7920005 B 1658,8245 7922,034 10977,568 10610,531 8532,56 5826,939 S 4345,9946 8599,956 14521,403 9977,997 10129,107 5023,633
1,7920005 B 1658,8245 7922,034 10977,568 10610,531 8532,56 5826,939 S 4345,9946 8599,956 14521,403 9977,997 10129,107 5023,633
1,7919996 B 1658,8245 7922,034 10977,568 10610,531 8532,56 5826,939 S 4345,9946 8599,956 14521,403 9977,997 10129,107 5023,633
1,7919999 B 1658,8245 7922,034 10977,568 10610,531 8532,56 5826,939 S 4345,9946 8599,956 14521,403 9977,997 10129,107 5023,633
1,7920003 B 1658,8245 7922,034 10977,568 10610,531 8532,56 5826,939 S 4345,9946 8599,956 14521,403 9977,997 10129,107 5023,633
1,792 B 1658,8245 7922,034 10977,568 10610,531 8532,56 5826,939 S 4345,9946 8599,956 14521,403 9977,997 10129,107 5023,633
1,7920004 B 1658,8245 7922,034 10977,568 10610,531 8532,56 5826,939 S 4345,9946 8599,956 14521,403 9977,997 10129,107 5023,633
1,7919998 B 1658,8245 7922,034 10977,568 10610,531 8532,56 5826,939 S 4345,9946 8599,956 14521,403 9977,997 10129,107 5023,633
1,792 B 1658,8245 7922,034 10977,568 10610,531 8532,56 5826,939 S 4345,9946 8599,956 14521,403 9977,997 10129,107 5023,633
1,7920004 B 1658,8245 7922,034 10977,568 10610,531 8532,56 5826,939 S 4345,9946 8599,956 14521,403 9977,997 10129,107 5023,633
1,7924641 B 1658,8245 7922,034 10977,568 10610,531 8532,56 5826,939 S 4345,9946 8599,956 14521,403 9977,997 10129,107 5023,633
1,7920026 B 1658,8245 7922,034 10977,568 10610,531 8532,56 5826,939 S 4345,9946 8599,956 14521,403 9977,997 10129,107 5023,633
1,7920003 B 1658,8245 7922,034 10977,568 10610,531 8532,56 5826,939 S 4345,9946 8599,956 14521,403 9977,997 10129,107 5023,633
1,7920005 B 1658,8245 7922,034 10977,568 10610,531 8532,56 5826,939 S 4345,9946 8599,956 14521,403 9977,997 10129,107 5023,633
1,7920002 B 1658,8245 7922,034 10977,568 10610,531 8532,56 5826,939 S 4345,9946 8599,956 14521,403 9977,997 10129,107 5023,633
1,7920002 B 1658,8245 7922,034 10977,568 10610,531 8532,56 5826,939 S 4345,9946 8599,956 14521,403 9977,997 10129,107 5023,633
1,7919995 B 1658,8245 7922,034 10977,568 10610,531 8532,56 5826,939 S 4345,9946 8599,956 14521,403 9977,997 10129,107 5023,633
1,7920003 B 1658,8245 7922,034 10977,568 10610,531 8532,56 5826,939 S 4345,9946 8599,956 14521,403 9977,997 10129,107 5023,633
1,7919996 B 1658,8245 7922,034 10977,568 10610,531 8532,56 5826,939 S 4345,9946 8599,956 14521,403 9977,997 10129,107 5023,633
1,7915288 B 1658,8245 7922,034 10977,568 10610,531 8532,56 5826,939 S 4345,9946 8599,956 14521,403 9977,997 10129,107 5023,633
1,7900002 B 1658,8245 7922,034 10977,568 10610,531 8532,56 5826,939 S 4345,9946 8599,956 14521,403 9977,997 10129,107 5023,633
1,7895464 B 1658,8245 7922,034 10977,568 10610,531 8532,56 5826,939 S 4345,9946 8599,956 14521,403 9977,997 10129,107 5023,633
1,7889994 B 1658,8245 7922,034 10977,568 10610,531 8532,56 5826,939 S 4345,9946 8599,956 14521,403 9977,997 10129,107 5023,633
1,789 B 1658,8245 7922,034 10977,568 10610,531 8532,56 5826,939 S 4345,9946 8599,956 14521,403 9977,997 10129,107 5023,633
1,789 B 1658,8245 7922,034 10977,568 10610,531 8532,56 5826,939 S 4345,9946 8599,956 14521,403 9977,997 10129,107 5023,633
1,7893289 B 1658,8245 7922,034 10977,568 10610,531 8532,56 5826,939 S 4345,9946 8599,956 14521,403 9977,997 10129,107 5023,633
1,7882341 B 1658,8245 7922,034 10977,568 10610,531 8532,56 5826,939 S 4345,9946 8599,956 14521,403 9977,997 10129,107 5023,633
1,7852534 B 1658,8245 7922,034 10977,568 10610,531 8532,56 5826,939 S 4345,9946 8599,956 14521,403 9977,997 10129,107 5023,633
1,7833526 B 1658,8245 7922,034 10977,568 10610,531 8532,56 5826,939 S 4345,9946 8599,956 14521,403 9977,997 10129,107 5023,633
1,7839999 B 1658,8245 7922,034 10977,568 10610,531 8532,56 5826,939 S 4345,9946 8599,956 14521,403 9977,997 10129,107 5023,633
1,7840003 B 1658,8245 7922,034 10977,568 10610,531 8532,56 5826,939 S 4345,9946 8599,956 14521,403 9977,997 10129,107 5023,633
1,7840002 B 1658,8245 7922,034 10977,568 10610,531 8532,56 5826,939 S 4345,9946 8599,956 14521,403 9977,997 10129,107 5023,633
1,7840005 B 1658,8245 7922,034 10977,568 10610,531 8532,56 5826,939 S 4345,9946 8599,956 14521,403 9977,997 10129,107 5023,633
1,7840004 B 1658,8245 7922,034 10977,568 10610,531 8532,56 5826,939 S 4345,9946 8599,956 14521,403 9977,997 10129,107 5023,633
1,7839998 B 1658,8245 7922,034 10977,568 10610,531 8532,56 5826,939 S 4345,9946 8599,956 14521,403 9977,997 10129,107 5023,633
1,7840002 B 1658,8245 7922,034 10977,568 10610,531 8532,56 5826,939 S 4345,9946 8599,956 14521,403 9977,997 10129,107 5023,633
1,7840003 B 1658,8245 7922,034 10977,568 10610,531 8532,56 5826,939 S 4345,9946 8599,956 14521,403 9977,997 10129,107 5023,633
1,7840008 B 1658,8245 7922,034 10977,568 10610,531 8532,56 5826,939 S 4345,9946 8599,956 14521,403 9977,997 10129,107 5023,633
1,7840004 B 1658,8245 7922,034 10977,568 10610,531 8532,56 5826,939 S 4345,9946 8599,956 14521,403 9977,997 10129,107 5023,633
1,7823259 B 1658,8245 7922,034 10977,568 10610,531 8532,56 5826,939 S 4345,9946 8599,956 14521,403 9977,997 10129,107 5023,633
1,7810711 B 1658,8245 7922,034 10977,568 10610,531 8532,56 5826,939 S 4345,9946 8599,956 14521,403 9977,997 10129,107 5023,633
1,7789999 B 1658,8245 7922,034 10977,568 10610,531 8532,56 5826,939 S 4345,9946 8599,956 14521,403 9977,997 10129,107 5023,633
1,7789994 B 1658,8245 7922,034 10977,568 10610,531 8532,56 5826,939 S 4345,9946 8599,956 14521,403 9977,997 10129,107 5023,633
1,7789994 B 1658,8245 7922,034 10977,568 10610,531 8532,56 5826,939 S 4345,9946 8599,956 14521,403 9977,997 10129,107 5023,633
1,7790002 B 1658,8245 7922,034 10977,568 10610,531 8532,56 5826,939 S 4345,9946 8599,956 14521,403 9977,997 10129,107 5023,633
1,7768596 B 1658,8245 7922,034 10977,568 10610,531 8532,56 5826,939 S 4345,9946 8599,956 14521,403 9977,997 10129,107 5023,633
1,7756097 B 1658,8245 7922,034 10977,568 10610,531 8532,56 5826,939 S 4345,9946 8599,956 14521,403 9977,997 10129,107 5023,633
1,7749996 B 1658,8245 7922,034 10977,568 10610,531 8532,56 5826,939 S 4345,9946 8599,956 14521,403 9977,997 10129,107 5023,633
1,7779416 B 1658,8245 7922,034 10977,568 10610,531 8532,56 5826,939 S 4345,9946 8599,956 14521,403 9977,997 10129,107 5023,633
1,7789994 B 1658,8245 7922,034 10977,568 10610,531 8532,56 5826,939 S 4345,9946 8599,956 14521,403 9977,997 10129,107 5023,633
1,7787596 B 1658,8245 7922,034 10977,568 10610,531 8532,56 5826,939 S 4345,9946 8599,956 14521,403 9977,997 10129,107 5023,633
1,7771811 B 1658,8245 7922,034 10977,568 10610,531 8532,56 5826,939 S 4345,9946 8599,956 14521,403 9977,997 10129,107 5023,633
1,7770002 B 1658,8245 7922,034 10977,568 10610,531 8532,56 5826,939 S 4345,9946 8599,956 14521,403 9977,997 10129,107 5023,633
1,7770003 B 1658,8245 7922,034 10977,568 10610,531 8532,56 5826,939 S 4345,9946 8599,956 14521,403 9977,997 10129,107 5023,633
1,7772914 B 1658,8245 7922,034 10977,568 10610,531 8532,56 5826,939 S 4345,9946 8599,956 14521,403 9977,997 10129,107 5023,633
1,7808317 B 1658,8245 7922,034 10977,568 10610,531 8532,56 5826,939 S 4345,9946 8599,956 14521,403 9977,997 10129,107 5023,633
1,7817355 B 1658,8245 7922,034 10977,568 10610,531 8532,56 5826,939 S 4345,9946 8599,956 14521,403 9977,997 10129,107 5023,633
1,7820003 B 1658,8245 7922,034 10977,568 10610,531 8532,56 5826,939 S 4345,9946 8599,956 14521,403 9977,997 10129,107 5023,633
1,7822154 B 1658,8245 7922,034 10977,568 10610,531 8532,56 5826,939 S 4345,9946 8599,956 14521,403 9977,997 10129,107 5023,633
1,7829999 B 1658,8245 7922,034 10977,568 10610,531 8532,56 5826,939 S 4345,9946 8599,956 14521,403 9977,997 10129,107 5023,633
1,7829996 B 1658,8245 7922,034 10977,568 10610,531 8532,56 5826,939 S 4345,9946 8599,956 14521,403 9977,997 10129,107 5023,633
1,783347 B 1658,8245 7922,034 10977,568 10610,531 8532,56 5826,939 S 4345,9946 8599,956 14521,403 9977,997 10129,107 5023,633
1,7840004 B 1658,8245 7922,034 10977,568 10610,531 8532,56 5826,939 S 4345,9946 8599,956 14521,403 9977,997 10129,107 5023,633
1,7844138 B 1658,8245 7922,034 10977,568 10610,531 8532,56 5826,939 S 4345,9946 8599,956 14521,403 9977,997 10129,107 5023,633
1,7850002 B 1658,8245 7922,034 10977,568 10610,531 8532,56 5826,939 S 4345,9946 8599,956 14521,403 9977,997 10129,107 5023,633
1,7849998 B 1658,8245 7922,034 10977,568 10610,531 8532,56 5826,939 S 4345,9946 8599,956 14521,403 9977,997 10129,107 5023,633
1,785 B 1658,8245 7922,034 10977,568 10610,531 8532,56 5826,939 S 4345,9946 8599,956 14521,403 9977,997 10129,107 5023,633
1,7844789 B 1658,8245 7922,034 10977,568 10610,531 8532,56 5826,939 S 4345,9946 8599,956 14521,403 9977,997 10129,107 5023,633
1,7840003 B 1658,8245 7922,034 10977,568 10610,531 8532,56 5826,939 S 4345,9946 8599,956 14521,403 9977,997 10129,107 5023,633
1,7840004 B 1658,8245 7922,034 10977,568 10610,531 8532,56 5826,939 S 4345,9946 8599,956 14521,403 9977,997 10129,107 5023,633
1,7840008 B 1658,8245 7922,034 10977,568 10610,531 8532,56 5826,939 S 4345,9946 8599,956 14521,403 9977,997 10129,107 5023,633
1,7840002 B 1658,8245 7922,034 10977,568 10610,531 8532,56 5826,939 S 4345,9946 8599,956 14521,403 9977,997 10129,107 5023,633
1,7840124 B 1658,8245 7922,034 10977,568 10610,531 8532,56 5826,939 S 4345,9946 8599,956 14521,403 9977,997 10129,107 5023,633
1,7850006 B 1658,8245 7922,034 10977,568 10610,531 8532,56 5826,939 S 4345,9946 8599,956 14521,403 9977,997 10129,107 5023,633
1,7849444 B 1658,8245 7922,034 10977,568 10610,531 8532,56 5826,939 S 4345,9946 8599,956 14521,403 9977,997 10129,107 5023,633
1,7830003 B 1658,8245 7922,034 10977,568 10610,531 8532,56 5826,939 S 4345,9946 8599,956 14521,403 9977,997 10129,107 5023,633
1,7830005 B 1658,8245 7922,034 10977,568 10610,531 8532,56 5826,939 S 4345,9946 8599,956 14521,403 9977,997 10129,107 5023,633
1,7830003 B 1658,8245 7922,034 10977,568 10610,531 8532,56 5826,939 S 4345,9946 8599,956 14521,403 9977,997 10129,107 5023,633
1,7823391 B 1658,8245 7922,034 10977,568 10610,531 8532,56 5826,939 S 4345,9946 8599,956 14521,403 9977,997 10129,107 5023,633
1,7813697 B 1658,8245 7922,034 10977,568 10610,531 8532,56 5826,939 S 4345,9946 8599,956 14521,403 9977,997 10129,107 5023,633
1,782 B 1658,8245 7922,034 10977,568 10610,531 8532,56 5826,939 S 4345,9946 8599,956 14521,403 9977,997 10129,107 5023,633
1,7819998 B 1658,8245 7922,034 10977,568 10610,531 8532,56 5826,939 S 4345,9946 8599,956 14521,403 9977,997 10129,107 5023,633
1,7815229 B 1658,8245 7922,034 10977,568 10610,531 8532,56 5826,939 S 4345,9946 8599,956 14521,403 9977,997 10129,107 5023,633
1,7819996 B 1658,8245 7922,034 10977,568 10610,531 8532,56 5826,939 S 4345,9946 8599,956 14521,403 9977,997 10129,107 5023,633
1,7819992 B 1658,8245 7922,034 10977,568 10610,531 8532,56 5826,939 S 4345,9946 8599,956 14521,403 9977,997 10129,107 5023,633
1,7820001 B 1658,8245 7922,034 10977,568 10610,531 8532,56 5826,939 S 4345,9946 8599,956 14521,403 9977,997 10129,107 5023,633
1,7820004 B 1658,8245 7922,034 10977,568 10610,531 8532,56 5826,939 S 4345,9946 8599,956 14521,403 9977,997 10129,107 5023,633
1,782 B 1658,8245 7922,034 10977,568 10610,531 8532,56 5826,939 S 4345,9946 8599,956 14521,403 9977,997 10129,107 5023,633
1,7819998 B 1658,8245 7922,034 10977,568 10610,531 8532,56 5826,939 S 4345,9946 8599,956 14521,403 9977,997 10129,107 5023,633
1,782 B 1658,8245 7922,034 10977,568 10610,531 8532,56 5826,939 S 4345,9946 8599,956 14521,403 9977,997 10129,107 5023,633
1,7819997 B 1658,8245 7922,034 10977,568 10610,531 8532,56 5826,939 S 4345,9946 8599,956 14521,403 9977,997 10129,107 5023,633
1,7819995 B 1658,8245 7922,034 10977,568 10610,531 8532,56 5826,939 S 4345,9946 8599,956 14521,403 9977,997 10129,107 5023,633
1,7804716 B 1658,8245 7922,034 10977,568 10610,531 8532,56 5826,939 S 4345,9946 8599,956 14521,403 9977,997 10129,107 5023,633
1,7799999 B 1658,8245 7922,034 10977,568 10610,531 8532,56 5826,939 S 4345,9946 8599,956 14521,403 9977,997 10129,107 5023,633
1,7806574 B 1658,8245 7922,034 10977,568 10610,531 8532,56 5826,939 S 4345,9946 8599,956 14521,403 9977,997 10129,107 5023,633
1,781 B 1658,8245 7922,034 10977,568 10610,531 8532,56 5826,939 S 4345,9946 8599,956 14521,403 9977,997 10129,107 5023,633
1,7808583 B 1658,8245 7922,034 10977,568 10610,531 8532,56 5826,939 S 4345,9946 8599,956 14521,403 9977,997 10129,107 5023,633
1,773861 B 1658,8245 7922,034 10977,568 10610,531 8532,56 5826,939 S 4345,9946 8599,956 14521,403 9977,997 10129,107 5023,633
1,764776 B 1658,8245 7922,034 10977,568 10610,531 8532,56 5826,939 S 4345,9946 8599,956 14521,403 9977,997 10129,107 5023,633
1,770922 B 1658,8245 7922,034 10977,568 10610,531 8532,56 5826,939 S 4345,9946 8599,956 14521,403 9977,997 10129,107 5023,633
1,7765504 B 1658,8245 7922,034 10977,568 10610,531 8532,56 5826,939 S 4345,9946 8599,956 14521,403 9977,997 10129,107 5023,633
1,7806562 B 1658,8245 7922,034 10977,568 10610,531 8532,56 5826,939 S 4345,9946 8599,956 14521,403 9977,997 10129,107 5023,633
1,7806252 B 1658,8245 7922,034 10977,568 10610,531 8532,56 5826,939 S 4345,9946 8599,956 14521,403 9977,997 10129,107 5023,633
1,7796925 B 1658,8245 7922,034 10977,568 10610,531 8532,56 5826,939 S 4345,9946 8599,956 14521,403 9977,997 10129,107 5023,633
1,7817978 B 1658,8245 7922,034 10977,568 10610,531 8532,56 5826,939 S 4345,9946 8599,956 14521,403 9977,997 10129,107 5023,633
1,7855712 B 1658,8245 7922,034 10977,568 10610,531 8532,56 5826,939 S 4345,9946 8599,956 14521,403 9977,997 10129,107 5023,633
1,7815398 B 1658,8245 7922,034 10977,568 10610,531 8532,56 5826,939 S 4345,9946 8599,956 14521,403 9977,997 10129,107 5023,633
1,7809998 B 1658,8245 7922,034 10977,568 10610,531 8532,56 5826,939 S 4345,9946 8599,956 14521,403 9977,997 10129,107 5023,633
1,7802291 B 1658,8245 7922,034 10977,568 10610,531 8532,56 5826,939 S 4345,9946 8599,956 14521,403 9977,997 10129,107 5023,633
1,7815491 B 1658,8245 7922,034 10977,568 10610,531 8532,56 5826,939 S 4345,9946 8599,956 14521,403 9977,997 10129,107 5023,633
1,7842153 B 1658,8245 7922,034 10977,568 10610,531 8532,56 5826,939 S 4345,9946 8599,956 14521,403 9977,997 10129,107 5023,633
1,7844863 B 1658,8245 7922,034 10977,568 10610,531 8532,56 5826,939 S 4345,9946 8599,956 14521,403 9977,997 10129,107 5023,633
1,7854083 B 1658,8245 7922,034 10977,568 10610,531 8532,56 5826,939 S 4345,9946 8599,956 14521,403 9977,997 10129,107 5023,633
1,786 B 1658,8245 7922,034 10977,568 10610,531 8532,56 5826,939 S 4345,9946 8599,956 14521,403 9977,997 10129,107 5023,633
1,7859999 B 1658,8245 7922,034 10977,568 10610,531 8532,56 5826,939 S 4345,9946 8599,956 14521,403 9977,997 10129,107 5023,633
1,7865573 B 1658,8245 7922,034 10977,568 10610,531 8532,56 5826,939 S 4345,9946 8599,956 14521,403 9977,997 10129,107 5023,633
1,7871972 B 1658,8245 7922,034 10977,568 10610,531 8532,56 5826,939 S 4345,9946 8599,956 14521,403 9977,997 10129,107 5023,633
1,7869998 B 1658,8245 7922,034 10977,568 10610,531 8532,56 5826,939 S 4345,9946 8599,956 14521,403 9977,997 10129,107 5023,633
1,787 B 1658,8245 7922,034 10977,568 10610,531 8532,56 5826,939 S 4345,9946 8599,956 14521,403 9977,997 10129,107 5023,633
1,7879769 B 1658,8245 7922,034 10977,568 10610,531 8532,56 5826,939 S 4345,9946 8599,956 14521,403 9977,997 10129,107 5023,633
1,788 B 1658,8245 7922,034 10977,568 10610,531 8532,56 5826,939 S 4345,9946 8599,956 14521,403 9977,997 10129,107 5023,633
1,7879997 B 1658,8245 7922,034 10977,568 10610,531 8532,56 5826,939 S 4345,9946 8599,956 14521,403 9977,997 10129,107 5023,633
1,7879999 B 1658,8245 7922,034 10977,568 10610,531 8532,56 5826,939 S 4345,9946 8599,956 14521,403 9977,997 10129,107 5023,633
1,788 B 1658,8245 7922,034 10977,568 10610,531 8532,56 5826,939 S 4345,9946 8599,956 14521,403 9977,997 10129,107 5023,633
1,7886935 B 1658,8245 7922,034 10977,568 10610,531 8532,56 5826,939 S 4345,9946 8599,956 14521,403 9977,997 10129,107 5023,633
1,792999 B 1658,8245 7922,034 10977,568 10610,531 8532,56 5826,939 S 4345,9946 8599,956 14521,403 9977,997 10129,107 5023,633
1,793 B 1658,8245 7922,034 10977,568 10610,531 8532,56 5826,939 S 4345,9946 8599,956 14521,403 9977,997 10129,107 5023,633
1,7929997 B 1658,8245 7922,034 10977,568 10610,531 8532,56 5826,939 S 4345,9946 8599,956 14521,403 9977,997 10129,107 5023,633
1,7930005 B 1658,8245 7922,034 10977,568 10610,531 8532,56 5826,939 S 4345,9946 8599,956 14521,403 9977,997 10129,107 5023,633
1,7929996 B 1658,8245 7922,034 10977,568 10610,531 8532,56 5826,939 S 4345,9946 8599,956 14521,403 9977,997 10129,107 5023,633
1,7882464 B 1658,8245 7922,034 10977,568 10610,531 8532,56 5826,939 S 4345,9946 8599,956 14521,403 9977,997 10129,107 5023,633
1,7886658 B 1658,8245 7922,034 10977,568 10610,531 8532,56 5826,939 S 4345,9946 8599,956 14521,403 9977,997 10129,107 5023,633
1,7890003 B 1658,8245 7922,034 10977,568 10610,531 8532,56 5826,939 S 4345,9946 8599,956 14521,403 9977,997 10129,107 5023,633
1,7890003 B 1658,8245 7922,034 10977,568 10610,531 8532,56 5826,939 S 4345,9946 8599,956 14521,403 9977,997 10129,107 5023,633
1,7889994 B 1658,8245 7922,034 10977,568 10610,531 8532,56 5826,939 S 4345,9946 8599,956 14521,403 9977,997 10129,107 5023,633
1,7889999 B 1658,8245 7922,034 10977,568 10610,531 8532,56 5826,939 S 4345,9946 8599,956 14521,403 9977,997 10129,107 5023,633
1,7905247 B 1658,8245 7922,034 10977,568 10610,531 8532,56 5826,939 S 4345,9946 8599,956 14521,403 9977,997 10129,107 5023,633
1,7922957 B 1658,8245 7922,034 10977,568 10610,531 8532,56 5826,939 S 4345,9946 8599,956 14521,403 9977,997 10129,107 5023,633
1,7930005 B 1658,8245 7922,034 10977,568 10610,531 8532,56 5826,939 S 4345,9946 8599,956 14521,403 9977,997 10129,107 5023,633
1,7938207 B 1658,8245 7922,034 10977,568 10610,531 8532,56 5826,939 S 4345,9946 8599,956 14521,403 9977,997 10129,107 5023,633
1,7945817 B 1658,8245 7922,034 10977,568 10610,531 8532,56 5826,939 S 4345,9946 8599,956 14521,403 9977,997 10129,107 5023,633
1,7950001 B 1658,8245 7922,034 10977,568 10610,531 8532,56 5826,939 S 4345,9946 8599,956 14521,403 9977,997 10129,107 5023,633
1,7950004 B 1658,8245 7922,034 10977,568 10610,531 8532,56 5826,939 S 4345,9946 8599,956 14521,403 9977,997 10129,107 5023,633
1,7949998 B 1658,8245 7922,034 10977,568 10610,531 8532,56 5826,939 S 4345,9946 8599,956 14521,403 9977,997 10129,107 5023,633
1,7955462 B 1658,8245 7922,034 10977,568 10610,531 8532,56 5826,939 S 4345,9946 8599,956 14521,403 9977,997 10129,107 5023,633
1,7950002 B 1658,8245 7922,034 10977,568 10610,531 8532,56 5826,939 S 4345,9946 8599,956 14521,403 9977,997 10129,107 5023,633
1,7949996 B 1658,8245 7922,034 10977,568 10610,531 8532,56 5826,939 S 4345,9946 8599,956 14521,403 9977,997 10129,107 5023,633
1,795437 B 1658,8245 7922,034 10977,568 10610,531 8532,56 5826,939 S 4345,9946 8599,956 14521,403 9977,997 10129,107 5023,633
1,7953284 B 1658,8245 7922,034 10977,568 10610,531 8532,56 5826,939 S 4345,9946 8599,956 14521,403 9977,997 10129,107 5023,633
1,795 B 1658,8245 7922,034 10977,568 10610,531 8532,56 5826,939 S 4345,9946 8599,956 14521,403 9977,997 10129,107 5023,633
1,7952478 B 1658,8245 7922,034 10977,568 10610,531 8532,56 5826,939 S 4345,9946 8599,956 14521,403 9977,997 10129,107 5023,633
1,797 B 1658,8245 7922,034 10977,568 10610,531 8532,56 5826,939 S 4345,9946 8599,956 14521,403 9977,997 10129,107 5023,633
1,7970004 B 1658,8245 7922,034 10977,568 10610,531 8532,56 5826,939 S 4345,9946 8599,956 14521,403 9977,997 10129,107 5023,633
1,7970003 B 1658,8245 7922,034 10977,568 10610,531 8532,56 5826,939 S 4345,9946 8599,956 14521,403 9977,997 10129,107 5023,633
1,7970005 B 1658,8245 7922,034 10977,568 10610,531 8532,56 5826,939 S 4345,9946 8599,956 14521,403 9977,997 10129,107 5023,633
1,797012 B 1658,8245 7922,034 10977,568 10610,531 8532,56 5826,939 S 4345,9946 8599,956 14521,403 9977,997 10129,107 5023,633
1,7985225 B 1658,8245 7922,034 10977,568 10610,531 8532,56 5826,939 S 4345,9946 8599,956 14521,403 9977,997 10129,107 5023,633
1,7996986 B 1658,8245 7922,034 10977,568 10610,531 8532,56 5826,939 S 4345,9946 8599,956 14521,403 9977,997 10129,107 5023,633
1,8009915 B 1658,8245 7922,034 10977,568 10610,531 8532,56 5826,939 S 4345,9946 8599,956 14521,403 9977,997 10129,107 5023,633
1,8013085 B 1658,8245 7922,034 10977,568 10610,531 8532,56 5826,939 S 4345,9946 8599,956 14521,403 9977,997 10129,107 5023,633
1,8010001 B 1658,8245 7922,034 10977,568 10610,531 8532,56 5826,939 S 4345,9946 8599,956 14521,403 9977,997 10129,107 5023,633
1,800913 B 1658,8245 7922,034 10977,568 10610,531 8532,56 5826,939 S 4345,9946 8599,956 14521,403 9977,997 10129,107 5023,633
1,7999996 B 1658,8245 7922,034 10977,568 10610,531 8532,56 5826,939 S 4345,9946 8599,956 14521,403 9977,997 10129,107 5023,633
1,7995094 B 1658,8245 7922,034 10977,568 10610,531 8532,56 5826,939 S 4345,9946 8599,956 14521,403 9977,997 10129,107 5023,633
1,7990003 B 1658,8245 7922,034 10977,568 10610,531 8532,56 5826,939 S 4345,9946 8599,956 14521,403 9977,997 10129,107 5023,633
1,7990004 B 1658,8245 7922,034 10977,568 10610,531 8532,56 5826,939 S 4345,9946 8599,956 14521,403 9977,997 10129,107 5023,633
1,7989998 B 1658,8245 7922,034 10977,568 10610,531 8532,56 5826,939 S 4345,9946 8599,956 14521,403 9977,997 10129,107 5023,633
1,7990004 B 1658,8245 7922,034 10977,568 10610,531 8532,56 5826,939 S 4345,9946 8599,956 14521,403 9977,997 10129,107 5023,633
1,7989995 B 1658,8245 7922,034 10977,568 10610,531 8532,56 5826,939 S 4345,9946 8599,956 14521,403 9977,997 10129,107 5023,633
1,7989995 B 1658,8245 7922,034 10977,568 10610,531 8532,56 5826,939 S 4345,9946 8599,956 14521,403 9977,997 10129,107 5023,633
1,800405 B 1658,8245 7922,034 10977,568 10610,531 8532,56 5826,939 S 4345,9946 8599,956 14521,403 9977,997 10129,107 5023,633
1,8010004 B 1658,8245 7922,034 10977,568 10610,531 8532,56 5826,939 S 4345,9946 8599,956 14521,403 9977,997 10129,107 5023,633
1,8010005 B 1658,8245 7922,034 10977,568 10610,531 8532,56 5826,939 S 4345,9946 8599,956 14521,403 9977,997 10129,107 5023,633
1,8016044 B 1658,8245 7922,034 10977,568 10610,531 8532,56 5826,939 S 4345,9946 8599,956 14521,403 9977,997 10129,107 5023,633
1,8019996 B 1658,8245 7922,034 10977,568 10610,531 8532,56 5826,939 S 4345,9946 8599,956 14521,403 9977,997 10129,107 5023,633
1,8013594 B 1658,8245 7922,034 10977,568 10610,531 8532,56 5826,939 S 4345,9946 8599,956 14521,403 9977,997 10129,107 5023,633
1,801 B 1658,8245 7922,034 10977,568 10610,531 8532,56 5826,939 S 4345,9946 8599,956 14521,403 9977,997 10129,107 5023,633
1,8010001 B 1658,8245 7922,034 10977,568 10610,531 8532,56 5826,939 S 4345,9946 8599,956 14521,403 9977,997 10129,107 5023,633
1,8010006 B 1658,8245 7922,034 10977,568 10610,531 8532,56 5826,939 S 4345,9946 8599,956 14521,403 9977,997 10129,107 5023,633
1,8001848 B 1658,8245 7922,034 10977,568 10610,531 8532,56 5826,939 S 4345,9946 8599,956 14521,403 9977,997 10129,107 5023,633
1,8000007 B 1658,8245 7922,034 10977,568 10610,531 8532,56 5826,939 S 4345,9946 8599,956 14521,403 9977,997 10129,107 5023,633
1,8000001 B 1658,8245 7922,034 10977,568 10610,531 8532,56 5826,939 S 4345,9946 8599,956 14521,403 9977,997 10129,107 5023,633
1,8022385 B 1658,8245 7922,034 10977,568 10610,531 8532,56 5826,939 S 4345,9946 8599,956 14521,403 9977,997 10129,107 5023,633
1,8032182 B 1658,8245 7922,034 10977,568 10610,531 8532,56 5826,939 S 4345,9946 8599,956 14521,403 9977,997 10129,107 5023,633
1,8039995 B 1658,8245 7922,034 10977,568 10610,531 8532,56 5826,939 S 4345,9946 8599,956 14521,403 9977,997 10129,107 5023,633
1,8039998 B 1658,8245 7922,034 10977,568 10610,531 8532,56 5826,939 S 4345,9946 8599,956 14521,403 9977,997 10129,107 5023,633
1,8040001 B 1658,8245 7922,034 10977,568 10610,531 8532,56 5826,939 S 4345,9946 8599,956 14521,403 9977,997 10129,107 5023,633
1,8040001 B 1658,8245 7922,034 10977,568 10610,531 8532,56 5826,939 S 4345,9946 8599,956 14521,403 9977,997 10129,107 5023,633
1,8030838 B 1658,8245 7922,034 10977,568 10610,531 8532,56 5826,939 S 4345,9946 8599,956 14521,403 9977,997 10129,107 5023,633
1,8043983 B 1658,8245 7922,034 10977,568 10610,531 8532,56 5826,939 S 4345,9946 8599,956 14521,403 9977,997 10129,107 5023,633
1,8050002 B 1658,8245 7922,034 10977,568 10610,531 8532,56 5826,939 S 4345,9946 8599,956 14521,403 9977,997 10129,107 5023,633
1,8055917 B 1658,8245 7922,034 10977,568 10610,531 8532,56 5826,939 S 4345,9946 8599,956 14521,403 9977,997 10129,107 5023,633
1,8059998 B 1658,8245 7922,034 10977,568 10610,531 8532,56 5826,939 S 4345,9946 8599,956 14521,403 9977,997 10129,107 5023,633
1,806 B 1658,8245 7922,034 10977,568 10610,531 8532,56 5826,939 S 4345,9946 8599,956 14521,403 9977,997 10129,107 5023,633
1,8059999 B 1658,8245 7922,034 10977,568 10610,531 8532,56 5826,939 S 4345,9946 8599,956 14521,403 9977,997 10129,107 5023,633
1,8060002 B 1658,8245 7922,034 10977,568 10610,531 8532,56 5826,939 S 4345,9946 8599,956 14521,403 9977,997 10129,107 5023,633
1,8059996 B 1658,8245 7922,034 10977,568 10610,531 8532,56 5826,939 S 4345,9946 8599,956 14521,403 9977,997 10129,107 5023,633
1,8060005 B 1658,8245 7922,034 10977,568 10610,531 8532,56 5826,939 S 4345,9946 8599,956 14521,403 9977,997 10129,107 5023,633
1,8073639 B 1658,8245 7922,034 10977,568 10610,531 8532,56 5826,939 S 4345,9946 8599,956 14521,403 9977,997 10129,107 5023,633
1,8079998 B 1658,8245 7922,034 10977,568 10610,531 8532,56 5826,939 S 4345,9946 8599,956 14521,403 9977,997 10129,107 5023,633
1,8089365 B 1658,8245 7922,034 10977,568 10610,531 8532,56 5826,939 S 4345,9946 8599,956 14521,403 9977,997 10129,107 5023,633
1,8082947 B 1658,8245 7922,034 10977,568 10610,531 8532,56 5826,939 S 4345,9946 8599,956 14521,403 9977,997 10129,107 5023,633
1,8085656 B 1658,8245 7922,034 10977,568 10610,531 8532,56 5826,939 S 4345,9946 8599,956 14521,403 9977,997 10129,107 5023,633
1,8080002 B 1658,8245 7922,034 10977,568 10610,531 8532,56 5826,939 S 4345,9946 8599,956 14521,403 9977,997 10129,107 5023,633
1,8080001 B 1658,8245 7922,034 10977,568 10610,531 8532,56 5826,939 S 4345,9946 8599,956 14521,403 9977,997 10129,107 5023,633
1,8079827 B 1658,8245 7922,034 10977,568 10610,531 8532,56 5826,939 S 4345,9946 8599,956 14521,403 9977,997 10129,107 5023,633
1,8039995 B 1658,8245 7922,034 10977,568 10610,531 8532,56 5826,939 S 4345,9946 8599,956 14521,403 9977,997 10129,107 5023,633
1,8040006 B 1658,8245 7922,034 10977,568 10610,531 8532,56 5826,939 S 4345,9946 8599,956 14521,403 9977,997 10129,107 5023,633
1,8040001 B 1658,8245 7922,034 10977,568 10610,531 8532,56 5826,939 S 4345,9946 8599,956 14521,403 9977,997 10129,107 5023,633
1,804 B 1658,8245 7922,034 10977,568 10610,531 8532,56 5826,939 S 4345,9946 8599,956 14521,403 9977,997 10129,107 5023,633
1,8040001 B 1658,8245 7922,034 10977,568 10610,531 8532,56 5826,939 S 4345,9946 8599,956 14521,403 9977,997 10129,107 5023,633
1,8039997 B 1658,8245 7922,034 10977,568 10610,531 8532,56 5826,939 S 4345,9946 8599,956 14521,403 9977,997 10129,107 5023,633
1,8040004 B 1658,8245 7922,034 10977,568 10610,531 8532,56 5826,939 S 4345,9946 8599,956 14521,403 9977,997 10129,107 5023,633
1,804 B 1658,8245 7922,034 10977,568 10610,531 8532,56 5826,939 S 4345,9946 8599,956 14521,403 9977,997 10129,107 5023,633
1,8027999 B 1658,8245 7922,034 10977,568 10610,531 8532,56 5826,939 S 4345,9946 8599,956 14521,403 9977,997 10129,107 5023,633
1,801 B 1658,8245 7922,034 10977,568 10610,531 8532,56 5826,939 S 4345,9946 8599,956 14521,403 9977,997 10129,107 5023,633
1,8010004 B 1658,8245 7922,034 10977,568 10610,531 8532,56 5826,939 S 4345,9946 8599,956 14521,403 9977,997 10129,107 5023,633
1,8009998 B 1658,8245 7922,034 10977,568 10610,531 8532,56 5826,939 S 4345,9946 8599,956 14521,403 9977,997 10129,107 5023,633
1,801 B 1658,8245 7922,034 10977,568 10610,531 8532,56 5826,939 S 4345,9946 8599,956 14521,403 9977,997 10129,107 5023,633
1,8010004 B 1658,8245 7922,034 10977,568 10610,531 8532,56 5826,939 S 4345,9946 8599,956 14521,403 9977,997 10129,107 5023,633
1,8010002 B 1658,8245 7922,034 10977,568 10610,531 8532,56 5826,939 S 4345,9946 8599,956 14521,403 9977,997 10129,107 5023,633
1,8028153 B 1658,8245 7922,034 10977,568 10610,531 8532,56 5826,939 S 4345,9946 8599,956 14521,403 9977,997 10129,107 5023,633
1,804 B 1658,8245 7922,034 10977,568 10610,531 8532,56 5826,939 S 4345,9946 8599,956 14521,403 9977,997 10129,107 5023,633
1,8040005 B 1658,8245 7922,034 10977,568 10610,531 8532,56 5826,939 S 4345,9946 8599,956 14521,403 9977,997 10129,107 5023,633
1,8039998 B 1658,8245 7922,034 10977,568 10610,531 8532,56 5826,939 S 4345,9946 8599,956 14521,403 9977,997 10129,107 5023,633
1,8040001 B 1658,8245 7922,034 10977,568 10610,531 8532,56 5826,939 S 4345,9946 8599,956 14521,403 9977,997 10129,107 5023,633
1,8040001 B 1658,8245 7922,034 10977,568 10610,531 8532,56 5826,939 S 4345,9946 8599,956 14521,403 9977,997 10129,107 5023,633
1,8039995 B 1658,8245 7922,034 10977,568 10610,531 8532,56 5826,939 S 4345,9946 8599,956 14521,403 9977,997 10129,107 5023,633
1,8040005 B 1658,8245 7922,034 10977,568 10610,531 8532,56 5826,939 S 4345,9946 8599,956 14521,403 9977,997 10129,107 5023,633
1,8040004 B 1658,8245 7922,034 10977,568 10610,531 8532,56 5826,939 S 4345,9946 8599,956 14521,403 9977,997 10129,107 5023,633
1,8040004 B 1658,8245 7922,034 10977,568 10610,531 8532,56 5826,939 S 4345,9946 8599,956 14521,403 9977,997 10129,107 5023,633
1,8039998 B 1658,8245 7922,034 10977,568 10610,531 8532,56 5826,939 S 4345,9946 8599,956 14521,403 9977,997 10129,107 5023,633
1,804 B 1658,8245 7922,034 10977,568 10610,531 8532,56 5826,939 S 4345,9946 8599,956 14521,403 9977,997 10129,107 5023,633
1,8040003 B 1658,8245 7922,034 10977,568 10610,531 8532,56 5826,939 S 4345,9946 8599,956 14521,403 9977,997 10129,107 5023,633
1,8075675 B 1658,8245 7922,034 10977,568 10610,531 8532,56 5826,939 S 4345,9946 8599,956 14521,403 9977,997 10129,107 5023,633
