1,7837201
1,7700006 B 8589,01 21304,443 16100,502 5284,9463 7257,0728 6678,6465 S 1922,5432 7173,4097 11422,931 4731,498 15828,84 1690,1503
1,7712455 B 8589,01 21304,443 16100,502 5284,9463 7257,0728 6678,6465 S 1922,5432 7173,4097 11422,931 4731,498 15828,84 1690,1503
1,7719998 B 8589,01 21304,443 16100,502 5284,9463 7257,0728 6678,6465 S 1922,5432 7173,4097 11422,931 4731,498 15828,84 1690,1503
1,772 B 8589,01 21304,443 16100,502 5284,9463 7257,0728 6678,6465 S 1922,5432 7173,4097 11422,931 4731,498 15828,84 1690,1503
1,772 B 8589,01 21304,443 16100,502 5284,9463 7257,0728 6678,6465 S 1922,5432 7173,4097 11422,931 4731,498 15828,84 1690,1503
1,7719997 B 8589,01 21304,443 16100,502 5284,9463 7257,0728 6678,6465 S 1922,5432 7173,4097 11422,931 4731,498 15828,84 1690,1503
1,7720007 B 8589,01 21304,443 16100,502 5284,9463 7257,0728 6678,6465 S 1922,5432 7173,4097 11422,931 4731,498 15828,84 1690,1503
1,7728126 B 8589,01 21304,443 16100,502 5284,9463 7257,0728 6678,6465 S 1922,5432 7173,4097 11422,931 4731,498 15828,84 1690,1503
1,7730004 B 8589,01 21304,443 16100,502 5284,9463 7257,0728 6678,6465 S 1922,5432 7173,4097 11422,931 4731,498 15828,84 1690,1503
1,773 B 8589,01 21304,443 16100,502 5284,9463 7257,0728 6678,6465 S 1922,5432 7173,4097 11422,931 4731,498 15828,84 1690,1503
1,773 B 8589,01 21304,443 16100,502 5284,9463 7257,0728 6678,6465 S 1922,5432 7173,4097 11422,931 4731,498 15828,84 1690,1503
1,7730004 B 8589,01 21304,443 16100,502 5284,9463 7257,0728 6678,6465 S 1922,5432 7173,4097 11422,931 4731,498 15828,84 1690,1503
1,7730006 B 8589,01 21304,443 16100,502 5284,9463 7257,0728 6678,6465 S 1922,5432 7173,4097 11422,931 4731,498 15828,84 1690,1503
1,7730006 B 8589,01 21304,443 16100,502 5284,9463 7257,0728 6678,6465 S 1922,5432 7173,4097 11422,931 4731,498 15828,84 1690,1503
1,7728028 B 8589,01 21304,443 16100,502 5284,9463 7257,0728 6678,6465 S 1922,5432 7173,4097 11422,931 4731,498 15828,84 1690,1503
1,7730002 B 8589,01 21304,443 16100,502 5284,9463 7257,0728 6678,6465 S 1922,5432 7173,4097 11422,931 4731,498 15828,84 1690,1503
1,773 B 8589,01 21304,443 16100,502 5284,9463 7257,0728 6678,6465 S 1922,5432 7173,4097 11422,931 4731,498 15828,84 1690,1503
1,7730006 B 8589,01 21304,443 16100,502 5284,9463 7257,0728 6678,6465 S 1922,5432 7173,4097 11422,931 4731,498 15828,84 1690,1503
1,7730004 B 8589,01 21304,443 16100,502 5284,9463 7257,0728 6678,6465 S 1922,5432 7173,4097 11422,931 4731,498 15828,84 1690,1503
1,772454 B 8589,01 21304,443 16100,502 5284,9463 7257,0728 6678,6465 S 1922,5432 7173,4097 11422,931 4731,498 15828,84 1690,1503
1,7712963 B 8589,01 21304,443 16100,502 5284,9463 7257,0728 6678,6465 S 1922,5432 7173,4097 11422,931 4731,498 15828,84 1690,1503
1,7730001 B 8589,01 21304,443 16100,502 5284,9463 7257,0728 6678,6465 S 1922,5432 7173,4097 11422,931 4731,498 15828,84 1690,1503
1,7724472 B 8589,01 21304,443 16100,502 5284,9463 7257,0728 6678,6465 S 1922,5432 7173,4097 11422,931 4731,498 15828,84 1690,1503
1,7720002 B 8589,01 21304,443 16100,502 5284,9463 7257,0728 6678,6465 S 1922,5432 7173,4097 11422,931 4731,498 15828,84 1690,1503
1,772 B 8589,01 21304,443 16100,502 5284,9463 7257,0728 6678,6465 S 1922,5432 7173,4097 11422,931 4731,498 15828,84 1690,1503
1,7720004 B 8589,01 21304,443 16100,502 5284,9463 7257,0728 6678,6465 S 1922,5432 7173,4097 11422,931 4731,498 15828,84 1690,1503
1,7719995 B 8589,01 21304,443 16100,502 5284,9463 7257,0728 6678,6465 S 1922,5432 7173,4097 11422,931 4731,498 15828,84 1690,1503
1,7724622 B 8589,01 21304,443 16100,502 5284,9463 7257,0728 6678,6465 S 1922,5432 7173,4097 11422,931 4731,498 15828,84 1690,1503
1,7740003 B 8589,01 21304,443 16100,502 5284,9463 7257,0728 6678,6465 S 1922,5432 7173,4097 11422,931 4731,498 15828,84 1690,1503
1,7740005 B 8589,01 21304,443 16100,502 5284,9463 7257,0728 6678,6465 S 1922,5432 7173,4097 11422,931 4731,498 15828,84 1690,1503
1,7740004 B 8589,01 21304,443 16100,502 5284,9463 7257,0728 6678,6465 S 1922,5432 7173,4097 11422,931 4731,498 15828,84 1690,1503
1,7739995 B 8589,01 21304,443 16100,502 5284,9463 7257,0728 6678,6465 S 1922,5432 7173,4097 11422,931 4731,498 15828,84 1690,1503
1,7739998 B 8589,01 21304,443 16100,502 5284,9463 7257,0728 6678,6465 S 1922,5432 7173,4097 11422,931 4731,498 15828,84 1690,1503
1,7739997 B 8589,01 21304,443 16100,502 5284,9463 7257,0728 6678,6465 S 1922,5432 7173,4097 11422,931 4731,498 15828,84 1690,1503
1,7737582 B 8589,01 21304,443 16100,502 5284,9463 7257,0728 6678,6465 S 1922,5432 7173,4097 11422,931 4731,498 15828,84 1690,1503
1,771 B 8589,01 21304,443 16100,502 5284,9463 7257,0728 6678,6465 S 1922,5432 7173,4097 11422,931 4731,498 15828,84 1690,1503
1,7709998 B 8589,01 21304,443 16100,502 5284,9463 7257,0728 6678,6465 S 1922,5432 7173,4097 11422,931 4731,498 15828,84 1690,1503
1,7709997 B 8589,01 21304,443 16100,502 5284,9463 7257,0728 6678,6465 S 1922,5432 7173,4097 11422,931 4731,498 15828,84 1690,1503
1,7710001 B 8589,01 21304,443 16100,502 5284,9463 7257,0728 6678,6465 S 1922,5432 7173,4097 11422,931 4731,498 15828,84 1690,1503
1,7709999 B 8589,01 21304,443 16100,502 5284,9463 7257,0728 6678,6465 S 1922,5432 7173,4097 11422,931 4731,498 15828,84 1690,1503
1,7710001 B 8589,01 21304,443 16100,502 5284,9463 7257,0728 6678,6465 S 1922,5432 7173,4097 11422,931 4731,498 15828,84 1690,1503
1,7710003 B 8589,01 21304,443 16100,502 5284,9463 7257,0728 6678,6465 S 1922,5432 7173,4097 11422,931 4731,498 15828,84 1690,1503
1,7709999 B 8589,01 21304,443 16100,502 5284,9463 7257,0728 6678,6465 S 1922,5432 7173,4097 11422,931 4731,498 15828,84 1690,1503
1,7705964 B 8589,01 21304,443 16100,502 5284,9463 7257,0728 6678,6465 S 1922,5432 7173,4097 11422,931 4731,498 15828,84 1690,1503
1,77 B 8589,01 21304,443 16100,502 5284,9463 7257,0728 6678,6465 S 1922,5432 7173,4097 11422,931 4731,498 15828,84 1690,1503
1,7700003 B 8589,01 21304,443 16100,502 5284,9463 7257,0728 6678,6465 S 1922,5432 7173,4097 11422,931 4731,498 15828,84 1690,1503
1,7700006 B 8589,01 21304,443 16100,502 5284,9463 7257,0728 6678,6465 S 1922,5432 7173,4097 11422,931 4731,498 15828,84 1690,1503
1,7700007 B 8589,01 21304,443 16100,502 5284,9463 7257,0728 6678,6465 S 1922,5432 7173,4097 11422,931 4731,498 15828,84 1690,1503
1,7700007 B 8589,01 21304,443 16100,502 5284,9463 7257,0728 6678,6465 S 1922,5432 7173,4097 11422,931 4731,498 15828,84 1690,1503
1,7700008 B 8589,01 21304,443 16100,502 5284,9463 7257,0728 6678,6465 S 1922,5432 7173,4097 11422,931 4731,498 15828,84 1690,1503
1,7700006 B 8589,01 21304,443 16100,502 5284,9463 7257,0728 6678,6465 S 1922,5432 7173,4097 11422,931 4731,498 15828,84 1690,1503
1,7700003 B 8589,01 21304,443 16100,502 5284,9463 7257,0728 6678,6465 S 1922,5432 7173,4097 11422,931 4731,498 15828,84 1690,1503
1,7700001 B 8589,01 21304,443 16100,502 5284,9463 7257,0728 6678,6465 S 1922,5432 7173,4097 11422,931 4731,498 15828,84 1690,1503
1,7700001 B 8589,01 21304,443 16100,502 5284,9463 7257,0728 6678,6465 S 1922,5432 7173,4097 11422,931 4731,498 15828,84 1690,1503
1,7700005 B 8589,01 21304,443 16100,502 5284,9463 7257,0728 6678,6465 S 1922,5432 7173,4097 11422,931 4731,498 15828,84 1690,1503
1,7700001 B 8589,01 21304,443 16100,502 5284,9463 7257,0728 6678,6465 S 1922,5432 7173,4097 11422,931 4731,498 15828,84 1690,1503
1,7700007 B 8589,01 21304,443 16100,502 5284,9463 7257,0728 6678,6465 S 1922,5432 7173,4097 11422,931 4731,498 15828,84 1690,1503
1,7714598 B 8589,01 21304,443 16100,502 5284,9463 7257,0728 6678,6465 S 1922,5432 7173,4097 11422,931 4731,498 15828,84 1690,1503
1,773578 B 8589,01 21304,443 16100,502 5284,9463 7257,0728 6678,6465 S 1922,5432 7173,4097 11422,931 4731,498 15828,84 1690,1503
1,7740002 B 8589,01 21304,443 16100,502 5284,9463 7257,0728 6678,6465 S 1922,5432 7173,4097 11422,931 4731,498 15828,84 1690,1503
1,7739999 B 8589,01 21304,443 16100,502 5284,9463 7257,0728 6678,6465 S 1922,5432 7173,4097 11422,931 4731,498 15828,84 1690,1503
1,7740005 B 8589,01 21304,443 16100,502 5284,9463 7257,0728 6678,6465 S 1922,5432 7173,4097 11422,931 4731,498 15828,84 1690,1503
1,7739999 B 8589,01 21304,443 16100,502 5284,9463 7257,0728 6678,6465 S 1922,5432 7173,4097 11422,931 4731,498 15828,84 1690,1503
1,7740003 B 8589,01 21304,443 16100,502 5284,9463 7257,0728 6678,6465 S 1922,5432 7173,4097 11422,931 4731,498 15828,84 1690,1503
1,7739999 B 8589,01 21304,443 16100,502 5284,9463 7257,0728 6678,6465 S 1922,5432 7173,4097 11422,931 4731,498 15828,84 1690,1503
1,7741585 B 8589,01 21304,443 16100,502 5284,9463 7257,0728 6678,6465 S 1922,5432 7173,4097 11422,931 4731,498 15828,84 1690,1503
1,7750005 B 8589,01 21304,443 16100,502 5284,9463 7257,0728 6678,6465 S 1922,5432 7173,4097 11422,931 4731,498 15828,84 1690,1503
1,7778791 B 8589,01 21304,443 16100,502 5284,9463 7257,0728 6678,6465 S 1922,5432 7173,4097 11422,931 4731,498 15828,84 1690,1503
1,7779995 B 8589,01 21304,443 16100,502 5284,9463 7257,0728 6678,6465 S 1922,5432 7173,4097 11422,931 4731,498 15828,84 1690,1503
1,7780005 B 8589,01 21304,443 16100,502 5284,9463 7257,0728 6678,6465 S 1922,5432 7173,4097 11422,931 4731,498 15828,84 1690,1503
1,7780005 B 8589,01 21304,443 16100,502 5284,9463 7257,0728 6678,6465 S 1922,5432 7173,4097 11422,931 4731,498 15828,84 1690,1503
1,7779998 B 8589,01 21304,443 16100,502 5284,9463 7257,0728 6678,6465 S 1922,5432 7173,4097 11422,931 4731,498 15828,84 1690,1503
1,7779996 B 8589,01 21304,443 16100,502 5284,9463 7257,0728 6678,6465 S 1922,5432 7173,4097 11422,931 4731,498 15828,84 1690,1503
1,7785156 B 8589,01 21304,443 16100,502 5284,9463 7257,0728 6678,6465 S 1922,5432 7173,4097 11422,931 4731,498 15828,84 1690,1503
1,7790008 B 8589,01 21304,443 16100,502 5284,9463 7257,0728 6678,6465 S 1922,5432 7173,4097 11422,931 4731,498 15828,84 1690,1503
1,7789994 B 8589,01 21304,443 16100,502 5284,9463 7257,0728 6678,6465 S 1922,5432 7173,4097 11422,931 4731,498 15828,84 1690,1503
1,7789997 B 8589,01 21304,443 16100,502 5284,9463 7257,0728 6678,6465 S 1922,5432 7173,4097 11422,931 4731,498 15828,84 1690,1503
1,7802173 B 8589,01 21304,443 16100,502 5284,9463 7257,0728 6678,6465 S 1922,5432 7173,4097 11422,931 4731,498 15828,84 1690,1503
1,7817734 B 8589,01 21304,443 16100,502 5284,9463 7257,0728 6678,6465 S 1922,5432 7173,4097 11422,931 4731,498 15828,84 1690,1503
1,7820003 B 8589,01 21304,443 16100,502 5284,9463 7257,0728 6678,6465 S 1922,5432 7173,4097 11422,931 4731,498 15828,84 1690,1503
1,7819998 B 8589,01 21304,443 16100,502 5284,9463 7257,0728 6678,6465 S 1922,5432 7173,4097 11422,931 4731,498 15828,84 1690,1503
1,782 B 8589,01 21304,443 16100,502 5284,9463 7257,0728 6678,6465 S 1922,5432 7173,4097 11422,931 4731,498 15828,84 1690,1503
1,781358 B 8589,01 21304,443 16100,502 5284,9463 7257,0728 6678,6465 S 1922,5432 7173,4097 11422,931 4731,498 15828,84 1690,1503
1,7810006 B 8589,01 21304,443 16100,502 5284,9463 7257,0728 6678,6465 S 1922,5432 7173,4097 11422,931 4731,498 15828,84 1690,1503
1,7809997 B 8589,01 21304,443 16100,502 5284,9463 7257,0728 6678,6465 S 1922,5432 7173,4097 11422,931 4731,498 15828,84 1690,1503
1,781 B 8589,01 21304,443 16100,502 5284,9463 7257,0728 6678,6465 S 1922,5432 7173,4097 11422,931 4731,498 15828,84 1690,1503
1,7826908 B 8589,01 21304,443 16100,502 5284,9463 7257,0728 6678,6465 S 1922,5432 7173,4097 11422,931 4731,498 15828,84 1690,1503
1,7830003 B 8589,01 21304,443 16100,502 5284,9463 7257,0728 6678,6465 S 1922,5432 7173,4097 11422,931 4731,498 15828,84 1690,1503
1,7829999 B 8589,01 21304,443 16100,502 5284,9463 7257,0728 6678,6465 S 1922,5432 7173,4097 11422,931 4731,498 15828,84 1690,1503
1,7830003 B 8589,01 21304,443 16100,502 5284,9463 7257,0728 6678,6465 S 1922,5432 7173,4097 11422,931 4731,498 15828,84 1690,1503
1,7830002 B 8589,01 21304,443 16100,502 5284,9463 7257,0728 6678,6465 S 1922,5432 7173,4097 11422,931 4731,498 15828,84 1690,1503
1,7830005 B 8589,01 21304,443 16100,502 5284,9463 7257,0728 6678,6465 S 1922,5432 7173,4097 11422,931 4731,498 15828,84 1690,1503
1,7831876 B 8589,01 21304,443 16100,502 5284,9463 7257,0728 6678,6465 S 1922,5432 7173,4097 11422,931 4731,498 15828,84 1690,1503
1,7840006 B 8589,01 21304,443 16100,502 5284,9463 7257,0728 6678,6465 S 1922,5432 7173,4097 11422,931 4731,498 15828,84 1690,1503
1,7840004 B 8589,01 21304,443 16100,502 5284,9463 7257,0728 6678,6465 S 1922,5432 7173,4097 11422,931 4731,498 15828,84 1690,1503
1,7840003 B 8589,01 21304,443 16100,502 5284,9463 7257,0728 6678,6465 S 1922,5432 7173,4097 11422,931 4731,498 15828,84 1690,1503
1,7840008 B 8589,01 21304,443 16100,502 5284,9463 7257,0728 6678,6465 S 1922,5432 7173,4097 11422,931 4731,498 15828,84 1690,1503
1,7840004 B 8589,01 21304,443 16100,502 5284,9463 7257,0728 6678,6465 S 1922,5432 7173,4097 11422,931 4731,498 15828,84 1690,1503
1,7840003 B 8589,01 21304,443 16100,502 5284,9463 7257,0728 6678,6465 S 1922,5432 7173,4097 11422,931 4731,498 15828,84 1690,1503
1,7840006 B 8589,01 21304,443 16100,502 5284,9463 7257,0728 6678,6465 S 1922,5432 7173,4097 11422,931 4731,498 15828,84 1690,1503
1,7840005 B 8589,01 21304,443 16100,502 5284,9463 7257,0728 6678,6465 S 1922,5432 7173,4097 11422,931 4731,498 15828,84 1690,1503
1,7841896 B 8589,01 21304,443 16100,502 5284,9463 7257,0728 6678,6465 S 1922,5432 7173,4097 11422,931 4731,498 15828,84 1690,1503
1,7841485 B 8589,01 21304,443 16100,502 5284,9463 7257,0728 6678,6465 S 1922,5432 7173,4097 11422,931 4731,498 15828,84 1690,1503
1,7840002 B 8589,01 21304,443 16100,502 5284,9463 7257,0728 6678,6465 S 1922,5432 7173,4097 11422,931 4731,498 15828,84 1690,1503
1,7840011 B 8589,01 21304,443 16100,502 5284,9463 7257,0728 6678,6465 S 1922,5432 7173,4097 11422,931 4731,498 15828,84 1690,1503
1,7840002 B 8589,01 21304,443 16100,502 5284,9463 7257,0728 6678,6465 S 1922,5432 7173,4097 11422,931 4731,498 15828,84 1690,1503
1,7840004 B 8589,01 21304,443 16100,502 5284,9463 7257,0728 6678,6465 S 1922,5432 7173,4097 11422,931 4731,498 15828,84 1690,1503
1,7840002 B 8589,01 21304,443 16100,502 5284,9463 7257,0728 6678,6465 S 1922,5432 7173,4097 11422,931 4731,498 15828,84 1690,1503
1,7839998 B 8589,01 21304,443 16100,502 5284,9463 7257,0728 6678,6465 S 1922,5432 7173,4097 11422,931 4731,498 15828,84 1690,1503
1,7849272 B 8589,01 21304,443 16100,502 5284,9463 7257,0728 6678,6465 S 1922,5432 7173,4097 11422,931 4731,498 15828,84 1690,1503
1,7849996 B 8589,01 21304,443 16100,502 5284,9463 7257,0728 6678,6465 S 1922,5432 7173,4097 11422,931 4731,498 15828,84 1690,1503
1,7849998 B 8589,01 21304,443 16100,502 5284,9463 7257,0728 6678,6465 S 1922,5432 7173,4097 11422,931 4731,498 15828,84 1690,1503
1,7854955 B 8589,01 21304,443 16100,502 5284,9463 7257,0728 6678,6465 S 1922,5432 7173,4097 11422,931 4731,498 15828,84 1690,1503
1,7849997 B 8589,01 21304,443 16100,502 5284,9463 7257,0728 6678,6465 S 1922,5432 7173,4097 11422,931 4731,498 15828,84 1690,1503
1,7850004 B 8589,01 21304,443 16100,502 5284,9463 7257,0728 6678,6465 S 1922,5432 7173,4097 11422,931 4731,498 15828,84 1690,1503
1,7849994 B 8589,01 21304,443 16100,502 5284,9463 7257,0728 6678,6465 S 1922,5432 7173,4097 11422,931 4731,498 15828,84 1690,1503
1,785 B 8589,01 21304,443 16100,502 5284,9463 7257,0728 6678,6465 S 1922,5432 7173,4097 11422,931 4731,498 15828,84 1690,1503
1,7850004 B 8589,01 21304,443 16100,502 5284,9463 7257,0728 6678,6465 S 1922,5432 7173,4097 11422,931 4731,498 15828,84 1690,1503
1,7850001 B 8589,01 21304,443 16100,502 5284,9463 7257,0728 6678,6465 S 1922,5432 7173,4097 11422,931 4731,498 15828,84 1690,1503
1,7850001 B 8589,01 21304,443 16100,502 5284,9463 7257,0728 6678,6465 S 1922,5432 7173,4097 11422,931 4731,498 15828,84 1690,1503
1,7849998 B 8589,01 21304,443 16100,502 5284,9463 7257,0728 6678,6465 S 1922,5432 7173,4097 11422,931 4731,498 15828,84 1690,1503
1,785 B 8589,01 21304,443 16100,502 5284,9463 7257,0728 6678,6465 S 1922,5432 7173,4097 11422,931 4731,498 15828,84 1690,1503
1,7849997 B 8589,01 21304,443 16100,502 5284,9463 7257,0728 6678,6465 S 1922,5432 7173,4097 11422,931 4731,498 15828,84 1690,1503
1,7850001 B 8589,01 21304,443 16100,502 5284,9463 7257,0728 6678,6465 S 1922,5432 7173,4097 11422,931 4731,498 15828,84 1690,1503
1,7849998 B 8589,01 21304,443 16100,502 5284,9463 7257,0728 6678,6465 S 1922,5432 7173,4097 11422,931 4731,498 15828,84 1690,1503
1,785 B 8589,01 21304,443 16100,502 5284,9463 7257,0728 6678,6465 S 1922,5432 7173,4097 11422,931 4731,498 15828,84 1690,1503
1,7850003 B 8589,01 21304,443 16100,502 5284,9463 7257,0728 6678,6465 S 1922,5432 7173,4097 11422,931 4731,498 15828,84 1690,1503
1,7849996 B 8589,01 21304,443 16100,502 5284,9463 7257,0728 6678,6465 S 1922,5432 7173,4097 11422,931 4731,498 15828,84 1690,1503
1,7850001 B 8589,01 21304,443 16100,502 5284,9463 7257,0728 6678,6465 S 1922,5432 7173,4097 11422,931 4731,498 15828,84 1690,1503
1,7867237 B 8589,01 21304,443 16100,502 5284,9463 7257,0728 6678,6465 S 1922,5432 7173,4097 11422,931 4731,498 15828,84 1690,1503
1,7860799 B 8589,01 21304,443 16100,502 5284,9463 7257,0728 6678,6465 S 1922,5432 7173,4097 11422,931 4731,498 15828,84 1690,1503
1,7858897 B 8589,01 21304,443 16100,502 5284,9463 7257,0728 6678,6465 S 1922,5432 7173,4097 11422,931 4731,498 15828,84 1690,1503
1,7870001 B 8589,01 21304,443 16100,502 5284,9463 7257,0728 6678,6465 S 1922,5432 7173,4097 11422,931 4731,498 15828,84 1690,1503
1,7869049 B 8589,01 21304,443 16100,502 5284,9463 7257,0728 6678,6465 S 1922,5432 7173,4097 11422,931 4731,498 15828,84 1690,1503
1,7873794 B 8589,01 21304,443 16100,502 5284,9463 7257,0728 6678,6465 S 1922,5432 7173,4097 11422,931 4731,498 15828,84 1690,1503
1,7870003 B 8589,01 21304,443 16100,502 5284,9463 7257,0728 6678,6465 S 1922,5432 7173,4097 11422,931 4731,498 15828,84 1690,1503
1,7870002 B 8589,01 21304,443 16100,502 5284,9463 7257,0728 6678,6465 S 1922,5432 7173,4097 11422,931 4731,498 15828,84 1690,1503
1,788562 B 8589,01 21304,443 16100,502 5284,9463 7257,0728 6678,6465 S 1922,5432 7173,4097 11422,931 4731,498 15828,84 1690,1503
1,7890002 B 8589,01 21304,443 16100,502 5284,9463 7257,0728 6678,6465 S 1922,5432 7173,4097 11422,931 4731,498 15828,84 1690,1503
1,7890006 B 8589,01 21304,443 16100,502 5284,9463 7257,0728 6678,6465 S 1922,5432 7173,4097 11422,931 4731,498 15828,84 1690,1503
1,7890003 B 8589,01 21304,443 16100,502 5284,9463 7257,0728 6678,6465 S 1922,5432 7173,4097 11422,931 4731,498 15828,84 1690,1503
1,7890002 B 8589,01 21304,443 16100,502 5284,9463 7257,0728 6678,6465 S 1922,5432 7173,4097 11422,931 4731,498 15828,84 1690,1503
1,7889999 B 8589,01 21304,443 16100,502 5284,9463 7257,0728 6678,6465 S 1922,5432 7173,4097 11422,931 4731,498 15828,84 1690,1503
1,7889997 B 8589,01 21304,443 16100,502 5284,9463 7257,0728 6678,6465 S 1922,5432 7173,4097 11422,931 4731,498 15828,84 1690,1503
1,7890004 B 8589,01 21304,443 16100,502 5284,9463 7257,0728 6678,6465 S 1922,5432 7173,4097 11422,931 4731,498 15828,84 1690,1503
1,789 B 8589,01 21304,443 16100,502 5284,9463 7257,0728 6678,6465 S 1922,5432 7173,4097 11422,931 4731,498 15828,84 1690,1503
1,7889996 B 8589,01 21304,443 16100,502 5284,9463 7257,0728 6678,6465 S 1922,5432 7173,4097 11422,931 4731,498 15828,84 1690,1503
1,7889998 B 8589,01 21304,443 16100,502 5284,9463 7257,0728 6678,6465 S 1922,5432 7173,4097 11422,931 4731,498 15828,84 1690,1503
1,7890003 B 8589,01 21304,443 16100,502 5284,9463 7257,0728 6678,6465 S 1922,5432 7173,4097 11422,931 4731,498 15828,84 1690,1503
1,7889997 B 8589,01 21304,443 16100,502 5284,9463 7257,0728 6678,6465 S 1922,5432 7173,4097 11422,931 4731,498 15828,84 1690,1503
1,7881156 B 8589,01 21304,443 16100,502 5284,9463 7257,0728 6678,6465 S 1922,5432 7173,4097 11422,931 4731,498 15828,84 1690,1503
1,7880002 B 8589,01 21304,443 16100,502 5284,9463 7257,0728 6678,6465 S 1922,5432 7173,4097 11422,931 4731,498 15828,84 1690,1503
1,7880001 B 8589,01 21304,443 16100,502 5284,9463 7257,0728 6678,6465 S 1922,5432 7173,4097 11422,931 4731,498 15828,84 1690,1503
1,7879999 B 8589,01 21304,443 16100,502 5284,9463 7257,0728 6678,6465 S 1922,5432 7173,4097 11422,931 4731,498 15828,84 1690,1503
1,788 B 8589,01 21304,443 16100,502 5284,9463 7257,0728 6678,6465 S 1922,5432 7173,4097 11422,931 4731,498 15828,84 1690,1503
1,7880002 B 8589,01 21304,443 16100,502 5284,9463 7257,0728 6678,6465 S 1922,5432 7173,4097 11422,931 4731,498 15828,84 1690,1503
1,7878969 B 8589,01 21304,443 16100,502 5284,9463 7257,0728 6678,6465 S 1922,5432 7173,4097 11422,931 4731,498 15828,84 1690,1503
1,7870001 B 8589,01 21304,443 16100,502 5284,9463 7257,0728 6678,6465 S 1922,5432 7173,4097 11422,931 4731,498 15828,84 1690,1503
1,7869995 B 8589,01 21304,443 16100,502 5284,9463 7257,0728 6678,6465 S 1922,5432 7173,4097 11422,931 4731,498 15828,84 1690,1503
1,7869996 B 8589,01 21304,443 16100,502 5284,9463 7257,0728 6678,6465 S 1922,5432 7173,4097 11422,931 4731,498 15828,84 1690,1503
1,7866044 B 8589,01 21304,443 16100,502 5284,9463 7257,0728 6678,6465 S 1922,5432 7173,4097 11422,931 4731,498 15828,84 1690,1503
1,7870783 B 8589,01 21304,443 16100,502 5284,9463 7257,0728 6678,6465 S 1922,5432 7173,4097 11422,931 4731,498 15828,84 1690,1503
1,788 B 8589,01 21304,443 16100,502 5284,9463 7257,0728 6678,6465 S 1922,5432 7173,4097 11422,931 4731,498 15828,84 1690,1503
1,7885115 B 8589,01 21304,443 16100,502 5284,9463 7257,0728 6678,6465 S 1922,5432 7173,4097 11422,931 4731,498 15828,84 1690,1503
1,7890002 B 8589,01 21304,443 16100,502 5284,9463 7257,0728 6678,6465 S 1922,5432 7173,4097 11422,931 4731,498 15828,84 1690,1503
1,7889997 B 8589,01 21304,443 16100,502 5284,9463 7257,0728 6678,6465 S 1922,5432 7173,4097 11422,931 4731,498 15828,84 1690,1503
1,7890002 B 8589,01 21304,443 16100,502 5284,9463 7257,0728 6678,6465 S 1922,5432 7173,4097 11422,931 4731,498 15828,84 1690,1503
1,78871 B 8589,01 21304,443 16100,502 5284,9463 7257,0728 6678,6465 S 1922,5432 7173,4097 11422,931 4731,498 15828,84 1690,1503
1,7880208 B 8589,01 21304,443 16100,502 5284,9463 7257,0728 6678,6465 S 1922,5432 7173,4097 11422,931 4731,498 15828,84 1690,1503
1,7890004 B 8589,01 21304,443 16100,502 5284,9463 7257,0728 6678,6465 S 1922,5432 7173,4097 11422,931 4731,498 15828,84 1690,1503
1,7890003 B 8589,01 21304,443 16100,502 5284,9463 7257,0728 6678,6465 S 1922,5432 7173,4097 11422,931 4731,498 15828,84 1690,1503
1,7889998 B 8589,01 21304,443 16100,502 5284,9463 7257,0728 6678,6465 S 1922,5432 7173,4097 11422,931 4731,498 15828,84 1690,1503
1,7890002 B 8589,01 21304,443 16100,502 5284,9463 7257,0728 6678,6465 S 1922,5432 7173,4097 11422,931 4731,498 15828,84 1690,1503
1,789 B 8589,01 21304,443 16100,502 5284,9463 7257,0728 6678,6465 S 1922,5432 7173,4097 11422,931 4731,498 15828,84 1690,1503
1,789 B 8589,01 21304,443 16100,502 5284,9463 7257,0728 6678,6465 S 1922,5432 7173,4097 11422,931 4731,498 15828,84 1690,1503
1,7890002 B 8589,01 21304,443 16100,502 5284,9463 7257,0728 6678,6465 S 1922,5432 7173,4097 11422,931 4731,498 15828,84 1690,1503
1,7890003 B 8589,01 21304,443 16100,502 5284,9463 7257,0728 6678,6465 S 1922,5432 7173,4097 11422,931 4731,498 15828,84 1690,1503
1,7889996 B 8589,01 21304,443 16100,502 5284,9463 7257,0728 6678,6465 S 1922,5432 7173,4097 11422,931 4731,498 15828,84 1690,1503
1,7889996 B 8589,01 21304,443 16100,502 5284,9463 7257,0728 6678,6465 S 1922,5432 7173,4097 11422,931 4731,498 15828,84 1690,1503
1,7886721 B 8589,01 21304,443 16100,502 5284,9463 7257,0728 6678,6465 S 1922,5432 7173,4097 11422,931 4731,498 15828,84 1690,1503
1,7880001 B 8589,01 21304,443 16100,502 5284,9463 7257,0728 6678,6465 S 1922,5432 7173,4097 11422,931 4731,498 15828,84 1690,1503
1,7880001 B 8589,01 21304,443 16100,502 5284,9463 7257,0728 6678,6465 S 1922,5432 7173,4097 11422,931 4731,498 15828,84 1690,1503
1,7879997 B 8589,01 21304,443 16100,502 5284,9463 7257,0728 6678,6465 S 1922,5432 7173,4097 11422,931 4731,498 15828,84 1690,1503
1,7880876 B 8589,01 21304,443 16100,502 5284,9463 7257,0728 6678,6465 S 1922,5432 7173,4097 11422,931 4731,498 15828,84 1690,1503
1,7889994 B 8589,01 21304,443 16100,502 5284,9463 7257,0728 6678,6465 S 1922,5432 7173,4097 11422,931 4731,498 15828,84 1690,1503
1,7889998 B 8589,01 21304,443 16100,502 5284,9463 7257,0728 6678,6465 S 1922,5432 7173,4097 11422,931 4731,498 15828,84 1690,1503
1,7899631 B 8589,01 21304,443 16100,502 5284,9463 7257,0728 6678,6465 S 1922,5432 7173,4097 11422,931 4731,498 15828,84 1690,1503
1,7900002 B 8589,01 21304,443 16100,502 5284,9463 7257,0728 6678,6465 S 1922,5432 7173,4097 11422,931 4731,498 15828,84 1690,1503
1,7899997 B 8589,01 21304,443 16100,502 5284,9463 7257,0728 6678,6465 S 1922,5432 7173,4097 11422,931 4731,498 15828,84 1690,1503
1,7901145 B 8589,01 21304,443 16100,502 5284,9463 7257,0728 6678,6465 S 1922,5432 7173,4097 11422,931 4731,498 15828,84 1690,1503
1,791 B 8589,01 21304,443 16100,502 5284,9463 7257,0728 6678,6465 S 1922,5432 7173,4097 11422,931 4731,498 15828,84 1690,1503
1,7910002 B 8589,01 21304,443 16100,502 5284,9463 7257,0728 6678,6465 S 1922,5432 7173,4097 11422,931 4731,498 15828,84 1690,1503
1,7910002 B 8589,01 21304,443 16100,502 5284,9463 7257,0728 6678,6465 S 1922,5432 7173,4097 11422,931 4731,498 15828,84 1690,1503
1,7910006 B 8589,01 21304,443 16100,502 5284,9463 7257,0728 6678,6465 S 1922,5432 7173,4097 11422,931 4731,498 15828,84 1690,1503
1,7910004 B 8589,01 21304,443 16100,502 5284,9463 7257,0728 6678,6465 S 1922,5432 7173,4097 11422,931 4731,498 15828,84 1690,1503
1,7910002 B 8589,01 21304,443 16100,502 5284,9463 7257,0728 6678,6465 S 1922,5432 7173,4097 11422,931 4731,498 15828,84 1690,1503
1,7910001 B 8589,01 21304,443 16100,502 5284,9463 7257,0728 6678,6465 S 1922,5432 7173,4097 11422,931 4731,498 15828,84 1690,1503
1,7910002 B 8589,01 21304,443 16100,502 5284,9463 7257,0728 6678,6465 S 1922,5432 7173,4097 11422,931 4731,498 15828,84 1690,1503
1,7919618 B 8589,01 21304,443 16100,502 5284,9463 7257,0728 6678,6465 S 1922,5432 7173,4097 11422,931 4731,498 15828,84 1690,1503
1,7920007 B 8589,01 21304,443 16100,502 5284,9463 7257,0728 6678,6465 S 1922,5432 7173,4097 11422,931 4731,498 15828,84 1690,1503
1,7920003 B 8589,01 21304,443 16100,502 5284,9463 7257,0728 6678,6465 S 1922,5432 7173,4097 11422,931 4731,498 15828,84 1690,1503
1,7928609 B 8589,01 21304,443 16100,502 5284,9463 7257,0728 6678,6465 S 1922,5432 7173,4097 11422,931 4731,498 15828,84 1690,1503
1,7949998 B 8589,01 21304,443 16100,502 5284,9463 7257,0728 6678,6465 S 1922,5432 7173,4097 11422,931 4731,498 15828,84 1690,1503
1,7949998 B 8589,01 21304,443 16100,502 5284,9463 7257,0728 6678,6465 S 1922,5432 7173,4097 11422,931 4731,498 15828,84 1690,1503
1,7950001 B 8589,01 21304,443 16100,502 5284,9463 7257,0728 6678,6465 S 1922,5432 7173,4097 11422,931 4731,498 15828,84 1690,1503
1,795 B 8589,01 21304,443 16100,502 5284,9463 7257,0728 6678,6465 S 1922,5432 7173,4097 11422,931 4731,498 15828,84 1690,1503
1,7950002 B 8589,01 21304,443 16100,502 5284,9463 7257,0728 6678,6465 S 1922,5432 7173,4097 11422,931 4731,498 15828,84 1690,1503
1,7950002 B 8589,01 21304,443 16100,502 5284,9463 7257,0728 6678,6465 S 1922,5432 7173,4097 11422,931 4731,498 15828,84 1690,1503
1,7957722 B 8589,01 21304,443 16100,502 5284,9463 7257,0728 6678,6465 S 1922,5432 7173,4097 11422,931 4731,498 15828,84 1690,1503
1,7964376 B 8589,01 21304,443 16100,502 5284,9463 7257,0728 6678,6465 S 1922,5432 7173,4097 11422,931 4731,498 15828,84 1690,1503
1,7969767 B 8589,01 21304,443 16100,502 5284,9463 7257,0728 6678,6465 S 1922,5432 7173,4097 11422,931 4731,498 15828,84 1690,1503
1,7970006 B 8589,01 21304,443 16100,502 5284,9463 7257,0728 6678,6465 S 1922,5432 7173,4097 11422,931 4731,498 15828,84 1690,1503
1,7970005 B 8589,01 21304,443 16100,502 5284,9463 7257,0728 6678,6465 S 1922,5432 7173,4097 11422,931 4731,498 15828,84 1690,1503
1,7970002 B 8589,01 21304,443 16100,502 5284,9463 7257,0728 6678,6465 S 1922,5432 7173,4097 11422,931 4731,498 15828,84 1690,1503
1,7970002 B 8589,01 21304,443 16100,502 5284,9463 7257,0728 6678,6465 S 1922,5432 7173,4097 11422,931 4731,498 15828,84 1690,1503
1,7970002 B 8589,01 21304,443 16100,502 5284,9463 7257,0728 6678,6465 S 1922,5432 7173,4097 11422,931 4731,498 15828,84 1690,1503
1,7969998 B 8589,01 21304,443 16100,502 5284,9463 7257,0728 6678,6465 S 1922,5432 7173,4097 11422,931 4731,498 15828,84 1690,1503
1,7970005 B 8589,01 21304,443 16100,502 5284,9463 7257,0728 6678,6465 S 1922,5432 7173,4097 11422,931 4731,498 15828,84 1690,1503
1,7969997 B 8589,01 21304,443 16100,502 5284,9463 7257,0728 6678,6465 S 1922,5432 7173,4097 11422,931 4731,498 15828,84 1690,1503
1,7969997 B 8589,01 21304,443 16100,502 5284,9463 7257,0728 6678,6465 S 1922,5432 7173,4097 11422,931 4731,498 15828,84 1690,1503
1,7970004 B 8589,01 21304,443 16100,502 5284,9463 7257,0728 6678,6465 S 1922,5432 7173,4097 11422,931 4731,498 15828,84 1690,1503
1,797 B 8589,01 21304,443 16100,502 5284,9463 7257,0728 6678,6465 S 1922,5432 7173,4097 11422,931 4731,498 15828,84 1690,1503
1,7970002 B 8589,01 21304,443 16100,502 5284,9463 7257,0728 6678,6465 S 1922,5432 7173,4097 11422,931 4731,498 15828,84 1690,1503
1,795578 B 8589,01 21304,443 16100,502 5284,9463 7257,0728 6678,6465 S 1922,5432 7173,4097 11422,931 4731,498 15828,84 1690,1503
1,7940005 B 8589,01 21304,443 16100,502 5284,9463 7257,0728 6678,6465 S 1922,5432 7173,4097 11422,931 4731,498 15828,84 1690,1503
1,7939998 B 8589,01 21304,443 16100,502 5284,9463 7257,0728 6678,6465 S 1922,5432 7173,4097 11422,931 4731,498 15828,84 1690,1503
1,7943175 B 8589,01 21304,443 16100,502 5284,9463 7257,0728 6678,6465 S 1922,5432 7173,4097 11422,931 4731,498 15828,84 1690,1503
1,7940956 B 8589,01 21304,443 16100,502 5284,9463 7257,0728 6678,6465 S 1922,5432 7173,4097 11422,931 4731,498 15828,84 1690,1503
1,7940001 B 8589,01 21304,443 16100,502 5284,9463 7257,0728 6678,6465 S 1922,5432 7173,4097 11422,931 4731,498 15828,84 1690,1503
1,7940001 B 8589,01 21304,443 16100,502 5284,9463 7257,0728 6678,6465 S 1922,5432 7173,4097 11422,931 4731,498 15828,84 1690,1503
1,7949932 B 8589,01 21304,443 16100,502 5284,9463 7257,0728 6678,6465 S 1922,5432 7173,4097 11422,931 4731,498 15828,84 1690,1503
1,7949996 B 8589,01 21304,443 16100,502 5284,9463 7257,0728 6678,6465 S 1922,5432 7173,4097 11422,931 4731,498 15828,84 1690,1503
1,795 B 8589,01 21304,443 16100,502 5284,9463 7257,0728 6678,6465 S 1922,5432 7173,4097 11422,931 4731,498 15828,84 1690,1503
1,7950001 B 8589,01 21304,443 16100,502 5284,9463 7257,0728 6678,6465 S 1922,5432 7173,4097 11422,931 4731,498 15828,84 1690,1503
1,795 B 8589,01 21304,443 16100,502 5284,9463 7257,0728 6678,6465 S 1922,5432 7173,4097 11422,931 4731,498 15828,84 1690,1503
1,7950003 B 8589,01 21304,443 16100,502 5284,9463 7257,0728 6678,6465 S 1922,5432 7173,4097 11422,931 4731,498 15828,84 1690,1503
1,7949998 B 8589,01 21304,443 16100,502 5284,9463 7257,0728 6678,6465 S 1922,5432 7173,4097 11422,931 4731,498 15828,84 1690,1503
1,7949996 B 8589,01 21304,443 16100,502 5284,9463 7257,0728 6678,6465 S 1922,5432 7173,4097 11422,931 4731,498 15828,84 1690,1503
1,7950001 B 8589,01 21304,443 16100,502 5284,9463 7257,0728 6678,6465 S 1922,5432 7173,4097 11422,931 4731,498 15828,84 1690,1503
1,7950001 B 8589,01 21304,443 16100,502 5284,9463 7257,0728 6678,6465 S 1922,5432 7173,4097 11422,931 4731,498 15828,84 1690,1503
