1,7892587
1,7929995 B 993,1098 11998,14 12178,069 12004,171 13433,493 7368,27 S 2858,9087 10355,454 17020,535 7634,5596 10836,9375 9,430001
1,793 B 993,1098 11998,14 12178,069 12004,171 13433,493 7368,27 S 2858,9087 10355,454 17020,535 7634,5596 10836,9375 9,430001
1,7929999 B 993,1098 11998,14 12178,069 12004,171 13433,493 7368,27 S 2858,9087 10355,454 17020,535 7634,5596 10836,9375 9,430001
1,7930005 B 993,1098 11998,14 12178,069 12004,171 13433,493 7368,27 S 2858,9087 10355,454 17020,535 7634,5596 10836,9375 9,430001
1,793 B 993,1098 11998,14 12178,069 12004,171 13433,493 7368,27 S 2858,9087 10355,454 17020,535 7634,5596 10836,9375 9,430001
1,7929997 B 993,1098 11998,14 12178,069 12004,171 13433,493 7368,27 S 2858,9087 10355,454 17020,535 7634,5596 10836,9375 9,430001
1,7933197 B 993,1098 11998,14 12178,069 12004,171 13433,493 7368,27 S 2858,9087 10355,454 17020,535 7634,5596 10836,9375 9,430001
1,7940003 B 993,1098 11998,14 12178,069 12004,171 13433,493 7368,27 S 2858,9087 10355,454 17020,535 7634,5596 10836,9375 9,430001
1,7940001 B 993,1098 11998,14 12178,069 12004,171 13433,493 7368,27 S 2858,9087 10355,454 17020,535 7634,5596 10836,9375 9,430001
1,7940001 B 993,1098 11998,14 12178,069 12004,171 13433,493 7368,27 S 2858,9087 10355,454 17020,535 7634,5596 10836,9375 9,430001
1,7940009 B 993,1098 11998,14 12178,069 12004,171 13433,493 7368,27 S 2858,9087 10355,454 17020,535 7634,5596 10836,9375 9,430001
1,7939999 B 993,1098 11998,14 12178,069 12004,171 13433,493 7368,27 S 2858,9087 10355,454 17020,535 7634,5596 10836,9375 9,430001
1,7943244 B 993,1098 11998,14 12178,069 12004,171 13433,493 7368,27 S 2858,9087 10355,454 17020,535 7634,5596 10836,9375 9,430001
1,795 B 993,1098 11998,14 12178,069 12004,171 13433,493 7368,27 S 2858,9087 10355,454 17020,535 7634,5596 10836,9375 9,430001
1,7950001 B 993,1098 11998,14 12178,069 12004,171 13433,493 7368,27 S 2858,9087 10355,454 17020,535 7634,5596 10836,9375 9,430001
1,7950002 B 993,1098 11998,14 12178,069 12004,171 13433,493 7368,27 S 2858,9087 10355,454 17020,535 7634,5596 10836,9375 9,430001
1,7949995 B 993,1098 11998,14 12178,069 12004,171 13433,493 7368,27 S 2858,9087 10355,454 17020,535 7634,5596 10836,9375 9,430001
1,7950001 B 993,1098 11998,14 12178,069 12004,171 13433,493 7368,27 S 2858,9087 10355,454 17020,535 7634,5596 10836,9375 9,430001
1,7949995 B 993,1098 11998,14 12178,069 12004,171 13433,493 7368,27 S 2858,9087 10355,454 17020,535 7634,5596 10836,9375 9,430001
1,795 B 993,1098 11998,14 12178,069 12004,171 13433,493 7368,27 S 2858,9087 10355,454 17020,535 7634,5596 10836,9375 9,430001
1,7950006 B 993,1098 11998,14 12178,069 12004,171 13433,493 7368,27 S 2858,9087 10355,454 17020,535 7634,5596 10836,9375 9,430001
1,7950003 B 993,1098 11998,14 12178,069 12004,171 13433,493 7368,27 S 2858,9087 10355,454 17020,535 7634,5596 10836,9375 9,430001
1,7959679 B 993,1098 11998,14 12178,069 12004,171 13433,493 7368,27 S 2858,9087 10355,454 17020,535 7634,5596 10836,9375 9,430001
1,7958833 B 993,1098 11998,14 12178,069 12004,171 13433,493 7368,27 S 2858,9087 10355,454 17020,535 7634,5596 10836,9375 9,430001
1,7950001 B 993,1098 11998,14 12178,069 12004,171 13433,493 7368,27 S 2858,9087 10355,454 17020,535 7634,5596 10836,9375 9,430001
1,7949995 B 993,1098 11998,14 12178,069 12004,171 13433,493 7368,27 S 2858,9087 10355,454 17020,535 7634,5596 10836,9375 9,430001
1,7934909 B 993,1098 11998,14 12178,069 12004,171 13433,493 7368,27 S 2858,9087 10355,454 17020,535 7634,5596 10836,9375 9,430001
1,7919999 B 993,1098 11998,14 12178,069 12004,171 13433,493 7368,27 S 2858,9087 10355,454 17020,535 7634,5596 10836,9375 9,430001
1,7912296 B 993,1098 11998,14 12178,069 12004,171 13433,493 7368,27 S 2858,9087 10355,454 17020,535 7634,5596 10836,9375 9,430001
1,791 B 993,1098 11998,14 12178,069 12004,171 13433,493 7368,27 S 2858,9087 10355,454 17020,535 7634,5596 10836,9375 9,430001
1,7910004 B 993,1098 11998,14 12178,069 12004,171 13433,493 7368,27 S 2858,9087 10355,454 17020,535 7634,5596 10836,9375 9,430001
1,7910004 B 993,1098 11998,14 12178,069 12004,171 13433,493 7368,27 S 2858,9087 10355,454 17020,535 7634,5596 10836,9375 9,430001
1,7910001 B 993,1098 11998,14 12178,069 12004,171 13433,493 7368,27 S 2858,9087 10355,454 17020,535 7634,5596 10836,9375 9,430001
1,7910001 B 993,1098 11998,14 12178,069 12004,171 13433,493 7368,27 S 2858,9087 10355,454 17020,535 7634,5596 10836,9375 9,430001
1,7910004 B 993,1098 11998,14 12178,069 12004,171 13433,493 7368,27 S 2858,9087 10355,454 17020,535 7634,5596 10836,9375 9,430001
1,7910005 B 993,1098 11998,14 12178,069 12004,171 13433,493 7368,27 S 2858,9087 10355,454 17020,535 7634,5596 10836,9375 9,430001
1,7910004 B 993,1098 11998,14 12178,069 12004,171 13433,493 7368,27 S 2858,9087 10355,454 17020,535 7634,5596 10836,9375 9,430001
1,7903843 B 993,1098 11998,14 12178,069 12004,171 13433,493 7368,27 S 2858,9087 10355,454 17020,535 7634,5596 10836,9375 9,430001
1,7899996 B 993,1098 11998,14 12178,069 12004,171 13433,493 7368,27 S 2858,9087 10355,454 17020,535 7634,5596 10836,9375 9,430001
1,7900003 B 993,1098 11998,14 12178,069 12004,171 13433,493 7368,27 S 2858,9087 10355,454 17020,535 7634,5596 10836,9375 9,430001
1,7900004 B 993,1098 11998,14 12178,069 12004,171 13433,493 7368,27 S 2858,9087 10355,454 17020,535 7634,5596 10836,9375 9,430001
1,7899997 B 993,1098 11998,14 12178,069 12004,171 13433,493 7368,27 S 2858,9087 10355,454 17020,535 7634,5596 10836,9375 9,430001
1,7899998 B 993,1098 11998,14 12178,069 12004,171 13433,493 7368,27 S 2858,9087 10355,454 17020,535 7634,5596 10836,9375 9,430001
1,7900002 B 993,1098 11998,14 12178,069 12004,171 13433,493 7368,27 S 2858,9087 10355,454 17020,535 7634,5596 10836,9375 9,430001
1,7900007 B 993,1098 11998,14 12178,069 12004,171 13433,493 7368,27 S 2858,9087 10355,454 17020,535 7634,5596 10836,9375 9,430001
1,7895942 B 993,1098 11998,14 12178,069 12004,171 13433,493 7368,27 S 2858,9087 10355,454 17020,535 7634,5596 10836,9375 9,430001
1,789 B 993,1098 11998,14 12178,069 12004,171 13433,493 7368,27 S 2858,9087 10355,454 17020,535 7634,5596 10836,9375 9,430001
1,7890006 B 993,1098 11998,14 12178,069 12004,171 13433,493 7368,27 S 2858,9087 10355,454 17020,535 7634,5596 10836,9375 9,430001
1,7889998 B 993,1098 11998,14 12178,069 12004,171 13433,493 7368,27 S 2858,9087 10355,454 17020,535 7634,5596 10836,9375 9,430001
1,7890002 B 993,1098 11998,14 12178,069 12004,171 13433,493 7368,27 S 2858,9087 10355,454 17020,535 7634,5596 10836,9375 9,430001
1,7889993 B 993,1098 11998,14 12178,069 12004,171 13433,493 7368,27 S 2858,9087 10355,454 17020,535 7634,5596 10836,9375 9,430001
1,7892715 B 993,1098 11998,14 12178,069 12004,171 13433,493 7368,27 S 2858,9087 10355,454 17020,535 7634,5596 10836,9375 9,430001
1,7899998 B 993,1098 11998,14 12178,069 12004,171 13433,493 7368,27 S 2858,9087 10355,454 17020,535 7634,5596 10836,9375 9,430001
1,7899997 B 993,1098 11998,14 12178,069 12004,171 13433,493 7368,27 S 2858,9087 10355,454 17020,535 7634,5596 10836,9375 9,430001
1,7900001 B 993,1098 11998,14 12178,069 12004,171 13433,493 7368,27 S 2858,9087 10355,454 17020,535 7634,5596 10836,9375 9,430001
1,7900001 B 993,1098 11998,14 12178,069 12004,171 13433,493 7368,27 S 2858,9087 10355,454 17020,535 7634,5596 10836,9375 9,430001
1,7900003 B 993,1098 11998,14 12178,069 12004,171 13433,493 7368,27 S 2858,9087 10355,454 17020,535 7634,5596 10836,9375 9,430001
1,7902169 B 993,1098 11998,14 12178,069 12004,171 13433,493 7368,27 S 2858,9087 10355,454 17020,535 7634,5596 10836,9375 9,430001
1,7910002 B 993,1098 11998,14 12178,069 12004,171 13433,493 7368,27 S 2858,9087 10355,454 17020,535 7634,5596 10836,9375 9,430001
1,791 B 993,1098 11998,14 12178,069 12004,171 13433,493 7368,27 S 2858,9087 10355,454 17020,535 7634,5596 10836,9375 9,430001
1,7910004 B 993,1098 11998,14 12178,069 12004,171 13433,493 7368,27 S 2858,9087 10355,454 17020,535 7634,5596 10836,9375 9,430001
1,7910005 B 993,1098 11998,14 12178,069 12004,171 13433,493 7368,27 S 2858,9087 10355,454 17020,535 7634,5596 10836,9375 9,430001
1,7910005 B 993,1098 11998,14 12178,069 12004,171 13433,493 7368,27 S 2858,9087 10355,454 17020,535 7634,5596 10836,9375 9,430001
1,7910004 B 993,1098 11998,14 12178,069 12004,171 13433,493 7368,27 S 2858,9087 10355,454 17020,535 7634,5596 10836,9375 9,430001
1,7910005 B 993,1098 11998,14 12178,069 12004,171 13433,493 7368,27 S 2858,9087 10355,454 17020,535 7634,5596 10836,9375 9,430001
1,7910006 B 993,1098 11998,14 12178,069 12004,171 13433,493 7368,27 S 2858,9087 10355,454 17020,535 7634,5596 10836,9375 9,430001
1,7910006 B 993,1098 11998,14 12178,069 12004,171 13433,493 7368,27 S 2858,9087 10355,454 17020,535 7634,5596 10836,9375 9,430001
1,791 B 993,1098 11998,14 12178,069 12004,171 13433,493 7368,27 S 2858,9087 10355,454 17020,535 7634,5596 10836,9375 9,430001
1,7910002 B 993,1098 11998,14 12178,069 12004,171 13433,493 7368,27 S 2858,9087 10355,454 17020,535 7634,5596 10836,9375 9,430001
1,7910004 B 993,1098 11998,14 12178,069 12004,171 13433,493 7368,27 S 2858,9087 10355,454 17020,535 7634,5596 10836,9375 9,430001
1,7910554 B 993,1098 11998,14 12178,069 12004,171 13433,493 7368,27 S 2858,9087 10355,454 17020,535 7634,5596 10836,9375 9,430001
1,7919998 B 993,1098 11998,14 12178,069 12004,171 13433,493 7368,27 S 2858,9087 10355,454 17020,535 7634,5596 10836,9375 9,430001
1,7920003 B 993,1098 11998,14 12178,069 12004,171 13433,493 7368,27 S 2858,9087 10355,454 17020,535 7634,5596 10836,9375 9,430001
1,7920002 B 993,1098 11998,14 12178,069 12004,171 13433,493 7368,27 S 2858,9087 10355,454 17020,535 7634,5596 10836,9375 9,430001
1,7910705 B 993,1098 11998,14 12178,069 12004,171 13433,493 7368,27 S 2858,9087 10355,454 17020,535 7634,5596 10836,9375 9,430001
1,7904191 B 993,1098 11998,14 12178,069 12004,171 13433,493 7368,27 S 2858,9087 10355,454 17020,535 7634,5596 10836,9375 9,430001
1,7899996 B 993,1098 11998,14 12178,069 12004,171 13433,493 7368,27 S 2858,9087 10355,454 17020,535 7634,5596 10836,9375 9,430001
1,7899997 B 993,1098 11998,14 12178,069 12004,171 13433,493 7368,27 S 2858,9087 10355,454 17020,535 7634,5596 10836,9375 9,430001
1,78841 B 993,1098 11998,14 12178,069 12004,171 13433,493 7368,27 S 2858,9087 10355,454 17020,535 7634,5596 10836,9375 9,430001
1,7880005 B 993,1098 11998,14 12178,069 12004,171 13433,493 7368,27 S 2858,9087 10355,454 17020,535 7634,5596 10836,9375 9,430001
1,7880001 B 993,1098 11998,14 12178,069 12004,171 13433,493 7368,27 S 2858,9087 10355,454 17020,535 7634,5596 10836,9375 9,430001
1,7880001 B 993,1098 11998,14 12178,069 12004,171 13433,493 7368,27 S 2858,9087 10355,454 17020,535 7634,5596 10836,9375 9,430001
1,7880005 B 993,1098 11998,14 12178,069 12004,171 13433,493 7368,27 S 2858,9087 10355,454 17020,535 7634,5596 10836,9375 9,430001
1,7879993 B 993,1098 11998,14 12178,069 12004,171 13433,493 7368,27 S 2858,9087 10355,454 17020,535 7634,5596 10836,9375 9,430001
1,7879997 B 993,1098 11998,14 12178,069 12004,171 13433,493 7368,27 S 2858,9087 10355,454 17020,535 7634,5596 10836,9375 9,430001
1,7869477 B 993,1098 11998,14 12178,069 12004,171 13433,493 7368,27 S 2858,9087 10355,454 17020,535 7634,5596 10836,9375 9,430001
1,7860001 B 993,1098 11998,14 12178,069 12004,171 13433,493 7368,27 S 2858,9087 10355,454 17020,535 7634,5596 10836,9375 9,430001
1,786 B 993,1098 11998,14 12178,069 12004,171 13433,493 7368,27 S 2858,9087 10355,454 17020,535 7634,5596 10836,9375 9,430001
1,7863448 B 993,1098 11998,14 12178,069 12004,171 13433,493 7368,27 S 2858,9087 10355,454 17020,535 7634,5596 10836,9375 9,430001
1,7870002 B 993,1098 11998,14 12178,069 12004,171 13433,493 7368,27 S 2858,9087 10355,454 17020,535 7634,5596 10836,9375 9,430001
1,787 B 993,1098 11998,14 12178,069 12004,171 13433,493 7368,27 S 2858,9087 10355,454 17020,535 7634,5596 10836,9375 9,430001
1,7875165 B 993,1098 11998,14 12178,069 12004,171 13433,493 7368,27 S 2858,9087 10355,454 17020,535 7634,5596 10836,9375 9,430001
1,7886047 B 993,1098 11998,14 12178,069 12004,171 13433,493 7368,27 S 2858,9087 10355,454 17020,535 7634,5596 10836,9375 9,430001
1,789 B 993,1098 11998,14 12178,069 12004,171 13433,493 7368,27 S 2858,9087 10355,454 17020,535 7634,5596 10836,9375 9,430001
1,7890002 B 993,1098 11998,14 12178,069 12004,171 13433,493 7368,27 S 2858,9087 10355,454 17020,535 7634,5596 10836,9375 9,430001
1,7890003 B 993,1098 11998,14 12178,069 12004,171 13433,493 7368,27 S 2858,9087 10355,454 17020,535 7634,5596 10836,9375 9,430001
1,7890003 B 993,1098 11998,14 12178,069 12004,171 13433,493 7368,27 S 2858,9087 10355,454 17020,535 7634,5596 10836,9375 9,430001
1,789 B 993,1098 11998,14 12178,069 12004,171 13433,493 7368,27 S 2858,9087 10355,454 17020,535 7634,5596 10836,9375 9,430001
1,7890002 B 993,1098 11998,14 12178,069 12004,171 13433,493 7368,27 S 2858,9087 10355,454 17020,535 7634,5596 10836,9375 9,430001
1,7890003 B 993,1098 11998,14 12178,069 12004,171 13433,493 7368,27 S 2858,9087 10355,454 17020,535 7634,5596 10836,9375 9,430001
1,789 B 993,1098 11998,14 12178,069 12004,171 13433,493 7368,27 S 2858,9087 10355,454 17020,535 7634,5596 10836,9375 9,430001
1,7889996 B 993,1098 11998,14 12178,069 12004,171 13433,493 7368,27 S 2858,9087 10355,454 17020,535 7634,5596 10836,9375 9,430001
1,7890002 B 993,1098 11998,14 12178,069 12004,171 13433,493 7368,27 S 2858,9087 10355,454 17020,535 7634,5596 10836,9375 9,430001
1,7890002 B 993,1098 11998,14 12178,069 12004,171 13433,493 7368,27 S 2858,9087 10355,454 17020,535 7634,5596 10836,9375 9,430001
1,7890006 B 993,1098 11998,14 12178,069 12004,171 13433,493 7368,27 S 2858,9087 10355,454 17020,535 7634,5596 10836,9375 9,430001
1,7889999 B 993,1098 11998,14 12178,069 12004,171 13433,493 7368,27 S 2858,9087 10355,454 17020,535 7634,5596 10836,9375 9,430001
1,789 B 993,1098 11998,14 12178,069 12004,171 13433,493 7368,27 S 2858,9087 10355,454 17020,535 7634,5596 10836,9375 9,430001
1,7892817 B 993,1098 11998,14 12178,069 12004,171 13433,493 7368,27 S 2858,9087 10355,454 17020,535 7634,5596 10836,9375 9,430001
1,7899998 B 993,1098 11998,14 12178,069 12004,171 13433,493 7368,27 S 2858,9087 10355,454 17020,535 7634,5596 10836,9375 9,430001
1,7899997 B 993,1098 11998,14 12178,069 12004,171 13433,493 7368,27 S 2858,9087 10355,454 17020,535 7634,5596 10836,9375 9,430001
1,7900003 B 993,1098 11998,14 12178,069 12004,171 13433,493 7368,27 S 2858,9087 10355,454 17020,535 7634,5596 10836,9375 9,430001
1,7899997 B 993,1098 11998,14 12178,069 12004,171 13433,493 7368,27 S 2858,9087 10355,454 17020,535 7634,5596 10836,9375 9,430001
1,7899997 B 993,1098 11998,14 12178,069 12004,171 13433,493 7368,27 S 2858,9087 10355,454 17020,535 7634,5596 10836,9375 9,430001
1,7900003 B 993,1098 11998,14 12178,069 12004,171 13433,493 7368,27 S 2858,9087 10355,454 17020,535 7634,5596 10836,9375 9,430001
1,7899998 B 993,1098 11998,14 12178,069 12004,171 13433,493 7368,27 S 2858,9087 10355,454 17020,535 7634,5596 10836,9375 9,430001
1,7914127 B 993,1098 11998,14 12178,069 12004,171 13433,493 7368,27 S 2858,9087 10355,454 17020,535 7634,5596 10836,9375 9,430001
1,7920005 B 993,1098 11998,14 12178,069 12004,171 13433,493 7368,27 S 2858,9087 10355,454 17020,535 7634,5596 10836,9375 9,430001
1,7919999 B 993,1098 11998,14 12178,069 12004,171 13433,493 7368,27 S 2858,9087 10355,454 17020,535 7634,5596 10836,9375 9,430001
1,7919998 B 993,1098 11998,14 12178,069 12004,171 13433,493 7368,27 S 2858,9087 10355,454 17020,535 7634,5596 10836,9375 9,430001
1,7915231 B 993,1098 11998,14 12178,069 12004,171 13433,493 7368,27 S 2858,9087 10355,454 17020,535 7634,5596 10836,9375 9,430001
1,7910002 B 993,1098 11998,14 12178,069 12004,171 13433,493 7368,27 S 2858,9087 10355,454 17020,535 7634,5596 10836,9375 9,430001
1,7910006 B 993,1098 11998,14 12178,069 12004,171 13433,493 7368,27 S 2858,9087 10355,454 17020,535 7634,5596 10836,9375 9,430001
1,789635 B 993,1098 11998,14 12178,069 12004,171 13433,493 7368,27 S 2858,9087 10355,454 17020,535 7634,5596 10836,9375 9,430001
1,7889998 B 993,1098 11998,14 12178,069 12004,171 13433,493 7368,27 S 2858,9087 10355,454 17020,535 7634,5596 10836,9375 9,430001
1,7890002 B 993,1098 11998,14 12178,069 12004,171 13433,493 7368,27 S 2858,9087 10355,454 17020,535 7634,5596 10836,9375 9,430001
1,7898303 B 993,1098 11998,14 12178,069 12004,171 13433,493 7368,27 S 2858,9087 10355,454 17020,535 7634,5596 10836,9375 9,430001
1,7899998 B 993,1098 11998,14 12178,069 12004,171 13433,493 7368,27 S 2858,9087 10355,454 17020,535 7634,5596 10836,9375 9,430001
1,7900001 B 993,1098 11998,14 12178,069 12004,171 13433,493 7368,27 S 2858,9087 10355,454 17020,535 7634,5596 10836,9375 9,430001
1,7899998 B 993,1098 11998,14 12178,069 12004,171 13433,493 7368,27 S 2858,9087 10355,454 17020,535 7634,5596 10836,9375 9,430001
1,7900003 B 993,1098 11998,14 12178,069 12004,171 13433,493 7368,27 S 2858,9087 10355,454 17020,535 7634,5596 10836,9375 9,430001
1,7899998 B 993,1098 11998,14 12178,069 12004,171 13433,493 7368,27 S 2858,9087 10355,454 17020,535 7634,5596 10836,9375 9,430001
1,7900001 B 993,1098 11998,14 12178,069 12004,171 13433,493 7368,27 S 2858,9087 10355,454 17020,535 7634,5596 10836,9375 9,430001
1,7899998 B 993,1098 11998,14 12178,069 12004,171 13433,493 7368,27 S 2858,9087 10355,454 17020,535 7634,5596 10836,9375 9,430001
1,7900006 B 993,1098 11998,14 12178,069 12004,171 13433,493 7368,27 S 2858,9087 10355,454 17020,535 7634,5596 10836,9375 9,430001
1,7899998 B 993,1098 11998,14 12178,069 12004,171 13433,493 7368,27 S 2858,9087 10355,454 17020,535 7634,5596 10836,9375 9,430001
1,7900003 B 993,1098 11998,14 12178,069 12004,171 13433,493 7368,27 S 2858,9087 10355,454 17020,535 7634,5596 10836,9375 9,430001
1,7899997 B 993,1098 11998,14 12178,069 12004,171 13433,493 7368,27 S 2858,9087 10355,454 17020,535 7634,5596 10836,9375 9,430001
1,7900003 B 993,1098 11998,14 12178,069 12004,171 13433,493 7368,27 S 2858,9087 10355,454 17020,535 7634,5596 10836,9375 9,430001
1,7900001 B 993,1098 11998,14 12178,069 12004,171 13433,493 7368,27 S 2858,9087 10355,454 17020,535 7634,5596 10836,9375 9,430001
1,7900001 B 993,1098 11998,14 12178,069 12004,171 13433,493 7368,27 S 2858,9087 10355,454 17020,535 7634,5596 10836,9375 9,430001
1,7900001 B 993,1098 11998,14 12178,069 12004,171 13433,493 7368,27 S 2858,9087 10355,454 17020,535 7634,5596 10836,9375 9,430001
1,7900001 B 993,1098 11998,14 12178,069 12004,171 13433,493 7368,27 S 2858,9087 10355,454 17020,535 7634,5596 10836,9375 9,430001
1,7899996 B 993,1098 11998,14 12178,069 12004,171 13433,493 7368,27 S 2858,9087 10355,454 17020,535 7634,5596 10836,9375 9,430001
1,7899998 B 993,1098 11998,14 12178,069 12004,171 13433,493 7368,27 S 2858,9087 10355,454 17020,535 7634,5596 10836,9375 9,430001
1,7899998 B 993,1098 11998,14 12178,069 12004,171 13433,493 7368,27 S 2858,9087 10355,454 17020,535 7634,5596 10836,9375 9,430001
1,7899998 B 993,1098 11998,14 12178,069 12004,171 13433,493 7368,27 S 2858,9087 10355,454 17020,535 7634,5596 10836,9375 9,430001
1,7899997 B 993,1098 11998,14 12178,069 12004,171 13433,493 7368,27 S 2858,9087 10355,454 17020,535 7634,5596 10836,9375 9,430001
1,7900001 B 993,1098 11998,14 12178,069 12004,171 13433,493 7368,27 S 2858,9087 10355,454 17020,535 7634,5596 10836,9375 9,430001
1,7900006 B 993,1098 11998,14 12178,069 12004,171 13433,493 7368,27 S 2858,9087 10355,454 17020,535 7634,5596 10836,9375 9,430001
1,7900002 B 993,1098 11998,14 12178,069 12004,171 13433,493 7368,27 S 2858,9087 10355,454 17020,535 7634,5596 10836,9375 9,430001
1,7894707 B 993,1098 11998,14 12178,069 12004,171 13433,493 7368,27 S 2858,9087 10355,454 17020,535 7634,5596 10836,9375 9,430001
1,7889999 B 993,1098 11998,14 12178,069 12004,171 13433,493 7368,27 S 2858,9087 10355,454 17020,535 7634,5596 10836,9375 9,430001
1,7890002 B 993,1098 11998,14 12178,069 12004,171 13433,493 7368,27 S 2858,9087 10355,454 17020,535 7634,5596 10836,9375 9,430001
1,7880186 B 993,1098 11998,14 12178,069 12004,171 13433,493 7368,27 S 2858,9087 10355,454 17020,535 7634,5596 10836,9375 9,430001
1,7880001 B 993,1098 11998,14 12178,069 12004,171 13433,493 7368,27 S 2858,9087 10355,454 17020,535 7634,5596 10836,9375 9,430001
1,7879997 B 993,1098 11998,14 12178,069 12004,171 13433,493 7368,27 S 2858,9087 10355,454 17020,535 7634,5596 10836,9375 9,430001
1,7865963 B 993,1098 11998,14 12178,069 12004,171 13433,493 7368,27 S 2858,9087 10355,454 17020,535 7634,5596 10836,9375 9,430001
1,7860001 B 993,1098 11998,14 12178,069 12004,171 13433,493 7368,27 S 2858,9087 10355,454 17020,535 7634,5596 10836,9375 9,430001
1,7859999 B 993,1098 11998,14 12178,069 12004,171 13433,493 7368,27 S 2858,9087 10355,454 17020,535 7634,5596 10836,9375 9,430001
1,7866944 B 993,1098 11998,14 12178,069 12004,171 13433,493 7368,27 S 2858,9087 10355,454 17020,535 7634,5596 10836,9375 9,430001
1,7869996 B 993,1098 11998,14 12178,069 12004,171 13433,493 7368,27 S 2858,9087 10355,454 17020,535 7634,5596 10836,9375 9,430001
1,7869996 B 993,1098 11998,14 12178,069 12004,171 13433,493 7368,27 S 2858,9087 10355,454 17020,535 7634,5596 10836,9375 9,430001
1,7869993 B 993,1098 11998,14 12178,069 12004,171 13433,493 7368,27 S 2858,9087 10355,454 17020,535 7634,5596 10836,9375 9,430001
1,7869996 B 993,1098 11998,14 12178,069 12004,171 13433,493 7368,27 S 2858,9087 10355,454 17020,535 7634,5596 10836,9375 9,430001
1,787 B 993,1098 11998,14 12178,069 12004,171 13433,493 7368,27 S 2858,9087 10355,454 17020,535 7634,5596 10836,9375 9,430001
1,7861602 B 993,1098 11998,14 12178,069 12004,171 13433,493 7368,27 S 2858,9087 10355,454 17020,535 7634,5596 10836,9375 9,430001
1,7862543 B 993,1098 11998,14 12178,069 12004,171 13433,493 7368,27 S 2858,9087 10355,454 17020,535 7634,5596 10836,9375 9,430001
1,787 B 993,1098 11998,14 12178,069 12004,171 13433,493 7368,27 S 2858,9087 10355,454 17020,535 7634,5596 10836,9375 9,430001
1,7869998 B 993,1098 11998,14 12178,069 12004,171 13433,493 7368,27 S 2858,9087 10355,454 17020,535 7634,5596 10836,9375 9,430001
1,787 B 993,1098 11998,14 12178,069 12004,171 13433,493 7368,27 S 2858,9087 10355,454 17020,535 7634,5596 10836,9375 9,430001
1,787 B 993,1098 11998,14 12178,069 12004,171 13433,493 7368,27 S 2858,9087 10355,454 17020,535 7634,5596 10836,9375 9,430001
1,7869995 B 993,1098 11998,14 12178,069 12004,171 13433,493 7368,27 S 2858,9087 10355,454 17020,535 7634,5596 10836,9375 9,430001
1,7869995 B 993,1098 11998,14 12178,069 12004,171 13433,493 7368,27 S 2858,9087 10355,454 17020,535 7634,5596 10836,9375 9,430001
1,7870002 B 993,1098 11998,14 12178,069 12004,171 13433,493 7368,27 S 2858,9087 10355,454 17020,535 7634,5596 10836,9375 9,430001
1,7870005 B 993,1098 11998,14 12178,069 12004,171 13433,493 7368,27 S 2858,9087 10355,454 17020,535 7634,5596 10836,9375 9,430001
1,7866018 B 993,1098 11998,14 12178,069 12004,171 13433,493 7368,27 S 2858,9087 10355,454 17020,535 7634,5596 10836,9375 9,430001
1,7860005 B 993,1098 11998,14 12178,069 12004,171 13433,493 7368,27 S 2858,9087 10355,454 17020,535 7634,5596 10836,9375 9,430001
1,7859999 B 993,1098 11998,14 12178,069 12004,171 13433,493 7368,27 S 2858,9087 10355,454 17020,535 7634,5596 10836,9375 9,430001
1,786 B 993,1098 11998,14 12178,069 12004,171 13433,493 7368,27 S 2858,9087 10355,454 17020,535 7634,5596 10836,9375 9,430001
1,7868428 B 993,1098 11998,14 12178,069 12004,171 13433,493 7368,27 S 2858,9087 10355,454 17020,535 7634,5596 10836,9375 9,430001
1,7870009 B 993,1098 11998,14 12178,069 12004,171 13433,493 7368,27 S 2858,9087 10355,454 17020,535 7634,5596 10836,9375 9,430001
1,787 B 993,1098 11998,14 12178,069 12004,171 13433,493 7368,27 S 2858,9087 10355,454 17020,535 7634,5596 10836,9375 9,430001
1,787 B 993,1098 11998,14 12178,069 12004,171 13433,493 7368,27 S 2858,9087 10355,454 17020,535 7634,5596 10836,9375 9,430001
1,7877814 B 993,1098 11998,14 12178,069 12004,171 13433,493 7368,27 S 2858,9087 10355,454 17020,535 7634,5596 10836,9375 9,430001
1,7880003 B 993,1098 11998,14 12178,069 12004,171 13433,493 7368,27 S 2858,9087 10355,454 17020,535 7634,5596 10836,9375 9,430001
1,7878833 B 993,1098 11998,14 12178,069 12004,171 13433,493 7368,27 S 2858,9087 10355,454 17020,535 7634,5596 10836,9375 9,430001
1,7867284 B 993,1098 11998,14 12178,069 12004,171 13433,493 7368,27 S 2858,9087 10355,454 17020,535 7634,5596 10836,9375 9,430001
1,7859999 B 993,1098 11998,14 12178,069 12004,171 13433,493 7368,27 S 2858,9087 10355,454 17020,535 7634,5596 10836,9375 9,430001
1,7859999 B 993,1098 11998,14 12178,069 12004,171 13433,493 7368,27 S 2858,9087 10355,454 17020,535 7634,5596 10836,9375 9,430001
1,7859997 B 993,1098 11998,14 12178,069 12004,171 13433,493 7368,27 S 2858,9087 10355,454 17020,535 7634,5596 10836,9375 9,430001
1,7859997 B 993,1098 11998,14 12178,069 12004,171 13433,493 7368,27 S 2858,9087 10355,454 17020,535 7634,5596 10836,9375 9,430001
1,7860001 B 993,1098 11998,14 12178,069 12004,171 13433,493 7368,27 S 2858,9087 10355,454 17020,535 7634,5596 10836,9375 9,430001
1,7859995 B 993,1098 11998,14 12178,069 12004,171 13433,493 7368,27 S 2858,9087 10355,454 17020,535 7634,5596 10836,9375 9,430001
1,7860004 B 993,1098 11998,14 12178,069 12004,171 13433,493 7368,27 S 2858,9087 10355,454 17020,535 7634,5596 10836,9375 9,430001
1,7860006 B 993,1098 11998,14 12178,069 12004,171 13433,493 7368,27 S 2858,9087 10355,454 17020,535 7634,5596 10836,9375 9,430001
1,7859998 B 993,1098 11998,14 12178,069 12004,171 13433,493 7368,27 S 2858,9087 10355,454 17020,535 7634,5596 10836,9375 9,430001
1,7860004 B 993,1098 11998,14 12178,069 12004,171 13433,493 7368,27 S 2858,9087 10355,454 17020,535 7634,5596 10836,9375 9,430001
1,7859998 B 993,1098 11998,14 12178,069 12004,171 13433,493 7368,27 S 2858,9087 10355,454 17020,535 7634,5596 10836,9375 9,430001
1,7859999 B 993,1098 11998,14 12178,069 12004,171 13433,493 7368,27 S 2858,9087 10355,454 17020,535 7634,5596 10836,9375 9,430001
1,7860006 B 993,1098 11998,14 12178,069 12004,171 13433,493 7368,27 S 2858,9087 10355,454 17020,535 7634,5596 10836,9375 9,430001
1,7859998 B 993,1098 11998,14 12178,069 12004,171 13433,493 7368,27 S 2858,9087 10355,454 17020,535 7634,5596 10836,9375 9,430001
1,7860004 B 993,1098 11998,14 12178,069 12004,171 13433,493 7368,27 S 2858,9087 10355,454 17020,535 7634,5596 10836,9375 9,430001
1,7859997 B 993,1098 11998,14 12178,069 12004,171 13433,493 7368,27 S 2858,9087 10355,454 17020,535 7634,5596 10836,9375 9,430001
1,785153 B 993,1098 11998,14 12178,069 12004,171 13433,493 7368,27 S 2858,9087 10355,454 17020,535 7634,5596 10836,9375 9,430001
1,7849997 B 993,1098 11998,14 12178,069 12004,171 13433,493 7368,27 S 2858,9087 10355,454 17020,535 7634,5596 10836,9375 9,430001
1,7849998 B 993,1098 11998,14 12178,069 12004,171 13433,493 7368,27 S 2858,9087 10355,454 17020,535 7634,5596 10836,9375 9,430001
1,7849995 B 993,1098 11998,14 12178,069 12004,171 13433,493 7368,27 S 2858,9087 10355,454 17020,535 7634,5596 10836,9375 9,430001
1,7850003 B 993,1098 11998,14 12178,069 12004,171 13433,493 7368,27 S 2858,9087 10355,454 17020,535 7634,5596 10836,9375 9,430001
1,7850003 B 993,1098 11998,14 12178,069 12004,171 13433,493 7368,27 S 2858,9087 10355,454 17020,535 7634,5596 10836,9375 9,430001
1,7849996 B 993,1098 11998,14 12178,069 12004,171 13433,493 7368,27 S 2858,9087 10355,454 17020,535 7634,5596 10836,9375 9,430001
1,7849997 B 993,1098 11998,14 12178,069 12004,171 13433,493 7368,27 S 2858,9087 10355,454 17020,535 7634,5596 10836,9375 9,430001
1,7850006 B 993,1098 11998,14 12178,069 12004,171 13433,493 7368,27 S 2858,9087 10355,454 17020,535 7634,5596 10836,9375 9,430001
1,7849996 B 993,1098 11998,14 12178,069 12004,171 13433,493 7368,27 S 2858,9087 10355,454 17020,535 7634,5596 10836,9375 9,430001
1,7849998 B 993,1098 11998,14 12178,069 12004,171 13433,493 7368,27 S 2858,9087 10355,454 17020,535 7634,5596 10836,9375 9,430001
1,7850001 B 993,1098 11998,14 12178,069 12004,171 13433,493 7368,27 S 2858,9087 10355,454 17020,535 7634,5596 10836,9375 9,430001
1,7849995 B 993,1098 11998,14 12178,069 12004,171 13433,493 7368,27 S 2858,9087 10355,454 17020,535 7634,5596 10836,9375 9,430001
1,7850001 B 993,1098 11998,14 12178,069 12004,171 13433,493 7368,27 S 2858,9087 10355,454 17020,535 7634,5596 10836,9375 9,430001
1,786069 B 993,1098 11998,14 12178,069 12004,171 13433,493 7368,27 S 2858,9087 10355,454 17020,535 7634,5596 10836,9375 9,430001
1,7869998 B 993,1098 11998,14 12178,069 12004,171 13433,493 7368,27 S 2858,9087 10355,454 17020,535 7634,5596 10836,9375 9,430001
1,7870003 B 993,1098 11998,14 12178,069 12004,171 13433,493 7368,27 S 2858,9087 10355,454 17020,535 7634,5596 10836,9375 9,430001
1,7870002 B 993,1098 11998,14 12178,069 12004,171 13433,493 7368,27 S 2858,9087 10355,454 17020,535 7634,5596 10836,9375 9,430001
1,7869993 B 993,1098 11998,14 12178,069 12004,171 13433,493 7368,27 S 2858,9087 10355,454 17020,535 7634,5596 10836,9375 9,430001
1,7870001 B 993,1098 11998,14 12178,069 12004,171 13433,493 7368,27 S 2858,9087 10355,454 17020,535 7634,5596 10836,9375 9,430001
1,7875016 B 993,1098 11998,14 12178,069 12004,171 13433,493 7368,27 S 2858,9087 10355,454 17020,535 7634,5596 10836,9375 9,430001
1,7879999 B 993,1098 11998,14 12178,069 12004,171 13433,493 7368,27 S 2858,9087 10355,454 17020,535 7634,5596 10836,9375 9,430001
1,7880002 B 993,1098 11998,14 12178,069 12004,171 13433,493 7368,27 S 2858,9087 10355,454 17020,535 7634,5596 10836,9375 9,430001
1,7880006 B 993,1098 11998,14 12178,069 12004,171 13433,493 7368,27 S 2858,9087 10355,454 17020,535 7634,5596 10836,9375 9,430001
1,7880001 B 993,1098 11998,14 12178,069 12004,171 13433,493 7368,27 S 2858,9087 10355,454 17020,535 7634,5596 10836,9375 9,430001
1,7880001 B 993,1098 11998,14 12178,069 12004,171 13433,493 7368,27 S 2858,9087 10355,454 17020,535 7634,5596 10836,9375 9,430001
1,7881851 B 993,1098 11998,14 12178,069 12004,171 13433,493 7368,27 S 2858,9087 10355,454 17020,535 7634,5596 10836,9375 9,430001
1,7899998 B 993,1098 11998,14 12178,069 12004,171 13433,493 7368,27 S 2858,9087 10355,454 17020,535 7634,5596 10836,9375 9,430001
1,7899998 B 993,1098 11998,14 12178,069 12004,171 13433,493 7368,27 S 2858,9087 10355,454 17020,535 7634,5596 10836,9375 9,430001
1,7899997 B 993,1098 11998,14 12178,069 12004,171 13433,493 7368,27 S 2858,9087 10355,454 17020,535 7634,5596 10836,9375 9,430001
1,7899998 B 993,1098 11998,14 12178,069 12004,171 13433,493 7368,27 S 2858,9087 10355,454 17020,535 7634,5596 10836,9375 9,430001
1,7900002 B 993,1098 11998,14 12178,069 12004,171 13433,493 7368,27 S 2858,9087 10355,454 17020,535 7634,5596 10836,9375 9,430001
1,7900003 B 993,1098 11998,14 12178,069 12004,171 13433,493 7368,27 S 2858,9087 10355,454 17020,535 7634,5596 10836,9375 9,430001
1,7890235 B 993,1098 11998,14 12178,069 12004,171 13433,493 7368,27 S 2858,9087 10355,454 17020,535 7634,5596 10836,9375 9,430001
1,7894527 B 993,1098 11998,14 12178,069 12004,171 13433,493 7368,27 S 2858,9087 10355,454 17020,535 7634,5596 10836,9375 9,430001
1,7900002 B 993,1098 11998,14 12178,069 12004,171 13433,493 7368,27 S 2858,9087 10355,454 17020,535 7634,5596 10836,9375 9,430001
1,7900001 B 993,1098 11998,14 12178,069 12004,171 13433,493 7368,27 S 2858,9087 10355,454 17020,535 7634,5596 10836,9375 9,430001
