1,7846469
1,7765309 B 8,9800005 3221,5508 10041,635 18835,27 7950,11 12036,701 S 9399,845 10266,33 11014,783 23335,7 7606,6313 1720,4001
1,7770001 B 8,9800005 3221,5508 10041,635 18835,27 7950,11 12036,701 S 9399,845 10266,33 11014,783 23335,7 7606,6313 1720,4001
1,7762619 B 8,9800005 3221,5508 10041,635 18835,27 7950,11 12036,701 S 9399,845 10266,33 11014,783 23335,7 7606,6313 1720,4001
1,7759999 B 8,9800005 3221,5508 10041,635 18835,27 7950,11 12036,701 S 9399,845 10266,33 11014,783 23335,7 7606,6313 1720,4001
1,7759994 B 8,9800005 3221,5508 10041,635 18835,27 7950,11 12036,701 S 9399,845 10266,33 11014,783 23335,7 7606,6313 1720,4001
1,7760001 B 8,9800005 3221,5508 10041,635 18835,27 7950,11 12036,701 S 9399,845 10266,33 11014,783 23335,7 7606,6313 1720,4001
1,7760005 B 8,9800005 3221,5508 10041,635 18835,27 7950,11 12036,701 S 9399,845 10266,33 11014,783 23335,7 7606,6313 1720,4001
1,7760001 B 8,9800005 3221,5508 10041,635 18835,27 7950,11 12036,701 S 9399,845 10266,33 11014,783 23335,7 7606,6313 1720,4001
1,7762374 B 8,9800005 3221,5508 10041,635 18835,27 7950,11 12036,701 S 9399,845 10266,33 11014,783 23335,7 7606,6313 1720,4001
1,7760003 B 8,9800005 3221,5508 10041,635 18835,27 7950,11 12036,701 S 9399,845 10266,33 11014,783 23335,7 7606,6313 1720,4001
1,7759998 B 8,9800005 3221,5508 10041,635 18835,27 7950,11 12036,701 S 9399,845 10266,33 11014,783 23335,7 7606,6313 1720,4001
1,7766011 B 8,9800005 3221,5508 10041,635 18835,27 7950,11 12036,701 S 9399,845 10266,33 11014,783 23335,7 7606,6313 1720,4001
1,7770001 B 8,9800005 3221,5508 10041,635 18835,27 7950,11 12036,701 S 9399,845 10266,33 11014,783 23335,7 7606,6313 1720,4001
1,7770001 B 8,9800005 3221,5508 10041,635 18835,27 7950,11 12036,701 S 9399,845 10266,33 11014,783 23335,7 7606,6313 1720,4001
1,777054 B 8,9800005 3221,5508 10041,635 18835,27 7950,11 12036,701 S 9399,845 10266,33 11014,783 23335,7 7606,6313 1720,4001
1,7780001 B 8,9800005 3221,5508 10041,635 18835,27 7950,11 12036,701 S 9399,845 10266,33 11014,783 23335,7 7606,6313 1720,4001
1,7779999 B 8,9800005 3221,5508 10041,635 18835,27 7950,11 12036,701 S 9399,845 10266,33 11014,783 23335,7 7606,6313 1720,4001
1,7779999 B 8,9800005 3221,5508 10041,635 18835,27 7950,11 12036,701 S 9399,845 10266,33 11014,783 23335,7 7606,6313 1720,4001
1,7780001 B 8,9800005 3221,5508 10041,635 18835,27 7950,11 12036,701 S 9399,845 10266,33 11014,783 23335,7 7606,6313 1720,4001
1,7779996 B 8,9800005 3221,5508 10041,635 18835,27 7950,11 12036,701 S 9399,845 10266,33 11014,783 23335,7 7606,6313 1720,4001
1,7782813 B 8,9800005 3221,5508 10041,635 18835,27 7950,11 12036,701 S 9399,845 10266,33 11014,783 23335,7 7606,6313 1720,4001
1,779 B 8,9800005 3221,5508 10041,635 18835,27 7950,11 12036,701 S 9399,845 10266,33 11014,783 23335,7 7606,6313 1720,4001
1,7795541 B 8,9800005 3221,5508 10041,635 18835,27 7950,11 12036,701 S 9399,845 10266,33 11014,783 23335,7 7606,6313 1720,4001
1,7800002 B 8,9800005 3221,5508 10041,635 18835,27 7950,11 12036,701 S 9399,845 10266,33 11014,783 23335,7 7606,6313 1720,4001
1,7808193 B 8,9800005 3221,5508 10041,635 18835,27 7950,11 12036,701 S 9399,845 10266,33 11014,783 23335,7 7606,6313 1720,4001
1,7820001 B 8,9800005 3221,5508 10041,635 18835,27 7950,11 12036,701 S 9399,845 10266,33 11014,783 23335,7 7606,6313 1720,4001
1,7820001 B 8,9800005 3221,5508 10041,635 18835,27 7950,11 12036,701 S 9399,845 10266,33 11014,783 23335,7 7606,6313 1720,4001
1,7810631 B 8,9800005 3221,5508 10041,635 18835,27 7950,11 12036,701 S 9399,845 10266,33 11014,783 23335,7 7606,6313 1720,4001
1,7799995 B 8,9800005 3221,5508 10041,635 18835,27 7950,11 12036,701 S 9399,845 10266,33 11014,783 23335,7 7606,6313 1720,4001
1,78 B 8,9800005 3221,5508 10041,635 18835,27 7950,11 12036,701 S 9399,845 10266,33 11014,783 23335,7 7606,6313 1720,4001
1,7799991 B 8,9800005 3221,5508 10041,635 18835,27 7950,11 12036,701 S 9399,845 10266,33 11014,783 23335,7 7606,6313 1720,4001
1,7800001 B 8,9800005 3221,5508 10041,635 18835,27 7950,11 12036,701 S 9399,845 10266,33 11014,783 23335,7 7606,6313 1720,4001
1,7800002 B 8,9800005 3221,5508 10041,635 18835,27 7950,11 12036,701 S 9399,845 10266,33 11014,783 23335,7 7606,6313 1720,4001
1,7800003 B 8,9800005 3221,5508 10041,635 18835,27 7950,11 12036,701 S 9399,845 10266,33 11014,783 23335,7 7606,6313 1720,4001
1,7800004 B 8,9800005 3221,5508 10041,635 18835,27 7950,11 12036,701 S 9399,845 10266,33 11014,783 23335,7 7606,6313 1720,4001
1,7799999 B 8,9800005 3221,5508 10041,635 18835,27 7950,11 12036,701 S 9399,845 10266,33 11014,783 23335,7 7606,6313 1720,4001
1,7799996 B 8,9800005 3221,5508 10041,635 18835,27 7950,11 12036,701 S 9399,845 10266,33 11014,783 23335,7 7606,6313 1720,4001
1,78 B 8,9800005 3221,5508 10041,635 18835,27 7950,11 12036,701 S 9399,845 10266,33 11014,783 23335,7 7606,6313 1720,4001
1,7800001 B 8,9800005 3221,5508 10041,635 18835,27 7950,11 12036,701 S 9399,845 10266,33 11014,783 23335,7 7606,6313 1720,4001
1,7800001 B 8,9800005 3221,5508 10041,635 18835,27 7950,11 12036,701 S 9399,845 10266,33 11014,783 23335,7 7606,6313 1720,4001
1,7799996 B 8,9800005 3221,5508 10041,635 18835,27 7950,11 12036,701 S 9399,845 10266,33 11014,783 23335,7 7606,6313 1720,4001
1,78 B 8,9800005 3221,5508 10041,635 18835,27 7950,11 12036,701 S 9399,845 10266,33 11014,783 23335,7 7606,6313 1720,4001
1,7800006 B 8,9800005 3221,5508 10041,635 18835,27 7950,11 12036,701 S 9399,845 10266,33 11014,783 23335,7 7606,6313 1720,4001
1,7796674 B 8,9800005 3221,5508 10041,635 18835,27 7950,11 12036,701 S 9399,845 10266,33 11014,783 23335,7 7606,6313 1720,4001
1,7779998 B 8,9800005 3221,5508 10041,635 18835,27 7950,11 12036,701 S 9399,845 10266,33 11014,783 23335,7 7606,6313 1720,4001
1,7778003 B 8,9800005 3221,5508 10041,635 18835,27 7950,11 12036,701 S 9399,845 10266,33 11014,783 23335,7 7606,6313 1720,4001
1,7769992 B 8,9800005 3221,5508 10041,635 18835,27 7950,11 12036,701 S 9399,845 10266,33 11014,783 23335,7 7606,6313 1720,4001
1,7769998 B 8,9800005 3221,5508 10041,635 18835,27 7950,11 12036,701 S 9399,845 10266,33 11014,783 23335,7 7606,6313 1720,4001
1,777 B 8,9800005 3221,5508 10041,635 18835,27 7950,11 12036,701 S 9399,845 10266,33 11014,783 23335,7 7606,6313 1720,4001
1,7770922 B 8,9800005 3221,5508 10041,635 18835,27 7950,11 12036,701 S 9399,845 10266,33 11014,783 23335,7 7606,6313 1720,4001
1,7780002 B 8,9800005 3221,5508 10041,635 18835,27 7950,11 12036,701 S 9399,845 10266,33 11014,783 23335,7 7606,6313 1720,4001
1,7779999 B 8,9800005 3221,5508 10041,635 18835,27 7950,11 12036,701 S 9399,845 10266,33 11014,783 23335,7 7606,6313 1720,4001
1,7780004 B 8,9800005 3221,5508 10041,635 18835,27 7950,11 12036,701 S 9399,845 10266,33 11014,783 23335,7 7606,6313 1720,4001
1,77831 B 8,9800005 3221,5508 10041,635 18835,27 7950,11 12036,701 S 9399,845 10266,33 11014,783 23335,7 7606,6313 1720,4001
1,7790002 B 8,9800005 3221,5508 10041,635 18835,27 7950,11 12036,701 S 9399,845 10266,33 11014,783 23335,7 7606,6313 1720,4001
1,7789994 B 8,9800005 3221,5508 10041,635 18835,27 7950,11 12036,701 S 9399,845 10266,33 11014,783 23335,7 7606,6313 1720,4001
1,7789996 B 8,9800005 3221,5508 10041,635 18835,27 7950,11 12036,701 S 9399,845 10266,33 11014,783 23335,7 7606,6313 1720,4001
1,7789998 B 8,9800005 3221,5508 10041,635 18835,27 7950,11 12036,701 S 9399,845 10266,33 11014,783 23335,7 7606,6313 1720,4001
1,7798135 B 8,9800005 3221,5508 10041,635 18835,27 7950,11 12036,701 S 9399,845 10266,33 11014,783 23335,7 7606,6313 1720,4001
1,7809999 B 8,9800005 3221,5508 10041,635 18835,27 7950,11 12036,701 S 9399,845 10266,33 11014,783 23335,7 7606,6313 1720,4001
1,7809995 B 8,9800005 3221,5508 10041,635 18835,27 7950,11 12036,701 S 9399,845 10266,33 11014,783 23335,7 7606,6313 1720,4001
1,7804437 B 8,9800005 3221,5508 10041,635 18835,27 7950,11 12036,701 S 9399,845 10266,33 11014,783 23335,7 7606,6313 1720,4001
1,78 B 8,9800005 3221,5508 10041,635 18835,27 7950,11 12036,701 S 9399,845 10266,33 11014,783 23335,7 7606,6313 1720,4001
1,7800002 B 8,9800005 3221,5508 10041,635 18835,27 7950,11 12036,701 S 9399,845 10266,33 11014,783 23335,7 7606,6313 1720,4001
1,7791355 B 8,9800005 3221,5508 10041,635 18835,27 7950,11 12036,701 S 9399,845 10266,33 11014,783 23335,7 7606,6313 1720,4001
1,7802459 B 8,9800005 3221,5508 10041,635 18835,27 7950,11 12036,701 S 9399,845 10266,33 11014,783 23335,7 7606,6313 1720,4001
1,7801005 B 8,9800005 3221,5508 10041,635 18835,27 7950,11 12036,701 S 9399,845 10266,33 11014,783 23335,7 7606,6313 1720,4001
1,7799999 B 8,9800005 3221,5508 10041,635 18835,27 7950,11 12036,701 S 9399,845 10266,33 11014,783 23335,7 7606,6313 1720,4001
1,78 B 8,9800005 3221,5508 10041,635 18835,27 7950,11 12036,701 S 9399,845 10266,33 11014,783 23335,7 7606,6313 1720,4001
1,7799996 B 8,9800005 3221,5508 10041,635 18835,27 7950,11 12036,701 S 9399,845 10266,33 11014,783 23335,7 7606,6313 1720,4001
1,7803571 B 8,9800005 3221,5508 10041,635 18835,27 7950,11 12036,701 S 9399,845 10266,33 11014,783 23335,7 7606,6313 1720,4001
1,7809997 B 8,9800005 3221,5508 10041,635 18835,27 7950,11 12036,701 S 9399,845 10266,33 11014,783 23335,7 7606,6313 1720,4001
1,7810001 B 8,9800005 3221,5508 10041,635 18835,27 7950,11 12036,701 S 9399,845 10266,33 11014,783 23335,7 7606,6313 1720,4001
1,7815098 B 8,9800005 3221,5508 10041,635 18835,27 7950,11 12036,701 S 9399,845 10266,33 11014,783 23335,7 7606,6313 1720,4001
1,7819996 B 8,9800005 3221,5508 10041,635 18835,27 7950,11 12036,701 S 9399,845 10266,33 11014,783 23335,7 7606,6313 1720,4001
1,7820001 B 8,9800005 3221,5508 10041,635 18835,27 7950,11 12036,701 S 9399,845 10266,33 11014,783 23335,7 7606,6313 1720,4001
1,782 B 8,9800005 3221,5508 10041,635 18835,27 7950,11 12036,701 S 9399,845 10266,33 11014,783 23335,7 7606,6313 1720,4001
1,7821577 B 8,9800005 3221,5508 10041,635 18835,27 7950,11 12036,701 S 9399,845 10266,33 11014,783 23335,7 7606,6313 1720,4001
1,7829998 B 8,9800005 3221,5508 10041,635 18835,27 7950,11 12036,701 S 9399,845 10266,33 11014,783 23335,7 7606,6313 1720,4001
1,7830001 B 8,9800005 3221,5508 10041,635 18835,27 7950,11 12036,701 S 9399,845 10266,33 11014,783 23335,7 7606,6313 1720,4001
1,7823673 B 8,9800005 3221,5508 10041,635 18835,27 7950,11 12036,701 S 9399,845 10266,33 11014,783 23335,7 7606,6313 1720,4001
1,7800003 B 8,9800005 3221,5508 10041,635 18835,27 7950,11 12036,701 S 9399,845 10266,33 11014,783 23335,7 7606,6313 1720,4001
1,7800004 B 8,9800005 3221,5508 10041,635 18835,27 7950,11 12036,701 S 9399,845 10266,33 11014,783 23335,7 7606,6313 1720,4001
1,7807238 B 8,9800005 3221,5508 10041,635 18835,27 7950,11 12036,701 S 9399,845 10266,33 11014,783 23335,7 7606,6313 1720,4001
1,7816149 B 8,9800005 3221,5508 10041,635 18835,27 7950,11 12036,701 S 9399,845 10266,33 11014,783 23335,7 7606,6313 1720,4001
1,7836051 B 8,9800005 3221,5508 10041,635 18835,27 7950,11 12036,701 S 9399,845 10266,33 11014,783 23335,7 7606,6313 1720,4001
1,7839997 B 8,9800005 3221,5508 10041,635 18835,27 7950,11 12036,701 S 9399,845 10266,33 11014,783 23335,7 7606,6313 1720,4001
1,7840003 B 8,9800005 3221,5508 10041,635 18835,27 7950,11 12036,701 S 9399,845 10266,33 11014,783 23335,7 7606,6313 1720,4001
1,7846179 B 8,9800005 3221,5508 10041,635 18835,27 7950,11 12036,701 S 9399,845 10266,33 11014,783 23335,7 7606,6313 1720,4001
1,7849998 B 8,9800005 3221,5508 10041,635 18835,27 7950,11 12036,701 S 9399,845 10266,33 11014,783 23335,7 7606,6313 1720,4001
1,7849998 B 8,9800005 3221,5508 10041,635 18835,27 7950,11 12036,701 S 9399,845 10266,33 11014,783 23335,7 7606,6313 1720,4001
1,7850764 B 8,9800005 3221,5508 10041,635 18835,27 7950,11 12036,701 S 9399,845 10266,33 11014,783 23335,7 7606,6313 1720,4001
1,7859997 B 8,9800005 3221,5508 10041,635 18835,27 7950,11 12036,701 S 9399,845 10266,33 11014,783 23335,7 7606,6313 1720,4001
1,7859998 B 8,9800005 3221,5508 10041,635 18835,27 7950,11 12036,701 S 9399,845 10266,33 11014,783 23335,7 7606,6313 1720,4001
1,7859997 B 8,9800005 3221,5508 10041,635 18835,27 7950,11 12036,701 S 9399,845 10266,33 11014,783 23335,7 7606,6313 1720,4001
1,7859997 B 8,9800005 3221,5508 10041,635 18835,27 7950,11 12036,701 S 9399,845 10266,33 11014,783 23335,7 7606,6313 1720,4001
1,7859995 B 8,9800005 3221,5508 10041,635 18835,27 7950,11 12036,701 S 9399,845 10266,33 11014,783 23335,7 7606,6313 1720,4001
1,7860001 B 8,9800005 3221,5508 10041,635 18835,27 7950,11 12036,701 S 9399,845 10266,33 11014,783 23335,7 7606,6313 1720,4001
1,786188 B 8,9800005 3221,5508 10041,635 18835,27 7950,11 12036,701 S 9399,845 10266,33 11014,783 23335,7 7606,6313 1720,4001
1,787 B 8,9800005 3221,5508 10041,635 18835,27 7950,11 12036,701 S 9399,845 10266,33 11014,783 23335,7 7606,6313 1720,4001
1,787 B 8,9800005 3221,5508 10041,635 18835,27 7950,11 12036,701 S 9399,845 10266,33 11014,783 23335,7 7606,6313 1720,4001
1,7870001 B 8,9800005 3221,5508 10041,635 18835,27 7950,11 12036,701 S 9399,845 10266,33 11014,783 23335,7 7606,6313 1720,4001
1,7869998 B 8,9800005 3221,5508 10041,635 18835,27 7950,11 12036,701 S 9399,845 10266,33 11014,783 23335,7 7606,6313 1720,4001
1,7870001 B 8,9800005 3221,5508 10041,635 18835,27 7950,11 12036,701 S 9399,845 10266,33 11014,783 23335,7 7606,6313 1720,4001
1,7870003 B 8,9800005 3221,5508 10041,635 18835,27 7950,11 12036,701 S 9399,845 10266,33 11014,783 23335,7 7606,6313 1720,4001
1,7869995 B 8,9800005 3221,5508 10041,635 18835,27 7950,11 12036,701 S 9399,845 10266,33 11014,783 23335,7 7606,6313 1720,4001
1,7870001 B 8,9800005 3221,5508 10041,635 18835,27 7950,11 12036,701 S 9399,845 10266,33 11014,783 23335,7 7606,6313 1720,4001
1,7869998 B 8,9800005 3221,5508 10041,635 18835,27 7950,11 12036,701 S 9399,845 10266,33 11014,783 23335,7 7606,6313 1720,4001
1,787 B 8,9800005 3221,5508 10041,635 18835,27 7950,11 12036,701 S 9399,845 10266,33 11014,783 23335,7 7606,6313 1720,4001
1,7875911 B 8,9800005 3221,5508 10041,635 18835,27 7950,11 12036,701 S 9399,845 10266,33 11014,783 23335,7 7606,6313 1720,4001
1,7870333 B 8,9800005 3221,5508 10041,635 18835,27 7950,11 12036,701 S 9399,845 10266,33 11014,783 23335,7 7606,6313 1720,4001
1,7869995 B 8,9800005 3221,5508 10041,635 18835,27 7950,11 12036,701 S 9399,845 10266,33 11014,783 23335,7 7606,6313 1720,4001
1,7870004 B 8,9800005 3221,5508 10041,635 18835,27 7950,11 12036,701 S 9399,845 10266,33 11014,783 23335,7 7606,6313 1720,4001
1,7870003 B 8,9800005 3221,5508 10041,635 18835,27 7950,11 12036,701 S 9399,845 10266,33 11014,783 23335,7 7606,6313 1720,4001
1,7870003 B 8,9800005 3221,5508 10041,635 18835,27 7950,11 12036,701 S 9399,845 10266,33 11014,783 23335,7 7606,6313 1720,4001
1,7869487 B 8,9800005 3221,5508 10041,635 18835,27 7950,11 12036,701 S 9399,845 10266,33 11014,783 23335,7 7606,6313 1720,4001
1,7850435 B 8,9800005 3221,5508 10041,635 18835,27 7950,11 12036,701 S 9399,845 10266,33 11014,783 23335,7 7606,6313 1720,4001
1,7849998 B 8,9800005 3221,5508 10041,635 18835,27 7950,11 12036,701 S 9399,845 10266,33 11014,783 23335,7 7606,6313 1720,4001
1,7850001 B 8,9800005 3221,5508 10041,635 18835,27 7950,11 12036,701 S 9399,845 10266,33 11014,783 23335,7 7606,6313 1720,4001
1,7849998 B 8,9800005 3221,5508 10041,635 18835,27 7950,11 12036,701 S 9399,845 10266,33 11014,783 23335,7 7606,6313 1720,4001
1,7841647 B 8,9800005 3221,5508 10041,635 18835,27 7950,11 12036,701 S 9399,845 10266,33 11014,783 23335,7 7606,6313 1720,4001
1,784 B 8,9800005 3221,5508 10041,635 18835,27 7950,11 12036,701 S 9399,845 10266,33 11014,783 23335,7 7606,6313 1720,4001
1,7840008 B 8,9800005 3221,5508 10041,635 18835,27 7950,11 12036,701 S 9399,845 10266,33 11014,783 23335,7 7606,6313 1720,4001
1,7839999 B 8,9800005 3221,5508 10041,635 18835,27 7950,11 12036,701 S 9399,845 10266,33 11014,783 23335,7 7606,6313 1720,4001
1,784 B 8,9800005 3221,5508 10041,635 18835,27 7950,11 12036,701 S 9399,845 10266,33 11014,783 23335,7 7606,6313 1720,4001
1,7840004 B 8,9800005 3221,5508 10041,635 18835,27 7950,11 12036,701 S 9399,845 10266,33 11014,783 23335,7 7606,6313 1720,4001
1,7840005 B 8,9800005 3221,5508 10041,635 18835,27 7950,11 12036,701 S 9399,845 10266,33 11014,783 23335,7 7606,6313 1720,4001
1,7840009 B 8,9800005 3221,5508 10041,635 18835,27 7950,11 12036,701 S 9399,845 10266,33 11014,783 23335,7 7606,6313 1720,4001
1,7820282 B 8,9800005 3221,5508 10041,635 18835,27 7950,11 12036,701 S 9399,845 10266,33 11014,783 23335,7 7606,6313 1720,4001
1,7820001 B 8,9800005 3221,5508 10041,635 18835,27 7950,11 12036,701 S 9399,845 10266,33 11014,783 23335,7 7606,6313 1720,4001
1,7828915 B 8,9800005 3221,5508 10041,635 18835,27 7950,11 12036,701 S 9399,845 10266,33 11014,783 23335,7 7606,6313 1720,4001
1,7840003 B 8,9800005 3221,5508 10041,635 18835,27 7950,11 12036,701 S 9399,845 10266,33 11014,783 23335,7 7606,6313 1720,4001
1,7846448 B 8,9800005 3221,5508 10041,635 18835,27 7950,11 12036,701 S 9399,845 10266,33 11014,783 23335,7 7606,6313 1720,4001
1,7850001 B 8,9800005 3221,5508 10041,635 18835,27 7950,11 12036,701 S 9399,845 10266,33 11014,783 23335,7 7606,6313 1720,4001
1,7850007 B 8,9800005 3221,5508 10041,635 18835,27 7950,11 12036,701 S 9399,845 10266,33 11014,783 23335,7 7606,6313 1720,4001
1,7849998 B 8,9800005 3221,5508 10041,635 18835,27 7950,11 12036,701 S 9399,845 10266,33 11014,783 23335,7 7606,6313 1720,4001
1,7855293 B 8,9800005 3221,5508 10041,635 18835,27 7950,11 12036,701 S 9399,845 10266,33 11014,783 23335,7 7606,6313 1720,4001
1,786 B 8,9800005 3221,5508 10041,635 18835,27 7950,11 12036,701 S 9399,845 10266,33 11014,783 23335,7 7606,6313 1720,4001
1,7860001 B 8,9800005 3221,5508 10041,635 18835,27 7950,11 12036,701 S 9399,845 10266,33 11014,783 23335,7 7606,6313 1720,4001
1,786837 B 8,9800005 3221,5508 10041,635 18835,27 7950,11 12036,701 S 9399,845 10266,33 11014,783 23335,7 7606,6313 1720,4001
1,7870003 B 8,9800005 3221,5508 10041,635 18835,27 7950,11 12036,701 S 9399,845 10266,33 11014,783 23335,7 7606,6313 1720,4001
1,7870001 B 8,9800005 3221,5508 10041,635 18835,27 7950,11 12036,701 S 9399,845 10266,33 11014,783 23335,7 7606,6313 1720,4001
1,7871028 B 8,9800005 3221,5508 10041,635 18835,27 7950,11 12036,701 S 9399,845 10266,33 11014,783 23335,7 7606,6313 1720,4001
1,7879997 B 8,9800005 3221,5508 10041,635 18835,27 7950,11 12036,701 S 9399,845 10266,33 11014,783 23335,7 7606,6313 1720,4001
1,7862445 B 8,9800005 3221,5508 10041,635 18835,27 7950,11 12036,701 S 9399,845 10266,33 11014,783 23335,7 7606,6313 1720,4001
1,7859998 B 8,9800005 3221,5508 10041,635 18835,27 7950,11 12036,701 S 9399,845 10266,33 11014,783 23335,7 7606,6313 1720,4001
1,7859998 B 8,9800005 3221,5508 10041,635 18835,27 7950,11 12036,701 S 9399,845 10266,33 11014,783 23335,7 7606,6313 1720,4001
1,7860001 B 8,9800005 3221,5508 10041,635 18835,27 7950,11 12036,701 S 9399,845 10266,33 11014,783 23335,7 7606,6313 1720,4001
1,7865533 B 8,9800005 3221,5508 10041,635 18835,27 7950,11 12036,701 S 9399,845 10266,33 11014,783 23335,7 7606,6313 1720,4001
1,7870001 B 8,9800005 3221,5508 10041,635 18835,27 7950,11 12036,701 S 9399,845 10266,33 11014,783 23335,7 7606,6313 1720,4001
1,7870004 B 8,9800005 3221,5508 10041,635 18835,27 7950,11 12036,701 S 9399,845 10266,33 11014,783 23335,7 7606,6313 1720,4001
1,7870001 B 8,9800005 3221,5508 10041,635 18835,27 7950,11 12036,701 S 9399,845 10266,33 11014,783 23335,7 7606,6313 1720,4001
1,7870004 B 8,9800005 3221,5508 10041,635 18835,27 7950,11 12036,701 S 9399,845 10266,33 11014,783 23335,7 7606,6313 1720,4001
1,7869996 B 8,9800005 3221,5508 10041,635 18835,27 7950,11 12036,701 S 9399,845 10266,33 11014,783 23335,7 7606,6313 1720,4001
1,7870003 B 8,9800005 3221,5508 10041,635 18835,27 7950,11 12036,701 S 9399,845 10266,33 11014,783 23335,7 7606,6313 1720,4001
1,7870001 B 8,9800005 3221,5508 10041,635 18835,27 7950,11 12036,701 S 9399,845 10266,33 11014,783 23335,7 7606,6313 1720,4001
1,7870001 B 8,9800005 3221,5508 10041,635 18835,27 7950,11 12036,701 S 9399,845 10266,33 11014,783 23335,7 7606,6313 1720,4001
1,7870001 B 8,9800005 3221,5508 10041,635 18835,27 7950,11 12036,701 S 9399,845 10266,33 11014,783 23335,7 7606,6313 1720,4001
1,7870004 B 8,9800005 3221,5508 10041,635 18835,27 7950,11 12036,701 S 9399,845 10266,33 11014,783 23335,7 7606,6313 1720,4001
1,7870001 B 8,9800005 3221,5508 10041,635 18835,27 7950,11 12036,701 S 9399,845 10266,33 11014,783 23335,7 7606,6313 1720,4001
1,7870007 B 8,9800005 3221,5508 10041,635 18835,27 7950,11 12036,701 S 9399,845 10266,33 11014,783 23335,7 7606,6313 1720,4001
1,7864612 B 8,9800005 3221,5508 10041,635 18835,27 7950,11 12036,701 S 9399,845 10266,33 11014,783 23335,7 7606,6313 1720,4001
1,7859997 B 8,9800005 3221,5508 10041,635 18835,27 7950,11 12036,701 S 9399,845 10266,33 11014,783 23335,7 7606,6313 1720,4001
1,7860001 B 8,9800005 3221,5508 10041,635 18835,27 7950,11 12036,701 S 9399,845 10266,33 11014,783 23335,7 7606,6313 1720,4001
1,7859998 B 8,9800005 3221,5508 10041,635 18835,27 7950,11 12036,701 S 9399,845 10266,33 11014,783 23335,7 7606,6313 1720,4001
1,7859998 B 8,9800005 3221,5508 10041,635 18835,27 7950,11 12036,701 S 9399,845 10266,33 11014,783 23335,7 7606,6313 1720,4001
1,7860001 B 8,9800005 3221,5508 10041,635 18835,27 7950,11 12036,701 S 9399,845 10266,33 11014,783 23335,7 7606,6313 1720,4001
1,786 B 8,9800005 3221,5508 10041,635 18835,27 7950,11 12036,701 S 9399,845 10266,33 11014,783 23335,7 7606,6313 1720,4001
1,7864871 B 8,9800005 3221,5508 10041,635 18835,27 7950,11 12036,701 S 9399,845 10266,33 11014,783 23335,7 7606,6313 1720,4001
1,787 B 8,9800005 3221,5508 10041,635 18835,27 7950,11 12036,701 S 9399,845 10266,33 11014,783 23335,7 7606,6313 1720,4001
1,7858506 B 8,9800005 3221,5508 10041,635 18835,27 7950,11 12036,701 S 9399,845 10266,33 11014,783 23335,7 7606,6313 1720,4001
1,7849996 B 8,9800005 3221,5508 10041,635 18835,27 7950,11 12036,701 S 9399,845 10266,33 11014,783 23335,7 7606,6313 1720,4001
1,7849998 B 8,9800005 3221,5508 10041,635 18835,27 7950,11 12036,701 S 9399,845 10266,33 11014,783 23335,7 7606,6313 1720,4001
1,7850002 B 8,9800005 3221,5508 10041,635 18835,27 7950,11 12036,701 S 9399,845 10266,33 11014,783 23335,7 7606,6313 1720,4001
1,7850002 B 8,9800005 3221,5508 10041,635 18835,27 7950,11 12036,701 S 9399,845 10266,33 11014,783 23335,7 7606,6313 1720,4001
1,7849997 B 8,9800005 3221,5508 10041,635 18835,27 7950,11 12036,701 S 9399,845 10266,33 11014,783 23335,7 7606,6313 1720,4001
1,7850003 B 8,9800005 3221,5508 10041,635 18835,27 7950,11 12036,701 S 9399,845 10266,33 11014,783 23335,7 7606,6313 1720,4001
1,7849998 B 8,9800005 3221,5508 10041,635 18835,27 7950,11 12036,701 S 9399,845 10266,33 11014,783 23335,7 7606,6313 1720,4001
1,7849996 B 8,9800005 3221,5508 10041,635 18835,27 7950,11 12036,701 S 9399,845 10266,33 11014,783 23335,7 7606,6313 1720,4001
1,7850003 B 8,9800005 3221,5508 10041,635 18835,27 7950,11 12036,701 S 9399,845 10266,33 11014,783 23335,7 7606,6313 1720,4001
1,7849998 B 8,9800005 3221,5508 10041,635 18835,27 7950,11 12036,701 S 9399,845 10266,33 11014,783 23335,7 7606,6313 1720,4001
1,7849997 B 8,9800005 3221,5508 10041,635 18835,27 7950,11 12036,701 S 9399,845 10266,33 11014,783 23335,7 7606,6313 1720,4001
1,7850001 B 8,9800005 3221,5508 10041,635 18835,27 7950,11 12036,701 S 9399,845 10266,33 11014,783 23335,7 7606,6313 1720,4001
1,7850002 B 8,9800005 3221,5508 10041,635 18835,27 7950,11 12036,701 S 9399,845 10266,33 11014,783 23335,7 7606,6313 1720,4001
1,785 B 8,9800005 3221,5508 10041,635 18835,27 7950,11 12036,701 S 9399,845 10266,33 11014,783 23335,7 7606,6313 1720,4001
1,7849997 B 8,9800005 3221,5508 10041,635 18835,27 7950,11 12036,701 S 9399,845 10266,33 11014,783 23335,7 7606,6313 1720,4001
1,7850002 B 8,9800005 3221,5508 10041,635 18835,27 7950,11 12036,701 S 9399,845 10266,33 11014,783 23335,7 7606,6313 1720,4001
1,7858773 B 8,9800005 3221,5508 10041,635 18835,27 7950,11 12036,701 S 9399,845 10266,33 11014,783 23335,7 7606,6313 1720,4001
1,7859994 B 8,9800005 3221,5508 10041,635 18835,27 7950,11 12036,701 S 9399,845 10266,33 11014,783 23335,7 7606,6313 1720,4001
1,7859995 B 8,9800005 3221,5508 10041,635 18835,27 7950,11 12036,701 S 9399,845 10266,33 11014,783 23335,7 7606,6313 1720,4001
1,786505 B 8,9800005 3221,5508 10041,635 18835,27 7950,11 12036,701 S 9399,845 10266,33 11014,783 23335,7 7606,6313 1720,4001
1,7873216 B 8,9800005 3221,5508 10041,635 18835,27 7950,11 12036,701 S 9399,845 10266,33 11014,783 23335,7 7606,6313 1720,4001
1,7880005 B 8,9800005 3221,5508 10041,635 18835,27 7950,11 12036,701 S 9399,845 10266,33 11014,783 23335,7 7606,6313 1720,4001
1,7880001 B 8,9800005 3221,5508 10041,635 18835,27 7950,11 12036,701 S 9399,845 10266,33 11014,783 23335,7 7606,6313 1720,4001
1,7880005 B 8,9800005 3221,5508 10041,635 18835,27 7950,11 12036,701 S 9399,845 10266,33 11014,783 23335,7 7606,6313 1720,4001
1,7880006 B 8,9800005 3221,5508 10041,635 18835,27 7950,11 12036,701 S 9399,845 10266,33 11014,783 23335,7 7606,6313 1720,4001
1,7882575 B 8,9800005 3221,5508 10041,635 18835,27 7950,11 12036,701 S 9399,845 10266,33 11014,783 23335,7 7606,6313 1720,4001
1,7881432 B 8,9800005 3221,5508 10041,635 18835,27 7950,11 12036,701 S 9399,845 10266,33 11014,783 23335,7 7606,6313 1720,4001
1,7889998 B 8,9800005 3221,5508 10041,635 18835,27 7950,11 12036,701 S 9399,845 10266,33 11014,783 23335,7 7606,6313 1720,4001
1,7889998 B 8,9800005 3221,5508 10041,635 18835,27 7950,11 12036,701 S 9399,845 10266,33 11014,783 23335,7 7606,6313 1720,4001
1,7889999 B 8,9800005 3221,5508 10041,635 18835,27 7950,11 12036,701 S 9399,845 10266,33 11014,783 23335,7 7606,6313 1720,4001
1,7890002 B 8,9800005 3221,5508 10041,635 18835,27 7950,11 12036,701 S 9399,845 10266,33 11014,783 23335,7 7606,6313 1720,4001
1,7890003 B 8,9800005 3221,5508 10041,635 18835,27 7950,11 12036,701 S 9399,845 10266,33 11014,783 23335,7 7606,6313 1720,4001
1,7890002 B 8,9800005 3221,5508 10041,635 18835,27 7950,11 12036,701 S 9399,845 10266,33 11014,783 23335,7 7606,6313 1720,4001
1,7890002 B 8,9800005 3221,5508 10041,635 18835,27 7950,11 12036,701 S 9399,845 10266,33 11014,783 23335,7 7606,6313 1720,4001
1,7905139 B 8,9800005 3221,5508 10041,635 18835,27 7950,11 12036,701 S 9399,845 10266,33 11014,783 23335,7 7606,6313 1720,4001
1,7910001 B 8,9800005 3221,5508 10041,635 18835,27 7950,11 12036,701 S 9399,845 10266,33 11014,783 23335,7 7606,6313 1720,4001
1,7916268 B 8,9800005 3221,5508 10041,635 18835,27 7950,11 12036,701 S 9399,845 10266,33 11014,783 23335,7 7606,6313 1720,4001
1,7920004 B 8,9800005 3221,5508 10041,635 18835,27 7950,11 12036,701 S 9399,845 10266,33 11014,783 23335,7 7606,6313 1720,4001
1,7919999 B 8,9800005 3221,5508 10041,635 18835,27 7950,11 12036,701 S 9399,845 10266,33 11014,783 23335,7 7606,6313 1720,4001
1,7920002 B 8,9800005 3221,5508 10041,635 18835,27 7950,11 12036,701 S 9399,845 10266,33 11014,783 23335,7 7606,6313 1720,4001
1,7920003 B 8,9800005 3221,5508 10041,635 18835,27 7950,11 12036,701 S 9399,845 10266,33 11014,783 23335,7 7606,6313 1720,4001
1,7920003 B 8,9800005 3221,5508 10041,635 18835,27 7950,11 12036,701 S 9399,845 10266,33 11014,783 23335,7 7606,6313 1720,4001
1,7920005 B 8,9800005 3221,5508 10041,635 18835,27 7950,11 12036,701 S 9399,845 10266,33 11014,783 23335,7 7606,6313 1720,4001
1,7919998 B 8,9800005 3221,5508 10041,635 18835,27 7950,11 12036,701 S 9399,845 10266,33 11014,783 23335,7 7606,6313 1720,4001
1,7920004 B 8,9800005 3221,5508 10041,635 18835,27 7950,11 12036,701 S 9399,845 10266,33 11014,783 23335,7 7606,6313 1720,4001
1,7920004 B 8,9800005 3221,5508 10041,635 18835,27 7950,11 12036,701 S 9399,845 10266,33 11014,783 23335,7 7606,6313 1720,4001
1,7926744 B 8,9800005 3221,5508 10041,635 18835,27 7950,11 12036,701 S 9399,845 10266,33 11014,783 23335,7 7606,6313 1720,4001
1,79353 B 8,9800005 3221,5508 10041,635 18835,27 7950,11 12036,701 S 9399,845 10266,33 11014,783 23335,7 7606,6313 1720,4001
1,794 B 8,9800005 3221,5508 10041,635 18835,27 7950,11 12036,701 S 9399,845 10266,33 11014,783 23335,7 7606,6313 1720,4001
1,7943033 B 8,9800005 3221,5508 10041,635 18835,27 7950,11 12036,701 S 9399,845 10266,33 11014,783 23335,7 7606,6313 1720,4001
1,7955066 B 8,9800005 3221,5508 10041,635 18835,27 7950,11 12036,701 S 9399,845 10266,33 11014,783 23335,7 7606,6313 1720,4001
1,7949296 B 8,9800005 3221,5508 10041,635 18835,27 7950,11 12036,701 S 9399,845 10266,33 11014,783 23335,7 7606,6313 1720,4001
1,7932578 B 8,9800005 3221,5508 10041,635 18835,27 7950,11 12036,701 S 9399,845 10266,33 11014,783 23335,7 7606,6313 1720,4001
1,793538 B 8,9800005 3221,5508 10041,635 18835,27 7950,11 12036,701 S 9399,845 10266,33 11014,783 23335,7 7606,6313 1720,4001
1,7939996 B 8,9800005 3221,5508 10041,635 18835,27 7950,11 12036,701 S 9399,845 10266,33 11014,783 23335,7 7606,6313 1720,4001
1,7939996 B 8,9800005 3221,5508 10041,635 18835,27 7950,11 12036,701 S 9399,845 10266,33 11014,783 23335,7 7606,6313 1720,4001
1,7939999 B 8,9800005 3221,5508 10041,635 18835,27 7950,11 12036,701 S 9399,845 10266,33 11014,783 23335,7 7606,6313 1720,4001
1,7936541 B 8,9800005 3221,5508 10041,635 18835,27 7950,11 12036,701 S 9399,845 10266,33 11014,783 23335,7 7606,6313 1720,4001
1,7930005 B 8,9800005 3221,5508 10041,635 18835,27 7950,11 12036,701 S 9399,845 10266,33 11014,783 23335,7 7606,6313 1720,4001
1,7930003 B 8,9800005 3221,5508 10041,635 18835,27 7950,11 12036,701 S 9399,845 10266,33 11014,783 23335,7 7606,6313 1720,4001
1,7930007 B 8,9800005 3221,5508 10041,635 18835,27 7950,11 12036,701 S 9399,845 10266,33 11014,783 23335,7 7606,6313 1720,4001
1,7930006 B 8,9800005 3221,5508 10041,635 18835,27 7950,11 12036,701 S 9399,845 10266,33 11014,783 23335,7 7606,6313 1720,4001
1,7929996 B 8,9800005 3221,5508 10041,635 18835,27 7950,11 12036,701 S 9399,845 10266,33 11014,783 23335,7 7606,6313 1720,4001
1,7930006 B 8,9800005 3221,5508 10041,635 18835,27 7950,11 12036,701 S 9399,845 10266,33 11014,783 23335,7 7606,6313 1720,4001
1,7929995 B 8,9800005 3221,5508 10041,635 18835,27 7950,11 12036,701 S 9399,845 10266,33 11014,783 23335,7 7606,6313 1720,4001
1,7929997 B 8,9800005 3221,5508 10041,635 18835,27 7950,11 12036,701 S 9399,845 10266,33 11014,783 23335,7 7606,6313 1720,4001
1,7930006 B 8,9800005 3221,5508 10041,635 18835,27 7950,11 12036,701 S 9399,845 10266,33 11014,783 23335,7 7606,6313 1720,4001
1,7929999 B 8,9800005 3221,5508 10041,635 18835,27 7950,11 12036,701 S 9399,845 10266,33 11014,783 23335,7 7606,6313 1720,4001
1,7930005 B 8,9800005 3221,5508 10041,635 18835,27 7950,11 12036,701 S 9399,845 10266,33 11014,783 23335,7 7606,6313 1720,4001
