1,8065349
1,8039998 B 4035,0361 13377,429 7227,393 19177,264 2167,1106 8266,699 S 192,55005 11170,371 13819,269 10635,577 4259,1494 6033,5083
1,8040005 B 4035,0361 13377,429 7227,393 19177,264 2167,1106 8266,699 S 192,55005 11170,371 13819,269 10635,577 4259,1494 6033,5083
1,8044183 B 4035,0361 13377,429 7227,393 19177,264 2167,1106 8266,699 S 192,55005 11170,371 13819,269 10635,577 4259,1494 6033,5083
1,8050001 B 4035,0361 13377,429 7227,393 19177,264 2167,1106 8266,699 S 192,55005 11170,371 13819,269 10635,577 4259,1494 6033,5083
1,8061475 B 4035,0361 13377,429 7227,393 19177,264 2167,1106 8266,699 S 192,55005 11170,371 13819,269 10635,577 4259,1494 6033,5083
1,8074622 B 4035,0361 13377,429 7227,393 19177,264 2167,1106 8266,699 S 192,55005 11170,371 13819,269 10635,577 4259,1494 6033,5083
1,8070005 B 4035,0361 13377,429 7227,393 19177,264 2167,1106 8266,699 S 192,55005 11170,371 13819,269 10635,577 4259,1494 6033,5083
1,8066466 B 4035,0361 13377,429 7227,393 19177,264 2167,1106 8266,699 S 192,55005 11170,371 13819,269 10635,577 4259,1494 6033,5083
1,805 B 4035,0361 13377,429 7227,393 19177,264 2167,1106 8266,699 S 192,55005 11170,371 13819,269 10635,577 4259,1494 6033,5083
1,8050001 B 4035,0361 13377,429 7227,393 19177,264 2167,1106 8266,699 S 192,55005 11170,371 13819,269 10635,577 4259,1494 6033,5083
1,8050003 B 4035,0361 13377,429 7227,393 19177,264 2167,1106 8266,699 S 192,55005 11170,371 13819,269 10635,577 4259,1494 6033,5083
1,8050001 B 4035,0361 13377,429 7227,393 19177,264 2167,1106 8266,699 S 192,55005 11170,371 13819,269 10635,577 4259,1494 6033,5083
1,805 B 4035,0361 13377,429 7227,393 19177,264 2167,1106 8266,699 S 192,55005 11170,371 13819,269 10635,577 4259,1494 6033,5083
1,8050003 B 4035,0361 13377,429 7227,393 19177,264 2167,1106 8266,699 S 192,55005 11170,371 13819,269 10635,577 4259,1494 6033,5083
1,8051153 B 4035,0361 13377,429 7227,393 19177,264 2167,1106 8266,699 S 192,55005 11170,371 13819,269 10635,577 4259,1494 6033,5083
1,8059999 B 4035,0361 13377,429 7227,393 19177,264 2167,1106 8266,699 S 192,55005 11170,371 13819,269 10635,577 4259,1494 6033,5083
1,8059998 B 4035,0361 13377,429 7227,393 19177,264 2167,1106 8266,699 S 192,55005 11170,371 13819,269 10635,577 4259,1494 6033,5083
1,806 B 4035,0361 13377,429 7227,393 19177,264 2167,1106 8266,699 S 192,55005 11170,371 13819,269 10635,577 4259,1494 6033,5083
1,8061423 B 4035,0361 13377,429 7227,393 19177,264 2167,1106 8266,699 S 192,55005 11170,371 13819,269 10635,577 4259,1494 6033,5083
1,8069998 B 4035,0361 13377,429 7227,393 19177,264 2167,1106 8266,699 S 192,55005 11170,371 13819,269 10635,577 4259,1494 6033,5083
1,8069997 B 4035,0361 13377,429 7227,393 19177,264 2167,1106 8266,699 S 192,55005 11170,371 13819,269 10635,577 4259,1494 6033,5083
1,8070003 B 4035,0361 13377,429 7227,393 19177,264 2167,1106 8266,699 S 192,55005 11170,371 13819,269 10635,577 4259,1494 6033,5083
1,8069999 B 4035,0361 13377,429 7227,393 19177,264 2167,1106 8266,699 S 192,55005 11170,371 13819,269 10635,577 4259,1494 6033,5083
1,8069996 B 4035,0361 13377,429 7227,393 19177,264 2167,1106 8266,699 S 192,55005 11170,371 13819,269 10635,577 4259,1494 6033,5083
1,8070003 B 4035,0361 13377,429 7227,393 19177,264 2167,1106 8266,699 S 192,55005 11170,371 13819,269 10635,577 4259,1494 6033,5083
1,8069999 B 4035,0361 13377,429 7227,393 19177,264 2167,1106 8266,699 S 192,55005 11170,371 13819,269 10635,577 4259,1494 6033,5083
1,8069999 B 4035,0361 13377,429 7227,393 19177,264 2167,1106 8266,699 S 192,55005 11170,371 13819,269 10635,577 4259,1494 6033,5083
1,8069998 B 4035,0361 13377,429 7227,393 19177,264 2167,1106 8266,699 S 192,55005 11170,371 13819,269 10635,577 4259,1494 6033,5083
1,8069993 B 4035,0361 13377,429 7227,393 19177,264 2167,1106 8266,699 S 192,55005 11170,371 13819,269 10635,577 4259,1494 6033,5083
1,8074234 B 4035,0361 13377,429 7227,393 19177,264 2167,1106 8266,699 S 192,55005 11170,371 13819,269 10635,577 4259,1494 6033,5083
1,8079997 B 4035,0361 13377,429 7227,393 19177,264 2167,1106 8266,699 S 192,55005 11170,371 13819,269 10635,577 4259,1494 6033,5083
1,8080003 B 4035,0361 13377,429 7227,393 19177,264 2167,1106 8266,699 S 192,55005 11170,371 13819,269 10635,577 4259,1494 6033,5083
1,8079998 B 4035,0361 13377,429 7227,393 19177,264 2167,1106 8266,699 S 192,55005 11170,371 13819,269 10635,577 4259,1494 6033,5083
1,8080001 B 4035,0361 13377,429 7227,393 19177,264 2167,1106 8266,699 S 192,55005 11170,371 13819,269 10635,577 4259,1494 6033,5083
1,8075166 B 4035,0361 13377,429 7227,393 19177,264 2167,1106 8266,699 S 192,55005 11170,371 13819,269 10635,577 4259,1494 6033,5083
1,8063602 B 4035,0361 13377,429 7227,393 19177,264 2167,1106 8266,699 S 192,55005 11170,371 13819,269 10635,577 4259,1494 6033,5083
1,8050872 B 4035,0361 13377,429 7227,393 19177,264 2167,1106 8266,699 S 192,55005 11170,371 13819,269 10635,577 4259,1494 6033,5083
1,8049996 B 4035,0361 13377,429 7227,393 19177,264 2167,1106 8266,699 S 192,55005 11170,371 13819,269 10635,577 4259,1494 6033,5083
1,8050003 B 4035,0361 13377,429 7227,393 19177,264 2167,1106 8266,699 S 192,55005 11170,371 13819,269 10635,577 4259,1494 6033,5083
1,8050001 B 4035,0361 13377,429 7227,393 19177,264 2167,1106 8266,699 S 192,55005 11170,371 13819,269 10635,577 4259,1494 6033,5083
1,8050001 B 4035,0361 13377,429 7227,393 19177,264 2167,1106 8266,699 S 192,55005 11170,371 13819,269 10635,577 4259,1494 6033,5083
1,8050001 B 4035,0361 13377,429 7227,393 19177,264 2167,1106 8266,699 S 192,55005 11170,371 13819,269 10635,577 4259,1494 6033,5083
1,8050002 B 4035,0361 13377,429 7227,393 19177,264 2167,1106 8266,699 S 192,55005 11170,371 13819,269 10635,577 4259,1494 6033,5083
1,805 B 4035,0361 13377,429 7227,393 19177,264 2167,1106 8266,699 S 192,55005 11170,371 13819,269 10635,577 4259,1494 6033,5083
1,8049998 B 4035,0361 13377,429 7227,393 19177,264 2167,1106 8266,699 S 192,55005 11170,371 13819,269 10635,577 4259,1494 6033,5083
1,8050001 B 4035,0361 13377,429 7227,393 19177,264 2167,1106 8266,699 S 192,55005 11170,371 13819,269 10635,577 4259,1494 6033,5083
1,8050004 B 4035,0361 13377,429 7227,393 19177,264 2167,1106 8266,699 S 192,55005 11170,371 13819,269 10635,577 4259,1494 6033,5083
1,8049997 B 4035,0361 13377,429 7227,393 19177,264 2167,1106 8266,699 S 192,55005 11170,371 13819,269 10635,577 4259,1494 6033,5083
1,805 B 4035,0361 13377,429 7227,393 19177,264 2167,1106 8266,699 S 192,55005 11170,371 13819,269 10635,577 4259,1494 6033,5083
1,8050004 B 4035,0361 13377,429 7227,393 19177,264 2167,1106 8266,699 S 192,55005 11170,371 13819,269 10635,577 4259,1494 6033,5083
1,805 B 4035,0361 13377,429 7227,393 19177,264 2167,1106 8266,699 S 192,55005 11170,371 13819,269 10635,577 4259,1494 6033,5083
1,8049998 B 4035,0361 13377,429 7227,393 19177,264 2167,1106 8266,699 S 192,55005 11170,371 13819,269 10635,577 4259,1494 6033,5083
1,806461 B 4035,0361 13377,429 7227,393 19177,264 2167,1106 8266,699 S 192,55005 11170,371 13819,269 10635,577 4259,1494 6033,5083
1,808525 B 4035,0361 13377,429 7227,393 19177,264 2167,1106 8266,699 S 192,55005 11170,371 13819,269 10635,577 4259,1494 6033,5083
1,809 B 4035,0361 13377,429 7227,393 19177,264 2167,1106 8266,699 S 192,55005 11170,371 13819,269 10635,577 4259,1494 6033,5083
1,8090001 B 4035,0361 13377,429 7227,393 19177,264 2167,1106 8266,699 S 192,55005 11170,371 13819,269 10635,577 4259,1494 6033,5083
1,8089999 B 4035,0361 13377,429 7227,393 19177,264 2167,1106 8266,699 S 192,55005 11170,371 13819,269 10635,577 4259,1494 6033,5083
1,809 B 4035,0361 13377,429 7227,393 19177,264 2167,1106 8266,699 S 192,55005 11170,371 13819,269 10635,577 4259,1494 6033,5083
1,8089948 B 4035,0361 13377,429 7227,393 19177,264 2167,1106 8266,699 S 192,55005 11170,371 13819,269 10635,577 4259,1494 6033,5083
1,8079994 B 4035,0361 13377,429 7227,393 19177,264 2167,1106 8266,699 S 192,55005 11170,371 13819,269 10635,577 4259,1494 6033,5083
1,8080002 B 4035,0361 13377,429 7227,393 19177,264 2167,1106 8266,699 S 192,55005 11170,371 13819,269 10635,577 4259,1494 6033,5083
1,8080001 B 4035,0361 13377,429 7227,393 19177,264 2167,1106 8266,699 S 192,55005 11170,371 13819,269 10635,577 4259,1494 6033,5083
1,8079997 B 4035,0361 13377,429 7227,393 19177,264 2167,1106 8266,699 S 192,55005 11170,371 13819,269 10635,577 4259,1494 6033,5083
1,8079997 B 4035,0361 13377,429 7227,393 19177,264 2167,1106 8266,699 S 192,55005 11170,371 13819,269 10635,577 4259,1494 6033,5083
1,8079997 B 4035,0361 13377,429 7227,393 19177,264 2167,1106 8266,699 S 192,55005 11170,371 13819,269 10635,577 4259,1494 6033,5083
1,8080001 B 4035,0361 13377,429 7227,393 19177,264 2167,1106 8266,699 S 192,55005 11170,371 13819,269 10635,577 4259,1494 6033,5083
1,8076744 B 4035,0361 13377,429 7227,393 19177,264 2167,1106 8266,699 S 192,55005 11170,371 13819,269 10635,577 4259,1494 6033,5083
1,8070004 B 4035,0361 13377,429 7227,393 19177,264 2167,1106 8266,699 S 192,55005 11170,371 13819,269 10635,577 4259,1494 6033,5083
1,8069999 B 4035,0361 13377,429 7227,393 19177,264 2167,1106 8266,699 S 192,55005 11170,371 13819,269 10635,577 4259,1494 6033,5083
1,8070003 B 4035,0361 13377,429 7227,393 19177,264 2167,1106 8266,699 S 192,55005 11170,371 13819,269 10635,577 4259,1494 6033,5083
1,8069999 B 4035,0361 13377,429 7227,393 19177,264 2167,1106 8266,699 S 192,55005 11170,371 13819,269 10635,577 4259,1494 6033,5083
1,8069994 B 4035,0361 13377,429 7227,393 19177,264 2167,1106 8266,699 S 192,55005 11170,371 13819,269 10635,577 4259,1494 6033,5083
1,8070003 B 4035,0361 13377,429 7227,393 19177,264 2167,1106 8266,699 S 192,55005 11170,371 13819,269 10635,577 4259,1494 6033,5083
1,8070008 B 4035,0361 13377,429 7227,393 19177,264 2167,1106 8266,699 S 192,55005 11170,371 13819,269 10635,577 4259,1494 6033,5083
1,8069999 B 4035,0361 13377,429 7227,393 19177,264 2167,1106 8266,699 S 192,55005 11170,371 13819,269 10635,577 4259,1494 6033,5083
1,8074043 B 4035,0361 13377,429 7227,393 19177,264 2167,1106 8266,699 S 192,55005 11170,371 13819,269 10635,577 4259,1494 6033,5083
1,8079995 B 4035,0361 13377,429 7227,393 19177,264 2167,1106 8266,699 S 192,55005 11170,371 13819,269 10635,577 4259,1494 6033,5083
1,8080002 B 4035,0361 13377,429 7227,393 19177,264 2167,1106 8266,699 S 192,55005 11170,371 13819,269 10635,577 4259,1494 6033,5083
1,8080004 B 4035,0361 13377,429 7227,393 19177,264 2167,1106 8266,699 S 192,55005 11170,371 13819,269 10635,577 4259,1494 6033,5083
1,808 B 4035,0361 13377,429 7227,393 19177,264 2167,1106 8266,699 S 192,55005 11170,371 13819,269 10635,577 4259,1494 6033,5083
1,8080002 B 4035,0361 13377,429 7227,393 19177,264 2167,1106 8266,699 S 192,55005 11170,371 13819,269 10635,577 4259,1494 6033,5083
1,8080001 B 4035,0361 13377,429 7227,393 19177,264 2167,1106 8266,699 S 192,55005 11170,371 13819,269 10635,577 4259,1494 6033,5083
1,8080001 B 4035,0361 13377,429 7227,393 19177,264 2167,1106 8266,699 S 192,55005 11170,371 13819,269 10635,577 4259,1494 6033,5083
1,8089979 B 4035,0361 13377,429 7227,393 19177,264 2167,1106 8266,699 S 192,55005 11170,371 13819,269 10635,577 4259,1494 6033,5083
1,8089998 B 4035,0361 13377,429 7227,393 19177,264 2167,1106 8266,699 S 192,55005 11170,371 13819,269 10635,577 4259,1494 6033,5083
1,8090001 B 4035,0361 13377,429 7227,393 19177,264 2167,1106 8266,699 S 192,55005 11170,371 13819,269 10635,577 4259,1494 6033,5083
1,8089997 B 4035,0361 13377,429 7227,393 19177,264 2167,1106 8266,699 S 192,55005 11170,371 13819,269 10635,577 4259,1494 6033,5083
1,8090004 B 4035,0361 13377,429 7227,393 19177,264 2167,1106 8266,699 S 192,55005 11170,371 13819,269 10635,577 4259,1494 6033,5083
1,8090003 B 4035,0361 13377,429 7227,393 19177,264 2167,1106 8266,699 S 192,55005 11170,371 13819,269 10635,577 4259,1494 6033,5083
1,8090001 B 4035,0361 13377,429 7227,393 19177,264 2167,1106 8266,699 S 192,55005 11170,371 13819,269 10635,577 4259,1494 6033,5083
1,8090001 B 4035,0361 13377,429 7227,393 19177,264 2167,1106 8266,699 S 192,55005 11170,371 13819,269 10635,577 4259,1494 6033,5083
1,8090001 B 4035,0361 13377,429 7227,393 19177,264 2167,1106 8266,699 S 192,55005 11170,371 13819,269 10635,577 4259,1494 6033,5083
1,8089994 B 4035,0361 13377,429 7227,393 19177,264 2167,1106 8266,699 S 192,55005 11170,371 13819,269 10635,577 4259,1494 6033,5083
1,8089997 B 4035,0361 13377,429 7227,393 19177,264 2167,1106 8266,699 S 192,55005 11170,371 13819,269 10635,577 4259,1494 6033,5083
1,8090001 B 4035,0361 13377,429 7227,393 19177,264 2167,1106 8266,699 S 192,55005 11170,371 13819,269 10635,577 4259,1494 6033,5083
1,8090001 B 4035,0361 13377,429 7227,393 19177,264 2167,1106 8266,699 S 192,55005 11170,371 13819,269 10635,577 4259,1494 6033,5083
1,8089999 B 4035,0361 13377,429 7227,393 19177,264 2167,1106 8266,699 S 192,55005 11170,371 13819,269 10635,577 4259,1494 6033,5083
1,8084246 B 4035,0361 13377,429 7227,393 19177,264 2167,1106 8266,699 S 192,55005 11170,371 13819,269 10635,577 4259,1494 6033,5083
1,8079998 B 4035,0361 13377,429 7227,393 19177,264 2167,1106 8266,699 S 192,55005 11170,371 13819,269 10635,577 4259,1494 6033,5083
1,8073045 B 4035,0361 13377,429 7227,393 19177,264 2167,1106 8266,699 S 192,55005 11170,371 13819,269 10635,577 4259,1494 6033,5083
1,8070501 B 4035,0361 13377,429 7227,393 19177,264 2167,1106 8266,699 S 192,55005 11170,371 13819,269 10635,577 4259,1494 6033,5083
1,8079995 B 4035,0361 13377,429 7227,393 19177,264 2167,1106 8266,699 S 192,55005 11170,371 13819,269 10635,577 4259,1494 6033,5083
1,8074964 B 4035,0361 13377,429 7227,393 19177,264 2167,1106 8266,699 S 192,55005 11170,371 13819,269 10635,577 4259,1494 6033,5083
1,8074055 B 4035,0361 13377,429 7227,393 19177,264 2167,1106 8266,699 S 192,55005 11170,371 13819,269 10635,577 4259,1494 6033,5083
1,8080002 B 4035,0361 13377,429 7227,393 19177,264 2167,1106 8266,699 S 192,55005 11170,371 13819,269 10635,577 4259,1494 6033,5083
1,8080001 B 4035,0361 13377,429 7227,393 19177,264 2167,1106 8266,699 S 192,55005 11170,371 13819,269 10635,577 4259,1494 6033,5083
1,8080002 B 4035,0361 13377,429 7227,393 19177,264 2167,1106 8266,699 S 192,55005 11170,371 13819,269 10635,577 4259,1494 6033,5083
1,806826 B 4035,0361 13377,429 7227,393 19177,264 2167,1106 8266,699 S 192,55005 11170,371 13819,269 10635,577 4259,1494 6033,5083
1,8049997 B 4035,0361 13377,429 7227,393 19177,264 2167,1106 8266,699 S 192,55005 11170,371 13819,269 10635,577 4259,1494 6033,5083
1,8050002 B 4035,0361 13377,429 7227,393 19177,264 2167,1106 8266,699 S 192,55005 11170,371 13819,269 10635,577 4259,1494 6033,5083
1,805 B 4035,0361 13377,429 7227,393 19177,264 2167,1106 8266,699 S 192,55005 11170,371 13819,269 10635,577 4259,1494 6033,5083
1,8049797 B 4035,0361 13377,429 7227,393 19177,264 2167,1106 8266,699 S 192,55005 11170,371 13819,269 10635,577 4259,1494 6033,5083
1,8040001 B 4035,0361 13377,429 7227,393 19177,264 2167,1106 8266,699 S 192,55005 11170,371 13819,269 10635,577 4259,1494 6033,5083
1,8040005 B 4035,0361 13377,429 7227,393 19177,264 2167,1106 8266,699 S 192,55005 11170,371 13819,269 10635,577 4259,1494 6033,5083
1,8039994 B 4035,0361 13377,429 7227,393 19177,264 2167,1106 8266,699 S 192,55005 11170,371 13819,269 10635,577 4259,1494 6033,5083
1,8040001 B 4035,0361 13377,429 7227,393 19177,264 2167,1106 8266,699 S 192,55005 11170,371 13819,269 10635,577 4259,1494 6033,5083
1,8039998 B 4035,0361 13377,429 7227,393 19177,264 2167,1106 8266,699 S 192,55005 11170,371 13819,269 10635,577 4259,1494 6033,5083
1,8040001 B 4035,0361 13377,429 7227,393 19177,264 2167,1106 8266,699 S 192,55005 11170,371 13819,269 10635,577 4259,1494 6033,5083
1,8040003 B 4035,0361 13377,429 7227,393 19177,264 2167,1106 8266,699 S 192,55005 11170,371 13819,269 10635,577 4259,1494 6033,5083
1,8040001 B 4035,0361 13377,429 7227,393 19177,264 2167,1106 8266,699 S 192,55005 11170,371 13819,269 10635,577 4259,1494 6033,5083
1,804 B 4035,0361 13377,429 7227,393 19177,264 2167,1106 8266,699 S 192,55005 11170,371 13819,269 10635,577 4259,1494 6033,5083
1,8040007 B 4035,0361 13377,429 7227,393 19177,264 2167,1106 8266,699 S 192,55005 11170,371 13819,269 10635,577 4259,1494 6033,5083
1,8040005 B 4035,0361 13377,429 7227,393 19177,264 2167,1106 8266,699 S 192,55005 11170,371 13819,269 10635,577 4259,1494 6033,5083
1,8049062 B 4035,0361 13377,429 7227,393 19177,264 2167,1106 8266,699 S 192,55005 11170,371 13819,269 10635,577 4259,1494 6033,5083
1,8050005 B 4035,0361 13377,429 7227,393 19177,264 2167,1106 8266,699 S 192,55005 11170,371 13819,269 10635,577 4259,1494 6033,5083
1,8050004 B 4035,0361 13377,429 7227,393 19177,264 2167,1106 8266,699 S 192,55005 11170,371 13819,269 10635,577 4259,1494 6033,5083
1,8049998 B 4035,0361 13377,429 7227,393 19177,264 2167,1106 8266,699 S 192,55005 11170,371 13819,269 10635,577 4259,1494 6033,5083
1,8049998 B 4035,0361 13377,429 7227,393 19177,264 2167,1106 8266,699 S 192,55005 11170,371 13819,269 10635,577 4259,1494 6033,5083
1,8049997 B 4035,0361 13377,429 7227,393 19177,264 2167,1106 8266,699 S 192,55005 11170,371 13819,269 10635,577 4259,1494 6033,5083
1,8050003 B 4035,0361 13377,429 7227,393 19177,264 2167,1106 8266,699 S 192,55005 11170,371 13819,269 10635,577 4259,1494 6033,5083
1,8050001 B 4035,0361 13377,429 7227,393 19177,264 2167,1106 8266,699 S 192,55005 11170,371 13819,269 10635,577 4259,1494 6033,5083
1,8050003 B 4035,0361 13377,429 7227,393 19177,264 2167,1106 8266,699 S 192,55005 11170,371 13819,269 10635,577 4259,1494 6033,5083
1,8050002 B 4035,0361 13377,429 7227,393 19177,264 2167,1106 8266,699 S 192,55005 11170,371 13819,269 10635,577 4259,1494 6033,5083
1,8050004 B 4035,0361 13377,429 7227,393 19177,264 2167,1106 8266,699 S 192,55005 11170,371 13819,269 10635,577 4259,1494 6033,5083
1,8050005 B 4035,0361 13377,429 7227,393 19177,264 2167,1106 8266,699 S 192,55005 11170,371 13819,269 10635,577 4259,1494 6033,5083
1,8049995 B 4035,0361 13377,429 7227,393 19177,264 2167,1106 8266,699 S 192,55005 11170,371 13819,269 10635,577 4259,1494 6033,5083
1,8050001 B 4035,0361 13377,429 7227,393 19177,264 2167,1106 8266,699 S 192,55005 11170,371 13819,269 10635,577 4259,1494 6033,5083
1,8050001 B 4035,0361 13377,429 7227,393 19177,264 2167,1106 8266,699 S 192,55005 11170,371 13819,269 10635,577 4259,1494 6033,5083
1,8050003 B 4035,0361 13377,429 7227,393 19177,264 2167,1106 8266,699 S 192,55005 11170,371 13819,269 10635,577 4259,1494 6033,5083
1,8050001 B 4035,0361 13377,429 7227,393 19177,264 2167,1106 8266,699 S 192,55005 11170,371 13819,269 10635,577 4259,1494 6033,5083
1,8050003 B 4035,0361 13377,429 7227,393 19177,264 2167,1106 8266,699 S 192,55005 11170,371 13819,269 10635,577 4259,1494 6033,5083
1,8050001 B 4035,0361 13377,429 7227,393 19177,264 2167,1106 8266,699 S 192,55005 11170,371 13819,269 10635,577 4259,1494 6033,5083
1,8050004 B 4035,0361 13377,429 7227,393 19177,264 2167,1106 8266,699 S 192,55005 11170,371 13819,269 10635,577 4259,1494 6033,5083
1,8049995 B 4035,0361 13377,429 7227,393 19177,264 2167,1106 8266,699 S 192,55005 11170,371 13819,269 10635,577 4259,1494 6033,5083
1,8050005 B 4035,0361 13377,429 7227,393 19177,264 2167,1106 8266,699 S 192,55005 11170,371 13819,269 10635,577 4259,1494 6033,5083
1,8050002 B 4035,0361 13377,429 7227,393 19177,264 2167,1106 8266,699 S 192,55005 11170,371 13819,269 10635,577 4259,1494 6033,5083
1,805001 B 4035,0361 13377,429 7227,393 19177,264 2167,1106 8266,699 S 192,55005 11170,371 13819,269 10635,577 4259,1494 6033,5083
1,8050003 B 4035,0361 13377,429 7227,393 19177,264 2167,1106 8266,699 S 192,55005 11170,371 13819,269 10635,577 4259,1494 6033,5083
1,8041618 B 4035,0361 13377,429 7227,393 19177,264 2167,1106 8266,699 S 192,55005 11170,371 13819,269 10635,577 4259,1494 6033,5083
1,8039995 B 4035,0361 13377,429 7227,393 19177,264 2167,1106 8266,699 S 192,55005 11170,371 13819,269 10635,577 4259,1494 6033,5083
1,8040007 B 4035,0361 13377,429 7227,393 19177,264 2167,1106 8266,699 S 192,55005 11170,371 13819,269 10635,577 4259,1494 6033,5083
1,8039997 B 4035,0361 13377,429 7227,393 19177,264 2167,1106 8266,699 S 192,55005 11170,371 13819,269 10635,577 4259,1494 6033,5083
1,8040006 B 4035,0361 13377,429 7227,393 19177,264 2167,1106 8266,699 S 192,55005 11170,371 13819,269 10635,577 4259,1494 6033,5083
1,8040001 B 4035,0361 13377,429 7227,393 19177,264 2167,1106 8266,699 S 192,55005 11170,371 13819,269 10635,577 4259,1494 6033,5083
1,8032403 B 4035,0361 13377,429 7227,393 19177,264 2167,1106 8266,699 S 192,55005 11170,371 13819,269 10635,577 4259,1494 6033,5083
1,8029999 B 4035,0361 13377,429 7227,393 19177,264 2167,1106 8266,699 S 192,55005 11170,371 13819,269 10635,577 4259,1494 6033,5083
1,8029999 B 4035,0361 13377,429 7227,393 19177,264 2167,1106 8266,699 S 192,55005 11170,371 13819,269 10635,577 4259,1494 6033,5083
1,8029997 B 4035,0361 13377,429 7227,393 19177,264 2167,1106 8266,699 S 192,55005 11170,371 13819,269 10635,577 4259,1494 6033,5083
1,8030001 B 4035,0361 13377,429 7227,393 19177,264 2167,1106 8266,699 S 192,55005 11170,371 13819,269 10635,577 4259,1494 6033,5083
1,8029999 B 4035,0361 13377,429 7227,393 19177,264 2167,1106 8266,699 S 192,55005 11170,371 13819,269 10635,577 4259,1494 6033,5083
1,8029999 B 4035,0361 13377,429 7227,393 19177,264 2167,1106 8266,699 S 192,55005 11170,371 13819,269 10635,577 4259,1494 6033,5083
1,8030001 B 4035,0361 13377,429 7227,393 19177,264 2167,1106 8266,699 S 192,55005 11170,371 13819,269 10635,577 4259,1494 6033,5083
1,8029996 B 4035,0361 13377,429 7227,393 19177,264 2167,1106 8266,699 S 192,55005 11170,371 13819,269 10635,577 4259,1494 6033,5083
1,8029995 B 4035,0361 13377,429 7227,393 19177,264 2167,1106 8266,699 S 192,55005 11170,371 13819,269 10635,577 4259,1494 6033,5083
1,8029995 B 4035,0361 13377,429 7227,393 19177,264 2167,1106 8266,699 S 192,55005 11170,371 13819,269 10635,577 4259,1494 6033,5083
1,8030002 B 4035,0361 13377,429 7227,393 19177,264 2167,1106 8266,699 S 192,55005 11170,371 13819,269 10635,577 4259,1494 6033,5083
1,8029996 B 4035,0361 13377,429 7227,393 19177,264 2167,1106 8266,699 S 192,55005 11170,371 13819,269 10635,577 4259,1494 6033,5083
1,8029997 B 4035,0361 13377,429 7227,393 19177,264 2167,1106 8266,699 S 192,55005 11170,371 13819,269 10635,577 4259,1494 6033,5083
1,8029997 B 4035,0361 13377,429 7227,393 19177,264 2167,1106 8266,699 S 192,55005 11170,371 13819,269 10635,577 4259,1494 6033,5083
1,8029996 B 4035,0361 13377,429 7227,393 19177,264 2167,1106 8266,699 S 192,55005 11170,371 13819,269 10635,577 4259,1494 6033,5083
1,8029997 B 4035,0361 13377,429 7227,393 19177,264 2167,1106 8266,699 S 192,55005 11170,371 13819,269 10635,577 4259,1494 6033,5083
1,8030001 B 4035,0361 13377,429 7227,393 19177,264 2167,1106 8266,699 S 192,55005 11170,371 13819,269 10635,577 4259,1494 6033,5083
1,8029997 B 4035,0361 13377,429 7227,393 19177,264 2167,1106 8266,699 S 192,55005 11170,371 13819,269 10635,577 4259,1494 6033,5083
1,8030002 B 4035,0361 13377,429 7227,393 19177,264 2167,1106 8266,699 S 192,55005 11170,371 13819,269 10635,577 4259,1494 6033,5083
1,8030002 B 4035,0361 13377,429 7227,393 19177,264 2167,1106 8266,699 S 192,55005 11170,371 13819,269 10635,577 4259,1494 6033,5083
1,803 B 4035,0361 13377,429 7227,393 19177,264 2167,1106 8266,699 S 192,55005 11170,371 13819,269 10635,577 4259,1494 6033,5083
1,8029999 B 4035,0361 13377,429 7227,393 19177,264 2167,1106 8266,699 S 192,55005 11170,371 13819,269 10635,577 4259,1494 6033,5083
1,8030002 B 4035,0361 13377,429 7227,393 19177,264 2167,1106 8266,699 S 192,55005 11170,371 13819,269 10635,577 4259,1494 6033,5083
1,805948 B 4035,0361 13377,429 7227,393 19177,264 2167,1106 8266,699 S 192,55005 11170,371 13819,269 10635,577 4259,1494 6033,5083
1,8060004 B 4035,0361 13377,429 7227,393 19177,264 2167,1106 8266,699 S 192,55005 11170,371 13819,269 10635,577 4259,1494 6033,5083
1,8059996 B 4035,0361 13377,429 7227,393 19177,264 2167,1106 8266,699 S 192,55005 11170,371 13819,269 10635,577 4259,1494 6033,5083
1,8060005 B 4035,0361 13377,429 7227,393 19177,264 2167,1106 8266,699 S 192,55005 11170,371 13819,269 10635,577 4259,1494 6033,5083
1,8060005 B 4035,0361 13377,429 7227,393 19177,264 2167,1106 8266,699 S 192,55005 11170,371 13819,269 10635,577 4259,1494 6033,5083
1,806 B 4035,0361 13377,429 7227,393 19177,264 2167,1106 8266,699 S 192,55005 11170,371 13819,269 10635,577 4259,1494 6033,5083
1,8059996 B 4035,0361 13377,429 7227,393 19177,264 2167,1106 8266,699 S 192,55005 11170,371 13819,269 10635,577 4259,1494 6033,5083
1,8066534 B 4035,0361 13377,429 7227,393 19177,264 2167,1106 8266,699 S 192,55005 11170,371 13819,269 10635,577 4259,1494 6033,5083
1,8069999 B 4035,0361 13377,429 7227,393 19177,264 2167,1106 8266,699 S 192,55005 11170,371 13819,269 10635,577 4259,1494 6033,5083
1,8070003 B 4035,0361 13377,429 7227,393 19177,264 2167,1106 8266,699 S 192,55005 11170,371 13819,269 10635,577 4259,1494 6033,5083
1,8069999 B 4035,0361 13377,429 7227,393 19177,264 2167,1106 8266,699 S 192,55005 11170,371 13819,269 10635,577 4259,1494 6033,5083
1,8069997 B 4035,0361 13377,429 7227,393 19177,264 2167,1106 8266,699 S 192,55005 11170,371 13819,269 10635,577 4259,1494 6033,5083
1,8073783 B 4035,0361 13377,429 7227,393 19177,264 2167,1106 8266,699 S 192,55005 11170,371 13819,269 10635,577 4259,1494 6033,5083
1,808 B 4035,0361 13377,429 7227,393 19177,264 2167,1106 8266,699 S 192,55005 11170,371 13819,269 10635,577 4259,1494 6033,5083
1,808 B 4035,0361 13377,429 7227,393 19177,264 2167,1106 8266,699 S 192,55005 11170,371 13819,269 10635,577 4259,1494 6033,5083
1,808 B 4035,0361 13377,429 7227,393 19177,264 2167,1106 8266,699 S 192,55005 11170,371 13819,269 10635,577 4259,1494 6033,5083
1,8080001 B 4035,0361 13377,429 7227,393 19177,264 2167,1106 8266,699 S 192,55005 11170,371 13819,269 10635,577 4259,1494 6033,5083
1,8080003 B 4035,0361 13377,429 7227,393 19177,264 2167,1106 8266,699 S 192,55005 11170,371 13819,269 10635,577 4259,1494 6033,5083
1,808 B 4035,0361 13377,429 7227,393 19177,264 2167,1106 8266,699 S 192,55005 11170,371 13819,269 10635,577 4259,1494 6033,5083
1,8080001 B 4035,0361 13377,429 7227,393 19177,264 2167,1106 8266,699 S 192,55005 11170,371 13819,269 10635,577 4259,1494 6033,5083
1,8077823 B 4035,0361 13377,429 7227,393 19177,264 2167,1106 8266,699 S 192,55005 11170,371 13819,269 10635,577 4259,1494 6033,5083
1,807 B 4035,0361 13377,429 7227,393 19177,264 2167,1106 8266,699 S 192,55005 11170,371 13819,269 10635,577 4259,1494 6033,5083
1,8069999 B 4035,0361 13377,429 7227,393 19177,264 2167,1106 8266,699 S 192,55005 11170,371 13819,269 10635,577 4259,1494 6033,5083
1,8070008 B 4035,0361 13377,429 7227,393 19177,264 2167,1106 8266,699 S 192,55005 11170,371 13819,269 10635,577 4259,1494 6033,5083
1,8069997 B 4035,0361 13377,429 7227,393 19177,264 2167,1106 8266,699 S 192,55005 11170,371 13819,269 10635,577 4259,1494 6033,5083
1,8070003 B 4035,0361 13377,429 7227,393 19177,264 2167,1106 8266,699 S 192,55005 11170,371 13819,269 10635,577 4259,1494 6033,5083
1,807 B 4035,0361 13377,429 7227,393 19177,264 2167,1106 8266,699 S 192,55005 11170,371 13819,269 10635,577 4259,1494 6033,5083
1,807 B 4035,0361 13377,429 7227,393 19177,264 2167,1106 8266,699 S 192,55005 11170,371 13819,269 10635,577 4259,1494 6033,5083
1,8077705 B 4035,0361 13377,429 7227,393 19177,264 2167,1106 8266,699 S 192,55005 11170,371 13819,269 10635,577 4259,1494 6033,5083
1,8080004 B 4035,0361 13377,429 7227,393 19177,264 2167,1106 8266,699 S 192,55005 11170,371 13819,269 10635,577 4259,1494 6033,5083
1,8080002 B 4035,0361 13377,429 7227,393 19177,264 2167,1106 8266,699 S 192,55005 11170,371 13819,269 10635,577 4259,1494 6033,5083
1,8079998 B 4035,0361 13377,429 7227,393 19177,264 2167,1106 8266,699 S 192,55005 11170,371 13819,269 10635,577 4259,1494 6033,5083
1,808 B 4035,0361 13377,429 7227,393 19177,264 2167,1106 8266,699 S 192,55005 11170,371 13819,269 10635,577 4259,1494 6033,5083
1,8079998 B 4035,0361 13377,429 7227,393 19177,264 2167,1106 8266,699 S 192,55005 11170,371 13819,269 10635,577 4259,1494 6033,5083
1,808 B 4035,0361 13377,429 7227,393 19177,264 2167,1106 8266,699 S 192,55005 11170,371 13819,269 10635,577 4259,1494 6033,5083
1,8079998 B 4035,0361 13377,429 7227,393 19177,264 2167,1106 8266,699 S 192,55005 11170,371 13819,269 10635,577 4259,1494 6033,5083
1,8079998 B 4035,0361 13377,429 7227,393 19177,264 2167,1106 8266,699 S 192,55005 11170,371 13819,269 10635,577 4259,1494 6033,5083
1,8086808 B 4035,0361 13377,429 7227,393 19177,264 2167,1106 8266,699 S 192,55005 11170,371 13819,269 10635,577 4259,1494 6033,5083
1,8090005 B 4035,0361 13377,429 7227,393 19177,264 2167,1106 8266,699 S 192,55005 11170,371 13819,269 10635,577 4259,1494 6033,5083
1,8089998 B 4035,0361 13377,429 7227,393 19177,264 2167,1106 8266,699 S 192,55005 11170,371 13819,269 10635,577 4259,1494 6033,5083
1,8090001 B 4035,0361 13377,429 7227,393 19177,264 2167,1106 8266,699 S 192,55005 11170,371 13819,269 10635,577 4259,1494 6033,5083
1,809 B 4035,0361 13377,429 7227,393 19177,264 2167,1106 8266,699 S 192,55005 11170,371 13819,269 10635,577 4259,1494 6033,5083
1,8089998 B 4035,0361 13377,429 7227,393 19177,264 2167,1106 8266,699 S 192,55005 11170,371 13819,269 10635,577 4259,1494 6033,5083
1,8089997 B 4035,0361 13377,429 7227,393 19177,264 2167,1106 8266,699 S 192,55005 11170,371 13819,269 10635,577 4259,1494 6033,5083
1,8095887 B 4035,0361 13377,429 7227,393 19177,264 2167,1106 8266,699 S 192,55005 11170,371 13819,269 10635,577 4259,1494 6033,5083
1,8100001 B 4035,0361 13377,429 7227,393 19177,264 2167,1106 8266,699 S 192,55005 11170,371 13819,269 10635,577 4259,1494 6033,5083
1,8100003 B 4035,0361 13377,429 7227,393 19177,264 2167,1106 8266,699 S 192,55005 11170,371 13819,269 10635,577 4259,1494 6033,5083
1,8100002 B 4035,0361 13377,429 7227,393 19177,264 2167,1106 8266,699 S 192,55005 11170,371 13819,269 10635,577 4259,1494 6033,5083
1,8100002 B 4035,0361 13377,429 7227,393 19177,264 2167,1106 8266,699 S 192,55005 11170,371 13819,269 10635,577 4259,1494 6033,5083
1,8099997 B 4035,0361 13377,429 7227,393 19177,264 2167,1106 8266,699 S 192,55005 11170,371 13819,269 10635,577 4259,1494 6033,5083
1,8100662 B 4035,0361 13377,429 7227,393 19177,264 2167,1106 8266,699 S 192,55005 11170,371 13819,269 10635,577 4259,1494 6033,5083
1,811 B 4035,0361 13377,429 7227,393 19177,264 2167,1106 8266,699 S 192,55005 11170,371 13819,269 10635,577 4259,1494 6033,5083
1,8110001 B 4035,0361 13377,429 7227,393 19177,264 2167,1106 8266,699 S 192,55005 11170,371 13819,269 10635,577 4259,1494 6033,5083
1,8110003 B 4035,0361 13377,429 7227,393 19177,264 2167,1106 8266,699 S 192,55005 11170,371 13819,269 10635,577 4259,1494 6033,5083
1,8110005 B 4035,0361 13377,429 7227,393 19177,264 2167,1106 8266,699 S 192,55005 11170,371 13819,269 10635,577 4259,1494 6033,5083
1,8110003 B 4035,0361 13377,429 7227,393 19177,264 2167,1106 8266,699 S 192,55005 11170,371 13819,269 10635,577 4259,1494 6033,5083
1,8110001 B 4035,0361 13377,429 7227,393 19177,264 2167,1106 8266,699 S 192,55005 11170,371 13819,269 10635,577 4259,1494 6033,5083
1,8110003 B 4035,0361 13377,429 7227,393 19177,264 2167,1106 8266,699 S 192,55005 11170,371 13819,269 10635,577 4259,1494 6033,5083
1,8110003 B 4035,0361 13377,429 7227,393 19177,264 2167,1106 8266,699 S 192,55005 11170,371 13819,269 10635,577 4259,1494 6033,5083
1,8109995 B 4035,0361 13377,429 7227,393 19177,264 2167,1106 8266,699 S 192,55005 11170,371 13819,269 10635,577 4259,1494 6033,5083
1,8110002 B 4035,0361 13377,429 7227,393 19177,264 2167,1106 8266,699 S 192,55005 11170,371 13819,269 10635,577 4259,1494 6033,5083
1,8110003 B 4035,0361 13377,429 7227,393 19177,264 2167,1106 8266,699 S 192,55005 11170,371 13819,269 10635,577 4259,1494 6033,5083
