1,7938612
1,7940004 B 4026,8618 10701,281 15016,343 5012,5425 6965,758 13452,385 S 2191,208 15903,899 11600,95 10959,831 7017,855 4546,279
1,7940001 B 4026,8618 10701,281 15016,343 5012,5425 6965,758 13452,385 S 2191,208 15903,899 11600,95 10959,831 7017,855 4546,279
1,7939998 B 4026,8618 10701,281 15016,343 5012,5425 6965,758 13452,385 S 2191,208 15903,899 11600,95 10959,831 7017,855 4546,279
1,7940003 B 4026,8618 10701,281 15016,343 5012,5425 6965,758 13452,385 S 2191,208 15903,899 11600,95 10959,831 7017,855 4546,279
1,7955711 B 4026,8618 10701,281 15016,343 5012,5425 6965,758 13452,385 S 2191,208 15903,899 11600,95 10959,831 7017,855 4546,279
1,7949997 B 4026,8618 10701,281 15016,343 5012,5425 6965,758 13452,385 S 2191,208 15903,899 11600,95 10959,831 7017,855 4546,279
1,7949997 B 4026,8618 10701,281 15016,343 5012,5425 6965,758 13452,385 S 2191,208 15903,899 11600,95 10959,831 7017,855 4546,279
1,7950001 B 4026,8618 10701,281 15016,343 5012,5425 6965,758 13452,385 S 2191,208 15903,899 11600,95 10959,831 7017,855 4546,279
1,7950001 B 4026,8618 10701,281 15016,343 5012,5425 6965,758 13452,385 S 2191,208 15903,899 11600,95 10959,831 7017,855 4546,279
1,7939745 B 4026,8618 10701,281 15016,343 5012,5425 6965,758 13452,385 S 2191,208 15903,899 11600,95 10959,831 7017,855 4546,279
1,7939998 B 4026,8618 10701,281 15016,343 5012,5425 6965,758 13452,385 S 2191,208 15903,899 11600,95 10959,831 7017,855 4546,279
1,7940001 B 4026,8618 10701,281 15016,343 5012,5425 6965,758 13452,385 S 2191,208 15903,899 11600,95 10959,831 7017,855 4546,279
1,7940001 B 4026,8618 10701,281 15016,343 5012,5425 6965,758 13452,385 S 2191,208 15903,899 11600,95 10959,831 7017,855 4546,279
1,7939998 B 4026,8618 10701,281 15016,343 5012,5425 6965,758 13452,385 S 2191,208 15903,899 11600,95 10959,831 7017,855 4546,279
1,7949891 B 4026,8618 10701,281 15016,343 5012,5425 6965,758 13452,385 S 2191,208 15903,899 11600,95 10959,831 7017,855 4546,279
1,7950001 B 4026,8618 10701,281 15016,343 5012,5425 6965,758 13452,385 S 2191,208 15903,899 11600,95 10959,831 7017,855 4546,279
1,7949998 B 4026,8618 10701,281 15016,343 5012,5425 6965,758 13452,385 S 2191,208 15903,899 11600,95 10959,831 7017,855 4546,279
1,7944736 B 4026,8618 10701,281 15016,343 5012,5425 6965,758 13452,385 S 2191,208 15903,899 11600,95 10959,831 7017,855 4546,279
1,7932466 B 4026,8618 10701,281 15016,343 5012,5425 6965,758 13452,385 S 2191,208 15903,899 11600,95 10959,831 7017,855 4546,279
1,7929999 B 4026,8618 10701,281 15016,343 5012,5425 6965,758 13452,385 S 2191,208 15903,899 11600,95 10959,831 7017,855 4546,279
1,7929999 B 4026,8618 10701,281 15016,343 5012,5425 6965,758 13452,385 S 2191,208 15903,899 11600,95 10959,831 7017,855 4546,279
1,7929994 B 4026,8618 10701,281 15016,343 5012,5425 6965,758 13452,385 S 2191,208 15903,899 11600,95 10959,831 7017,855 4546,279
1,7930001 B 4026,8618 10701,281 15016,343 5012,5425 6965,758 13452,385 S 2191,208 15903,899 11600,95 10959,831 7017,855 4546,279
1,7939637 B 4026,8618 10701,281 15016,343 5012,5425 6965,758 13452,385 S 2191,208 15903,899 11600,95 10959,831 7017,855 4546,279
1,794 B 4026,8618 10701,281 15016,343 5012,5425 6965,758 13452,385 S 2191,208 15903,899 11600,95 10959,831 7017,855 4546,279
1,7939998 B 4026,8618 10701,281 15016,343 5012,5425 6965,758 13452,385 S 2191,208 15903,899 11600,95 10959,831 7017,855 4546,279
1,7940004 B 4026,8618 10701,281 15016,343 5012,5425 6965,758 13452,385 S 2191,208 15903,899 11600,95 10959,831 7017,855 4546,279
1,7939999 B 4026,8618 10701,281 15016,343 5012,5425 6965,758 13452,385 S 2191,208 15903,899 11600,95 10959,831 7017,855 4546,279
1,7940004 B 4026,8618 10701,281 15016,343 5012,5425 6965,758 13452,385 S 2191,208 15903,899 11600,95 10959,831 7017,855 4546,279
1,7940001 B 4026,8618 10701,281 15016,343 5012,5425 6965,758 13452,385 S 2191,208 15903,899 11600,95 10959,831 7017,855 4546,279
1,7940001 B 4026,8618 10701,281 15016,343 5012,5425 6965,758 13452,385 S 2191,208 15903,899 11600,95 10959,831 7017,855 4546,279
1,7940005 B 4026,8618 10701,281 15016,343 5012,5425 6965,758 13452,385 S 2191,208 15903,899 11600,95 10959,831 7017,855 4546,279
1,7940003 B 4026,8618 10701,281 15016,343 5012,5425 6965,758 13452,385 S 2191,208 15903,899 11600,95 10959,831 7017,855 4546,279
1,7938361 B 4026,8618 10701,281 15016,343 5012,5425 6965,758 13452,385 S 2191,208 15903,899 11600,95 10959,831 7017,855 4546,279
1,7919996 B 4026,8618 10701,281 15016,343 5012,5425 6965,758 13452,385 S 2191,208 15903,899 11600,95 10959,831 7017,855 4546,279
1,7919998 B 4026,8618 10701,281 15016,343 5012,5425 6965,758 13452,385 S 2191,208 15903,899 11600,95 10959,831 7017,855 4546,279
1,7919996 B 4026,8618 10701,281 15016,343 5012,5425 6965,758 13452,385 S 2191,208 15903,899 11600,95 10959,831 7017,855 4546,279
1,791835 B 4026,8618 10701,281 15016,343 5012,5425 6965,758 13452,385 S 2191,208 15903,899 11600,95 10959,831 7017,855 4546,279
1,7910004 B 4026,8618 10701,281 15016,343 5012,5425 6965,758 13452,385 S 2191,208 15903,899 11600,95 10959,831 7017,855 4546,279
1,7904025 B 4026,8618 10701,281 15016,343 5012,5425 6965,758 13452,385 S 2191,208 15903,899 11600,95 10959,831 7017,855 4546,279
1,7899824 B 4026,8618 10701,281 15016,343 5012,5425 6965,758 13452,385 S 2191,208 15903,899 11600,95 10959,831 7017,855 4546,279
1,7890004 B 4026,8618 10701,281 15016,343 5012,5425 6965,758 13452,385 S 2191,208 15903,899 11600,95 10959,831 7017,855 4546,279
1,7899063 B 4026,8618 10701,281 15016,343 5012,5425 6965,758 13452,385 S 2191,208 15903,899 11600,95 10959,831 7017,855 4546,279
1,79123 B 4026,8618 10701,281 15016,343 5012,5425 6965,758 13452,385 S 2191,208 15903,899 11600,95 10959,831 7017,855 4546,279
1,7929996 B 4026,8618 10701,281 15016,343 5012,5425 6965,758 13452,385 S 2191,208 15903,899 11600,95 10959,831 7017,855 4546,279
1,7932636 B 4026,8618 10701,281 15016,343 5012,5425 6965,758 13452,385 S 2191,208 15903,899 11600,95 10959,831 7017,855 4546,279
1,7940003 B 4026,8618 10701,281 15016,343 5012,5425 6965,758 13452,385 S 2191,208 15903,899 11600,95 10959,831 7017,855 4546,279
1,7940006 B 4026,8618 10701,281 15016,343 5012,5425 6965,758 13452,385 S 2191,208 15903,899 11600,95 10959,831 7017,855 4546,279
1,7939993 B 4026,8618 10701,281 15016,343 5012,5425 6965,758 13452,385 S 2191,208 15903,899 11600,95 10959,831 7017,855 4546,279
1,7943114 B 4026,8618 10701,281 15016,343 5012,5425 6965,758 13452,385 S 2191,208 15903,899 11600,95 10959,831 7017,855 4546,279
1,7950003 B 4026,8618 10701,281 15016,343 5012,5425 6965,758 13452,385 S 2191,208 15903,899 11600,95 10959,831 7017,855 4546,279
1,7958688 B 4026,8618 10701,281 15016,343 5012,5425 6965,758 13452,385 S 2191,208 15903,899 11600,95 10959,831 7017,855 4546,279
1,796 B 4026,8618 10701,281 15016,343 5012,5425 6965,758 13452,385 S 2191,208 15903,899 11600,95 10959,831 7017,855 4546,279
1,7961622 B 4026,8618 10701,281 15016,343 5012,5425 6965,758 13452,385 S 2191,208 15903,899 11600,95 10959,831 7017,855 4546,279
1,7969996 B 4026,8618 10701,281 15016,343 5012,5425 6965,758 13452,385 S 2191,208 15903,899 11600,95 10959,831 7017,855 4546,279
1,7970004 B 4026,8618 10701,281 15016,343 5012,5425 6965,758 13452,385 S 2191,208 15903,899 11600,95 10959,831 7017,855 4546,279
1,7969998 B 4026,8618 10701,281 15016,343 5012,5425 6965,758 13452,385 S 2191,208 15903,899 11600,95 10959,831 7017,855 4546,279
1,7969998 B 4026,8618 10701,281 15016,343 5012,5425 6965,758 13452,385 S 2191,208 15903,899 11600,95 10959,831 7017,855 4546,279
1,7970002 B 4026,8618 10701,281 15016,343 5012,5425 6965,758 13452,385 S 2191,208 15903,899 11600,95 10959,831 7017,855 4546,279
1,7970003 B 4026,8618 10701,281 15016,343 5012,5425 6965,758 13452,385 S 2191,208 15903,899 11600,95 10959,831 7017,855 4546,279
1,797 B 4026,8618 10701,281 15016,343 5012,5425 6965,758 13452,385 S 2191,208 15903,899 11600,95 10959,831 7017,855 4546,279
1,797 B 4026,8618 10701,281 15016,343 5012,5425 6965,758 13452,385 S 2191,208 15903,899 11600,95 10959,831 7017,855 4546,279
1,7969998 B 4026,8618 10701,281 15016,343 5012,5425 6965,758 13452,385 S 2191,208 15903,899 11600,95 10959,831 7017,855 4546,279
1,7970005 B 4026,8618 10701,281 15016,343 5012,5425 6965,758 13452,385 S 2191,208 15903,899 11600,95 10959,831 7017,855 4546,279
1,7969995 B 4026,8618 10701,281 15016,343 5012,5425 6965,758 13452,385 S 2191,208 15903,899 11600,95 10959,831 7017,855 4546,279
1,797 B 4026,8618 10701,281 15016,343 5012,5425 6965,758 13452,385 S 2191,208 15903,899 11600,95 10959,831 7017,855 4546,279
1,7970002 B 4026,8618 10701,281 15016,343 5012,5425 6965,758 13452,385 S 2191,208 15903,899 11600,95 10959,831 7017,855 4546,279
1,7977113 B 4026,8618 10701,281 15016,343 5012,5425 6965,758 13452,385 S 2191,208 15903,899 11600,95 10959,831 7017,855 4546,279
1,798 B 4026,8618 10701,281 15016,343 5012,5425 6965,758 13452,385 S 2191,208 15903,899 11600,95 10959,831 7017,855 4546,279
1,7979993 B 4026,8618 10701,281 15016,343 5012,5425 6965,758 13452,385 S 2191,208 15903,899 11600,95 10959,831 7017,855 4546,279
1,7983533 B 4026,8618 10701,281 15016,343 5012,5425 6965,758 13452,385 S 2191,208 15903,899 11600,95 10959,831 7017,855 4546,279
1,7987297 B 4026,8618 10701,281 15016,343 5012,5425 6965,758 13452,385 S 2191,208 15903,899 11600,95 10959,831 7017,855 4546,279
1,8 B 4026,8618 10701,281 15016,343 5012,5425 6965,758 13452,385 S 2191,208 15903,899 11600,95 10959,831 7017,855 4546,279
1,7999996 B 4026,8618 10701,281 15016,343 5012,5425 6965,758 13452,385 S 2191,208 15903,899 11600,95 10959,831 7017,855 4546,279
1,7999997 B 4026,8618 10701,281 15016,343 5012,5425 6965,758 13452,385 S 2191,208 15903,899 11600,95 10959,831 7017,855 4546,279
1,8009123 B 4026,8618 10701,281 15016,343 5012,5425 6965,758 13452,385 S 2191,208 15903,899 11600,95 10959,831 7017,855 4546,279
1,8009998 B 4026,8618 10701,281 15016,343 5012,5425 6965,758 13452,385 S 2191,208 15903,899 11600,95 10959,831 7017,855 4546,279
1,8010005 B 4026,8618 10701,281 15016,343 5012,5425 6965,758 13452,385 S 2191,208 15903,899 11600,95 10959,831 7017,855 4546,279
1,8010004 B 4026,8618 10701,281 15016,343 5012,5425 6965,758 13452,385 S 2191,208 15903,899 11600,95 10959,831 7017,855 4546,279
1,8010002 B 4026,8618 10701,281 15016,343 5012,5425 6965,758 13452,385 S 2191,208 15903,899 11600,95 10959,831 7017,855 4546,279
1,801 B 4026,8618 10701,281 15016,343 5012,5425 6965,758 13452,385 S 2191,208 15903,899 11600,95 10959,831 7017,855 4546,279
1,8017923 B 4026,8618 10701,281 15016,343 5012,5425 6965,758 13452,385 S 2191,208 15903,899 11600,95 10959,831 7017,855 4546,279
1,8034455 B 4026,8618 10701,281 15016,343 5012,5425 6965,758 13452,385 S 2191,208 15903,899 11600,95 10959,831 7017,855 4546,279
1,8037703 B 4026,8618 10701,281 15016,343 5012,5425 6965,758 13452,385 S 2191,208 15903,899 11600,95 10959,831 7017,855 4546,279
1,8011086 B 4026,8618 10701,281 15016,343 5012,5425 6965,758 13452,385 S 2191,208 15903,899 11600,95 10959,831 7017,855 4546,279
1,8 B 4026,8618 10701,281 15016,343 5012,5425 6965,758 13452,385 S 2191,208 15903,899 11600,95 10959,831 7017,855 4546,279
1,8 B 4026,8618 10701,281 15016,343 5012,5425 6965,758 13452,385 S 2191,208 15903,899 11600,95 10959,831 7017,855 4546,279
1,7999998 B 4026,8618 10701,281 15016,343 5012,5425 6965,758 13452,385 S 2191,208 15903,899 11600,95 10959,831 7017,855 4546,279
1,7999997 B 4026,8618 10701,281 15016,343 5012,5425 6965,758 13452,385 S 2191,208 15903,899 11600,95 10959,831 7017,855 4546,279
1,8000001 B 4026,8618 10701,281 15016,343 5012,5425 6965,758 13452,385 S 2191,208 15903,899 11600,95 10959,831 7017,855 4546,279
1,8000001 B 4026,8618 10701,281 15016,343 5012,5425 6965,758 13452,385 S 2191,208 15903,899 11600,95 10959,831 7017,855 4546,279
1,7999998 B 4026,8618 10701,281 15016,343 5012,5425 6965,758 13452,385 S 2191,208 15903,899 11600,95 10959,831 7017,855 4546,279
1,7993582 B 4026,8618 10701,281 15016,343 5012,5425 6965,758 13452,385 S 2191,208 15903,899 11600,95 10959,831 7017,855 4546,279
1,7989304 B 4026,8618 10701,281 15016,343 5012,5425 6965,758 13452,385 S 2191,208 15903,899 11600,95 10959,831 7017,855 4546,279
1,7979902 B 4026,8618 10701,281 15016,343 5012,5425 6965,758 13452,385 S 2191,208 15903,899 11600,95 10959,831 7017,855 4546,279
1,7970004 B 4026,8618 10701,281 15016,343 5012,5425 6965,758 13452,385 S 2191,208 15903,899 11600,95 10959,831 7017,855 4546,279
1,7969998 B 4026,8618 10701,281 15016,343 5012,5425 6965,758 13452,385 S 2191,208 15903,899 11600,95 10959,831 7017,855 4546,279
1,797631 B 4026,8618 10701,281 15016,343 5012,5425 6965,758 13452,385 S 2191,208 15903,899 11600,95 10959,831 7017,855 4546,279
1,7987525 B 4026,8618 10701,281 15016,343 5012,5425 6965,758 13452,385 S 2191,208 15903,899 11600,95 10959,831 7017,855 4546,279
1,7979999 B 4026,8618 10701,281 15016,343 5012,5425 6965,758 13452,385 S 2191,208 15903,899 11600,95 10959,831 7017,855 4546,279
1,7979997 B 4026,8618 10701,281 15016,343 5012,5425 6965,758 13452,385 S 2191,208 15903,899 11600,95 10959,831 7017,855 4546,279
1,7986572 B 4026,8618 10701,281 15016,343 5012,5425 6965,758 13452,385 S 2191,208 15903,899 11600,95 10959,831 7017,855 4546,279
1,799 B 4026,8618 10701,281 15016,343 5012,5425 6965,758 13452,385 S 2191,208 15903,899 11600,95 10959,831 7017,855 4546,279
1,7989999 B 4026,8618 10701,281 15016,343 5012,5425 6965,758 13452,385 S 2191,208 15903,899 11600,95 10959,831 7017,855 4546,279
1,7990005 B 4026,8618 10701,281 15016,343 5012,5425 6965,758 13452,385 S 2191,208 15903,899 11600,95 10959,831 7017,855 4546,279
1,7987919 B 4026,8618 10701,281 15016,343 5012,5425 6965,758 13452,385 S 2191,208 15903,899 11600,95 10959,831 7017,855 4546,279
1,7980001 B 4026,8618 10701,281 15016,343 5012,5425 6965,758 13452,385 S 2191,208 15903,899 11600,95 10959,831 7017,855 4546,279
1,798 B 4026,8618 10701,281 15016,343 5012,5425 6965,758 13452,385 S 2191,208 15903,899 11600,95 10959,831 7017,855 4546,279
1,7979995 B 4026,8618 10701,281 15016,343 5012,5425 6965,758 13452,385 S 2191,208 15903,899 11600,95 10959,831 7017,855 4546,279
1,7953689 B 4026,8618 10701,281 15016,343 5012,5425 6965,758 13452,385 S 2191,208 15903,899 11600,95 10959,831 7017,855 4546,279
1,7946304 B 4026,8618 10701,281 15016,343 5012,5425 6965,758 13452,385 S 2191,208 15903,899 11600,95 10959,831 7017,855 4546,279
1,7932671 B 4026,8618 10701,281 15016,343 5012,5425 6965,758 13452,385 S 2191,208 15903,899 11600,95 10959,831 7017,855 4546,279
1,7917055 B 4026,8618 10701,281 15016,343 5012,5425 6965,758 13452,385 S 2191,208 15903,899 11600,95 10959,831 7017,855 4546,279
1,7922188 B 4026,8618 10701,281 15016,343 5012,5425 6965,758 13452,385 S 2191,208 15903,899 11600,95 10959,831 7017,855 4546,279
1,7939994 B 4026,8618 10701,281 15016,343 5012,5425 6965,758 13452,385 S 2191,208 15903,899 11600,95 10959,831 7017,855 4546,279
1,7939999 B 4026,8618 10701,281 15016,343 5012,5425 6965,758 13452,385 S 2191,208 15903,899 11600,95 10959,831 7017,855 4546,279
1,7940004 B 4026,8618 10701,281 15016,343 5012,5425 6965,758 13452,385 S 2191,208 15903,899 11600,95 10959,831 7017,855 4546,279
1,7939996 B 4026,8618 10701,281 15016,343 5012,5425 6965,758 13452,385 S 2191,208 15903,899 11600,95 10959,831 7017,855 4546,279
1,7923819 B 4026,8618 10701,281 15016,343 5012,5425 6965,758 13452,385 S 2191,208 15903,899 11600,95 10959,831 7017,855 4546,279
1,7920444 B 4026,8618 10701,281 15016,343 5012,5425 6965,758 13452,385 S 2191,208 15903,899 11600,95 10959,831 7017,855 4546,279
1,7930001 B 4026,8618 10701,281 15016,343 5012,5425 6965,758 13452,385 S 2191,208 15903,899 11600,95 10959,831 7017,855 4546,279
1,7924386 B 4026,8618 10701,281 15016,343 5012,5425 6965,758 13452,385 S 2191,208 15903,899 11600,95 10959,831 7017,855 4546,279
1,7919995 B 4026,8618 10701,281 15016,343 5012,5425 6965,758 13452,385 S 2191,208 15903,899 11600,95 10959,831 7017,855 4546,279
1,792 B 4026,8618 10701,281 15016,343 5012,5425 6965,758 13452,385 S 2191,208 15903,899 11600,95 10959,831 7017,855 4546,279
1,7920003 B 4026,8618 10701,281 15016,343 5012,5425 6965,758 13452,385 S 2191,208 15903,899 11600,95 10959,831 7017,855 4546,279
1,7920007 B 4026,8618 10701,281 15016,343 5012,5425 6965,758 13452,385 S 2191,208 15903,899 11600,95 10959,831 7017,855 4546,279
1,7919998 B 4026,8618 10701,281 15016,343 5012,5425 6965,758 13452,385 S 2191,208 15903,899 11600,95 10959,831 7017,855 4546,279
1,792 B 4026,8618 10701,281 15016,343 5012,5425 6965,758 13452,385 S 2191,208 15903,899 11600,95 10959,831 7017,855 4546,279
1,7920007 B 4026,8618 10701,281 15016,343 5012,5425 6965,758 13452,385 S 2191,208 15903,899 11600,95 10959,831 7017,855 4546,279
1,7920004 B 4026,8618 10701,281 15016,343 5012,5425 6965,758 13452,385 S 2191,208 15903,899 11600,95 10959,831 7017,855 4546,279
1,7919997 B 4026,8618 10701,281 15016,343 5012,5425 6965,758 13452,385 S 2191,208 15903,899 11600,95 10959,831 7017,855 4546,279
1,7936537 B 4026,8618 10701,281 15016,343 5012,5425 6965,758 13452,385 S 2191,208 15903,899 11600,95 10959,831 7017,855 4546,279
1,7939999 B 4026,8618 10701,281 15016,343 5012,5425 6965,758 13452,385 S 2191,208 15903,899 11600,95 10959,831 7017,855 4546,279
1,7939999 B 4026,8618 10701,281 15016,343 5012,5425 6965,758 13452,385 S 2191,208 15903,899 11600,95 10959,831 7017,855 4546,279
1,7939999 B 4026,8618 10701,281 15016,343 5012,5425 6965,758 13452,385 S 2191,208 15903,899 11600,95 10959,831 7017,855 4546,279
1,7941176 B 4026,8618 10701,281 15016,343 5012,5425 6965,758 13452,385 S 2191,208 15903,899 11600,95 10959,831 7017,855 4546,279
1,7950001 B 4026,8618 10701,281 15016,343 5012,5425 6965,758 13452,385 S 2191,208 15903,899 11600,95 10959,831 7017,855 4546,279
1,7953699 B 4026,8618 10701,281 15016,343 5012,5425 6965,758 13452,385 S 2191,208 15903,899 11600,95 10959,831 7017,855 4546,279
1,795091 B 4026,8618 10701,281 15016,343 5012,5425 6965,758 13452,385 S 2191,208 15903,899 11600,95 10959,831 7017,855 4546,279
1,7950002 B 4026,8618 10701,281 15016,343 5012,5425 6965,758 13452,385 S 2191,208 15903,899 11600,95 10959,831 7017,855 4546,279
1,795 B 4026,8618 10701,281 15016,343 5012,5425 6965,758 13452,385 S 2191,208 15903,899 11600,95 10959,831 7017,855 4546,279
1,7952646 B 4026,8618 10701,281 15016,343 5012,5425 6965,758 13452,385 S 2191,208 15903,899 11600,95 10959,831 7017,855 4546,279
1,7970005 B 4026,8618 10701,281 15016,343 5012,5425 6965,758 13452,385 S 2191,208 15903,899 11600,95 10959,831 7017,855 4546,279
1,7969998 B 4026,8618 10701,281 15016,343 5012,5425 6965,758 13452,385 S 2191,208 15903,899 11600,95 10959,831 7017,855 4546,279
1,7970003 B 4026,8618 10701,281 15016,343 5012,5425 6965,758 13452,385 S 2191,208 15903,899 11600,95 10959,831 7017,855 4546,279
1,7970006 B 4026,8618 10701,281 15016,343 5012,5425 6965,758 13452,385 S 2191,208 15903,899 11600,95 10959,831 7017,855 4546,279
1,7970004 B 4026,8618 10701,281 15016,343 5012,5425 6965,758 13452,385 S 2191,208 15903,899 11600,95 10959,831 7017,855 4546,279
1,7969998 B 4026,8618 10701,281 15016,343 5012,5425 6965,758 13452,385 S 2191,208 15903,899 11600,95 10959,831 7017,855 4546,279
1,7963592 B 4026,8618 10701,281 15016,343 5012,5425 6965,758 13452,385 S 2191,208 15903,899 11600,95 10959,831 7017,855 4546,279
1,7959999 B 4026,8618 10701,281 15016,343 5012,5425 6965,758 13452,385 S 2191,208 15903,899 11600,95 10959,831 7017,855 4546,279
1,7956021 B 4026,8618 10701,281 15016,343 5012,5425 6965,758 13452,385 S 2191,208 15903,899 11600,95 10959,831 7017,855 4546,279
1,7950006 B 4026,8618 10701,281 15016,343 5012,5425 6965,758 13452,385 S 2191,208 15903,899 11600,95 10959,831 7017,855 4546,279
1,7950001 B 4026,8618 10701,281 15016,343 5012,5425 6965,758 13452,385 S 2191,208 15903,899 11600,95 10959,831 7017,855 4546,279
1,794783 B 4026,8618 10701,281 15016,343 5012,5425 6965,758 13452,385 S 2191,208 15903,899 11600,95 10959,831 7017,855 4546,279
1,794 B 4026,8618 10701,281 15016,343 5012,5425 6965,758 13452,385 S 2191,208 15903,899 11600,95 10959,831 7017,855 4546,279
1,7926761 B 4026,8618 10701,281 15016,343 5012,5425 6965,758 13452,385 S 2191,208 15903,899 11600,95 10959,831 7017,855 4546,279
1,7919999 B 4026,8618 10701,281 15016,343 5012,5425 6965,758 13452,385 S 2191,208 15903,899 11600,95 10959,831 7017,855 4546,279
1,7917246 B 4026,8618 10701,281 15016,343 5012,5425 6965,758 13452,385 S 2191,208 15903,899 11600,95 10959,831 7017,855 4546,279
1,7899997 B 4026,8618 10701,281 15016,343 5012,5425 6965,758 13452,385 S 2191,208 15903,899 11600,95 10959,831 7017,855 4546,279
1,7905499 B 4026,8618 10701,281 15016,343 5012,5425 6965,758 13452,385 S 2191,208 15903,899 11600,95 10959,831 7017,855 4546,279
1,7910002 B 4026,8618 10701,281 15016,343 5012,5425 6965,758 13452,385 S 2191,208 15903,899 11600,95 10959,831 7017,855 4546,279
1,7904048 B 4026,8618 10701,281 15016,343 5012,5425 6965,758 13452,385 S 2191,208 15903,899 11600,95 10959,831 7017,855 4546,279
1,7920003 B 4026,8618 10701,281 15016,343 5012,5425 6965,758 13452,385 S 2191,208 15903,899 11600,95 10959,831 7017,855 4546,279
1,7920003 B 4026,8618 10701,281 15016,343 5012,5425 6965,758 13452,385 S 2191,208 15903,899 11600,95 10959,831 7017,855 4546,279
1,7920003 B 4026,8618 10701,281 15016,343 5012,5425 6965,758 13452,385 S 2191,208 15903,899 11600,95 10959,831 7017,855 4546,279
1,792 B 4026,8618 10701,281 15016,343 5012,5425 6965,758 13452,385 S 2191,208 15903,899 11600,95 10959,831 7017,855 4546,279
1,7908413 B 4026,8618 10701,281 15016,343 5012,5425 6965,758 13452,385 S 2191,208 15903,899 11600,95 10959,831 7017,855 4546,279
1,7899998 B 4026,8618 10701,281 15016,343 5012,5425 6965,758 13452,385 S 2191,208 15903,899 11600,95 10959,831 7017,855 4546,279
1,7899996 B 4026,8618 10701,281 15016,343 5012,5425 6965,758 13452,385 S 2191,208 15903,899 11600,95 10959,831 7017,855 4546,279
1,7900001 B 4026,8618 10701,281 15016,343 5012,5425 6965,758 13452,385 S 2191,208 15903,899 11600,95 10959,831 7017,855 4546,279
1,7900003 B 4026,8618 10701,281 15016,343 5012,5425 6965,758 13452,385 S 2191,208 15903,899 11600,95 10959,831 7017,855 4546,279
1,7900003 B 4026,8618 10701,281 15016,343 5012,5425 6965,758 13452,385 S 2191,208 15903,899 11600,95 10959,831 7017,855 4546,279
1,7904145 B 4026,8618 10701,281 15016,343 5012,5425 6965,758 13452,385 S 2191,208 15903,899 11600,95 10959,831 7017,855 4546,279
1,790682 B 4026,8618 10701,281 15016,343 5012,5425 6965,758 13452,385 S 2191,208 15903,899 11600,95 10959,831 7017,855 4546,279
1,7890006 B 4026,8618 10701,281 15016,343 5012,5425 6965,758 13452,385 S 2191,208 15903,899 11600,95 10959,831 7017,855 4546,279
1,7890743 B 4026,8618 10701,281 15016,343 5012,5425 6965,758 13452,385 S 2191,208 15903,899 11600,95 10959,831 7017,855 4546,279
1,7900004 B 4026,8618 10701,281 15016,343 5012,5425 6965,758 13452,385 S 2191,208 15903,899 11600,95 10959,831 7017,855 4546,279
1,7900003 B 4026,8618 10701,281 15016,343 5012,5425 6965,758 13452,385 S 2191,208 15903,899 11600,95 10959,831 7017,855 4546,279
1,7900006 B 4026,8618 10701,281 15016,343 5012,5425 6965,758 13452,385 S 2191,208 15903,899 11600,95 10959,831 7017,855 4546,279
1,7907587 B 4026,8618 10701,281 15016,343 5012,5425 6965,758 13452,385 S 2191,208 15903,899 11600,95 10959,831 7017,855 4546,279
1,7919999 B 4026,8618 10701,281 15016,343 5012,5425 6965,758 13452,385 S 2191,208 15903,899 11600,95 10959,831 7017,855 4546,279
1,7919999 B 4026,8618 10701,281 15016,343 5012,5425 6965,758 13452,385 S 2191,208 15903,899 11600,95 10959,831 7017,855 4546,279
1,7919998 B 4026,8618 10701,281 15016,343 5012,5425 6965,758 13452,385 S 2191,208 15903,899 11600,95 10959,831 7017,855 4546,279
1,7919998 B 4026,8618 10701,281 15016,343 5012,5425 6965,758 13452,385 S 2191,208 15903,899 11600,95 10959,831 7017,855 4546,279
1,7919999 B 4026,8618 10701,281 15016,343 5012,5425 6965,758 13452,385 S 2191,208 15903,899 11600,95 10959,831 7017,855 4546,279
1,7920003 B 4026,8618 10701,281 15016,343 5012,5425 6965,758 13452,385 S 2191,208 15903,899 11600,95 10959,831 7017,855 4546,279
1,7920004 B 4026,8618 10701,281 15016,343 5012,5425 6965,758 13452,385 S 2191,208 15903,899 11600,95 10959,831 7017,855 4546,279
1,792 B 4026,8618 10701,281 15016,343 5012,5425 6965,758 13452,385 S 2191,208 15903,899 11600,95 10959,831 7017,855 4546,279
1,7910193 B 4026,8618 10701,281 15016,343 5012,5425 6965,758 13452,385 S 2191,208 15903,899 11600,95 10959,831 7017,855 4546,279
1,7910002 B 4026,8618 10701,281 15016,343 5012,5425 6965,758 13452,385 S 2191,208 15903,899 11600,95 10959,831 7017,855 4546,279
1,7910005 B 4026,8618 10701,281 15016,343 5012,5425 6965,758 13452,385 S 2191,208 15903,899 11600,95 10959,831 7017,855 4546,279
1,7910002 B 4026,8618 10701,281 15016,343 5012,5425 6965,758 13452,385 S 2191,208 15903,899 11600,95 10959,831 7017,855 4546,279
1,7910004 B 4026,8618 10701,281 15016,343 5012,5425 6965,758 13452,385 S 2191,208 15903,899 11600,95 10959,831 7017,855 4546,279
1,7910005 B 4026,8618 10701,281 15016,343 5012,5425 6965,758 13452,385 S 2191,208 15903,899 11600,95 10959,831 7017,855 4546,279
1,7910004 B 4026,8618 10701,281 15016,343 5012,5425 6965,758 13452,385 S 2191,208 15903,899 11600,95 10959,831 7017,855 4546,279
1,7910002 B 4026,8618 10701,281 15016,343 5012,5425 6965,758 13452,385 S 2191,208 15903,899 11600,95 10959,831 7017,855 4546,279
1,7910004 B 4026,8618 10701,281 15016,343 5012,5425 6965,758 13452,385 S 2191,208 15903,899 11600,95 10959,831 7017,855 4546,279
1,7910005 B 4026,8618 10701,281 15016,343 5012,5425 6965,758 13452,385 S 2191,208 15903,899 11600,95 10959,831 7017,855 4546,279
1,7910006 B 4026,8618 10701,281 15016,343 5012,5425 6965,758 13452,385 S 2191,208 15903,899 11600,95 10959,831 7017,855 4546,279
1,7910005 B 4026,8618 10701,281 15016,343 5012,5425 6965,758 13452,385 S 2191,208 15903,899 11600,95 10959,831 7017,855 4546,279
1,7902526 B 4026,8618 10701,281 15016,343 5012,5425 6965,758 13452,385 S 2191,208 15903,899 11600,95 10959,831 7017,855 4546,279
1,7899996 B 4026,8618 10701,281 15016,343 5012,5425 6965,758 13452,385 S 2191,208 15903,899 11600,95 10959,831 7017,855 4546,279
1,7900004 B 4026,8618 10701,281 15016,343 5012,5425 6965,758 13452,385 S 2191,208 15903,899 11600,95 10959,831 7017,855 4546,279
1,7899997 B 4026,8618 10701,281 15016,343 5012,5425 6965,758 13452,385 S 2191,208 15903,899 11600,95 10959,831 7017,855 4546,279
1,7903712 B 4026,8618 10701,281 15016,343 5012,5425 6965,758 13452,385 S 2191,208 15903,899 11600,95 10959,831 7017,855 4546,279
1,7916678 B 4026,8618 10701,281 15016,343 5012,5425 6965,758 13452,385 S 2191,208 15903,899 11600,95 10959,831 7017,855 4546,279
1,793 B 4026,8618 10701,281 15016,343 5012,5425 6965,758 13452,385 S 2191,208 15903,899 11600,95 10959,831 7017,855 4546,279
1,7935312 B 4026,8618 10701,281 15016,343 5012,5425 6965,758 13452,385 S 2191,208 15903,899 11600,95 10959,831 7017,855 4546,279
1,7939999 B 4026,8618 10701,281 15016,343 5012,5425 6965,758 13452,385 S 2191,208 15903,899 11600,95 10959,831 7017,855 4546,279
1,7939999 B 4026,8618 10701,281 15016,343 5012,5425 6965,758 13452,385 S 2191,208 15903,899 11600,95 10959,831 7017,855 4546,279
1,7939774 B 4026,8618 10701,281 15016,343 5012,5425 6965,758 13452,385 S 2191,208 15903,899 11600,95 10959,831 7017,855 4546,279
1,7930001 B 4026,8618 10701,281 15016,343 5012,5425 6965,758 13452,385 S 2191,208 15903,899 11600,95 10959,831 7017,855 4546,279
1,7929995 B 4026,8618 10701,281 15016,343 5012,5425 6965,758 13452,385 S 2191,208 15903,899 11600,95 10959,831 7017,855 4546,279
1,7930005 B 4026,8618 10701,281 15016,343 5012,5425 6965,758 13452,385 S 2191,208 15903,899 11600,95 10959,831 7017,855 4546,279
1,7930003 B 4026,8618 10701,281 15016,343 5012,5425 6965,758 13452,385 S 2191,208 15903,899 11600,95 10959,831 7017,855 4546,279
1,7923654 B 4026,8618 10701,281 15016,343 5012,5425 6965,758 13452,385 S 2191,208 15903,899 11600,95 10959,831 7017,855 4546,279
1,7886556 B 4026,8618 10701,281 15016,343 5012,5425 6965,758 13452,385 S 2191,208 15903,899 11600,95 10959,831 7017,855 4546,279
1,7879258 B 4026,8618 10701,281 15016,343 5012,5425 6965,758 13452,385 S 2191,208 15903,899 11600,95 10959,831 7017,855 4546,279
1,7888883 B 4026,8618 10701,281 15016,343 5012,5425 6965,758 13452,385 S 2191,208 15903,899 11600,95 10959,831 7017,855 4546,279
1,7911097 B 4026,8618 10701,281 15016,343 5012,5425 6965,758 13452,385 S 2191,208 15903,899 11600,95 10959,831 7017,855 4546,279
1,7919432 B 4026,8618 10701,281 15016,343 5012,5425 6965,758 13452,385 S 2191,208 15903,899 11600,95 10959,831 7017,855 4546,279
1,7910001 B 4026,8618 10701,281 15016,343 5012,5425 6965,758 13452,385 S 2191,208 15903,899 11600,95 10959,831 7017,855 4546,279
1,791 B 4026,8618 10701,281 15016,343 5012,5425 6965,758 13452,385 S 2191,208 15903,899 11600,95 10959,831 7017,855 4546,279
1,7910002 B 4026,8618 10701,281 15016,343 5012,5425 6965,758 13452,385 S 2191,208 15903,899 11600,95 10959,831 7017,855 4546,279
1,7910004 B 4026,8618 10701,281 15016,343 5012,5425 6965,758 13452,385 S 2191,208 15903,899 11600,95 10959,831 7017,855 4546,279
1,7910005 B 4026,8618 10701,281 15016,343 5012,5425 6965,758 13452,385 S 2191,208 15903,899 11600,95 10959,831 7017,855 4546,279
1,7897099 B 4026,8618 10701,281 15016,343 5012,5425 6965,758 13452,385 S 2191,208 15903,899 11600,95 10959,831 7017,855 4546,279
1,7880001 B 4026,8618 10701,281 15016,343 5012,5425 6965,758 13452,385 S 2191,208 15903,899 11600,95 10959,831 7017,855 4546,279
1,7879999 B 4026,8618 10701,281 15016,343 5012,5425 6965,758 13452,385 S 2191,208 15903,899 11600,95 10959,831 7017,855 4546,279
1,7876121 B 4026,8618 10701,281 15016,343 5012,5425 6965,758 13452,385 S 2191,208 15903,899 11600,95 10959,831 7017,855 4546,279
1,787 B 4026,8618 10701,281 15016,343 5012,5425 6965,758 13452,385 S 2191,208 15903,899 11600,95 10959,831 7017,855 4546,279
1,7865084 B 4026,8618 10701,281 15016,343 5012,5425 6965,758 13452,385 S 2191,208 15903,899 11600,95 10959,831 7017,855 4546,279
1,7859995 B 4026,8618 10701,281 15016,343 5012,5425 6965,758 13452,385 S 2191,208 15903,899 11600,95 10959,831 7017,855 4546,279
1,7860007 B 4026,8618 10701,281 15016,343 5012,5425 6965,758 13452,385 S 2191,208 15903,899 11600,95 10959,831 7017,855 4546,279
1,7860073 B 4026,8618 10701,281 15016,343 5012,5425 6965,758 13452,385 S 2191,208 15903,899 11600,95 10959,831 7017,855 4546,279
1,7869995 B 4026,8618 10701,281 15016,343 5012,5425 6965,758 13452,385 S 2191,208 15903,899 11600,95 10959,831 7017,855 4546,279
1,787845 B 4026,8618 10701,281 15016,343 5012,5425 6965,758 13452,385 S 2191,208 15903,899 11600,95 10959,831 7017,855 4546,279
1,7890002 B 4026,8618 10701,281 15016,343 5012,5425 6965,758 13452,385 S 2191,208 15903,899 11600,95 10959,831 7017,855 4546,279
1,789 B 4026,8618 10701,281 15016,343 5012,5425 6965,758 13452,385 S 2191,208 15903,899 11600,95 10959,831 7017,855 4546,279
1,7909858 B 4026,8618 10701,281 15016,343 5012,5425 6965,758 13452,385 S 2191,208 15903,899 11600,95 10959,831 7017,855 4546,279
