1,8499787
1,8479999 B 1482,8802 10120,376 13386,341 15095,203 7432,973 8135,97 S 4300,6997 12465,913 15204,6875 11731,212 14926,303 797,89
1,848 B 1482,8802 10120,376 13386,341 15095,203 7432,973 8135,97 S 4300,6997 12465,913 15204,6875 11731,212 14926,303 797,89
1,8480004 B 1482,8802 10120,376 13386,341 15095,203 7432,973 8135,97 S 4300,6997 12465,913 15204,6875 11731,212 14926,303 797,89
1,8482547 B 1482,8802 10120,376 13386,341 15095,203 7432,973 8135,97 S 4300,6997 12465,913 15204,6875 11731,212 14926,303 797,89
1,8490001 B 1482,8802 10120,376 13386,341 15095,203 7432,973 8135,97 S 4300,6997 12465,913 15204,6875 11731,212 14926,303 797,89
1,8489997 B 1482,8802 10120,376 13386,341 15095,203 7432,973 8135,97 S 4300,6997 12465,913 15204,6875 11731,212 14926,303 797,89
1,8489997 B 1482,8802 10120,376 13386,341 15095,203 7432,973 8135,97 S 4300,6997 12465,913 15204,6875 11731,212 14926,303 797,89
1,8490002 B 1482,8802 10120,376 13386,341 15095,203 7432,973 8135,97 S 4300,6997 12465,913 15204,6875 11731,212 14926,303 797,89
1,8489995 B 1482,8802 10120,376 13386,341 15095,203 7432,973 8135,97 S 4300,6997 12465,913 15204,6875 11731,212 14926,303 797,89
1,8485855 B 1482,8802 10120,376 13386,341 15095,203 7432,973 8135,97 S 4300,6997 12465,913 15204,6875 11731,212 14926,303 797,89
1,8480002 B 1482,8802 10120,376 13386,341 15095,203 7432,973 8135,97 S 4300,6997 12465,913 15204,6875 11731,212 14926,303 797,89
1,8480002 B 1482,8802 10120,376 13386,341 15095,203 7432,973 8135,97 S 4300,6997 12465,913 15204,6875 11731,212 14926,303 797,89
1,8480008 B 1482,8802 10120,376 13386,341 15095,203 7432,973 8135,97 S 4300,6997 12465,913 15204,6875 11731,212 14926,303 797,89
1,8480003 B 1482,8802 10120,376 13386,341 15095,203 7432,973 8135,97 S 4300,6997 12465,913 15204,6875 11731,212 14926,303 797,89
1,8480003 B 1482,8802 10120,376 13386,341 15095,203 7432,973 8135,97 S 4300,6997 12465,913 15204,6875 11731,212 14926,303 797,89
1,8480008 B 1482,8802 10120,376 13386,341 15095,203 7432,973 8135,97 S 4300,6997 12465,913 15204,6875 11731,212 14926,303 797,89
1,8479995 B 1482,8802 10120,376 13386,341 15095,203 7432,973 8135,97 S 4300,6997 12465,913 15204,6875 11731,212 14926,303 797,89
1,8480003 B 1482,8802 10120,376 13386,341 15095,203 7432,973 8135,97 S 4300,6997 12465,913 15204,6875 11731,212 14926,303 797,89
1,8480002 B 1482,8802 10120,376 13386,341 15095,203 7432,973 8135,97 S 4300,6997 12465,913 15204,6875 11731,212 14926,303 797,89
1,8480004 B 1482,8802 10120,376 13386,341 15095,203 7432,973 8135,97 S 4300,6997 12465,913 15204,6875 11731,212 14926,303 797,89
1,848 B 1482,8802 10120,376 13386,341 15095,203 7432,973 8135,97 S 4300,6997 12465,913 15204,6875 11731,212 14926,303 797,89
1,8479998 B 1482,8802 10120,376 13386,341 15095,203 7432,973 8135,97 S 4300,6997 12465,913 15204,6875 11731,212 14926,303 797,89
1,8479998 B 1482,8802 10120,376 13386,341 15095,203 7432,973 8135,97 S 4300,6997 12465,913 15204,6875 11731,212 14926,303 797,89
1,8480006 B 1482,8802 10120,376 13386,341 15095,203 7432,973 8135,97 S 4300,6997 12465,913 15204,6875 11731,212 14926,303 797,89
1,8480003 B 1482,8802 10120,376 13386,341 15095,203 7432,973 8135,97 S 4300,6997 12465,913 15204,6875 11731,212 14926,303 797,89
1,8479998 B 1482,8802 10120,376 13386,341 15095,203 7432,973 8135,97 S 4300,6997 12465,913 15204,6875 11731,212 14926,303 797,89
1,8479999 B 1482,8802 10120,376 13386,341 15095,203 7432,973 8135,97 S 4300,6997 12465,913 15204,6875 11731,212 14926,303 797,89
1,8480006 B 1482,8802 10120,376 13386,341 15095,203 7432,973 8135,97 S 4300,6997 12465,913 15204,6875 11731,212 14926,303 797,89
1,8480003 B 1482,8802 10120,376 13386,341 15095,203 7432,973 8135,97 S 4300,6997 12465,913 15204,6875 11731,212 14926,303 797,89
1,8480003 B 1482,8802 10120,376 13386,341 15095,203 7432,973 8135,97 S 4300,6997 12465,913 15204,6875 11731,212 14926,303 797,89
1,8479998 B 1482,8802 10120,376 13386,341 15095,203 7432,973 8135,97 S 4300,6997 12465,913 15204,6875 11731,212 14926,303 797,89
1,8479996 B 1482,8802 10120,376 13386,341 15095,203 7432,973 8135,97 S 4300,6997 12465,913 15204,6875 11731,212 14926,303 797,89
1,8479998 B 1482,8802 10120,376 13386,341 15095,203 7432,973 8135,97 S 4300,6997 12465,913 15204,6875 11731,212 14926,303 797,89
1,8479998 B 1482,8802 10120,376 13386,341 15095,203 7432,973 8135,97 S 4300,6997 12465,913 15204,6875 11731,212 14926,303 797,89
1,8480006 B 1482,8802 10120,376 13386,341 15095,203 7432,973 8135,97 S 4300,6997 12465,913 15204,6875 11731,212 14926,303 797,89
1,8479996 B 1482,8802 10120,376 13386,341 15095,203 7432,973 8135,97 S 4300,6997 12465,913 15204,6875 11731,212 14926,303 797,89
1,8479999 B 1482,8802 10120,376 13386,341 15095,203 7432,973 8135,97 S 4300,6997 12465,913 15204,6875 11731,212 14926,303 797,89
1,848 B 1482,8802 10120,376 13386,341 15095,203 7432,973 8135,97 S 4300,6997 12465,913 15204,6875 11731,212 14926,303 797,89
1,8479998 B 1482,8802 10120,376 13386,341 15095,203 7432,973 8135,97 S 4300,6997 12465,913 15204,6875 11731,212 14926,303 797,89
1,8479996 B 1482,8802 10120,376 13386,341 15095,203 7432,973 8135,97 S 4300,6997 12465,913 15204,6875 11731,212 14926,303 797,89
1,8480002 B 1482,8802 10120,376 13386,341 15095,203 7432,973 8135,97 S 4300,6997 12465,913 15204,6875 11731,212 14926,303 797,89
1,8479999 B 1482,8802 10120,376 13386,341 15095,203 7432,973 8135,97 S 4300,6997 12465,913 15204,6875 11731,212 14926,303 797,89
1,8479998 B 1482,8802 10120,376 13386,341 15095,203 7432,973 8135,97 S 4300,6997 12465,913 15204,6875 11731,212 14926,303 797,89
1,8480003 B 1482,8802 10120,376 13386,341 15095,203 7432,973 8135,97 S 4300,6997 12465,913 15204,6875 11731,212 14926,303 797,89
1,8480002 B 1482,8802 10120,376 13386,341 15095,203 7432,973 8135,97 S 4300,6997 12465,913 15204,6875 11731,212 14926,303 797,89
1,848 B 1482,8802 10120,376 13386,341 15095,203 7432,973 8135,97 S 4300,6997 12465,913 15204,6875 11731,212 14926,303 797,89
1,8471929 B 1482,8802 10120,376 13386,341 15095,203 7432,973 8135,97 S 4300,6997 12465,913 15204,6875 11731,212 14926,303 797,89
1,8471639 B 1482,8802 10120,376 13386,341 15095,203 7432,973 8135,97 S 4300,6997 12465,913 15204,6875 11731,212 14926,303 797,89
1,8479999 B 1482,8802 10120,376 13386,341 15095,203 7432,973 8135,97 S 4300,6997 12465,913 15204,6875 11731,212 14926,303 797,89
1,8479999 B 1482,8802 10120,376 13386,341 15095,203 7432,973 8135,97 S 4300,6997 12465,913 15204,6875 11731,212 14926,303 797,89
1,8479999 B 1482,8802 10120,376 13386,341 15095,203 7432,973 8135,97 S 4300,6997 12465,913 15204,6875 11731,212 14926,303 797,89
1,8497311 B 1482,8802 10120,376 13386,341 15095,203 7432,973 8135,97 S 4300,6997 12465,913 15204,6875 11731,212 14926,303 797,89
1,8499993 B 1482,8802 10120,376 13386,341 15095,203 7432,973 8135,97 S 4300,6997 12465,913 15204,6875 11731,212 14926,303 797,89
1,8500001 B 1482,8802 10120,376 13386,341 15095,203 7432,973 8135,97 S 4300,6997 12465,913 15204,6875 11731,212 14926,303 797,89
1,8499997 B 1482,8802 10120,376 13386,341 15095,203 7432,973 8135,97 S 4300,6997 12465,913 15204,6875 11731,212 14926,303 797,89
1,8500001 B 1482,8802 10120,376 13386,341 15095,203 7432,973 8135,97 S 4300,6997 12465,913 15204,6875 11731,212 14926,303 797,89
1,8500075 B 1482,8802 10120,376 13386,341 15095,203 7432,973 8135,97 S 4300,6997 12465,913 15204,6875 11731,212 14926,303 797,89
1,8510004 B 1482,8802 10120,376 13386,341 15095,203 7432,973 8135,97 S 4300,6997 12465,913 15204,6875 11731,212 14926,303 797,89
1,8509997 B 1482,8802 10120,376 13386,341 15095,203 7432,973 8135,97 S 4300,6997 12465,913 15204,6875 11731,212 14926,303 797,89
1,8510003 B 1482,8802 10120,376 13386,341 15095,203 7432,973 8135,97 S 4300,6997 12465,913 15204,6875 11731,212 14926,303 797,89
1,8510001 B 1482,8802 10120,376 13386,341 15095,203 7432,973 8135,97 S 4300,6997 12465,913 15204,6875 11731,212 14926,303 797,89
1,8509995 B 1482,8802 10120,376 13386,341 15095,203 7432,973 8135,97 S 4300,6997 12465,913 15204,6875 11731,212 14926,303 797,89
1,8509994 B 1482,8802 10120,376 13386,341 15095,203 7432,973 8135,97 S 4300,6997 12465,913 15204,6875 11731,212 14926,303 797,89
1,851 B 1482,8802 10120,376 13386,341 15095,203 7432,973 8135,97 S 4300,6997 12465,913 15204,6875 11731,212 14926,303 797,89
1,8510003 B 1482,8802 10120,376 13386,341 15095,203 7432,973 8135,97 S 4300,6997 12465,913 15204,6875 11731,212 14926,303 797,89
1,851 B 1482,8802 10120,376 13386,341 15095,203 7432,973 8135,97 S 4300,6997 12465,913 15204,6875 11731,212 14926,303 797,89
1,8510001 B 1482,8802 10120,376 13386,341 15095,203 7432,973 8135,97 S 4300,6997 12465,913 15204,6875 11731,212 14926,303 797,89
1,851 B 1482,8802 10120,376 13386,341 15095,203 7432,973 8135,97 S 4300,6997 12465,913 15204,6875 11731,212 14926,303 797,89
1,8509694 B 1482,8802 10120,376 13386,341 15095,203 7432,973 8135,97 S 4300,6997 12465,913 15204,6875 11731,212 14926,303 797,89
1,8500012 B 1482,8802 10120,376 13386,341 15095,203 7432,973 8135,97 S 4300,6997 12465,913 15204,6875 11731,212 14926,303 797,89
1,8509996 B 1482,8802 10120,376 13386,341 15095,203 7432,973 8135,97 S 4300,6997 12465,913 15204,6875 11731,212 14926,303 797,89
1,851475 B 1482,8802 10120,376 13386,341 15095,203 7432,973 8135,97 S 4300,6997 12465,913 15204,6875 11731,212 14926,303 797,89
1,8519993 B 1482,8802 10120,376 13386,341 15095,203 7432,973 8135,97 S 4300,6997 12465,913 15204,6875 11731,212 14926,303 797,89
1,8520004 B 1482,8802 10120,376 13386,341 15095,203 7432,973 8135,97 S 4300,6997 12465,913 15204,6875 11731,212 14926,303 797,89
1,8519994 B 1482,8802 10120,376 13386,341 15095,203 7432,973 8135,97 S 4300,6997 12465,913 15204,6875 11731,212 14926,303 797,89
1,8519998 B 1482,8802 10120,376 13386,341 15095,203 7432,973 8135,97 S 4300,6997 12465,913 15204,6875 11731,212 14926,303 797,89
1,8519999 B 1482,8802 10120,376 13386,341 15095,203 7432,973 8135,97 S 4300,6997 12465,913 15204,6875 11731,212 14926,303 797,89
1,8519996 B 1482,8802 10120,376 13386,341 15095,203 7432,973 8135,97 S 4300,6997 12465,913 15204,6875 11731,212 14926,303 797,89
1,8523926 B 1482,8802 10120,376 13386,341 15095,203 7432,973 8135,97 S 4300,6997 12465,913 15204,6875 11731,212 14926,303 797,89
1,8533285 B 1482,8802 10120,376 13386,341 15095,203 7432,973 8135,97 S 4300,6997 12465,913 15204,6875 11731,212 14926,303 797,89
1,8540001 B 1482,8802 10120,376 13386,341 15095,203 7432,973 8135,97 S 4300,6997 12465,913 15204,6875 11731,212 14926,303 797,89
1,854 B 1482,8802 10120,376 13386,341 15095,203 7432,973 8135,97 S 4300,6997 12465,913 15204,6875 11731,212 14926,303 797,89
1,8539999 B 1482,8802 10120,376 13386,341 15095,203 7432,973 8135,97 S 4300,6997 12465,913 15204,6875 11731,212 14926,303 797,89
1,8540002 B 1482,8802 10120,376 13386,341 15095,203 7432,973 8135,97 S 4300,6997 12465,913 15204,6875 11731,212 14926,303 797,89
1,854 B 1482,8802 10120,376 13386,341 15095,203 7432,973 8135,97 S 4300,6997 12465,913 15204,6875 11731,212 14926,303 797,89
1,8540002 B 1482,8802 10120,376 13386,341 15095,203 7432,973 8135,97 S 4300,6997 12465,913 15204,6875 11731,212 14926,303 797,89
1,8540001 B 1482,8802 10120,376 13386,341 15095,203 7432,973 8135,97 S 4300,6997 12465,913 15204,6875 11731,212 14926,303 797,89
1,854 B 1482,8802 10120,376 13386,341 15095,203 7432,973 8135,97 S 4300,6997 12465,913 15204,6875 11731,212 14926,303 797,89
1,8539996 B 1482,8802 10120,376 13386,341 15095,203 7432,973 8135,97 S 4300,6997 12465,913 15204,6875 11731,212 14926,303 797,89
1,8539996 B 1482,8802 10120,376 13386,341 15095,203 7432,973 8135,97 S 4300,6997 12465,913 15204,6875 11731,212 14926,303 797,89
1,8533336 B 1482,8802 10120,376 13386,341 15095,203 7432,973 8135,97 S 4300,6997 12465,913 15204,6875 11731,212 14926,303 797,89
1,8530002 B 1482,8802 10120,376 13386,341 15095,203 7432,973 8135,97 S 4300,6997 12465,913 15204,6875 11731,212 14926,303 797,89
1,8539555 B 1482,8802 10120,376 13386,341 15095,203 7432,973 8135,97 S 4300,6997 12465,913 15204,6875 11731,212 14926,303 797,89
1,8539994 B 1482,8802 10120,376 13386,341 15095,203 7432,973 8135,97 S 4300,6997 12465,913 15204,6875 11731,212 14926,303 797,89
1,854 B 1482,8802 10120,376 13386,341 15095,203 7432,973 8135,97 S 4300,6997 12465,913 15204,6875 11731,212 14926,303 797,89
1,8540001 B 1482,8802 10120,376 13386,341 15095,203 7432,973 8135,97 S 4300,6997 12465,913 15204,6875 11731,212 14926,303 797,89
1,8540002 B 1482,8802 10120,376 13386,341 15095,203 7432,973 8135,97 S 4300,6997 12465,913 15204,6875 11731,212 14926,303 797,89
1,8540004 B 1482,8802 10120,376 13386,341 15095,203 7432,973 8135,97 S 4300,6997 12465,913 15204,6875 11731,212 14926,303 797,89
1,8539999 B 1482,8802 10120,376 13386,341 15095,203 7432,973 8135,97 S 4300,6997 12465,913 15204,6875 11731,212 14926,303 797,89
1,854 B 1482,8802 10120,376 13386,341 15095,203 7432,973 8135,97 S 4300,6997 12465,913 15204,6875 11731,212 14926,303 797,89
1,8539999 B 1482,8802 10120,376 13386,341 15095,203 7432,973 8135,97 S 4300,6997 12465,913 15204,6875 11731,212 14926,303 797,89
1,854 B 1482,8802 10120,376 13386,341 15095,203 7432,973 8135,97 S 4300,6997 12465,913 15204,6875 11731,212 14926,303 797,89
1,8540004 B 1482,8802 10120,376 13386,341 15095,203 7432,973 8135,97 S 4300,6997 12465,913 15204,6875 11731,212 14926,303 797,89
1,854 B 1482,8802 10120,376 13386,341 15095,203 7432,973 8135,97 S 4300,6997 12465,913 15204,6875 11731,212 14926,303 797,89
1,8544368 B 1482,8802 10120,376 13386,341 15095,203 7432,973 8135,97 S 4300,6997 12465,913 15204,6875 11731,212 14926,303 797,89
1,8550001 B 1482,8802 10120,376 13386,341 15095,203 7432,973 8135,97 S 4300,6997 12465,913 15204,6875 11731,212 14926,303 797,89
1,8549993 B 1482,8802 10120,376 13386,341 15095,203 7432,973 8135,97 S 4300,6997 12465,913 15204,6875 11731,212 14926,303 797,89
1,8550006 B 1482,8802 10120,376 13386,341 15095,203 7432,973 8135,97 S 4300,6997 12465,913 15204,6875 11731,212 14926,303 797,89
1,8549999 B 1482,8802 10120,376 13386,341 15095,203 7432,973 8135,97 S 4300,6997 12465,913 15204,6875 11731,212 14926,303 797,89
1,8550007 B 1482,8802 10120,376 13386,341 15095,203 7432,973 8135,97 S 4300,6997 12465,913 15204,6875 11731,212 14926,303 797,89
1,8550001 B 1482,8802 10120,376 13386,341 15095,203 7432,973 8135,97 S 4300,6997 12465,913 15204,6875 11731,212 14926,303 797,89
1,8549998 B 1482,8802 10120,376 13386,341 15095,203 7432,973 8135,97 S 4300,6997 12465,913 15204,6875 11731,212 14926,303 797,89
1,8550001 B 1482,8802 10120,376 13386,341 15095,203 7432,973 8135,97 S 4300,6997 12465,913 15204,6875 11731,212 14926,303 797,89
1,8550003 B 1482,8802 10120,376 13386,341 15095,203 7432,973 8135,97 S 4300,6997 12465,913 15204,6875 11731,212 14926,303 797,89
1,8549999 B 1482,8802 10120,376 13386,341 15095,203 7432,973 8135,97 S 4300,6997 12465,913 15204,6875 11731,212 14926,303 797,89
1,8550001 B 1482,8802 10120,376 13386,341 15095,203 7432,973 8135,97 S 4300,6997 12465,913 15204,6875 11731,212 14926,303 797,89
1,8549997 B 1482,8802 10120,376 13386,341 15095,203 7432,973 8135,97 S 4300,6997 12465,913 15204,6875 11731,212 14926,303 797,89
1,855 B 1482,8802 10120,376 13386,341 15095,203 7432,973 8135,97 S 4300,6997 12465,913 15204,6875 11731,212 14926,303 797,89
1,8550006 B 1482,8802 10120,376 13386,341 15095,203 7432,973 8135,97 S 4300,6997 12465,913 15204,6875 11731,212 14926,303 797,89
1,8549995 B 1482,8802 10120,376 13386,341 15095,203 7432,973 8135,97 S 4300,6997 12465,913 15204,6875 11731,212 14926,303 797,89
1,8550001 B 1482,8802 10120,376 13386,341 15095,203 7432,973 8135,97 S 4300,6997 12465,913 15204,6875 11731,212 14926,303 797,89
1,8530647 B 1482,8802 10120,376 13386,341 15095,203 7432,973 8135,97 S 4300,6997 12465,913 15204,6875 11731,212 14926,303 797,89
1,853 B 1482,8802 10120,376 13386,341 15095,203 7432,973 8135,97 S 4300,6997 12465,913 15204,6875 11731,212 14926,303 797,89
1,8530003 B 1482,8802 10120,376 13386,341 15095,203 7432,973 8135,97 S 4300,6997 12465,913 15204,6875 11731,212 14926,303 797,89
1,853 B 1482,8802 10120,376 13386,341 15095,203 7432,973 8135,97 S 4300,6997 12465,913 15204,6875 11731,212 14926,303 797,89
1,8529999 B 1482,8802 10120,376 13386,341 15095,203 7432,973 8135,97 S 4300,6997 12465,913 15204,6875 11731,212 14926,303 797,89
1,8520752 B 1482,8802 10120,376 13386,341 15095,203 7432,973 8135,97 S 4300,6997 12465,913 15204,6875 11731,212 14926,303 797,89
1,8519999 B 1482,8802 10120,376 13386,341 15095,203 7432,973 8135,97 S 4300,6997 12465,913 15204,6875 11731,212 14926,303 797,89
1,8519999 B 1482,8802 10120,376 13386,341 15095,203 7432,973 8135,97 S 4300,6997 12465,913 15204,6875 11731,212 14926,303 797,89
1,852 B 1482,8802 10120,376 13386,341 15095,203 7432,973 8135,97 S 4300,6997 12465,913 15204,6875 11731,212 14926,303 797,89
1,8520001 B 1482,8802 10120,376 13386,341 15095,203 7432,973 8135,97 S 4300,6997 12465,913 15204,6875 11731,212 14926,303 797,89
1,8519995 B 1482,8802 10120,376 13386,341 15095,203 7432,973 8135,97 S 4300,6997 12465,913 15204,6875 11731,212 14926,303 797,89
1,8509825 B 1482,8802 10120,376 13386,341 15095,203 7432,973 8135,97 S 4300,6997 12465,913 15204,6875 11731,212 14926,303 797,89
1,8478367 B 1482,8802 10120,376 13386,341 15095,203 7432,973 8135,97 S 4300,6997 12465,913 15204,6875 11731,212 14926,303 797,89
1,8470253 B 1482,8802 10120,376 13386,341 15095,203 7432,973 8135,97 S 4300,6997 12465,913 15204,6875 11731,212 14926,303 797,89
1,8475443 B 1482,8802 10120,376 13386,341 15095,203 7432,973 8135,97 S 4300,6997 12465,913 15204,6875 11731,212 14926,303 797,89
1,8475205 B 1482,8802 10120,376 13386,341 15095,203 7432,973 8135,97 S 4300,6997 12465,913 15204,6875 11731,212 14926,303 797,89
1,8480002 B 1482,8802 10120,376 13386,341 15095,203 7432,973 8135,97 S 4300,6997 12465,913 15204,6875 11731,212 14926,303 797,89
1,8479999 B 1482,8802 10120,376 13386,341 15095,203 7432,973 8135,97 S 4300,6997 12465,913 15204,6875 11731,212 14926,303 797,89
1,8479999 B 1482,8802 10120,376 13386,341 15095,203 7432,973 8135,97 S 4300,6997 12465,913 15204,6875 11731,212 14926,303 797,89
1,8485678 B 1482,8802 10120,376 13386,341 15095,203 7432,973 8135,97 S 4300,6997 12465,913 15204,6875 11731,212 14926,303 797,89
1,8490001 B 1482,8802 10120,376 13386,341 15095,203 7432,973 8135,97 S 4300,6997 12465,913 15204,6875 11731,212 14926,303 797,89
1,8489995 B 1482,8802 10120,376 13386,341 15095,203 7432,973 8135,97 S 4300,6997 12465,913 15204,6875 11731,212 14926,303 797,89
1,8490001 B 1482,8802 10120,376 13386,341 15095,203 7432,973 8135,97 S 4300,6997 12465,913 15204,6875 11731,212 14926,303 797,89
1,8479182 B 1482,8802 10120,376 13386,341 15095,203 7432,973 8135,97 S 4300,6997 12465,913 15204,6875 11731,212 14926,303 797,89
1,846 B 1482,8802 10120,376 13386,341 15095,203 7432,973 8135,97 S 4300,6997 12465,913 15204,6875 11731,212 14926,303 797,89
1,8460001 B 1482,8802 10120,376 13386,341 15095,203 7432,973 8135,97 S 4300,6997 12465,913 15204,6875 11731,212 14926,303 797,89
1,8459995 B 1482,8802 10120,376 13386,341 15095,203 7432,973 8135,97 S 4300,6997 12465,913 15204,6875 11731,212 14926,303 797,89
1,8460003 B 1482,8802 10120,376 13386,341 15095,203 7432,973 8135,97 S 4300,6997 12465,913 15204,6875 11731,212 14926,303 797,89
1,8459992 B 1482,8802 10120,376 13386,341 15095,203 7432,973 8135,97 S 4300,6997 12465,913 15204,6875 11731,212 14926,303 797,89
1,846 B 1482,8802 10120,376 13386,341 15095,203 7432,973 8135,97 S 4300,6997 12465,913 15204,6875 11731,212 14926,303 797,89
1,846 B 1482,8802 10120,376 13386,341 15095,203 7432,973 8135,97 S 4300,6997 12465,913 15204,6875 11731,212 14926,303 797,89
1,8459995 B 1482,8802 10120,376 13386,341 15095,203 7432,973 8135,97 S 4300,6997 12465,913 15204,6875 11731,212 14926,303 797,89
1,846 B 1482,8802 10120,376 13386,341 15095,203 7432,973 8135,97 S 4300,6997 12465,913 15204,6875 11731,212 14926,303 797,89
1,8459998 B 1482,8802 10120,376 13386,341 15095,203 7432,973 8135,97 S 4300,6997 12465,913 15204,6875 11731,212 14926,303 797,89
1,8459998 B 1482,8802 10120,376 13386,341 15095,203 7432,973 8135,97 S 4300,6997 12465,913 15204,6875 11731,212 14926,303 797,89
1,8460001 B 1482,8802 10120,376 13386,341 15095,203 7432,973 8135,97 S 4300,6997 12465,913 15204,6875 11731,212 14926,303 797,89
1,8460004 B 1482,8802 10120,376 13386,341 15095,203 7432,973 8135,97 S 4300,6997 12465,913 15204,6875 11731,212 14926,303 797,89
1,8460001 B 1482,8802 10120,376 13386,341 15095,203 7432,973 8135,97 S 4300,6997 12465,913 15204,6875 11731,212 14926,303 797,89
1,8460006 B 1482,8802 10120,376 13386,341 15095,203 7432,973 8135,97 S 4300,6997 12465,913 15204,6875 11731,212 14926,303 797,89
1,8459998 B 1482,8802 10120,376 13386,341 15095,203 7432,973 8135,97 S 4300,6997 12465,913 15204,6875 11731,212 14926,303 797,89
1,8459995 B 1482,8802 10120,376 13386,341 15095,203 7432,973 8135,97 S 4300,6997 12465,913 15204,6875 11731,212 14926,303 797,89
1,8460003 B 1482,8802 10120,376 13386,341 15095,203 7432,973 8135,97 S 4300,6997 12465,913 15204,6875 11731,212 14926,303 797,89
1,8459998 B 1482,8802 10120,376 13386,341 15095,203 7432,973 8135,97 S 4300,6997 12465,913 15204,6875 11731,212 14926,303 797,89
1,846 B 1482,8802 10120,376 13386,341 15095,203 7432,973 8135,97 S 4300,6997 12465,913 15204,6875 11731,212 14926,303 797,89
1,8469884 B 1482,8802 10120,376 13386,341 15095,203 7432,973 8135,97 S 4300,6997 12465,913 15204,6875 11731,212 14926,303 797,89
1,8490003 B 1482,8802 10120,376 13386,341 15095,203 7432,973 8135,97 S 4300,6997 12465,913 15204,6875 11731,212 14926,303 797,89
1,8490002 B 1482,8802 10120,376 13386,341 15095,203 7432,973 8135,97 S 4300,6997 12465,913 15204,6875 11731,212 14926,303 797,89
1,8489999 B 1482,8802 10120,376 13386,341 15095,203 7432,973 8135,97 S 4300,6997 12465,913 15204,6875 11731,212 14926,303 797,89
1,8489997 B 1482,8802 10120,376 13386,341 15095,203 7432,973 8135,97 S 4300,6997 12465,913 15204,6875 11731,212 14926,303 797,89
1,8489997 B 1482,8802 10120,376 13386,341 15095,203 7432,973 8135,97 S 4300,6997 12465,913 15204,6875 11731,212 14926,303 797,89
1,8490001 B 1482,8802 10120,376 13386,341 15095,203 7432,973 8135,97 S 4300,6997 12465,913 15204,6875 11731,212 14926,303 797,89
1,8464601 B 1482,8802 10120,376 13386,341 15095,203 7432,973 8135,97 S 4300,6997 12465,913 15204,6875 11731,212 14926,303 797,89
1,8460003 B 1482,8802 10120,376 13386,341 15095,203 7432,973 8135,97 S 4300,6997 12465,913 15204,6875 11731,212 14926,303 797,89
1,8459996 B 1482,8802 10120,376 13386,341 15095,203 7432,973 8135,97 S 4300,6997 12465,913 15204,6875 11731,212 14926,303 797,89
1,8459996 B 1482,8802 10120,376 13386,341 15095,203 7432,973 8135,97 S 4300,6997 12465,913 15204,6875 11731,212 14926,303 797,89
1,8459996 B 1482,8802 10120,376 13386,341 15095,203 7432,973 8135,97 S 4300,6997 12465,913 15204,6875 11731,212 14926,303 797,89
1,8460002 B 1482,8802 10120,376 13386,341 15095,203 7432,973 8135,97 S 4300,6997 12465,913 15204,6875 11731,212 14926,303 797,89
1,8460001 B 1482,8802 10120,376 13386,341 15095,203 7432,973 8135,97 S 4300,6997 12465,913 15204,6875 11731,212 14926,303 797,89
1,8459998 B 1482,8802 10120,376 13386,341 15095,203 7432,973 8135,97 S 4300,6997 12465,913 15204,6875 11731,212 14926,303 797,89
1,8476818 B 1482,8802 10120,376 13386,341 15095,203 7432,973 8135,97 S 4300,6997 12465,913 15204,6875 11731,212 14926,303 797,89
1,8479997 B 1482,8802 10120,376 13386,341 15095,203 7432,973 8135,97 S 4300,6997 12465,913 15204,6875 11731,212 14926,303 797,89
1,8480003 B 1482,8802 10120,376 13386,341 15095,203 7432,973 8135,97 S 4300,6997 12465,913 15204,6875 11731,212 14926,303 797,89
1,8479997 B 1482,8802 10120,376 13386,341 15095,203 7432,973 8135,97 S 4300,6997 12465,913 15204,6875 11731,212 14926,303 797,89
1,8479999 B 1482,8802 10120,376 13386,341 15095,203 7432,973 8135,97 S 4300,6997 12465,913 15204,6875 11731,212 14926,303 797,89
1,8479998 B 1482,8802 10120,376 13386,341 15095,203 7432,973 8135,97 S 4300,6997 12465,913 15204,6875 11731,212 14926,303 797,89
1,8479996 B 1482,8802 10120,376 13386,341 15095,203 7432,973 8135,97 S 4300,6997 12465,913 15204,6875 11731,212 14926,303 797,89
1,8479999 B 1482,8802 10120,376 13386,341 15095,203 7432,973 8135,97 S 4300,6997 12465,913 15204,6875 11731,212 14926,303 797,89
1,8479995 B 1482,8802 10120,376 13386,341 15095,203 7432,973 8135,97 S 4300,6997 12465,913 15204,6875 11731,212 14926,303 797,89
1,8479998 B 1482,8802 10120,376 13386,341 15095,203 7432,973 8135,97 S 4300,6997 12465,913 15204,6875 11731,212 14926,303 797,89
1,8486142 B 1482,8802 10120,376 13386,341 15095,203 7432,973 8135,97 S 4300,6997 12465,913 15204,6875 11731,212 14926,303 797,89
1,8490003 B 1482,8802 10120,376 13386,341 15095,203 7432,973 8135,97 S 4300,6997 12465,913 15204,6875 11731,212 14926,303 797,89
1,8489999 B 1482,8802 10120,376 13386,341 15095,203 7432,973 8135,97 S 4300,6997 12465,913 15204,6875 11731,212 14926,303 797,89
1,8493822 B 1482,8802 10120,376 13386,341 15095,203 7432,973 8135,97 S 4300,6997 12465,913 15204,6875 11731,212 14926,303 797,89
1,8500003 B 1482,8802 10120,376 13386,341 15095,203 7432,973 8135,97 S 4300,6997 12465,913 15204,6875 11731,212 14926,303 797,89
1,8500001 B 1482,8802 10120,376 13386,341 15095,203 7432,973 8135,97 S 4300,6997 12465,913 15204,6875 11731,212 14926,303 797,89
1,8499999 B 1482,8802 10120,376 13386,341 15095,203 7432,973 8135,97 S 4300,6997 12465,913 15204,6875 11731,212 14926,303 797,89
1,8499997 B 1482,8802 10120,376 13386,341 15095,203 7432,973 8135,97 S 4300,6997 12465,913 15204,6875 11731,212 14926,303 797,89
1,8499992 B 1482,8802 10120,376 13386,341 15095,203 7432,973 8135,97 S 4300,6997 12465,913 15204,6875 11731,212 14926,303 797,89
1,8500004 B 1482,8802 10120,376 13386,341 15095,203 7432,973 8135,97 S 4300,6997 12465,913 15204,6875 11731,212 14926,303 797,89
1,8500001 B 1482,8802 10120,376 13386,341 15095,203 7432,973 8135,97 S 4300,6997 12465,913 15204,6875 11731,212 14926,303 797,89
1,8499999 B 1482,8802 10120,376 13386,341 15095,203 7432,973 8135,97 S 4300,6997 12465,913 15204,6875 11731,212 14926,303 797,89
1,8500003 B 1482,8802 10120,376 13386,341 15095,203 7432,973 8135,97 S 4300,6997 12465,913 15204,6875 11731,212 14926,303 797,89
1,8500003 B 1482,8802 10120,376 13386,341 15095,203 7432,973 8135,97 S 4300,6997 12465,913 15204,6875 11731,212 14926,303 797,89
1,8500004 B 1482,8802 10120,376 13386,341 15095,203 7432,973 8135,97 S 4300,6997 12465,913 15204,6875 11731,212 14926,303 797,89
1,8500003 B 1482,8802 10120,376 13386,341 15095,203 7432,973 8135,97 S 4300,6997 12465,913 15204,6875 11731,212 14926,303 797,89
1,8499998 B 1482,8802 10120,376 13386,341 15095,203 7432,973 8135,97 S 4300,6997 12465,913 15204,6875 11731,212 14926,303 797,89
1,8500004 B 1482,8802 10120,376 13386,341 15095,203 7432,973 8135,97 S 4300,6997 12465,913 15204,6875 11731,212 14926,303 797,89
1,8500001 B 1482,8802 10120,376 13386,341 15095,203 7432,973 8135,97 S 4300,6997 12465,913 15204,6875 11731,212 14926,303 797,89
1,85 B 1482,8802 10120,376 13386,341 15095,203 7432,973 8135,97 S 4300,6997 12465,913 15204,6875 11731,212 14926,303 797,89
1,8500001 B 1482,8802 10120,376 13386,341 15095,203 7432,973 8135,97 S 4300,6997 12465,913 15204,6875 11731,212 14926,303 797,89
1,8499995 B 1482,8802 10120,376 13386,341 15095,203 7432,973 8135,97 S 4300,6997 12465,913 15204,6875 11731,212 14926,303 797,89
1,85 B 1482,8802 10120,376 13386,341 15095,203 7432,973 8135,97 S 4300,6997 12465,913 15204,6875 11731,212 14926,303 797,89
1,8508186 B 1482,8802 10120,376 13386,341 15095,203 7432,973 8135,97 S 4300,6997 12465,913 15204,6875 11731,212 14926,303 797,89
1,8513242 B 1482,8802 10120,376 13386,341 15095,203 7432,973 8135,97 S 4300,6997 12465,913 15204,6875 11731,212 14926,303 797,89
1,8522853 B 1482,8802 10120,376 13386,341 15095,203 7432,973 8135,97 S 4300,6997 12465,913 15204,6875 11731,212 14926,303 797,89
1,8523272 B 1482,8802 10120,376 13386,341 15095,203 7432,973 8135,97 S 4300,6997 12465,913 15204,6875 11731,212 14926,303 797,89
1,8519998 B 1482,8802 10120,376 13386,341 15095,203 7432,973 8135,97 S 4300,6997 12465,913 15204,6875 11731,212 14926,303 797,89
1,852 B 1482,8802 10120,376 13386,341 15095,203 7432,973 8135,97 S 4300,6997 12465,913 15204,6875 11731,212 14926,303 797,89
1,8519992 B 1482,8802 10120,376 13386,341 15095,203 7432,973 8135,97 S 4300,6997 12465,913 15204,6875 11731,212 14926,303 797,89
1,8519992 B 1482,8802 10120,376 13386,341 15095,203 7432,973 8135,97 S 4300,6997 12465,913 15204,6875 11731,212 14926,303 797,89
1,8519993 B 1482,8802 10120,376 13386,341 15095,203 7432,973 8135,97 S 4300,6997 12465,913 15204,6875 11731,212 14926,303 797,89
1,8519996 B 1482,8802 10120,376 13386,341 15095,203 7432,973 8135,97 S 4300,6997 12465,913 15204,6875 11731,212 14926,303 797,89
1,8519999 B 1482,8802 10120,376 13386,341 15095,203 7432,973 8135,97 S 4300,6997 12465,913 15204,6875 11731,212 14926,303 797,89
1,8520005 B 1482,8802 10120,376 13386,341 15095,203 7432,973 8135,97 S 4300,6997 12465,913 15204,6875 11731,212 14926,303 797,89
1,8519995 B 1482,8802 10120,376 13386,341 15095,203 7432,973 8135,97 S 4300,6997 12465,913 15204,6875 11731,212 14926,303 797,89
1,8519999 B 1482,8802 10120,376 13386,341 15095,203 7432,973 8135,97 S 4300,6997 12465,913 15204,6875 11731,212 14926,303 797,89
1,8519994 B 1482,8802 10120,376 13386,341 15095,203 7432,973 8135,97 S 4300,6997 12465,913 15204,6875 11731,212 14926,303 797,89
1,8500415 B 1482,8802 10120,376 13386,341 15095,203 7432,973 8135,97 S 4300,6997 12465,913 15204,6875 11731,212 14926,303 797,89
1,8499995 B 1482,8802 10120,376 13386,341 15095,203 7432,973 8135,97 S 4300,6997 12465,913 15204,6875 11731,212 14926,303 797,89
1,8500001 B 1482,8802 10120,376 13386,341 15095,203 7432,973 8135,97 S 4300,6997 12465,913 15204,6875 11731,212 14926,303 797,89
1,8500001 B 1482,8802 10120,376 13386,341 15095,203 7432,973 8135,97 S 4300,6997 12465,913 15204,6875 11731,212 14926,303 797,89
1,8494042 B 1482,8802 10120,376 13386,341 15095,203 7432,973 8135,97 S 4300,6997 12465,913 15204,6875 11731,212 14926,303 797,89
1,8489999 B 1482,8802 10120,376 13386,341 15095,203 7432,973 8135,97 S 4300,6997 12465,913 15204,6875 11731,212 14926,303 797,89
1,8489996 B 1482,8802 10120,376 13386,341 15095,203 7432,973 8135,97 S 4300,6997 12465,913 15204,6875 11731,212 14926,303 797,89
1,8490005 B 1482,8802 10120,376 13386,341 15095,203 7432,973 8135,97 S 4300,6997 12465,913 15204,6875 11731,212 14926,303 797,89
1,8490007 B 1482,8802 10120,376 13386,341 15095,203 7432,973 8135,97 S 4300,6997 12465,913 15204,6875 11731,212 14926,303 797,89
1,8489995 B 1482,8802 10120,376 13386,341 15095,203 7432,973 8135,97 S 4300,6997 12465,913 15204,6875 11731,212 14926,303 797,89
1,8489993 B 1482,8802 10120,376 13386,341 15095,203 7432,973 8135,97 S 4300,6997 12465,913 15204,6875 11731,212 14926,303 797,89
1,8490003 B 1482,8802 10120,376 13386,341 15095,203 7432,973 8135,97 S 4300,6997 12465,913 15204,6875 11731,212 14926,303 797,89
