1,8273038
1,8299404 B 441,0785 10906,725 8134,229 15364,908 5192,68 1380,0065 S 6284,073 11051,559 12875,233 7510,567 10020,365 3662,9712
1,83 B 441,0785 10906,725 8134,229 15364,908 5192,68 1380,0065 S 6284,073 11051,559 12875,233 7510,567 10020,365 3662,9712
1,8299997 B 441,0785 10906,725 8134,229 15364,908 5192,68 1380,0065 S 6284,073 11051,559 12875,233 7510,567 10020,365 3662,9712
1,8299999 B 441,0785 10906,725 8134,229 15364,908 5192,68 1380,0065 S 6284,073 11051,559 12875,233 7510,567 10020,365 3662,9712
1,8300002 B 441,0785 10906,725 8134,229 15364,908 5192,68 1380,0065 S 6284,073 11051,559 12875,233 7510,567 10020,365 3662,9712
1,83 B 441,0785 10906,725 8134,229 15364,908 5192,68 1380,0065 S 6284,073 11051,559 12875,233 7510,567 10020,365 3662,9712
1,8299998 B 441,0785 10906,725 8134,229 15364,908 5192,68 1380,0065 S 6284,073 11051,559 12875,233 7510,567 10020,365 3662,9712
1,8300002 B 441,0785 10906,725 8134,229 15364,908 5192,68 1380,0065 S 6284,073 11051,559 12875,233 7510,567 10020,365 3662,9712
1,8300004 B 441,0785 10906,725 8134,229 15364,908 5192,68 1380,0065 S 6284,073 11051,559 12875,233 7510,567 10020,365 3662,9712
1,8299998 B 441,0785 10906,725 8134,229 15364,908 5192,68 1380,0065 S 6284,073 11051,559 12875,233 7510,567 10020,365 3662,9712
1,8300003 B 441,0785 10906,725 8134,229 15364,908 5192,68 1380,0065 S 6284,073 11051,559 12875,233 7510,567 10020,365 3662,9712
1,8300185 B 441,0785 10906,725 8134,229 15364,908 5192,68 1380,0065 S 6284,073 11051,559 12875,233 7510,567 10020,365 3662,9712
1,8315736 B 441,0785 10906,725 8134,229 15364,908 5192,68 1380,0065 S 6284,073 11051,559 12875,233 7510,567 10020,365 3662,9712
1,8309997 B 441,0785 10906,725 8134,229 15364,908 5192,68 1380,0065 S 6284,073 11051,559 12875,233 7510,567 10020,365 3662,9712
1,8309997 B 441,0785 10906,725 8134,229 15364,908 5192,68 1380,0065 S 6284,073 11051,559 12875,233 7510,567 10020,365 3662,9712
1,8309997 B 441,0785 10906,725 8134,229 15364,908 5192,68 1380,0065 S 6284,073 11051,559 12875,233 7510,567 10020,365 3662,9712
1,8309995 B 441,0785 10906,725 8134,229 15364,908 5192,68 1380,0065 S 6284,073 11051,559 12875,233 7510,567 10020,365 3662,9712
1,8309997 B 441,0785 10906,725 8134,229 15364,908 5192,68 1380,0065 S 6284,073 11051,559 12875,233 7510,567 10020,365 3662,9712
1,8309994 B 441,0785 10906,725 8134,229 15364,908 5192,68 1380,0065 S 6284,073 11051,559 12875,233 7510,567 10020,365 3662,9712
1,8309999 B 441,0785 10906,725 8134,229 15364,908 5192,68 1380,0065 S 6284,073 11051,559 12875,233 7510,567 10020,365 3662,9712
1,8309996 B 441,0785 10906,725 8134,229 15364,908 5192,68 1380,0065 S 6284,073 11051,559 12875,233 7510,567 10020,365 3662,9712
1,8309997 B 441,0785 10906,725 8134,229 15364,908 5192,68 1380,0065 S 6284,073 11051,559 12875,233 7510,567 10020,365 3662,9712
1,8309997 B 441,0785 10906,725 8134,229 15364,908 5192,68 1380,0065 S 6284,073 11051,559 12875,233 7510,567 10020,365 3662,9712
1,8309994 B 441,0785 10906,725 8134,229 15364,908 5192,68 1380,0065 S 6284,073 11051,559 12875,233 7510,567 10020,365 3662,9712
1,8309995 B 441,0785 10906,725 8134,229 15364,908 5192,68 1380,0065 S 6284,073 11051,559 12875,233 7510,567 10020,365 3662,9712
1,8309993 B 441,0785 10906,725 8134,229 15364,908 5192,68 1380,0065 S 6284,073 11051,559 12875,233 7510,567 10020,365 3662,9712
1,8309994 B 441,0785 10906,725 8134,229 15364,908 5192,68 1380,0065 S 6284,073 11051,559 12875,233 7510,567 10020,365 3662,9712
1,8309996 B 441,0785 10906,725 8134,229 15364,908 5192,68 1380,0065 S 6284,073 11051,559 12875,233 7510,567 10020,365 3662,9712
1,8310004 B 441,0785 10906,725 8134,229 15364,908 5192,68 1380,0065 S 6284,073 11051,559 12875,233 7510,567 10020,365 3662,9712
1,8309999 B 441,0785 10906,725 8134,229 15364,908 5192,68 1380,0065 S 6284,073 11051,559 12875,233 7510,567 10020,365 3662,9712
1,8309995 B 441,0785 10906,725 8134,229 15364,908 5192,68 1380,0065 S 6284,073 11051,559 12875,233 7510,567 10020,365 3662,9712
1,8309999 B 441,0785 10906,725 8134,229 15364,908 5192,68 1380,0065 S 6284,073 11051,559 12875,233 7510,567 10020,365 3662,9712
1,831 B 441,0785 10906,725 8134,229 15364,908 5192,68 1380,0065 S 6284,073 11051,559 12875,233 7510,567 10020,365 3662,9712
1,8309996 B 441,0785 10906,725 8134,229 15364,908 5192,68 1380,0065 S 6284,073 11051,559 12875,233 7510,567 10020,365 3662,9712
1,8309997 B 441,0785 10906,725 8134,229 15364,908 5192,68 1380,0065 S 6284,073 11051,559 12875,233 7510,567 10020,365 3662,9712
1,8309997 B 441,0785 10906,725 8134,229 15364,908 5192,68 1380,0065 S 6284,073 11051,559 12875,233 7510,567 10020,365 3662,9712
1,8315195 B 441,0785 10906,725 8134,229 15364,908 5192,68 1380,0065 S 6284,073 11051,559 12875,233 7510,567 10020,365 3662,9712
1,8329393 B 441,0785 10906,725 8134,229 15364,908 5192,68 1380,0065 S 6284,073 11051,559 12875,233 7510,567 10020,365 3662,9712
1,8330002 B 441,0785 10906,725 8134,229 15364,908 5192,68 1380,0065 S 6284,073 11051,559 12875,233 7510,567 10020,365 3662,9712
1,8329996 B 441,0785 10906,725 8134,229 15364,908 5192,68 1380,0065 S 6284,073 11051,559 12875,233 7510,567 10020,365 3662,9712
1,8330004 B 441,0785 10906,725 8134,229 15364,908 5192,68 1380,0065 S 6284,073 11051,559 12875,233 7510,567 10020,365 3662,9712
1,8330002 B 441,0785 10906,725 8134,229 15364,908 5192,68 1380,0065 S 6284,073 11051,559 12875,233 7510,567 10020,365 3662,9712
1,8330005 B 441,0785 10906,725 8134,229 15364,908 5192,68 1380,0065 S 6284,073 11051,559 12875,233 7510,567 10020,365 3662,9712
1,8330005 B 441,0785 10906,725 8134,229 15364,908 5192,68 1380,0065 S 6284,073 11051,559 12875,233 7510,567 10020,365 3662,9712
1,8330003 B 441,0785 10906,725 8134,229 15364,908 5192,68 1380,0065 S 6284,073 11051,559 12875,233 7510,567 10020,365 3662,9712
1,8316951 B 441,0785 10906,725 8134,229 15364,908 5192,68 1380,0065 S 6284,073 11051,559 12875,233 7510,567 10020,365 3662,9712
1,8309997 B 441,0785 10906,725 8134,229 15364,908 5192,68 1380,0065 S 6284,073 11051,559 12875,233 7510,567 10020,365 3662,9712
1,8310001 B 441,0785 10906,725 8134,229 15364,908 5192,68 1380,0065 S 6284,073 11051,559 12875,233 7510,567 10020,365 3662,9712
1,8311955 B 441,0785 10906,725 8134,229 15364,908 5192,68 1380,0065 S 6284,073 11051,559 12875,233 7510,567 10020,365 3662,9712
1,8320007 B 441,0785 10906,725 8134,229 15364,908 5192,68 1380,0065 S 6284,073 11051,559 12875,233 7510,567 10020,365 3662,9712
1,8319999 B 441,0785 10906,725 8134,229 15364,908 5192,68 1380,0065 S 6284,073 11051,559 12875,233 7510,567 10020,365 3662,9712
1,8320003 B 441,0785 10906,725 8134,229 15364,908 5192,68 1380,0065 S 6284,073 11051,559 12875,233 7510,567 10020,365 3662,9712
1,8320005 B 441,0785 10906,725 8134,229 15364,908 5192,68 1380,0065 S 6284,073 11051,559 12875,233 7510,567 10020,365 3662,9712
1,8319995 B 441,0785 10906,725 8134,229 15364,908 5192,68 1380,0065 S 6284,073 11051,559 12875,233 7510,567 10020,365 3662,9712
1,8320005 B 441,0785 10906,725 8134,229 15364,908 5192,68 1380,0065 S 6284,073 11051,559 12875,233 7510,567 10020,365 3662,9712
1,8319993 B 441,0785 10906,725 8134,229 15364,908 5192,68 1380,0065 S 6284,073 11051,559 12875,233 7510,567 10020,365 3662,9712
1,8319995 B 441,0785 10906,725 8134,229 15364,908 5192,68 1380,0065 S 6284,073 11051,559 12875,233 7510,567 10020,365 3662,9712
1,8320001 B 441,0785 10906,725 8134,229 15364,908 5192,68 1380,0065 S 6284,073 11051,559 12875,233 7510,567 10020,365 3662,9712
1,8320005 B 441,0785 10906,725 8134,229 15364,908 5192,68 1380,0065 S 6284,073 11051,559 12875,233 7510,567 10020,365 3662,9712
1,832 B 441,0785 10906,725 8134,229 15364,908 5192,68 1380,0065 S 6284,073 11051,559 12875,233 7510,567 10020,365 3662,9712
1,832 B 441,0785 10906,725 8134,229 15364,908 5192,68 1380,0065 S 6284,073 11051,559 12875,233 7510,567 10020,365 3662,9712
1,8320001 B 441,0785 10906,725 8134,229 15364,908 5192,68 1380,0065 S 6284,073 11051,559 12875,233 7510,567 10020,365 3662,9712
1,8319995 B 441,0785 10906,725 8134,229 15364,908 5192,68 1380,0065 S 6284,073 11051,559 12875,233 7510,567 10020,365 3662,9712
1,832 B 441,0785 10906,725 8134,229 15364,908 5192,68 1380,0065 S 6284,073 11051,559 12875,233 7510,567 10020,365 3662,9712
1,8320001 B 441,0785 10906,725 8134,229 15364,908 5192,68 1380,0065 S 6284,073 11051,559 12875,233 7510,567 10020,365 3662,9712
1,8320001 B 441,0785 10906,725 8134,229 15364,908 5192,68 1380,0065 S 6284,073 11051,559 12875,233 7510,567 10020,365 3662,9712
1,8320001 B 441,0785 10906,725 8134,229 15364,908 5192,68 1380,0065 S 6284,073 11051,559 12875,233 7510,567 10020,365 3662,9712
1,8320003 B 441,0785 10906,725 8134,229 15364,908 5192,68 1380,0065 S 6284,073 11051,559 12875,233 7510,567 10020,365 3662,9712
1,8320001 B 441,0785 10906,725 8134,229 15364,908 5192,68 1380,0065 S 6284,073 11051,559 12875,233 7510,567 10020,365 3662,9712
1,8320003 B 441,0785 10906,725 8134,229 15364,908 5192,68 1380,0065 S 6284,073 11051,559 12875,233 7510,567 10020,365 3662,9712
1,8320001 B 441,0785 10906,725 8134,229 15364,908 5192,68 1380,0065 S 6284,073 11051,559 12875,233 7510,567 10020,365 3662,9712
1,8321536 B 441,0785 10906,725 8134,229 15364,908 5192,68 1380,0065 S 6284,073 11051,559 12875,233 7510,567 10020,365 3662,9712
1,8321922 B 441,0785 10906,725 8134,229 15364,908 5192,68 1380,0065 S 6284,073 11051,559 12875,233 7510,567 10020,365 3662,9712
1,8320001 B 441,0785 10906,725 8134,229 15364,908 5192,68 1380,0065 S 6284,073 11051,559 12875,233 7510,567 10020,365 3662,9712
1,8320001 B 441,0785 10906,725 8134,229 15364,908 5192,68 1380,0065 S 6284,073 11051,559 12875,233 7510,567 10020,365 3662,9712
1,8320001 B 441,0785 10906,725 8134,229 15364,908 5192,68 1380,0065 S 6284,073 11051,559 12875,233 7510,567 10020,365 3662,9712
1,8320003 B 441,0785 10906,725 8134,229 15364,908 5192,68 1380,0065 S 6284,073 11051,559 12875,233 7510,567 10020,365 3662,9712
1,8319999 B 441,0785 10906,725 8134,229 15364,908 5192,68 1380,0065 S 6284,073 11051,559 12875,233 7510,567 10020,365 3662,9712
1,8320001 B 441,0785 10906,725 8134,229 15364,908 5192,68 1380,0065 S 6284,073 11051,559 12875,233 7510,567 10020,365 3662,9712
1,8320003 B 441,0785 10906,725 8134,229 15364,908 5192,68 1380,0065 S 6284,073 11051,559 12875,233 7510,567 10020,365 3662,9712
1,8320003 B 441,0785 10906,725 8134,229 15364,908 5192,68 1380,0065 S 6284,073 11051,559 12875,233 7510,567 10020,365 3662,9712
1,8319994 B 441,0785 10906,725 8134,229 15364,908 5192,68 1380,0065 S 6284,073 11051,559 12875,233 7510,567 10020,365 3662,9712
1,832 B 441,0785 10906,725 8134,229 15364,908 5192,68 1380,0065 S 6284,073 11051,559 12875,233 7510,567 10020,365 3662,9712
1,8319997 B 441,0785 10906,725 8134,229 15364,908 5192,68 1380,0065 S 6284,073 11051,559 12875,233 7510,567 10020,365 3662,9712
1,832 B 441,0785 10906,725 8134,229 15364,908 5192,68 1380,0065 S 6284,073 11051,559 12875,233 7510,567 10020,365 3662,9712
1,8319999 B 441,0785 10906,725 8134,229 15364,908 5192,68 1380,0065 S 6284,073 11051,559 12875,233 7510,567 10020,365 3662,9712
1,8319997 B 441,0785 10906,725 8134,229 15364,908 5192,68 1380,0065 S 6284,073 11051,559 12875,233 7510,567 10020,365 3662,9712
1,8320006 B 441,0785 10906,725 8134,229 15364,908 5192,68 1380,0065 S 6284,073 11051,559 12875,233 7510,567 10020,365 3662,9712
1,8320004 B 441,0785 10906,725 8134,229 15364,908 5192,68 1380,0065 S 6284,073 11051,559 12875,233 7510,567 10020,365 3662,9712
1,8320003 B 441,0785 10906,725 8134,229 15364,908 5192,68 1380,0065 S 6284,073 11051,559 12875,233 7510,567 10020,365 3662,9712
1,8319995 B 441,0785 10906,725 8134,229 15364,908 5192,68 1380,0065 S 6284,073 11051,559 12875,233 7510,567 10020,365 3662,9712
1,8319999 B 441,0785 10906,725 8134,229 15364,908 5192,68 1380,0065 S 6284,073 11051,559 12875,233 7510,567 10020,365 3662,9712
1,832 B 441,0785 10906,725 8134,229 15364,908 5192,68 1380,0065 S 6284,073 11051,559 12875,233 7510,567 10020,365 3662,9712
1,832 B 441,0785 10906,725 8134,229 15364,908 5192,68 1380,0065 S 6284,073 11051,559 12875,233 7510,567 10020,365 3662,9712
1,8319995 B 441,0785 10906,725 8134,229 15364,908 5192,68 1380,0065 S 6284,073 11051,559 12875,233 7510,567 10020,365 3662,9712
1,8319999 B 441,0785 10906,725 8134,229 15364,908 5192,68 1380,0065 S 6284,073 11051,559 12875,233 7510,567 10020,365 3662,9712
1,8320004 B 441,0785 10906,725 8134,229 15364,908 5192,68 1380,0065 S 6284,073 11051,559 12875,233 7510,567 10020,365 3662,9712
1,8320001 B 441,0785 10906,725 8134,229 15364,908 5192,68 1380,0065 S 6284,073 11051,559 12875,233 7510,567 10020,365 3662,9712
1,8320004 B 441,0785 10906,725 8134,229 15364,908 5192,68 1380,0065 S 6284,073 11051,559 12875,233 7510,567 10020,365 3662,9712
1,8320003 B 441,0785 10906,725 8134,229 15364,908 5192,68 1380,0065 S 6284,073 11051,559 12875,233 7510,567 10020,365 3662,9712
1,832 B 441,0785 10906,725 8134,229 15364,908 5192,68 1380,0065 S 6284,073 11051,559 12875,233 7510,567 10020,365 3662,9712
1,8317436 B 441,0785 10906,725 8134,229 15364,908 5192,68 1380,0065 S 6284,073 11051,559 12875,233 7510,567 10020,365 3662,9712
1,8310002 B 441,0785 10906,725 8134,229 15364,908 5192,68 1380,0065 S 6284,073 11051,559 12875,233 7510,567 10020,365 3662,9712
1,8309995 B 441,0785 10906,725 8134,229 15364,908 5192,68 1380,0065 S 6284,073 11051,559 12875,233 7510,567 10020,365 3662,9712
1,8309996 B 441,0785 10906,725 8134,229 15364,908 5192,68 1380,0065 S 6284,073 11051,559 12875,233 7510,567 10020,365 3662,9712
1,831 B 441,0785 10906,725 8134,229 15364,908 5192,68 1380,0065 S 6284,073 11051,559 12875,233 7510,567 10020,365 3662,9712
1,8309999 B 441,0785 10906,725 8134,229 15364,908 5192,68 1380,0065 S 6284,073 11051,559 12875,233 7510,567 10020,365 3662,9712
1,831 B 441,0785 10906,725 8134,229 15364,908 5192,68 1380,0065 S 6284,073 11051,559 12875,233 7510,567 10020,365 3662,9712
1,831 B 441,0785 10906,725 8134,229 15364,908 5192,68 1380,0065 S 6284,073 11051,559 12875,233 7510,567 10020,365 3662,9712
1,8309999 B 441,0785 10906,725 8134,229 15364,908 5192,68 1380,0065 S 6284,073 11051,559 12875,233 7510,567 10020,365 3662,9712
1,8310006 B 441,0785 10906,725 8134,229 15364,908 5192,68 1380,0065 S 6284,073 11051,559 12875,233 7510,567 10020,365 3662,9712
1,8309999 B 441,0785 10906,725 8134,229 15364,908 5192,68 1380,0065 S 6284,073 11051,559 12875,233 7510,567 10020,365 3662,9712
1,8309993 B 441,0785 10906,725 8134,229 15364,908 5192,68 1380,0065 S 6284,073 11051,559 12875,233 7510,567 10020,365 3662,9712
1,8310002 B 441,0785 10906,725 8134,229 15364,908 5192,68 1380,0065 S 6284,073 11051,559 12875,233 7510,567 10020,365 3662,9712
1,8309995 B 441,0785 10906,725 8134,229 15364,908 5192,68 1380,0065 S 6284,073 11051,559 12875,233 7510,567 10020,365 3662,9712
1,8309994 B 441,0785 10906,725 8134,229 15364,908 5192,68 1380,0065 S 6284,073 11051,559 12875,233 7510,567 10020,365 3662,9712
1,8309997 B 441,0785 10906,725 8134,229 15364,908 5192,68 1380,0065 S 6284,073 11051,559 12875,233 7510,567 10020,365 3662,9712
1,8309996 B 441,0785 10906,725 8134,229 15364,908 5192,68 1380,0065 S 6284,073 11051,559 12875,233 7510,567 10020,365 3662,9712
1,8318852 B 441,0785 10906,725 8134,229 15364,908 5192,68 1380,0065 S 6284,073 11051,559 12875,233 7510,567 10020,365 3662,9712
1,832 B 441,0785 10906,725 8134,229 15364,908 5192,68 1380,0065 S 6284,073 11051,559 12875,233 7510,567 10020,365 3662,9712
1,8320003 B 441,0785 10906,725 8134,229 15364,908 5192,68 1380,0065 S 6284,073 11051,559 12875,233 7510,567 10020,365 3662,9712
1,8320007 B 441,0785 10906,725 8134,229 15364,908 5192,68 1380,0065 S 6284,073 11051,559 12875,233 7510,567 10020,365 3662,9712
1,832 B 441,0785 10906,725 8134,229 15364,908 5192,68 1380,0065 S 6284,073 11051,559 12875,233 7510,567 10020,365 3662,9712
1,8320001 B 441,0785 10906,725 8134,229 15364,908 5192,68 1380,0065 S 6284,073 11051,559 12875,233 7510,567 10020,365 3662,9712
1,8320003 B 441,0785 10906,725 8134,229 15364,908 5192,68 1380,0065 S 6284,073 11051,559 12875,233 7510,567 10020,365 3662,9712
1,8319993 B 441,0785 10906,725 8134,229 15364,908 5192,68 1380,0065 S 6284,073 11051,559 12875,233 7510,567 10020,365 3662,9712
1,8320004 B 441,0785 10906,725 8134,229 15364,908 5192,68 1380,0065 S 6284,073 11051,559 12875,233 7510,567 10020,365 3662,9712
1,8288713 B 441,0785 10906,725 8134,229 15364,908 5192,68 1380,0065 S 6284,073 11051,559 12875,233 7510,567 10020,365 3662,9712
1,8265259 B 441,0785 10906,725 8134,229 15364,908 5192,68 1380,0065 S 6284,073 11051,559 12875,233 7510,567 10020,365 3662,9712
1,8232672 B 441,0785 10906,725 8134,229 15364,908 5192,68 1380,0065 S 6284,073 11051,559 12875,233 7510,567 10020,365 3662,9712
1,822213 B 441,0785 10906,725 8134,229 15364,908 5192,68 1380,0065 S 6284,073 11051,559 12875,233 7510,567 10020,365 3662,9712
1,822438 B 441,0785 10906,725 8134,229 15364,908 5192,68 1380,0065 S 6284,073 11051,559 12875,233 7510,567 10020,365 3662,9712
1,8220001 B 441,0785 10906,725 8134,229 15364,908 5192,68 1380,0065 S 6284,073 11051,559 12875,233 7510,567 10020,365 3662,9712
1,8220001 B 441,0785 10906,725 8134,229 15364,908 5192,68 1380,0065 S 6284,073 11051,559 12875,233 7510,567 10020,365 3662,9712
1,8219994 B 441,0785 10906,725 8134,229 15364,908 5192,68 1380,0065 S 6284,073 11051,559 12875,233 7510,567 10020,365 3662,9712
1,8220004 B 441,0785 10906,725 8134,229 15364,908 5192,68 1380,0065 S 6284,073 11051,559 12875,233 7510,567 10020,365 3662,9712
1,8220004 B 441,0785 10906,725 8134,229 15364,908 5192,68 1380,0065 S 6284,073 11051,559 12875,233 7510,567 10020,365 3662,9712
1,8220003 B 441,0785 10906,725 8134,229 15364,908 5192,68 1380,0065 S 6284,073 11051,559 12875,233 7510,567 10020,365 3662,9712
1,82216 B 441,0785 10906,725 8134,229 15364,908 5192,68 1380,0065 S 6284,073 11051,559 12875,233 7510,567 10020,365 3662,9712
1,8229997 B 441,0785 10906,725 8134,229 15364,908 5192,68 1380,0065 S 6284,073 11051,559 12875,233 7510,567 10020,365 3662,9712
1,8230004 B 441,0785 10906,725 8134,229 15364,908 5192,68 1380,0065 S 6284,073 11051,559 12875,233 7510,567 10020,365 3662,9712
1,8230003 B 441,0785 10906,725 8134,229 15364,908 5192,68 1380,0065 S 6284,073 11051,559 12875,233 7510,567 10020,365 3662,9712
1,8230006 B 441,0785 10906,725 8134,229 15364,908 5192,68 1380,0065 S 6284,073 11051,559 12875,233 7510,567 10020,365 3662,9712
1,8229996 B 441,0785 10906,725 8134,229 15364,908 5192,68 1380,0065 S 6284,073 11051,559 12875,233 7510,567 10020,365 3662,9712
1,8249325 B 441,0785 10906,725 8134,229 15364,908 5192,68 1380,0065 S 6284,073 11051,559 12875,233 7510,567 10020,365 3662,9712
1,8250004 B 441,0785 10906,725 8134,229 15364,908 5192,68 1380,0065 S 6284,073 11051,559 12875,233 7510,567 10020,365 3662,9712
1,8250003 B 441,0785 10906,725 8134,229 15364,908 5192,68 1380,0065 S 6284,073 11051,559 12875,233 7510,567 10020,365 3662,9712
1,8249997 B 441,0785 10906,725 8134,229 15364,908 5192,68 1380,0065 S 6284,073 11051,559 12875,233 7510,567 10020,365 3662,9712
1,8250004 B 441,0785 10906,725 8134,229 15364,908 5192,68 1380,0065 S 6284,073 11051,559 12875,233 7510,567 10020,365 3662,9712
1,825 B 441,0785 10906,725 8134,229 15364,908 5192,68 1380,0065 S 6284,073 11051,559 12875,233 7510,567 10020,365 3662,9712
1,8249172 B 441,0785 10906,725 8134,229 15364,908 5192,68 1380,0065 S 6284,073 11051,559 12875,233 7510,567 10020,365 3662,9712
1,8232312 B 441,0785 10906,725 8134,229 15364,908 5192,68 1380,0065 S 6284,073 11051,559 12875,233 7510,567 10020,365 3662,9712
1,8239996 B 441,0785 10906,725 8134,229 15364,908 5192,68 1380,0065 S 6284,073 11051,559 12875,233 7510,567 10020,365 3662,9712
1,8240001 B 441,0785 10906,725 8134,229 15364,908 5192,68 1380,0065 S 6284,073 11051,559 12875,233 7510,567 10020,365 3662,9712
1,8239999 B 441,0785 10906,725 8134,229 15364,908 5192,68 1380,0065 S 6284,073 11051,559 12875,233 7510,567 10020,365 3662,9712
1,8239996 B 441,0785 10906,725 8134,229 15364,908 5192,68 1380,0065 S 6284,073 11051,559 12875,233 7510,567 10020,365 3662,9712
1,8240002 B 441,0785 10906,725 8134,229 15364,908 5192,68 1380,0065 S 6284,073 11051,559 12875,233 7510,567 10020,365 3662,9712
1,8235185 B 441,0785 10906,725 8134,229 15364,908 5192,68 1380,0065 S 6284,073 11051,559 12875,233 7510,567 10020,365 3662,9712
1,8229998 B 441,0785 10906,725 8134,229 15364,908 5192,68 1380,0065 S 6284,073 11051,559 12875,233 7510,567 10020,365 3662,9712
1,8229998 B 441,0785 10906,725 8134,229 15364,908 5192,68 1380,0065 S 6284,073 11051,559 12875,233 7510,567 10020,365 3662,9712
1,8230002 B 441,0785 10906,725 8134,229 15364,908 5192,68 1380,0065 S 6284,073 11051,559 12875,233 7510,567 10020,365 3662,9712
1,8230002 B 441,0785 10906,725 8134,229 15364,908 5192,68 1380,0065 S 6284,073 11051,559 12875,233 7510,567 10020,365 3662,9712
1,8230001 B 441,0785 10906,725 8134,229 15364,908 5192,68 1380,0065 S 6284,073 11051,559 12875,233 7510,567 10020,365 3662,9712
1,8230001 B 441,0785 10906,725 8134,229 15364,908 5192,68 1380,0065 S 6284,073 11051,559 12875,233 7510,567 10020,365 3662,9712
1,8230002 B 441,0785 10906,725 8134,229 15364,908 5192,68 1380,0065 S 6284,073 11051,559 12875,233 7510,567 10020,365 3662,9712
1,823 B 441,0785 10906,725 8134,229 15364,908 5192,68 1380,0065 S 6284,073 11051,559 12875,233 7510,567 10020,365 3662,9712
1,8230002 B 441,0785 10906,725 8134,229 15364,908 5192,68 1380,0065 S 6284,073 11051,559 12875,233 7510,567 10020,365 3662,9712
1,8230002 B 441,0785 10906,725 8134,229 15364,908 5192,68 1380,0065 S 6284,073 11051,559 12875,233 7510,567 10020,365 3662,9712
1,8229994 B 441,0785 10906,725 8134,229 15364,908 5192,68 1380,0065 S 6284,073 11051,559 12875,233 7510,567 10020,365 3662,9712
1,8230006 B 441,0785 10906,725 8134,229 15364,908 5192,68 1380,0065 S 6284,073 11051,559 12875,233 7510,567 10020,365 3662,9712
1,8230001 B 441,0785 10906,725 8134,229 15364,908 5192,68 1380,0065 S 6284,073 11051,559 12875,233 7510,567 10020,365 3662,9712
1,8229997 B 441,0785 10906,725 8134,229 15364,908 5192,68 1380,0065 S 6284,073 11051,559 12875,233 7510,567 10020,365 3662,9712
1,8228993 B 441,0785 10906,725 8134,229 15364,908 5192,68 1380,0065 S 6284,073 11051,559 12875,233 7510,567 10020,365 3662,9712
1,821 B 441,0785 10906,725 8134,229 15364,908 5192,68 1380,0065 S 6284,073 11051,559 12875,233 7510,567 10020,365 3662,9712
1,819551 B 441,0785 10906,725 8134,229 15364,908 5192,68 1380,0065 S 6284,073 11051,559 12875,233 7510,567 10020,365 3662,9712
1,8190004 B 441,0785 10906,725 8134,229 15364,908 5192,68 1380,0065 S 6284,073 11051,559 12875,233 7510,567 10020,365 3662,9712
1,8189992 B 441,0785 10906,725 8134,229 15364,908 5192,68 1380,0065 S 6284,073 11051,559 12875,233 7510,567 10020,365 3662,9712
1,8189998 B 441,0785 10906,725 8134,229 15364,908 5192,68 1380,0065 S 6284,073 11051,559 12875,233 7510,567 10020,365 3662,9712
1,8199345 B 441,0785 10906,725 8134,229 15364,908 5192,68 1380,0065 S 6284,073 11051,559 12875,233 7510,567 10020,365 3662,9712
1,8200004 B 441,0785 10906,725 8134,229 15364,908 5192,68 1380,0065 S 6284,073 11051,559 12875,233 7510,567 10020,365 3662,9712
1,8200004 B 441,0785 10906,725 8134,229 15364,908 5192,68 1380,0065 S 6284,073 11051,559 12875,233 7510,567 10020,365 3662,9712
1,8199996 B 441,0785 10906,725 8134,229 15364,908 5192,68 1380,0065 S 6284,073 11051,559 12875,233 7510,567 10020,365 3662,9712
1,8199998 B 441,0785 10906,725 8134,229 15364,908 5192,68 1380,0065 S 6284,073 11051,559 12875,233 7510,567 10020,365 3662,9712
1,8199996 B 441,0785 10906,725 8134,229 15364,908 5192,68 1380,0065 S 6284,073 11051,559 12875,233 7510,567 10020,365 3662,9712
1,8200008 B 441,0785 10906,725 8134,229 15364,908 5192,68 1380,0065 S 6284,073 11051,559 12875,233 7510,567 10020,365 3662,9712
1,82 B 441,0785 10906,725 8134,229 15364,908 5192,68 1380,0065 S 6284,073 11051,559 12875,233 7510,567 10020,365 3662,9712
1,8200002 B 441,0785 10906,725 8134,229 15364,908 5192,68 1380,0065 S 6284,073 11051,559 12875,233 7510,567 10020,365 3662,9712
1,8200002 B 441,0785 10906,725 8134,229 15364,908 5192,68 1380,0065 S 6284,073 11051,559 12875,233 7510,567 10020,365 3662,9712
1,8200002 B 441,0785 10906,725 8134,229 15364,908 5192,68 1380,0065 S 6284,073 11051,559 12875,233 7510,567 10020,365 3662,9712
1,82 B 441,0785 10906,725 8134,229 15364,908 5192,68 1380,0065 S 6284,073 11051,559 12875,233 7510,567 10020,365 3662,9712
1,8199999 B 441,0785 10906,725 8134,229 15364,908 5192,68 1380,0065 S 6284,073 11051,559 12875,233 7510,567 10020,365 3662,9712
1,8200002 B 441,0785 10906,725 8134,229 15364,908 5192,68 1380,0065 S 6284,073 11051,559 12875,233 7510,567 10020,365 3662,9712
1,8200002 B 441,0785 10906,725 8134,229 15364,908 5192,68 1380,0065 S 6284,073 11051,559 12875,233 7510,567 10020,365 3662,9712
1,8199997 B 441,0785 10906,725 8134,229 15364,908 5192,68 1380,0065 S 6284,073 11051,559 12875,233 7510,567 10020,365 3662,9712
1,82 B 441,0785 10906,725 8134,229 15364,908 5192,68 1380,0065 S 6284,073 11051,559 12875,233 7510,567 10020,365 3662,9712
1,8200002 B 441,0785 10906,725 8134,229 15364,908 5192,68 1380,0065 S 6284,073 11051,559 12875,233 7510,567 10020,365 3662,9712
1,8199999 B 441,0785 10906,725 8134,229 15364,908 5192,68 1380,0065 S 6284,073 11051,559 12875,233 7510,567 10020,365 3662,9712
1,8199998 B 441,0785 10906,725 8134,229 15364,908 5192,68 1380,0065 S 6284,073 11051,559 12875,233 7510,567 10020,365 3662,9712
1,8199998 B 441,0785 10906,725 8134,229 15364,908 5192,68 1380,0065 S 6284,073 11051,559 12875,233 7510,567 10020,365 3662,9712
1,8199999 B 441,0785 10906,725 8134,229 15364,908 5192,68 1380,0065 S 6284,073 11051,559 12875,233 7510,567 10020,365 3662,9712
1,82 B 441,0785 10906,725 8134,229 15364,908 5192,68 1380,0065 S 6284,073 11051,559 12875,233 7510,567 10020,365 3662,9712
1,8200004 B 441,0785 10906,725 8134,229 15364,908 5192,68 1380,0065 S 6284,073 11051,559 12875,233 7510,567 10020,365 3662,9712
1,8222946 B 441,0785 10906,725 8134,229 15364,908 5192,68 1380,0065 S 6284,073 11051,559 12875,233 7510,567 10020,365 3662,9712
1,824 B 441,0785 10906,725 8134,229 15364,908 5192,68 1380,0065 S 6284,073 11051,559 12875,233 7510,567 10020,365 3662,9712
1,8240001 B 441,0785 10906,725 8134,229 15364,908 5192,68 1380,0065 S 6284,073 11051,559 12875,233 7510,567 10020,365 3662,9712
1,8239994 B 441,0785 10906,725 8134,229 15364,908 5192,68 1380,0065 S 6284,073 11051,559 12875,233 7510,567 10020,365 3662,9712
1,824 B 441,0785 10906,725 8134,229 15364,908 5192,68 1380,0065 S 6284,073 11051,559 12875,233 7510,567 10020,365 3662,9712
1,8243977 B 441,0785 10906,725 8134,229 15364,908 5192,68 1380,0065 S 6284,073 11051,559 12875,233 7510,567 10020,365 3662,9712
1,8243691 B 441,0785 10906,725 8134,229 15364,908 5192,68 1380,0065 S 6284,073 11051,559 12875,233 7510,567 10020,365 3662,9712
1,8240005 B 441,0785 10906,725 8134,229 15364,908 5192,68 1380,0065 S 6284,073 11051,559 12875,233 7510,567 10020,365 3662,9712
1,8239996 B 441,0785 10906,725 8134,229 15364,908 5192,68 1380,0065 S 6284,073 11051,559 12875,233 7510,567 10020,365 3662,9712
1,824 B 441,0785 10906,725 8134,229 15364,908 5192,68 1380,0065 S 6284,073 11051,559 12875,233 7510,567 10020,365 3662,9712
1,8240001 B 441,0785 10906,725 8134,229 15364,908 5192,68 1380,0065 S 6284,073 11051,559 12875,233 7510,567 10020,365 3662,9712
1,824 B 441,0785 10906,725 8134,229 15364,908 5192,68 1380,0065 S 6284,073 11051,559 12875,233 7510,567 10020,365 3662,9712
1,8239998 B 441,0785 10906,725 8134,229 15364,908 5192,68 1380,0065 S 6284,073 11051,559 12875,233 7510,567 10020,365 3662,9712
1,8240001 B 441,0785 10906,725 8134,229 15364,908 5192,68 1380,0065 S 6284,073 11051,559 12875,233 7510,567 10020,365 3662,9712
1,8240001 B 441,0785 10906,725 8134,229 15364,908 5192,68 1380,0065 S 6284,073 11051,559 12875,233 7510,567 10020,365 3662,9712
1,8239999 B 441,0785 10906,725 8134,229 15364,908 5192,68 1380,0065 S 6284,073 11051,559 12875,233 7510,567 10020,365 3662,9712
1,8239999 B 441,0785 10906,725 8134,229 15364,908 5192,68 1380,0065 S 6284,073 11051,559 12875,233 7510,567 10020,365 3662,9712
1,8239998 B 441,0785 10906,725 8134,229 15364,908 5192,68 1380,0065 S 6284,073 11051,559 12875,233 7510,567 10020,365 3662,9712
1,8240002 B 441,0785 10906,725 8134,229 15364,908 5192,68 1380,0065 S 6284,073 11051,559 12875,233 7510,567 10020,365 3662,9712
1,8239995 B 441,0785 10906,725 8134,229 15364,908 5192,68 1380,0065 S 6284,073 11051,559 12875,233 7510,567 10020,365 3662,9712
1,8239999 B 441,0785 10906,725 8134,229 15364,908 5192,68 1380,0065 S 6284,073 11051,559 12875,233 7510,567 10020,365 3662,9712
1,8240002 B 441,0785 10906,725 8134,229 15364,908 5192,68 1380,0065 S 6284,073 11051,559 12875,233 7510,567 10020,365 3662,9712
1,8240001 B 441,0785 10906,725 8134,229 15364,908 5192,68 1380,0065 S 6284,073 11051,559 12875,233 7510,567 10020,365 3662,9712
1,8239998 B 441,0785 10906,725 8134,229 15364,908 5192,68 1380,0065 S 6284,073 11051,559 12875,233 7510,567 10020,365 3662,9712
1,8240006 B 441,0785 10906,725 8134,229 15364,908 5192,68 1380,0065 S 6284,073 11051,559 12875,233 7510,567 10020,365 3662,9712
1,8240008 B 441,0785 10906,725 8134,229 15364,908 5192,68 1380,0065 S 6284,073 11051,559 12875,233 7510,567 10020,365 3662,9712
1,8239995 B 441,0785 10906,725 8134,229 15364,908 5192,68 1380,0065 S 6284,073 11051,559 12875,233 7510,567 10020,365 3662,9712
1,8239996 B 441,0785 10906,725 8134,229 15364,908 5192,68 1380,0065 S 6284,073 11051,559 12875,233 7510,567 10020,365 3662,9712
1,8239995 B 441,0785 10906,725 8134,229 15364,908 5192,68 1380,0065 S 6284,073 11051,559 12875,233 7510,567 10020,365 3662,9712
1,8226764 B 441,0785 10906,725 8134,229 15364,908 5192,68 1380,0065 S 6284,073 11051,559 12875,233 7510,567 10020,365 3662,9712
1,821 B 441,0785 10906,725 8134,229 15364,908 5192,68 1380,0065 S 6284,073 11051,559 12875,233 7510,567 10020,365 3662,9712
1,8209997 B 441,0785 10906,725 8134,229 15364,908 5192,68 1380,0065 S 6284,073 11051,559 12875,233 7510,567 10020,365 3662,9712
1,821 B 441,0785 10906,725 8134,229 15364,908 5192,68 1380,0065 S 6284,073 11051,559 12875,233 7510,567 10020,365 3662,9712
1,8209999 B 441,0785 10906,725 8134,229 15364,908 5192,68 1380,0065 S 6284,073 11051,559 12875,233 7510,567 10020,365 3662,9712
1,821 B 441,0785 10906,725 8134,229 15364,908 5192,68 1380,0065 S 6284,073 11051,559 12875,233 7510,567 10020,365 3662,9712
1,8224037 B 441,0785 10906,725 8134,229 15364,908 5192,68 1380,0065 S 6284,073 11051,559 12875,233 7510,567 10020,365 3662,9712
1,8229997 B 441,0785 10906,725 8134,229 15364,908 5192,68 1380,0065 S 6284,073 11051,559 12875,233 7510,567 10020,365 3662,9712
1,823 B 441,0785 10906,725 8134,229 15364,908 5192,68 1380,0065 S 6284,073 11051,559 12875,233 7510,567 10020,365 3662,9712
