1,8313864
1,841 B 3098,067 10871,306 18735,59 4806,156 14592,74 1769,4098 S 728,7996 12213,418 12439,156 10049,505 4395,818 4479,576
1,8409997 B 3098,067 10871,306 18735,59 4806,156 14592,74 1769,4098 S 728,7996 12213,418 12439,156 10049,505 4395,818 4479,576
1,8409995 B 3098,067 10871,306 18735,59 4806,156 14592,74 1769,4098 S 728,7996 12213,418 12439,156 10049,505 4395,818 4479,576
1,841473 B 3098,067 10871,306 18735,59 4806,156 14592,74 1769,4098 S 728,7996 12213,418 12439,156 10049,505 4395,818 4479,576
1,8425463 B 3098,067 10871,306 18735,59 4806,156 14592,74 1769,4098 S 728,7996 12213,418 12439,156 10049,505 4395,818 4479,576
1,843 B 3098,067 10871,306 18735,59 4806,156 14592,74 1769,4098 S 728,7996 12213,418 12439,156 10049,505 4395,818 4479,576
1,842136 B 3098,067 10871,306 18735,59 4806,156 14592,74 1769,4098 S 728,7996 12213,418 12439,156 10049,505 4395,818 4479,576
1,8420002 B 3098,067 10871,306 18735,59 4806,156 14592,74 1769,4098 S 728,7996 12213,418 12439,156 10049,505 4395,818 4479,576
1,8419995 B 3098,067 10871,306 18735,59 4806,156 14592,74 1769,4098 S 728,7996 12213,418 12439,156 10049,505 4395,818 4479,576
1,8419999 B 3098,067 10871,306 18735,59 4806,156 14592,74 1769,4098 S 728,7996 12213,418 12439,156 10049,505 4395,818 4479,576
1,8419997 B 3098,067 10871,306 18735,59 4806,156 14592,74 1769,4098 S 728,7996 12213,418 12439,156 10049,505 4395,818 4479,576
1,8394345 B 3098,067 10871,306 18735,59 4806,156 14592,74 1769,4098 S 728,7996 12213,418 12439,156 10049,505 4395,818 4479,576
1,8372389 B 3098,067 10871,306 18735,59 4806,156 14592,74 1769,4098 S 728,7996 12213,418 12439,156 10049,505 4395,818 4479,576
1,8369999 B 3098,067 10871,306 18735,59 4806,156 14592,74 1769,4098 S 728,7996 12213,418 12439,156 10049,505 4395,818 4479,576
1,8368901 B 3098,067 10871,306 18735,59 4806,156 14592,74 1769,4098 S 728,7996 12213,418 12439,156 10049,505 4395,818 4479,576
1,8359996 B 3098,067 10871,306 18735,59 4806,156 14592,74 1769,4098 S 728,7996 12213,418 12439,156 10049,505 4395,818 4479,576
1,8355473 B 3098,067 10871,306 18735,59 4806,156 14592,74 1769,4098 S 728,7996 12213,418 12439,156 10049,505 4395,818 4479,576
1,8347796 B 3098,067 10871,306 18735,59 4806,156 14592,74 1769,4098 S 728,7996 12213,418 12439,156 10049,505 4395,818 4479,576
1,8349994 B 3098,067 10871,306 18735,59 4806,156 14592,74 1769,4098 S 728,7996 12213,418 12439,156 10049,505 4395,818 4479,576
1,8349999 B 3098,067 10871,306 18735,59 4806,156 14592,74 1769,4098 S 728,7996 12213,418 12439,156 10049,505 4395,818 4479,576
1,8349999 B 3098,067 10871,306 18735,59 4806,156 14592,74 1769,4098 S 728,7996 12213,418 12439,156 10049,505 4395,818 4479,576
1,8355621 B 3098,067 10871,306 18735,59 4806,156 14592,74 1769,4098 S 728,7996 12213,418 12439,156 10049,505 4395,818 4479,576
1,8360004 B 3098,067 10871,306 18735,59 4806,156 14592,74 1769,4098 S 728,7996 12213,418 12439,156 10049,505 4395,818 4479,576
1,836 B 3098,067 10871,306 18735,59 4806,156 14592,74 1769,4098 S 728,7996 12213,418 12439,156 10049,505 4395,818 4479,576
1,836 B 3098,067 10871,306 18735,59 4806,156 14592,74 1769,4098 S 728,7996 12213,418 12439,156 10049,505 4395,818 4479,576
1,836 B 3098,067 10871,306 18735,59 4806,156 14592,74 1769,4098 S 728,7996 12213,418 12439,156 10049,505 4395,818 4479,576
1,8360001 B 3098,067 10871,306 18735,59 4806,156 14592,74 1769,4098 S 728,7996 12213,418 12439,156 10049,505 4395,818 4479,576
1,8360001 B 3098,067 10871,306 18735,59 4806,156 14592,74 1769,4098 S 728,7996 12213,418 12439,156 10049,505 4395,818 4479,576
1,8350393 B 3098,067 10871,306 18735,59 4806,156 14592,74 1769,4098 S 728,7996 12213,418 12439,156 10049,505 4395,818 4479,576
1,8349998 B 3098,067 10871,306 18735,59 4806,156 14592,74 1769,4098 S 728,7996 12213,418 12439,156 10049,505 4395,818 4479,576
1,8349998 B 3098,067 10871,306 18735,59 4806,156 14592,74 1769,4098 S 728,7996 12213,418 12439,156 10049,505 4395,818 4479,576
1,8349997 B 3098,067 10871,306 18735,59 4806,156 14592,74 1769,4098 S 728,7996 12213,418 12439,156 10049,505 4395,818 4479,576
1,8350002 B 3098,067 10871,306 18735,59 4806,156 14592,74 1769,4098 S 728,7996 12213,418 12439,156 10049,505 4395,818 4479,576
1,8349998 B 3098,067 10871,306 18735,59 4806,156 14592,74 1769,4098 S 728,7996 12213,418 12439,156 10049,505 4395,818 4479,576
1,8350004 B 3098,067 10871,306 18735,59 4806,156 14592,74 1769,4098 S 728,7996 12213,418 12439,156 10049,505 4395,818 4479,576
1,8342824 B 3098,067 10871,306 18735,59 4806,156 14592,74 1769,4098 S 728,7996 12213,418 12439,156 10049,505 4395,818 4479,576
1,8333662 B 3098,067 10871,306 18735,59 4806,156 14592,74 1769,4098 S 728,7996 12213,418 12439,156 10049,505 4395,818 4479,576
1,833 B 3098,067 10871,306 18735,59 4806,156 14592,74 1769,4098 S 728,7996 12213,418 12439,156 10049,505 4395,818 4479,576
1,8330004 B 3098,067 10871,306 18735,59 4806,156 14592,74 1769,4098 S 728,7996 12213,418 12439,156 10049,505 4395,818 4479,576
1,8329376 B 3098,067 10871,306 18735,59 4806,156 14592,74 1769,4098 S 728,7996 12213,418 12439,156 10049,505 4395,818 4479,576
1,8330004 B 3098,067 10871,306 18735,59 4806,156 14592,74 1769,4098 S 728,7996 12213,418 12439,156 10049,505 4395,818 4479,576
1,8330003 B 3098,067 10871,306 18735,59 4806,156 14592,74 1769,4098 S 728,7996 12213,418 12439,156 10049,505 4395,818 4479,576
1,8330005 B 3098,067 10871,306 18735,59 4806,156 14592,74 1769,4098 S 728,7996 12213,418 12439,156 10049,505 4395,818 4479,576
1,8329996 B 3098,067 10871,306 18735,59 4806,156 14592,74 1769,4098 S 728,7996 12213,418 12439,156 10049,505 4395,818 4479,576
1,8330003 B 3098,067 10871,306 18735,59 4806,156 14592,74 1769,4098 S 728,7996 12213,418 12439,156 10049,505 4395,818 4479,576
1,8330002 B 3098,067 10871,306 18735,59 4806,156 14592,74 1769,4098 S 728,7996 12213,418 12439,156 10049,505 4395,818 4479,576
1,8330001 B 3098,067 10871,306 18735,59 4806,156 14592,74 1769,4098 S 728,7996 12213,418 12439,156 10049,505 4395,818 4479,576
1,8330004 B 3098,067 10871,306 18735,59 4806,156 14592,74 1769,4098 S 728,7996 12213,418 12439,156 10049,505 4395,818 4479,576
1,8330001 B 3098,067 10871,306 18735,59 4806,156 14592,74 1769,4098 S 728,7996 12213,418 12439,156 10049,505 4395,818 4479,576
1,8330005 B 3098,067 10871,306 18735,59 4806,156 14592,74 1769,4098 S 728,7996 12213,418 12439,156 10049,505 4395,818 4479,576
1,8330002 B 3098,067 10871,306 18735,59 4806,156 14592,74 1769,4098 S 728,7996 12213,418 12439,156 10049,505 4395,818 4479,576
1,8330002 B 3098,067 10871,306 18735,59 4806,156 14592,74 1769,4098 S 728,7996 12213,418 12439,156 10049,505 4395,818 4479,576
1,8330001 B 3098,067 10871,306 18735,59 4806,156 14592,74 1769,4098 S 728,7996 12213,418 12439,156 10049,505 4395,818 4479,576
1,8329998 B 3098,067 10871,306 18735,59 4806,156 14592,74 1769,4098 S 728,7996 12213,418 12439,156 10049,505 4395,818 4479,576
1,8329995 B 3098,067 10871,306 18735,59 4806,156 14592,74 1769,4098 S 728,7996 12213,418 12439,156 10049,505 4395,818 4479,576
1,8329996 B 3098,067 10871,306 18735,59 4806,156 14592,74 1769,4098 S 728,7996 12213,418 12439,156 10049,505 4395,818 4479,576
1,8330002 B 3098,067 10871,306 18735,59 4806,156 14592,74 1769,4098 S 728,7996 12213,418 12439,156 10049,505 4395,818 4479,576
1,8330004 B 3098,067 10871,306 18735,59 4806,156 14592,74 1769,4098 S 728,7996 12213,418 12439,156 10049,505 4395,818 4479,576
1,8330002 B 3098,067 10871,306 18735,59 4806,156 14592,74 1769,4098 S 728,7996 12213,418 12439,156 10049,505 4395,818 4479,576
1,8330002 B 3098,067 10871,306 18735,59 4806,156 14592,74 1769,4098 S 728,7996 12213,418 12439,156 10049,505 4395,818 4479,576
1,8330002 B 3098,067 10871,306 18735,59 4806,156 14592,74 1769,4098 S 728,7996 12213,418 12439,156 10049,505 4395,818 4479,576
1,8330003 B 3098,067 10871,306 18735,59 4806,156 14592,74 1769,4098 S 728,7996 12213,418 12439,156 10049,505 4395,818 4479,576
1,8330001 B 3098,067 10871,306 18735,59 4806,156 14592,74 1769,4098 S 728,7996 12213,418 12439,156 10049,505 4395,818 4479,576
1,8320138 B 3098,067 10871,306 18735,59 4806,156 14592,74 1769,4098 S 728,7996 12213,418 12439,156 10049,505 4395,818 4479,576
1,8320007 B 3098,067 10871,306 18735,59 4806,156 14592,74 1769,4098 S 728,7996 12213,418 12439,156 10049,505 4395,818 4479,576
1,8320004 B 3098,067 10871,306 18735,59 4806,156 14592,74 1769,4098 S 728,7996 12213,418 12439,156 10049,505 4395,818 4479,576
1,8320001 B 3098,067 10871,306 18735,59 4806,156 14592,74 1769,4098 S 728,7996 12213,418 12439,156 10049,505 4395,818 4479,576
1,8320006 B 3098,067 10871,306 18735,59 4806,156 14592,74 1769,4098 S 728,7996 12213,418 12439,156 10049,505 4395,818 4479,576
1,8319999 B 3098,067 10871,306 18735,59 4806,156 14592,74 1769,4098 S 728,7996 12213,418 12439,156 10049,505 4395,818 4479,576
1,8319999 B 3098,067 10871,306 18735,59 4806,156 14592,74 1769,4098 S 728,7996 12213,418 12439,156 10049,505 4395,818 4479,576
1,8319999 B 3098,067 10871,306 18735,59 4806,156 14592,74 1769,4098 S 728,7996 12213,418 12439,156 10049,505 4395,818 4479,576
1,832709 B 3098,067 10871,306 18735,59 4806,156 14592,74 1769,4098 S 728,7996 12213,418 12439,156 10049,505 4395,818 4479,576
1,8330002 B 3098,067 10871,306 18735,59 4806,156 14592,74 1769,4098 S 728,7996 12213,418 12439,156 10049,505 4395,818 4479,576
1,8329996 B 3098,067 10871,306 18735,59 4806,156 14592,74 1769,4098 S 728,7996 12213,418 12439,156 10049,505 4395,818 4479,576
1,8330005 B 3098,067 10871,306 18735,59 4806,156 14592,74 1769,4098 S 728,7996 12213,418 12439,156 10049,505 4395,818 4479,576
1,8329996 B 3098,067 10871,306 18735,59 4806,156 14592,74 1769,4098 S 728,7996 12213,418 12439,156 10049,505 4395,818 4479,576
1,8330005 B 3098,067 10871,306 18735,59 4806,156 14592,74 1769,4098 S 728,7996 12213,418 12439,156 10049,505 4395,818 4479,576
1,8330002 B 3098,067 10871,306 18735,59 4806,156 14592,74 1769,4098 S 728,7996 12213,418 12439,156 10049,505 4395,818 4479,576
1,8329996 B 3098,067 10871,306 18735,59 4806,156 14592,74 1769,4098 S 728,7996 12213,418 12439,156 10049,505 4395,818 4479,576
1,8330005 B 3098,067 10871,306 18735,59 4806,156 14592,74 1769,4098 S 728,7996 12213,418 12439,156 10049,505 4395,818 4479,576
1,8330003 B 3098,067 10871,306 18735,59 4806,156 14592,74 1769,4098 S 728,7996 12213,418 12439,156 10049,505 4395,818 4479,576
1,8330004 B 3098,067 10871,306 18735,59 4806,156 14592,74 1769,4098 S 728,7996 12213,418 12439,156 10049,505 4395,818 4479,576
1,8330002 B 3098,067 10871,306 18735,59 4806,156 14592,74 1769,4098 S 728,7996 12213,418 12439,156 10049,505 4395,818 4479,576
1,8330004 B 3098,067 10871,306 18735,59 4806,156 14592,74 1769,4098 S 728,7996 12213,418 12439,156 10049,505 4395,818 4479,576
1,8330001 B 3098,067 10871,306 18735,59 4806,156 14592,74 1769,4098 S 728,7996 12213,418 12439,156 10049,505 4395,818 4479,576
1,8330002 B 3098,067 10871,306 18735,59 4806,156 14592,74 1769,4098 S 728,7996 12213,418 12439,156 10049,505 4395,818 4479,576
1,8330004 B 3098,067 10871,306 18735,59 4806,156 14592,74 1769,4098 S 728,7996 12213,418 12439,156 10049,505 4395,818 4479,576
1,8330003 B 3098,067 10871,306 18735,59 4806,156 14592,74 1769,4098 S 728,7996 12213,418 12439,156 10049,505 4395,818 4479,576
1,833 B 3098,067 10871,306 18735,59 4806,156 14592,74 1769,4098 S 728,7996 12213,418 12439,156 10049,505 4395,818 4479,576
1,832827 B 3098,067 10871,306 18735,59 4806,156 14592,74 1769,4098 S 728,7996 12213,418 12439,156 10049,505 4395,818 4479,576
1,8336166 B 3098,067 10871,306 18735,59 4806,156 14592,74 1769,4098 S 728,7996 12213,418 12439,156 10049,505 4395,818 4479,576
1,834 B 3098,067 10871,306 18735,59 4806,156 14592,74 1769,4098 S 728,7996 12213,418 12439,156 10049,505 4395,818 4479,576
1,834 B 3098,067 10871,306 18735,59 4806,156 14592,74 1769,4098 S 728,7996 12213,418 12439,156 10049,505 4395,818 4479,576
1,8339999 B 3098,067 10871,306 18735,59 4806,156 14592,74 1769,4098 S 728,7996 12213,418 12439,156 10049,505 4395,818 4479,576
1,8340003 B 3098,067 10871,306 18735,59 4806,156 14592,74 1769,4098 S 728,7996 12213,418 12439,156 10049,505 4395,818 4479,576
1,8339998 B 3098,067 10871,306 18735,59 4806,156 14592,74 1769,4098 S 728,7996 12213,418 12439,156 10049,505 4395,818 4479,576
1,834 B 3098,067 10871,306 18735,59 4806,156 14592,74 1769,4098 S 728,7996 12213,418 12439,156 10049,505 4395,818 4479,576
1,8321826 B 3098,067 10871,306 18735,59 4806,156 14592,74 1769,4098 S 728,7996 12213,418 12439,156 10049,505 4395,818 4479,576
1,8314329 B 3098,067 10871,306 18735,59 4806,156 14592,74 1769,4098 S 728,7996 12213,418 12439,156 10049,505 4395,818 4479,576
1,830012 B 3098,067 10871,306 18735,59 4806,156 14592,74 1769,4098 S 728,7996 12213,418 12439,156 10049,505 4395,818 4479,576
1,8300002 B 3098,067 10871,306 18735,59 4806,156 14592,74 1769,4098 S 728,7996 12213,418 12439,156 10049,505 4395,818 4479,576
1,83 B 3098,067 10871,306 18735,59 4806,156 14592,74 1769,4098 S 728,7996 12213,418 12439,156 10049,505 4395,818 4479,576
1,8299998 B 3098,067 10871,306 18735,59 4806,156 14592,74 1769,4098 S 728,7996 12213,418 12439,156 10049,505 4395,818 4479,576
1,8300002 B 3098,067 10871,306 18735,59 4806,156 14592,74 1769,4098 S 728,7996 12213,418 12439,156 10049,505 4395,818 4479,576
1,8300005 B 3098,067 10871,306 18735,59 4806,156 14592,74 1769,4098 S 728,7996 12213,418 12439,156 10049,505 4395,818 4479,576
1,8300002 B 3098,067 10871,306 18735,59 4806,156 14592,74 1769,4098 S 728,7996 12213,418 12439,156 10049,505 4395,818 4479,576
1,8299997 B 3098,067 10871,306 18735,59 4806,156 14592,74 1769,4098 S 728,7996 12213,418 12439,156 10049,505 4395,818 4479,576
1,8300002 B 3098,067 10871,306 18735,59 4806,156 14592,74 1769,4098 S 728,7996 12213,418 12439,156 10049,505 4395,818 4479,576
1,8309834 B 3098,067 10871,306 18735,59 4806,156 14592,74 1769,4098 S 728,7996 12213,418 12439,156 10049,505 4395,818 4479,576
1,8320003 B 3098,067 10871,306 18735,59 4806,156 14592,74 1769,4098 S 728,7996 12213,418 12439,156 10049,505 4395,818 4479,576
1,8320004 B 3098,067 10871,306 18735,59 4806,156 14592,74 1769,4098 S 728,7996 12213,418 12439,156 10049,505 4395,818 4479,576
1,8319999 B 3098,067 10871,306 18735,59 4806,156 14592,74 1769,4098 S 728,7996 12213,418 12439,156 10049,505 4395,818 4479,576
1,8320003 B 3098,067 10871,306 18735,59 4806,156 14592,74 1769,4098 S 728,7996 12213,418 12439,156 10049,505 4395,818 4479,576
1,8319496 B 3098,067 10871,306 18735,59 4806,156 14592,74 1769,4098 S 728,7996 12213,418 12439,156 10049,505 4395,818 4479,576
1,8309993 B 3098,067 10871,306 18735,59 4806,156 14592,74 1769,4098 S 728,7996 12213,418 12439,156 10049,505 4395,818 4479,576
1,8309993 B 3098,067 10871,306 18735,59 4806,156 14592,74 1769,4098 S 728,7996 12213,418 12439,156 10049,505 4395,818 4479,576
1,8309994 B 3098,067 10871,306 18735,59 4806,156 14592,74 1769,4098 S 728,7996 12213,418 12439,156 10049,505 4395,818 4479,576
1,8300561 B 3098,067 10871,306 18735,59 4806,156 14592,74 1769,4098 S 728,7996 12213,418 12439,156 10049,505 4395,818 4479,576
1,8299998 B 3098,067 10871,306 18735,59 4806,156 14592,74 1769,4098 S 728,7996 12213,418 12439,156 10049,505 4395,818 4479,576
1,8299997 B 3098,067 10871,306 18735,59 4806,156 14592,74 1769,4098 S 728,7996 12213,418 12439,156 10049,505 4395,818 4479,576
1,8294731 B 3098,067 10871,306 18735,59 4806,156 14592,74 1769,4098 S 728,7996 12213,418 12439,156 10049,505 4395,818 4479,576
1,828788 B 3098,067 10871,306 18735,59 4806,156 14592,74 1769,4098 S 728,7996 12213,418 12439,156 10049,505 4395,818 4479,576
1,8279998 B 3098,067 10871,306 18735,59 4806,156 14592,74 1769,4098 S 728,7996 12213,418 12439,156 10049,505 4395,818 4479,576
1,826854 B 3098,067 10871,306 18735,59 4806,156 14592,74 1769,4098 S 728,7996 12213,418 12439,156 10049,505 4395,818 4479,576
1,8251816 B 3098,067 10871,306 18735,59 4806,156 14592,74 1769,4098 S 728,7996 12213,418 12439,156 10049,505 4395,818 4479,576
1,8251357 B 3098,067 10871,306 18735,59 4806,156 14592,74 1769,4098 S 728,7996 12213,418 12439,156 10049,505 4395,818 4479,576
1,825809 B 3098,067 10871,306 18735,59 4806,156 14592,74 1769,4098 S 728,7996 12213,418 12439,156 10049,505 4395,818 4479,576
1,8239998 B 3098,067 10871,306 18735,59 4806,156 14592,74 1769,4098 S 728,7996 12213,418 12439,156 10049,505 4395,818 4479,576
1,8240002 B 3098,067 10871,306 18735,59 4806,156 14592,74 1769,4098 S 728,7996 12213,418 12439,156 10049,505 4395,818 4479,576
1,8251699 B 3098,067 10871,306 18735,59 4806,156 14592,74 1769,4098 S 728,7996 12213,418 12439,156 10049,505 4395,818 4479,576
1,8260002 B 3098,067 10871,306 18735,59 4806,156 14592,74 1769,4098 S 728,7996 12213,418 12439,156 10049,505 4395,818 4479,576
1,8259999 B 3098,067 10871,306 18735,59 4806,156 14592,74 1769,4098 S 728,7996 12213,418 12439,156 10049,505 4395,818 4479,576
1,8259999 B 3098,067 10871,306 18735,59 4806,156 14592,74 1769,4098 S 728,7996 12213,418 12439,156 10049,505 4395,818 4479,576
1,8260005 B 3098,067 10871,306 18735,59 4806,156 14592,74 1769,4098 S 728,7996 12213,418 12439,156 10049,505 4395,818 4479,576
1,8259999 B 3098,067 10871,306 18735,59 4806,156 14592,74 1769,4098 S 728,7996 12213,418 12439,156 10049,505 4395,818 4479,576
1,8260002 B 3098,067 10871,306 18735,59 4806,156 14592,74 1769,4098 S 728,7996 12213,418 12439,156 10049,505 4395,818 4479,576
1,8260001 B 3098,067 10871,306 18735,59 4806,156 14592,74 1769,4098 S 728,7996 12213,418 12439,156 10049,505 4395,818 4479,576
1,826 B 3098,067 10871,306 18735,59 4806,156 14592,74 1769,4098 S 728,7996 12213,418 12439,156 10049,505 4395,818 4479,576
1,8260006 B 3098,067 10871,306 18735,59 4806,156 14592,74 1769,4098 S 728,7996 12213,418 12439,156 10049,505 4395,818 4479,576
1,8260002 B 3098,067 10871,306 18735,59 4806,156 14592,74 1769,4098 S 728,7996 12213,418 12439,156 10049,505 4395,818 4479,576
1,8260001 B 3098,067 10871,306 18735,59 4806,156 14592,74 1769,4098 S 728,7996 12213,418 12439,156 10049,505 4395,818 4479,576
1,8259995 B 3098,067 10871,306 18735,59 4806,156 14592,74 1769,4098 S 728,7996 12213,418 12439,156 10049,505 4395,818 4479,576
1,8260002 B 3098,067 10871,306 18735,59 4806,156 14592,74 1769,4098 S 728,7996 12213,418 12439,156 10049,505 4395,818 4479,576
1,8260001 B 3098,067 10871,306 18735,59 4806,156 14592,74 1769,4098 S 728,7996 12213,418 12439,156 10049,505 4395,818 4479,576
1,8260002 B 3098,067 10871,306 18735,59 4806,156 14592,74 1769,4098 S 728,7996 12213,418 12439,156 10049,505 4395,818 4479,576
1,8259999 B 3098,067 10871,306 18735,59 4806,156 14592,74 1769,4098 S 728,7996 12213,418 12439,156 10049,505 4395,818 4479,576
1,8259996 B 3098,067 10871,306 18735,59 4806,156 14592,74 1769,4098 S 728,7996 12213,418 12439,156 10049,505 4395,818 4479,576
1,8260003 B 3098,067 10871,306 18735,59 4806,156 14592,74 1769,4098 S 728,7996 12213,418 12439,156 10049,505 4395,818 4479,576
1,8267936 B 3098,067 10871,306 18735,59 4806,156 14592,74 1769,4098 S 728,7996 12213,418 12439,156 10049,505 4395,818 4479,576
1,8260096 B 3098,067 10871,306 18735,59 4806,156 14592,74 1769,4098 S 728,7996 12213,418 12439,156 10049,505 4395,818 4479,576
1,8258941 B 3098,067 10871,306 18735,59 4806,156 14592,74 1769,4098 S 728,7996 12213,418 12439,156 10049,505 4395,818 4479,576
1,8259999 B 3098,067 10871,306 18735,59 4806,156 14592,74 1769,4098 S 728,7996 12213,418 12439,156 10049,505 4395,818 4479,576
1,8271829 B 3098,067 10871,306 18735,59 4806,156 14592,74 1769,4098 S 728,7996 12213,418 12439,156 10049,505 4395,818 4479,576
1,828 B 3098,067 10871,306 18735,59 4806,156 14592,74 1769,4098 S 728,7996 12213,418 12439,156 10049,505 4395,818 4479,576
1,8280004 B 3098,067 10871,306 18735,59 4806,156 14592,74 1769,4098 S 728,7996 12213,418 12439,156 10049,505 4395,818 4479,576
1,8280004 B 3098,067 10871,306 18735,59 4806,156 14592,74 1769,4098 S 728,7996 12213,418 12439,156 10049,505 4395,818 4479,576
1,8280002 B 3098,067 10871,306 18735,59 4806,156 14592,74 1769,4098 S 728,7996 12213,418 12439,156 10049,505 4395,818 4479,576
1,8280004 B 3098,067 10871,306 18735,59 4806,156 14592,74 1769,4098 S 728,7996 12213,418 12439,156 10049,505 4395,818 4479,576
1,8280003 B 3098,067 10871,306 18735,59 4806,156 14592,74 1769,4098 S 728,7996 12213,418 12439,156 10049,505 4395,818 4479,576
1,8279998 B 3098,067 10871,306 18735,59 4806,156 14592,74 1769,4098 S 728,7996 12213,418 12439,156 10049,505 4395,818 4479,576
1,8279996 B 3098,067 10871,306 18735,59 4806,156 14592,74 1769,4098 S 728,7996 12213,418 12439,156 10049,505 4395,818 4479,576
1,8279995 B 3098,067 10871,306 18735,59 4806,156 14592,74 1769,4098 S 728,7996 12213,418 12439,156 10049,505 4395,818 4479,576
1,828 B 3098,067 10871,306 18735,59 4806,156 14592,74 1769,4098 S 728,7996 12213,418 12439,156 10049,505 4395,818 4479,576
1,8280002 B 3098,067 10871,306 18735,59 4806,156 14592,74 1769,4098 S 728,7996 12213,418 12439,156 10049,505 4395,818 4479,576
1,8279998 B 3098,067 10871,306 18735,59 4806,156 14592,74 1769,4098 S 728,7996 12213,418 12439,156 10049,505 4395,818 4479,576
1,8280004 B 3098,067 10871,306 18735,59 4806,156 14592,74 1769,4098 S 728,7996 12213,418 12439,156 10049,505 4395,818 4479,576
1,8279998 B 3098,067 10871,306 18735,59 4806,156 14592,74 1769,4098 S 728,7996 12213,418 12439,156 10049,505 4395,818 4479,576
1,8280789 B 3098,067 10871,306 18735,59 4806,156 14592,74 1769,4098 S 728,7996 12213,418 12439,156 10049,505 4395,818 4479,576
1,8289258 B 3098,067 10871,306 18735,59 4806,156 14592,74 1769,4098 S 728,7996 12213,418 12439,156 10049,505 4395,818 4479,576
1,828 B 3098,067 10871,306 18735,59 4806,156 14592,74 1769,4098 S 728,7996 12213,418 12439,156 10049,505 4395,818 4479,576
1,8289306 B 3098,067 10871,306 18735,59 4806,156 14592,74 1769,4098 S 728,7996 12213,418 12439,156 10049,505 4395,818 4479,576
1,829 B 3098,067 10871,306 18735,59 4806,156 14592,74 1769,4098 S 728,7996 12213,418 12439,156 10049,505 4395,818 4479,576
1,8289998 B 3098,067 10871,306 18735,59 4806,156 14592,74 1769,4098 S 728,7996 12213,418 12439,156 10049,505 4395,818 4479,576
1,8295805 B 3098,067 10871,306 18735,59 4806,156 14592,74 1769,4098 S 728,7996 12213,418 12439,156 10049,505 4395,818 4479,576
1,8299996 B 3098,067 10871,306 18735,59 4806,156 14592,74 1769,4098 S 728,7996 12213,418 12439,156 10049,505 4395,818 4479,576
1,83 B 3098,067 10871,306 18735,59 4806,156 14592,74 1769,4098 S 728,7996 12213,418 12439,156 10049,505 4395,818 4479,576
1,8300008 B 3098,067 10871,306 18735,59 4806,156 14592,74 1769,4098 S 728,7996 12213,418 12439,156 10049,505 4395,818 4479,576
1,8299994 B 3098,067 10871,306 18735,59 4806,156 14592,74 1769,4098 S 728,7996 12213,418 12439,156 10049,505 4395,818 4479,576
1,83 B 3098,067 10871,306 18735,59 4806,156 14592,74 1769,4098 S 728,7996 12213,418 12439,156 10049,505 4395,818 4479,576
1,8300002 B 3098,067 10871,306 18735,59 4806,156 14592,74 1769,4098 S 728,7996 12213,418 12439,156 10049,505 4395,818 4479,576
1,8299998 B 3098,067 10871,306 18735,59 4806,156 14592,74 1769,4098 S 728,7996 12213,418 12439,156 10049,505 4395,818 4479,576
1,8300003 B 3098,067 10871,306 18735,59 4806,156 14592,74 1769,4098 S 728,7996 12213,418 12439,156 10049,505 4395,818 4479,576
1,8300006 B 3098,067 10871,306 18735,59 4806,156 14592,74 1769,4098 S 728,7996 12213,418 12439,156 10049,505 4395,818 4479,576
1,8300005 B 3098,067 10871,306 18735,59 4806,156 14592,74 1769,4098 S 728,7996 12213,418 12439,156 10049,505 4395,818 4479,576
1,8300004 B 3098,067 10871,306 18735,59 4806,156 14592,74 1769,4098 S 728,7996 12213,418 12439,156 10049,505 4395,818 4479,576
1,8299999 B 3098,067 10871,306 18735,59 4806,156 14592,74 1769,4098 S 728,7996 12213,418 12439,156 10049,505 4395,818 4479,576
1,8300004 B 3098,067 10871,306 18735,59 4806,156 14592,74 1769,4098 S 728,7996 12213,418 12439,156 10049,505 4395,818 4479,576
1,8299999 B 3098,067 10871,306 18735,59 4806,156 14592,74 1769,4098 S 728,7996 12213,418 12439,156 10049,505 4395,818 4479,576
1,8318877 B 3098,067 10871,306 18735,59 4806,156 14592,74 1769,4098 S 728,7996 12213,418 12439,156 10049,505 4395,818 4479,576
1,8319995 B 3098,067 10871,306 18735,59 4806,156 14592,74 1769,4098 S 728,7996 12213,418 12439,156 10049,505 4395,818 4479,576
1,832 B 3098,067 10871,306 18735,59 4806,156 14592,74 1769,4098 S 728,7996 12213,418 12439,156 10049,505 4395,818 4479,576
1,8320001 B 3098,067 10871,306 18735,59 4806,156 14592,74 1769,4098 S 728,7996 12213,418 12439,156 10049,505 4395,818 4479,576
1,8320001 B 3098,067 10871,306 18735,59 4806,156 14592,74 1769,4098 S 728,7996 12213,418 12439,156 10049,505 4395,818 4479,576
1,8320003 B 3098,067 10871,306 18735,59 4806,156 14592,74 1769,4098 S 728,7996 12213,418 12439,156 10049,505 4395,818 4479,576
1,8320001 B 3098,067 10871,306 18735,59 4806,156 14592,74 1769,4098 S 728,7996 12213,418 12439,156 10049,505 4395,818 4479,576
1,8320005 B 3098,067 10871,306 18735,59 4806,156 14592,74 1769,4098 S 728,7996 12213,418 12439,156 10049,505 4395,818 4479,576
1,8320004 B 3098,067 10871,306 18735,59 4806,156 14592,74 1769,4098 S 728,7996 12213,418 12439,156 10049,505 4395,818 4479,576
1,832 B 3098,067 10871,306 18735,59 4806,156 14592,74 1769,4098 S 728,7996 12213,418 12439,156 10049,505 4395,818 4479,576
1,8320001 B 3098,067 10871,306 18735,59 4806,156 14592,74 1769,4098 S 728,7996 12213,418 12439,156 10049,505 4395,818 4479,576
1,8320006 B 3098,067 10871,306 18735,59 4806,156 14592,74 1769,4098 S 728,7996 12213,418 12439,156 10049,505 4395,818 4479,576
1,8310074 B 3098,067 10871,306 18735,59 4806,156 14592,74 1769,4098 S 728,7996 12213,418 12439,156 10049,505 4395,818 4479,576
1,8310002 B 3098,067 10871,306 18735,59 4806,156 14592,74 1769,4098 S 728,7996 12213,418 12439,156 10049,505 4395,818 4479,576
1,8309997 B 3098,067 10871,306 18735,59 4806,156 14592,74 1769,4098 S 728,7996 12213,418 12439,156 10049,505 4395,818 4479,576
1,8309993 B 3098,067 10871,306 18735,59 4806,156 14592,74 1769,4098 S 728,7996 12213,418 12439,156 10049,505 4395,818 4479,576
1,831 B 3098,067 10871,306 18735,59 4806,156 14592,74 1769,4098 S 728,7996 12213,418 12439,156 10049,505 4395,818 4479,576
1,8309995 B 3098,067 10871,306 18735,59 4806,156 14592,74 1769,4098 S 728,7996 12213,418 12439,156 10049,505 4395,818 4479,576
1,8309996 B 3098,067 10871,306 18735,59 4806,156 14592,74 1769,4098 S 728,7996 12213,418 12439,156 10049,505 4395,818 4479,576
1,8310002 B 3098,067 10871,306 18735,59 4806,156 14592,74 1769,4098 S 728,7996 12213,418 12439,156 10049,505 4395,818 4479,576
1,8310004 B 3098,067 10871,306 18735,59 4806,156 14592,74 1769,4098 S 728,7996 12213,418 12439,156 10049,505 4395,818 4479,576
1,831 B 3098,067 10871,306 18735,59 4806,156 14592,74 1769,4098 S 728,7996 12213,418 12439,156 10049,505 4395,818 4479,576
1,8305969 B 3098,067 10871,306 18735,59 4806,156 14592,74 1769,4098 S 728,7996 12213,418 12439,156 10049,505 4395,818 4479,576
1,8300005 B 3098,067 10871,306 18735,59 4806,156 14592,74 1769,4098 S 728,7996 12213,418 12439,156 10049,505 4395,818 4479,576
1,8299999 B 3098,067 10871,306 18735,59 4806,156 14592,74 1769,4098 S 728,7996 12213,418 12439,156 10049,505 4395,818 4479,576
1,8300003 B 3098,067 10871,306 18735,59 4806,156 14592,74 1769,4098 S 728,7996 12213,418 12439,156 10049,505 4395,818 4479,576
1,8300005 B 3098,067 10871,306 18735,59 4806,156 14592,74 1769,4098 S 728,7996 12213,418 12439,156 10049,505 4395,818 4479,576
1,8300006 B 3098,067 10871,306 18735,59 4806,156 14592,74 1769,4098 S 728,7996 12213,418 12439,156 10049,505 4395,818 4479,576
1,8299999 B 3098,067 10871,306 18735,59 4806,156 14592,74 1769,4098 S 728,7996 12213,418 12439,156 10049,505 4395,818 4479,576
1,83 B 3098,067 10871,306 18735,59 4806,156 14592,74 1769,4098 S 728,7996 12213,418 12439,156 10049,505 4395,818 4479,576
1,8300003 B 3098,067 10871,306 18735,59 4806,156 14592,74 1769,4098 S 728,7996 12213,418 12439,156 10049,505 4395,818 4479,576
1,8300006 B 3098,067 10871,306 18735,59 4806,156 14592,74 1769,4098 S 728,7996 12213,418 12439,156 10049,505 4395,818 4479,576
1,8300005 B 3098,067 10871,306 18735,59 4806,156 14592,74 1769,4098 S 728,7996 12213,418 12439,156 10049,505 4395,818 4479,576
1,8300004 B 3098,067 10871,306 18735,59 4806,156 14592,74 1769,4098 S 728,7996 12213,418 12439,156 10049,505 4395,818 4479,576
1,8300002 B 3098,067 10871,306 18735,59 4806,156 14592,74 1769,4098 S 728,7996 12213,418 12439,156 10049,505 4395,818 4479,576
1,8299999 B 3098,067 10871,306 18735,59 4806,156 14592,74 1769,4098 S 728,7996 12213,418 12439,156 10049,505 4395,818 4479,576
1,8299998 B 3098,067 10871,306 18735,59 4806,156 14592,74 1769,4098 S 728,7996 12213,418 12439,156 10049,505 4395,818 4479,576
1,83 B 3098,067 10871,306 18735,59 4806,156 14592,74 1769,4098 S 728,7996 12213,418 12439,156 10049,505 4395,818 4479,576
1,8299999 B 3098,067 10871,306 18735,59 4806,156 14592,74 1769,4098 S 728,7996 12213,418 12439,156 10049,505 4395,818 4479,576
1,8299999 B 3098,067 10871,306 18735,59 4806,156 14592,74 1769,4098 S 728,7996 12213,418 12439,156 10049,505 4395,818 4479,576
1,8299996 B 3098,067 10871,306 18735,59 4806,156 14592,74 1769,4098 S 728,7996 12213,418 12439,156 10049,505 4395,818 4479,576
1,8299998 B 3098,067 10871,306 18735,59 4806,156 14592,74 1769,4098 S 728,7996 12213,418 12439,156 10049,505 4395,818 4479,576
1,8298773 B 3098,067 10871,306 18735,59 4806,156 14592,74 1769,4098 S 728,7996 12213,418 12439,156 10049,505 4395,818 4479,576
1,8289999 B 3098,067 10871,306 18735,59 4806,156 14592,74 1769,4098 S 728,7996 12213,418 12439,156 10049,505 4395,818 4479,576
1,8289999 B 3098,067 10871,306 18735,59 4806,156 14592,74 1769,4098 S 728,7996 12213,418 12439,156 10049,505 4395,818 4479,576
1,8290006 B 3098,067 10871,306 18735,59 4806,156 14592,74 1769,4098 S 728,7996 12213,418 12439,156 10049,505 4395,818 4479,576
1,8290004 B 3098,067 10871,306 18735,59 4806,156 14592,74 1769,4098 S 728,7996 12213,418 12439,156 10049,505 4395,818 4479,576
1,8290001 B 3098,067 10871,306 18735,59 4806,156 14592,74 1769,4098 S 728,7996 12213,418 12439,156 10049,505 4395,818 4479,576
1,8290001 B 3098,067 10871,306 18735,59 4806,156 14592,74 1769,4098 S 728,7996 12213,418 12439,156 10049,505 4395,818 4479,576
1,8290002 B 3098,067 10871,306 18735,59 4806,156 14592,74 1769,4098 S 728,7996 12213,418 12439,156 10049,505 4395,818 4479,576
1,8290001 B 3098,067 10871,306 18735,59 4806,156 14592,74 1769,4098 S 728,7996 12213,418 12439,156 10049,505 4395,818 4479,576
1,829 B 3098,067 10871,306 18735,59 4806,156 14592,74 1769,4098 S 728,7996 12213,418 12439,156 10049,505 4395,818 4479,576
