1,8111613
1,8170003 B 1732,4313 4255,25 11940,598 10715,265 5515,188 15320,442 S 2322,9517 14883,527 4326,031 3368,7585 10959,377 985,3062
1,8184792 B 1732,4313 4255,25 11940,598 10715,265 5515,188 15320,442 S 2322,9517 14883,527 4326,031 3368,7585 10959,377 985,3062
1,8190002 B 1732,4313 4255,25 11940,598 10715,265 5515,188 15320,442 S 2322,9517 14883,527 4326,031 3368,7585 10959,377 985,3062
1,8189999 B 1732,4313 4255,25 11940,598 10715,265 5515,188 15320,442 S 2322,9517 14883,527 4326,031 3368,7585 10959,377 985,3062
1,8190001 B 1732,4313 4255,25 11940,598 10715,265 5515,188 15320,442 S 2322,9517 14883,527 4326,031 3368,7585 10959,377 985,3062
1,819 B 1732,4313 4255,25 11940,598 10715,265 5515,188 15320,442 S 2322,9517 14883,527 4326,031 3368,7585 10959,377 985,3062
1,8189996 B 1732,4313 4255,25 11940,598 10715,265 5515,188 15320,442 S 2322,9517 14883,527 4326,031 3368,7585 10959,377 985,3062
1,8190006 B 1732,4313 4255,25 11940,598 10715,265 5515,188 15320,442 S 2322,9517 14883,527 4326,031 3368,7585 10959,377 985,3062
1,8189998 B 1732,4313 4255,25 11940,598 10715,265 5515,188 15320,442 S 2322,9517 14883,527 4326,031 3368,7585 10959,377 985,3062
1,819 B 1732,4313 4255,25 11940,598 10715,265 5515,188 15320,442 S 2322,9517 14883,527 4326,031 3368,7585 10959,377 985,3062
1,8189998 B 1732,4313 4255,25 11940,598 10715,265 5515,188 15320,442 S 2322,9517 14883,527 4326,031 3368,7585 10959,377 985,3062
1,8190004 B 1732,4313 4255,25 11940,598 10715,265 5515,188 15320,442 S 2322,9517 14883,527 4326,031 3368,7585 10959,377 985,3062
1,8189995 B 1732,4313 4255,25 11940,598 10715,265 5515,188 15320,442 S 2322,9517 14883,527 4326,031 3368,7585 10959,377 985,3062
1,8194869 B 1732,4313 4255,25 11940,598 10715,265 5515,188 15320,442 S 2322,9517 14883,527 4326,031 3368,7585 10959,377 985,3062
1,8210002 B 1732,4313 4255,25 11940,598 10715,265 5515,188 15320,442 S 2322,9517 14883,527 4326,031 3368,7585 10959,377 985,3062
1,8210003 B 1732,4313 4255,25 11940,598 10715,265 5515,188 15320,442 S 2322,9517 14883,527 4326,031 3368,7585 10959,377 985,3062
1,8210006 B 1732,4313 4255,25 11940,598 10715,265 5515,188 15320,442 S 2322,9517 14883,527 4326,031 3368,7585 10959,377 985,3062
1,8209997 B 1732,4313 4255,25 11940,598 10715,265 5515,188 15320,442 S 2322,9517 14883,527 4326,031 3368,7585 10959,377 985,3062
1,8210005 B 1732,4313 4255,25 11940,598 10715,265 5515,188 15320,442 S 2322,9517 14883,527 4326,031 3368,7585 10959,377 985,3062
1,8209999 B 1732,4313 4255,25 11940,598 10715,265 5515,188 15320,442 S 2322,9517 14883,527 4326,031 3368,7585 10959,377 985,3062
1,820564 B 1732,4313 4255,25 11940,598 10715,265 5515,188 15320,442 S 2322,9517 14883,527 4326,031 3368,7585 10959,377 985,3062
1,8200002 B 1732,4313 4255,25 11940,598 10715,265 5515,188 15320,442 S 2322,9517 14883,527 4326,031 3368,7585 10959,377 985,3062
1,8197696 B 1732,4313 4255,25 11940,598 10715,265 5515,188 15320,442 S 2322,9517 14883,527 4326,031 3368,7585 10959,377 985,3062
1,8190002 B 1732,4313 4255,25 11940,598 10715,265 5515,188 15320,442 S 2322,9517 14883,527 4326,031 3368,7585 10959,377 985,3062
1,8190005 B 1732,4313 4255,25 11940,598 10715,265 5515,188 15320,442 S 2322,9517 14883,527 4326,031 3368,7585 10959,377 985,3062
1,8189996 B 1732,4313 4255,25 11940,598 10715,265 5515,188 15320,442 S 2322,9517 14883,527 4326,031 3368,7585 10959,377 985,3062
1,8190001 B 1732,4313 4255,25 11940,598 10715,265 5515,188 15320,442 S 2322,9517 14883,527 4326,031 3368,7585 10959,377 985,3062
1,8189998 B 1732,4313 4255,25 11940,598 10715,265 5515,188 15320,442 S 2322,9517 14883,527 4326,031 3368,7585 10959,377 985,3062
1,8190005 B 1732,4313 4255,25 11940,598 10715,265 5515,188 15320,442 S 2322,9517 14883,527 4326,031 3368,7585 10959,377 985,3062
1,8189996 B 1732,4313 4255,25 11940,598 10715,265 5515,188 15320,442 S 2322,9517 14883,527 4326,031 3368,7585 10959,377 985,3062
1,8190002 B 1732,4313 4255,25 11940,598 10715,265 5515,188 15320,442 S 2322,9517 14883,527 4326,031 3368,7585 10959,377 985,3062
1,8190001 B 1732,4313 4255,25 11940,598 10715,265 5515,188 15320,442 S 2322,9517 14883,527 4326,031 3368,7585 10959,377 985,3062
1,8190006 B 1732,4313 4255,25 11940,598 10715,265 5515,188 15320,442 S 2322,9517 14883,527 4326,031 3368,7585 10959,377 985,3062
1,8190001 B 1732,4313 4255,25 11940,598 10715,265 5515,188 15320,442 S 2322,9517 14883,527 4326,031 3368,7585 10959,377 985,3062
1,8190005 B 1732,4313 4255,25 11940,598 10715,265 5515,188 15320,442 S 2322,9517 14883,527 4326,031 3368,7585 10959,377 985,3062
1,8189998 B 1732,4313 4255,25 11940,598 10715,265 5515,188 15320,442 S 2322,9517 14883,527 4326,031 3368,7585 10959,377 985,3062
1,8190002 B 1732,4313 4255,25 11940,598 10715,265 5515,188 15320,442 S 2322,9517 14883,527 4326,031 3368,7585 10959,377 985,3062
1,819 B 1732,4313 4255,25 11940,598 10715,265 5515,188 15320,442 S 2322,9517 14883,527 4326,031 3368,7585 10959,377 985,3062
1,8189998 B 1732,4313 4255,25 11940,598 10715,265 5515,188 15320,442 S 2322,9517 14883,527 4326,031 3368,7585 10959,377 985,3062
1,8189999 B 1732,4313 4255,25 11940,598 10715,265 5515,188 15320,442 S 2322,9517 14883,527 4326,031 3368,7585 10959,377 985,3062
1,8188708 B 1732,4313 4255,25 11940,598 10715,265 5515,188 15320,442 S 2322,9517 14883,527 4326,031 3368,7585 10959,377 985,3062
1,8169991 B 1732,4313 4255,25 11940,598 10715,265 5515,188 15320,442 S 2322,9517 14883,527 4326,031 3368,7585 10959,377 985,3062
1,8155338 B 1732,4313 4255,25 11940,598 10715,265 5515,188 15320,442 S 2322,9517 14883,527 4326,031 3368,7585 10959,377 985,3062
1,814692 B 1732,4313 4255,25 11940,598 10715,265 5515,188 15320,442 S 2322,9517 14883,527 4326,031 3368,7585 10959,377 985,3062
1,8139999 B 1732,4313 4255,25 11940,598 10715,265 5515,188 15320,442 S 2322,9517 14883,527 4326,031 3368,7585 10959,377 985,3062
1,8140006 B 1732,4313 4255,25 11940,598 10715,265 5515,188 15320,442 S 2322,9517 14883,527 4326,031 3368,7585 10959,377 985,3062
1,8139999 B 1732,4313 4255,25 11940,598 10715,265 5515,188 15320,442 S 2322,9517 14883,527 4326,031 3368,7585 10959,377 985,3062
1,8139997 B 1732,4313 4255,25 11940,598 10715,265 5515,188 15320,442 S 2322,9517 14883,527 4326,031 3368,7585 10959,377 985,3062
1,8139999 B 1732,4313 4255,25 11940,598 10715,265 5515,188 15320,442 S 2322,9517 14883,527 4326,031 3368,7585 10959,377 985,3062
1,8132904 B 1732,4313 4255,25 11940,598 10715,265 5515,188 15320,442 S 2322,9517 14883,527 4326,031 3368,7585 10959,377 985,3062
1,8124055 B 1732,4313 4255,25 11940,598 10715,265 5515,188 15320,442 S 2322,9517 14883,527 4326,031 3368,7585 10959,377 985,3062
1,8120003 B 1732,4313 4255,25 11940,598 10715,265 5515,188 15320,442 S 2322,9517 14883,527 4326,031 3368,7585 10959,377 985,3062
1,8119998 B 1732,4313 4255,25 11940,598 10715,265 5515,188 15320,442 S 2322,9517 14883,527 4326,031 3368,7585 10959,377 985,3062
1,8119997 B 1732,4313 4255,25 11940,598 10715,265 5515,188 15320,442 S 2322,9517 14883,527 4326,031 3368,7585 10959,377 985,3062
1,8119999 B 1732,4313 4255,25 11940,598 10715,265 5515,188 15320,442 S 2322,9517 14883,527 4326,031 3368,7585 10959,377 985,3062
1,812 B 1732,4313 4255,25 11940,598 10715,265 5515,188 15320,442 S 2322,9517 14883,527 4326,031 3368,7585 10959,377 985,3062
1,8120002 B 1732,4313 4255,25 11940,598 10715,265 5515,188 15320,442 S 2322,9517 14883,527 4326,031 3368,7585 10959,377 985,3062
1,8119996 B 1732,4313 4255,25 11940,598 10715,265 5515,188 15320,442 S 2322,9517 14883,527 4326,031 3368,7585 10959,377 985,3062
1,812 B 1732,4313 4255,25 11940,598 10715,265 5515,188 15320,442 S 2322,9517 14883,527 4326,031 3368,7585 10959,377 985,3062
1,8120002 B 1732,4313 4255,25 11940,598 10715,265 5515,188 15320,442 S 2322,9517 14883,527 4326,031 3368,7585 10959,377 985,3062
1,8119992 B 1732,4313 4255,25 11940,598 10715,265 5515,188 15320,442 S 2322,9517 14883,527 4326,031 3368,7585 10959,377 985,3062
1,812 B 1732,4313 4255,25 11940,598 10715,265 5515,188 15320,442 S 2322,9517 14883,527 4326,031 3368,7585 10959,377 985,3062
1,8119996 B 1732,4313 4255,25 11940,598 10715,265 5515,188 15320,442 S 2322,9517 14883,527 4326,031 3368,7585 10959,377 985,3062
1,812 B 1732,4313 4255,25 11940,598 10715,265 5515,188 15320,442 S 2322,9517 14883,527 4326,031 3368,7585 10959,377 985,3062
1,8119996 B 1732,4313 4255,25 11940,598 10715,265 5515,188 15320,442 S 2322,9517 14883,527 4326,031 3368,7585 10959,377 985,3062
1,8119999 B 1732,4313 4255,25 11940,598 10715,265 5515,188 15320,442 S 2322,9517 14883,527 4326,031 3368,7585 10959,377 985,3062
1,8119998 B 1732,4313 4255,25 11940,598 10715,265 5515,188 15320,442 S 2322,9517 14883,527 4326,031 3368,7585 10959,377 985,3062
1,8131512 B 1732,4313 4255,25 11940,598 10715,265 5515,188 15320,442 S 2322,9517 14883,527 4326,031 3368,7585 10959,377 985,3062
1,8143609 B 1732,4313 4255,25 11940,598 10715,265 5515,188 15320,442 S 2322,9517 14883,527 4326,031 3368,7585 10959,377 985,3062
1,8139999 B 1732,4313 4255,25 11940,598 10715,265 5515,188 15320,442 S 2322,9517 14883,527 4326,031 3368,7585 10959,377 985,3062
1,8139999 B 1732,4313 4255,25 11940,598 10715,265 5515,188 15320,442 S 2322,9517 14883,527 4326,031 3368,7585 10959,377 985,3062
1,8140004 B 1732,4313 4255,25 11940,598 10715,265 5515,188 15320,442 S 2322,9517 14883,527 4326,031 3368,7585 10959,377 985,3062
1,8139998 B 1732,4313 4255,25 11940,598 10715,265 5515,188 15320,442 S 2322,9517 14883,527 4326,031 3368,7585 10959,377 985,3062
1,8139999 B 1732,4313 4255,25 11940,598 10715,265 5515,188 15320,442 S 2322,9517 14883,527 4326,031 3368,7585 10959,377 985,3062
1,8140002 B 1732,4313 4255,25 11940,598 10715,265 5515,188 15320,442 S 2322,9517 14883,527 4326,031 3368,7585 10959,377 985,3062
1,8140006 B 1732,4313 4255,25 11940,598 10715,265 5515,188 15320,442 S 2322,9517 14883,527 4326,031 3368,7585 10959,377 985,3062
1,814 B 1732,4313 4255,25 11940,598 10715,265 5515,188 15320,442 S 2322,9517 14883,527 4326,031 3368,7585 10959,377 985,3062
1,8140005 B 1732,4313 4255,25 11940,598 10715,265 5515,188 15320,442 S 2322,9517 14883,527 4326,031 3368,7585 10959,377 985,3062
1,8139997 B 1732,4313 4255,25 11940,598 10715,265 5515,188 15320,442 S 2322,9517 14883,527 4326,031 3368,7585 10959,377 985,3062
1,8140004 B 1732,4313 4255,25 11940,598 10715,265 5515,188 15320,442 S 2322,9517 14883,527 4326,031 3368,7585 10959,377 985,3062
1,8136746 B 1732,4313 4255,25 11940,598 10715,265 5515,188 15320,442 S 2322,9517 14883,527 4326,031 3368,7585 10959,377 985,3062
1,8130003 B 1732,4313 4255,25 11940,598 10715,265 5515,188 15320,442 S 2322,9517 14883,527 4326,031 3368,7585 10959,377 985,3062
1,8130001 B 1732,4313 4255,25 11940,598 10715,265 5515,188 15320,442 S 2322,9517 14883,527 4326,031 3368,7585 10959,377 985,3062
1,8130001 B 1732,4313 4255,25 11940,598 10715,265 5515,188 15320,442 S 2322,9517 14883,527 4326,031 3368,7585 10959,377 985,3062
1,8129997 B 1732,4313 4255,25 11940,598 10715,265 5515,188 15320,442 S 2322,9517 14883,527 4326,031 3368,7585 10959,377 985,3062
1,8130006 B 1732,4313 4255,25 11940,598 10715,265 5515,188 15320,442 S 2322,9517 14883,527 4326,031 3368,7585 10959,377 985,3062
1,8129998 B 1732,4313 4255,25 11940,598 10715,265 5515,188 15320,442 S 2322,9517 14883,527 4326,031 3368,7585 10959,377 985,3062
1,8129997 B 1732,4313 4255,25 11940,598 10715,265 5515,188 15320,442 S 2322,9517 14883,527 4326,031 3368,7585 10959,377 985,3062
1,8129997 B 1732,4313 4255,25 11940,598 10715,265 5515,188 15320,442 S 2322,9517 14883,527 4326,031 3368,7585 10959,377 985,3062
1,8130004 B 1732,4313 4255,25 11940,598 10715,265 5515,188 15320,442 S 2322,9517 14883,527 4326,031 3368,7585 10959,377 985,3062
1,8130004 B 1732,4313 4255,25 11940,598 10715,265 5515,188 15320,442 S 2322,9517 14883,527 4326,031 3368,7585 10959,377 985,3062
1,813 B 1732,4313 4255,25 11940,598 10715,265 5515,188 15320,442 S 2322,9517 14883,527 4326,031 3368,7585 10959,377 985,3062
1,8129998 B 1732,4313 4255,25 11940,598 10715,265 5515,188 15320,442 S 2322,9517 14883,527 4326,031 3368,7585 10959,377 985,3062
1,8129997 B 1732,4313 4255,25 11940,598 10715,265 5515,188 15320,442 S 2322,9517 14883,527 4326,031 3368,7585 10959,377 985,3062
1,8130002 B 1732,4313 4255,25 11940,598 10715,265 5515,188 15320,442 S 2322,9517 14883,527 4326,031 3368,7585 10959,377 985,3062
1,8129998 B 1732,4313 4255,25 11940,598 10715,265 5515,188 15320,442 S 2322,9517 14883,527 4326,031 3368,7585 10959,377 985,3062
1,8136185 B 1732,4313 4255,25 11940,598 10715,265 5515,188 15320,442 S 2322,9517 14883,527 4326,031 3368,7585 10959,377 985,3062
1,8130002 B 1732,4313 4255,25 11940,598 10715,265 5515,188 15320,442 S 2322,9517 14883,527 4326,031 3368,7585 10959,377 985,3062
1,8130004 B 1732,4313 4255,25 11940,598 10715,265 5515,188 15320,442 S 2322,9517 14883,527 4326,031 3368,7585 10959,377 985,3062
1,8129997 B 1732,4313 4255,25 11940,598 10715,265 5515,188 15320,442 S 2322,9517 14883,527 4326,031 3368,7585 10959,377 985,3062
1,8129992 B 1732,4313 4255,25 11940,598 10715,265 5515,188 15320,442 S 2322,9517 14883,527 4326,031 3368,7585 10959,377 985,3062
1,8130002 B 1732,4313 4255,25 11940,598 10715,265 5515,188 15320,442 S 2322,9517 14883,527 4326,031 3368,7585 10959,377 985,3062
1,8122923 B 1732,4313 4255,25 11940,598 10715,265 5515,188 15320,442 S 2322,9517 14883,527 4326,031 3368,7585 10959,377 985,3062
1,8120002 B 1732,4313 4255,25 11940,598 10715,265 5515,188 15320,442 S 2322,9517 14883,527 4326,031 3368,7585 10959,377 985,3062
1,812 B 1732,4313 4255,25 11940,598 10715,265 5515,188 15320,442 S 2322,9517 14883,527 4326,031 3368,7585 10959,377 985,3062
1,8120005 B 1732,4313 4255,25 11940,598 10715,265 5515,188 15320,442 S 2322,9517 14883,527 4326,031 3368,7585 10959,377 985,3062
1,812 B 1732,4313 4255,25 11940,598 10715,265 5515,188 15320,442 S 2322,9517 14883,527 4326,031 3368,7585 10959,377 985,3062
1,8119999 B 1732,4313 4255,25 11940,598 10715,265 5515,188 15320,442 S 2322,9517 14883,527 4326,031 3368,7585 10959,377 985,3062
1,8119991 B 1732,4313 4255,25 11940,598 10715,265 5515,188 15320,442 S 2322,9517 14883,527 4326,031 3368,7585 10959,377 985,3062
1,8119999 B 1732,4313 4255,25 11940,598 10715,265 5515,188 15320,442 S 2322,9517 14883,527 4326,031 3368,7585 10959,377 985,3062
1,8119996 B 1732,4313 4255,25 11940,598 10715,265 5515,188 15320,442 S 2322,9517 14883,527 4326,031 3368,7585 10959,377 985,3062
1,8119997 B 1732,4313 4255,25 11940,598 10715,265 5515,188 15320,442 S 2322,9517 14883,527 4326,031 3368,7585 10959,377 985,3062
1,8119997 B 1732,4313 4255,25 11940,598 10715,265 5515,188 15320,442 S 2322,9517 14883,527 4326,031 3368,7585 10959,377 985,3062
1,8119998 B 1732,4313 4255,25 11940,598 10715,265 5515,188 15320,442 S 2322,9517 14883,527 4326,031 3368,7585 10959,377 985,3062
1,8120004 B 1732,4313 4255,25 11940,598 10715,265 5515,188 15320,442 S 2322,9517 14883,527 4326,031 3368,7585 10959,377 985,3062
1,812 B 1732,4313 4255,25 11940,598 10715,265 5515,188 15320,442 S 2322,9517 14883,527 4326,031 3368,7585 10959,377 985,3062
1,8119998 B 1732,4313 4255,25 11940,598 10715,265 5515,188 15320,442 S 2322,9517 14883,527 4326,031 3368,7585 10959,377 985,3062
1,8106878 B 1732,4313 4255,25 11940,598 10715,265 5515,188 15320,442 S 2322,9517 14883,527 4326,031 3368,7585 10959,377 985,3062
1,8100001 B 1732,4313 4255,25 11940,598 10715,265 5515,188 15320,442 S 2322,9517 14883,527 4326,031 3368,7585 10959,377 985,3062
1,8099995 B 1732,4313 4255,25 11940,598 10715,265 5515,188 15320,442 S 2322,9517 14883,527 4326,031 3368,7585 10959,377 985,3062
1,8099993 B 1732,4313 4255,25 11940,598 10715,265 5515,188 15320,442 S 2322,9517 14883,527 4326,031 3368,7585 10959,377 985,3062
1,8088648 B 1732,4313 4255,25 11940,598 10715,265 5515,188 15320,442 S 2322,9517 14883,527 4326,031 3368,7585 10959,377 985,3062
1,8073627 B 1732,4313 4255,25 11940,598 10715,265 5515,188 15320,442 S 2322,9517 14883,527 4326,031 3368,7585 10959,377 985,3062
1,8079755 B 1732,4313 4255,25 11940,598 10715,265 5515,188 15320,442 S 2322,9517 14883,527 4326,031 3368,7585 10959,377 985,3062
1,8079998 B 1732,4313 4255,25 11940,598 10715,265 5515,188 15320,442 S 2322,9517 14883,527 4326,031 3368,7585 10959,377 985,3062
1,8080536 B 1732,4313 4255,25 11940,598 10715,265 5515,188 15320,442 S 2322,9517 14883,527 4326,031 3368,7585 10959,377 985,3062
1,8090001 B 1732,4313 4255,25 11940,598 10715,265 5515,188 15320,442 S 2322,9517 14883,527 4326,031 3368,7585 10959,377 985,3062
1,8086585 B 1732,4313 4255,25 11940,598 10715,265 5515,188 15320,442 S 2322,9517 14883,527 4326,031 3368,7585 10959,377 985,3062
1,8080003 B 1732,4313 4255,25 11940,598 10715,265 5515,188 15320,442 S 2322,9517 14883,527 4326,031 3368,7585 10959,377 985,3062
1,8079998 B 1732,4313 4255,25 11940,598 10715,265 5515,188 15320,442 S 2322,9517 14883,527 4326,031 3368,7585 10959,377 985,3062
1,8079998 B 1732,4313 4255,25 11940,598 10715,265 5515,188 15320,442 S 2322,9517 14883,527 4326,031 3368,7585 10959,377 985,3062
1,8074076 B 1732,4313 4255,25 11940,598 10715,265 5515,188 15320,442 S 2322,9517 14883,527 4326,031 3368,7585 10959,377 985,3062
1,8060002 B 1732,4313 4255,25 11940,598 10715,265 5515,188 15320,442 S 2322,9517 14883,527 4326,031 3368,7585 10959,377 985,3062
1,8060001 B 1732,4313 4255,25 11940,598 10715,265 5515,188 15320,442 S 2322,9517 14883,527 4326,031 3368,7585 10959,377 985,3062
1,8059998 B 1732,4313 4255,25 11940,598 10715,265 5515,188 15320,442 S 2322,9517 14883,527 4326,031 3368,7585 10959,377 985,3062
1,8060002 B 1732,4313 4255,25 11940,598 10715,265 5515,188 15320,442 S 2322,9517 14883,527 4326,031 3368,7585 10959,377 985,3062
1,805351 B 1732,4313 4255,25 11940,598 10715,265 5515,188 15320,442 S 2322,9517 14883,527 4326,031 3368,7585 10959,377 985,3062
1,8050008 B 1732,4313 4255,25 11940,598 10715,265 5515,188 15320,442 S 2322,9517 14883,527 4326,031 3368,7585 10959,377 985,3062
1,8050002 B 1732,4313 4255,25 11940,598 10715,265 5515,188 15320,442 S 2322,9517 14883,527 4326,031 3368,7585 10959,377 985,3062
1,8040273 B 1732,4313 4255,25 11940,598 10715,265 5515,188 15320,442 S 2322,9517 14883,527 4326,031 3368,7585 10959,377 985,3062
1,804147 B 1732,4313 4255,25 11940,598 10715,265 5515,188 15320,442 S 2322,9517 14883,527 4326,031 3368,7585 10959,377 985,3062
1,8060001 B 1732,4313 4255,25 11940,598 10715,265 5515,188 15320,442 S 2322,9517 14883,527 4326,031 3368,7585 10959,377 985,3062
1,8059996 B 1732,4313 4255,25 11940,598 10715,265 5515,188 15320,442 S 2322,9517 14883,527 4326,031 3368,7585 10959,377 985,3062
1,8060001 B 1732,4313 4255,25 11940,598 10715,265 5515,188 15320,442 S 2322,9517 14883,527 4326,031 3368,7585 10959,377 985,3062
1,806 B 1732,4313 4255,25 11940,598 10715,265 5515,188 15320,442 S 2322,9517 14883,527 4326,031 3368,7585 10959,377 985,3062
1,8060002 B 1732,4313 4255,25 11940,598 10715,265 5515,188 15320,442 S 2322,9517 14883,527 4326,031 3368,7585 10959,377 985,3062
1,806 B 1732,4313 4255,25 11940,598 10715,265 5515,188 15320,442 S 2322,9517 14883,527 4326,031 3368,7585 10959,377 985,3062
1,8060005 B 1732,4313 4255,25 11940,598 10715,265 5515,188 15320,442 S 2322,9517 14883,527 4326,031 3368,7585 10959,377 985,3062
1,8059996 B 1732,4313 4255,25 11940,598 10715,265 5515,188 15320,442 S 2322,9517 14883,527 4326,031 3368,7585 10959,377 985,3062
1,8059998 B 1732,4313 4255,25 11940,598 10715,265 5515,188 15320,442 S 2322,9517 14883,527 4326,031 3368,7585 10959,377 985,3062
1,8059998 B 1732,4313 4255,25 11940,598 10715,265 5515,188 15320,442 S 2322,9517 14883,527 4326,031 3368,7585 10959,377 985,3062
1,8059995 B 1732,4313 4255,25 11940,598 10715,265 5515,188 15320,442 S 2322,9517 14883,527 4326,031 3368,7585 10959,377 985,3062
1,8060002 B 1732,4313 4255,25 11940,598 10715,265 5515,188 15320,442 S 2322,9517 14883,527 4326,031 3368,7585 10959,377 985,3062
1,8060001 B 1732,4313 4255,25 11940,598 10715,265 5515,188 15320,442 S 2322,9517 14883,527 4326,031 3368,7585 10959,377 985,3062
1,8059998 B 1732,4313 4255,25 11940,598 10715,265 5515,188 15320,442 S 2322,9517 14883,527 4326,031 3368,7585 10959,377 985,3062
1,8067935 B 1732,4313 4255,25 11940,598 10715,265 5515,188 15320,442 S 2322,9517 14883,527 4326,031 3368,7585 10959,377 985,3062
1,8070004 B 1732,4313 4255,25 11940,598 10715,265 5515,188 15320,442 S 2322,9517 14883,527 4326,031 3368,7585 10959,377 985,3062
1,8069999 B 1732,4313 4255,25 11940,598 10715,265 5515,188 15320,442 S 2322,9517 14883,527 4326,031 3368,7585 10959,377 985,3062
1,8069997 B 1732,4313 4255,25 11940,598 10715,265 5515,188 15320,442 S 2322,9517 14883,527 4326,031 3368,7585 10959,377 985,3062
1,8069996 B 1732,4313 4255,25 11940,598 10715,265 5515,188 15320,442 S 2322,9517 14883,527 4326,031 3368,7585 10959,377 985,3062
1,8070003 B 1732,4313 4255,25 11940,598 10715,265 5515,188 15320,442 S 2322,9517 14883,527 4326,031 3368,7585 10959,377 985,3062
1,8069999 B 1732,4313 4255,25 11940,598 10715,265 5515,188 15320,442 S 2322,9517 14883,527 4326,031 3368,7585 10959,377 985,3062
1,8069999 B 1732,4313 4255,25 11940,598 10715,265 5515,188 15320,442 S 2322,9517 14883,527 4326,031 3368,7585 10959,377 985,3062
1,8070003 B 1732,4313 4255,25 11940,598 10715,265 5515,188 15320,442 S 2322,9517 14883,527 4326,031 3368,7585 10959,377 985,3062
1,8069996 B 1732,4313 4255,25 11940,598 10715,265 5515,188 15320,442 S 2322,9517 14883,527 4326,031 3368,7585 10959,377 985,3062
1,8069999 B 1732,4313 4255,25 11940,598 10715,265 5515,188 15320,442 S 2322,9517 14883,527 4326,031 3368,7585 10959,377 985,3062
1,8069999 B 1732,4313 4255,25 11940,598 10715,265 5515,188 15320,442 S 2322,9517 14883,527 4326,031 3368,7585 10959,377 985,3062
1,8069999 B 1732,4313 4255,25 11940,598 10715,265 5515,188 15320,442 S 2322,9517 14883,527 4326,031 3368,7585 10959,377 985,3062
1,8070003 B 1732,4313 4255,25 11940,598 10715,265 5515,188 15320,442 S 2322,9517 14883,527 4326,031 3368,7585 10959,377 985,3062
1,8069998 B 1732,4313 4255,25 11940,598 10715,265 5515,188 15320,442 S 2322,9517 14883,527 4326,031 3368,7585 10959,377 985,3062
1,8070005 B 1732,4313 4255,25 11940,598 10715,265 5515,188 15320,442 S 2322,9517 14883,527 4326,031 3368,7585 10959,377 985,3062
1,8059907 B 1732,4313 4255,25 11940,598 10715,265 5515,188 15320,442 S 2322,9517 14883,527 4326,031 3368,7585 10959,377 985,3062
1,8050001 B 1732,4313 4255,25 11940,598 10715,265 5515,188 15320,442 S 2322,9517 14883,527 4326,031 3368,7585 10959,377 985,3062
1,805 B 1732,4313 4255,25 11940,598 10715,265 5515,188 15320,442 S 2322,9517 14883,527 4326,031 3368,7585 10959,377 985,3062
1,807333 B 1732,4313 4255,25 11940,598 10715,265 5515,188 15320,442 S 2322,9517 14883,527 4326,031 3368,7585 10959,377 985,3062
1,8080003 B 1732,4313 4255,25 11940,598 10715,265 5515,188 15320,442 S 2322,9517 14883,527 4326,031 3368,7585 10959,377 985,3062
1,8080004 B 1732,4313 4255,25 11940,598 10715,265 5515,188 15320,442 S 2322,9517 14883,527 4326,031 3368,7585 10959,377 985,3062
1,808 B 1732,4313 4255,25 11940,598 10715,265 5515,188 15320,442 S 2322,9517 14883,527 4326,031 3368,7585 10959,377 985,3062
1,8071891 B 1732,4313 4255,25 11940,598 10715,265 5515,188 15320,442 S 2322,9517 14883,527 4326,031 3368,7585 10959,377 985,3062
1,8070003 B 1732,4313 4255,25 11940,598 10715,265 5515,188 15320,442 S 2322,9517 14883,527 4326,031 3368,7585 10959,377 985,3062
1,8070848 B 1732,4313 4255,25 11940,598 10715,265 5515,188 15320,442 S 2322,9517 14883,527 4326,031 3368,7585 10959,377 985,3062
1,8089997 B 1732,4313 4255,25 11940,598 10715,265 5515,188 15320,442 S 2322,9517 14883,527 4326,031 3368,7585 10959,377 985,3062
1,8089997 B 1732,4313 4255,25 11940,598 10715,265 5515,188 15320,442 S 2322,9517 14883,527 4326,031 3368,7585 10959,377 985,3062
1,8090006 B 1732,4313 4255,25 11940,598 10715,265 5515,188 15320,442 S 2322,9517 14883,527 4326,031 3368,7585 10959,377 985,3062
1,809 B 1732,4313 4255,25 11940,598 10715,265 5515,188 15320,442 S 2322,9517 14883,527 4326,031 3368,7585 10959,377 985,3062
1,8089995 B 1732,4313 4255,25 11940,598 10715,265 5515,188 15320,442 S 2322,9517 14883,527 4326,031 3368,7585 10959,377 985,3062
1,8089999 B 1732,4313 4255,25 11940,598 10715,265 5515,188 15320,442 S 2322,9517 14883,527 4326,031 3368,7585 10959,377 985,3062
1,8090001 B 1732,4313 4255,25 11940,598 10715,265 5515,188 15320,442 S 2322,9517 14883,527 4326,031 3368,7585 10959,377 985,3062
1,8090004 B 1732,4313 4255,25 11940,598 10715,265 5515,188 15320,442 S 2322,9517 14883,527 4326,031 3368,7585 10959,377 985,3062
1,8089999 B 1732,4313 4255,25 11940,598 10715,265 5515,188 15320,442 S 2322,9517 14883,527 4326,031 3368,7585 10959,377 985,3062
1,8089998 B 1732,4313 4255,25 11940,598 10715,265 5515,188 15320,442 S 2322,9517 14883,527 4326,031 3368,7585 10959,377 985,3062
1,8090004 B 1732,4313 4255,25 11940,598 10715,265 5515,188 15320,442 S 2322,9517 14883,527 4326,031 3368,7585 10959,377 985,3062
1,8090003 B 1732,4313 4255,25 11940,598 10715,265 5515,188 15320,442 S 2322,9517 14883,527 4326,031 3368,7585 10959,377 985,3062
1,8090001 B 1732,4313 4255,25 11940,598 10715,265 5515,188 15320,442 S 2322,9517 14883,527 4326,031 3368,7585 10959,377 985,3062
1,809 B 1732,4313 4255,25 11940,598 10715,265 5515,188 15320,442 S 2322,9517 14883,527 4326,031 3368,7585 10959,377 985,3062
1,8083651 B 1732,4313 4255,25 11940,598 10715,265 5515,188 15320,442 S 2322,9517 14883,527 4326,031 3368,7585 10959,377 985,3062
1,8069998 B 1732,4313 4255,25 11940,598 10715,265 5515,188 15320,442 S 2322,9517 14883,527 4326,031 3368,7585 10959,377 985,3062
1,8069999 B 1732,4313 4255,25 11940,598 10715,265 5515,188 15320,442 S 2322,9517 14883,527 4326,031 3368,7585 10959,377 985,3062
1,807 B 1732,4313 4255,25 11940,598 10715,265 5515,188 15320,442 S 2322,9517 14883,527 4326,031 3368,7585 10959,377 985,3062
1,8069998 B 1732,4313 4255,25 11940,598 10715,265 5515,188 15320,442 S 2322,9517 14883,527 4326,031 3368,7585 10959,377 985,3062
1,8069997 B 1732,4313 4255,25 11940,598 10715,265 5515,188 15320,442 S 2322,9517 14883,527 4326,031 3368,7585 10959,377 985,3062
1,8077755 B 1732,4313 4255,25 11940,598 10715,265 5515,188 15320,442 S 2322,9517 14883,527 4326,031 3368,7585 10959,377 985,3062
1,8079998 B 1732,4313 4255,25 11940,598 10715,265 5515,188 15320,442 S 2322,9517 14883,527 4326,031 3368,7585 10959,377 985,3062
1,8080002 B 1732,4313 4255,25 11940,598 10715,265 5515,188 15320,442 S 2322,9517 14883,527 4326,031 3368,7585 10959,377 985,3062
1,8080002 B 1732,4313 4255,25 11940,598 10715,265 5515,188 15320,442 S 2322,9517 14883,527 4326,031 3368,7585 10959,377 985,3062
1,8080003 B 1732,4313 4255,25 11940,598 10715,265 5515,188 15320,442 S 2322,9517 14883,527 4326,031 3368,7585 10959,377 985,3062
1,8079998 B 1732,4313 4255,25 11940,598 10715,265 5515,188 15320,442 S 2322,9517 14883,527 4326,031 3368,7585 10959,377 985,3062
1,8079997 B 1732,4313 4255,25 11940,598 10715,265 5515,188 15320,442 S 2322,9517 14883,527 4326,031 3368,7585 10959,377 985,3062
1,8079997 B 1732,4313 4255,25 11940,598 10715,265 5515,188 15320,442 S 2322,9517 14883,527 4326,031 3368,7585 10959,377 985,3062
1,808 B 1732,4313 4255,25 11940,598 10715,265 5515,188 15320,442 S 2322,9517 14883,527 4326,031 3368,7585 10959,377 985,3062
1,8079995 B 1732,4313 4255,25 11940,598 10715,265 5515,188 15320,442 S 2322,9517 14883,527 4326,031 3368,7585 10959,377 985,3062
1,8079997 B 1732,4313 4255,25 11940,598 10715,265 5515,188 15320,442 S 2322,9517 14883,527 4326,031 3368,7585 10959,377 985,3062
1,8080003 B 1732,4313 4255,25 11940,598 10715,265 5515,188 15320,442 S 2322,9517 14883,527 4326,031 3368,7585 10959,377 985,3062
1,8080001 B 1732,4313 4255,25 11940,598 10715,265 5515,188 15320,442 S 2322,9517 14883,527 4326,031 3368,7585 10959,377 985,3062
1,808 B 1732,4313 4255,25 11940,598 10715,265 5515,188 15320,442 S 2322,9517 14883,527 4326,031 3368,7585 10959,377 985,3062
1,8079783 B 1732,4313 4255,25 11940,598 10715,265 5515,188 15320,442 S 2322,9517 14883,527 4326,031 3368,7585 10959,377 985,3062
1,8070003 B 1732,4313 4255,25 11940,598 10715,265 5515,188 15320,442 S 2322,9517 14883,527 4326,031 3368,7585 10959,377 985,3062
1,8070008 B 1732,4313 4255,25 11940,598 10715,265 5515,188 15320,442 S 2322,9517 14883,527 4326,031 3368,7585 10959,377 985,3062
1,8069998 B 1732,4313 4255,25 11940,598 10715,265 5515,188 15320,442 S 2322,9517 14883,527 4326,031 3368,7585 10959,377 985,3062
1,8069999 B 1732,4313 4255,25 11940,598 10715,265 5515,188 15320,442 S 2322,9517 14883,527 4326,031 3368,7585 10959,377 985,3062
1,8069999 B 1732,4313 4255,25 11940,598 10715,265 5515,188 15320,442 S 2322,9517 14883,527 4326,031 3368,7585 10959,377 985,3062
1,8069998 B 1732,4313 4255,25 11940,598 10715,265 5515,188 15320,442 S 2322,9517 14883,527 4326,031 3368,7585 10959,377 985,3062
1,8078191 B 1732,4313 4255,25 11940,598 10715,265 5515,188 15320,442 S 2322,9517 14883,527 4326,031 3368,7585 10959,377 985,3062
1,8080001 B 1732,4313 4255,25 11940,598 10715,265 5515,188 15320,442 S 2322,9517 14883,527 4326,031 3368,7585 10959,377 985,3062
1,8080002 B 1732,4313 4255,25 11940,598 10715,265 5515,188 15320,442 S 2322,9517 14883,527 4326,031 3368,7585 10959,377 985,3062
1,8072886 B 1732,4313 4255,25 11940,598 10715,265 5515,188 15320,442 S 2322,9517 14883,527 4326,031 3368,7585 10959,377 985,3062
1,8069999 B 1732,4313 4255,25 11940,598 10715,265 5515,188 15320,442 S 2322,9517 14883,527 4326,031 3368,7585 10959,377 985,3062
1,8069996 B 1732,4313 4255,25 11940,598 10715,265 5515,188 15320,442 S 2322,9517 14883,527 4326,031 3368,7585 10959,377 985,3062
1,8069996 B 1732,4313 4255,25 11940,598 10715,265 5515,188 15320,442 S 2322,9517 14883,527 4326,031 3368,7585 10959,377 985,3062
1,8069999 B 1732,4313 4255,25 11940,598 10715,265 5515,188 15320,442 S 2322,9517 14883,527 4326,031 3368,7585 10959,377 985,3062
1,8070006 B 1732,4313 4255,25 11940,598 10715,265 5515,188 15320,442 S 2322,9517 14883,527 4326,031 3368,7585 10959,377 985,3062
1,8070003 B 1732,4313 4255,25 11940,598 10715,265 5515,188 15320,442 S 2322,9517 14883,527 4326,031 3368,7585 10959,377 985,3062
1,8069998 B 1732,4313 4255,25 11940,598 10715,265 5515,188 15320,442 S 2322,9517 14883,527 4326,031 3368,7585 10959,377 985,3062
1,8069998 B 1732,4313 4255,25 11940,598 10715,265 5515,188 15320,442 S 2322,9517 14883,527 4326,031 3368,7585 10959,377 985,3062
1,8070003 B 1732,4313 4255,25 11940,598 10715,265 5515,188 15320,442 S 2322,9517 14883,527 4326,031 3368,7585 10959,377 985,3062
1,8069997 B 1732,4313 4255,25 11940,598 10715,265 5515,188 15320,442 S 2322,9517 14883,527 4326,031 3368,7585 10959,377 985,3062
1,8069997 B 1732,4313 4255,25 11940,598 10715,265 5515,188 15320,442 S 2322,9517 14883,527 4326,031 3368,7585 10959,377 985,3062
1,8070004 B 1732,4313 4255,25 11940,598 10715,265 5515,188 15320,442 S 2322,9517 14883,527 4326,031 3368,7585 10959,377 985,3062
1,8069998 B 1732,4313 4255,25 11940,598 10715,265 5515,188 15320,442 S 2322,9517 14883,527 4326,031 3368,7585 10959,377 985,3062
1,8069999 B 1732,4313 4255,25 11940,598 10715,265 5515,188 15320,442 S 2322,9517 14883,527 4326,031 3368,7585 10959,377 985,3062
