1,8109783
1,8080006 B 2214,2651 13066,845 11344,024 12041,433 5091,6416 523,12006 S 762,97986 4606,567 8489,095 2076,9094 10272,86 13902,46
1,8080003 B 2214,2651 13066,845 11344,024 12041,433 5091,6416 523,12006 S 762,97986 4606,567 8489,095 2076,9094 10272,86 13902,46
1,8080004 B 2214,2651 13066,845 11344,024 12041,433 5091,6416 523,12006 S 762,97986 4606,567 8489,095 2076,9094 10272,86 13902,46
1,808 B 2214,2651 13066,845 11344,024 12041,433 5091,6416 523,12006 S 762,97986 4606,567 8489,095 2076,9094 10272,86 13902,46
1,8079994 B 2214,2651 13066,845 11344,024 12041,433 5091,6416 523,12006 S 762,97986 4606,567 8489,095 2076,9094 10272,86 13902,46
1,8080001 B 2214,2651 13066,845 11344,024 12041,433 5091,6416 523,12006 S 762,97986 4606,567 8489,095 2076,9094 10272,86 13902,46
1,8079998 B 2214,2651 13066,845 11344,024 12041,433 5091,6416 523,12006 S 762,97986 4606,567 8489,095 2076,9094 10272,86 13902,46
1,8079995 B 2214,2651 13066,845 11344,024 12041,433 5091,6416 523,12006 S 762,97986 4606,567 8489,095 2076,9094 10272,86 13902,46
1,808 B 2214,2651 13066,845 11344,024 12041,433 5091,6416 523,12006 S 762,97986 4606,567 8489,095 2076,9094 10272,86 13902,46
1,8079995 B 2214,2651 13066,845 11344,024 12041,433 5091,6416 523,12006 S 762,97986 4606,567 8489,095 2076,9094 10272,86 13902,46
1,8080001 B 2214,2651 13066,845 11344,024 12041,433 5091,6416 523,12006 S 762,97986 4606,567 8489,095 2076,9094 10272,86 13902,46
1,8079998 B 2214,2651 13066,845 11344,024 12041,433 5091,6416 523,12006 S 762,97986 4606,567 8489,095 2076,9094 10272,86 13902,46
1,808 B 2214,2651 13066,845 11344,024 12041,433 5091,6416 523,12006 S 762,97986 4606,567 8489,095 2076,9094 10272,86 13902,46
1,8080004 B 2214,2651 13066,845 11344,024 12041,433 5091,6416 523,12006 S 762,97986 4606,567 8489,095 2076,9094 10272,86 13902,46
1,8080002 B 2214,2651 13066,845 11344,024 12041,433 5091,6416 523,12006 S 762,97986 4606,567 8489,095 2076,9094 10272,86 13902,46
1,8080007 B 2214,2651 13066,845 11344,024 12041,433 5091,6416 523,12006 S 762,97986 4606,567 8489,095 2076,9094 10272,86 13902,46
1,808 B 2214,2651 13066,845 11344,024 12041,433 5091,6416 523,12006 S 762,97986 4606,567 8489,095 2076,9094 10272,86 13902,46
1,8079998 B 2214,2651 13066,845 11344,024 12041,433 5091,6416 523,12006 S 762,97986 4606,567 8489,095 2076,9094 10272,86 13902,46
1,8080002 B 2214,2651 13066,845 11344,024 12041,433 5091,6416 523,12006 S 762,97986 4606,567 8489,095 2076,9094 10272,86 13902,46
1,8080001 B 2214,2651 13066,845 11344,024 12041,433 5091,6416 523,12006 S 762,97986 4606,567 8489,095 2076,9094 10272,86 13902,46
1,8079998 B 2214,2651 13066,845 11344,024 12041,433 5091,6416 523,12006 S 762,97986 4606,567 8489,095 2076,9094 10272,86 13902,46
1,8079998 B 2214,2651 13066,845 11344,024 12041,433 5091,6416 523,12006 S 762,97986 4606,567 8489,095 2076,9094 10272,86 13902,46
1,808 B 2214,2651 13066,845 11344,024 12041,433 5091,6416 523,12006 S 762,97986 4606,567 8489,095 2076,9094 10272,86 13902,46
1,8079998 B 2214,2651 13066,845 11344,024 12041,433 5091,6416 523,12006 S 762,97986 4606,567 8489,095 2076,9094 10272,86 13902,46
1,8079997 B 2214,2651 13066,845 11344,024 12041,433 5091,6416 523,12006 S 762,97986 4606,567 8489,095 2076,9094 10272,86 13902,46
1,8080003 B 2214,2651 13066,845 11344,024 12041,433 5091,6416 523,12006 S 762,97986 4606,567 8489,095 2076,9094 10272,86 13902,46
1,8080002 B 2214,2651 13066,845 11344,024 12041,433 5091,6416 523,12006 S 762,97986 4606,567 8489,095 2076,9094 10272,86 13902,46
1,8080003 B 2214,2651 13066,845 11344,024 12041,433 5091,6416 523,12006 S 762,97986 4606,567 8489,095 2076,9094 10272,86 13902,46
1,8080001 B 2214,2651 13066,845 11344,024 12041,433 5091,6416 523,12006 S 762,97986 4606,567 8489,095 2076,9094 10272,86 13902,46
1,8080002 B 2214,2651 13066,845 11344,024 12041,433 5091,6416 523,12006 S 762,97986 4606,567 8489,095 2076,9094 10272,86 13902,46
1,808 B 2214,2651 13066,845 11344,024 12041,433 5091,6416 523,12006 S 762,97986 4606,567 8489,095 2076,9094 10272,86 13902,46
1,808 B 2214,2651 13066,845 11344,024 12041,433 5091,6416 523,12006 S 762,97986 4606,567 8489,095 2076,9094 10272,86 13902,46
1,8080001 B 2214,2651 13066,845 11344,024 12041,433 5091,6416 523,12006 S 762,97986 4606,567 8489,095 2076,9094 10272,86 13902,46
1,8079997 B 2214,2651 13066,845 11344,024 12041,433 5091,6416 523,12006 S 762,97986 4606,567 8489,095 2076,9094 10272,86 13902,46
1,8079995 B 2214,2651 13066,845 11344,024 12041,433 5091,6416 523,12006 S 762,97986 4606,567 8489,095 2076,9094 10272,86 13902,46
1,8080002 B 2214,2651 13066,845 11344,024 12041,433 5091,6416 523,12006 S 762,97986 4606,567 8489,095 2076,9094 10272,86 13902,46
1,8080001 B 2214,2651 13066,845 11344,024 12041,433 5091,6416 523,12006 S 762,97986 4606,567 8489,095 2076,9094 10272,86 13902,46
1,8079998 B 2214,2651 13066,845 11344,024 12041,433 5091,6416 523,12006 S 762,97986 4606,567 8489,095 2076,9094 10272,86 13902,46
1,8080004 B 2214,2651 13066,845 11344,024 12041,433 5091,6416 523,12006 S 762,97986 4606,567 8489,095 2076,9094 10272,86 13902,46
1,8080001 B 2214,2651 13066,845 11344,024 12041,433 5091,6416 523,12006 S 762,97986 4606,567 8489,095 2076,9094 10272,86 13902,46
1,8079997 B 2214,2651 13066,845 11344,024 12041,433 5091,6416 523,12006 S 762,97986 4606,567 8489,095 2076,9094 10272,86 13902,46
1,808 B 2214,2651 13066,845 11344,024 12041,433 5091,6416 523,12006 S 762,97986 4606,567 8489,095 2076,9094 10272,86 13902,46
1,8079997 B 2214,2651 13066,845 11344,024 12041,433 5091,6416 523,12006 S 762,97986 4606,567 8489,095 2076,9094 10272,86 13902,46
1,8079995 B 2214,2651 13066,845 11344,024 12041,433 5091,6416 523,12006 S 762,97986 4606,567 8489,095 2076,9094 10272,86 13902,46
1,8080001 B 2214,2651 13066,845 11344,024 12041,433 5091,6416 523,12006 S 762,97986 4606,567 8489,095 2076,9094 10272,86 13902,46
1,8080002 B 2214,2651 13066,845 11344,024 12041,433 5091,6416 523,12006 S 762,97986 4606,567 8489,095 2076,9094 10272,86 13902,46
1,808 B 2214,2651 13066,845 11344,024 12041,433 5091,6416 523,12006 S 762,97986 4606,567 8489,095 2076,9094 10272,86 13902,46
1,808 B 2214,2651 13066,845 11344,024 12041,433 5091,6416 523,12006 S 762,97986 4606,567 8489,095 2076,9094 10272,86 13902,46
1,8080003 B 2214,2651 13066,845 11344,024 12041,433 5091,6416 523,12006 S 762,97986 4606,567 8489,095 2076,9094 10272,86 13902,46
1,8080002 B 2214,2651 13066,845 11344,024 12041,433 5091,6416 523,12006 S 762,97986 4606,567 8489,095 2076,9094 10272,86 13902,46
1,8079998 B 2214,2651 13066,845 11344,024 12041,433 5091,6416 523,12006 S 762,97986 4606,567 8489,095 2076,9094 10272,86 13902,46
1,8080002 B 2214,2651 13066,845 11344,024 12041,433 5091,6416 523,12006 S 762,97986 4606,567 8489,095 2076,9094 10272,86 13902,46
1,8080001 B 2214,2651 13066,845 11344,024 12041,433 5091,6416 523,12006 S 762,97986 4606,567 8489,095 2076,9094 10272,86 13902,46
1,808 B 2214,2651 13066,845 11344,024 12041,433 5091,6416 523,12006 S 762,97986 4606,567 8489,095 2076,9094 10272,86 13902,46
1,8079998 B 2214,2651 13066,845 11344,024 12041,433 5091,6416 523,12006 S 762,97986 4606,567 8489,095 2076,9094 10272,86 13902,46
1,8080001 B 2214,2651 13066,845 11344,024 12041,433 5091,6416 523,12006 S 762,97986 4606,567 8489,095 2076,9094 10272,86 13902,46
1,8079994 B 2214,2651 13066,845 11344,024 12041,433 5091,6416 523,12006 S 762,97986 4606,567 8489,095 2076,9094 10272,86 13902,46
1,8080001 B 2214,2651 13066,845 11344,024 12041,433 5091,6416 523,12006 S 762,97986 4606,567 8489,095 2076,9094 10272,86 13902,46
1,8080001 B 2214,2651 13066,845 11344,024 12041,433 5091,6416 523,12006 S 762,97986 4606,567 8489,095 2076,9094 10272,86 13902,46
1,8080003 B 2214,2651 13066,845 11344,024 12041,433 5091,6416 523,12006 S 762,97986 4606,567 8489,095 2076,9094 10272,86 13902,46
1,8079994 B 2214,2651 13066,845 11344,024 12041,433 5091,6416 523,12006 S 762,97986 4606,567 8489,095 2076,9094 10272,86 13902,46
1,8079998 B 2214,2651 13066,845 11344,024 12041,433 5091,6416 523,12006 S 762,97986 4606,567 8489,095 2076,9094 10272,86 13902,46
1,8079997 B 2214,2651 13066,845 11344,024 12041,433 5091,6416 523,12006 S 762,97986 4606,567 8489,095 2076,9094 10272,86 13902,46
1,8080002 B 2214,2651 13066,845 11344,024 12041,433 5091,6416 523,12006 S 762,97986 4606,567 8489,095 2076,9094 10272,86 13902,46
1,8080002 B 2214,2651 13066,845 11344,024 12041,433 5091,6416 523,12006 S 762,97986 4606,567 8489,095 2076,9094 10272,86 13902,46
1,8079998 B 2214,2651 13066,845 11344,024 12041,433 5091,6416 523,12006 S 762,97986 4606,567 8489,095 2076,9094 10272,86 13902,46
1,8079998 B 2214,2651 13066,845 11344,024 12041,433 5091,6416 523,12006 S 762,97986 4606,567 8489,095 2076,9094 10272,86 13902,46
1,8080001 B 2214,2651 13066,845 11344,024 12041,433 5091,6416 523,12006 S 762,97986 4606,567 8489,095 2076,9094 10272,86 13902,46
1,8079998 B 2214,2651 13066,845 11344,024 12041,433 5091,6416 523,12006 S 762,97986 4606,567 8489,095 2076,9094 10272,86 13902,46
1,8079997 B 2214,2651 13066,845 11344,024 12041,433 5091,6416 523,12006 S 762,97986 4606,567 8489,095 2076,9094 10272,86 13902,46
1,808 B 2214,2651 13066,845 11344,024 12041,433 5091,6416 523,12006 S 762,97986 4606,567 8489,095 2076,9094 10272,86 13902,46
1,8080006 B 2214,2651 13066,845 11344,024 12041,433 5091,6416 523,12006 S 762,97986 4606,567 8489,095 2076,9094 10272,86 13902,46
1,8080003 B 2214,2651 13066,845 11344,024 12041,433 5091,6416 523,12006 S 762,97986 4606,567 8489,095 2076,9094 10272,86 13902,46
1,8080003 B 2214,2651 13066,845 11344,024 12041,433 5091,6416 523,12006 S 762,97986 4606,567 8489,095 2076,9094 10272,86 13902,46
1,808 B 2214,2651 13066,845 11344,024 12041,433 5091,6416 523,12006 S 762,97986 4606,567 8489,095 2076,9094 10272,86 13902,46
1,8079998 B 2214,2651 13066,845 11344,024 12041,433 5091,6416 523,12006 S 762,97986 4606,567 8489,095 2076,9094 10272,86 13902,46
1,8080009 B 2214,2651 13066,845 11344,024 12041,433 5091,6416 523,12006 S 762,97986 4606,567 8489,095 2076,9094 10272,86 13902,46
1,8100003 B 2214,2651 13066,845 11344,024 12041,433 5091,6416 523,12006 S 762,97986 4606,567 8489,095 2076,9094 10272,86 13902,46
1,8099996 B 2214,2651 13066,845 11344,024 12041,433 5091,6416 523,12006 S 762,97986 4606,567 8489,095 2076,9094 10272,86 13902,46
1,8099998 B 2214,2651 13066,845 11344,024 12041,433 5091,6416 523,12006 S 762,97986 4606,567 8489,095 2076,9094 10272,86 13902,46
1,8100002 B 2214,2651 13066,845 11344,024 12041,433 5091,6416 523,12006 S 762,97986 4606,567 8489,095 2076,9094 10272,86 13902,46
1,8102441 B 2214,2651 13066,845 11344,024 12041,433 5091,6416 523,12006 S 762,97986 4606,567 8489,095 2076,9094 10272,86 13902,46
1,8110001 B 2214,2651 13066,845 11344,024 12041,433 5091,6416 523,12006 S 762,97986 4606,567 8489,095 2076,9094 10272,86 13902,46
1,8109996 B 2214,2651 13066,845 11344,024 12041,433 5091,6416 523,12006 S 762,97986 4606,567 8489,095 2076,9094 10272,86 13902,46
1,8117319 B 2214,2651 13066,845 11344,024 12041,433 5091,6416 523,12006 S 762,97986 4606,567 8489,095 2076,9094 10272,86 13902,46
1,8130002 B 2214,2651 13066,845 11344,024 12041,433 5091,6416 523,12006 S 762,97986 4606,567 8489,095 2076,9094 10272,86 13902,46
1,8129998 B 2214,2651 13066,845 11344,024 12041,433 5091,6416 523,12006 S 762,97986 4606,567 8489,095 2076,9094 10272,86 13902,46
1,8125474 B 2214,2651 13066,845 11344,024 12041,433 5091,6416 523,12006 S 762,97986 4606,567 8489,095 2076,9094 10272,86 13902,46
1,8120002 B 2214,2651 13066,845 11344,024 12041,433 5091,6416 523,12006 S 762,97986 4606,567 8489,095 2076,9094 10272,86 13902,46
1,8120002 B 2214,2651 13066,845 11344,024 12041,433 5091,6416 523,12006 S 762,97986 4606,567 8489,095 2076,9094 10272,86 13902,46
1,812 B 2214,2651 13066,845 11344,024 12041,433 5091,6416 523,12006 S 762,97986 4606,567 8489,095 2076,9094 10272,86 13902,46
1,8120004 B 2214,2651 13066,845 11344,024 12041,433 5091,6416 523,12006 S 762,97986 4606,567 8489,095 2076,9094 10272,86 13902,46
1,8119999 B 2214,2651 13066,845 11344,024 12041,433 5091,6416 523,12006 S 762,97986 4606,567 8489,095 2076,9094 10272,86 13902,46
1,8120003 B 2214,2651 13066,845 11344,024 12041,433 5091,6416 523,12006 S 762,97986 4606,567 8489,095 2076,9094 10272,86 13902,46
1,8120003 B 2214,2651 13066,845 11344,024 12041,433 5091,6416 523,12006 S 762,97986 4606,567 8489,095 2076,9094 10272,86 13902,46
1,8120002 B 2214,2651 13066,845 11344,024 12041,433 5091,6416 523,12006 S 762,97986 4606,567 8489,095 2076,9094 10272,86 13902,46
1,8120003 B 2214,2651 13066,845 11344,024 12041,433 5091,6416 523,12006 S 762,97986 4606,567 8489,095 2076,9094 10272,86 13902,46
1,8119997 B 2214,2651 13066,845 11344,024 12041,433 5091,6416 523,12006 S 762,97986 4606,567 8489,095 2076,9094 10272,86 13902,46
1,8119997 B 2214,2651 13066,845 11344,024 12041,433 5091,6416 523,12006 S 762,97986 4606,567 8489,095 2076,9094 10272,86 13902,46
1,8120004 B 2214,2651 13066,845 11344,024 12041,433 5091,6416 523,12006 S 762,97986 4606,567 8489,095 2076,9094 10272,86 13902,46
1,8119999 B 2214,2651 13066,845 11344,024 12041,433 5091,6416 523,12006 S 762,97986 4606,567 8489,095 2076,9094 10272,86 13902,46
1,8120002 B 2214,2651 13066,845 11344,024 12041,433 5091,6416 523,12006 S 762,97986 4606,567 8489,095 2076,9094 10272,86 13902,46
1,8120781 B 2214,2651 13066,845 11344,024 12041,433 5091,6416 523,12006 S 762,97986 4606,567 8489,095 2076,9094 10272,86 13902,46
1,8130001 B 2214,2651 13066,845 11344,024 12041,433 5091,6416 523,12006 S 762,97986 4606,567 8489,095 2076,9094 10272,86 13902,46
1,8134769 B 2214,2651 13066,845 11344,024 12041,433 5091,6416 523,12006 S 762,97986 4606,567 8489,095 2076,9094 10272,86 13902,46
1,8139998 B 2214,2651 13066,845 11344,024 12041,433 5091,6416 523,12006 S 762,97986 4606,567 8489,095 2076,9094 10272,86 13902,46
1,8139997 B 2214,2651 13066,845 11344,024 12041,433 5091,6416 523,12006 S 762,97986 4606,567 8489,095 2076,9094 10272,86 13902,46
1,8139998 B 2214,2651 13066,845 11344,024 12041,433 5091,6416 523,12006 S 762,97986 4606,567 8489,095 2076,9094 10272,86 13902,46
1,8139999 B 2214,2651 13066,845 11344,024 12041,433 5091,6416 523,12006 S 762,97986 4606,567 8489,095 2076,9094 10272,86 13902,46
1,8140005 B 2214,2651 13066,845 11344,024 12041,433 5091,6416 523,12006 S 762,97986 4606,567 8489,095 2076,9094 10272,86 13902,46
1,8140002 B 2214,2651 13066,845 11344,024 12041,433 5091,6416 523,12006 S 762,97986 4606,567 8489,095 2076,9094 10272,86 13902,46
1,8140002 B 2214,2651 13066,845 11344,024 12041,433 5091,6416 523,12006 S 762,97986 4606,567 8489,095 2076,9094 10272,86 13902,46
1,8140002 B 2214,2651 13066,845 11344,024 12041,433 5091,6416 523,12006 S 762,97986 4606,567 8489,095 2076,9094 10272,86 13902,46
1,8139998 B 2214,2651 13066,845 11344,024 12041,433 5091,6416 523,12006 S 762,97986 4606,567 8489,095 2076,9094 10272,86 13902,46
1,8140005 B 2214,2651 13066,845 11344,024 12041,433 5091,6416 523,12006 S 762,97986 4606,567 8489,095 2076,9094 10272,86 13902,46
1,8140002 B 2214,2651 13066,845 11344,024 12041,433 5091,6416 523,12006 S 762,97986 4606,567 8489,095 2076,9094 10272,86 13902,46
1,814 B 2214,2651 13066,845 11344,024 12041,433 5091,6416 523,12006 S 762,97986 4606,567 8489,095 2076,9094 10272,86 13902,46
1,8140002 B 2214,2651 13066,845 11344,024 12041,433 5091,6416 523,12006 S 762,97986 4606,567 8489,095 2076,9094 10272,86 13902,46
1,8140002 B 2214,2651 13066,845 11344,024 12041,433 5091,6416 523,12006 S 762,97986 4606,567 8489,095 2076,9094 10272,86 13902,46
1,8153551 B 2214,2651 13066,845 11344,024 12041,433 5091,6416 523,12006 S 762,97986 4606,567 8489,095 2076,9094 10272,86 13902,46
1,8151351 B 2214,2651 13066,845 11344,024 12041,433 5091,6416 523,12006 S 762,97986 4606,567 8489,095 2076,9094 10272,86 13902,46
1,8150002 B 2214,2651 13066,845 11344,024 12041,433 5091,6416 523,12006 S 762,97986 4606,567 8489,095 2076,9094 10272,86 13902,46
1,815 B 2214,2651 13066,845 11344,024 12041,433 5091,6416 523,12006 S 762,97986 4606,567 8489,095 2076,9094 10272,86 13902,46
1,8149999 B 2214,2651 13066,845 11344,024 12041,433 5091,6416 523,12006 S 762,97986 4606,567 8489,095 2076,9094 10272,86 13902,46
1,8151155 B 2214,2651 13066,845 11344,024 12041,433 5091,6416 523,12006 S 762,97986 4606,567 8489,095 2076,9094 10272,86 13902,46
1,8140008 B 2214,2651 13066,845 11344,024 12041,433 5091,6416 523,12006 S 762,97986 4606,567 8489,095 2076,9094 10272,86 13902,46
1,8133191 B 2214,2651 13066,845 11344,024 12041,433 5091,6416 523,12006 S 762,97986 4606,567 8489,095 2076,9094 10272,86 13902,46
1,8129998 B 2214,2651 13066,845 11344,024 12041,433 5091,6416 523,12006 S 762,97986 4606,567 8489,095 2076,9094 10272,86 13902,46
1,8130006 B 2214,2651 13066,845 11344,024 12041,433 5091,6416 523,12006 S 762,97986 4606,567 8489,095 2076,9094 10272,86 13902,46
1,8130002 B 2214,2651 13066,845 11344,024 12041,433 5091,6416 523,12006 S 762,97986 4606,567 8489,095 2076,9094 10272,86 13902,46
1,813 B 2214,2651 13066,845 11344,024 12041,433 5091,6416 523,12006 S 762,97986 4606,567 8489,095 2076,9094 10272,86 13902,46
1,813 B 2214,2651 13066,845 11344,024 12041,433 5091,6416 523,12006 S 762,97986 4606,567 8489,095 2076,9094 10272,86 13902,46
1,8129995 B 2214,2651 13066,845 11344,024 12041,433 5091,6416 523,12006 S 762,97986 4606,567 8489,095 2076,9094 10272,86 13902,46
1,8130003 B 2214,2651 13066,845 11344,024 12041,433 5091,6416 523,12006 S 762,97986 4606,567 8489,095 2076,9094 10272,86 13902,46
1,813 B 2214,2651 13066,845 11344,024 12041,433 5091,6416 523,12006 S 762,97986 4606,567 8489,095 2076,9094 10272,86 13902,46
1,8130003 B 2214,2651 13066,845 11344,024 12041,433 5091,6416 523,12006 S 762,97986 4606,567 8489,095 2076,9094 10272,86 13902,46
1,8130002 B 2214,2651 13066,845 11344,024 12041,433 5091,6416 523,12006 S 762,97986 4606,567 8489,095 2076,9094 10272,86 13902,46
1,8130001 B 2214,2651 13066,845 11344,024 12041,433 5091,6416 523,12006 S 762,97986 4606,567 8489,095 2076,9094 10272,86 13902,46
1,8130001 B 2214,2651 13066,845 11344,024 12041,433 5091,6416 523,12006 S 762,97986 4606,567 8489,095 2076,9094 10272,86 13902,46
1,8129998 B 2214,2651 13066,845 11344,024 12041,433 5091,6416 523,12006 S 762,97986 4606,567 8489,095 2076,9094 10272,86 13902,46
1,8129994 B 2214,2651 13066,845 11344,024 12041,433 5091,6416 523,12006 S 762,97986 4606,567 8489,095 2076,9094 10272,86 13902,46
1,8130002 B 2214,2651 13066,845 11344,024 12041,433 5091,6416 523,12006 S 762,97986 4606,567 8489,095 2076,9094 10272,86 13902,46
1,8130004 B 2214,2651 13066,845 11344,024 12041,433 5091,6416 523,12006 S 762,97986 4606,567 8489,095 2076,9094 10272,86 13902,46
1,8129997 B 2214,2651 13066,845 11344,024 12041,433 5091,6416 523,12006 S 762,97986 4606,567 8489,095 2076,9094 10272,86 13902,46
1,813 B 2214,2651 13066,845 11344,024 12041,433 5091,6416 523,12006 S 762,97986 4606,567 8489,095 2076,9094 10272,86 13902,46
1,8130001 B 2214,2651 13066,845 11344,024 12041,433 5091,6416 523,12006 S 762,97986 4606,567 8489,095 2076,9094 10272,86 13902,46
1,8129998 B 2214,2651 13066,845 11344,024 12041,433 5091,6416 523,12006 S 762,97986 4606,567 8489,095 2076,9094 10272,86 13902,46
1,8130003 B 2214,2651 13066,845 11344,024 12041,433 5091,6416 523,12006 S 762,97986 4606,567 8489,095 2076,9094 10272,86 13902,46
1,8130001 B 2214,2651 13066,845 11344,024 12041,433 5091,6416 523,12006 S 762,97986 4606,567 8489,095 2076,9094 10272,86 13902,46
1,8136352 B 2214,2651 13066,845 11344,024 12041,433 5091,6416 523,12006 S 762,97986 4606,567 8489,095 2076,9094 10272,86 13902,46
1,8139998 B 2214,2651 13066,845 11344,024 12041,433 5091,6416 523,12006 S 762,97986 4606,567 8489,095 2076,9094 10272,86 13902,46
1,8140004 B 2214,2651 13066,845 11344,024 12041,433 5091,6416 523,12006 S 762,97986 4606,567 8489,095 2076,9094 10272,86 13902,46
1,8139999 B 2214,2651 13066,845 11344,024 12041,433 5091,6416 523,12006 S 762,97986 4606,567 8489,095 2076,9094 10272,86 13902,46
1,8140004 B 2214,2651 13066,845 11344,024 12041,433 5091,6416 523,12006 S 762,97986 4606,567 8489,095 2076,9094 10272,86 13902,46
1,8140004 B 2214,2651 13066,845 11344,024 12041,433 5091,6416 523,12006 S 762,97986 4606,567 8489,095 2076,9094 10272,86 13902,46
1,814 B 2214,2651 13066,845 11344,024 12041,433 5091,6416 523,12006 S 762,97986 4606,567 8489,095 2076,9094 10272,86 13902,46
1,8140004 B 2214,2651 13066,845 11344,024 12041,433 5091,6416 523,12006 S 762,97986 4606,567 8489,095 2076,9094 10272,86 13902,46
1,8140002 B 2214,2651 13066,845 11344,024 12041,433 5091,6416 523,12006 S 762,97986 4606,567 8489,095 2076,9094 10272,86 13902,46
1,814 B 2214,2651 13066,845 11344,024 12041,433 5091,6416 523,12006 S 762,97986 4606,567 8489,095 2076,9094 10272,86 13902,46
1,8140002 B 2214,2651 13066,845 11344,024 12041,433 5091,6416 523,12006 S 762,97986 4606,567 8489,095 2076,9094 10272,86 13902,46
1,8144612 B 2214,2651 13066,845 11344,024 12041,433 5091,6416 523,12006 S 762,97986 4606,567 8489,095 2076,9094 10272,86 13902,46
1,8140002 B 2214,2651 13066,845 11344,024 12041,433 5091,6416 523,12006 S 762,97986 4606,567 8489,095 2076,9094 10272,86 13902,46
1,814 B 2214,2651 13066,845 11344,024 12041,433 5091,6416 523,12006 S 762,97986 4606,567 8489,095 2076,9094 10272,86 13902,46
1,8140002 B 2214,2651 13066,845 11344,024 12041,433 5091,6416 523,12006 S 762,97986 4606,567 8489,095 2076,9094 10272,86 13902,46
1,8140002 B 2214,2651 13066,845 11344,024 12041,433 5091,6416 523,12006 S 762,97986 4606,567 8489,095 2076,9094 10272,86 13902,46
1,8140006 B 2214,2651 13066,845 11344,024 12041,433 5091,6416 523,12006 S 762,97986 4606,567 8489,095 2076,9094 10272,86 13902,46
1,8140002 B 2214,2651 13066,845 11344,024 12041,433 5091,6416 523,12006 S 762,97986 4606,567 8489,095 2076,9094 10272,86 13902,46
1,8139999 B 2214,2651 13066,845 11344,024 12041,433 5091,6416 523,12006 S 762,97986 4606,567 8489,095 2076,9094 10272,86 13902,46
1,814 B 2214,2651 13066,845 11344,024 12041,433 5091,6416 523,12006 S 762,97986 4606,567 8489,095 2076,9094 10272,86 13902,46
1,814 B 2214,2651 13066,845 11344,024 12041,433 5091,6416 523,12006 S 762,97986 4606,567 8489,095 2076,9094 10272,86 13902,46
1,8134605 B 2214,2651 13066,845 11344,024 12041,433 5091,6416 523,12006 S 762,97986 4606,567 8489,095 2076,9094 10272,86 13902,46
1,8129995 B 2214,2651 13066,845 11344,024 12041,433 5091,6416 523,12006 S 762,97986 4606,567 8489,095 2076,9094 10272,86 13902,46
1,8130002 B 2214,2651 13066,845 11344,024 12041,433 5091,6416 523,12006 S 762,97986 4606,567 8489,095 2076,9094 10272,86 13902,46
1,8130003 B 2214,2651 13066,845 11344,024 12041,433 5091,6416 523,12006 S 762,97986 4606,567 8489,095 2076,9094 10272,86 13902,46
1,813 B 2214,2651 13066,845 11344,024 12041,433 5091,6416 523,12006 S 762,97986 4606,567 8489,095 2076,9094 10272,86 13902,46
1,8130002 B 2214,2651 13066,845 11344,024 12041,433 5091,6416 523,12006 S 762,97986 4606,567 8489,095 2076,9094 10272,86 13902,46
1,8130002 B 2214,2651 13066,845 11344,024 12041,433 5091,6416 523,12006 S 762,97986 4606,567 8489,095 2076,9094 10272,86 13902,46
1,8129995 B 2214,2651 13066,845 11344,024 12041,433 5091,6416 523,12006 S 762,97986 4606,567 8489,095 2076,9094 10272,86 13902,46
1,8130002 B 2214,2651 13066,845 11344,024 12041,433 5091,6416 523,12006 S 762,97986 4606,567 8489,095 2076,9094 10272,86 13902,46
1,8129998 B 2214,2651 13066,845 11344,024 12041,433 5091,6416 523,12006 S 762,97986 4606,567 8489,095 2076,9094 10272,86 13902,46
1,8136678 B 2214,2651 13066,845 11344,024 12041,433 5091,6416 523,12006 S 762,97986 4606,567 8489,095 2076,9094 10272,86 13902,46
1,814001 B 2214,2651 13066,845 11344,024 12041,433 5091,6416 523,12006 S 762,97986 4606,567 8489,095 2076,9094 10272,86 13902,46
1,814001 B 2214,2651 13066,845 11344,024 12041,433 5091,6416 523,12006 S 762,97986 4606,567 8489,095 2076,9094 10272,86 13902,46
1,8140005 B 2214,2651 13066,845 11344,024 12041,433 5091,6416 523,12006 S 762,97986 4606,567 8489,095 2076,9094 10272,86 13902,46
1,8139998 B 2214,2651 13066,845 11344,024 12041,433 5091,6416 523,12006 S 762,97986 4606,567 8489,095 2076,9094 10272,86 13902,46
1,8146442 B 2214,2651 13066,845 11344,024 12041,433 5091,6416 523,12006 S 762,97986 4606,567 8489,095 2076,9094 10272,86 13902,46
1,8149998 B 2214,2651 13066,845 11344,024 12041,433 5091,6416 523,12006 S 762,97986 4606,567 8489,095 2076,9094 10272,86 13902,46
1,8160254 B 2214,2651 13066,845 11344,024 12041,433 5091,6416 523,12006 S 762,97986 4606,567 8489,095 2076,9094 10272,86 13902,46
1,8169999 B 2214,2651 13066,845 11344,024 12041,433 5091,6416 523,12006 S 762,97986 4606,567 8489,095 2076,9094 10272,86 13902,46
1,8170002 B 2214,2651 13066,845 11344,024 12041,433 5091,6416 523,12006 S 762,97986 4606,567 8489,095 2076,9094 10272,86 13902,46
1,8154453 B 2214,2651 13066,845 11344,024 12041,433 5091,6416 523,12006 S 762,97986 4606,567 8489,095 2076,9094 10272,86 13902,46
1,8150004 B 2214,2651 13066,845 11344,024 12041,433 5091,6416 523,12006 S 762,97986 4606,567 8489,095 2076,9094 10272,86 13902,46
1,8149993 B 2214,2651 13066,845 11344,024 12041,433 5091,6416 523,12006 S 762,97986 4606,567 8489,095 2076,9094 10272,86 13902,46
1,8150002 B 2214,2651 13066,845 11344,024 12041,433 5091,6416 523,12006 S 762,97986 4606,567 8489,095 2076,9094 10272,86 13902,46
1,8150003 B 2214,2651 13066,845 11344,024 12041,433 5091,6416 523,12006 S 762,97986 4606,567 8489,095 2076,9094 10272,86 13902,46
1,8149998 B 2214,2651 13066,845 11344,024 12041,433 5091,6416 523,12006 S 762,97986 4606,567 8489,095 2076,9094 10272,86 13902,46
1,8150004 B 2214,2651 13066,845 11344,024 12041,433 5091,6416 523,12006 S 762,97986 4606,567 8489,095 2076,9094 10272,86 13902,46
1,8148388 B 2214,2651 13066,845 11344,024 12041,433 5091,6416 523,12006 S 762,97986 4606,567 8489,095 2076,9094 10272,86 13902,46
1,813024 B 2214,2651 13066,845 11344,024 12041,433 5091,6416 523,12006 S 762,97986 4606,567 8489,095 2076,9094 10272,86 13902,46
1,8129998 B 2214,2651 13066,845 11344,024 12041,433 5091,6416 523,12006 S 762,97986 4606,567 8489,095 2076,9094 10272,86 13902,46
1,8129995 B 2214,2651 13066,845 11344,024 12041,433 5091,6416 523,12006 S 762,97986 4606,567 8489,095 2076,9094 10272,86 13902,46
1,8127881 B 2214,2651 13066,845 11344,024 12041,433 5091,6416 523,12006 S 762,97986 4606,567 8489,095 2076,9094 10272,86 13902,46
1,8120002 B 2214,2651 13066,845 11344,024 12041,433 5091,6416 523,12006 S 762,97986 4606,567 8489,095 2076,9094 10272,86 13902,46
1,8120005 B 2214,2651 13066,845 11344,024 12041,433 5091,6416 523,12006 S 762,97986 4606,567 8489,095 2076,9094 10272,86 13902,46
1,8119998 B 2214,2651 13066,845 11344,024 12041,433 5091,6416 523,12006 S 762,97986 4606,567 8489,095 2076,9094 10272,86 13902,46
1,8119999 B 2214,2651 13066,845 11344,024 12041,433 5091,6416 523,12006 S 762,97986 4606,567 8489,095 2076,9094 10272,86 13902,46
1,812 B 2214,2651 13066,845 11344,024 12041,433 5091,6416 523,12006 S 762,97986 4606,567 8489,095 2076,9094 10272,86 13902,46
1,8119998 B 2214,2651 13066,845 11344,024 12041,433 5091,6416 523,12006 S 762,97986 4606,567 8489,095 2076,9094 10272,86 13902,46
1,8119998 B 2214,2651 13066,845 11344,024 12041,433 5091,6416 523,12006 S 762,97986 4606,567 8489,095 2076,9094 10272,86 13902,46
1,8119999 B 2214,2651 13066,845 11344,024 12041,433 5091,6416 523,12006 S 762,97986 4606,567 8489,095 2076,9094 10272,86 13902,46
1,812 B 2214,2651 13066,845 11344,024 12041,433 5091,6416 523,12006 S 762,97986 4606,567 8489,095 2076,9094 10272,86 13902,46
1,8119996 B 2214,2651 13066,845 11344,024 12041,433 5091,6416 523,12006 S 762,97986 4606,567 8489,095 2076,9094 10272,86 13902,46
1,812 B 2214,2651 13066,845 11344,024 12041,433 5091,6416 523,12006 S 762,97986 4606,567 8489,095 2076,9094 10272,86 13902,46
1,8085669 B 2214,2651 13066,845 11344,024 12041,433 5091,6416 523,12006 S 762,97986 4606,567 8489,095 2076,9094 10272,86 13902,46
1,808 B 2214,2651 13066,845 11344,024 12041,433 5091,6416 523,12006 S 762,97986 4606,567 8489,095 2076,9094 10272,86 13902,46
1,8080003 B 2214,2651 13066,845 11344,024 12041,433 5091,6416 523,12006 S 762,97986 4606,567 8489,095 2076,9094 10272,86 13902,46
1,8080004 B 2214,2651 13066,845 11344,024 12041,433 5091,6416 523,12006 S 762,97986 4606,567 8489,095 2076,9094 10272,86 13902,46
1,8079995 B 2214,2651 13066,845 11344,024 12041,433 5091,6416 523,12006 S 762,97986 4606,567 8489,095 2076,9094 10272,86 13902,46
1,8072945 B 2214,2651 13066,845 11344,024 12041,433 5091,6416 523,12006 S 762,97986 4606,567 8489,095 2076,9094 10272,86 13902,46
1,8070004 B 2214,2651 13066,845 11344,024 12041,433 5091,6416 523,12006 S 762,97986 4606,567 8489,095 2076,9094 10272,86 13902,46
1,8069997 B 2214,2651 13066,845 11344,024 12041,433 5091,6416 523,12006 S 762,97986 4606,567 8489,095 2076,9094 10272,86 13902,46
1,8069998 B 2214,2651 13066,845 11344,024 12041,433 5091,6416 523,12006 S 762,97986 4606,567 8489,095 2076,9094 10272,86 13902,46
1,807006 B 2214,2651 13066,845 11344,024 12041,433 5091,6416 523,12006 S 762,97986 4606,567 8489,095 2076,9094 10272,86 13902,46
1,8079998 B 2214,2651 13066,845 11344,024 12041,433 5091,6416 523,12006 S 762,97986 4606,567 8489,095 2076,9094 10272,86 13902,46
1,8080007 B 2214,2651 13066,845 11344,024 12041,433 5091,6416 523,12006 S 762,97986 4606,567 8489,095 2076,9094 10272,86 13902,46
1,8080002 B 2214,2651 13066,845 11344,024 12041,433 5091,6416 523,12006 S 762,97986 4606,567 8489,095 2076,9094 10272,86 13902,46
1,8080003 B 2214,2651 13066,845 11344,024 12041,433 5091,6416 523,12006 S 762,97986 4606,567 8489,095 2076,9094 10272,86 13902,46
1,808 B 2214,2651 13066,845 11344,024 12041,433 5091,6416 523,12006 S 762,97986 4606,567 8489,095 2076,9094 10272,86 13902,46
1,8079997 B 2214,2651 13066,845 11344,024 12041,433 5091,6416 523,12006 S 762,97986 4606,567 8489,095 2076,9094 10272,86 13902,46
1,8080001 B 2214,2651 13066,845 11344,024 12041,433 5091,6416 523,12006 S 762,97986 4606,567 8489,095 2076,9094 10272,86 13902,46
1,8079995 B 2214,2651 13066,845 11344,024 12041,433 5091,6416 523,12006 S 762,97986 4606,567 8489,095 2076,9094 10272,86 13902,46
1,8079997 B 2214,2651 13066,845 11344,024 12041,433 5091,6416 523,12006 S 762,97986 4606,567 8489,095 2076,9094 10272,86 13902,46
1,8080002 B 2214,2651 13066,845 11344,024 12041,433 5091,6416 523,12006 S 762,97986 4606,567 8489,095 2076,9094 10272,86 13902,46
1,8079997 B 2214,2651 13066,845 11344,024 12041,433 5091,6416 523,12006 S 762,97986 4606,567 8489,095 2076,9094 10272,86 13902,46
1,808 B 2214,2651 13066,845 11344,024 12041,433 5091,6416 523,12006 S 762,97986 4606,567 8489,095 2076,9094 10272,86 13902,46
1,8079997 B 2214,2651 13066,845 11344,024 12041,433 5091,6416 523,12006 S 762,97986 4606,567 8489,095 2076,9094 10272,86 13902,46
1,808 B 2214,2651 13066,845 11344,024 12041,433 5091,6416 523,12006 S 762,97986 4606,567 8489,095 2076,9094 10272,86 13902,46
1,808 B 2214,2651 13066,845 11344,024 12041,433 5091,6416 523,12006 S 762,97986 4606,567 8489,095 2076,9094 10272,86 13902,46
1,8080006 B 2214,2651 13066,845 11344,024 12041,433 5091,6416 523,12006 S 762,97986 4606,567 8489,095 2076,9094 10272,86 13902,46
1,808 B 2214,2651 13066,845 11344,024 12041,433 5091,6416 523,12006 S 762,97986 4606,567 8489,095 2076,9094 10272,86 13902,46
