1,8050342
1,8039994 B 3084,4802 12450,92 8115,0103 3781,9407 3902,0503 13865,092 S 143,29 8088,639 16564,98 12277,061 6331,7803 930,3601
1,8040004 B 3084,4802 12450,92 8115,0103 3781,9407 3902,0503 13865,092 S 143,29 8088,639 16564,98 12277,061 6331,7803 930,3601
1,8039998 B 3084,4802 12450,92 8115,0103 3781,9407 3902,0503 13865,092 S 143,29 8088,639 16564,98 12277,061 6331,7803 930,3601
1,804 B 3084,4802 12450,92 8115,0103 3781,9407 3902,0503 13865,092 S 143,29 8088,639 16564,98 12277,061 6331,7803 930,3601
1,8040001 B 3084,4802 12450,92 8115,0103 3781,9407 3902,0503 13865,092 S 143,29 8088,639 16564,98 12277,061 6331,7803 930,3601
1,8039997 B 3084,4802 12450,92 8115,0103 3781,9407 3902,0503 13865,092 S 143,29 8088,639 16564,98 12277,061 6331,7803 930,3601
1,8039998 B 3084,4802 12450,92 8115,0103 3781,9407 3902,0503 13865,092 S 143,29 8088,639 16564,98 12277,061 6331,7803 930,3601
1,8040001 B 3084,4802 12450,92 8115,0103 3781,9407 3902,0503 13865,092 S 143,29 8088,639 16564,98 12277,061 6331,7803 930,3601
1,8039998 B 3084,4802 12450,92 8115,0103 3781,9407 3902,0503 13865,092 S 143,29 8088,639 16564,98 12277,061 6331,7803 930,3601
1,8040005 B 3084,4802 12450,92 8115,0103 3781,9407 3902,0503 13865,092 S 143,29 8088,639 16564,98 12277,061 6331,7803 930,3601
1,8040001 B 3084,4802 12450,92 8115,0103 3781,9407 3902,0503 13865,092 S 143,29 8088,639 16564,98 12277,061 6331,7803 930,3601
1,8040001 B 3084,4802 12450,92 8115,0103 3781,9407 3902,0503 13865,092 S 143,29 8088,639 16564,98 12277,061 6331,7803 930,3601
1,8040003 B 3084,4802 12450,92 8115,0103 3781,9407 3902,0503 13865,092 S 143,29 8088,639 16564,98 12277,061 6331,7803 930,3601
1,8040004 B 3084,4802 12450,92 8115,0103 3781,9407 3902,0503 13865,092 S 143,29 8088,639 16564,98 12277,061 6331,7803 930,3601
1,804 B 3084,4802 12450,92 8115,0103 3781,9407 3902,0503 13865,092 S 143,29 8088,639 16564,98 12277,061 6331,7803 930,3601
1,804 B 3084,4802 12450,92 8115,0103 3781,9407 3902,0503 13865,092 S 143,29 8088,639 16564,98 12277,061 6331,7803 930,3601
1,8039995 B 3084,4802 12450,92 8115,0103 3781,9407 3902,0503 13865,092 S 143,29 8088,639 16564,98 12277,061 6331,7803 930,3601
1,8039998 B 3084,4802 12450,92 8115,0103 3781,9407 3902,0503 13865,092 S 143,29 8088,639 16564,98 12277,061 6331,7803 930,3601
1,8058151 B 3084,4802 12450,92 8115,0103 3781,9407 3902,0503 13865,092 S 143,29 8088,639 16564,98 12277,061 6331,7803 930,3601
1,8070004 B 3084,4802 12450,92 8115,0103 3781,9407 3902,0503 13865,092 S 143,29 8088,639 16564,98 12277,061 6331,7803 930,3601
1,8069998 B 3084,4802 12450,92 8115,0103 3781,9407 3902,0503 13865,092 S 143,29 8088,639 16564,98 12277,061 6331,7803 930,3601
1,807 B 3084,4802 12450,92 8115,0103 3781,9407 3902,0503 13865,092 S 143,29 8088,639 16564,98 12277,061 6331,7803 930,3601
1,8070003 B 3084,4802 12450,92 8115,0103 3781,9407 3902,0503 13865,092 S 143,29 8088,639 16564,98 12277,061 6331,7803 930,3601
1,8069994 B 3084,4802 12450,92 8115,0103 3781,9407 3902,0503 13865,092 S 143,29 8088,639 16564,98 12277,061 6331,7803 930,3601
1,8069998 B 3084,4802 12450,92 8115,0103 3781,9407 3902,0503 13865,092 S 143,29 8088,639 16564,98 12277,061 6331,7803 930,3601
1,8070003 B 3084,4802 12450,92 8115,0103 3781,9407 3902,0503 13865,092 S 143,29 8088,639 16564,98 12277,061 6331,7803 930,3601
1,8069998 B 3084,4802 12450,92 8115,0103 3781,9407 3902,0503 13865,092 S 143,29 8088,639 16564,98 12277,061 6331,7803 930,3601
1,8069998 B 3084,4802 12450,92 8115,0103 3781,9407 3902,0503 13865,092 S 143,29 8088,639 16564,98 12277,061 6331,7803 930,3601
1,8069997 B 3084,4802 12450,92 8115,0103 3781,9407 3902,0503 13865,092 S 143,29 8088,639 16564,98 12277,061 6331,7803 930,3601
1,8070004 B 3084,4802 12450,92 8115,0103 3781,9407 3902,0503 13865,092 S 143,29 8088,639 16564,98 12277,061 6331,7803 930,3601
1,8070004 B 3084,4802 12450,92 8115,0103 3781,9407 3902,0503 13865,092 S 143,29 8088,639 16564,98 12277,061 6331,7803 930,3601
1,8069998 B 3084,4802 12450,92 8115,0103 3781,9407 3902,0503 13865,092 S 143,29 8088,639 16564,98 12277,061 6331,7803 930,3601
1,8070004 B 3084,4802 12450,92 8115,0103 3781,9407 3902,0503 13865,092 S 143,29 8088,639 16564,98 12277,061 6331,7803 930,3601
1,8069998 B 3084,4802 12450,92 8115,0103 3781,9407 3902,0503 13865,092 S 143,29 8088,639 16564,98 12277,061 6331,7803 930,3601
1,8071425 B 3084,4802 12450,92 8115,0103 3781,9407 3902,0503 13865,092 S 143,29 8088,639 16564,98 12277,061 6331,7803 930,3601
1,8080003 B 3084,4802 12450,92 8115,0103 3781,9407 3902,0503 13865,092 S 143,29 8088,639 16564,98 12277,061 6331,7803 930,3601
1,8080001 B 3084,4802 12450,92 8115,0103 3781,9407 3902,0503 13865,092 S 143,29 8088,639 16564,98 12277,061 6331,7803 930,3601
1,8080001 B 3084,4802 12450,92 8115,0103 3781,9407 3902,0503 13865,092 S 143,29 8088,639 16564,98 12277,061 6331,7803 930,3601
1,8079997 B 3084,4802 12450,92 8115,0103 3781,9407 3902,0503 13865,092 S 143,29 8088,639 16564,98 12277,061 6331,7803 930,3601
1,8080004 B 3084,4802 12450,92 8115,0103 3781,9407 3902,0503 13865,092 S 143,29 8088,639 16564,98 12277,061 6331,7803 930,3601
1,8079997 B 3084,4802 12450,92 8115,0103 3781,9407 3902,0503 13865,092 S 143,29 8088,639 16564,98 12277,061 6331,7803 930,3601
1,8087277 B 3084,4802 12450,92 8115,0103 3781,9407 3902,0503 13865,092 S 143,29 8088,639 16564,98 12277,061 6331,7803 930,3601
1,8099997 B 3084,4802 12450,92 8115,0103 3781,9407 3902,0503 13865,092 S 143,29 8088,639 16564,98 12277,061 6331,7803 930,3601
1,8100001 B 3084,4802 12450,92 8115,0103 3781,9407 3902,0503 13865,092 S 143,29 8088,639 16564,98 12277,061 6331,7803 930,3601
1,8100001 B 3084,4802 12450,92 8115,0103 3781,9407 3902,0503 13865,092 S 143,29 8088,639 16564,98 12277,061 6331,7803 930,3601
1,8100002 B 3084,4802 12450,92 8115,0103 3781,9407 3902,0503 13865,092 S 143,29 8088,639 16564,98 12277,061 6331,7803 930,3601
1,8099995 B 3084,4802 12450,92 8115,0103 3781,9407 3902,0503 13865,092 S 143,29 8088,639 16564,98 12277,061 6331,7803 930,3601
1,8099997 B 3084,4802 12450,92 8115,0103 3781,9407 3902,0503 13865,092 S 143,29 8088,639 16564,98 12277,061 6331,7803 930,3601
1,8100003 B 3084,4802 12450,92 8115,0103 3781,9407 3902,0503 13865,092 S 143,29 8088,639 16564,98 12277,061 6331,7803 930,3601
1,8100002 B 3084,4802 12450,92 8115,0103 3781,9407 3902,0503 13865,092 S 143,29 8088,639 16564,98 12277,061 6331,7803 930,3601
1,8100001 B 3084,4802 12450,92 8115,0103 3781,9407 3902,0503 13865,092 S 143,29 8088,639 16564,98 12277,061 6331,7803 930,3601
1,8099997 B 3084,4802 12450,92 8115,0103 3781,9407 3902,0503 13865,092 S 143,29 8088,639 16564,98 12277,061 6331,7803 930,3601
1,8094848 B 3084,4802 12450,92 8115,0103 3781,9407 3902,0503 13865,092 S 143,29 8088,639 16564,98 12277,061 6331,7803 930,3601
1,8090004 B 3084,4802 12450,92 8115,0103 3781,9407 3902,0503 13865,092 S 143,29 8088,639 16564,98 12277,061 6331,7803 930,3601
1,8090003 B 3084,4802 12450,92 8115,0103 3781,9407 3902,0503 13865,092 S 143,29 8088,639 16564,98 12277,061 6331,7803 930,3601
1,8089994 B 3084,4802 12450,92 8115,0103 3781,9407 3902,0503 13865,092 S 143,29 8088,639 16564,98 12277,061 6331,7803 930,3601
1,8090003 B 3084,4802 12450,92 8115,0103 3781,9407 3902,0503 13865,092 S 143,29 8088,639 16564,98 12277,061 6331,7803 930,3601
1,8089998 B 3084,4802 12450,92 8115,0103 3781,9407 3902,0503 13865,092 S 143,29 8088,639 16564,98 12277,061 6331,7803 930,3601
1,8090001 B 3084,4802 12450,92 8115,0103 3781,9407 3902,0503 13865,092 S 143,29 8088,639 16564,98 12277,061 6331,7803 930,3601
1,8090001 B 3084,4802 12450,92 8115,0103 3781,9407 3902,0503 13865,092 S 143,29 8088,639 16564,98 12277,061 6331,7803 930,3601
1,8089997 B 3084,4802 12450,92 8115,0103 3781,9407 3902,0503 13865,092 S 143,29 8088,639 16564,98 12277,061 6331,7803 930,3601
1,8090004 B 3084,4802 12450,92 8115,0103 3781,9407 3902,0503 13865,092 S 143,29 8088,639 16564,98 12277,061 6331,7803 930,3601
1,8093019 B 3084,4802 12450,92 8115,0103 3781,9407 3902,0503 13865,092 S 143,29 8088,639 16564,98 12277,061 6331,7803 930,3601
1,8100002 B 3084,4802 12450,92 8115,0103 3781,9407 3902,0503 13865,092 S 143,29 8088,639 16564,98 12277,061 6331,7803 930,3601
1,8099993 B 3084,4802 12450,92 8115,0103 3781,9407 3902,0503 13865,092 S 143,29 8088,639 16564,98 12277,061 6331,7803 930,3601
1,8099998 B 3084,4802 12450,92 8115,0103 3781,9407 3902,0503 13865,092 S 143,29 8088,639 16564,98 12277,061 6331,7803 930,3601
1,8093618 B 3084,4802 12450,92 8115,0103 3781,9407 3902,0503 13865,092 S 143,29 8088,639 16564,98 12277,061 6331,7803 930,3601
1,809 B 3084,4802 12450,92 8115,0103 3781,9407 3902,0503 13865,092 S 143,29 8088,639 16564,98 12277,061 6331,7803 930,3601
1,8087909 B 3084,4802 12450,92 8115,0103 3781,9407 3902,0503 13865,092 S 143,29 8088,639 16564,98 12277,061 6331,7803 930,3601
1,8069994 B 3084,4802 12450,92 8115,0103 3781,9407 3902,0503 13865,092 S 143,29 8088,639 16564,98 12277,061 6331,7803 930,3601
1,8070003 B 3084,4802 12450,92 8115,0103 3781,9407 3902,0503 13865,092 S 143,29 8088,639 16564,98 12277,061 6331,7803 930,3601
1,8069997 B 3084,4802 12450,92 8115,0103 3781,9407 3902,0503 13865,092 S 143,29 8088,639 16564,98 12277,061 6331,7803 930,3601
1,8068001 B 3084,4802 12450,92 8115,0103 3781,9407 3902,0503 13865,092 S 143,29 8088,639 16564,98 12277,061 6331,7803 930,3601
1,8059995 B 3084,4802 12450,92 8115,0103 3781,9407 3902,0503 13865,092 S 143,29 8088,639 16564,98 12277,061 6331,7803 930,3601
1,8059999 B 3084,4802 12450,92 8115,0103 3781,9407 3902,0503 13865,092 S 143,29 8088,639 16564,98 12277,061 6331,7803 930,3601
1,8059998 B 3084,4802 12450,92 8115,0103 3781,9407 3902,0503 13865,092 S 143,29 8088,639 16564,98 12277,061 6331,7803 930,3601
1,8059998 B 3084,4802 12450,92 8115,0103 3781,9407 3902,0503 13865,092 S 143,29 8088,639 16564,98 12277,061 6331,7803 930,3601
1,806 B 3084,4802 12450,92 8115,0103 3781,9407 3902,0503 13865,092 S 143,29 8088,639 16564,98 12277,061 6331,7803 930,3601
1,8060005 B 3084,4802 12450,92 8115,0103 3781,9407 3902,0503 13865,092 S 143,29 8088,639 16564,98 12277,061 6331,7803 930,3601
1,8060002 B 3084,4802 12450,92 8115,0103 3781,9407 3902,0503 13865,092 S 143,29 8088,639 16564,98 12277,061 6331,7803 930,3601
1,8048333 B 3084,4802 12450,92 8115,0103 3781,9407 3902,0503 13865,092 S 143,29 8088,639 16564,98 12277,061 6331,7803 930,3601
1,8040003 B 3084,4802 12450,92 8115,0103 3781,9407 3902,0503 13865,092 S 143,29 8088,639 16564,98 12277,061 6331,7803 930,3601
1,8039997 B 3084,4802 12450,92 8115,0103 3781,9407 3902,0503 13865,092 S 143,29 8088,639 16564,98 12277,061 6331,7803 930,3601
1,8040004 B 3084,4802 12450,92 8115,0103 3781,9407 3902,0503 13865,092 S 143,29 8088,639 16564,98 12277,061 6331,7803 930,3601
1,8040004 B 3084,4802 12450,92 8115,0103 3781,9407 3902,0503 13865,092 S 143,29 8088,639 16564,98 12277,061 6331,7803 930,3601
1,8040005 B 3084,4802 12450,92 8115,0103 3781,9407 3902,0503 13865,092 S 143,29 8088,639 16564,98 12277,061 6331,7803 930,3601
1,8040003 B 3084,4802 12450,92 8115,0103 3781,9407 3902,0503 13865,092 S 143,29 8088,639 16564,98 12277,061 6331,7803 930,3601
1,8039998 B 3084,4802 12450,92 8115,0103 3781,9407 3902,0503 13865,092 S 143,29 8088,639 16564,98 12277,061 6331,7803 930,3601
1,8039998 B 3084,4802 12450,92 8115,0103 3781,9407 3902,0503 13865,092 S 143,29 8088,639 16564,98 12277,061 6331,7803 930,3601
1,8039998 B 3084,4802 12450,92 8115,0103 3781,9407 3902,0503 13865,092 S 143,29 8088,639 16564,98 12277,061 6331,7803 930,3601
1,8040001 B 3084,4802 12450,92 8115,0103 3781,9407 3902,0503 13865,092 S 143,29 8088,639 16564,98 12277,061 6331,7803 930,3601
1,8039997 B 3084,4802 12450,92 8115,0103 3781,9407 3902,0503 13865,092 S 143,29 8088,639 16564,98 12277,061 6331,7803 930,3601
1,8039997 B 3084,4802 12450,92 8115,0103 3781,9407 3902,0503 13865,092 S 143,29 8088,639 16564,98 12277,061 6331,7803 930,3601
1,8045148 B 3084,4802 12450,92 8115,0103 3781,9407 3902,0503 13865,092 S 143,29 8088,639 16564,98 12277,061 6331,7803 930,3601
1,805 B 3084,4802 12450,92 8115,0103 3781,9407 3902,0503 13865,092 S 143,29 8088,639 16564,98 12277,061 6331,7803 930,3601
1,805 B 3084,4802 12450,92 8115,0103 3781,9407 3902,0503 13865,092 S 143,29 8088,639 16564,98 12277,061 6331,7803 930,3601
1,8050002 B 3084,4802 12450,92 8115,0103 3781,9407 3902,0503 13865,092 S 143,29 8088,639 16564,98 12277,061 6331,7803 930,3601
1,8050001 B 3084,4802 12450,92 8115,0103 3781,9407 3902,0503 13865,092 S 143,29 8088,639 16564,98 12277,061 6331,7803 930,3601
1,8042057 B 3084,4802 12450,92 8115,0103 3781,9407 3902,0503 13865,092 S 143,29 8088,639 16564,98 12277,061 6331,7803 930,3601
1,8039995 B 3084,4802 12450,92 8115,0103 3781,9407 3902,0503 13865,092 S 143,29 8088,639 16564,98 12277,061 6331,7803 930,3601
1,8039997 B 3084,4802 12450,92 8115,0103 3781,9407 3902,0503 13865,092 S 143,29 8088,639 16564,98 12277,061 6331,7803 930,3601
1,8040706 B 3084,4802 12450,92 8115,0103 3781,9407 3902,0503 13865,092 S 143,29 8088,639 16564,98 12277,061 6331,7803 930,3601
1,8050005 B 3084,4802 12450,92 8115,0103 3781,9407 3902,0503 13865,092 S 143,29 8088,639 16564,98 12277,061 6331,7803 930,3601
1,8049992 B 3084,4802 12450,92 8115,0103 3781,9407 3902,0503 13865,092 S 143,29 8088,639 16564,98 12277,061 6331,7803 930,3601
1,8050002 B 3084,4802 12450,92 8115,0103 3781,9407 3902,0503 13865,092 S 143,29 8088,639 16564,98 12277,061 6331,7803 930,3601
1,8050005 B 3084,4802 12450,92 8115,0103 3781,9407 3902,0503 13865,092 S 143,29 8088,639 16564,98 12277,061 6331,7803 930,3601
1,8049996 B 3084,4802 12450,92 8115,0103 3781,9407 3902,0503 13865,092 S 143,29 8088,639 16564,98 12277,061 6331,7803 930,3601
1,8050003 B 3084,4802 12450,92 8115,0103 3781,9407 3902,0503 13865,092 S 143,29 8088,639 16564,98 12277,061 6331,7803 930,3601
1,8049997 B 3084,4802 12450,92 8115,0103 3781,9407 3902,0503 13865,092 S 143,29 8088,639 16564,98 12277,061 6331,7803 930,3601
1,805 B 3084,4802 12450,92 8115,0103 3781,9407 3902,0503 13865,092 S 143,29 8088,639 16564,98 12277,061 6331,7803 930,3601
1,8050001 B 3084,4802 12450,92 8115,0103 3781,9407 3902,0503 13865,092 S 143,29 8088,639 16564,98 12277,061 6331,7803 930,3601
1,8049996 B 3084,4802 12450,92 8115,0103 3781,9407 3902,0503 13865,092 S 143,29 8088,639 16564,98 12277,061 6331,7803 930,3601
1,8050003 B 3084,4802 12450,92 8115,0103 3781,9407 3902,0503 13865,092 S 143,29 8088,639 16564,98 12277,061 6331,7803 930,3601
1,8049996 B 3084,4802 12450,92 8115,0103 3781,9407 3902,0503 13865,092 S 143,29 8088,639 16564,98 12277,061 6331,7803 930,3601
1,8050001 B 3084,4802 12450,92 8115,0103 3781,9407 3902,0503 13865,092 S 143,29 8088,639 16564,98 12277,061 6331,7803 930,3601
1,8050004 B 3084,4802 12450,92 8115,0103 3781,9407 3902,0503 13865,092 S 143,29 8088,639 16564,98 12277,061 6331,7803 930,3601
1,805 B 3084,4802 12450,92 8115,0103 3781,9407 3902,0503 13865,092 S 143,29 8088,639 16564,98 12277,061 6331,7803 930,3601
1,8049995 B 3084,4802 12450,92 8115,0103 3781,9407 3902,0503 13865,092 S 143,29 8088,639 16564,98 12277,061 6331,7803 930,3601
1,8050005 B 3084,4802 12450,92 8115,0103 3781,9407 3902,0503 13865,092 S 143,29 8088,639 16564,98 12277,061 6331,7803 930,3601
1,8050003 B 3084,4802 12450,92 8115,0103 3781,9407 3902,0503 13865,092 S 143,29 8088,639 16564,98 12277,061 6331,7803 930,3601
1,8040528 B 3084,4802 12450,92 8115,0103 3781,9407 3902,0503 13865,092 S 143,29 8088,639 16564,98 12277,061 6331,7803 930,3601
1,8040004 B 3084,4802 12450,92 8115,0103 3781,9407 3902,0503 13865,092 S 143,29 8088,639 16564,98 12277,061 6331,7803 930,3601
1,8040003 B 3084,4802 12450,92 8115,0103 3781,9407 3902,0503 13865,092 S 143,29 8088,639 16564,98 12277,061 6331,7803 930,3601
1,8040003 B 3084,4802 12450,92 8115,0103 3781,9407 3902,0503 13865,092 S 143,29 8088,639 16564,98 12277,061 6331,7803 930,3601
1,8040006 B 3084,4802 12450,92 8115,0103 3781,9407 3902,0503 13865,092 S 143,29 8088,639 16564,98 12277,061 6331,7803 930,3601
1,804 B 3084,4802 12450,92 8115,0103 3781,9407 3902,0503 13865,092 S 143,29 8088,639 16564,98 12277,061 6331,7803 930,3601
1,8040007 B 3084,4802 12450,92 8115,0103 3781,9407 3902,0503 13865,092 S 143,29 8088,639 16564,98 12277,061 6331,7803 930,3601
1,8030852 B 3084,4802 12450,92 8115,0103 3781,9407 3902,0503 13865,092 S 143,29 8088,639 16564,98 12277,061 6331,7803 930,3601
1,8019671 B 3084,4802 12450,92 8115,0103 3781,9407 3902,0503 13865,092 S 143,29 8088,639 16564,98 12277,061 6331,7803 930,3601
1,8008584 B 3084,4802 12450,92 8115,0103 3781,9407 3902,0503 13865,092 S 143,29 8088,639 16564,98 12277,061 6331,7803 930,3601
1,8000003 B 3084,4802 12450,92 8115,0103 3781,9407 3902,0503 13865,092 S 143,29 8088,639 16564,98 12277,061 6331,7803 930,3601
1,7999997 B 3084,4802 12450,92 8115,0103 3781,9407 3902,0503 13865,092 S 143,29 8088,639 16564,98 12277,061 6331,7803 930,3601
1,7999998 B 3084,4802 12450,92 8115,0103 3781,9407 3902,0503 13865,092 S 143,29 8088,639 16564,98 12277,061 6331,7803 930,3601
1,8 B 3084,4802 12450,92 8115,0103 3781,9407 3902,0503 13865,092 S 143,29 8088,639 16564,98 12277,061 6331,7803 930,3601
1,8000001 B 3084,4802 12450,92 8115,0103 3781,9407 3902,0503 13865,092 S 143,29 8088,639 16564,98 12277,061 6331,7803 930,3601
1,7999998 B 3084,4802 12450,92 8115,0103 3781,9407 3902,0503 13865,092 S 143,29 8088,639 16564,98 12277,061 6331,7803 930,3601
1,8 B 3084,4802 12450,92 8115,0103 3781,9407 3902,0503 13865,092 S 143,29 8088,639 16564,98 12277,061 6331,7803 930,3601
1,8000001 B 3084,4802 12450,92 8115,0103 3781,9407 3902,0503 13865,092 S 143,29 8088,639 16564,98 12277,061 6331,7803 930,3601
1,8 B 3084,4802 12450,92 8115,0103 3781,9407 3902,0503 13865,092 S 143,29 8088,639 16564,98 12277,061 6331,7803 930,3601
1,7999997 B 3084,4802 12450,92 8115,0103 3781,9407 3902,0503 13865,092 S 143,29 8088,639 16564,98 12277,061 6331,7803 930,3601
1,7999997 B 3084,4802 12450,92 8115,0103 3781,9407 3902,0503 13865,092 S 143,29 8088,639 16564,98 12277,061 6331,7803 930,3601
1,8008183 B 3084,4802 12450,92 8115,0103 3781,9407 3902,0503 13865,092 S 143,29 8088,639 16564,98 12277,061 6331,7803 930,3601
1,8020003 B 3084,4802 12450,92 8115,0103 3781,9407 3902,0503 13865,092 S 143,29 8088,639 16564,98 12277,061 6331,7803 930,3601
1,8019998 B 3084,4802 12450,92 8115,0103 3781,9407 3902,0503 13865,092 S 143,29 8088,639 16564,98 12277,061 6331,7803 930,3601
1,8020005 B 3084,4802 12450,92 8115,0103 3781,9407 3902,0503 13865,092 S 143,29 8088,639 16564,98 12277,061 6331,7803 930,3601
1,802 B 3084,4802 12450,92 8115,0103 3781,9407 3902,0503 13865,092 S 143,29 8088,639 16564,98 12277,061 6331,7803 930,3601
1,8020004 B 3084,4802 12450,92 8115,0103 3781,9407 3902,0503 13865,092 S 143,29 8088,639 16564,98 12277,061 6331,7803 930,3601
1,8020003 B 3084,4802 12450,92 8115,0103 3781,9407 3902,0503 13865,092 S 143,29 8088,639 16564,98 12277,061 6331,7803 930,3601
1,8020005 B 3084,4802 12450,92 8115,0103 3781,9407 3902,0503 13865,092 S 143,29 8088,639 16564,98 12277,061 6331,7803 930,3601
1,8020003 B 3084,4802 12450,92 8115,0103 3781,9407 3902,0503 13865,092 S 143,29 8088,639 16564,98 12277,061 6331,7803 930,3601
1,8019997 B 3084,4802 12450,92 8115,0103 3781,9407 3902,0503 13865,092 S 143,29 8088,639 16564,98 12277,061 6331,7803 930,3601
1,8019999 B 3084,4802 12450,92 8115,0103 3781,9407 3902,0503 13865,092 S 143,29 8088,639 16564,98 12277,061 6331,7803 930,3601
1,8020002 B 3084,4802 12450,92 8115,0103 3781,9407 3902,0503 13865,092 S 143,29 8088,639 16564,98 12277,061 6331,7803 930,3601
1,8020004 B 3084,4802 12450,92 8115,0103 3781,9407 3902,0503 13865,092 S 143,29 8088,639 16564,98 12277,061 6331,7803 930,3601
1,8019999 B 3084,4802 12450,92 8115,0103 3781,9407 3902,0503 13865,092 S 143,29 8088,639 16564,98 12277,061 6331,7803 930,3601
1,8020004 B 3084,4802 12450,92 8115,0103 3781,9407 3902,0503 13865,092 S 143,29 8088,639 16564,98 12277,061 6331,7803 930,3601
1,8019999 B 3084,4802 12450,92 8115,0103 3781,9407 3902,0503 13865,092 S 143,29 8088,639 16564,98 12277,061 6331,7803 930,3601
1,8027165 B 3084,4802 12450,92 8115,0103 3781,9407 3902,0503 13865,092 S 143,29 8088,639 16564,98 12277,061 6331,7803 930,3601
1,8030003 B 3084,4802 12450,92 8115,0103 3781,9407 3902,0503 13865,092 S 143,29 8088,639 16564,98 12277,061 6331,7803 930,3601
1,8030001 B 3084,4802 12450,92 8115,0103 3781,9407 3902,0503 13865,092 S 143,29 8088,639 16564,98 12277,061 6331,7803 930,3601
1,8029997 B 3084,4802 12450,92 8115,0103 3781,9407 3902,0503 13865,092 S 143,29 8088,639 16564,98 12277,061 6331,7803 930,3601
1,8029997 B 3084,4802 12450,92 8115,0103 3781,9407 3902,0503 13865,092 S 143,29 8088,639 16564,98 12277,061 6331,7803 930,3601
1,8029997 B 3084,4802 12450,92 8115,0103 3781,9407 3902,0503 13865,092 S 143,29 8088,639 16564,98 12277,061 6331,7803 930,3601
1,8030002 B 3084,4802 12450,92 8115,0103 3781,9407 3902,0503 13865,092 S 143,29 8088,639 16564,98 12277,061 6331,7803 930,3601
1,8030007 B 3084,4802 12450,92 8115,0103 3781,9407 3902,0503 13865,092 S 143,29 8088,639 16564,98 12277,061 6331,7803 930,3601
1,803 B 3084,4802 12450,92 8115,0103 3781,9407 3902,0503 13865,092 S 143,29 8088,639 16564,98 12277,061 6331,7803 930,3601
1,8029996 B 3084,4802 12450,92 8115,0103 3781,9407 3902,0503 13865,092 S 143,29 8088,639 16564,98 12277,061 6331,7803 930,3601
1,803 B 3084,4802 12450,92 8115,0103 3781,9407 3902,0503 13865,092 S 143,29 8088,639 16564,98 12277,061 6331,7803 930,3601
1,8030002 B 3084,4802 12450,92 8115,0103 3781,9407 3902,0503 13865,092 S 143,29 8088,639 16564,98 12277,061 6331,7803 930,3601
1,8030002 B 3084,4802 12450,92 8115,0103 3781,9407 3902,0503 13865,092 S 143,29 8088,639 16564,98 12277,061 6331,7803 930,3601
1,8030002 B 3084,4802 12450,92 8115,0103 3781,9407 3902,0503 13865,092 S 143,29 8088,639 16564,98 12277,061 6331,7803 930,3601
1,8029999 B 3084,4802 12450,92 8115,0103 3781,9407 3902,0503 13865,092 S 143,29 8088,639 16564,98 12277,061 6331,7803 930,3601
1,8030002 B 3084,4802 12450,92 8115,0103 3781,9407 3902,0503 13865,092 S 143,29 8088,639 16564,98 12277,061 6331,7803 930,3601
1,8030002 B 3084,4802 12450,92 8115,0103 3781,9407 3902,0503 13865,092 S 143,29 8088,639 16564,98 12277,061 6331,7803 930,3601
1,8029997 B 3084,4802 12450,92 8115,0103 3781,9407 3902,0503 13865,092 S 143,29 8088,639 16564,98 12277,061 6331,7803 930,3601
1,8029996 B 3084,4802 12450,92 8115,0103 3781,9407 3902,0503 13865,092 S 143,29 8088,639 16564,98 12277,061 6331,7803 930,3601
1,8020185 B 3084,4802 12450,92 8115,0103 3781,9407 3902,0503 13865,092 S 143,29 8088,639 16564,98 12277,061 6331,7803 930,3601
1,8010002 B 3084,4802 12450,92 8115,0103 3781,9407 3902,0503 13865,092 S 143,29 8088,639 16564,98 12277,061 6331,7803 930,3601
1,8010002 B 3084,4802 12450,92 8115,0103 3781,9407 3902,0503 13865,092 S 143,29 8088,639 16564,98 12277,061 6331,7803 930,3601
1,8010005 B 3084,4802 12450,92 8115,0103 3781,9407 3902,0503 13865,092 S 143,29 8088,639 16564,98 12277,061 6331,7803 930,3601
1,801 B 3084,4802 12450,92 8115,0103 3781,9407 3902,0503 13865,092 S 143,29 8088,639 16564,98 12277,061 6331,7803 930,3601
1,8010002 B 3084,4802 12450,92 8115,0103 3781,9407 3902,0503 13865,092 S 143,29 8088,639 16564,98 12277,061 6331,7803 930,3601
1,801 B 3084,4802 12450,92 8115,0103 3781,9407 3902,0503 13865,092 S 143,29 8088,639 16564,98 12277,061 6331,7803 930,3601
1,8015589 B 3084,4802 12450,92 8115,0103 3781,9407 3902,0503 13865,092 S 143,29 8088,639 16564,98 12277,061 6331,7803 930,3601
1,8029578 B 3084,4802 12450,92 8115,0103 3781,9407 3902,0503 13865,092 S 143,29 8088,639 16564,98 12277,061 6331,7803 930,3601
1,803 B 3084,4802 12450,92 8115,0103 3781,9407 3902,0503 13865,092 S 143,29 8088,639 16564,98 12277,061 6331,7803 930,3601
1,803 B 3084,4802 12450,92 8115,0103 3781,9407 3902,0503 13865,092 S 143,29 8088,639 16564,98 12277,061 6331,7803 930,3601
1,8030001 B 3084,4802 12450,92 8115,0103 3781,9407 3902,0503 13865,092 S 143,29 8088,639 16564,98 12277,061 6331,7803 930,3601
1,8029994 B 3084,4802 12450,92 8115,0103 3781,9407 3902,0503 13865,092 S 143,29 8088,639 16564,98 12277,061 6331,7803 930,3601
1,8030001 B 3084,4802 12450,92 8115,0103 3781,9407 3902,0503 13865,092 S 143,29 8088,639 16564,98 12277,061 6331,7803 930,3601
1,8032795 B 3084,4802 12450,92 8115,0103 3781,9407 3902,0503 13865,092 S 143,29 8088,639 16564,98 12277,061 6331,7803 930,3601
1,8040004 B 3084,4802 12450,92 8115,0103 3781,9407 3902,0503 13865,092 S 143,29 8088,639 16564,98 12277,061 6331,7803 930,3601
1,8039998 B 3084,4802 12450,92 8115,0103 3781,9407 3902,0503 13865,092 S 143,29 8088,639 16564,98 12277,061 6331,7803 930,3601
1,8048588 B 3084,4802 12450,92 8115,0103 3781,9407 3902,0503 13865,092 S 143,29 8088,639 16564,98 12277,061 6331,7803 930,3601
1,805 B 3084,4802 12450,92 8115,0103 3781,9407 3902,0503 13865,092 S 143,29 8088,639 16564,98 12277,061 6331,7803 930,3601
1,8049998 B 3084,4802 12450,92 8115,0103 3781,9407 3902,0503 13865,092 S 143,29 8088,639 16564,98 12277,061 6331,7803 930,3601
1,8049992 B 3084,4802 12450,92 8115,0103 3781,9407 3902,0503 13865,092 S 143,29 8088,639 16564,98 12277,061 6331,7803 930,3601
1,8050003 B 3084,4802 12450,92 8115,0103 3781,9407 3902,0503 13865,092 S 143,29 8088,639 16564,98 12277,061 6331,7803 930,3601
1,8049998 B 3084,4802 12450,92 8115,0103 3781,9407 3902,0503 13865,092 S 143,29 8088,639 16564,98 12277,061 6331,7803 930,3601
1,8050002 B 3084,4802 12450,92 8115,0103 3781,9407 3902,0503 13865,092 S 143,29 8088,639 16564,98 12277,061 6331,7803 930,3601
1,8049998 B 3084,4802 12450,92 8115,0103 3781,9407 3902,0503 13865,092 S 143,29 8088,639 16564,98 12277,061 6331,7803 930,3601
1,8050001 B 3084,4802 12450,92 8115,0103 3781,9407 3902,0503 13865,092 S 143,29 8088,639 16564,98 12277,061 6331,7803 930,3601
1,8049997 B 3084,4802 12450,92 8115,0103 3781,9407 3902,0503 13865,092 S 143,29 8088,639 16564,98 12277,061 6331,7803 930,3601
1,8063964 B 3084,4802 12450,92 8115,0103 3781,9407 3902,0503 13865,092 S 143,29 8088,639 16564,98 12277,061 6331,7803 930,3601
1,8070004 B 3084,4802 12450,92 8115,0103 3781,9407 3902,0503 13865,092 S 143,29 8088,639 16564,98 12277,061 6331,7803 930,3601
1,8069999 B 3084,4802 12450,92 8115,0103 3781,9407 3902,0503 13865,092 S 143,29 8088,639 16564,98 12277,061 6331,7803 930,3601
1,8069997 B 3084,4802 12450,92 8115,0103 3781,9407 3902,0503 13865,092 S 143,29 8088,639 16564,98 12277,061 6331,7803 930,3601
1,8069997 B 3084,4802 12450,92 8115,0103 3781,9407 3902,0503 13865,092 S 143,29 8088,639 16564,98 12277,061 6331,7803 930,3601
1,8070004 B 3084,4802 12450,92 8115,0103 3781,9407 3902,0503 13865,092 S 143,29 8088,639 16564,98 12277,061 6331,7803 930,3601
1,8069999 B 3084,4802 12450,92 8115,0103 3781,9407 3902,0503 13865,092 S 143,29 8088,639 16564,98 12277,061 6331,7803 930,3601
1,8070003 B 3084,4802 12450,92 8115,0103 3781,9407 3902,0503 13865,092 S 143,29 8088,639 16564,98 12277,061 6331,7803 930,3601
1,807 B 3084,4802 12450,92 8115,0103 3781,9407 3902,0503 13865,092 S 143,29 8088,639 16564,98 12277,061 6331,7803 930,3601
1,8069997 B 3084,4802 12450,92 8115,0103 3781,9407 3902,0503 13865,092 S 143,29 8088,639 16564,98 12277,061 6331,7803 930,3601
1,8070003 B 3084,4802 12450,92 8115,0103 3781,9407 3902,0503 13865,092 S 143,29 8088,639 16564,98 12277,061 6331,7803 930,3601
1,8069997 B 3084,4802 12450,92 8115,0103 3781,9407 3902,0503 13865,092 S 143,29 8088,639 16564,98 12277,061 6331,7803 930,3601
1,8065239 B 3084,4802 12450,92 8115,0103 3781,9407 3902,0503 13865,092 S 143,29 8088,639 16564,98 12277,061 6331,7803 930,3601
1,8049997 B 3084,4802 12450,92 8115,0103 3781,9407 3902,0503 13865,092 S 143,29 8088,639 16564,98 12277,061 6331,7803 930,3601
1,8050003 B 3084,4802 12450,92 8115,0103 3781,9407 3902,0503 13865,092 S 143,29 8088,639 16564,98 12277,061 6331,7803 930,3601
1,8049996 B 3084,4802 12450,92 8115,0103 3781,9407 3902,0503 13865,092 S 143,29 8088,639 16564,98 12277,061 6331,7803 930,3601
1,8050001 B 3084,4802 12450,92 8115,0103 3781,9407 3902,0503 13865,092 S 143,29 8088,639 16564,98 12277,061 6331,7803 930,3601
1,8050004 B 3084,4802 12450,92 8115,0103 3781,9407 3902,0503 13865,092 S 143,29 8088,639 16564,98 12277,061 6331,7803 930,3601
1,8050001 B 3084,4802 12450,92 8115,0103 3781,9407 3902,0503 13865,092 S 143,29 8088,639 16564,98 12277,061 6331,7803 930,3601
1,8050002 B 3084,4802 12450,92 8115,0103 3781,9407 3902,0503 13865,092 S 143,29 8088,639 16564,98 12277,061 6331,7803 930,3601
1,805 B 3084,4802 12450,92 8115,0103 3781,9407 3902,0503 13865,092 S 143,29 8088,639 16564,98 12277,061 6331,7803 930,3601
1,8049996 B 3084,4802 12450,92 8115,0103 3781,9407 3902,0503 13865,092 S 143,29 8088,639 16564,98 12277,061 6331,7803 930,3601
1,8049998 B 3084,4802 12450,92 8115,0103 3781,9407 3902,0503 13865,092 S 143,29 8088,639 16564,98 12277,061 6331,7803 930,3601
1,8050004 B 3084,4802 12450,92 8115,0103 3781,9407 3902,0503 13865,092 S 143,29 8088,639 16564,98 12277,061 6331,7803 930,3601
1,8050008 B 3084,4802 12450,92 8115,0103 3781,9407 3902,0503 13865,092 S 143,29 8088,639 16564,98 12277,061 6331,7803 930,3601
1,8062973 B 3084,4802 12450,92 8115,0103 3781,9407 3902,0503 13865,092 S 143,29 8088,639 16564,98 12277,061 6331,7803 930,3601
1,8069999 B 3084,4802 12450,92 8115,0103 3781,9407 3902,0503 13865,092 S 143,29 8088,639 16564,98 12277,061 6331,7803 930,3601
1,8069997 B 3084,4802 12450,92 8115,0103 3781,9407 3902,0503 13865,092 S 143,29 8088,639 16564,98 12277,061 6331,7803 930,3601
1,8070005 B 3084,4802 12450,92 8115,0103 3781,9407 3902,0503 13865,092 S 143,29 8088,639 16564,98 12277,061 6331,7803 930,3601
1,8076077 B 3084,4802 12450,92 8115,0103 3781,9407 3902,0503 13865,092 S 143,29 8088,639 16564,98 12277,061 6331,7803 930,3601
1,8080003 B 3084,4802 12450,92 8115,0103 3781,9407 3902,0503 13865,092 S 143,29 8088,639 16564,98 12277,061 6331,7803 930,3601
1,8080004 B 3084,4802 12450,92 8115,0103 3781,9407 3902,0503 13865,092 S 143,29 8088,639 16564,98 12277,061 6331,7803 930,3601
1,8079998 B 3084,4802 12450,92 8115,0103 3781,9407 3902,0503 13865,092 S 143,29 8088,639 16564,98 12277,061 6331,7803 930,3601
1,8080002 B 3084,4802 12450,92 8115,0103 3781,9407 3902,0503 13865,092 S 143,29 8088,639 16564,98 12277,061 6331,7803 930,3601
1,8079993 B 3084,4802 12450,92 8115,0103 3781,9407 3902,0503 13865,092 S 143,29 8088,639 16564,98 12277,061 6331,7803 930,3601
1,8079995 B 3084,4802 12450,92 8115,0103 3781,9407 3902,0503 13865,092 S 143,29 8088,639 16564,98 12277,061 6331,7803 930,3601
1,8080002 B 3084,4802 12450,92 8115,0103 3781,9407 3902,0503 13865,092 S 143,29 8088,639 16564,98 12277,061 6331,7803 930,3601
