1,790688
1,7901198 B 1385,3534 10377,011 17798,342 5012,2207 17840,105 2593,0796 S 2355,3804 20933,041 5036,471 5557,2017 16583,916 662,60004
1,7907912 B 1385,3534 10377,011 17798,342 5012,2207 17840,105 2593,0796 S 2355,3804 20933,041 5036,471 5557,2017 16583,916 662,60004
1,791 B 1385,3534 10377,011 17798,342 5012,2207 17840,105 2593,0796 S 2355,3804 20933,041 5036,471 5557,2017 16583,916 662,60004
1,7909544 B 1385,3534 10377,011 17798,342 5012,2207 17840,105 2593,0796 S 2355,3804 20933,041 5036,471 5557,2017 16583,916 662,60004
1,7888122 B 1385,3534 10377,011 17798,342 5012,2207 17840,105 2593,0796 S 2355,3804 20933,041 5036,471 5557,2017 16583,916 662,60004
1,7871289 B 1385,3534 10377,011 17798,342 5012,2207 17840,105 2593,0796 S 2355,3804 20933,041 5036,471 5557,2017 16583,916 662,60004
1,7860001 B 1385,3534 10377,011 17798,342 5012,2207 17840,105 2593,0796 S 2355,3804 20933,041 5036,471 5557,2017 16583,916 662,60004
1,7859995 B 1385,3534 10377,011 17798,342 5012,2207 17840,105 2593,0796 S 2355,3804 20933,041 5036,471 5557,2017 16583,916 662,60004
1,7860005 B 1385,3534 10377,011 17798,342 5012,2207 17840,105 2593,0796 S 2355,3804 20933,041 5036,471 5557,2017 16583,916 662,60004
1,7860006 B 1385,3534 10377,011 17798,342 5012,2207 17840,105 2593,0796 S 2355,3804 20933,041 5036,471 5557,2017 16583,916 662,60004
1,7874869 B 1385,3534 10377,011 17798,342 5012,2207 17840,105 2593,0796 S 2355,3804 20933,041 5036,471 5557,2017 16583,916 662,60004
1,7880001 B 1385,3534 10377,011 17798,342 5012,2207 17840,105 2593,0796 S 2355,3804 20933,041 5036,471 5557,2017 16583,916 662,60004
1,7879997 B 1385,3534 10377,011 17798,342 5012,2207 17840,105 2593,0796 S 2355,3804 20933,041 5036,471 5557,2017 16583,916 662,60004
1,7883674 B 1385,3534 10377,011 17798,342 5012,2207 17840,105 2593,0796 S 2355,3804 20933,041 5036,471 5557,2017 16583,916 662,60004
1,7895421 B 1385,3534 10377,011 17798,342 5012,2207 17840,105 2593,0796 S 2355,3804 20933,041 5036,471 5557,2017 16583,916 662,60004
1,7904197 B 1385,3534 10377,011 17798,342 5012,2207 17840,105 2593,0796 S 2355,3804 20933,041 5036,471 5557,2017 16583,916 662,60004
1,7901565 B 1385,3534 10377,011 17798,342 5012,2207 17840,105 2593,0796 S 2355,3804 20933,041 5036,471 5557,2017 16583,916 662,60004
1,7910002 B 1385,3534 10377,011 17798,342 5012,2207 17840,105 2593,0796 S 2355,3804 20933,041 5036,471 5557,2017 16583,916 662,60004
1,7914656 B 1385,3534 10377,011 17798,342 5012,2207 17840,105 2593,0796 S 2355,3804 20933,041 5036,471 5557,2017 16583,916 662,60004
1,792 B 1385,3534 10377,011 17798,342 5012,2207 17840,105 2593,0796 S 2355,3804 20933,041 5036,471 5557,2017 16583,916 662,60004
1,7920002 B 1385,3534 10377,011 17798,342 5012,2207 17840,105 2593,0796 S 2355,3804 20933,041 5036,471 5557,2017 16583,916 662,60004
1,7910259 B 1385,3534 10377,011 17798,342 5012,2207 17840,105 2593,0796 S 2355,3804 20933,041 5036,471 5557,2017 16583,916 662,60004
1,790952 B 1385,3534 10377,011 17798,342 5012,2207 17840,105 2593,0796 S 2355,3804 20933,041 5036,471 5557,2017 16583,916 662,60004
1,791 B 1385,3534 10377,011 17798,342 5012,2207 17840,105 2593,0796 S 2355,3804 20933,041 5036,471 5557,2017 16583,916 662,60004
1,7910005 B 1385,3534 10377,011 17798,342 5012,2207 17840,105 2593,0796 S 2355,3804 20933,041 5036,471 5557,2017 16583,916 662,60004
1,7910004 B 1385,3534 10377,011 17798,342 5012,2207 17840,105 2593,0796 S 2355,3804 20933,041 5036,471 5557,2017 16583,916 662,60004
1,7910005 B 1385,3534 10377,011 17798,342 5012,2207 17840,105 2593,0796 S 2355,3804 20933,041 5036,471 5557,2017 16583,916 662,60004
1,7910006 B 1385,3534 10377,011 17798,342 5012,2207 17840,105 2593,0796 S 2355,3804 20933,041 5036,471 5557,2017 16583,916 662,60004
1,7910001 B 1385,3534 10377,011 17798,342 5012,2207 17840,105 2593,0796 S 2355,3804 20933,041 5036,471 5557,2017 16583,916 662,60004
1,7910002 B 1385,3534 10377,011 17798,342 5012,2207 17840,105 2593,0796 S 2355,3804 20933,041 5036,471 5557,2017 16583,916 662,60004
1,7910001 B 1385,3534 10377,011 17798,342 5012,2207 17840,105 2593,0796 S 2355,3804 20933,041 5036,471 5557,2017 16583,916 662,60004
1,7910004 B 1385,3534 10377,011 17798,342 5012,2207 17840,105 2593,0796 S 2355,3804 20933,041 5036,471 5557,2017 16583,916 662,60004
1,791 B 1385,3534 10377,011 17798,342 5012,2207 17840,105 2593,0796 S 2355,3804 20933,041 5036,471 5557,2017 16583,916 662,60004
1,7910004 B 1385,3534 10377,011 17798,342 5012,2207 17840,105 2593,0796 S 2355,3804 20933,041 5036,471 5557,2017 16583,916 662,60004
1,790121 B 1385,3534 10377,011 17798,342 5012,2207 17840,105 2593,0796 S 2355,3804 20933,041 5036,471 5557,2017 16583,916 662,60004
1,7880001 B 1385,3534 10377,011 17798,342 5012,2207 17840,105 2593,0796 S 2355,3804 20933,041 5036,471 5557,2017 16583,916 662,60004
1,7869802 B 1385,3534 10377,011 17798,342 5012,2207 17840,105 2593,0796 S 2355,3804 20933,041 5036,471 5557,2017 16583,916 662,60004
1,7850229 B 1385,3534 10377,011 17798,342 5012,2207 17840,105 2593,0796 S 2355,3804 20933,041 5036,471 5557,2017 16583,916 662,60004
1,7856494 B 1385,3534 10377,011 17798,342 5012,2207 17840,105 2593,0796 S 2355,3804 20933,041 5036,471 5557,2017 16583,916 662,60004
1,7870003 B 1385,3534 10377,011 17798,342 5012,2207 17840,105 2593,0796 S 2355,3804 20933,041 5036,471 5557,2017 16583,916 662,60004
1,7870002 B 1385,3534 10377,011 17798,342 5012,2207 17840,105 2593,0796 S 2355,3804 20933,041 5036,471 5557,2017 16583,916 662,60004
1,7848397 B 1385,3534 10377,011 17798,342 5012,2207 17840,105 2593,0796 S 2355,3804 20933,041 5036,471 5557,2017 16583,916 662,60004
1,7832912 B 1385,3534 10377,011 17798,342 5012,2207 17840,105 2593,0796 S 2355,3804 20933,041 5036,471 5557,2017 16583,916 662,60004
1,7819998 B 1385,3534 10377,011 17798,342 5012,2207 17840,105 2593,0796 S 2355,3804 20933,041 5036,471 5557,2017 16583,916 662,60004
1,782619 B 1385,3534 10377,011 17798,342 5012,2207 17840,105 2593,0796 S 2355,3804 20933,041 5036,471 5557,2017 16583,916 662,60004
1,7840003 B 1385,3534 10377,011 17798,342 5012,2207 17840,105 2593,0796 S 2355,3804 20933,041 5036,471 5557,2017 16583,916 662,60004
1,7840006 B 1385,3534 10377,011 17798,342 5012,2207 17840,105 2593,0796 S 2355,3804 20933,041 5036,471 5557,2017 16583,916 662,60004
1,7840002 B 1385,3534 10377,011 17798,342 5012,2207 17840,105 2593,0796 S 2355,3804 20933,041 5036,471 5557,2017 16583,916 662,60004
1,7840004 B 1385,3534 10377,011 17798,342 5012,2207 17840,105 2593,0796 S 2355,3804 20933,041 5036,471 5557,2017 16583,916 662,60004
1,783088 B 1385,3534 10377,011 17798,342 5012,2207 17840,105 2593,0796 S 2355,3804 20933,041 5036,471 5557,2017 16583,916 662,60004
1,7819996 B 1385,3534 10377,011 17798,342 5012,2207 17840,105 2593,0796 S 2355,3804 20933,041 5036,471 5557,2017 16583,916 662,60004
1,782 B 1385,3534 10377,011 17798,342 5012,2207 17840,105 2593,0796 S 2355,3804 20933,041 5036,471 5557,2017 16583,916 662,60004
1,7819991 B 1385,3534 10377,011 17798,342 5012,2207 17840,105 2593,0796 S 2355,3804 20933,041 5036,471 5557,2017 16583,916 662,60004
1,7819998 B 1385,3534 10377,011 17798,342 5012,2207 17840,105 2593,0796 S 2355,3804 20933,041 5036,471 5557,2017 16583,916 662,60004
1,782 B 1385,3534 10377,011 17798,342 5012,2207 17840,105 2593,0796 S 2355,3804 20933,041 5036,471 5557,2017 16583,916 662,60004
1,7820001 B 1385,3534 10377,011 17798,342 5012,2207 17840,105 2593,0796 S 2355,3804 20933,041 5036,471 5557,2017 16583,916 662,60004
1,7819995 B 1385,3534 10377,011 17798,342 5012,2207 17840,105 2593,0796 S 2355,3804 20933,041 5036,471 5557,2017 16583,916 662,60004
1,7820001 B 1385,3534 10377,011 17798,342 5012,2207 17840,105 2593,0796 S 2355,3804 20933,041 5036,471 5557,2017 16583,916 662,60004
1,782 B 1385,3534 10377,011 17798,342 5012,2207 17840,105 2593,0796 S 2355,3804 20933,041 5036,471 5557,2017 16583,916 662,60004
1,7822192 B 1385,3534 10377,011 17798,342 5012,2207 17840,105 2593,0796 S 2355,3804 20933,041 5036,471 5557,2017 16583,916 662,60004
1,783994 B 1385,3534 10377,011 17798,342 5012,2207 17840,105 2593,0796 S 2355,3804 20933,041 5036,471 5557,2017 16583,916 662,60004
1,7823467 B 1385,3534 10377,011 17798,342 5012,2207 17840,105 2593,0796 S 2355,3804 20933,041 5036,471 5557,2017 16583,916 662,60004
1,7814652 B 1385,3534 10377,011 17798,342 5012,2207 17840,105 2593,0796 S 2355,3804 20933,041 5036,471 5557,2017 16583,916 662,60004
1,780063 B 1385,3534 10377,011 17798,342 5012,2207 17840,105 2593,0796 S 2355,3804 20933,041 5036,471 5557,2017 16583,916 662,60004
1,7809998 B 1385,3534 10377,011 17798,342 5012,2207 17840,105 2593,0796 S 2355,3804 20933,041 5036,471 5557,2017 16583,916 662,60004
1,7801031 B 1385,3534 10377,011 17798,342 5012,2207 17840,105 2593,0796 S 2355,3804 20933,041 5036,471 5557,2017 16583,916 662,60004
1,7786098 B 1385,3534 10377,011 17798,342 5012,2207 17840,105 2593,0796 S 2355,3804 20933,041 5036,471 5557,2017 16583,916 662,60004
1,7797391 B 1385,3534 10377,011 17798,342 5012,2207 17840,105 2593,0796 S 2355,3804 20933,041 5036,471 5557,2017 16583,916 662,60004
1,78 B 1385,3534 10377,011 17798,342 5012,2207 17840,105 2593,0796 S 2355,3804 20933,041 5036,471 5557,2017 16583,916 662,60004
1,78 B 1385,3534 10377,011 17798,342 5012,2207 17840,105 2593,0796 S 2355,3804 20933,041 5036,471 5557,2017 16583,916 662,60004
1,7800002 B 1385,3534 10377,011 17798,342 5012,2207 17840,105 2593,0796 S 2355,3804 20933,041 5036,471 5557,2017 16583,916 662,60004
1,7825383 B 1385,3534 10377,011 17798,342 5012,2207 17840,105 2593,0796 S 2355,3804 20933,041 5036,471 5557,2017 16583,916 662,60004
1,7844409 B 1385,3534 10377,011 17798,342 5012,2207 17840,105 2593,0796 S 2355,3804 20933,041 5036,471 5557,2017 16583,916 662,60004
1,7846916 B 1385,3534 10377,011 17798,342 5012,2207 17840,105 2593,0796 S 2355,3804 20933,041 5036,471 5557,2017 16583,916 662,60004
1,7859994 B 1385,3534 10377,011 17798,342 5012,2207 17840,105 2593,0796 S 2355,3804 20933,041 5036,471 5557,2017 16583,916 662,60004
1,7841953 B 1385,3534 10377,011 17798,342 5012,2207 17840,105 2593,0796 S 2355,3804 20933,041 5036,471 5557,2017 16583,916 662,60004
1,7839999 B 1385,3534 10377,011 17798,342 5012,2207 17840,105 2593,0796 S 2355,3804 20933,041 5036,471 5557,2017 16583,916 662,60004
1,7840003 B 1385,3534 10377,011 17798,342 5012,2207 17840,105 2593,0796 S 2355,3804 20933,041 5036,471 5557,2017 16583,916 662,60004
1,7840005 B 1385,3534 10377,011 17798,342 5012,2207 17840,105 2593,0796 S 2355,3804 20933,041 5036,471 5557,2017 16583,916 662,60004
1,7840004 B 1385,3534 10377,011 17798,342 5012,2207 17840,105 2593,0796 S 2355,3804 20933,041 5036,471 5557,2017 16583,916 662,60004
1,7839998 B 1385,3534 10377,011 17798,342 5012,2207 17840,105 2593,0796 S 2355,3804 20933,041 5036,471 5557,2017 16583,916 662,60004
1,7840003 B 1385,3534 10377,011 17798,342 5012,2207 17840,105 2593,0796 S 2355,3804 20933,041 5036,471 5557,2017 16583,916 662,60004
1,7855461 B 1385,3534 10377,011 17798,342 5012,2207 17840,105 2593,0796 S 2355,3804 20933,041 5036,471 5557,2017 16583,916 662,60004
1,7859999 B 1385,3534 10377,011 17798,342 5012,2207 17840,105 2593,0796 S 2355,3804 20933,041 5036,471 5557,2017 16583,916 662,60004
1,7842916 B 1385,3534 10377,011 17798,342 5012,2207 17840,105 2593,0796 S 2355,3804 20933,041 5036,471 5557,2017 16583,916 662,60004
1,7830003 B 1385,3534 10377,011 17798,342 5012,2207 17840,105 2593,0796 S 2355,3804 20933,041 5036,471 5557,2017 16583,916 662,60004
1,7829999 B 1385,3534 10377,011 17798,342 5012,2207 17840,105 2593,0796 S 2355,3804 20933,041 5036,471 5557,2017 16583,916 662,60004
1,7830005 B 1385,3534 10377,011 17798,342 5012,2207 17840,105 2593,0796 S 2355,3804 20933,041 5036,471 5557,2017 16583,916 662,60004
1,7830001 B 1385,3534 10377,011 17798,342 5012,2207 17840,105 2593,0796 S 2355,3804 20933,041 5036,471 5557,2017 16583,916 662,60004
1,7830006 B 1385,3534 10377,011 17798,342 5012,2207 17840,105 2593,0796 S 2355,3804 20933,041 5036,471 5557,2017 16583,916 662,60004
1,7830005 B 1385,3534 10377,011 17798,342 5012,2207 17840,105 2593,0796 S 2355,3804 20933,041 5036,471 5557,2017 16583,916 662,60004
1,783001 B 1385,3534 10377,011 17798,342 5012,2207 17840,105 2593,0796 S 2355,3804 20933,041 5036,471 5557,2017 16583,916 662,60004
1,7858129 B 1385,3534 10377,011 17798,342 5012,2207 17840,105 2593,0796 S 2355,3804 20933,041 5036,471 5557,2017 16583,916 662,60004
1,7860004 B 1385,3534 10377,011 17798,342 5012,2207 17840,105 2593,0796 S 2355,3804 20933,041 5036,471 5557,2017 16583,916 662,60004
1,7860008 B 1385,3534 10377,011 17798,342 5012,2207 17840,105 2593,0796 S 2355,3804 20933,041 5036,471 5557,2017 16583,916 662,60004
1,7866745 B 1385,3534 10377,011 17798,342 5012,2207 17840,105 2593,0796 S 2355,3804 20933,041 5036,471 5557,2017 16583,916 662,60004
1,7870002 B 1385,3534 10377,011 17798,342 5012,2207 17840,105 2593,0796 S 2355,3804 20933,041 5036,471 5557,2017 16583,916 662,60004
1,7870004 B 1385,3534 10377,011 17798,342 5012,2207 17840,105 2593,0796 S 2355,3804 20933,041 5036,471 5557,2017 16583,916 662,60004
1,7869995 B 1385,3534 10377,011 17798,342 5012,2207 17840,105 2593,0796 S 2355,3804 20933,041 5036,471 5557,2017 16583,916 662,60004
1,7870007 B 1385,3534 10377,011 17798,342 5012,2207 17840,105 2593,0796 S 2355,3804 20933,041 5036,471 5557,2017 16583,916 662,60004
1,7869996 B 1385,3534 10377,011 17798,342 5012,2207 17840,105 2593,0796 S 2355,3804 20933,041 5036,471 5557,2017 16583,916 662,60004
1,7870003 B 1385,3534 10377,011 17798,342 5012,2207 17840,105 2593,0796 S 2355,3804 20933,041 5036,471 5557,2017 16583,916 662,60004
1,7879153 B 1385,3534 10377,011 17798,342 5012,2207 17840,105 2593,0796 S 2355,3804 20933,041 5036,471 5557,2017 16583,916 662,60004
1,7889999 B 1385,3534 10377,011 17798,342 5012,2207 17840,105 2593,0796 S 2355,3804 20933,041 5036,471 5557,2017 16583,916 662,60004
1,7890003 B 1385,3534 10377,011 17798,342 5012,2207 17840,105 2593,0796 S 2355,3804 20933,041 5036,471 5557,2017 16583,916 662,60004
1,7889998 B 1385,3534 10377,011 17798,342 5012,2207 17840,105 2593,0796 S 2355,3804 20933,041 5036,471 5557,2017 16583,916 662,60004
1,7890003 B 1385,3534 10377,011 17798,342 5012,2207 17840,105 2593,0796 S 2355,3804 20933,041 5036,471 5557,2017 16583,916 662,60004
1,7890007 B 1385,3534 10377,011 17798,342 5012,2207 17840,105 2593,0796 S 2355,3804 20933,041 5036,471 5557,2017 16583,916 662,60004
1,7890116 B 1385,3534 10377,011 17798,342 5012,2207 17840,105 2593,0796 S 2355,3804 20933,041 5036,471 5557,2017 16583,916 662,60004
1,7909323 B 1385,3534 10377,011 17798,342 5012,2207 17840,105 2593,0796 S 2355,3804 20933,041 5036,471 5557,2017 16583,916 662,60004
1,7920005 B 1385,3534 10377,011 17798,342 5012,2207 17840,105 2593,0796 S 2355,3804 20933,041 5036,471 5557,2017 16583,916 662,60004
1,7936317 B 1385,3534 10377,011 17798,342 5012,2207 17840,105 2593,0796 S 2355,3804 20933,041 5036,471 5557,2017 16583,916 662,60004
1,7939998 B 1385,3534 10377,011 17798,342 5012,2207 17840,105 2593,0796 S 2355,3804 20933,041 5036,471 5557,2017 16583,916 662,60004
1,7946193 B 1385,3534 10377,011 17798,342 5012,2207 17840,105 2593,0796 S 2355,3804 20933,041 5036,471 5557,2017 16583,916 662,60004
1,7940005 B 1385,3534 10377,011 17798,342 5012,2207 17840,105 2593,0796 S 2355,3804 20933,041 5036,471 5557,2017 16583,916 662,60004
1,794 B 1385,3534 10377,011 17798,342 5012,2207 17840,105 2593,0796 S 2355,3804 20933,041 5036,471 5557,2017 16583,916 662,60004
1,7943119 B 1385,3534 10377,011 17798,342 5012,2207 17840,105 2593,0796 S 2355,3804 20933,041 5036,471 5557,2017 16583,916 662,60004
1,794 B 1385,3534 10377,011 17798,342 5012,2207 17840,105 2593,0796 S 2355,3804 20933,041 5036,471 5557,2017 16583,916 662,60004
1,7939996 B 1385,3534 10377,011 17798,342 5012,2207 17840,105 2593,0796 S 2355,3804 20933,041 5036,471 5557,2017 16583,916 662,60004
1,7940006 B 1385,3534 10377,011 17798,342 5012,2207 17840,105 2593,0796 S 2355,3804 20933,041 5036,471 5557,2017 16583,916 662,60004
1,794 B 1385,3534 10377,011 17798,342 5012,2207 17840,105 2593,0796 S 2355,3804 20933,041 5036,471 5557,2017 16583,916 662,60004
1,7940003 B 1385,3534 10377,011 17798,342 5012,2207 17840,105 2593,0796 S 2355,3804 20933,041 5036,471 5557,2017 16583,916 662,60004
1,794 B 1385,3534 10377,011 17798,342 5012,2207 17840,105 2593,0796 S 2355,3804 20933,041 5036,471 5557,2017 16583,916 662,60004
1,7939996 B 1385,3534 10377,011 17798,342 5012,2207 17840,105 2593,0796 S 2355,3804 20933,041 5036,471 5557,2017 16583,916 662,60004
1,7939999 B 1385,3534 10377,011 17798,342 5012,2207 17840,105 2593,0796 S 2355,3804 20933,041 5036,471 5557,2017 16583,916 662,60004
1,7939751 B 1385,3534 10377,011 17798,342 5012,2207 17840,105 2593,0796 S 2355,3804 20933,041 5036,471 5557,2017 16583,916 662,60004
1,7940003 B 1385,3534 10377,011 17798,342 5012,2207 17840,105 2593,0796 S 2355,3804 20933,041 5036,471 5557,2017 16583,916 662,60004
1,7942783 B 1385,3534 10377,011 17798,342 5012,2207 17840,105 2593,0796 S 2355,3804 20933,041 5036,471 5557,2017 16583,916 662,60004
1,7951183 B 1385,3534 10377,011 17798,342 5012,2207 17840,105 2593,0796 S 2355,3804 20933,041 5036,471 5557,2017 16583,916 662,60004
1,7960474 B 1385,3534 10377,011 17798,342 5012,2207 17840,105 2593,0796 S 2355,3804 20933,041 5036,471 5557,2017 16583,916 662,60004
1,7970003 B 1385,3534 10377,011 17798,342 5012,2207 17840,105 2593,0796 S 2355,3804 20933,041 5036,471 5557,2017 16583,916 662,60004
1,7961081 B 1385,3534 10377,011 17798,342 5012,2207 17840,105 2593,0796 S 2355,3804 20933,041 5036,471 5557,2017 16583,916 662,60004
1,7959995 B 1385,3534 10377,011 17798,342 5012,2207 17840,105 2593,0796 S 2355,3804 20933,041 5036,471 5557,2017 16583,916 662,60004
1,7960001 B 1385,3534 10377,011 17798,342 5012,2207 17840,105 2593,0796 S 2355,3804 20933,041 5036,471 5557,2017 16583,916 662,60004
1,7960002 B 1385,3534 10377,011 17798,342 5012,2207 17840,105 2593,0796 S 2355,3804 20933,041 5036,471 5557,2017 16583,916 662,60004
1,796 B 1385,3534 10377,011 17798,342 5012,2207 17840,105 2593,0796 S 2355,3804 20933,041 5036,471 5557,2017 16583,916 662,60004
1,7963321 B 1385,3534 10377,011 17798,342 5012,2207 17840,105 2593,0796 S 2355,3804 20933,041 5036,471 5557,2017 16583,916 662,60004
1,7960001 B 1385,3534 10377,011 17798,342 5012,2207 17840,105 2593,0796 S 2355,3804 20933,041 5036,471 5557,2017 16583,916 662,60004
1,7959995 B 1385,3534 10377,011 17798,342 5012,2207 17840,105 2593,0796 S 2355,3804 20933,041 5036,471 5557,2017 16583,916 662,60004
1,7950835 B 1385,3534 10377,011 17798,342 5012,2207 17840,105 2593,0796 S 2355,3804 20933,041 5036,471 5557,2017 16583,916 662,60004
1,7940004 B 1385,3534 10377,011 17798,342 5012,2207 17840,105 2593,0796 S 2355,3804 20933,041 5036,471 5557,2017 16583,916 662,60004
1,7940003 B 1385,3534 10377,011 17798,342 5012,2207 17840,105 2593,0796 S 2355,3804 20933,041 5036,471 5557,2017 16583,916 662,60004
1,7940005 B 1385,3534 10377,011 17798,342 5012,2207 17840,105 2593,0796 S 2355,3804 20933,041 5036,471 5557,2017 16583,916 662,60004
1,7939496 B 1385,3534 10377,011 17798,342 5012,2207 17840,105 2593,0796 S 2355,3804 20933,041 5036,471 5557,2017 16583,916 662,60004
1,7930001 B 1385,3534 10377,011 17798,342 5012,2207 17840,105 2593,0796 S 2355,3804 20933,041 5036,471 5557,2017 16583,916 662,60004
1,7930001 B 1385,3534 10377,011 17798,342 5012,2207 17840,105 2593,0796 S 2355,3804 20933,041 5036,471 5557,2017 16583,916 662,60004
1,7930005 B 1385,3534 10377,011 17798,342 5012,2207 17840,105 2593,0796 S 2355,3804 20933,041 5036,471 5557,2017 16583,916 662,60004
1,793 B 1385,3534 10377,011 17798,342 5012,2207 17840,105 2593,0796 S 2355,3804 20933,041 5036,471 5557,2017 16583,916 662,60004
1,7930001 B 1385,3534 10377,011 17798,342 5012,2207 17840,105 2593,0796 S 2355,3804 20933,041 5036,471 5557,2017 16583,916 662,60004
1,792236 B 1385,3534 10377,011 17798,342 5012,2207 17840,105 2593,0796 S 2355,3804 20933,041 5036,471 5557,2017 16583,916 662,60004
1,7919996 B 1385,3534 10377,011 17798,342 5012,2207 17840,105 2593,0796 S 2355,3804 20933,041 5036,471 5557,2017 16583,916 662,60004
1,7920005 B 1385,3534 10377,011 17798,342 5012,2207 17840,105 2593,0796 S 2355,3804 20933,041 5036,471 5557,2017 16583,916 662,60004
1,7911447 B 1385,3534 10377,011 17798,342 5012,2207 17840,105 2593,0796 S 2355,3804 20933,041 5036,471 5557,2017 16583,916 662,60004
1,7910006 B 1385,3534 10377,011 17798,342 5012,2207 17840,105 2593,0796 S 2355,3804 20933,041 5036,471 5557,2017 16583,916 662,60004
1,7910005 B 1385,3534 10377,011 17798,342 5012,2207 17840,105 2593,0796 S 2355,3804 20933,041 5036,471 5557,2017 16583,916 662,60004
1,7910004 B 1385,3534 10377,011 17798,342 5012,2207 17840,105 2593,0796 S 2355,3804 20933,041 5036,471 5557,2017 16583,916 662,60004
1,7910004 B 1385,3534 10377,011 17798,342 5012,2207 17840,105 2593,0796 S 2355,3804 20933,041 5036,471 5557,2017 16583,916 662,60004
1,791186 B 1385,3534 10377,011 17798,342 5012,2207 17840,105 2593,0796 S 2355,3804 20933,041 5036,471 5557,2017 16583,916 662,60004
1,7920002 B 1385,3534 10377,011 17798,342 5012,2207 17840,105 2593,0796 S 2355,3804 20933,041 5036,471 5557,2017 16583,916 662,60004
1,7920002 B 1385,3534 10377,011 17798,342 5012,2207 17840,105 2593,0796 S 2355,3804 20933,041 5036,471 5557,2017 16583,916 662,60004
1,7923266 B 1385,3534 10377,011 17798,342 5012,2207 17840,105 2593,0796 S 2355,3804 20933,041 5036,471 5557,2017 16583,916 662,60004
1,7940001 B 1385,3534 10377,011 17798,342 5012,2207 17840,105 2593,0796 S 2355,3804 20933,041 5036,471 5557,2017 16583,916 662,60004
1,7929213 B 1385,3534 10377,011 17798,342 5012,2207 17840,105 2593,0796 S 2355,3804 20933,041 5036,471 5557,2017 16583,916 662,60004
1,7920005 B 1385,3534 10377,011 17798,342 5012,2207 17840,105 2593,0796 S 2355,3804 20933,041 5036,471 5557,2017 16583,916 662,60004
1,792 B 1385,3534 10377,011 17798,342 5012,2207 17840,105 2593,0796 S 2355,3804 20933,041 5036,471 5557,2017 16583,916 662,60004
1,7920002 B 1385,3534 10377,011 17798,342 5012,2207 17840,105 2593,0796 S 2355,3804 20933,041 5036,471 5557,2017 16583,916 662,60004
1,7920002 B 1385,3534 10377,011 17798,342 5012,2207 17840,105 2593,0796 S 2355,3804 20933,041 5036,471 5557,2017 16583,916 662,60004
1,7919999 B 1385,3534 10377,011 17798,342 5012,2207 17840,105 2593,0796 S 2355,3804 20933,041 5036,471 5557,2017 16583,916 662,60004
1,7920003 B 1385,3534 10377,011 17798,342 5012,2207 17840,105 2593,0796 S 2355,3804 20933,041 5036,471 5557,2017 16583,916 662,60004
1,7920002 B 1385,3534 10377,011 17798,342 5012,2207 17840,105 2593,0796 S 2355,3804 20933,041 5036,471 5557,2017 16583,916 662,60004
1,7919998 B 1385,3534 10377,011 17798,342 5012,2207 17840,105 2593,0796 S 2355,3804 20933,041 5036,471 5557,2017 16583,916 662,60004
1,7920825 B 1385,3534 10377,011 17798,342 5012,2207 17840,105 2593,0796 S 2355,3804 20933,041 5036,471 5557,2017 16583,916 662,60004
1,7939992 B 1385,3534 10377,011 17798,342 5012,2207 17840,105 2593,0796 S 2355,3804 20933,041 5036,471 5557,2017 16583,916 662,60004
1,7940006 B 1385,3534 10377,011 17798,342 5012,2207 17840,105 2593,0796 S 2355,3804 20933,041 5036,471 5557,2017 16583,916 662,60004
1,7931069 B 1385,3534 10377,011 17798,342 5012,2207 17840,105 2593,0796 S 2355,3804 20933,041 5036,471 5557,2017 16583,916 662,60004
1,7929995 B 1385,3534 10377,011 17798,342 5012,2207 17840,105 2593,0796 S 2355,3804 20933,041 5036,471 5557,2017 16583,916 662,60004
1,7937431 B 1385,3534 10377,011 17798,342 5012,2207 17840,105 2593,0796 S 2355,3804 20933,041 5036,471 5557,2017 16583,916 662,60004
1,794 B 1385,3534 10377,011 17798,342 5012,2207 17840,105 2593,0796 S 2355,3804 20933,041 5036,471 5557,2017 16583,916 662,60004
1,7940001 B 1385,3534 10377,011 17798,342 5012,2207 17840,105 2593,0796 S 2355,3804 20933,041 5036,471 5557,2017 16583,916 662,60004
1,7939998 B 1385,3534 10377,011 17798,342 5012,2207 17840,105 2593,0796 S 2355,3804 20933,041 5036,471 5557,2017 16583,916 662,60004
1,7940007 B 1385,3534 10377,011 17798,342 5012,2207 17840,105 2593,0796 S 2355,3804 20933,041 5036,471 5557,2017 16583,916 662,60004
1,7940005 B 1385,3534 10377,011 17798,342 5012,2207 17840,105 2593,0796 S 2355,3804 20933,041 5036,471 5557,2017 16583,916 662,60004
1,7940003 B 1385,3534 10377,011 17798,342 5012,2207 17840,105 2593,0796 S 2355,3804 20933,041 5036,471 5557,2017 16583,916 662,60004
1,7939996 B 1385,3534 10377,011 17798,342 5012,2207 17840,105 2593,0796 S 2355,3804 20933,041 5036,471 5557,2017 16583,916 662,60004
1,7940001 B 1385,3534 10377,011 17798,342 5012,2207 17840,105 2593,0796 S 2355,3804 20933,041 5036,471 5557,2017 16583,916 662,60004
1,7939994 B 1385,3534 10377,011 17798,342 5012,2207 17840,105 2593,0796 S 2355,3804 20933,041 5036,471 5557,2017 16583,916 662,60004
1,7939999 B 1385,3534 10377,011 17798,342 5012,2207 17840,105 2593,0796 S 2355,3804 20933,041 5036,471 5557,2017 16583,916 662,60004
1,7940844 B 1385,3534 10377,011 17798,342 5012,2207 17840,105 2593,0796 S 2355,3804 20933,041 5036,471 5557,2017 16583,916 662,60004
1,7950001 B 1385,3534 10377,011 17798,342 5012,2207 17840,105 2593,0796 S 2355,3804 20933,041 5036,471 5557,2017 16583,916 662,60004
1,7950003 B 1385,3534 10377,011 17798,342 5012,2207 17840,105 2593,0796 S 2355,3804 20933,041 5036,471 5557,2017 16583,916 662,60004
1,7959827 B 1385,3534 10377,011 17798,342 5012,2207 17840,105 2593,0796 S 2355,3804 20933,041 5036,471 5557,2017 16583,916 662,60004
1,7959998 B 1385,3534 10377,011 17798,342 5012,2207 17840,105 2593,0796 S 2355,3804 20933,041 5036,471 5557,2017 16583,916 662,60004
1,7959998 B 1385,3534 10377,011 17798,342 5012,2207 17840,105 2593,0796 S 2355,3804 20933,041 5036,471 5557,2017 16583,916 662,60004
1,796 B 1385,3534 10377,011 17798,342 5012,2207 17840,105 2593,0796 S 2355,3804 20933,041 5036,471 5557,2017 16583,916 662,60004
1,796 B 1385,3534 10377,011 17798,342 5012,2207 17840,105 2593,0796 S 2355,3804 20933,041 5036,471 5557,2017 16583,916 662,60004
1,796 B 1385,3534 10377,011 17798,342 5012,2207 17840,105 2593,0796 S 2355,3804 20933,041 5036,471 5557,2017 16583,916 662,60004
1,7960004 B 1385,3534 10377,011 17798,342 5012,2207 17840,105 2593,0796 S 2355,3804 20933,041 5036,471 5557,2017 16583,916 662,60004
1,7959996 B 1385,3534 10377,011 17798,342 5012,2207 17840,105 2593,0796 S 2355,3804 20933,041 5036,471 5557,2017 16583,916 662,60004
1,7959999 B 1385,3534 10377,011 17798,342 5012,2207 17840,105 2593,0796 S 2355,3804 20933,041 5036,471 5557,2017 16583,916 662,60004
1,7960002 B 1385,3534 10377,011 17798,342 5012,2207 17840,105 2593,0796 S 2355,3804 20933,041 5036,471 5557,2017 16583,916 662,60004
1,7959998 B 1385,3534 10377,011 17798,342 5012,2207 17840,105 2593,0796 S 2355,3804 20933,041 5036,471 5557,2017 16583,916 662,60004
1,7959999 B 1385,3534 10377,011 17798,342 5012,2207 17840,105 2593,0796 S 2355,3804 20933,041 5036,471 5557,2017 16583,916 662,60004
1,7959995 B 1385,3534 10377,011 17798,342 5012,2207 17840,105 2593,0796 S 2355,3804 20933,041 5036,471 5557,2017 16583,916 662,60004
1,7960004 B 1385,3534 10377,011 17798,342 5012,2207 17840,105 2593,0796 S 2355,3804 20933,041 5036,471 5557,2017 16583,916 662,60004
1,7959998 B 1385,3534 10377,011 17798,342 5012,2207 17840,105 2593,0796 S 2355,3804 20933,041 5036,471 5557,2017 16583,916 662,60004
1,7952955 B 1385,3534 10377,011 17798,342 5012,2207 17840,105 2593,0796 S 2355,3804 20933,041 5036,471 5557,2017 16583,916 662,60004
1,7954538 B 1385,3534 10377,011 17798,342 5012,2207 17840,105 2593,0796 S 2355,3804 20933,041 5036,471 5557,2017 16583,916 662,60004
1,7959996 B 1385,3534 10377,011 17798,342 5012,2207 17840,105 2593,0796 S 2355,3804 20933,041 5036,471 5557,2017 16583,916 662,60004
1,7959995 B 1385,3534 10377,011 17798,342 5012,2207 17840,105 2593,0796 S 2355,3804 20933,041 5036,471 5557,2017 16583,916 662,60004
1,7960001 B 1385,3534 10377,011 17798,342 5012,2207 17840,105 2593,0796 S 2355,3804 20933,041 5036,471 5557,2017 16583,916 662,60004
1,7959998 B 1385,3534 10377,011 17798,342 5012,2207 17840,105 2593,0796 S 2355,3804 20933,041 5036,471 5557,2017 16583,916 662,60004
1,7960002 B 1385,3534 10377,011 17798,342 5012,2207 17840,105 2593,0796 S 2355,3804 20933,041 5036,471 5557,2017 16583,916 662,60004
1,796 B 1385,3534 10377,011 17798,342 5012,2207 17840,105 2593,0796 S 2355,3804 20933,041 5036,471 5557,2017 16583,916 662,60004
1,7960002 B 1385,3534 10377,011 17798,342 5012,2207 17840,105 2593,0796 S 2355,3804 20933,041 5036,471 5557,2017 16583,916 662,60004
1,7959996 B 1385,3534 10377,011 17798,342 5012,2207 17840,105 2593,0796 S 2355,3804 20933,041 5036,471 5557,2017 16583,916 662,60004
1,7960002 B 1385,3534 10377,011 17798,342 5012,2207 17840,105 2593,0796 S 2355,3804 20933,041 5036,471 5557,2017 16583,916 662,60004
1,7960001 B 1385,3534 10377,011 17798,342 5012,2207 17840,105 2593,0796 S 2355,3804 20933,041 5036,471 5557,2017 16583,916 662,60004
1,7968762 B 1385,3534 10377,011 17798,342 5012,2207 17840,105 2593,0796 S 2355,3804 20933,041 5036,471 5557,2017 16583,916 662,60004
1,7969998 B 1385,3534 10377,011 17798,342 5012,2207 17840,105 2593,0796 S 2355,3804 20933,041 5036,471 5557,2017 16583,916 662,60004
1,7970002 B 1385,3534 10377,011 17798,342 5012,2207 17840,105 2593,0796 S 2355,3804 20933,041 5036,471 5557,2017 16583,916 662,60004
1,7962322 B 1385,3534 10377,011 17798,342 5012,2207 17840,105 2593,0796 S 2355,3804 20933,041 5036,471 5557,2017 16583,916 662,60004
1,7960002 B 1385,3534 10377,011 17798,342 5012,2207 17840,105 2593,0796 S 2355,3804 20933,041 5036,471 5557,2017 16583,916 662,60004
1,7959999 B 1385,3534 10377,011 17798,342 5012,2207 17840,105 2593,0796 S 2355,3804 20933,041 5036,471 5557,2017 16583,916 662,60004
1,7959999 B 1385,3534 10377,011 17798,342 5012,2207 17840,105 2593,0796 S 2355,3804 20933,041 5036,471 5557,2017 16583,916 662,60004
1,7959995 B 1385,3534 10377,011 17798,342 5012,2207 17840,105 2593,0796 S 2355,3804 20933,041 5036,471 5557,2017 16583,916 662,60004
1,7950178 B 1385,3534 10377,011 17798,342 5012,2207 17840,105 2593,0796 S 2355,3804 20933,041 5036,471 5557,2017 16583,916 662,60004
1,7949997 B 1385,3534 10377,011 17798,342 5012,2207 17840,105 2593,0796 S 2355,3804 20933,041 5036,471 5557,2017 16583,916 662,60004
1,7950002 B 1385,3534 10377,011 17798,342 5012,2207 17840,105 2593,0796 S 2355,3804 20933,041 5036,471 5557,2017 16583,916 662,60004
1,795 B 1385,3534 10377,011 17798,342 5012,2207 17840,105 2593,0796 S 2355,3804 20933,041 5036,471 5557,2017 16583,916 662,60004
1,7949995 B 1385,3534 10377,011 17798,342 5012,2207 17840,105 2593,0796 S 2355,3804 20933,041 5036,471 5557,2017 16583,916 662,60004
1,7952058 B 1385,3534 10377,011 17798,342 5012,2207 17840,105 2593,0796 S 2355,3804 20933,041 5036,471 5557,2017 16583,916 662,60004
1,7960007 B 1385,3534 10377,011 17798,342 5012,2207 17840,105 2593,0796 S 2355,3804 20933,041 5036,471 5557,2017 16583,916 662,60004
1,7963566 B 1385,3534 10377,011 17798,342 5012,2207 17840,105 2593,0796 S 2355,3804 20933,041 5036,471 5557,2017 16583,916 662,60004
1,7980002 B 1385,3534 10377,011 17798,342 5012,2207 17840,105 2593,0796 S 2355,3804 20933,041 5036,471 5557,2017 16583,916 662,60004
1,7980002 B 1385,3534 10377,011 17798,342 5012,2207 17840,105 2593,0796 S 2355,3804 20933,041 5036,471 5557,2017 16583,916 662,60004
1,798 B 1385,3534 10377,011 17798,342 5012,2207 17840,105 2593,0796 S 2355,3804 20933,041 5036,471 5557,2017 16583,916 662,60004
1,7979999 B 1385,3534 10377,011 17798,342 5012,2207 17840,105 2593,0796 S 2355,3804 20933,041 5036,471 5557,2017 16583,916 662,60004
1,7980001 B 1385,3534 10377,011 17798,342 5012,2207 17840,105 2593,0796 S 2355,3804 20933,041 5036,471 5557,2017 16583,916 662,60004
1,7980002 B 1385,3534 10377,011 17798,342 5012,2207 17840,105 2593,0796 S 2355,3804 20933,041 5036,471 5557,2017 16583,916 662,60004
1,7980001 B 1385,3534 10377,011 17798,342 5012,2207 17840,105 2593,0796 S 2355,3804 20933,041 5036,471 5557,2017 16583,916 662,60004
