1,842342
1,8419999 B 2414,0884 6188,0054 10802,177 16384,857 3193,5688 3423,8628 S 3799,609 11774,658 11677,316 7914,003 8676,954 9850,019
1,8419998 B 2414,0884 6188,0054 10802,177 16384,857 3193,5688 3423,8628 S 3799,609 11774,658 11677,316 7914,003 8676,954 9850,019
1,8419999 B 2414,0884 6188,0054 10802,177 16384,857 3193,5688 3423,8628 S 3799,609 11774,658 11677,316 7914,003 8676,954 9850,019
1,8420002 B 2414,0884 6188,0054 10802,177 16384,857 3193,5688 3423,8628 S 3799,609 11774,658 11677,316 7914,003 8676,954 9850,019
1,8438512 B 2414,0884 6188,0054 10802,177 16384,857 3193,5688 3423,8628 S 3799,609 11774,658 11677,316 7914,003 8676,954 9850,019
1,843789 B 2414,0884 6188,0054 10802,177 16384,857 3193,5688 3423,8628 S 3799,609 11774,658 11677,316 7914,003 8676,954 9850,019
1,843 B 2414,0884 6188,0054 10802,177 16384,857 3193,5688 3423,8628 S 3799,609 11774,658 11677,316 7914,003 8676,954 9850,019
1,8429997 B 2414,0884 6188,0054 10802,177 16384,857 3193,5688 3423,8628 S 3799,609 11774,658 11677,316 7914,003 8676,954 9850,019
1,8429999 B 2414,0884 6188,0054 10802,177 16384,857 3193,5688 3423,8628 S 3799,609 11774,658 11677,316 7914,003 8676,954 9850,019
1,8429997 B 2414,0884 6188,0054 10802,177 16384,857 3193,5688 3423,8628 S 3799,609 11774,658 11677,316 7914,003 8676,954 9850,019
1,8430002 B 2414,0884 6188,0054 10802,177 16384,857 3193,5688 3423,8628 S 3799,609 11774,658 11677,316 7914,003 8676,954 9850,019
1,8430002 B 2414,0884 6188,0054 10802,177 16384,857 3193,5688 3423,8628 S 3799,609 11774,658 11677,316 7914,003 8676,954 9850,019
1,8430007 B 2414,0884 6188,0054 10802,177 16384,857 3193,5688 3423,8628 S 3799,609 11774,658 11677,316 7914,003 8676,954 9850,019
1,8429999 B 2414,0884 6188,0054 10802,177 16384,857 3193,5688 3423,8628 S 3799,609 11774,658 11677,316 7914,003 8676,954 9850,019
1,8430002 B 2414,0884 6188,0054 10802,177 16384,857 3193,5688 3423,8628 S 3799,609 11774,658 11677,316 7914,003 8676,954 9850,019
1,8430004 B 2414,0884 6188,0054 10802,177 16384,857 3193,5688 3423,8628 S 3799,609 11774,658 11677,316 7914,003 8676,954 9850,019
1,8437037 B 2414,0884 6188,0054 10802,177 16384,857 3193,5688 3423,8628 S 3799,609 11774,658 11677,316 7914,003 8676,954 9850,019
1,8449997 B 2414,0884 6188,0054 10802,177 16384,857 3193,5688 3423,8628 S 3799,609 11774,658 11677,316 7914,003 8676,954 9850,019
1,845 B 2414,0884 6188,0054 10802,177 16384,857 3193,5688 3423,8628 S 3799,609 11774,658 11677,316 7914,003 8676,954 9850,019
1,845 B 2414,0884 6188,0054 10802,177 16384,857 3193,5688 3423,8628 S 3799,609 11774,658 11677,316 7914,003 8676,954 9850,019
1,8450001 B 2414,0884 6188,0054 10802,177 16384,857 3193,5688 3423,8628 S 3799,609 11774,658 11677,316 7914,003 8676,954 9850,019
1,8450006 B 2414,0884 6188,0054 10802,177 16384,857 3193,5688 3423,8628 S 3799,609 11774,658 11677,316 7914,003 8676,954 9850,019
1,845 B 2414,0884 6188,0054 10802,177 16384,857 3193,5688 3423,8628 S 3799,609 11774,658 11677,316 7914,003 8676,954 9850,019
1,8450004 B 2414,0884 6188,0054 10802,177 16384,857 3193,5688 3423,8628 S 3799,609 11774,658 11677,316 7914,003 8676,954 9850,019
1,8449997 B 2414,0884 6188,0054 10802,177 16384,857 3193,5688 3423,8628 S 3799,609 11774,658 11677,316 7914,003 8676,954 9850,019
1,8450001 B 2414,0884 6188,0054 10802,177 16384,857 3193,5688 3423,8628 S 3799,609 11774,658 11677,316 7914,003 8676,954 9850,019
1,8450001 B 2414,0884 6188,0054 10802,177 16384,857 3193,5688 3423,8628 S 3799,609 11774,658 11677,316 7914,003 8676,954 9850,019
1,845 B 2414,0884 6188,0054 10802,177 16384,857 3193,5688 3423,8628 S 3799,609 11774,658 11677,316 7914,003 8676,954 9850,019
1,8450001 B 2414,0884 6188,0054 10802,177 16384,857 3193,5688 3423,8628 S 3799,609 11774,658 11677,316 7914,003 8676,954 9850,019
1,8449997 B 2414,0884 6188,0054 10802,177 16384,857 3193,5688 3423,8628 S 3799,609 11774,658 11677,316 7914,003 8676,954 9850,019
1,8450001 B 2414,0884 6188,0054 10802,177 16384,857 3193,5688 3423,8628 S 3799,609 11774,658 11677,316 7914,003 8676,954 9850,019
1,8450006 B 2414,0884 6188,0054 10802,177 16384,857 3193,5688 3423,8628 S 3799,609 11774,658 11677,316 7914,003 8676,954 9850,019
1,8450005 B 2414,0884 6188,0054 10802,177 16384,857 3193,5688 3423,8628 S 3799,609 11774,658 11677,316 7914,003 8676,954 9850,019
1,8449997 B 2414,0884 6188,0054 10802,177 16384,857 3193,5688 3423,8628 S 3799,609 11774,658 11677,316 7914,003 8676,954 9850,019
1,845 B 2414,0884 6188,0054 10802,177 16384,857 3193,5688 3423,8628 S 3799,609 11774,658 11677,316 7914,003 8676,954 9850,019
1,845 B 2414,0884 6188,0054 10802,177 16384,857 3193,5688 3423,8628 S 3799,609 11774,658 11677,316 7914,003 8676,954 9850,019
1,8449999 B 2414,0884 6188,0054 10802,177 16384,857 3193,5688 3423,8628 S 3799,609 11774,658 11677,316 7914,003 8676,954 9850,019
1,8450005 B 2414,0884 6188,0054 10802,177 16384,857 3193,5688 3423,8628 S 3799,609 11774,658 11677,316 7914,003 8676,954 9850,019
1,8450006 B 2414,0884 6188,0054 10802,177 16384,857 3193,5688 3423,8628 S 3799,609 11774,658 11677,316 7914,003 8676,954 9850,019
1,8449997 B 2414,0884 6188,0054 10802,177 16384,857 3193,5688 3423,8628 S 3799,609 11774,658 11677,316 7914,003 8676,954 9850,019
1,8450007 B 2414,0884 6188,0054 10802,177 16384,857 3193,5688 3423,8628 S 3799,609 11774,658 11677,316 7914,003 8676,954 9850,019
1,8444812 B 2414,0884 6188,0054 10802,177 16384,857 3193,5688 3423,8628 S 3799,609 11774,658 11677,316 7914,003 8676,954 9850,019
1,8440001 B 2414,0884 6188,0054 10802,177 16384,857 3193,5688 3423,8628 S 3799,609 11774,658 11677,316 7914,003 8676,954 9850,019
1,8439997 B 2414,0884 6188,0054 10802,177 16384,857 3193,5688 3423,8628 S 3799,609 11774,658 11677,316 7914,003 8676,954 9850,019
1,8440003 B 2414,0884 6188,0054 10802,177 16384,857 3193,5688 3423,8628 S 3799,609 11774,658 11677,316 7914,003 8676,954 9850,019
1,8440001 B 2414,0884 6188,0054 10802,177 16384,857 3193,5688 3423,8628 S 3799,609 11774,658 11677,316 7914,003 8676,954 9850,019
1,8440876 B 2414,0884 6188,0054 10802,177 16384,857 3193,5688 3423,8628 S 3799,609 11774,658 11677,316 7914,003 8676,954 9850,019
1,8455529 B 2414,0884 6188,0054 10802,177 16384,857 3193,5688 3423,8628 S 3799,609 11774,658 11677,316 7914,003 8676,954 9850,019
1,8459998 B 2414,0884 6188,0054 10802,177 16384,857 3193,5688 3423,8628 S 3799,609 11774,658 11677,316 7914,003 8676,954 9850,019
1,8460002 B 2414,0884 6188,0054 10802,177 16384,857 3193,5688 3423,8628 S 3799,609 11774,658 11677,316 7914,003 8676,954 9850,019
1,8460003 B 2414,0884 6188,0054 10802,177 16384,857 3193,5688 3423,8628 S 3799,609 11774,658 11677,316 7914,003 8676,954 9850,019
1,8454391 B 2414,0884 6188,0054 10802,177 16384,857 3193,5688 3423,8628 S 3799,609 11774,658 11677,316 7914,003 8676,954 9850,019
1,8439999 B 2414,0884 6188,0054 10802,177 16384,857 3193,5688 3423,8628 S 3799,609 11774,658 11677,316 7914,003 8676,954 9850,019
1,8439848 B 2414,0884 6188,0054 10802,177 16384,857 3193,5688 3423,8628 S 3799,609 11774,658 11677,316 7914,003 8676,954 9850,019
1,8430003 B 2414,0884 6188,0054 10802,177 16384,857 3193,5688 3423,8628 S 3799,609 11774,658 11677,316 7914,003 8676,954 9850,019
1,8430003 B 2414,0884 6188,0054 10802,177 16384,857 3193,5688 3423,8628 S 3799,609 11774,658 11677,316 7914,003 8676,954 9850,019
1,8429992 B 2414,0884 6188,0054 10802,177 16384,857 3193,5688 3423,8628 S 3799,609 11774,658 11677,316 7914,003 8676,954 9850,019
1,8430005 B 2414,0884 6188,0054 10802,177 16384,857 3193,5688 3423,8628 S 3799,609 11774,658 11677,316 7914,003 8676,954 9850,019
1,8429997 B 2414,0884 6188,0054 10802,177 16384,857 3193,5688 3423,8628 S 3799,609 11774,658 11677,316 7914,003 8676,954 9850,019
1,8430004 B 2414,0884 6188,0054 10802,177 16384,857 3193,5688 3423,8628 S 3799,609 11774,658 11677,316 7914,003 8676,954 9850,019
1,8429998 B 2414,0884 6188,0054 10802,177 16384,857 3193,5688 3423,8628 S 3799,609 11774,658 11677,316 7914,003 8676,954 9850,019
1,8430007 B 2414,0884 6188,0054 10802,177 16384,857 3193,5688 3423,8628 S 3799,609 11774,658 11677,316 7914,003 8676,954 9850,019
1,8430003 B 2414,0884 6188,0054 10802,177 16384,857 3193,5688 3423,8628 S 3799,609 11774,658 11677,316 7914,003 8676,954 9850,019
1,8429996 B 2414,0884 6188,0054 10802,177 16384,857 3193,5688 3423,8628 S 3799,609 11774,658 11677,316 7914,003 8676,954 9850,019
1,8430002 B 2414,0884 6188,0054 10802,177 16384,857 3193,5688 3423,8628 S 3799,609 11774,658 11677,316 7914,003 8676,954 9850,019
1,8431222 B 2414,0884 6188,0054 10802,177 16384,857 3193,5688 3423,8628 S 3799,609 11774,658 11677,316 7914,003 8676,954 9850,019
1,8439999 B 2414,0884 6188,0054 10802,177 16384,857 3193,5688 3423,8628 S 3799,609 11774,658 11677,316 7914,003 8676,954 9850,019
1,8440001 B 2414,0884 6188,0054 10802,177 16384,857 3193,5688 3423,8628 S 3799,609 11774,658 11677,316 7914,003 8676,954 9850,019
1,8439999 B 2414,0884 6188,0054 10802,177 16384,857 3193,5688 3423,8628 S 3799,609 11774,658 11677,316 7914,003 8676,954 9850,019
1,844 B 2414,0884 6188,0054 10802,177 16384,857 3193,5688 3423,8628 S 3799,609 11774,658 11677,316 7914,003 8676,954 9850,019
1,8437963 B 2414,0884 6188,0054 10802,177 16384,857 3193,5688 3423,8628 S 3799,609 11774,658 11677,316 7914,003 8676,954 9850,019
1,8430002 B 2414,0884 6188,0054 10802,177 16384,857 3193,5688 3423,8628 S 3799,609 11774,658 11677,316 7914,003 8676,954 9850,019
1,8430002 B 2414,0884 6188,0054 10802,177 16384,857 3193,5688 3423,8628 S 3799,609 11774,658 11677,316 7914,003 8676,954 9850,019
1,843 B 2414,0884 6188,0054 10802,177 16384,857 3193,5688 3423,8628 S 3799,609 11774,658 11677,316 7914,003 8676,954 9850,019
1,8429999 B 2414,0884 6188,0054 10802,177 16384,857 3193,5688 3423,8628 S 3799,609 11774,658 11677,316 7914,003 8676,954 9850,019
1,8430003 B 2414,0884 6188,0054 10802,177 16384,857 3193,5688 3423,8628 S 3799,609 11774,658 11677,316 7914,003 8676,954 9850,019
1,8430002 B 2414,0884 6188,0054 10802,177 16384,857 3193,5688 3423,8628 S 3799,609 11774,658 11677,316 7914,003 8676,954 9850,019
1,8429997 B 2414,0884 6188,0054 10802,177 16384,857 3193,5688 3423,8628 S 3799,609 11774,658 11677,316 7914,003 8676,954 9850,019
1,8430004 B 2414,0884 6188,0054 10802,177 16384,857 3193,5688 3423,8628 S 3799,609 11774,658 11677,316 7914,003 8676,954 9850,019
1,8430003 B 2414,0884 6188,0054 10802,177 16384,857 3193,5688 3423,8628 S 3799,609 11774,658 11677,316 7914,003 8676,954 9850,019
1,8430005 B 2414,0884 6188,0054 10802,177 16384,857 3193,5688 3423,8628 S 3799,609 11774,658 11677,316 7914,003 8676,954 9850,019
1,8429999 B 2414,0884 6188,0054 10802,177 16384,857 3193,5688 3423,8628 S 3799,609 11774,658 11677,316 7914,003 8676,954 9850,019
1,8430002 B 2414,0884 6188,0054 10802,177 16384,857 3193,5688 3423,8628 S 3799,609 11774,658 11677,316 7914,003 8676,954 9850,019
1,8430004 B 2414,0884 6188,0054 10802,177 16384,857 3193,5688 3423,8628 S 3799,609 11774,658 11677,316 7914,003 8676,954 9850,019
1,8429996 B 2414,0884 6188,0054 10802,177 16384,857 3193,5688 3423,8628 S 3799,609 11774,658 11677,316 7914,003 8676,954 9850,019
1,8430003 B 2414,0884 6188,0054 10802,177 16384,857 3193,5688 3423,8628 S 3799,609 11774,658 11677,316 7914,003 8676,954 9850,019
1,8427233 B 2414,0884 6188,0054 10802,177 16384,857 3193,5688 3423,8628 S 3799,609 11774,658 11677,316 7914,003 8676,954 9850,019
1,8409998 B 2414,0884 6188,0054 10802,177 16384,857 3193,5688 3423,8628 S 3799,609 11774,658 11677,316 7914,003 8676,954 9850,019
1,8410004 B 2414,0884 6188,0054 10802,177 16384,857 3193,5688 3423,8628 S 3799,609 11774,658 11677,316 7914,003 8676,954 9850,019
1,8410001 B 2414,0884 6188,0054 10802,177 16384,857 3193,5688 3423,8628 S 3799,609 11774,658 11677,316 7914,003 8676,954 9850,019
1,8409996 B 2414,0884 6188,0054 10802,177 16384,857 3193,5688 3423,8628 S 3799,609 11774,658 11677,316 7914,003 8676,954 9850,019
1,841 B 2414,0884 6188,0054 10802,177 16384,857 3193,5688 3423,8628 S 3799,609 11774,658 11677,316 7914,003 8676,954 9850,019
1,8410001 B 2414,0884 6188,0054 10802,177 16384,857 3193,5688 3423,8628 S 3799,609 11774,658 11677,316 7914,003 8676,954 9850,019
1,8410003 B 2414,0884 6188,0054 10802,177 16384,857 3193,5688 3423,8628 S 3799,609 11774,658 11677,316 7914,003 8676,954 9850,019
1,8410001 B 2414,0884 6188,0054 10802,177 16384,857 3193,5688 3423,8628 S 3799,609 11774,658 11677,316 7914,003 8676,954 9850,019
1,8410003 B 2414,0884 6188,0054 10802,177 16384,857 3193,5688 3423,8628 S 3799,609 11774,658 11677,316 7914,003 8676,954 9850,019
1,8409998 B 2414,0884 6188,0054 10802,177 16384,857 3193,5688 3423,8628 S 3799,609 11774,658 11677,316 7914,003 8676,954 9850,019
1,8415085 B 2414,0884 6188,0054 10802,177 16384,857 3193,5688 3423,8628 S 3799,609 11774,658 11677,316 7914,003 8676,954 9850,019
1,8419999 B 2414,0884 6188,0054 10802,177 16384,857 3193,5688 3423,8628 S 3799,609 11774,658 11677,316 7914,003 8676,954 9850,019
1,8420005 B 2414,0884 6188,0054 10802,177 16384,857 3193,5688 3423,8628 S 3799,609 11774,658 11677,316 7914,003 8676,954 9850,019
1,8419994 B 2414,0884 6188,0054 10802,177 16384,857 3193,5688 3423,8628 S 3799,609 11774,658 11677,316 7914,003 8676,954 9850,019
1,8420002 B 2414,0884 6188,0054 10802,177 16384,857 3193,5688 3423,8628 S 3799,609 11774,658 11677,316 7914,003 8676,954 9850,019
1,8420002 B 2414,0884 6188,0054 10802,177 16384,857 3193,5688 3423,8628 S 3799,609 11774,658 11677,316 7914,003 8676,954 9850,019
1,8419999 B 2414,0884 6188,0054 10802,177 16384,857 3193,5688 3423,8628 S 3799,609 11774,658 11677,316 7914,003 8676,954 9850,019
1,8419999 B 2414,0884 6188,0054 10802,177 16384,857 3193,5688 3423,8628 S 3799,609 11774,658 11677,316 7914,003 8676,954 9850,019
1,8420002 B 2414,0884 6188,0054 10802,177 16384,857 3193,5688 3423,8628 S 3799,609 11774,658 11677,316 7914,003 8676,954 9850,019
1,8420001 B 2414,0884 6188,0054 10802,177 16384,857 3193,5688 3423,8628 S 3799,609 11774,658 11677,316 7914,003 8676,954 9850,019
1,8419999 B 2414,0884 6188,0054 10802,177 16384,857 3193,5688 3423,8628 S 3799,609 11774,658 11677,316 7914,003 8676,954 9850,019
1,8420002 B 2414,0884 6188,0054 10802,177 16384,857 3193,5688 3423,8628 S 3799,609 11774,658 11677,316 7914,003 8676,954 9850,019
1,8420002 B 2414,0884 6188,0054 10802,177 16384,857 3193,5688 3423,8628 S 3799,609 11774,658 11677,316 7914,003 8676,954 9850,019
1,8427253 B 2414,0884 6188,0054 10802,177 16384,857 3193,5688 3423,8628 S 3799,609 11774,658 11677,316 7914,003 8676,954 9850,019
1,8440001 B 2414,0884 6188,0054 10802,177 16384,857 3193,5688 3423,8628 S 3799,609 11774,658 11677,316 7914,003 8676,954 9850,019
1,8440001 B 2414,0884 6188,0054 10802,177 16384,857 3193,5688 3423,8628 S 3799,609 11774,658 11677,316 7914,003 8676,954 9850,019
1,8439378 B 2414,0884 6188,0054 10802,177 16384,857 3193,5688 3423,8628 S 3799,609 11774,658 11677,316 7914,003 8676,954 9850,019
1,8429996 B 2414,0884 6188,0054 10802,177 16384,857 3193,5688 3423,8628 S 3799,609 11774,658 11677,316 7914,003 8676,954 9850,019
1,8429998 B 2414,0884 6188,0054 10802,177 16384,857 3193,5688 3423,8628 S 3799,609 11774,658 11677,316 7914,003 8676,954 9850,019
1,8429998 B 2414,0884 6188,0054 10802,177 16384,857 3193,5688 3423,8628 S 3799,609 11774,658 11677,316 7914,003 8676,954 9850,019
1,843 B 2414,0884 6188,0054 10802,177 16384,857 3193,5688 3423,8628 S 3799,609 11774,658 11677,316 7914,003 8676,954 9850,019
1,8429997 B 2414,0884 6188,0054 10802,177 16384,857 3193,5688 3423,8628 S 3799,609 11774,658 11677,316 7914,003 8676,954 9850,019
1,8430002 B 2414,0884 6188,0054 10802,177 16384,857 3193,5688 3423,8628 S 3799,609 11774,658 11677,316 7914,003 8676,954 9850,019
1,8429998 B 2414,0884 6188,0054 10802,177 16384,857 3193,5688 3423,8628 S 3799,609 11774,658 11677,316 7914,003 8676,954 9850,019
1,8429999 B 2414,0884 6188,0054 10802,177 16384,857 3193,5688 3423,8628 S 3799,609 11774,658 11677,316 7914,003 8676,954 9850,019
1,8429997 B 2414,0884 6188,0054 10802,177 16384,857 3193,5688 3423,8628 S 3799,609 11774,658 11677,316 7914,003 8676,954 9850,019
1,8430002 B 2414,0884 6188,0054 10802,177 16384,857 3193,5688 3423,8628 S 3799,609 11774,658 11677,316 7914,003 8676,954 9850,019
1,8429999 B 2414,0884 6188,0054 10802,177 16384,857 3193,5688 3423,8628 S 3799,609 11774,658 11677,316 7914,003 8676,954 9850,019
1,8429997 B 2414,0884 6188,0054 10802,177 16384,857 3193,5688 3423,8628 S 3799,609 11774,658 11677,316 7914,003 8676,954 9850,019
1,8425018 B 2414,0884 6188,0054 10802,177 16384,857 3193,5688 3423,8628 S 3799,609 11774,658 11677,316 7914,003 8676,954 9850,019
1,8420004 B 2414,0884 6188,0054 10802,177 16384,857 3193,5688 3423,8628 S 3799,609 11774,658 11677,316 7914,003 8676,954 9850,019
1,8419997 B 2414,0884 6188,0054 10802,177 16384,857 3193,5688 3423,8628 S 3799,609 11774,658 11677,316 7914,003 8676,954 9850,019
1,8420005 B 2414,0884 6188,0054 10802,177 16384,857 3193,5688 3423,8628 S 3799,609 11774,658 11677,316 7914,003 8676,954 9850,019
1,8424712 B 2414,0884 6188,0054 10802,177 16384,857 3193,5688 3423,8628 S 3799,609 11774,658 11677,316 7914,003 8676,954 9850,019
1,8424693 B 2414,0884 6188,0054 10802,177 16384,857 3193,5688 3423,8628 S 3799,609 11774,658 11677,316 7914,003 8676,954 9850,019
1,8419999 B 2414,0884 6188,0054 10802,177 16384,857 3193,5688 3423,8628 S 3799,609 11774,658 11677,316 7914,003 8676,954 9850,019
1,8420001 B 2414,0884 6188,0054 10802,177 16384,857 3193,5688 3423,8628 S 3799,609 11774,658 11677,316 7914,003 8676,954 9850,019
1,8419993 B 2414,0884 6188,0054 10802,177 16384,857 3193,5688 3423,8628 S 3799,609 11774,658 11677,316 7914,003 8676,954 9850,019
1,841999 B 2414,0884 6188,0054 10802,177 16384,857 3193,5688 3423,8628 S 3799,609 11774,658 11677,316 7914,003 8676,954 9850,019
1,8419998 B 2414,0884 6188,0054 10802,177 16384,857 3193,5688 3423,8628 S 3799,609 11774,658 11677,316 7914,003 8676,954 9850,019
1,8419999 B 2414,0884 6188,0054 10802,177 16384,857 3193,5688 3423,8628 S 3799,609 11774,658 11677,316 7914,003 8676,954 9850,019
1,8420001 B 2414,0884 6188,0054 10802,177 16384,857 3193,5688 3423,8628 S 3799,609 11774,658 11677,316 7914,003 8676,954 9850,019
1,8419998 B 2414,0884 6188,0054 10802,177 16384,857 3193,5688 3423,8628 S 3799,609 11774,658 11677,316 7914,003 8676,954 9850,019
1,8419995 B 2414,0884 6188,0054 10802,177 16384,857 3193,5688 3423,8628 S 3799,609 11774,658 11677,316 7914,003 8676,954 9850,019
1,8420004 B 2414,0884 6188,0054 10802,177 16384,857 3193,5688 3423,8628 S 3799,609 11774,658 11677,316 7914,003 8676,954 9850,019
1,8419994 B 2414,0884 6188,0054 10802,177 16384,857 3193,5688 3423,8628 S 3799,609 11774,658 11677,316 7914,003 8676,954 9850,019
1,8419997 B 2414,0884 6188,0054 10802,177 16384,857 3193,5688 3423,8628 S 3799,609 11774,658 11677,316 7914,003 8676,954 9850,019
1,8420001 B 2414,0884 6188,0054 10802,177 16384,857 3193,5688 3423,8628 S 3799,609 11774,658 11677,316 7914,003 8676,954 9850,019
1,8419999 B 2414,0884 6188,0054 10802,177 16384,857 3193,5688 3423,8628 S 3799,609 11774,658 11677,316 7914,003 8676,954 9850,019
1,8419994 B 2414,0884 6188,0054 10802,177 16384,857 3193,5688 3423,8628 S 3799,609 11774,658 11677,316 7914,003 8676,954 9850,019
1,8419992 B 2414,0884 6188,0054 10802,177 16384,857 3193,5688 3423,8628 S 3799,609 11774,658 11677,316 7914,003 8676,954 9850,019
1,8419992 B 2414,0884 6188,0054 10802,177 16384,857 3193,5688 3423,8628 S 3799,609 11774,658 11677,316 7914,003 8676,954 9850,019
1,8419995 B 2414,0884 6188,0054 10802,177 16384,857 3193,5688 3423,8628 S 3799,609 11774,658 11677,316 7914,003 8676,954 9850,019
1,8419999 B 2414,0884 6188,0054 10802,177 16384,857 3193,5688 3423,8628 S 3799,609 11774,658 11677,316 7914,003 8676,954 9850,019
1,8419999 B 2414,0884 6188,0054 10802,177 16384,857 3193,5688 3423,8628 S 3799,609 11774,658 11677,316 7914,003 8676,954 9850,019
1,8419995 B 2414,0884 6188,0054 10802,177 16384,857 3193,5688 3423,8628 S 3799,609 11774,658 11677,316 7914,003 8676,954 9850,019
1,8419995 B 2414,0884 6188,0054 10802,177 16384,857 3193,5688 3423,8628 S 3799,609 11774,658 11677,316 7914,003 8676,954 9850,019
1,8420002 B 2414,0884 6188,0054 10802,177 16384,857 3193,5688 3423,8628 S 3799,609 11774,658 11677,316 7914,003 8676,954 9850,019
1,8420002 B 2414,0884 6188,0054 10802,177 16384,857 3193,5688 3423,8628 S 3799,609 11774,658 11677,316 7914,003 8676,954 9850,019
1,8419995 B 2414,0884 6188,0054 10802,177 16384,857 3193,5688 3423,8628 S 3799,609 11774,658 11677,316 7914,003 8676,954 9850,019
1,8420001 B 2414,0884 6188,0054 10802,177 16384,857 3193,5688 3423,8628 S 3799,609 11774,658 11677,316 7914,003 8676,954 9850,019
1,8419998 B 2414,0884 6188,0054 10802,177 16384,857 3193,5688 3423,8628 S 3799,609 11774,658 11677,316 7914,003 8676,954 9850,019
1,8419995 B 2414,0884 6188,0054 10802,177 16384,857 3193,5688 3423,8628 S 3799,609 11774,658 11677,316 7914,003 8676,954 9850,019
1,8420005 B 2414,0884 6188,0054 10802,177 16384,857 3193,5688 3423,8628 S 3799,609 11774,658 11677,316 7914,003 8676,954 9850,019
1,8420001 B 2414,0884 6188,0054 10802,177 16384,857 3193,5688 3423,8628 S 3799,609 11774,658 11677,316 7914,003 8676,954 9850,019
1,8419998 B 2414,0884 6188,0054 10802,177 16384,857 3193,5688 3423,8628 S 3799,609 11774,658 11677,316 7914,003 8676,954 9850,019
1,8419997 B 2414,0884 6188,0054 10802,177 16384,857 3193,5688 3423,8628 S 3799,609 11774,658 11677,316 7914,003 8676,954 9850,019
1,8415389 B 2414,0884 6188,0054 10802,177 16384,857 3193,5688 3423,8628 S 3799,609 11774,658 11677,316 7914,003 8676,954 9850,019
1,8410004 B 2414,0884 6188,0054 10802,177 16384,857 3193,5688 3423,8628 S 3799,609 11774,658 11677,316 7914,003 8676,954 9850,019
1,8410001 B 2414,0884 6188,0054 10802,177 16384,857 3193,5688 3423,8628 S 3799,609 11774,658 11677,316 7914,003 8676,954 9850,019
1,8410001 B 2414,0884 6188,0054 10802,177 16384,857 3193,5688 3423,8628 S 3799,609 11774,658 11677,316 7914,003 8676,954 9850,019
1,8409998 B 2414,0884 6188,0054 10802,177 16384,857 3193,5688 3423,8628 S 3799,609 11774,658 11677,316 7914,003 8676,954 9850,019
1,8410001 B 2414,0884 6188,0054 10802,177 16384,857 3193,5688 3423,8628 S 3799,609 11774,658 11677,316 7914,003 8676,954 9850,019
1,841 B 2414,0884 6188,0054 10802,177 16384,857 3193,5688 3423,8628 S 3799,609 11774,658 11677,316 7914,003 8676,954 9850,019
1,8410002 B 2414,0884 6188,0054 10802,177 16384,857 3193,5688 3423,8628 S 3799,609 11774,658 11677,316 7914,003 8676,954 9850,019
1,8410001 B 2414,0884 6188,0054 10802,177 16384,857 3193,5688 3423,8628 S 3799,609 11774,658 11677,316 7914,003 8676,954 9850,019
1,8409996 B 2414,0884 6188,0054 10802,177 16384,857 3193,5688 3423,8628 S 3799,609 11774,658 11677,316 7914,003 8676,954 9850,019
1,841 B 2414,0884 6188,0054 10802,177 16384,857 3193,5688 3423,8628 S 3799,609 11774,658 11677,316 7914,003 8676,954 9850,019
1,8410062 B 2414,0884 6188,0054 10802,177 16384,857 3193,5688 3423,8628 S 3799,609 11774,658 11677,316 7914,003 8676,954 9850,019
1,8420005 B 2414,0884 6188,0054 10802,177 16384,857 3193,5688 3423,8628 S 3799,609 11774,658 11677,316 7914,003 8676,954 9850,019
1,8415635 B 2414,0884 6188,0054 10802,177 16384,857 3193,5688 3423,8628 S 3799,609 11774,658 11677,316 7914,003 8676,954 9850,019
1,8410002 B 2414,0884 6188,0054 10802,177 16384,857 3193,5688 3423,8628 S 3799,609 11774,658 11677,316 7914,003 8676,954 9850,019
1,8409998 B 2414,0884 6188,0054 10802,177 16384,857 3193,5688 3423,8628 S 3799,609 11774,658 11677,316 7914,003 8676,954 9850,019
1,8410003 B 2414,0884 6188,0054 10802,177 16384,857 3193,5688 3423,8628 S 3799,609 11774,658 11677,316 7914,003 8676,954 9850,019
1,8409996 B 2414,0884 6188,0054 10802,177 16384,857 3193,5688 3423,8628 S 3799,609 11774,658 11677,316 7914,003 8676,954 9850,019
1,841 B 2414,0884 6188,0054 10802,177 16384,857 3193,5688 3423,8628 S 3799,609 11774,658 11677,316 7914,003 8676,954 9850,019
1,8409998 B 2414,0884 6188,0054 10802,177 16384,857 3193,5688 3423,8628 S 3799,609 11774,658 11677,316 7914,003 8676,954 9850,019
1,8410002 B 2414,0884 6188,0054 10802,177 16384,857 3193,5688 3423,8628 S 3799,609 11774,658 11677,316 7914,003 8676,954 9850,019
1,841 B 2414,0884 6188,0054 10802,177 16384,857 3193,5688 3423,8628 S 3799,609 11774,658 11677,316 7914,003 8676,954 9850,019
1,8410003 B 2414,0884 6188,0054 10802,177 16384,857 3193,5688 3423,8628 S 3799,609 11774,658 11677,316 7914,003 8676,954 9850,019
1,8410004 B 2414,0884 6188,0054 10802,177 16384,857 3193,5688 3423,8628 S 3799,609 11774,658 11677,316 7914,003 8676,954 9850,019
1,841 B 2414,0884 6188,0054 10802,177 16384,857 3193,5688 3423,8628 S 3799,609 11774,658 11677,316 7914,003 8676,954 9850,019
1,8410003 B 2414,0884 6188,0054 10802,177 16384,857 3193,5688 3423,8628 S 3799,609 11774,658 11677,316 7914,003 8676,954 9850,019
1,8409994 B 2414,0884 6188,0054 10802,177 16384,857 3193,5688 3423,8628 S 3799,609 11774,658 11677,316 7914,003 8676,954 9850,019
1,841 B 2414,0884 6188,0054 10802,177 16384,857 3193,5688 3423,8628 S 3799,609 11774,658 11677,316 7914,003 8676,954 9850,019
1,8409998 B 2414,0884 6188,0054 10802,177 16384,857 3193,5688 3423,8628 S 3799,609 11774,658 11677,316 7914,003 8676,954 9850,019
1,8410001 B 2414,0884 6188,0054 10802,177 16384,857 3193,5688 3423,8628 S 3799,609 11774,658 11677,316 7914,003 8676,954 9850,019
1,8409997 B 2414,0884 6188,0054 10802,177 16384,857 3193,5688 3423,8628 S 3799,609 11774,658 11677,316 7914,003 8676,954 9850,019
1,8410002 B 2414,0884 6188,0054 10802,177 16384,857 3193,5688 3423,8628 S 3799,609 11774,658 11677,316 7914,003 8676,954 9850,019
1,8413898 B 2414,0884 6188,0054 10802,177 16384,857 3193,5688 3423,8628 S 3799,609 11774,658 11677,316 7914,003 8676,954 9850,019
1,8420002 B 2414,0884 6188,0054 10802,177 16384,857 3193,5688 3423,8628 S 3799,609 11774,658 11677,316 7914,003 8676,954 9850,019
1,8420004 B 2414,0884 6188,0054 10802,177 16384,857 3193,5688 3423,8628 S 3799,609 11774,658 11677,316 7914,003 8676,954 9850,019
1,8419998 B 2414,0884 6188,0054 10802,177 16384,857 3193,5688 3423,8628 S 3799,609 11774,658 11677,316 7914,003 8676,954 9850,019
1,8418201 B 2414,0884 6188,0054 10802,177 16384,857 3193,5688 3423,8628 S 3799,609 11774,658 11677,316 7914,003 8676,954 9850,019
1,8410001 B 2414,0884 6188,0054 10802,177 16384,857 3193,5688 3423,8628 S 3799,609 11774,658 11677,316 7914,003 8676,954 9850,019
1,841 B 2414,0884 6188,0054 10802,177 16384,857 3193,5688 3423,8628 S 3799,609 11774,658 11677,316 7914,003 8676,954 9850,019
1,8409995 B 2414,0884 6188,0054 10802,177 16384,857 3193,5688 3423,8628 S 3799,609 11774,658 11677,316 7914,003 8676,954 9850,019
1,8410001 B 2414,0884 6188,0054 10802,177 16384,857 3193,5688 3423,8628 S 3799,609 11774,658 11677,316 7914,003 8676,954 9850,019
1,8410002 B 2414,0884 6188,0054 10802,177 16384,857 3193,5688 3423,8628 S 3799,609 11774,658 11677,316 7914,003 8676,954 9850,019
1,841 B 2414,0884 6188,0054 10802,177 16384,857 3193,5688 3423,8628 S 3799,609 11774,658 11677,316 7914,003 8676,954 9850,019
1,8410004 B 2414,0884 6188,0054 10802,177 16384,857 3193,5688 3423,8628 S 3799,609 11774,658 11677,316 7914,003 8676,954 9850,019
1,84125 B 2414,0884 6188,0054 10802,177 16384,857 3193,5688 3423,8628 S 3799,609 11774,658 11677,316 7914,003 8676,954 9850,019
1,8419998 B 2414,0884 6188,0054 10802,177 16384,857 3193,5688 3423,8628 S 3799,609 11774,658 11677,316 7914,003 8676,954 9850,019
1,8419999 B 2414,0884 6188,0054 10802,177 16384,857 3193,5688 3423,8628 S 3799,609 11774,658 11677,316 7914,003 8676,954 9850,019
1,8420001 B 2414,0884 6188,0054 10802,177 16384,857 3193,5688 3423,8628 S 3799,609 11774,658 11677,316 7914,003 8676,954 9850,019
1,8413146 B 2414,0884 6188,0054 10802,177 16384,857 3193,5688 3423,8628 S 3799,609 11774,658 11677,316 7914,003 8676,954 9850,019
1,8399999 B 2414,0884 6188,0054 10802,177 16384,857 3193,5688 3423,8628 S 3799,609 11774,658 11677,316 7914,003 8676,954 9850,019
1,8400002 B 2414,0884 6188,0054 10802,177 16384,857 3193,5688 3423,8628 S 3799,609 11774,658 11677,316 7914,003 8676,954 9850,019
1,8400002 B 2414,0884 6188,0054 10802,177 16384,857 3193,5688 3423,8628 S 3799,609 11774,658 11677,316 7914,003 8676,954 9850,019
1,8400002 B 2414,0884 6188,0054 10802,177 16384,857 3193,5688 3423,8628 S 3799,609 11774,658 11677,316 7914,003 8676,954 9850,019
1,84 B 2414,0884 6188,0054 10802,177 16384,857 3193,5688 3423,8628 S 3799,609 11774,658 11677,316 7914,003 8676,954 9850,019
1,8400003 B 2414,0884 6188,0054 10802,177 16384,857 3193,5688 3423,8628 S 3799,609 11774,658 11677,316 7914,003 8676,954 9850,019
1,8400005 B 2414,0884 6188,0054 10802,177 16384,857 3193,5688 3423,8628 S 3799,609 11774,658 11677,316 7914,003 8676,954 9850,019
1,8400004 B 2414,0884 6188,0054 10802,177 16384,857 3193,5688 3423,8628 S 3799,609 11774,658 11677,316 7914,003 8676,954 9850,019
1,8400002 B 2414,0884 6188,0054 10802,177 16384,857 3193,5688 3423,8628 S 3799,609 11774,658 11677,316 7914,003 8676,954 9850,019
1,8400002 B 2414,0884 6188,0054 10802,177 16384,857 3193,5688 3423,8628 S 3799,609 11774,658 11677,316 7914,003 8676,954 9850,019
1,8400002 B 2414,0884 6188,0054 10802,177 16384,857 3193,5688 3423,8628 S 3799,609 11774,658 11677,316 7914,003 8676,954 9850,019
1,8398565 B 2414,0884 6188,0054 10802,177 16384,857 3193,5688 3423,8628 S 3799,609 11774,658 11677,316 7914,003 8676,954 9850,019
1,8379998 B 2414,0884 6188,0054 10802,177 16384,857 3193,5688 3423,8628 S 3799,609 11774,658 11677,316 7914,003 8676,954 9850,019
1,8380005 B 2414,0884 6188,0054 10802,177 16384,857 3193,5688 3423,8628 S 3799,609 11774,658 11677,316 7914,003 8676,954 9850,019
1,8380004 B 2414,0884 6188,0054 10802,177 16384,857 3193,5688 3423,8628 S 3799,609 11774,658 11677,316 7914,003 8676,954 9850,019
1,8396542 B 2414,0884 6188,0054 10802,177 16384,857 3193,5688 3423,8628 S 3799,609 11774,658 11677,316 7914,003 8676,954 9850,019
1,8410001 B 2414,0884 6188,0054 10802,177 16384,857 3193,5688 3423,8628 S 3799,609 11774,658 11677,316 7914,003 8676,954 9850,019
1,8409995 B 2414,0884 6188,0054 10802,177 16384,857 3193,5688 3423,8628 S 3799,609 11774,658 11677,316 7914,003 8676,954 9850,019
1,8410004 B 2414,0884 6188,0054 10802,177 16384,857 3193,5688 3423,8628 S 3799,609 11774,658 11677,316 7914,003 8676,954 9850,019
1,8409998 B 2414,0884 6188,0054 10802,177 16384,857 3193,5688 3423,8628 S 3799,609 11774,658 11677,316 7914,003 8676,954 9850,019
1,8410001 B 2414,0884 6188,0054 10802,177 16384,857 3193,5688 3423,8628 S 3799,609 11774,658 11677,316 7914,003 8676,954 9850,019
1,8410001 B 2414,0884 6188,0054 10802,177 16384,857 3193,5688 3423,8628 S 3799,609 11774,658 11677,316 7914,003 8676,954 9850,019
1,8409997 B 2414,0884 6188,0054 10802,177 16384,857 3193,5688 3423,8628 S 3799,609 11774,658 11677,316 7914,003 8676,954 9850,019
1,8410002 B 2414,0884 6188,0054 10802,177 16384,857 3193,5688 3423,8628 S 3799,609 11774,658 11677,316 7914,003 8676,954 9850,019
1,8409997 B 2414,0884 6188,0054 10802,177 16384,857 3193,5688 3423,8628 S 3799,609 11774,658 11677,316 7914,003 8676,954 9850,019
1,8410003 B 2414,0884 6188,0054 10802,177 16384,857 3193,5688 3423,8628 S 3799,609 11774,658 11677,316 7914,003 8676,954 9850,019
1,8409997 B 2414,0884 6188,0054 10802,177 16384,857 3193,5688 3423,8628 S 3799,609 11774,658 11677,316 7914,003 8676,954 9850,019
