1,789533
1,7893099 B 623,45996 12086,66 14935,344 11492,649 8351,851 3743,7998 S 7217,6113 10025,542 14134,411 6790,1694 14600,471 270,30002
1,789624 B 623,45996 12086,66 14935,344 11492,649 8351,851 3743,7998 S 7217,6113 10025,542 14134,411 6790,1694 14600,471 270,30002
1,7890003 B 623,45996 12086,66 14935,344 11492,649 8351,851 3743,7998 S 7217,6113 10025,542 14134,411 6790,1694 14600,471 270,30002
1,789 B 623,45996 12086,66 14935,344 11492,649 8351,851 3743,7998 S 7217,6113 10025,542 14134,411 6790,1694 14600,471 270,30002
1,7889993 B 623,45996 12086,66 14935,344 11492,649 8351,851 3743,7998 S 7217,6113 10025,542 14134,411 6790,1694 14600,471 270,30002
1,7890003 B 623,45996 12086,66 14935,344 11492,649 8351,851 3743,7998 S 7217,6113 10025,542 14134,411 6790,1694 14600,471 270,30002
1,7889996 B 623,45996 12086,66 14935,344 11492,649 8351,851 3743,7998 S 7217,6113 10025,542 14134,411 6790,1694 14600,471 270,30002
1,7889998 B 623,45996 12086,66 14935,344 11492,649 8351,851 3743,7998 S 7217,6113 10025,542 14134,411 6790,1694 14600,471 270,30002
1,7897688 B 623,45996 12086,66 14935,344 11492,649 8351,851 3743,7998 S 7217,6113 10025,542 14134,411 6790,1694 14600,471 270,30002
1,7899998 B 623,45996 12086,66 14935,344 11492,649 8351,851 3743,7998 S 7217,6113 10025,542 14134,411 6790,1694 14600,471 270,30002
1,7900001 B 623,45996 12086,66 14935,344 11492,649 8351,851 3743,7998 S 7217,6113 10025,542 14134,411 6790,1694 14600,471 270,30002
1,7900002 B 623,45996 12086,66 14935,344 11492,649 8351,851 3743,7998 S 7217,6113 10025,542 14134,411 6790,1694 14600,471 270,30002
1,7907109 B 623,45996 12086,66 14935,344 11492,649 8351,851 3743,7998 S 7217,6113 10025,542 14134,411 6790,1694 14600,471 270,30002
1,7910005 B 623,45996 12086,66 14935,344 11492,649 8351,851 3743,7998 S 7217,6113 10025,542 14134,411 6790,1694 14600,471 270,30002
1,7910001 B 623,45996 12086,66 14935,344 11492,649 8351,851 3743,7998 S 7217,6113 10025,542 14134,411 6790,1694 14600,471 270,30002
1,7913814 B 623,45996 12086,66 14935,344 11492,649 8351,851 3743,7998 S 7217,6113 10025,542 14134,411 6790,1694 14600,471 270,30002
1,7920009 B 623,45996 12086,66 14935,344 11492,649 8351,851 3743,7998 S 7217,6113 10025,542 14134,411 6790,1694 14600,471 270,30002
1,791238 B 623,45996 12086,66 14935,344 11492,649 8351,851 3743,7998 S 7217,6113 10025,542 14134,411 6790,1694 14600,471 270,30002
1,7910001 B 623,45996 12086,66 14935,344 11492,649 8351,851 3743,7998 S 7217,6113 10025,542 14134,411 6790,1694 14600,471 270,30002
1,7910004 B 623,45996 12086,66 14935,344 11492,649 8351,851 3743,7998 S 7217,6113 10025,542 14134,411 6790,1694 14600,471 270,30002
1,7910002 B 623,45996 12086,66 14935,344 11492,649 8351,851 3743,7998 S 7217,6113 10025,542 14134,411 6790,1694 14600,471 270,30002
1,7910004 B 623,45996 12086,66 14935,344 11492,649 8351,851 3743,7998 S 7217,6113 10025,542 14134,411 6790,1694 14600,471 270,30002
1,7912464 B 623,45996 12086,66 14935,344 11492,649 8351,851 3743,7998 S 7217,6113 10025,542 14134,411 6790,1694 14600,471 270,30002
1,7929996 B 623,45996 12086,66 14935,344 11492,649 8351,851 3743,7998 S 7217,6113 10025,542 14134,411 6790,1694 14600,471 270,30002
1,7929996 B 623,45996 12086,66 14935,344 11492,649 8351,851 3743,7998 S 7217,6113 10025,542 14134,411 6790,1694 14600,471 270,30002
1,7929991 B 623,45996 12086,66 14935,344 11492,649 8351,851 3743,7998 S 7217,6113 10025,542 14134,411 6790,1694 14600,471 270,30002
1,7930001 B 623,45996 12086,66 14935,344 11492,649 8351,851 3743,7998 S 7217,6113 10025,542 14134,411 6790,1694 14600,471 270,30002
1,7930001 B 623,45996 12086,66 14935,344 11492,649 8351,851 3743,7998 S 7217,6113 10025,542 14134,411 6790,1694 14600,471 270,30002
1,7929996 B 623,45996 12086,66 14935,344 11492,649 8351,851 3743,7998 S 7217,6113 10025,542 14134,411 6790,1694 14600,471 270,30002
1,7929999 B 623,45996 12086,66 14935,344 11492,649 8351,851 3743,7998 S 7217,6113 10025,542 14134,411 6790,1694 14600,471 270,30002
1,7930007 B 623,45996 12086,66 14935,344 11492,649 8351,851 3743,7998 S 7217,6113 10025,542 14134,411 6790,1694 14600,471 270,30002
1,7930001 B 623,45996 12086,66 14935,344 11492,649 8351,851 3743,7998 S 7217,6113 10025,542 14134,411 6790,1694 14600,471 270,30002
1,7921989 B 623,45996 12086,66 14935,344 11492,649 8351,851 3743,7998 S 7217,6113 10025,542 14134,411 6790,1694 14600,471 270,30002
1,7910005 B 623,45996 12086,66 14935,344 11492,649 8351,851 3743,7998 S 7217,6113 10025,542 14134,411 6790,1694 14600,471 270,30002
1,7911129 B 623,45996 12086,66 14935,344 11492,649 8351,851 3743,7998 S 7217,6113 10025,542 14134,411 6790,1694 14600,471 270,30002
1,7919999 B 623,45996 12086,66 14935,344 11492,649 8351,851 3743,7998 S 7217,6113 10025,542 14134,411 6790,1694 14600,471 270,30002
1,7928271 B 623,45996 12086,66 14935,344 11492,649 8351,851 3743,7998 S 7217,6113 10025,542 14134,411 6790,1694 14600,471 270,30002
1,793 B 623,45996 12086,66 14935,344 11492,649 8351,851 3743,7998 S 7217,6113 10025,542 14134,411 6790,1694 14600,471 270,30002
1,7930005 B 623,45996 12086,66 14935,344 11492,649 8351,851 3743,7998 S 7217,6113 10025,542 14134,411 6790,1694 14600,471 270,30002
1,7929999 B 623,45996 12086,66 14935,344 11492,649 8351,851 3743,7998 S 7217,6113 10025,542 14134,411 6790,1694 14600,471 270,30002
1,7929997 B 623,45996 12086,66 14935,344 11492,649 8351,851 3743,7998 S 7217,6113 10025,542 14134,411 6790,1694 14600,471 270,30002
1,7929993 B 623,45996 12086,66 14935,344 11492,649 8351,851 3743,7998 S 7217,6113 10025,542 14134,411 6790,1694 14600,471 270,30002
1,7921458 B 623,45996 12086,66 14935,344 11492,649 8351,851 3743,7998 S 7217,6113 10025,542 14134,411 6790,1694 14600,471 270,30002
1,7919995 B 623,45996 12086,66 14935,344 11492,649 8351,851 3743,7998 S 7217,6113 10025,542 14134,411 6790,1694 14600,471 270,30002
1,792 B 623,45996 12086,66 14935,344 11492,649 8351,851 3743,7998 S 7217,6113 10025,542 14134,411 6790,1694 14600,471 270,30002
1,7919997 B 623,45996 12086,66 14935,344 11492,649 8351,851 3743,7998 S 7217,6113 10025,542 14134,411 6790,1694 14600,471 270,30002
1,7927339 B 623,45996 12086,66 14935,344 11492,649 8351,851 3743,7998 S 7217,6113 10025,542 14134,411 6790,1694 14600,471 270,30002
1,7941927 B 623,45996 12086,66 14935,344 11492,649 8351,851 3743,7998 S 7217,6113 10025,542 14134,411 6790,1694 14600,471 270,30002
1,7949998 B 623,45996 12086,66 14935,344 11492,649 8351,851 3743,7998 S 7217,6113 10025,542 14134,411 6790,1694 14600,471 270,30002
1,7950003 B 623,45996 12086,66 14935,344 11492,649 8351,851 3743,7998 S 7217,6113 10025,542 14134,411 6790,1694 14600,471 270,30002
1,7949998 B 623,45996 12086,66 14935,344 11492,649 8351,851 3743,7998 S 7217,6113 10025,542 14134,411 6790,1694 14600,471 270,30002
1,795 B 623,45996 12086,66 14935,344 11492,649 8351,851 3743,7998 S 7217,6113 10025,542 14134,411 6790,1694 14600,471 270,30002
1,7949996 B 623,45996 12086,66 14935,344 11492,649 8351,851 3743,7998 S 7217,6113 10025,542 14134,411 6790,1694 14600,471 270,30002
1,7949997 B 623,45996 12086,66 14935,344 11492,649 8351,851 3743,7998 S 7217,6113 10025,542 14134,411 6790,1694 14600,471 270,30002
1,7950002 B 623,45996 12086,66 14935,344 11492,649 8351,851 3743,7998 S 7217,6113 10025,542 14134,411 6790,1694 14600,471 270,30002
1,795 B 623,45996 12086,66 14935,344 11492,649 8351,851 3743,7998 S 7217,6113 10025,542 14134,411 6790,1694 14600,471 270,30002
1,7949998 B 623,45996 12086,66 14935,344 11492,649 8351,851 3743,7998 S 7217,6113 10025,542 14134,411 6790,1694 14600,471 270,30002
1,7949998 B 623,45996 12086,66 14935,344 11492,649 8351,851 3743,7998 S 7217,6113 10025,542 14134,411 6790,1694 14600,471 270,30002
1,7950002 B 623,45996 12086,66 14935,344 11492,649 8351,851 3743,7998 S 7217,6113 10025,542 14134,411 6790,1694 14600,471 270,30002
1,7950002 B 623,45996 12086,66 14935,344 11492,649 8351,851 3743,7998 S 7217,6113 10025,542 14134,411 6790,1694 14600,471 270,30002
1,7949997 B 623,45996 12086,66 14935,344 11492,649 8351,851 3743,7998 S 7217,6113 10025,542 14134,411 6790,1694 14600,471 270,30002
1,7950008 B 623,45996 12086,66 14935,344 11492,649 8351,851 3743,7998 S 7217,6113 10025,542 14134,411 6790,1694 14600,471 270,30002
1,7940586 B 623,45996 12086,66 14935,344 11492,649 8351,851 3743,7998 S 7217,6113 10025,542 14134,411 6790,1694 14600,471 270,30002
1,7940003 B 623,45996 12086,66 14935,344 11492,649 8351,851 3743,7998 S 7217,6113 10025,542 14134,411 6790,1694 14600,471 270,30002
1,7939998 B 623,45996 12086,66 14935,344 11492,649 8351,851 3743,7998 S 7217,6113 10025,542 14134,411 6790,1694 14600,471 270,30002
1,7939999 B 623,45996 12086,66 14935,344 11492,649 8351,851 3743,7998 S 7217,6113 10025,542 14134,411 6790,1694 14600,471 270,30002
1,7940003 B 623,45996 12086,66 14935,344 11492,649 8351,851 3743,7998 S 7217,6113 10025,542 14134,411 6790,1694 14600,471 270,30002
1,7939999 B 623,45996 12086,66 14935,344 11492,649 8351,851 3743,7998 S 7217,6113 10025,542 14134,411 6790,1694 14600,471 270,30002
1,7940001 B 623,45996 12086,66 14935,344 11492,649 8351,851 3743,7998 S 7217,6113 10025,542 14134,411 6790,1694 14600,471 270,30002
1,7940004 B 623,45996 12086,66 14935,344 11492,649 8351,851 3743,7998 S 7217,6113 10025,542 14134,411 6790,1694 14600,471 270,30002
1,7940004 B 623,45996 12086,66 14935,344 11492,649 8351,851 3743,7998 S 7217,6113 10025,542 14134,411 6790,1694 14600,471 270,30002
1,7940004 B 623,45996 12086,66 14935,344 11492,649 8351,851 3743,7998 S 7217,6113 10025,542 14134,411 6790,1694 14600,471 270,30002
1,7940004 B 623,45996 12086,66 14935,344 11492,649 8351,851 3743,7998 S 7217,6113 10025,542 14134,411 6790,1694 14600,471 270,30002
1,7940006 B 623,45996 12086,66 14935,344 11492,649 8351,851 3743,7998 S 7217,6113 10025,542 14134,411 6790,1694 14600,471 270,30002
1,7940005 B 623,45996 12086,66 14935,344 11492,649 8351,851 3743,7998 S 7217,6113 10025,542 14134,411 6790,1694 14600,471 270,30002
1,7940005 B 623,45996 12086,66 14935,344 11492,649 8351,851 3743,7998 S 7217,6113 10025,542 14134,411 6790,1694 14600,471 270,30002
1,7937987 B 623,45996 12086,66 14935,344 11492,649 8351,851 3743,7998 S 7217,6113 10025,542 14134,411 6790,1694 14600,471 270,30002
1,7899257 B 623,45996 12086,66 14935,344 11492,649 8351,851 3743,7998 S 7217,6113 10025,542 14134,411 6790,1694 14600,471 270,30002
1,789 B 623,45996 12086,66 14935,344 11492,649 8351,851 3743,7998 S 7217,6113 10025,542 14134,411 6790,1694 14600,471 270,30002
1,7890002 B 623,45996 12086,66 14935,344 11492,649 8351,851 3743,7998 S 7217,6113 10025,542 14134,411 6790,1694 14600,471 270,30002
1,7890002 B 623,45996 12086,66 14935,344 11492,649 8351,851 3743,7998 S 7217,6113 10025,542 14134,411 6790,1694 14600,471 270,30002
1,7890006 B 623,45996 12086,66 14935,344 11492,649 8351,851 3743,7998 S 7217,6113 10025,542 14134,411 6790,1694 14600,471 270,30002
1,7890004 B 623,45996 12086,66 14935,344 11492,649 8351,851 3743,7998 S 7217,6113 10025,542 14134,411 6790,1694 14600,471 270,30002
1,7889999 B 623,45996 12086,66 14935,344 11492,649 8351,851 3743,7998 S 7217,6113 10025,542 14134,411 6790,1694 14600,471 270,30002
1,7889999 B 623,45996 12086,66 14935,344 11492,649 8351,851 3743,7998 S 7217,6113 10025,542 14134,411 6790,1694 14600,471 270,30002
1,7890003 B 623,45996 12086,66 14935,344 11492,649 8351,851 3743,7998 S 7217,6113 10025,542 14134,411 6790,1694 14600,471 270,30002
1,7889999 B 623,45996 12086,66 14935,344 11492,649 8351,851 3743,7998 S 7217,6113 10025,542 14134,411 6790,1694 14600,471 270,30002
1,7889998 B 623,45996 12086,66 14935,344 11492,649 8351,851 3743,7998 S 7217,6113 10025,542 14134,411 6790,1694 14600,471 270,30002
1,7889998 B 623,45996 12086,66 14935,344 11492,649 8351,851 3743,7998 S 7217,6113 10025,542 14134,411 6790,1694 14600,471 270,30002
1,7884732 B 623,45996 12086,66 14935,344 11492,649 8351,851 3743,7998 S 7217,6113 10025,542 14134,411 6790,1694 14600,471 270,30002
1,7880002 B 623,45996 12086,66 14935,344 11492,649 8351,851 3743,7998 S 7217,6113 10025,542 14134,411 6790,1694 14600,471 270,30002
1,7880007 B 623,45996 12086,66 14935,344 11492,649 8351,851 3743,7998 S 7217,6113 10025,542 14134,411 6790,1694 14600,471 270,30002
1,7880003 B 623,45996 12086,66 14935,344 11492,649 8351,851 3743,7998 S 7217,6113 10025,542 14134,411 6790,1694 14600,471 270,30002
1,7880003 B 623,45996 12086,66 14935,344 11492,649 8351,851 3743,7998 S 7217,6113 10025,542 14134,411 6790,1694 14600,471 270,30002
1,788 B 623,45996 12086,66 14935,344 11492,649 8351,851 3743,7998 S 7217,6113 10025,542 14134,411 6790,1694 14600,471 270,30002
1,7880002 B 623,45996 12086,66 14935,344 11492,649 8351,851 3743,7998 S 7217,6113 10025,542 14134,411 6790,1694 14600,471 270,30002
1,7879999 B 623,45996 12086,66 14935,344 11492,649 8351,851 3743,7998 S 7217,6113 10025,542 14134,411 6790,1694 14600,471 270,30002
1,7880006 B 623,45996 12086,66 14935,344 11492,649 8351,851 3743,7998 S 7217,6113 10025,542 14134,411 6790,1694 14600,471 270,30002
1,788 B 623,45996 12086,66 14935,344 11492,649 8351,851 3743,7998 S 7217,6113 10025,542 14134,411 6790,1694 14600,471 270,30002
1,7880001 B 623,45996 12086,66 14935,344 11492,649 8351,851 3743,7998 S 7217,6113 10025,542 14134,411 6790,1694 14600,471 270,30002
1,788 B 623,45996 12086,66 14935,344 11492,649 8351,851 3743,7998 S 7217,6113 10025,542 14134,411 6790,1694 14600,471 270,30002
1,788 B 623,45996 12086,66 14935,344 11492,649 8351,851 3743,7998 S 7217,6113 10025,542 14134,411 6790,1694 14600,471 270,30002
1,7880003 B 623,45996 12086,66 14935,344 11492,649 8351,851 3743,7998 S 7217,6113 10025,542 14134,411 6790,1694 14600,471 270,30002
1,7880003 B 623,45996 12086,66 14935,344 11492,649 8351,851 3743,7998 S 7217,6113 10025,542 14134,411 6790,1694 14600,471 270,30002
1,7880006 B 623,45996 12086,66 14935,344 11492,649 8351,851 3743,7998 S 7217,6113 10025,542 14134,411 6790,1694 14600,471 270,30002
1,7880006 B 623,45996 12086,66 14935,344 11492,649 8351,851 3743,7998 S 7217,6113 10025,542 14134,411 6790,1694 14600,471 270,30002
1,7880005 B 623,45996 12086,66 14935,344 11492,649 8351,851 3743,7998 S 7217,6113 10025,542 14134,411 6790,1694 14600,471 270,30002
1,7879997 B 623,45996 12086,66 14935,344 11492,649 8351,851 3743,7998 S 7217,6113 10025,542 14134,411 6790,1694 14600,471 270,30002
1,7880002 B 623,45996 12086,66 14935,344 11492,649 8351,851 3743,7998 S 7217,6113 10025,542 14134,411 6790,1694 14600,471 270,30002
1,7880003 B 623,45996 12086,66 14935,344 11492,649 8351,851 3743,7998 S 7217,6113 10025,542 14134,411 6790,1694 14600,471 270,30002
1,7880002 B 623,45996 12086,66 14935,344 11492,649 8351,851 3743,7998 S 7217,6113 10025,542 14134,411 6790,1694 14600,471 270,30002
1,7880001 B 623,45996 12086,66 14935,344 11492,649 8351,851 3743,7998 S 7217,6113 10025,542 14134,411 6790,1694 14600,471 270,30002
1,7880002 B 623,45996 12086,66 14935,344 11492,649 8351,851 3743,7998 S 7217,6113 10025,542 14134,411 6790,1694 14600,471 270,30002
1,7880001 B 623,45996 12086,66 14935,344 11492,649 8351,851 3743,7998 S 7217,6113 10025,542 14134,411 6790,1694 14600,471 270,30002
1,7880006 B 623,45996 12086,66 14935,344 11492,649 8351,851 3743,7998 S 7217,6113 10025,542 14134,411 6790,1694 14600,471 270,30002
1,7880002 B 623,45996 12086,66 14935,344 11492,649 8351,851 3743,7998 S 7217,6113 10025,542 14134,411 6790,1694 14600,471 270,30002
1,7880001 B 623,45996 12086,66 14935,344 11492,649 8351,851 3743,7998 S 7217,6113 10025,542 14134,411 6790,1694 14600,471 270,30002
1,788 B 623,45996 12086,66 14935,344 11492,649 8351,851 3743,7998 S 7217,6113 10025,542 14134,411 6790,1694 14600,471 270,30002
1,7880005 B 623,45996 12086,66 14935,344 11492,649 8351,851 3743,7998 S 7217,6113 10025,542 14134,411 6790,1694 14600,471 270,30002
1,7880002 B 623,45996 12086,66 14935,344 11492,649 8351,851 3743,7998 S 7217,6113 10025,542 14134,411 6790,1694 14600,471 270,30002
1,7879999 B 623,45996 12086,66 14935,344 11492,649 8351,851 3743,7998 S 7217,6113 10025,542 14134,411 6790,1694 14600,471 270,30002
1,7879997 B 623,45996 12086,66 14935,344 11492,649 8351,851 3743,7998 S 7217,6113 10025,542 14134,411 6790,1694 14600,471 270,30002
1,7880001 B 623,45996 12086,66 14935,344 11492,649 8351,851 3743,7998 S 7217,6113 10025,542 14134,411 6790,1694 14600,471 270,30002
1,788 B 623,45996 12086,66 14935,344 11492,649 8351,851 3743,7998 S 7217,6113 10025,542 14134,411 6790,1694 14600,471 270,30002
1,7880001 B 623,45996 12086,66 14935,344 11492,649 8351,851 3743,7998 S 7217,6113 10025,542 14134,411 6790,1694 14600,471 270,30002
1,7880005 B 623,45996 12086,66 14935,344 11492,649 8351,851 3743,7998 S 7217,6113 10025,542 14134,411 6790,1694 14600,471 270,30002
1,7880003 B 623,45996 12086,66 14935,344 11492,649 8351,851 3743,7998 S 7217,6113 10025,542 14134,411 6790,1694 14600,471 270,30002
1,7879997 B 623,45996 12086,66 14935,344 11492,649 8351,851 3743,7998 S 7217,6113 10025,542 14134,411 6790,1694 14600,471 270,30002
1,7880001 B 623,45996 12086,66 14935,344 11492,649 8351,851 3743,7998 S 7217,6113 10025,542 14134,411 6790,1694 14600,471 270,30002
1,788 B 623,45996 12086,66 14935,344 11492,649 8351,851 3743,7998 S 7217,6113 10025,542 14134,411 6790,1694 14600,471 270,30002
1,7879996 B 623,45996 12086,66 14935,344 11492,649 8351,851 3743,7998 S 7217,6113 10025,542 14134,411 6790,1694 14600,471 270,30002
1,7880006 B 623,45996 12086,66 14935,344 11492,649 8351,851 3743,7998 S 7217,6113 10025,542 14134,411 6790,1694 14600,471 270,30002
1,7880001 B 623,45996 12086,66 14935,344 11492,649 8351,851 3743,7998 S 7217,6113 10025,542 14134,411 6790,1694 14600,471 270,30002
1,7880002 B 623,45996 12086,66 14935,344 11492,649 8351,851 3743,7998 S 7217,6113 10025,542 14134,411 6790,1694 14600,471 270,30002
1,7880005 B 623,45996 12086,66 14935,344 11492,649 8351,851 3743,7998 S 7217,6113 10025,542 14134,411 6790,1694 14600,471 270,30002
1,788 B 623,45996 12086,66 14935,344 11492,649 8351,851 3743,7998 S 7217,6113 10025,542 14134,411 6790,1694 14600,471 270,30002
1,7880002 B 623,45996 12086,66 14935,344 11492,649 8351,851 3743,7998 S 7217,6113 10025,542 14134,411 6790,1694 14600,471 270,30002
1,788 B 623,45996 12086,66 14935,344 11492,649 8351,851 3743,7998 S 7217,6113 10025,542 14134,411 6790,1694 14600,471 270,30002
1,7880003 B 623,45996 12086,66 14935,344 11492,649 8351,851 3743,7998 S 7217,6113 10025,542 14134,411 6790,1694 14600,471 270,30002
1,7880002 B 623,45996 12086,66 14935,344 11492,649 8351,851 3743,7998 S 7217,6113 10025,542 14134,411 6790,1694 14600,471 270,30002
1,7879997 B 623,45996 12086,66 14935,344 11492,649 8351,851 3743,7998 S 7217,6113 10025,542 14134,411 6790,1694 14600,471 270,30002
1,7880002 B 623,45996 12086,66 14935,344 11492,649 8351,851 3743,7998 S 7217,6113 10025,542 14134,411 6790,1694 14600,471 270,30002
1,7879999 B 623,45996 12086,66 14935,344 11492,649 8351,851 3743,7998 S 7217,6113 10025,542 14134,411 6790,1694 14600,471 270,30002
1,7880003 B 623,45996 12086,66 14935,344 11492,649 8351,851 3743,7998 S 7217,6113 10025,542 14134,411 6790,1694 14600,471 270,30002
1,7879997 B 623,45996 12086,66 14935,344 11492,649 8351,851 3743,7998 S 7217,6113 10025,542 14134,411 6790,1694 14600,471 270,30002
1,7880003 B 623,45996 12086,66 14935,344 11492,649 8351,851 3743,7998 S 7217,6113 10025,542 14134,411 6790,1694 14600,471 270,30002
1,7880003 B 623,45996 12086,66 14935,344 11492,649 8351,851 3743,7998 S 7217,6113 10025,542 14134,411 6790,1694 14600,471 270,30002
1,7880001 B 623,45996 12086,66 14935,344 11492,649 8351,851 3743,7998 S 7217,6113 10025,542 14134,411 6790,1694 14600,471 270,30002
1,7880006 B 623,45996 12086,66 14935,344 11492,649 8351,851 3743,7998 S 7217,6113 10025,542 14134,411 6790,1694 14600,471 270,30002
1,7880005 B 623,45996 12086,66 14935,344 11492,649 8351,851 3743,7998 S 7217,6113 10025,542 14134,411 6790,1694 14600,471 270,30002
1,788 B 623,45996 12086,66 14935,344 11492,649 8351,851 3743,7998 S 7217,6113 10025,542 14134,411 6790,1694 14600,471 270,30002
1,788 B 623,45996 12086,66 14935,344 11492,649 8351,851 3743,7998 S 7217,6113 10025,542 14134,411 6790,1694 14600,471 270,30002
1,7880005 B 623,45996 12086,66 14935,344 11492,649 8351,851 3743,7998 S 7217,6113 10025,542 14134,411 6790,1694 14600,471 270,30002
1,7880005 B 623,45996 12086,66 14935,344 11492,649 8351,851 3743,7998 S 7217,6113 10025,542 14134,411 6790,1694 14600,471 270,30002
1,7880003 B 623,45996 12086,66 14935,344 11492,649 8351,851 3743,7998 S 7217,6113 10025,542 14134,411 6790,1694 14600,471 270,30002
1,788 B 623,45996 12086,66 14935,344 11492,649 8351,851 3743,7998 S 7217,6113 10025,542 14134,411 6790,1694 14600,471 270,30002
1,7879999 B 623,45996 12086,66 14935,344 11492,649 8351,851 3743,7998 S 7217,6113 10025,542 14134,411 6790,1694 14600,471 270,30002
1,7880003 B 623,45996 12086,66 14935,344 11492,649 8351,851 3743,7998 S 7217,6113 10025,542 14134,411 6790,1694 14600,471 270,30002
1,7880006 B 623,45996 12086,66 14935,344 11492,649 8351,851 3743,7998 S 7217,6113 10025,542 14134,411 6790,1694 14600,471 270,30002
1,7880003 B 623,45996 12086,66 14935,344 11492,649 8351,851 3743,7998 S 7217,6113 10025,542 14134,411 6790,1694 14600,471 270,30002
1,788 B 623,45996 12086,66 14935,344 11492,649 8351,851 3743,7998 S 7217,6113 10025,542 14134,411 6790,1694 14600,471 270,30002
1,788 B 623,45996 12086,66 14935,344 11492,649 8351,851 3743,7998 S 7217,6113 10025,542 14134,411 6790,1694 14600,471 270,30002
1,7880002 B 623,45996 12086,66 14935,344 11492,649 8351,851 3743,7998 S 7217,6113 10025,542 14134,411 6790,1694 14600,471 270,30002
1,7880006 B 623,45996 12086,66 14935,344 11492,649 8351,851 3743,7998 S 7217,6113 10025,542 14134,411 6790,1694 14600,471 270,30002
1,7879999 B 623,45996 12086,66 14935,344 11492,649 8351,851 3743,7998 S 7217,6113 10025,542 14134,411 6790,1694 14600,471 270,30002
1,7880003 B 623,45996 12086,66 14935,344 11492,649 8351,851 3743,7998 S 7217,6113 10025,542 14134,411 6790,1694 14600,471 270,30002
1,7880002 B 623,45996 12086,66 14935,344 11492,649 8351,851 3743,7998 S 7217,6113 10025,542 14134,411 6790,1694 14600,471 270,30002
1,7880003 B 623,45996 12086,66 14935,344 11492,649 8351,851 3743,7998 S 7217,6113 10025,542 14134,411 6790,1694 14600,471 270,30002
1,7880002 B 623,45996 12086,66 14935,344 11492,649 8351,851 3743,7998 S 7217,6113 10025,542 14134,411 6790,1694 14600,471 270,30002
1,788 B 623,45996 12086,66 14935,344 11492,649 8351,851 3743,7998 S 7217,6113 10025,542 14134,411 6790,1694 14600,471 270,30002
1,7880002 B 623,45996 12086,66 14935,344 11492,649 8351,851 3743,7998 S 7217,6113 10025,542 14134,411 6790,1694 14600,471 270,30002
1,7880007 B 623,45996 12086,66 14935,344 11492,649 8351,851 3743,7998 S 7217,6113 10025,542 14134,411 6790,1694 14600,471 270,30002
1,7880001 B 623,45996 12086,66 14935,344 11492,649 8351,851 3743,7998 S 7217,6113 10025,542 14134,411 6790,1694 14600,471 270,30002
1,7880003 B 623,45996 12086,66 14935,344 11492,649 8351,851 3743,7998 S 7217,6113 10025,542 14134,411 6790,1694 14600,471 270,30002
1,7880001 B 623,45996 12086,66 14935,344 11492,649 8351,851 3743,7998 S 7217,6113 10025,542 14134,411 6790,1694 14600,471 270,30002
1,7880003 B 623,45996 12086,66 14935,344 11492,649 8351,851 3743,7998 S 7217,6113 10025,542 14134,411 6790,1694 14600,471 270,30002
1,7880001 B 623,45996 12086,66 14935,344 11492,649 8351,851 3743,7998 S 7217,6113 10025,542 14134,411 6790,1694 14600,471 270,30002
1,7880005 B 623,45996 12086,66 14935,344 11492,649 8351,851 3743,7998 S 7217,6113 10025,542 14134,411 6790,1694 14600,471 270,30002
1,7879997 B 623,45996 12086,66 14935,344 11492,649 8351,851 3743,7998 S 7217,6113 10025,542 14134,411 6790,1694 14600,471 270,30002
1,7879999 B 623,45996 12086,66 14935,344 11492,649 8351,851 3743,7998 S 7217,6113 10025,542 14134,411 6790,1694 14600,471 270,30002
1,7880002 B 623,45996 12086,66 14935,344 11492,649 8351,851 3743,7998 S 7217,6113 10025,542 14134,411 6790,1694 14600,471 270,30002
1,7880005 B 623,45996 12086,66 14935,344 11492,649 8351,851 3743,7998 S 7217,6113 10025,542 14134,411 6790,1694 14600,471 270,30002
1,788 B 623,45996 12086,66 14935,344 11492,649 8351,851 3743,7998 S 7217,6113 10025,542 14134,411 6790,1694 14600,471 270,30002
1,788 B 623,45996 12086,66 14935,344 11492,649 8351,851 3743,7998 S 7217,6113 10025,542 14134,411 6790,1694 14600,471 270,30002
1,7880002 B 623,45996 12086,66 14935,344 11492,649 8351,851 3743,7998 S 7217,6113 10025,542 14134,411 6790,1694 14600,471 270,30002
1,7880005 B 623,45996 12086,66 14935,344 11492,649 8351,851 3743,7998 S 7217,6113 10025,542 14134,411 6790,1694 14600,471 270,30002
1,7880002 B 623,45996 12086,66 14935,344 11492,649 8351,851 3743,7998 S 7217,6113 10025,542 14134,411 6790,1694 14600,471 270,30002
1,7880002 B 623,45996 12086,66 14935,344 11492,649 8351,851 3743,7998 S 7217,6113 10025,542 14134,411 6790,1694 14600,471 270,30002
1,7880002 B 623,45996 12086,66 14935,344 11492,649 8351,851 3743,7998 S 7217,6113 10025,542 14134,411 6790,1694 14600,471 270,30002
1,7880006 B 623,45996 12086,66 14935,344 11492,649 8351,851 3743,7998 S 7217,6113 10025,542 14134,411 6790,1694 14600,471 270,30002
1,7880005 B 623,45996 12086,66 14935,344 11492,649 8351,851 3743,7998 S 7217,6113 10025,542 14134,411 6790,1694 14600,471 270,30002
1,788 B 623,45996 12086,66 14935,344 11492,649 8351,851 3743,7998 S 7217,6113 10025,542 14134,411 6790,1694 14600,471 270,30002
1,7879999 B 623,45996 12086,66 14935,344 11492,649 8351,851 3743,7998 S 7217,6113 10025,542 14134,411 6790,1694 14600,471 270,30002
1,7880005 B 623,45996 12086,66 14935,344 11492,649 8351,851 3743,7998 S 7217,6113 10025,542 14134,411 6790,1694 14600,471 270,30002
1,7879999 B 623,45996 12086,66 14935,344 11492,649 8351,851 3743,7998 S 7217,6113 10025,542 14134,411 6790,1694 14600,471 270,30002
1,7880005 B 623,45996 12086,66 14935,344 11492,649 8351,851 3743,7998 S 7217,6113 10025,542 14134,411 6790,1694 14600,471 270,30002
1,7880005 B 623,45996 12086,66 14935,344 11492,649 8351,851 3743,7998 S 7217,6113 10025,542 14134,411 6790,1694 14600,471 270,30002
1,7880002 B 623,45996 12086,66 14935,344 11492,649 8351,851 3743,7998 S 7217,6113 10025,542 14134,411 6790,1694 14600,471 270,30002
1,7880001 B 623,45996 12086,66 14935,344 11492,649 8351,851 3743,7998 S 7217,6113 10025,542 14134,411 6790,1694 14600,471 270,30002
1,7880003 B 623,45996 12086,66 14935,344 11492,649 8351,851 3743,7998 S 7217,6113 10025,542 14134,411 6790,1694 14600,471 270,30002
1,7880005 B 623,45996 12086,66 14935,344 11492,649 8351,851 3743,7998 S 7217,6113 10025,542 14134,411 6790,1694 14600,471 270,30002
1,7880001 B 623,45996 12086,66 14935,344 11492,649 8351,851 3743,7998 S 7217,6113 10025,542 14134,411 6790,1694 14600,471 270,30002
1,7880001 B 623,45996 12086,66 14935,344 11492,649 8351,851 3743,7998 S 7217,6113 10025,542 14134,411 6790,1694 14600,471 270,30002
1,7880006 B 623,45996 12086,66 14935,344 11492,649 8351,851 3743,7998 S 7217,6113 10025,542 14134,411 6790,1694 14600,471 270,30002
1,788 B 623,45996 12086,66 14935,344 11492,649 8351,851 3743,7998 S 7217,6113 10025,542 14134,411 6790,1694 14600,471 270,30002
1,7880001 B 623,45996 12086,66 14935,344 11492,649 8351,851 3743,7998 S 7217,6113 10025,542 14134,411 6790,1694 14600,471 270,30002
1,7880003 B 623,45996 12086,66 14935,344 11492,649 8351,851 3743,7998 S 7217,6113 10025,542 14134,411 6790,1694 14600,471 270,30002
1,7880005 B 623,45996 12086,66 14935,344 11492,649 8351,851 3743,7998 S 7217,6113 10025,542 14134,411 6790,1694 14600,471 270,30002
1,788 B 623,45996 12086,66 14935,344 11492,649 8351,851 3743,7998 S 7217,6113 10025,542 14134,411 6790,1694 14600,471 270,30002
1,7880005 B 623,45996 12086,66 14935,344 11492,649 8351,851 3743,7998 S 7217,6113 10025,542 14134,411 6790,1694 14600,471 270,30002
1,7880002 B 623,45996 12086,66 14935,344 11492,649 8351,851 3743,7998 S 7217,6113 10025,542 14134,411 6790,1694 14600,471 270,30002
1,7880007 B 623,45996 12086,66 14935,344 11492,649 8351,851 3743,7998 S 7217,6113 10025,542 14134,411 6790,1694 14600,471 270,30002
1,7880003 B 623,45996 12086,66 14935,344 11492,649 8351,851 3743,7998 S 7217,6113 10025,542 14134,411 6790,1694 14600,471 270,30002
1,7879997 B 623,45996 12086,66 14935,344 11492,649 8351,851 3743,7998 S 7217,6113 10025,542 14134,411 6790,1694 14600,471 270,30002
1,7880001 B 623,45996 12086,66 14935,344 11492,649 8351,851 3743,7998 S 7217,6113 10025,542 14134,411 6790,1694 14600,471 270,30002
1,7880002 B 623,45996 12086,66 14935,344 11492,649 8351,851 3743,7998 S 7217,6113 10025,542 14134,411 6790,1694 14600,471 270,30002
1,7879999 B 623,45996 12086,66 14935,344 11492,649 8351,851 3743,7998 S 7217,6113 10025,542 14134,411 6790,1694 14600,471 270,30002
1,7880001 B 623,45996 12086,66 14935,344 11492,649 8351,851 3743,7998 S 7217,6113 10025,542 14134,411 6790,1694 14600,471 270,30002
1,788 B 623,45996 12086,66 14935,344 11492,649 8351,851 3743,7998 S 7217,6113 10025,542 14134,411 6790,1694 14600,471 270,30002
1,788 B 623,45996 12086,66 14935,344 11492,649 8351,851 3743,7998 S 7217,6113 10025,542 14134,411 6790,1694 14600,471 270,30002
1,7880007 B 623,45996 12086,66 14935,344 11492,649 8351,851 3743,7998 S 7217,6113 10025,542 14134,411 6790,1694 14600,471 270,30002
1,788 B 623,45996 12086,66 14935,344 11492,649 8351,851 3743,7998 S 7217,6113 10025,542 14134,411 6790,1694 14600,471 270,30002
1,7880003 B 623,45996 12086,66 14935,344 11492,649 8351,851 3743,7998 S 7217,6113 10025,542 14134,411 6790,1694 14600,471 270,30002
1,7880003 B 623,45996 12086,66 14935,344 11492,649 8351,851 3743,7998 S 7217,6113 10025,542 14134,411 6790,1694 14600,471 270,30002
1,7879999 B 623,45996 12086,66 14935,344 11492,649 8351,851 3743,7998 S 7217,6113 10025,542 14134,411 6790,1694 14600,471 270,30002
1,7880001 B 623,45996 12086,66 14935,344 11492,649 8351,851 3743,7998 S 7217,6113 10025,542 14134,411 6790,1694 14600,471 270,30002
1,7880003 B 623,45996 12086,66 14935,344 11492,649 8351,851 3743,7998 S 7217,6113 10025,542 14134,411 6790,1694 14600,471 270,30002
1,7879999 B 623,45996 12086,66 14935,344 11492,649 8351,851 3743,7998 S 7217,6113 10025,542 14134,411 6790,1694 14600,471 270,30002
1,7880002 B 623,45996 12086,66 14935,344 11492,649 8351,851 3743,7998 S 7217,6113 10025,542 14134,411 6790,1694 14600,471 270,30002
1,7880002 B 623,45996 12086,66 14935,344 11492,649 8351,851 3743,7998 S 7217,6113 10025,542 14134,411 6790,1694 14600,471 270,30002
1,7880001 B 623,45996 12086,66 14935,344 11492,649 8351,851 3743,7998 S 7217,6113 10025,542 14134,411 6790,1694 14600,471 270,30002
1,7880003 B 623,45996 12086,66 14935,344 11492,649 8351,851 3743,7998 S 7217,6113 10025,542 14134,411 6790,1694 14600,471 270,30002
1,7879999 B 623,45996 12086,66 14935,344 11492,649 8351,851 3743,7998 S 7217,6113 10025,542 14134,411 6790,1694 14600,471 270,30002
1,7880002 B 623,45996 12086,66 14935,344 11492,649 8351,851 3743,7998 S 7217,6113 10025,542 14134,411 6790,1694 14600,471 270,30002
1,7880002 B 623,45996 12086,66 14935,344 11492,649 8351,851 3743,7998 S 7217,6113 10025,542 14134,411 6790,1694 14600,471 270,30002
1,7880005 B 623,45996 12086,66 14935,344 11492,649 8351,851 3743,7998 S 7217,6113 10025,542 14134,411 6790,1694 14600,471 270,30002
1,7880005 B 623,45996 12086,66 14935,344 11492,649 8351,851 3743,7998 S 7217,6113 10025,542 14134,411 6790,1694 14600,471 270,30002
1,7880006 B 623,45996 12086,66 14935,344 11492,649 8351,851 3743,7998 S 7217,6113 10025,542 14134,411 6790,1694 14600,471 270,30002
1,788 B 623,45996 12086,66 14935,344 11492,649 8351,851 3743,7998 S 7217,6113 10025,542 14134,411 6790,1694 14600,471 270,30002
1,7880001 B 623,45996 12086,66 14935,344 11492,649 8351,851 3743,7998 S 7217,6113 10025,542 14134,411 6790,1694 14600,471 270,30002
