1,8453214
1,8506603 B 4674,1064 7901,191 12124,823 13092,754 6036,0947 3927,1716 S 4366,288 12199,752 13817,444 8920,874 7321,999 8786,456
1,8513049 B 4674,1064 7901,191 12124,823 13092,754 6036,0947 3927,1716 S 4366,288 12199,752 13817,444 8920,874 7321,999 8786,456
1,8532314 B 4674,1064 7901,191 12124,823 13092,754 6036,0947 3927,1716 S 4366,288 12199,752 13817,444 8920,874 7321,999 8786,456
1,8520854 B 4674,1064 7901,191 12124,823 13092,754 6036,0947 3927,1716 S 4366,288 12199,752 13817,444 8920,874 7321,999 8786,456
1,85 B 4674,1064 7901,191 12124,823 13092,754 6036,0947 3927,1716 S 4366,288 12199,752 13817,444 8920,874 7321,999 8786,456
1,8490111 B 4674,1064 7901,191 12124,823 13092,754 6036,0947 3927,1716 S 4366,288 12199,752 13817,444 8920,874 7321,999 8786,456
1,8496667 B 4674,1064 7901,191 12124,823 13092,754 6036,0947 3927,1716 S 4366,288 12199,752 13817,444 8920,874 7321,999 8786,456
1,8512456 B 4674,1064 7901,191 12124,823 13092,754 6036,0947 3927,1716 S 4366,288 12199,752 13817,444 8920,874 7321,999 8786,456
1,8519998 B 4674,1064 7901,191 12124,823 13092,754 6036,0947 3927,1716 S 4366,288 12199,752 13817,444 8920,874 7321,999 8786,456
1,8520001 B 4674,1064 7901,191 12124,823 13092,754 6036,0947 3927,1716 S 4366,288 12199,752 13817,444 8920,874 7321,999 8786,456
1,8522232 B 4674,1064 7901,191 12124,823 13092,754 6036,0947 3927,1716 S 4366,288 12199,752 13817,444 8920,874 7321,999 8786,456
1,8541338 B 4674,1064 7901,191 12124,823 13092,754 6036,0947 3927,1716 S 4366,288 12199,752 13817,444 8920,874 7321,999 8786,456
1,8552846 B 4674,1064 7901,191 12124,823 13092,754 6036,0947 3927,1716 S 4366,288 12199,752 13817,444 8920,874 7321,999 8786,456
1,8559994 B 4674,1064 7901,191 12124,823 13092,754 6036,0947 3927,1716 S 4366,288 12199,752 13817,444 8920,874 7321,999 8786,456
1,8560003 B 4674,1064 7901,191 12124,823 13092,754 6036,0947 3927,1716 S 4366,288 12199,752 13817,444 8920,874 7321,999 8786,456
1,8560002 B 4674,1064 7901,191 12124,823 13092,754 6036,0947 3927,1716 S 4366,288 12199,752 13817,444 8920,874 7321,999 8786,456
1,855635 B 4674,1064 7901,191 12124,823 13092,754 6036,0947 3927,1716 S 4366,288 12199,752 13817,444 8920,874 7321,999 8786,456
1,8523909 B 4674,1064 7901,191 12124,823 13092,754 6036,0947 3927,1716 S 4366,288 12199,752 13817,444 8920,874 7321,999 8786,456
1,8502331 B 4674,1064 7901,191 12124,823 13092,754 6036,0947 3927,1716 S 4366,288 12199,752 13817,444 8920,874 7321,999 8786,456
1,8499999 B 4674,1064 7901,191 12124,823 13092,754 6036,0947 3927,1716 S 4366,288 12199,752 13817,444 8920,874 7321,999 8786,456
1,8517314 B 4674,1064 7901,191 12124,823 13092,754 6036,0947 3927,1716 S 4366,288 12199,752 13817,444 8920,874 7321,999 8786,456
1,8540022 B 4674,1064 7901,191 12124,823 13092,754 6036,0947 3927,1716 S 4366,288 12199,752 13817,444 8920,874 7321,999 8786,456
1,8550001 B 4674,1064 7901,191 12124,823 13092,754 6036,0947 3927,1716 S 4366,288 12199,752 13817,444 8920,874 7321,999 8786,456
1,8528154 B 4674,1064 7901,191 12124,823 13092,754 6036,0947 3927,1716 S 4366,288 12199,752 13817,444 8920,874 7321,999 8786,456
1,8517284 B 4674,1064 7901,191 12124,823 13092,754 6036,0947 3927,1716 S 4366,288 12199,752 13817,444 8920,874 7321,999 8786,456
1,8500001 B 4674,1064 7901,191 12124,823 13092,754 6036,0947 3927,1716 S 4366,288 12199,752 13817,444 8920,874 7321,999 8786,456
1,8499993 B 4674,1064 7901,191 12124,823 13092,754 6036,0947 3927,1716 S 4366,288 12199,752 13817,444 8920,874 7321,999 8786,456
1,8471314 B 4674,1064 7901,191 12124,823 13092,754 6036,0947 3927,1716 S 4366,288 12199,752 13817,444 8920,874 7321,999 8786,456
1,8469998 B 4674,1064 7901,191 12124,823 13092,754 6036,0947 3927,1716 S 4366,288 12199,752 13817,444 8920,874 7321,999 8786,456
1,8469996 B 4674,1064 7901,191 12124,823 13092,754 6036,0947 3927,1716 S 4366,288 12199,752 13817,444 8920,874 7321,999 8786,456
1,8457769 B 4674,1064 7901,191 12124,823 13092,754 6036,0947 3927,1716 S 4366,288 12199,752 13817,444 8920,874 7321,999 8786,456
1,8449997 B 4674,1064 7901,191 12124,823 13092,754 6036,0947 3927,1716 S 4366,288 12199,752 13817,444 8920,874 7321,999 8786,456
1,8450005 B 4674,1064 7901,191 12124,823 13092,754 6036,0947 3927,1716 S 4366,288 12199,752 13817,444 8920,874 7321,999 8786,456
1,8449999 B 4674,1064 7901,191 12124,823 13092,754 6036,0947 3927,1716 S 4366,288 12199,752 13817,444 8920,874 7321,999 8786,456
1,8450004 B 4674,1064 7901,191 12124,823 13092,754 6036,0947 3927,1716 S 4366,288 12199,752 13817,444 8920,874 7321,999 8786,456
1,8449997 B 4674,1064 7901,191 12124,823 13092,754 6036,0947 3927,1716 S 4366,288 12199,752 13817,444 8920,874 7321,999 8786,456
1,8450001 B 4674,1064 7901,191 12124,823 13092,754 6036,0947 3927,1716 S 4366,288 12199,752 13817,444 8920,874 7321,999 8786,456
1,845 B 4674,1064 7901,191 12124,823 13092,754 6036,0947 3927,1716 S 4366,288 12199,752 13817,444 8920,874 7321,999 8786,456
1,8450004 B 4674,1064 7901,191 12124,823 13092,754 6036,0947 3927,1716 S 4366,288 12199,752 13817,444 8920,874 7321,999 8786,456
1,8451008 B 4674,1064 7901,191 12124,823 13092,754 6036,0947 3927,1716 S 4366,288 12199,752 13817,444 8920,874 7321,999 8786,456
1,846 B 4674,1064 7901,191 12124,823 13092,754 6036,0947 3927,1716 S 4366,288 12199,752 13817,444 8920,874 7321,999 8786,456
1,8460003 B 4674,1064 7901,191 12124,823 13092,754 6036,0947 3927,1716 S 4366,288 12199,752 13817,444 8920,874 7321,999 8786,456
1,8467765 B 4674,1064 7901,191 12124,823 13092,754 6036,0947 3927,1716 S 4366,288 12199,752 13817,444 8920,874 7321,999 8786,456
1,8470004 B 4674,1064 7901,191 12124,823 13092,754 6036,0947 3927,1716 S 4366,288 12199,752 13817,444 8920,874 7321,999 8786,456
1,8469995 B 4674,1064 7901,191 12124,823 13092,754 6036,0947 3927,1716 S 4366,288 12199,752 13817,444 8920,874 7321,999 8786,456
1,8470002 B 4674,1064 7901,191 12124,823 13092,754 6036,0947 3927,1716 S 4366,288 12199,752 13817,444 8920,874 7321,999 8786,456
1,8452228 B 4674,1064 7901,191 12124,823 13092,754 6036,0947 3927,1716 S 4366,288 12199,752 13817,444 8920,874 7321,999 8786,456
1,8449999 B 4674,1064 7901,191 12124,823 13092,754 6036,0947 3927,1716 S 4366,288 12199,752 13817,444 8920,874 7321,999 8786,456
1,8449999 B 4674,1064 7901,191 12124,823 13092,754 6036,0947 3927,1716 S 4366,288 12199,752 13817,444 8920,874 7321,999 8786,456
1,8450005 B 4674,1064 7901,191 12124,823 13092,754 6036,0947 3927,1716 S 4366,288 12199,752 13817,444 8920,874 7321,999 8786,456
1,8458097 B 4674,1064 7901,191 12124,823 13092,754 6036,0947 3927,1716 S 4366,288 12199,752 13817,444 8920,874 7321,999 8786,456
1,8460001 B 4674,1064 7901,191 12124,823 13092,754 6036,0947 3927,1716 S 4366,288 12199,752 13817,444 8920,874 7321,999 8786,456
1,8460003 B 4674,1064 7901,191 12124,823 13092,754 6036,0947 3927,1716 S 4366,288 12199,752 13817,444 8920,874 7321,999 8786,456
1,8460001 B 4674,1064 7901,191 12124,823 13092,754 6036,0947 3927,1716 S 4366,288 12199,752 13817,444 8920,874 7321,999 8786,456
1,8460002 B 4674,1064 7901,191 12124,823 13092,754 6036,0947 3927,1716 S 4366,288 12199,752 13817,444 8920,874 7321,999 8786,456
1,8464386 B 4674,1064 7901,191 12124,823 13092,754 6036,0947 3927,1716 S 4366,288 12199,752 13817,444 8920,874 7321,999 8786,456
1,8470001 B 4674,1064 7901,191 12124,823 13092,754 6036,0947 3927,1716 S 4366,288 12199,752 13817,444 8920,874 7321,999 8786,456
1,8470007 B 4674,1064 7901,191 12124,823 13092,754 6036,0947 3927,1716 S 4366,288 12199,752 13817,444 8920,874 7321,999 8786,456
1,8470005 B 4674,1064 7901,191 12124,823 13092,754 6036,0947 3927,1716 S 4366,288 12199,752 13817,444 8920,874 7321,999 8786,456
1,8470002 B 4674,1064 7901,191 12124,823 13092,754 6036,0947 3927,1716 S 4366,288 12199,752 13817,444 8920,874 7321,999 8786,456
1,8470001 B 4674,1064 7901,191 12124,823 13092,754 6036,0947 3927,1716 S 4366,288 12199,752 13817,444 8920,874 7321,999 8786,456
1,8469998 B 4674,1064 7901,191 12124,823 13092,754 6036,0947 3927,1716 S 4366,288 12199,752 13817,444 8920,874 7321,999 8786,456
1,8470001 B 4674,1064 7901,191 12124,823 13092,754 6036,0947 3927,1716 S 4366,288 12199,752 13817,444 8920,874 7321,999 8786,456
1,8470005 B 4674,1064 7901,191 12124,823 13092,754 6036,0947 3927,1716 S 4366,288 12199,752 13817,444 8920,874 7321,999 8786,456
1,847 B 4674,1064 7901,191 12124,823 13092,754 6036,0947 3927,1716 S 4366,288 12199,752 13817,444 8920,874 7321,999 8786,456
1,8470008 B 4674,1064 7901,191 12124,823 13092,754 6036,0947 3927,1716 S 4366,288 12199,752 13817,444 8920,874 7321,999 8786,456
1,8469998 B 4674,1064 7901,191 12124,823 13092,754 6036,0947 3927,1716 S 4366,288 12199,752 13817,444 8920,874 7321,999 8786,456
1,846442 B 4674,1064 7901,191 12124,823 13092,754 6036,0947 3927,1716 S 4366,288 12199,752 13817,444 8920,874 7321,999 8786,456
1,846 B 4674,1064 7901,191 12124,823 13092,754 6036,0947 3927,1716 S 4366,288 12199,752 13817,444 8920,874 7321,999 8786,456
1,8468786 B 4674,1064 7901,191 12124,823 13092,754 6036,0947 3927,1716 S 4366,288 12199,752 13817,444 8920,874 7321,999 8786,456
1,8469999 B 4674,1064 7901,191 12124,823 13092,754 6036,0947 3927,1716 S 4366,288 12199,752 13817,444 8920,874 7321,999 8786,456
1,8469998 B 4674,1064 7901,191 12124,823 13092,754 6036,0947 3927,1716 S 4366,288 12199,752 13817,444 8920,874 7321,999 8786,456
1,8469996 B 4674,1064 7901,191 12124,823 13092,754 6036,0947 3927,1716 S 4366,288 12199,752 13817,444 8920,874 7321,999 8786,456
1,8470005 B 4674,1064 7901,191 12124,823 13092,754 6036,0947 3927,1716 S 4366,288 12199,752 13817,444 8920,874 7321,999 8786,456
1,847 B 4674,1064 7901,191 12124,823 13092,754 6036,0947 3927,1716 S 4366,288 12199,752 13817,444 8920,874 7321,999 8786,456
1,8470006 B 4674,1064 7901,191 12124,823 13092,754 6036,0947 3927,1716 S 4366,288 12199,752 13817,444 8920,874 7321,999 8786,456
1,8467876 B 4674,1064 7901,191 12124,823 13092,754 6036,0947 3927,1716 S 4366,288 12199,752 13817,444 8920,874 7321,999 8786,456
1,844907 B 4674,1064 7901,191 12124,823 13092,754 6036,0947 3927,1716 S 4366,288 12199,752 13817,444 8920,874 7321,999 8786,456
1,8436368 B 4674,1064 7901,191 12124,823 13092,754 6036,0947 3927,1716 S 4366,288 12199,752 13817,444 8920,874 7321,999 8786,456
1,8439996 B 4674,1064 7901,191 12124,823 13092,754 6036,0947 3927,1716 S 4366,288 12199,752 13817,444 8920,874 7321,999 8786,456
1,8456726 B 4674,1064 7901,191 12124,823 13092,754 6036,0947 3927,1716 S 4366,288 12199,752 13817,444 8920,874 7321,999 8786,456
1,8459998 B 4674,1064 7901,191 12124,823 13092,754 6036,0947 3927,1716 S 4366,288 12199,752 13817,444 8920,874 7321,999 8786,456
1,8476332 B 4674,1064 7901,191 12124,823 13092,754 6036,0947 3927,1716 S 4366,288 12199,752 13817,444 8920,874 7321,999 8786,456
1,848 B 4674,1064 7901,191 12124,823 13092,754 6036,0947 3927,1716 S 4366,288 12199,752 13817,444 8920,874 7321,999 8786,456
1,8479995 B 4674,1064 7901,191 12124,823 13092,754 6036,0947 3927,1716 S 4366,288 12199,752 13817,444 8920,874 7321,999 8786,456
1,8480002 B 4674,1064 7901,191 12124,823 13092,754 6036,0947 3927,1716 S 4366,288 12199,752 13817,444 8920,874 7321,999 8786,456
1,8492504 B 4674,1064 7901,191 12124,823 13092,754 6036,0947 3927,1716 S 4366,288 12199,752 13817,444 8920,874 7321,999 8786,456
1,8500001 B 4674,1064 7901,191 12124,823 13092,754 6036,0947 3927,1716 S 4366,288 12199,752 13817,444 8920,874 7321,999 8786,456
1,8500004 B 4674,1064 7901,191 12124,823 13092,754 6036,0947 3927,1716 S 4366,288 12199,752 13817,444 8920,874 7321,999 8786,456
1,8496243 B 4674,1064 7901,191 12124,823 13092,754 6036,0947 3927,1716 S 4366,288 12199,752 13817,444 8920,874 7321,999 8786,456
1,8490006 B 4674,1064 7901,191 12124,823 13092,754 6036,0947 3927,1716 S 4366,288 12199,752 13817,444 8920,874 7321,999 8786,456
1,8509349 B 4674,1064 7901,191 12124,823 13092,754 6036,0947 3927,1716 S 4366,288 12199,752 13817,444 8920,874 7321,999 8786,456
1,8510001 B 4674,1064 7901,191 12124,823 13092,754 6036,0947 3927,1716 S 4366,288 12199,752 13817,444 8920,874 7321,999 8786,456
1,8500563 B 4674,1064 7901,191 12124,823 13092,754 6036,0947 3927,1716 S 4366,288 12199,752 13817,444 8920,874 7321,999 8786,456
1,8500003 B 4674,1064 7901,191 12124,823 13092,754 6036,0947 3927,1716 S 4366,288 12199,752 13817,444 8920,874 7321,999 8786,456
1,8500001 B 4674,1064 7901,191 12124,823 13092,754 6036,0947 3927,1716 S 4366,288 12199,752 13817,444 8920,874 7321,999 8786,456
1,8500004 B 4674,1064 7901,191 12124,823 13092,754 6036,0947 3927,1716 S 4366,288 12199,752 13817,444 8920,874 7321,999 8786,456
1,8492734 B 4674,1064 7901,191 12124,823 13092,754 6036,0947 3927,1716 S 4366,288 12199,752 13817,444 8920,874 7321,999 8786,456
1,8469999 B 4674,1064 7901,191 12124,823 13092,754 6036,0947 3927,1716 S 4366,288 12199,752 13817,444 8920,874 7321,999 8786,456
1,847049 B 4674,1064 7901,191 12124,823 13092,754 6036,0947 3927,1716 S 4366,288 12199,752 13817,444 8920,874 7321,999 8786,456
1,8474069 B 4674,1064 7901,191 12124,823 13092,754 6036,0947 3927,1716 S 4366,288 12199,752 13817,444 8920,874 7321,999 8786,456
1,8470006 B 4674,1064 7901,191 12124,823 13092,754 6036,0947 3927,1716 S 4366,288 12199,752 13817,444 8920,874 7321,999 8786,456
1,8470001 B 4674,1064 7901,191 12124,823 13092,754 6036,0947 3927,1716 S 4366,288 12199,752 13817,444 8920,874 7321,999 8786,456
1,847 B 4674,1064 7901,191 12124,823 13092,754 6036,0947 3927,1716 S 4366,288 12199,752 13817,444 8920,874 7321,999 8786,456
1,8470002 B 4674,1064 7901,191 12124,823 13092,754 6036,0947 3927,1716 S 4366,288 12199,752 13817,444 8920,874 7321,999 8786,456
1,8470002 B 4674,1064 7901,191 12124,823 13092,754 6036,0947 3927,1716 S 4366,288 12199,752 13817,444 8920,874 7321,999 8786,456
1,8470002 B 4674,1064 7901,191 12124,823 13092,754 6036,0947 3927,1716 S 4366,288 12199,752 13817,444 8920,874 7321,999 8786,456
1,8471276 B 4674,1064 7901,191 12124,823 13092,754 6036,0947 3927,1716 S 4366,288 12199,752 13817,444 8920,874 7321,999 8786,456
1,8479999 B 4674,1064 7901,191 12124,823 13092,754 6036,0947 3927,1716 S 4366,288 12199,752 13817,444 8920,874 7321,999 8786,456
1,848 B 4674,1064 7901,191 12124,823 13092,754 6036,0947 3927,1716 S 4366,288 12199,752 13817,444 8920,874 7321,999 8786,456
1,8479999 B 4674,1064 7901,191 12124,823 13092,754 6036,0947 3927,1716 S 4366,288 12199,752 13817,444 8920,874 7321,999 8786,456
1,8479996 B 4674,1064 7901,191 12124,823 13092,754 6036,0947 3927,1716 S 4366,288 12199,752 13817,444 8920,874 7321,999 8786,456
1,8479998 B 4674,1064 7901,191 12124,823 13092,754 6036,0947 3927,1716 S 4366,288 12199,752 13817,444 8920,874 7321,999 8786,456
1,8479573 B 4674,1064 7901,191 12124,823 13092,754 6036,0947 3927,1716 S 4366,288 12199,752 13817,444 8920,874 7321,999 8786,456
1,8446401 B 4674,1064 7901,191 12124,823 13092,754 6036,0947 3927,1716 S 4366,288 12199,752 13817,444 8920,874 7321,999 8786,456
1,8440002 B 4674,1064 7901,191 12124,823 13092,754 6036,0947 3927,1716 S 4366,288 12199,752 13817,444 8920,874 7321,999 8786,456
1,8439999 B 4674,1064 7901,191 12124,823 13092,754 6036,0947 3927,1716 S 4366,288 12199,752 13817,444 8920,874 7321,999 8786,456
1,844 B 4674,1064 7901,191 12124,823 13092,754 6036,0947 3927,1716 S 4366,288 12199,752 13817,444 8920,874 7321,999 8786,456
1,8448719 B 4674,1064 7901,191 12124,823 13092,754 6036,0947 3927,1716 S 4366,288 12199,752 13817,444 8920,874 7321,999 8786,456
1,8450004 B 4674,1064 7901,191 12124,823 13092,754 6036,0947 3927,1716 S 4366,288 12199,752 13817,444 8920,874 7321,999 8786,456
1,8431993 B 4674,1064 7901,191 12124,823 13092,754 6036,0947 3927,1716 S 4366,288 12199,752 13817,444 8920,874 7321,999 8786,456
1,843 B 4674,1064 7901,191 12124,823 13092,754 6036,0947 3927,1716 S 4366,288 12199,752 13817,444 8920,874 7321,999 8786,456
1,8429997 B 4674,1064 7901,191 12124,823 13092,754 6036,0947 3927,1716 S 4366,288 12199,752 13817,444 8920,874 7321,999 8786,456
1,8427032 B 4674,1064 7901,191 12124,823 13092,754 6036,0947 3927,1716 S 4366,288 12199,752 13817,444 8920,874 7321,999 8786,456
1,841565 B 4674,1064 7901,191 12124,823 13092,754 6036,0947 3927,1716 S 4366,288 12199,752 13817,444 8920,874 7321,999 8786,456
1,8416909 B 4674,1064 7901,191 12124,823 13092,754 6036,0947 3927,1716 S 4366,288 12199,752 13817,444 8920,874 7321,999 8786,456
1,8429999 B 4674,1064 7901,191 12124,823 13092,754 6036,0947 3927,1716 S 4366,288 12199,752 13817,444 8920,874 7321,999 8786,456
1,8430004 B 4674,1064 7901,191 12124,823 13092,754 6036,0947 3927,1716 S 4366,288 12199,752 13817,444 8920,874 7321,999 8786,456
1,8429996 B 4674,1064 7901,191 12124,823 13092,754 6036,0947 3927,1716 S 4366,288 12199,752 13817,444 8920,874 7321,999 8786,456
1,8423913 B 4674,1064 7901,191 12124,823 13092,754 6036,0947 3927,1716 S 4366,288 12199,752 13817,444 8920,874 7321,999 8786,456
1,842222 B 4674,1064 7901,191 12124,823 13092,754 6036,0947 3927,1716 S 4366,288 12199,752 13817,444 8920,874 7321,999 8786,456
1,8430002 B 4674,1064 7901,191 12124,823 13092,754 6036,0947 3927,1716 S 4366,288 12199,752 13817,444 8920,874 7321,999 8786,456
1,8429999 B 4674,1064 7901,191 12124,823 13092,754 6036,0947 3927,1716 S 4366,288 12199,752 13817,444 8920,874 7321,999 8786,456
1,8430779 B 4674,1064 7901,191 12124,823 13092,754 6036,0947 3927,1716 S 4366,288 12199,752 13817,444 8920,874 7321,999 8786,456
1,8440003 B 4674,1064 7901,191 12124,823 13092,754 6036,0947 3927,1716 S 4366,288 12199,752 13817,444 8920,874 7321,999 8786,456
1,8440005 B 4674,1064 7901,191 12124,823 13092,754 6036,0947 3927,1716 S 4366,288 12199,752 13817,444 8920,874 7321,999 8786,456
1,8440001 B 4674,1064 7901,191 12124,823 13092,754 6036,0947 3927,1716 S 4366,288 12199,752 13817,444 8920,874 7321,999 8786,456
1,844 B 4674,1064 7901,191 12124,823 13092,754 6036,0947 3927,1716 S 4366,288 12199,752 13817,444 8920,874 7321,999 8786,456
1,8440001 B 4674,1064 7901,191 12124,823 13092,754 6036,0947 3927,1716 S 4366,288 12199,752 13817,444 8920,874 7321,999 8786,456
1,8440001 B 4674,1064 7901,191 12124,823 13092,754 6036,0947 3927,1716 S 4366,288 12199,752 13817,444 8920,874 7321,999 8786,456
1,8443414 B 4674,1064 7901,191 12124,823 13092,754 6036,0947 3927,1716 S 4366,288 12199,752 13817,444 8920,874 7321,999 8786,456
1,8450006 B 4674,1064 7901,191 12124,823 13092,754 6036,0947 3927,1716 S 4366,288 12199,752 13817,444 8920,874 7321,999 8786,456
1,8455925 B 4674,1064 7901,191 12124,823 13092,754 6036,0947 3927,1716 S 4366,288 12199,752 13817,444 8920,874 7321,999 8786,456
1,845846 B 4674,1064 7901,191 12124,823 13092,754 6036,0947 3927,1716 S 4366,288 12199,752 13817,444 8920,874 7321,999 8786,456
1,8446153 B 4674,1064 7901,191 12124,823 13092,754 6036,0947 3927,1716 S 4366,288 12199,752 13817,444 8920,874 7321,999 8786,456
1,8440001 B 4674,1064 7901,191 12124,823 13092,754 6036,0947 3927,1716 S 4366,288 12199,752 13817,444 8920,874 7321,999 8786,456
1,8440006 B 4674,1064 7901,191 12124,823 13092,754 6036,0947 3927,1716 S 4366,288 12199,752 13817,444 8920,874 7321,999 8786,456
1,8440005 B 4674,1064 7901,191 12124,823 13092,754 6036,0947 3927,1716 S 4366,288 12199,752 13817,444 8920,874 7321,999 8786,456
1,8435516 B 4674,1064 7901,191 12124,823 13092,754 6036,0947 3927,1716 S 4366,288 12199,752 13817,444 8920,874 7321,999 8786,456
1,8421186 B 4674,1064 7901,191 12124,823 13092,754 6036,0947 3927,1716 S 4366,288 12199,752 13817,444 8920,874 7321,999 8786,456
1,8430003 B 4674,1064 7901,191 12124,823 13092,754 6036,0947 3927,1716 S 4366,288 12199,752 13817,444 8920,874 7321,999 8786,456
1,843 B 4674,1064 7901,191 12124,823 13092,754 6036,0947 3927,1716 S 4366,288 12199,752 13817,444 8920,874 7321,999 8786,456
1,8435677 B 4674,1064 7901,191 12124,823 13092,754 6036,0947 3927,1716 S 4366,288 12199,752 13817,444 8920,874 7321,999 8786,456
1,8439997 B 4674,1064 7901,191 12124,823 13092,754 6036,0947 3927,1716 S 4366,288 12199,752 13817,444 8920,874 7321,999 8786,456
1,8440002 B 4674,1064 7901,191 12124,823 13092,754 6036,0947 3927,1716 S 4366,288 12199,752 13817,444 8920,874 7321,999 8786,456
1,8440003 B 4674,1064 7901,191 12124,823 13092,754 6036,0947 3927,1716 S 4366,288 12199,752 13817,444 8920,874 7321,999 8786,456
1,8441503 B 4674,1064 7901,191 12124,823 13092,754 6036,0947 3927,1716 S 4366,288 12199,752 13817,444 8920,874 7321,999 8786,456
1,8460001 B 4674,1064 7901,191 12124,823 13092,754 6036,0947 3927,1716 S 4366,288 12199,752 13817,444 8920,874 7321,999 8786,456
1,8459996 B 4674,1064 7901,191 12124,823 13092,754 6036,0947 3927,1716 S 4366,288 12199,752 13817,444 8920,874 7321,999 8786,456
1,8459998 B 4674,1064 7901,191 12124,823 13092,754 6036,0947 3927,1716 S 4366,288 12199,752 13817,444 8920,874 7321,999 8786,456
1,8460162 B 4674,1064 7901,191 12124,823 13092,754 6036,0947 3927,1716 S 4366,288 12199,752 13817,444 8920,874 7321,999 8786,456
1,8470004 B 4674,1064 7901,191 12124,823 13092,754 6036,0947 3927,1716 S 4366,288 12199,752 13817,444 8920,874 7321,999 8786,456
1,8470004 B 4674,1064 7901,191 12124,823 13092,754 6036,0947 3927,1716 S 4366,288 12199,752 13817,444 8920,874 7321,999 8786,456
1,8470002 B 4674,1064 7901,191 12124,823 13092,754 6036,0947 3927,1716 S 4366,288 12199,752 13817,444 8920,874 7321,999 8786,456
1,8465247 B 4674,1064 7901,191 12124,823 13092,754 6036,0947 3927,1716 S 4366,288 12199,752 13817,444 8920,874 7321,999 8786,456
1,8457047 B 4674,1064 7901,191 12124,823 13092,754 6036,0947 3927,1716 S 4366,288 12199,752 13817,444 8920,874 7321,999 8786,456
1,8445325 B 4674,1064 7901,191 12124,823 13092,754 6036,0947 3927,1716 S 4366,288 12199,752 13817,444 8920,874 7321,999 8786,456
1,8429998 B 4674,1064 7901,191 12124,823 13092,754 6036,0947 3927,1716 S 4366,288 12199,752 13817,444 8920,874 7321,999 8786,456
1,842915 B 4674,1064 7901,191 12124,823 13092,754 6036,0947 3927,1716 S 4366,288 12199,752 13817,444 8920,874 7321,999 8786,456
1,8418511 B 4674,1064 7901,191 12124,823 13092,754 6036,0947 3927,1716 S 4366,288 12199,752 13817,444 8920,874 7321,999 8786,456
1,841 B 4674,1064 7901,191 12124,823 13092,754 6036,0947 3927,1716 S 4366,288 12199,752 13817,444 8920,874 7321,999 8786,456
1,8405186 B 4674,1064 7901,191 12124,823 13092,754 6036,0947 3927,1716 S 4366,288 12199,752 13817,444 8920,874 7321,999 8786,456
1,84 B 4674,1064 7901,191 12124,823 13092,754 6036,0947 3927,1716 S 4366,288 12199,752 13817,444 8920,874 7321,999 8786,456
1,8404396 B 4674,1064 7901,191 12124,823 13092,754 6036,0947 3927,1716 S 4366,288 12199,752 13817,444 8920,874 7321,999 8786,456
1,8411496 B 4674,1064 7901,191 12124,823 13092,754 6036,0947 3927,1716 S 4366,288 12199,752 13817,444 8920,874 7321,999 8786,456
1,8429399 B 4674,1064 7901,191 12124,823 13092,754 6036,0947 3927,1716 S 4366,288 12199,752 13817,444 8920,874 7321,999 8786,456
1,8430002 B 4674,1064 7901,191 12124,823 13092,754 6036,0947 3927,1716 S 4366,288 12199,752 13817,444 8920,874 7321,999 8786,456
1,8429998 B 4674,1064 7901,191 12124,823 13092,754 6036,0947 3927,1716 S 4366,288 12199,752 13817,444 8920,874 7321,999 8786,456
1,8426555 B 4674,1064 7901,191 12124,823 13092,754 6036,0947 3927,1716 S 4366,288 12199,752 13817,444 8920,874 7321,999 8786,456
1,8419997 B 4674,1064 7901,191 12124,823 13092,754 6036,0947 3927,1716 S 4366,288 12199,752 13817,444 8920,874 7321,999 8786,456
1,8414962 B 4674,1064 7901,191 12124,823 13092,754 6036,0947 3927,1716 S 4366,288 12199,752 13817,444 8920,874 7321,999 8786,456
1,8410001 B 4674,1064 7901,191 12124,823 13092,754 6036,0947 3927,1716 S 4366,288 12199,752 13817,444 8920,874 7321,999 8786,456
1,841 B 4674,1064 7901,191 12124,823 13092,754 6036,0947 3927,1716 S 4366,288 12199,752 13817,444 8920,874 7321,999 8786,456
1,8410001 B 4674,1064 7901,191 12124,823 13092,754 6036,0947 3927,1716 S 4366,288 12199,752 13817,444 8920,874 7321,999 8786,456
1,8410001 B 4674,1064 7901,191 12124,823 13092,754 6036,0947 3927,1716 S 4366,288 12199,752 13817,444 8920,874 7321,999 8786,456
1,841 B 4674,1064 7901,191 12124,823 13092,754 6036,0947 3927,1716 S 4366,288 12199,752 13817,444 8920,874 7321,999 8786,456
1,8412299 B 4674,1064 7901,191 12124,823 13092,754 6036,0947 3927,1716 S 4366,288 12199,752 13817,444 8920,874 7321,999 8786,456
1,8419998 B 4674,1064 7901,191 12124,823 13092,754 6036,0947 3927,1716 S 4366,288 12199,752 13817,444 8920,874 7321,999 8786,456
1,8422941 B 4674,1064 7901,191 12124,823 13092,754 6036,0947 3927,1716 S 4366,288 12199,752 13817,444 8920,874 7321,999 8786,456
1,843021 B 4674,1064 7901,191 12124,823 13092,754 6036,0947 3927,1716 S 4366,288 12199,752 13817,444 8920,874 7321,999 8786,456
1,844 B 4674,1064 7901,191 12124,823 13092,754 6036,0947 3927,1716 S 4366,288 12199,752 13817,444 8920,874 7321,999 8786,456
1,8437424 B 4674,1064 7901,191 12124,823 13092,754 6036,0947 3927,1716 S 4366,288 12199,752 13817,444 8920,874 7321,999 8786,456
1,8419999 B 4674,1064 7901,191 12124,823 13092,754 6036,0947 3927,1716 S 4366,288 12199,752 13817,444 8920,874 7321,999 8786,456
1,8419998 B 4674,1064 7901,191 12124,823 13092,754 6036,0947 3927,1716 S 4366,288 12199,752 13817,444 8920,874 7321,999 8786,456
1,8419995 B 4674,1064 7901,191 12124,823 13092,754 6036,0947 3927,1716 S 4366,288 12199,752 13817,444 8920,874 7321,999 8786,456
1,8419994 B 4674,1064 7901,191 12124,823 13092,754 6036,0947 3927,1716 S 4366,288 12199,752 13817,444 8920,874 7321,999 8786,456
1,8420002 B 4674,1064 7901,191 12124,823 13092,754 6036,0947 3927,1716 S 4366,288 12199,752 13817,444 8920,874 7321,999 8786,456
1,8419999 B 4674,1064 7901,191 12124,823 13092,754 6036,0947 3927,1716 S 4366,288 12199,752 13817,444 8920,874 7321,999 8786,456
1,8420001 B 4674,1064 7901,191 12124,823 13092,754 6036,0947 3927,1716 S 4366,288 12199,752 13817,444 8920,874 7321,999 8786,456
1,841594 B 4674,1064 7901,191 12124,823 13092,754 6036,0947 3927,1716 S 4366,288 12199,752 13817,444 8920,874 7321,999 8786,456
1,841 B 4674,1064 7901,191 12124,823 13092,754 6036,0947 3927,1716 S 4366,288 12199,752 13817,444 8920,874 7321,999 8786,456
1,841 B 4674,1064 7901,191 12124,823 13092,754 6036,0947 3927,1716 S 4366,288 12199,752 13817,444 8920,874 7321,999 8786,456
1,8409997 B 4674,1064 7901,191 12124,823 13092,754 6036,0947 3927,1716 S 4366,288 12199,752 13817,444 8920,874 7321,999 8786,456
1,8419865 B 4674,1064 7901,191 12124,823 13092,754 6036,0947 3927,1716 S 4366,288 12199,752 13817,444 8920,874 7321,999 8786,456
1,8420001 B 4674,1064 7901,191 12124,823 13092,754 6036,0947 3927,1716 S 4366,288 12199,752 13817,444 8920,874 7321,999 8786,456
1,8420001 B 4674,1064 7901,191 12124,823 13092,754 6036,0947 3927,1716 S 4366,288 12199,752 13817,444 8920,874 7321,999 8786,456
1,8428905 B 4674,1064 7901,191 12124,823 13092,754 6036,0947 3927,1716 S 4366,288 12199,752 13817,444 8920,874 7321,999 8786,456
1,8430002 B 4674,1064 7901,191 12124,823 13092,754 6036,0947 3927,1716 S 4366,288 12199,752 13817,444 8920,874 7321,999 8786,456
1,842367 B 4674,1064 7901,191 12124,823 13092,754 6036,0947 3927,1716 S 4366,288 12199,752 13817,444 8920,874 7321,999 8786,456
1,8409996 B 4674,1064 7901,191 12124,823 13092,754 6036,0947 3927,1716 S 4366,288 12199,752 13817,444 8920,874 7321,999 8786,456
1,8409998 B 4674,1064 7901,191 12124,823 13092,754 6036,0947 3927,1716 S 4366,288 12199,752 13817,444 8920,874 7321,999 8786,456
1,841149 B 4674,1064 7901,191 12124,823 13092,754 6036,0947 3927,1716 S 4366,288 12199,752 13817,444 8920,874 7321,999 8786,456
1,8419994 B 4674,1064 7901,191 12124,823 13092,754 6036,0947 3927,1716 S 4366,288 12199,752 13817,444 8920,874 7321,999 8786,456
1,8420002 B 4674,1064 7901,191 12124,823 13092,754 6036,0947 3927,1716 S 4366,288 12199,752 13817,444 8920,874 7321,999 8786,456
1,8420006 B 4674,1064 7901,191 12124,823 13092,754 6036,0947 3927,1716 S 4366,288 12199,752 13817,444 8920,874 7321,999 8786,456
1,8419998 B 4674,1064 7901,191 12124,823 13092,754 6036,0947 3927,1716 S 4366,288 12199,752 13817,444 8920,874 7321,999 8786,456
1,8419999 B 4674,1064 7901,191 12124,823 13092,754 6036,0947 3927,1716 S 4366,288 12199,752 13817,444 8920,874 7321,999 8786,456
1,8420002 B 4674,1064 7901,191 12124,823 13092,754 6036,0947 3927,1716 S 4366,288 12199,752 13817,444 8920,874 7321,999 8786,456
1,8420001 B 4674,1064 7901,191 12124,823 13092,754 6036,0947 3927,1716 S 4366,288 12199,752 13817,444 8920,874 7321,999 8786,456
1,8420002 B 4674,1064 7901,191 12124,823 13092,754 6036,0947 3927,1716 S 4366,288 12199,752 13817,444 8920,874 7321,999 8786,456
1,8419998 B 4674,1064 7901,191 12124,823 13092,754 6036,0947 3927,1716 S 4366,288 12199,752 13817,444 8920,874 7321,999 8786,456
1,8420002 B 4674,1064 7901,191 12124,823 13092,754 6036,0947 3927,1716 S 4366,288 12199,752 13817,444 8920,874 7321,999 8786,456
1,8420004 B 4674,1064 7901,191 12124,823 13092,754 6036,0947 3927,1716 S 4366,288 12199,752 13817,444 8920,874 7321,999 8786,456
1,8419998 B 4674,1064 7901,191 12124,823 13092,754 6036,0947 3927,1716 S 4366,288 12199,752 13817,444 8920,874 7321,999 8786,456
1,8419995 B 4674,1064 7901,191 12124,823 13092,754 6036,0947 3927,1716 S 4366,288 12199,752 13817,444 8920,874 7321,999 8786,456
1,8419995 B 4674,1064 7901,191 12124,823 13092,754 6036,0947 3927,1716 S 4366,288 12199,752 13817,444 8920,874 7321,999 8786,456
1,8424702 B 4674,1064 7901,191 12124,823 13092,754 6036,0947 3927,1716 S 4366,288 12199,752 13817,444 8920,874 7321,999 8786,456
1,8416556 B 4674,1064 7901,191 12124,823 13092,754 6036,0947 3927,1716 S 4366,288 12199,752 13817,444 8920,874 7321,999 8786,456
1,8409998 B 4674,1064 7901,191 12124,823 13092,754 6036,0947 3927,1716 S 4366,288 12199,752 13817,444 8920,874 7321,999 8786,456
1,8403193 B 4674,1064 7901,191 12124,823 13092,754 6036,0947 3927,1716 S 4366,288 12199,752 13817,444 8920,874 7321,999 8786,456
1,8400003 B 4674,1064 7901,191 12124,823 13092,754 6036,0947 3927,1716 S 4366,288 12199,752 13817,444 8920,874 7321,999 8786,456
1,8400004 B 4674,1064 7901,191 12124,823 13092,754 6036,0947 3927,1716 S 4366,288 12199,752 13817,444 8920,874 7321,999 8786,456
1,8400005 B 4674,1064 7901,191 12124,823 13092,754 6036,0947 3927,1716 S 4366,288 12199,752 13817,444 8920,874 7321,999 8786,456
1,8399998 B 4674,1064 7901,191 12124,823 13092,754 6036,0947 3927,1716 S 4366,288 12199,752 13817,444 8920,874 7321,999 8786,456
1,8400003 B 4674,1064 7901,191 12124,823 13092,754 6036,0947 3927,1716 S 4366,288 12199,752 13817,444 8920,874 7321,999 8786,456
1,84 B 4674,1064 7901,191 12124,823 13092,754 6036,0947 3927,1716 S 4366,288 12199,752 13817,444 8920,874 7321,999 8786,456
1,8400002 B 4674,1064 7901,191 12124,823 13092,754 6036,0947 3927,1716 S 4366,288 12199,752 13817,444 8920,874 7321,999 8786,456
1,84 B 4674,1064 7901,191 12124,823 13092,754 6036,0947 3927,1716 S 4366,288 12199,752 13817,444 8920,874 7321,999 8786,456
1,8400003 B 4674,1064 7901,191 12124,823 13092,754 6036,0947 3927,1716 S 4366,288 12199,752 13817,444 8920,874 7321,999 8786,456
1,8399999 B 4674,1064 7901,191 12124,823 13092,754 6036,0947 3927,1716 S 4366,288 12199,752 13817,444 8920,874 7321,999 8786,456
