1,788121
1,7879997 B 1087,2527 8004,1187 13478,034 6850,4697 14159,96 4870,92 S 698,90027 17982,363 5464,7847 5578,9014 12926,038 487,65
1,7879999 B 1087,2527 8004,1187 13478,034 6850,4697 14159,96 4870,92 S 698,90027 17982,363 5464,7847 5578,9014 12926,038 487,65
1,7880006 B 1087,2527 8004,1187 13478,034 6850,4697 14159,96 4870,92 S 698,90027 17982,363 5464,7847 5578,9014 12926,038 487,65
1,7880002 B 1087,2527 8004,1187 13478,034 6850,4697 14159,96 4870,92 S 698,90027 17982,363 5464,7847 5578,9014 12926,038 487,65
1,7880001 B 1087,2527 8004,1187 13478,034 6850,4697 14159,96 4870,92 S 698,90027 17982,363 5464,7847 5578,9014 12926,038 487,65
1,7880005 B 1087,2527 8004,1187 13478,034 6850,4697 14159,96 4870,92 S 698,90027 17982,363 5464,7847 5578,9014 12926,038 487,65
1,7880001 B 1087,2527 8004,1187 13478,034 6850,4697 14159,96 4870,92 S 698,90027 17982,363 5464,7847 5578,9014 12926,038 487,65
1,7880001 B 1087,2527 8004,1187 13478,034 6850,4697 14159,96 4870,92 S 698,90027 17982,363 5464,7847 5578,9014 12926,038 487,65
1,7880001 B 1087,2527 8004,1187 13478,034 6850,4697 14159,96 4870,92 S 698,90027 17982,363 5464,7847 5578,9014 12926,038 487,65
1,7880002 B 1087,2527 8004,1187 13478,034 6850,4697 14159,96 4870,92 S 698,90027 17982,363 5464,7847 5578,9014 12926,038 487,65
1,7880006 B 1087,2527 8004,1187 13478,034 6850,4697 14159,96 4870,92 S 698,90027 17982,363 5464,7847 5578,9014 12926,038 487,65
1,7879999 B 1087,2527 8004,1187 13478,034 6850,4697 14159,96 4870,92 S 698,90027 17982,363 5464,7847 5578,9014 12926,038 487,65
1,7880001 B 1087,2527 8004,1187 13478,034 6850,4697 14159,96 4870,92 S 698,90027 17982,363 5464,7847 5578,9014 12926,038 487,65
1,7880002 B 1087,2527 8004,1187 13478,034 6850,4697 14159,96 4870,92 S 698,90027 17982,363 5464,7847 5578,9014 12926,038 487,65
1,788 B 1087,2527 8004,1187 13478,034 6850,4697 14159,96 4870,92 S 698,90027 17982,363 5464,7847 5578,9014 12926,038 487,65
1,788 B 1087,2527 8004,1187 13478,034 6850,4697 14159,96 4870,92 S 698,90027 17982,363 5464,7847 5578,9014 12926,038 487,65
1,788 B 1087,2527 8004,1187 13478,034 6850,4697 14159,96 4870,92 S 698,90027 17982,363 5464,7847 5578,9014 12926,038 487,65
1,7880002 B 1087,2527 8004,1187 13478,034 6850,4697 14159,96 4870,92 S 698,90027 17982,363 5464,7847 5578,9014 12926,038 487,65
1,7880005 B 1087,2527 8004,1187 13478,034 6850,4697 14159,96 4870,92 S 698,90027 17982,363 5464,7847 5578,9014 12926,038 487,65
1,7879999 B 1087,2527 8004,1187 13478,034 6850,4697 14159,96 4870,92 S 698,90027 17982,363 5464,7847 5578,9014 12926,038 487,65
1,7880003 B 1087,2527 8004,1187 13478,034 6850,4697 14159,96 4870,92 S 698,90027 17982,363 5464,7847 5578,9014 12926,038 487,65
1,7880001 B 1087,2527 8004,1187 13478,034 6850,4697 14159,96 4870,92 S 698,90027 17982,363 5464,7847 5578,9014 12926,038 487,65
1,7880001 B 1087,2527 8004,1187 13478,034 6850,4697 14159,96 4870,92 S 698,90027 17982,363 5464,7847 5578,9014 12926,038 487,65
1,7879997 B 1087,2527 8004,1187 13478,034 6850,4697 14159,96 4870,92 S 698,90027 17982,363 5464,7847 5578,9014 12926,038 487,65
1,7880001 B 1087,2527 8004,1187 13478,034 6850,4697 14159,96 4870,92 S 698,90027 17982,363 5464,7847 5578,9014 12926,038 487,65
1,7880003 B 1087,2527 8004,1187 13478,034 6850,4697 14159,96 4870,92 S 698,90027 17982,363 5464,7847 5578,9014 12926,038 487,65
1,788 B 1087,2527 8004,1187 13478,034 6850,4697 14159,96 4870,92 S 698,90027 17982,363 5464,7847 5578,9014 12926,038 487,65
1,7880002 B 1087,2527 8004,1187 13478,034 6850,4697 14159,96 4870,92 S 698,90027 17982,363 5464,7847 5578,9014 12926,038 487,65
1,7880001 B 1087,2527 8004,1187 13478,034 6850,4697 14159,96 4870,92 S 698,90027 17982,363 5464,7847 5578,9014 12926,038 487,65
1,7880002 B 1087,2527 8004,1187 13478,034 6850,4697 14159,96 4870,92 S 698,90027 17982,363 5464,7847 5578,9014 12926,038 487,65
1,7880003 B 1087,2527 8004,1187 13478,034 6850,4697 14159,96 4870,92 S 698,90027 17982,363 5464,7847 5578,9014 12926,038 487,65
1,788 B 1087,2527 8004,1187 13478,034 6850,4697 14159,96 4870,92 S 698,90027 17982,363 5464,7847 5578,9014 12926,038 487,65
1,788 B 1087,2527 8004,1187 13478,034 6850,4697 14159,96 4870,92 S 698,90027 17982,363 5464,7847 5578,9014 12926,038 487,65
1,7880003 B 1087,2527 8004,1187 13478,034 6850,4697 14159,96 4870,92 S 698,90027 17982,363 5464,7847 5578,9014 12926,038 487,65
1,7880002 B 1087,2527 8004,1187 13478,034 6850,4697 14159,96 4870,92 S 698,90027 17982,363 5464,7847 5578,9014 12926,038 487,65
1,7880005 B 1087,2527 8004,1187 13478,034 6850,4697 14159,96 4870,92 S 698,90027 17982,363 5464,7847 5578,9014 12926,038 487,65
1,7880006 B 1087,2527 8004,1187 13478,034 6850,4697 14159,96 4870,92 S 698,90027 17982,363 5464,7847 5578,9014 12926,038 487,65
1,7879997 B 1087,2527 8004,1187 13478,034 6850,4697 14159,96 4870,92 S 698,90027 17982,363 5464,7847 5578,9014 12926,038 487,65
1,7880001 B 1087,2527 8004,1187 13478,034 6850,4697 14159,96 4870,92 S 698,90027 17982,363 5464,7847 5578,9014 12926,038 487,65
1,7880001 B 1087,2527 8004,1187 13478,034 6850,4697 14159,96 4870,92 S 698,90027 17982,363 5464,7847 5578,9014 12926,038 487,65
1,7880003 B 1087,2527 8004,1187 13478,034 6850,4697 14159,96 4870,92 S 698,90027 17982,363 5464,7847 5578,9014 12926,038 487,65
1,7880002 B 1087,2527 8004,1187 13478,034 6850,4697 14159,96 4870,92 S 698,90027 17982,363 5464,7847 5578,9014 12926,038 487,65
1,7880002 B 1087,2527 8004,1187 13478,034 6850,4697 14159,96 4870,92 S 698,90027 17982,363 5464,7847 5578,9014 12926,038 487,65
1,7880001 B 1087,2527 8004,1187 13478,034 6850,4697 14159,96 4870,92 S 698,90027 17982,363 5464,7847 5578,9014 12926,038 487,65
1,788 B 1087,2527 8004,1187 13478,034 6850,4697 14159,96 4870,92 S 698,90027 17982,363 5464,7847 5578,9014 12926,038 487,65
1,7880002 B 1087,2527 8004,1187 13478,034 6850,4697 14159,96 4870,92 S 698,90027 17982,363 5464,7847 5578,9014 12926,038 487,65
1,7880012 B 1087,2527 8004,1187 13478,034 6850,4697 14159,96 4870,92 S 698,90027 17982,363 5464,7847 5578,9014 12926,038 487,65
1,7880002 B 1087,2527 8004,1187 13478,034 6850,4697 14159,96 4870,92 S 698,90027 17982,363 5464,7847 5578,9014 12926,038 487,65
1,7880002 B 1087,2527 8004,1187 13478,034 6850,4697 14159,96 4870,92 S 698,90027 17982,363 5464,7847 5578,9014 12926,038 487,65
1,7880005 B 1087,2527 8004,1187 13478,034 6850,4697 14159,96 4870,92 S 698,90027 17982,363 5464,7847 5578,9014 12926,038 487,65
1,7880001 B 1087,2527 8004,1187 13478,034 6850,4697 14159,96 4870,92 S 698,90027 17982,363 5464,7847 5578,9014 12926,038 487,65
1,7880002 B 1087,2527 8004,1187 13478,034 6850,4697 14159,96 4870,92 S 698,90027 17982,363 5464,7847 5578,9014 12926,038 487,65
1,7880002 B 1087,2527 8004,1187 13478,034 6850,4697 14159,96 4870,92 S 698,90027 17982,363 5464,7847 5578,9014 12926,038 487,65
1,7880001 B 1087,2527 8004,1187 13478,034 6850,4697 14159,96 4870,92 S 698,90027 17982,363 5464,7847 5578,9014 12926,038 487,65
1,7880003 B 1087,2527 8004,1187 13478,034 6850,4697 14159,96 4870,92 S 698,90027 17982,363 5464,7847 5578,9014 12926,038 487,65
1,788 B 1087,2527 8004,1187 13478,034 6850,4697 14159,96 4870,92 S 698,90027 17982,363 5464,7847 5578,9014 12926,038 487,65
1,7880003 B 1087,2527 8004,1187 13478,034 6850,4697 14159,96 4870,92 S 698,90027 17982,363 5464,7847 5578,9014 12926,038 487,65
1,7880002 B 1087,2527 8004,1187 13478,034 6850,4697 14159,96 4870,92 S 698,90027 17982,363 5464,7847 5578,9014 12926,038 487,65
1,788 B 1087,2527 8004,1187 13478,034 6850,4697 14159,96 4870,92 S 698,90027 17982,363 5464,7847 5578,9014 12926,038 487,65
1,788 B 1087,2527 8004,1187 13478,034 6850,4697 14159,96 4870,92 S 698,90027 17982,363 5464,7847 5578,9014 12926,038 487,65
1,788 B 1087,2527 8004,1187 13478,034 6850,4697 14159,96 4870,92 S 698,90027 17982,363 5464,7847 5578,9014 12926,038 487,65
1,7880002 B 1087,2527 8004,1187 13478,034 6850,4697 14159,96 4870,92 S 698,90027 17982,363 5464,7847 5578,9014 12926,038 487,65
1,7880007 B 1087,2527 8004,1187 13478,034 6850,4697 14159,96 4870,92 S 698,90027 17982,363 5464,7847 5578,9014 12926,038 487,65
1,7880003 B 1087,2527 8004,1187 13478,034 6850,4697 14159,96 4870,92 S 698,90027 17982,363 5464,7847 5578,9014 12926,038 487,65
1,7880002 B 1087,2527 8004,1187 13478,034 6850,4697 14159,96 4870,92 S 698,90027 17982,363 5464,7847 5578,9014 12926,038 487,65
1,7880001 B 1087,2527 8004,1187 13478,034 6850,4697 14159,96 4870,92 S 698,90027 17982,363 5464,7847 5578,9014 12926,038 487,65
1,7879999 B 1087,2527 8004,1187 13478,034 6850,4697 14159,96 4870,92 S 698,90027 17982,363 5464,7847 5578,9014 12926,038 487,65
1,7880003 B 1087,2527 8004,1187 13478,034 6850,4697 14159,96 4870,92 S 698,90027 17982,363 5464,7847 5578,9014 12926,038 487,65
1,7880002 B 1087,2527 8004,1187 13478,034 6850,4697 14159,96 4870,92 S 698,90027 17982,363 5464,7847 5578,9014 12926,038 487,65
1,7880005 B 1087,2527 8004,1187 13478,034 6850,4697 14159,96 4870,92 S 698,90027 17982,363 5464,7847 5578,9014 12926,038 487,65
1,7880005 B 1087,2527 8004,1187 13478,034 6850,4697 14159,96 4870,92 S 698,90027 17982,363 5464,7847 5578,9014 12926,038 487,65
1,7880003 B 1087,2527 8004,1187 13478,034 6850,4697 14159,96 4870,92 S 698,90027 17982,363 5464,7847 5578,9014 12926,038 487,65
1,7879999 B 1087,2527 8004,1187 13478,034 6850,4697 14159,96 4870,92 S 698,90027 17982,363 5464,7847 5578,9014 12926,038 487,65
1,7880001 B 1087,2527 8004,1187 13478,034 6850,4697 14159,96 4870,92 S 698,90027 17982,363 5464,7847 5578,9014 12926,038 487,65
1,7879997 B 1087,2527 8004,1187 13478,034 6850,4697 14159,96 4870,92 S 698,90027 17982,363 5464,7847 5578,9014 12926,038 487,65
1,7880003 B 1087,2527 8004,1187 13478,034 6850,4697 14159,96 4870,92 S 698,90027 17982,363 5464,7847 5578,9014 12926,038 487,65
1,788 B 1087,2527 8004,1187 13478,034 6850,4697 14159,96 4870,92 S 698,90027 17982,363 5464,7847 5578,9014 12926,038 487,65
1,7880003 B 1087,2527 8004,1187 13478,034 6850,4697 14159,96 4870,92 S 698,90027 17982,363 5464,7847 5578,9014 12926,038 487,65
1,7880003 B 1087,2527 8004,1187 13478,034 6850,4697 14159,96 4870,92 S 698,90027 17982,363 5464,7847 5578,9014 12926,038 487,65
1,7880007 B 1087,2527 8004,1187 13478,034 6850,4697 14159,96 4870,92 S 698,90027 17982,363 5464,7847 5578,9014 12926,038 487,65
1,7879999 B 1087,2527 8004,1187 13478,034 6850,4697 14159,96 4870,92 S 698,90027 17982,363 5464,7847 5578,9014 12926,038 487,65
1,7880003 B 1087,2527 8004,1187 13478,034 6850,4697 14159,96 4870,92 S 698,90027 17982,363 5464,7847 5578,9014 12926,038 487,65
1,7880001 B 1087,2527 8004,1187 13478,034 6850,4697 14159,96 4870,92 S 698,90027 17982,363 5464,7847 5578,9014 12926,038 487,65
1,7880001 B 1087,2527 8004,1187 13478,034 6850,4697 14159,96 4870,92 S 698,90027 17982,363 5464,7847 5578,9014 12926,038 487,65
1,7880003 B 1087,2527 8004,1187 13478,034 6850,4697 14159,96 4870,92 S 698,90027 17982,363 5464,7847 5578,9014 12926,038 487,65
1,788 B 1087,2527 8004,1187 13478,034 6850,4697 14159,96 4870,92 S 698,90027 17982,363 5464,7847 5578,9014 12926,038 487,65
1,788 B 1087,2527 8004,1187 13478,034 6850,4697 14159,96 4870,92 S 698,90027 17982,363 5464,7847 5578,9014 12926,038 487,65
1,7880001 B 1087,2527 8004,1187 13478,034 6850,4697 14159,96 4870,92 S 698,90027 17982,363 5464,7847 5578,9014 12926,038 487,65
1,7880006 B 1087,2527 8004,1187 13478,034 6850,4697 14159,96 4870,92 S 698,90027 17982,363 5464,7847 5578,9014 12926,038 487,65
1,7880003 B 1087,2527 8004,1187 13478,034 6850,4697 14159,96 4870,92 S 698,90027 17982,363 5464,7847 5578,9014 12926,038 487,65
1,7880006 B 1087,2527 8004,1187 13478,034 6850,4697 14159,96 4870,92 S 698,90027 17982,363 5464,7847 5578,9014 12926,038 487,65
1,7880005 B 1087,2527 8004,1187 13478,034 6850,4697 14159,96 4870,92 S 698,90027 17982,363 5464,7847 5578,9014 12926,038 487,65
1,788 B 1087,2527 8004,1187 13478,034 6850,4697 14159,96 4870,92 S 698,90027 17982,363 5464,7847 5578,9014 12926,038 487,65
1,7880002 B 1087,2527 8004,1187 13478,034 6850,4697 14159,96 4870,92 S 698,90027 17982,363 5464,7847 5578,9014 12926,038 487,65
1,788 B 1087,2527 8004,1187 13478,034 6850,4697 14159,96 4870,92 S 698,90027 17982,363 5464,7847 5578,9014 12926,038 487,65
1,7880001 B 1087,2527 8004,1187 13478,034 6850,4697 14159,96 4870,92 S 698,90027 17982,363 5464,7847 5578,9014 12926,038 487,65
1,7880007 B 1087,2527 8004,1187 13478,034 6850,4697 14159,96 4870,92 S 698,90027 17982,363 5464,7847 5578,9014 12926,038 487,65
1,7880001 B 1087,2527 8004,1187 13478,034 6850,4697 14159,96 4870,92 S 698,90027 17982,363 5464,7847 5578,9014 12926,038 487,65
1,7880001 B 1087,2527 8004,1187 13478,034 6850,4697 14159,96 4870,92 S 698,90027 17982,363 5464,7847 5578,9014 12926,038 487,65
1,788 B 1087,2527 8004,1187 13478,034 6850,4697 14159,96 4870,92 S 698,90027 17982,363 5464,7847 5578,9014 12926,038 487,65
1,7880005 B 1087,2527 8004,1187 13478,034 6850,4697 14159,96 4870,92 S 698,90027 17982,363 5464,7847 5578,9014 12926,038 487,65
1,788 B 1087,2527 8004,1187 13478,034 6850,4697 14159,96 4870,92 S 698,90027 17982,363 5464,7847 5578,9014 12926,038 487,65
1,7880005 B 1087,2527 8004,1187 13478,034 6850,4697 14159,96 4870,92 S 698,90027 17982,363 5464,7847 5578,9014 12926,038 487,65
1,788 B 1087,2527 8004,1187 13478,034 6850,4697 14159,96 4870,92 S 698,90027 17982,363 5464,7847 5578,9014 12926,038 487,65
1,7880001 B 1087,2527 8004,1187 13478,034 6850,4697 14159,96 4870,92 S 698,90027 17982,363 5464,7847 5578,9014 12926,038 487,65
1,7879999 B 1087,2527 8004,1187 13478,034 6850,4697 14159,96 4870,92 S 698,90027 17982,363 5464,7847 5578,9014 12926,038 487,65
1,7880002 B 1087,2527 8004,1187 13478,034 6850,4697 14159,96 4870,92 S 698,90027 17982,363 5464,7847 5578,9014 12926,038 487,65
1,7879999 B 1087,2527 8004,1187 13478,034 6850,4697 14159,96 4870,92 S 698,90027 17982,363 5464,7847 5578,9014 12926,038 487,65
1,788 B 1087,2527 8004,1187 13478,034 6850,4697 14159,96 4870,92 S 698,90027 17982,363 5464,7847 5578,9014 12926,038 487,65
1,788 B 1087,2527 8004,1187 13478,034 6850,4697 14159,96 4870,92 S 698,90027 17982,363 5464,7847 5578,9014 12926,038 487,65
1,7880003 B 1087,2527 8004,1187 13478,034 6850,4697 14159,96 4870,92 S 698,90027 17982,363 5464,7847 5578,9014 12926,038 487,65
1,7880003 B 1087,2527 8004,1187 13478,034 6850,4697 14159,96 4870,92 S 698,90027 17982,363 5464,7847 5578,9014 12926,038 487,65
1,7879999 B 1087,2527 8004,1187 13478,034 6850,4697 14159,96 4870,92 S 698,90027 17982,363 5464,7847 5578,9014 12926,038 487,65
1,7880003 B 1087,2527 8004,1187 13478,034 6850,4697 14159,96 4870,92 S 698,90027 17982,363 5464,7847 5578,9014 12926,038 487,65
1,7880001 B 1087,2527 8004,1187 13478,034 6850,4697 14159,96 4870,92 S 698,90027 17982,363 5464,7847 5578,9014 12926,038 487,65
1,7879995 B 1087,2527 8004,1187 13478,034 6850,4697 14159,96 4870,92 S 698,90027 17982,363 5464,7847 5578,9014 12926,038 487,65
1,7880003 B 1087,2527 8004,1187 13478,034 6850,4697 14159,96 4870,92 S 698,90027 17982,363 5464,7847 5578,9014 12926,038 487,65
1,7880007 B 1087,2527 8004,1187 13478,034 6850,4697 14159,96 4870,92 S 698,90027 17982,363 5464,7847 5578,9014 12926,038 487,65
1,7880005 B 1087,2527 8004,1187 13478,034 6850,4697 14159,96 4870,92 S 698,90027 17982,363 5464,7847 5578,9014 12926,038 487,65
1,7880002 B 1087,2527 8004,1187 13478,034 6850,4697 14159,96 4870,92 S 698,90027 17982,363 5464,7847 5578,9014 12926,038 487,65
1,7879999 B 1087,2527 8004,1187 13478,034 6850,4697 14159,96 4870,92 S 698,90027 17982,363 5464,7847 5578,9014 12926,038 487,65
1,7880001 B 1087,2527 8004,1187 13478,034 6850,4697 14159,96 4870,92 S 698,90027 17982,363 5464,7847 5578,9014 12926,038 487,65
1,7879999 B 1087,2527 8004,1187 13478,034 6850,4697 14159,96 4870,92 S 698,90027 17982,363 5464,7847 5578,9014 12926,038 487,65
1,7880001 B 1087,2527 8004,1187 13478,034 6850,4697 14159,96 4870,92 S 698,90027 17982,363 5464,7847 5578,9014 12926,038 487,65
1,7880001 B 1087,2527 8004,1187 13478,034 6850,4697 14159,96 4870,92 S 698,90027 17982,363 5464,7847 5578,9014 12926,038 487,65
1,7880003 B 1087,2527 8004,1187 13478,034 6850,4697 14159,96 4870,92 S 698,90027 17982,363 5464,7847 5578,9014 12926,038 487,65
1,788 B 1087,2527 8004,1187 13478,034 6850,4697 14159,96 4870,92 S 698,90027 17982,363 5464,7847 5578,9014 12926,038 487,65
1,7880002 B 1087,2527 8004,1187 13478,034 6850,4697 14159,96 4870,92 S 698,90027 17982,363 5464,7847 5578,9014 12926,038 487,65
1,7879999 B 1087,2527 8004,1187 13478,034 6850,4697 14159,96 4870,92 S 698,90027 17982,363 5464,7847 5578,9014 12926,038 487,65
1,7880003 B 1087,2527 8004,1187 13478,034 6850,4697 14159,96 4870,92 S 698,90027 17982,363 5464,7847 5578,9014 12926,038 487,65
1,7880003 B 1087,2527 8004,1187 13478,034 6850,4697 14159,96 4870,92 S 698,90027 17982,363 5464,7847 5578,9014 12926,038 487,65
1,7880007 B 1087,2527 8004,1187 13478,034 6850,4697 14159,96 4870,92 S 698,90027 17982,363 5464,7847 5578,9014 12926,038 487,65
1,7880001 B 1087,2527 8004,1187 13478,034 6850,4697 14159,96 4870,92 S 698,90027 17982,363 5464,7847 5578,9014 12926,038 487,65
1,788 B 1087,2527 8004,1187 13478,034 6850,4697 14159,96 4870,92 S 698,90027 17982,363 5464,7847 5578,9014 12926,038 487,65
1,7880003 B 1087,2527 8004,1187 13478,034 6850,4697 14159,96 4870,92 S 698,90027 17982,363 5464,7847 5578,9014 12926,038 487,65
1,7880001 B 1087,2527 8004,1187 13478,034 6850,4697 14159,96 4870,92 S 698,90027 17982,363 5464,7847 5578,9014 12926,038 487,65
1,7880005 B 1087,2527 8004,1187 13478,034 6850,4697 14159,96 4870,92 S 698,90027 17982,363 5464,7847 5578,9014 12926,038 487,65
1,788 B 1087,2527 8004,1187 13478,034 6850,4697 14159,96 4870,92 S 698,90027 17982,363 5464,7847 5578,9014 12926,038 487,65
1,7880001 B 1087,2527 8004,1187 13478,034 6850,4697 14159,96 4870,92 S 698,90027 17982,363 5464,7847 5578,9014 12926,038 487,65
1,7880001 B 1087,2527 8004,1187 13478,034 6850,4697 14159,96 4870,92 S 698,90027 17982,363 5464,7847 5578,9014 12926,038 487,65
1,7880002 B 1087,2527 8004,1187 13478,034 6850,4697 14159,96 4870,92 S 698,90027 17982,363 5464,7847 5578,9014 12926,038 487,65
1,7880001 B 1087,2527 8004,1187 13478,034 6850,4697 14159,96 4870,92 S 698,90027 17982,363 5464,7847 5578,9014 12926,038 487,65
1,7880002 B 1087,2527 8004,1187 13478,034 6850,4697 14159,96 4870,92 S 698,90027 17982,363 5464,7847 5578,9014 12926,038 487,65
1,7879999 B 1087,2527 8004,1187 13478,034 6850,4697 14159,96 4870,92 S 698,90027 17982,363 5464,7847 5578,9014 12926,038 487,65
1,788 B 1087,2527 8004,1187 13478,034 6850,4697 14159,96 4870,92 S 698,90027 17982,363 5464,7847 5578,9014 12926,038 487,65
1,7880002 B 1087,2527 8004,1187 13478,034 6850,4697 14159,96 4870,92 S 698,90027 17982,363 5464,7847 5578,9014 12926,038 487,65
1,7880002 B 1087,2527 8004,1187 13478,034 6850,4697 14159,96 4870,92 S 698,90027 17982,363 5464,7847 5578,9014 12926,038 487,65
1,788 B 1087,2527 8004,1187 13478,034 6850,4697 14159,96 4870,92 S 698,90027 17982,363 5464,7847 5578,9014 12926,038 487,65
1,7880003 B 1087,2527 8004,1187 13478,034 6850,4697 14159,96 4870,92 S 698,90027 17982,363 5464,7847 5578,9014 12926,038 487,65
1,7880003 B 1087,2527 8004,1187 13478,034 6850,4697 14159,96 4870,92 S 698,90027 17982,363 5464,7847 5578,9014 12926,038 487,65
1,7879995 B 1087,2527 8004,1187 13478,034 6850,4697 14159,96 4870,92 S 698,90027 17982,363 5464,7847 5578,9014 12926,038 487,65
1,788 B 1087,2527 8004,1187 13478,034 6850,4697 14159,96 4870,92 S 698,90027 17982,363 5464,7847 5578,9014 12926,038 487,65
1,7880003 B 1087,2527 8004,1187 13478,034 6850,4697 14159,96 4870,92 S 698,90027 17982,363 5464,7847 5578,9014 12926,038 487,65
1,7880003 B 1087,2527 8004,1187 13478,034 6850,4697 14159,96 4870,92 S 698,90027 17982,363 5464,7847 5578,9014 12926,038 487,65
1,7880003 B 1087,2527 8004,1187 13478,034 6850,4697 14159,96 4870,92 S 698,90027 17982,363 5464,7847 5578,9014 12926,038 487,65
1,7879996 B 1087,2527 8004,1187 13478,034 6850,4697 14159,96 4870,92 S 698,90027 17982,363 5464,7847 5578,9014 12926,038 487,65
1,7880006 B 1087,2527 8004,1187 13478,034 6850,4697 14159,96 4870,92 S 698,90027 17982,363 5464,7847 5578,9014 12926,038 487,65
1,7880002 B 1087,2527 8004,1187 13478,034 6850,4697 14159,96 4870,92 S 698,90027 17982,363 5464,7847 5578,9014 12926,038 487,65
1,788 B 1087,2527 8004,1187 13478,034 6850,4697 14159,96 4870,92 S 698,90027 17982,363 5464,7847 5578,9014 12926,038 487,65
1,7879996 B 1087,2527 8004,1187 13478,034 6850,4697 14159,96 4870,92 S 698,90027 17982,363 5464,7847 5578,9014 12926,038 487,65
1,7880002 B 1087,2527 8004,1187 13478,034 6850,4697 14159,96 4870,92 S 698,90027 17982,363 5464,7847 5578,9014 12926,038 487,65
1,788 B 1087,2527 8004,1187 13478,034 6850,4697 14159,96 4870,92 S 698,90027 17982,363 5464,7847 5578,9014 12926,038 487,65
1,7880001 B 1087,2527 8004,1187 13478,034 6850,4697 14159,96 4870,92 S 698,90027 17982,363 5464,7847 5578,9014 12926,038 487,65
1,7880001 B 1087,2527 8004,1187 13478,034 6850,4697 14159,96 4870,92 S 698,90027 17982,363 5464,7847 5578,9014 12926,038 487,65
1,7880005 B 1087,2527 8004,1187 13478,034 6850,4697 14159,96 4870,92 S 698,90027 17982,363 5464,7847 5578,9014 12926,038 487,65
1,7880002 B 1087,2527 8004,1187 13478,034 6850,4697 14159,96 4870,92 S 698,90027 17982,363 5464,7847 5578,9014 12926,038 487,65
1,788 B 1087,2527 8004,1187 13478,034 6850,4697 14159,96 4870,92 S 698,90027 17982,363 5464,7847 5578,9014 12926,038 487,65
1,7880007 B 1087,2527 8004,1187 13478,034 6850,4697 14159,96 4870,92 S 698,90027 17982,363 5464,7847 5578,9014 12926,038 487,65
1,7879997 B 1087,2527 8004,1187 13478,034 6850,4697 14159,96 4870,92 S 698,90027 17982,363 5464,7847 5578,9014 12926,038 487,65
1,7880002 B 1087,2527 8004,1187 13478,034 6850,4697 14159,96 4870,92 S 698,90027 17982,363 5464,7847 5578,9014 12926,038 487,65
1,7880003 B 1087,2527 8004,1187 13478,034 6850,4697 14159,96 4870,92 S 698,90027 17982,363 5464,7847 5578,9014 12926,038 487,65
1,7880001 B 1087,2527 8004,1187 13478,034 6850,4697 14159,96 4870,92 S 698,90027 17982,363 5464,7847 5578,9014 12926,038 487,65
1,788 B 1087,2527 8004,1187 13478,034 6850,4697 14159,96 4870,92 S 698,90027 17982,363 5464,7847 5578,9014 12926,038 487,65
1,7879999 B 1087,2527 8004,1187 13478,034 6850,4697 14159,96 4870,92 S 698,90027 17982,363 5464,7847 5578,9014 12926,038 487,65
1,7879997 B 1087,2527 8004,1187 13478,034 6850,4697 14159,96 4870,92 S 698,90027 17982,363 5464,7847 5578,9014 12926,038 487,65
1,7879999 B 1087,2527 8004,1187 13478,034 6850,4697 14159,96 4870,92 S 698,90027 17982,363 5464,7847 5578,9014 12926,038 487,65
1,7879997 B 1087,2527 8004,1187 13478,034 6850,4697 14159,96 4870,92 S 698,90027 17982,363 5464,7847 5578,9014 12926,038 487,65
1,7880005 B 1087,2527 8004,1187 13478,034 6850,4697 14159,96 4870,92 S 698,90027 17982,363 5464,7847 5578,9014 12926,038 487,65
1,788 B 1087,2527 8004,1187 13478,034 6850,4697 14159,96 4870,92 S 698,90027 17982,363 5464,7847 5578,9014 12926,038 487,65
1,7880002 B 1087,2527 8004,1187 13478,034 6850,4697 14159,96 4870,92 S 698,90027 17982,363 5464,7847 5578,9014 12926,038 487,65
1,788 B 1087,2527 8004,1187 13478,034 6850,4697 14159,96 4870,92 S 698,90027 17982,363 5464,7847 5578,9014 12926,038 487,65
1,7880002 B 1087,2527 8004,1187 13478,034 6850,4697 14159,96 4870,92 S 698,90027 17982,363 5464,7847 5578,9014 12926,038 487,65
1,788 B 1087,2527 8004,1187 13478,034 6850,4697 14159,96 4870,92 S 698,90027 17982,363 5464,7847 5578,9014 12926,038 487,65
1,7880002 B 1087,2527 8004,1187 13478,034 6850,4697 14159,96 4870,92 S 698,90027 17982,363 5464,7847 5578,9014 12926,038 487,65
1,7880003 B 1087,2527 8004,1187 13478,034 6850,4697 14159,96 4870,92 S 698,90027 17982,363 5464,7847 5578,9014 12926,038 487,65
1,788 B 1087,2527 8004,1187 13478,034 6850,4697 14159,96 4870,92 S 698,90027 17982,363 5464,7847 5578,9014 12926,038 487,65
1,7879997 B 1087,2527 8004,1187 13478,034 6850,4697 14159,96 4870,92 S 698,90027 17982,363 5464,7847 5578,9014 12926,038 487,65
1,7879999 B 1087,2527 8004,1187 13478,034 6850,4697 14159,96 4870,92 S 698,90027 17982,363 5464,7847 5578,9014 12926,038 487,65
1,7880002 B 1087,2527 8004,1187 13478,034 6850,4697 14159,96 4870,92 S 698,90027 17982,363 5464,7847 5578,9014 12926,038 487,65
1,7879997 B 1087,2527 8004,1187 13478,034 6850,4697 14159,96 4870,92 S 698,90027 17982,363 5464,7847 5578,9014 12926,038 487,65
1,7879999 B 1087,2527 8004,1187 13478,034 6850,4697 14159,96 4870,92 S 698,90027 17982,363 5464,7847 5578,9014 12926,038 487,65
1,7880003 B 1087,2527 8004,1187 13478,034 6850,4697 14159,96 4870,92 S 698,90027 17982,363 5464,7847 5578,9014 12926,038 487,65
1,7879999 B 1087,2527 8004,1187 13478,034 6850,4697 14159,96 4870,92 S 698,90027 17982,363 5464,7847 5578,9014 12926,038 487,65
1,7879999 B 1087,2527 8004,1187 13478,034 6850,4697 14159,96 4870,92 S 698,90027 17982,363 5464,7847 5578,9014 12926,038 487,65
1,7880001 B 1087,2527 8004,1187 13478,034 6850,4697 14159,96 4870,92 S 698,90027 17982,363 5464,7847 5578,9014 12926,038 487,65
1,7880001 B 1087,2527 8004,1187 13478,034 6850,4697 14159,96 4870,92 S 698,90027 17982,363 5464,7847 5578,9014 12926,038 487,65
1,788 B 1087,2527 8004,1187 13478,034 6850,4697 14159,96 4870,92 S 698,90027 17982,363 5464,7847 5578,9014 12926,038 487,65
1,788 B 1087,2527 8004,1187 13478,034 6850,4697 14159,96 4870,92 S 698,90027 17982,363 5464,7847 5578,9014 12926,038 487,65
1,7880007 B 1087,2527 8004,1187 13478,034 6850,4697 14159,96 4870,92 S 698,90027 17982,363 5464,7847 5578,9014 12926,038 487,65
1,7880003 B 1087,2527 8004,1187 13478,034 6850,4697 14159,96 4870,92 S 698,90027 17982,363 5464,7847 5578,9014 12926,038 487,65
1,7879996 B 1087,2527 8004,1187 13478,034 6850,4697 14159,96 4870,92 S 698,90027 17982,363 5464,7847 5578,9014 12926,038 487,65
1,7879996 B 1087,2527 8004,1187 13478,034 6850,4697 14159,96 4870,92 S 698,90027 17982,363 5464,7847 5578,9014 12926,038 487,65
1,788 B 1087,2527 8004,1187 13478,034 6850,4697 14159,96 4870,92 S 698,90027 17982,363 5464,7847 5578,9014 12926,038 487,65
1,788 B 1087,2527 8004,1187 13478,034 6850,4697 14159,96 4870,92 S 698,90027 17982,363 5464,7847 5578,9014 12926,038 487,65
1,7880001 B 1087,2527 8004,1187 13478,034 6850,4697 14159,96 4870,92 S 698,90027 17982,363 5464,7847 5578,9014 12926,038 487,65
1,788 B 1087,2527 8004,1187 13478,034 6850,4697 14159,96 4870,92 S 698,90027 17982,363 5464,7847 5578,9014 12926,038 487,65
1,788 B 1087,2527 8004,1187 13478,034 6850,4697 14159,96 4870,92 S 698,90027 17982,363 5464,7847 5578,9014 12926,038 487,65
1,7880001 B 1087,2527 8004,1187 13478,034 6850,4697 14159,96 4870,92 S 698,90027 17982,363 5464,7847 5578,9014 12926,038 487,65
1,7880006 B 1087,2527 8004,1187 13478,034 6850,4697 14159,96 4870,92 S 698,90027 17982,363 5464,7847 5578,9014 12926,038 487,65
1,7880002 B 1087,2527 8004,1187 13478,034 6850,4697 14159,96 4870,92 S 698,90027 17982,363 5464,7847 5578,9014 12926,038 487,65
1,7880002 B 1087,2527 8004,1187 13478,034 6850,4697 14159,96 4870,92 S 698,90027 17982,363 5464,7847 5578,9014 12926,038 487,65
1,7880001 B 1087,2527 8004,1187 13478,034 6850,4697 14159,96 4870,92 S 698,90027 17982,363 5464,7847 5578,9014 12926,038 487,65
1,7907137 B 1087,2527 8004,1187 13478,034 6850,4697 14159,96 4870,92 S 698,90027 17982,363 5464,7847 5578,9014 12926,038 487,65
1,7910006 B 1087,2527 8004,1187 13478,034 6850,4697 14159,96 4870,92 S 698,90027 17982,363 5464,7847 5578,9014 12926,038 487,65
1,791 B 1087,2527 8004,1187 13478,034 6850,4697 14159,96 4870,92 S 698,90027 17982,363 5464,7847 5578,9014 12926,038 487,65
1,7906529 B 1087,2527 8004,1187 13478,034 6850,4697 14159,96 4870,92 S 698,90027 17982,363 5464,7847 5578,9014 12926,038 487,65
1,789112 B 1087,2527 8004,1187 13478,034 6850,4697 14159,96 4870,92 S 698,90027 17982,363 5464,7847 5578,9014 12926,038 487,65
1,7890002 B 1087,2527 8004,1187 13478,034 6850,4697 14159,96 4870,92 S 698,90027 17982,363 5464,7847 5578,9014 12926,038 487,65
1,7889999 B 1087,2527 8004,1187 13478,034 6850,4697 14159,96 4870,92 S 698,90027 17982,363 5464,7847 5578,9014 12926,038 487,65
1,7890002 B 1087,2527 8004,1187 13478,034 6850,4697 14159,96 4870,92 S 698,90027 17982,363 5464,7847 5578,9014 12926,038 487,65
1,7890003 B 1087,2527 8004,1187 13478,034 6850,4697 14159,96 4870,92 S 698,90027 17982,363 5464,7847 5578,9014 12926,038 487,65
1,7890003 B 1087,2527 8004,1187 13478,034 6850,4697 14159,96 4870,92 S 698,90027 17982,363 5464,7847 5578,9014 12926,038 487,65
1,7890004 B 1087,2527 8004,1187 13478,034 6850,4697 14159,96 4870,92 S 698,90027 17982,363 5464,7847 5578,9014 12926,038 487,65
1,7890002 B 1087,2527 8004,1187 13478,034 6850,4697 14159,96 4870,92 S 698,90027 17982,363 5464,7847 5578,9014 12926,038 487,65
1,789 B 1087,2527 8004,1187 13478,034 6850,4697 14159,96 4870,92 S 698,90027 17982,363 5464,7847 5578,9014 12926,038 487,65
1,7890007 B 1087,2527 8004,1187 13478,034 6850,4697 14159,96 4870,92 S 698,90027 17982,363 5464,7847 5578,9014 12926,038 487,65
1,7890009 B 1087,2527 8004,1187 13478,034 6850,4697 14159,96 4870,92 S 698,90027 17982,363 5464,7847 5578,9014 12926,038 487,65
1,7889998 B 1087,2527 8004,1187 13478,034 6850,4697 14159,96 4870,92 S 698,90027 17982,363 5464,7847 5578,9014 12926,038 487,65
1,7889997 B 1087,2527 8004,1187 13478,034 6850,4697 14159,96 4870,92 S 698,90027 17982,363 5464,7847 5578,9014 12926,038 487,65
1,7890002 B 1087,2527 8004,1187 13478,034 6850,4697 14159,96 4870,92 S 698,90027 17982,363 5464,7847 5578,9014 12926,038 487,65
1,7889999 B 1087,2527 8004,1187 13478,034 6850,4697 14159,96 4870,92 S 698,90027 17982,363 5464,7847 5578,9014 12926,038 487,65
1,789 B 1087,2527 8004,1187 13478,034 6850,4697 14159,96 4870,92 S 698,90027 17982,363 5464,7847 5578,9014 12926,038 487,65
1,7889996 B 1087,2527 8004,1187 13478,034 6850,4697 14159,96 4870,92 S 698,90027 17982,363 5464,7847 5578,9014 12926,038 487,65
1,7889994 B 1087,2527 8004,1187 13478,034 6850,4697 14159,96 4870,92 S 698,90027 17982,363 5464,7847 5578,9014 12926,038 487,65
1,7882648 B 1087,2527 8004,1187 13478,034 6850,4697 14159,96 4870,92 S 698,90027 17982,363 5464,7847 5578,9014 12926,038 487,65
1,788 B 1087,2527 8004,1187 13478,034 6850,4697 14159,96 4870,92 S 698,90027 17982,363 5464,7847 5578,9014 12926,038 487,65
1,7880002 B 1087,2527 8004,1187 13478,034 6850,4697 14159,96 4870,92 S 698,90027 17982,363 5464,7847 5578,9014 12926,038 487,65
1,788 B 1087,2527 8004,1187 13478,034 6850,4697 14159,96 4870,92 S 698,90027 17982,363 5464,7847 5578,9014 12926,038 487,65
1,7879996 B 1087,2527 8004,1187 13478,034 6850,4697 14159,96 4870,92 S 698,90027 17982,363 5464,7847 5578,9014 12926,038 487,65
1,7880003 B 1087,2527 8004,1187 13478,034 6850,4697 14159,96 4870,92 S 698,90027 17982,363 5464,7847 5578,9014 12926,038 487,65
