1,7900016
1,7900002 B 375,76996 4324,3706 16841,213 7880,8003 12051,089 8531,027 S 1198,3201 20206,541 5934,0796 11194,262 7343,473 1681,7899
1,7899998 B 375,76996 4324,3706 16841,213 7880,8003 12051,089 8531,027 S 1198,3201 20206,541 5934,0796 11194,262 7343,473 1681,7899
1,7899994 B 375,76996 4324,3706 16841,213 7880,8003 12051,089 8531,027 S 1198,3201 20206,541 5934,0796 11194,262 7343,473 1681,7899
1,7900003 B 375,76996 4324,3706 16841,213 7880,8003 12051,089 8531,027 S 1198,3201 20206,541 5934,0796 11194,262 7343,473 1681,7899
1,7900001 B 375,76996 4324,3706 16841,213 7880,8003 12051,089 8531,027 S 1198,3201 20206,541 5934,0796 11194,262 7343,473 1681,7899
1,7899995 B 375,76996 4324,3706 16841,213 7880,8003 12051,089 8531,027 S 1198,3201 20206,541 5934,0796 11194,262 7343,473 1681,7899
1,7900001 B 375,76996 4324,3706 16841,213 7880,8003 12051,089 8531,027 S 1198,3201 20206,541 5934,0796 11194,262 7343,473 1681,7899
1,7899996 B 375,76996 4324,3706 16841,213 7880,8003 12051,089 8531,027 S 1198,3201 20206,541 5934,0796 11194,262 7343,473 1681,7899
1,7900002 B 375,76996 4324,3706 16841,213 7880,8003 12051,089 8531,027 S 1198,3201 20206,541 5934,0796 11194,262 7343,473 1681,7899
1,7900001 B 375,76996 4324,3706 16841,213 7880,8003 12051,089 8531,027 S 1198,3201 20206,541 5934,0796 11194,262 7343,473 1681,7899
1,7900002 B 375,76996 4324,3706 16841,213 7880,8003 12051,089 8531,027 S 1198,3201 20206,541 5934,0796 11194,262 7343,473 1681,7899
1,7900003 B 375,76996 4324,3706 16841,213 7880,8003 12051,089 8531,027 S 1198,3201 20206,541 5934,0796 11194,262 7343,473 1681,7899
1,7899995 B 375,76996 4324,3706 16841,213 7880,8003 12051,089 8531,027 S 1198,3201 20206,541 5934,0796 11194,262 7343,473 1681,7899
1,7900002 B 375,76996 4324,3706 16841,213 7880,8003 12051,089 8531,027 S 1198,3201 20206,541 5934,0796 11194,262 7343,473 1681,7899
1,7900003 B 375,76996 4324,3706 16841,213 7880,8003 12051,089 8531,027 S 1198,3201 20206,541 5934,0796 11194,262 7343,473 1681,7899
1,7900003 B 375,76996 4324,3706 16841,213 7880,8003 12051,089 8531,027 S 1198,3201 20206,541 5934,0796 11194,262 7343,473 1681,7899
1,7899997 B 375,76996 4324,3706 16841,213 7880,8003 12051,089 8531,027 S 1198,3201 20206,541 5934,0796 11194,262 7343,473 1681,7899
1,7900001 B 375,76996 4324,3706 16841,213 7880,8003 12051,089 8531,027 S 1198,3201 20206,541 5934,0796 11194,262 7343,473 1681,7899
1,7900003 B 375,76996 4324,3706 16841,213 7880,8003 12051,089 8531,027 S 1198,3201 20206,541 5934,0796 11194,262 7343,473 1681,7899
1,7900001 B 375,76996 4324,3706 16841,213 7880,8003 12051,089 8531,027 S 1198,3201 20206,541 5934,0796 11194,262 7343,473 1681,7899
1,7900004 B 375,76996 4324,3706 16841,213 7880,8003 12051,089 8531,027 S 1198,3201 20206,541 5934,0796 11194,262 7343,473 1681,7899
1,7900004 B 375,76996 4324,3706 16841,213 7880,8003 12051,089 8531,027 S 1198,3201 20206,541 5934,0796 11194,262 7343,473 1681,7899
1,7900001 B 375,76996 4324,3706 16841,213 7880,8003 12051,089 8531,027 S 1198,3201 20206,541 5934,0796 11194,262 7343,473 1681,7899
1,7900008 B 375,76996 4324,3706 16841,213 7880,8003 12051,089 8531,027 S 1198,3201 20206,541 5934,0796 11194,262 7343,473 1681,7899
1,7899995 B 375,76996 4324,3706 16841,213 7880,8003 12051,089 8531,027 S 1198,3201 20206,541 5934,0796 11194,262 7343,473 1681,7899
1,7900003 B 375,76996 4324,3706 16841,213 7880,8003 12051,089 8531,027 S 1198,3201 20206,541 5934,0796 11194,262 7343,473 1681,7899
1,7900001 B 375,76996 4324,3706 16841,213 7880,8003 12051,089 8531,027 S 1198,3201 20206,541 5934,0796 11194,262 7343,473 1681,7899
1,7900001 B 375,76996 4324,3706 16841,213 7880,8003 12051,089 8531,027 S 1198,3201 20206,541 5934,0796 11194,262 7343,473 1681,7899
1,7900001 B 375,76996 4324,3706 16841,213 7880,8003 12051,089 8531,027 S 1198,3201 20206,541 5934,0796 11194,262 7343,473 1681,7899
1,7900003 B 375,76996 4324,3706 16841,213 7880,8003 12051,089 8531,027 S 1198,3201 20206,541 5934,0796 11194,262 7343,473 1681,7899
1,7900002 B 375,76996 4324,3706 16841,213 7880,8003 12051,089 8531,027 S 1198,3201 20206,541 5934,0796 11194,262 7343,473 1681,7899
1,7899997 B 375,76996 4324,3706 16841,213 7880,8003 12051,089 8531,027 S 1198,3201 20206,541 5934,0796 11194,262 7343,473 1681,7899
1,7900003 B 375,76996 4324,3706 16841,213 7880,8003 12051,089 8531,027 S 1198,3201 20206,541 5934,0796 11194,262 7343,473 1681,7899
1,7900002 B 375,76996 4324,3706 16841,213 7880,8003 12051,089 8531,027 S 1198,3201 20206,541 5934,0796 11194,262 7343,473 1681,7899
1,7899996 B 375,76996 4324,3706 16841,213 7880,8003 12051,089 8531,027 S 1198,3201 20206,541 5934,0796 11194,262 7343,473 1681,7899
1,7900002 B 375,76996 4324,3706 16841,213 7880,8003 12051,089 8531,027 S 1198,3201 20206,541 5934,0796 11194,262 7343,473 1681,7899
1,7899997 B 375,76996 4324,3706 16841,213 7880,8003 12051,089 8531,027 S 1198,3201 20206,541 5934,0796 11194,262 7343,473 1681,7899
1,7900001 B 375,76996 4324,3706 16841,213 7880,8003 12051,089 8531,027 S 1198,3201 20206,541 5934,0796 11194,262 7343,473 1681,7899
1,7899997 B 375,76996 4324,3706 16841,213 7880,8003 12051,089 8531,027 S 1198,3201 20206,541 5934,0796 11194,262 7343,473 1681,7899
1,7900004 B 375,76996 4324,3706 16841,213 7880,8003 12051,089 8531,027 S 1198,3201 20206,541 5934,0796 11194,262 7343,473 1681,7899
1,7899992 B 375,76996 4324,3706 16841,213 7880,8003 12051,089 8531,027 S 1198,3201 20206,541 5934,0796 11194,262 7343,473 1681,7899
1,7900001 B 375,76996 4324,3706 16841,213 7880,8003 12051,089 8531,027 S 1198,3201 20206,541 5934,0796 11194,262 7343,473 1681,7899
1,7899996 B 375,76996 4324,3706 16841,213 7880,8003 12051,089 8531,027 S 1198,3201 20206,541 5934,0796 11194,262 7343,473 1681,7899
1,7900002 B 375,76996 4324,3706 16841,213 7880,8003 12051,089 8531,027 S 1198,3201 20206,541 5934,0796 11194,262 7343,473 1681,7899
1,7899997 B 375,76996 4324,3706 16841,213 7880,8003 12051,089 8531,027 S 1198,3201 20206,541 5934,0796 11194,262 7343,473 1681,7899
1,7899998 B 375,76996 4324,3706 16841,213 7880,8003 12051,089 8531,027 S 1198,3201 20206,541 5934,0796 11194,262 7343,473 1681,7899
1,7899998 B 375,76996 4324,3706 16841,213 7880,8003 12051,089 8531,027 S 1198,3201 20206,541 5934,0796 11194,262 7343,473 1681,7899
1,7899998 B 375,76996 4324,3706 16841,213 7880,8003 12051,089 8531,027 S 1198,3201 20206,541 5934,0796 11194,262 7343,473 1681,7899
1,7900004 B 375,76996 4324,3706 16841,213 7880,8003 12051,089 8531,027 S 1198,3201 20206,541 5934,0796 11194,262 7343,473 1681,7899
1,7899998 B 375,76996 4324,3706 16841,213 7880,8003 12051,089 8531,027 S 1198,3201 20206,541 5934,0796 11194,262 7343,473 1681,7899
1,7900002 B 375,76996 4324,3706 16841,213 7880,8003 12051,089 8531,027 S 1198,3201 20206,541 5934,0796 11194,262 7343,473 1681,7899
1,7900001 B 375,76996 4324,3706 16841,213 7880,8003 12051,089 8531,027 S 1198,3201 20206,541 5934,0796 11194,262 7343,473 1681,7899
1,7899996 B 375,76996 4324,3706 16841,213 7880,8003 12051,089 8531,027 S 1198,3201 20206,541 5934,0796 11194,262 7343,473 1681,7899
1,7900002 B 375,76996 4324,3706 16841,213 7880,8003 12051,089 8531,027 S 1198,3201 20206,541 5934,0796 11194,262 7343,473 1681,7899
1,7900001 B 375,76996 4324,3706 16841,213 7880,8003 12051,089 8531,027 S 1198,3201 20206,541 5934,0796 11194,262 7343,473 1681,7899
1,7900001 B 375,76996 4324,3706 16841,213 7880,8003 12051,089 8531,027 S 1198,3201 20206,541 5934,0796 11194,262 7343,473 1681,7899
1,7900002 B 375,76996 4324,3706 16841,213 7880,8003 12051,089 8531,027 S 1198,3201 20206,541 5934,0796 11194,262 7343,473 1681,7899
1,7899996 B 375,76996 4324,3706 16841,213 7880,8003 12051,089 8531,027 S 1198,3201 20206,541 5934,0796 11194,262 7343,473 1681,7899
1,7900006 B 375,76996 4324,3706 16841,213 7880,8003 12051,089 8531,027 S 1198,3201 20206,541 5934,0796 11194,262 7343,473 1681,7899
1,7900002 B 375,76996 4324,3706 16841,213 7880,8003 12051,089 8531,027 S 1198,3201 20206,541 5934,0796 11194,262 7343,473 1681,7899
1,7900004 B 375,76996 4324,3706 16841,213 7880,8003 12051,089 8531,027 S 1198,3201 20206,541 5934,0796 11194,262 7343,473 1681,7899
1,7899997 B 375,76996 4324,3706 16841,213 7880,8003 12051,089 8531,027 S 1198,3201 20206,541 5934,0796 11194,262 7343,473 1681,7899
1,7899998 B 375,76996 4324,3706 16841,213 7880,8003 12051,089 8531,027 S 1198,3201 20206,541 5934,0796 11194,262 7343,473 1681,7899
1,7900004 B 375,76996 4324,3706 16841,213 7880,8003 12051,089 8531,027 S 1198,3201 20206,541 5934,0796 11194,262 7343,473 1681,7899
1,7899997 B 375,76996 4324,3706 16841,213 7880,8003 12051,089 8531,027 S 1198,3201 20206,541 5934,0796 11194,262 7343,473 1681,7899
1,7899997 B 375,76996 4324,3706 16841,213 7880,8003 12051,089 8531,027 S 1198,3201 20206,541 5934,0796 11194,262 7343,473 1681,7899
1,7900001 B 375,76996 4324,3706 16841,213 7880,8003 12051,089 8531,027 S 1198,3201 20206,541 5934,0796 11194,262 7343,473 1681,7899
1,7899996 B 375,76996 4324,3706 16841,213 7880,8003 12051,089 8531,027 S 1198,3201 20206,541 5934,0796 11194,262 7343,473 1681,7899
1,7899998 B 375,76996 4324,3706 16841,213 7880,8003 12051,089 8531,027 S 1198,3201 20206,541 5934,0796 11194,262 7343,473 1681,7899
1,7899995 B 375,76996 4324,3706 16841,213 7880,8003 12051,089 8531,027 S 1198,3201 20206,541 5934,0796 11194,262 7343,473 1681,7899
1,7899997 B 375,76996 4324,3706 16841,213 7880,8003 12051,089 8531,027 S 1198,3201 20206,541 5934,0796 11194,262 7343,473 1681,7899
1,7900001 B 375,76996 4324,3706 16841,213 7880,8003 12051,089 8531,027 S 1198,3201 20206,541 5934,0796 11194,262 7343,473 1681,7899
1,7900003 B 375,76996 4324,3706 16841,213 7880,8003 12051,089 8531,027 S 1198,3201 20206,541 5934,0796 11194,262 7343,473 1681,7899
1,7900003 B 375,76996 4324,3706 16841,213 7880,8003 12051,089 8531,027 S 1198,3201 20206,541 5934,0796 11194,262 7343,473 1681,7899
1,7900001 B 375,76996 4324,3706 16841,213 7880,8003 12051,089 8531,027 S 1198,3201 20206,541 5934,0796 11194,262 7343,473 1681,7899
1,7899998 B 375,76996 4324,3706 16841,213 7880,8003 12051,089 8531,027 S 1198,3201 20206,541 5934,0796 11194,262 7343,473 1681,7899
1,7900001 B 375,76996 4324,3706 16841,213 7880,8003 12051,089 8531,027 S 1198,3201 20206,541 5934,0796 11194,262 7343,473 1681,7899
1,7899998 B 375,76996 4324,3706 16841,213 7880,8003 12051,089 8531,027 S 1198,3201 20206,541 5934,0796 11194,262 7343,473 1681,7899
1,7899998 B 375,76996 4324,3706 16841,213 7880,8003 12051,089 8531,027 S 1198,3201 20206,541 5934,0796 11194,262 7343,473 1681,7899
1,789999 B 375,76996 4324,3706 16841,213 7880,8003 12051,089 8531,027 S 1198,3201 20206,541 5934,0796 11194,262 7343,473 1681,7899
1,7899997 B 375,76996 4324,3706 16841,213 7880,8003 12051,089 8531,027 S 1198,3201 20206,541 5934,0796 11194,262 7343,473 1681,7899
1,7900001 B 375,76996 4324,3706 16841,213 7880,8003 12051,089 8531,027 S 1198,3201 20206,541 5934,0796 11194,262 7343,473 1681,7899
1,7899998 B 375,76996 4324,3706 16841,213 7880,8003 12051,089 8531,027 S 1198,3201 20206,541 5934,0796 11194,262 7343,473 1681,7899
1,7900001 B 375,76996 4324,3706 16841,213 7880,8003 12051,089 8531,027 S 1198,3201 20206,541 5934,0796 11194,262 7343,473 1681,7899
1,7900002 B 375,76996 4324,3706 16841,213 7880,8003 12051,089 8531,027 S 1198,3201 20206,541 5934,0796 11194,262 7343,473 1681,7899
1,7900002 B 375,76996 4324,3706 16841,213 7880,8003 12051,089 8531,027 S 1198,3201 20206,541 5934,0796 11194,262 7343,473 1681,7899
1,7899996 B 375,76996 4324,3706 16841,213 7880,8003 12051,089 8531,027 S 1198,3201 20206,541 5934,0796 11194,262 7343,473 1681,7899
1,7899997 B 375,76996 4324,3706 16841,213 7880,8003 12051,089 8531,027 S 1198,3201 20206,541 5934,0796 11194,262 7343,473 1681,7899
1,7900003 B 375,76996 4324,3706 16841,213 7880,8003 12051,089 8531,027 S 1198,3201 20206,541 5934,0796 11194,262 7343,473 1681,7899
1,7899998 B 375,76996 4324,3706 16841,213 7880,8003 12051,089 8531,027 S 1198,3201 20206,541 5934,0796 11194,262 7343,473 1681,7899
1,7900001 B 375,76996 4324,3706 16841,213 7880,8003 12051,089 8531,027 S 1198,3201 20206,541 5934,0796 11194,262 7343,473 1681,7899
1,7899998 B 375,76996 4324,3706 16841,213 7880,8003 12051,089 8531,027 S 1198,3201 20206,541 5934,0796 11194,262 7343,473 1681,7899
1,7899997 B 375,76996 4324,3706 16841,213 7880,8003 12051,089 8531,027 S 1198,3201 20206,541 5934,0796 11194,262 7343,473 1681,7899
1,7899996 B 375,76996 4324,3706 16841,213 7880,8003 12051,089 8531,027 S 1198,3201 20206,541 5934,0796 11194,262 7343,473 1681,7899
1,7899997 B 375,76996 4324,3706 16841,213 7880,8003 12051,089 8531,027 S 1198,3201 20206,541 5934,0796 11194,262 7343,473 1681,7899
1,7899997 B 375,76996 4324,3706 16841,213 7880,8003 12051,089 8531,027 S 1198,3201 20206,541 5934,0796 11194,262 7343,473 1681,7899
1,7899996 B 375,76996 4324,3706 16841,213 7880,8003 12051,089 8531,027 S 1198,3201 20206,541 5934,0796 11194,262 7343,473 1681,7899
1,7900001 B 375,76996 4324,3706 16841,213 7880,8003 12051,089 8531,027 S 1198,3201 20206,541 5934,0796 11194,262 7343,473 1681,7899
1,7900001 B 375,76996 4324,3706 16841,213 7880,8003 12051,089 8531,027 S 1198,3201 20206,541 5934,0796 11194,262 7343,473 1681,7899
1,7900001 B 375,76996 4324,3706 16841,213 7880,8003 12051,089 8531,027 S 1198,3201 20206,541 5934,0796 11194,262 7343,473 1681,7899
1,7900002 B 375,76996 4324,3706 16841,213 7880,8003 12051,089 8531,027 S 1198,3201 20206,541 5934,0796 11194,262 7343,473 1681,7899
1,7899997 B 375,76996 4324,3706 16841,213 7880,8003 12051,089 8531,027 S 1198,3201 20206,541 5934,0796 11194,262 7343,473 1681,7899
1,7900003 B 375,76996 4324,3706 16841,213 7880,8003 12051,089 8531,027 S 1198,3201 20206,541 5934,0796 11194,262 7343,473 1681,7899
1,7900003 B 375,76996 4324,3706 16841,213 7880,8003 12051,089 8531,027 S 1198,3201 20206,541 5934,0796 11194,262 7343,473 1681,7899
1,7900003 B 375,76996 4324,3706 16841,213 7880,8003 12051,089 8531,027 S 1198,3201 20206,541 5934,0796 11194,262 7343,473 1681,7899
1,7899997 B 375,76996 4324,3706 16841,213 7880,8003 12051,089 8531,027 S 1198,3201 20206,541 5934,0796 11194,262 7343,473 1681,7899
1,7900001 B 375,76996 4324,3706 16841,213 7880,8003 12051,089 8531,027 S 1198,3201 20206,541 5934,0796 11194,262 7343,473 1681,7899
1,7900003 B 375,76996 4324,3706 16841,213 7880,8003 12051,089 8531,027 S 1198,3201 20206,541 5934,0796 11194,262 7343,473 1681,7899
1,7899998 B 375,76996 4324,3706 16841,213 7880,8003 12051,089 8531,027 S 1198,3201 20206,541 5934,0796 11194,262 7343,473 1681,7899
1,7900003 B 375,76996 4324,3706 16841,213 7880,8003 12051,089 8531,027 S 1198,3201 20206,541 5934,0796 11194,262 7343,473 1681,7899
1,7900004 B 375,76996 4324,3706 16841,213 7880,8003 12051,089 8531,027 S 1198,3201 20206,541 5934,0796 11194,262 7343,473 1681,7899
1,7900001 B 375,76996 4324,3706 16841,213 7880,8003 12051,089 8531,027 S 1198,3201 20206,541 5934,0796 11194,262 7343,473 1681,7899
1,7899997 B 375,76996 4324,3706 16841,213 7880,8003 12051,089 8531,027 S 1198,3201 20206,541 5934,0796 11194,262 7343,473 1681,7899
1,7900006 B 375,76996 4324,3706 16841,213 7880,8003 12051,089 8531,027 S 1198,3201 20206,541 5934,0796 11194,262 7343,473 1681,7899
1,7900002 B 375,76996 4324,3706 16841,213 7880,8003 12051,089 8531,027 S 1198,3201 20206,541 5934,0796 11194,262 7343,473 1681,7899
1,7900002 B 375,76996 4324,3706 16841,213 7880,8003 12051,089 8531,027 S 1198,3201 20206,541 5934,0796 11194,262 7343,473 1681,7899
1,7899998 B 375,76996 4324,3706 16841,213 7880,8003 12051,089 8531,027 S 1198,3201 20206,541 5934,0796 11194,262 7343,473 1681,7899
1,7900002 B 375,76996 4324,3706 16841,213 7880,8003 12051,089 8531,027 S 1198,3201 20206,541 5934,0796 11194,262 7343,473 1681,7899
1,7900007 B 375,76996 4324,3706 16841,213 7880,8003 12051,089 8531,027 S 1198,3201 20206,541 5934,0796 11194,262 7343,473 1681,7899
1,7900002 B 375,76996 4324,3706 16841,213 7880,8003 12051,089 8531,027 S 1198,3201 20206,541 5934,0796 11194,262 7343,473 1681,7899
1,7900004 B 375,76996 4324,3706 16841,213 7880,8003 12051,089 8531,027 S 1198,3201 20206,541 5934,0796 11194,262 7343,473 1681,7899
1,7900002 B 375,76996 4324,3706 16841,213 7880,8003 12051,089 8531,027 S 1198,3201 20206,541 5934,0796 11194,262 7343,473 1681,7899
1,7899997 B 375,76996 4324,3706 16841,213 7880,8003 12051,089 8531,027 S 1198,3201 20206,541 5934,0796 11194,262 7343,473 1681,7899
1,7900001 B 375,76996 4324,3706 16841,213 7880,8003 12051,089 8531,027 S 1198,3201 20206,541 5934,0796 11194,262 7343,473 1681,7899
1,7899994 B 375,76996 4324,3706 16841,213 7880,8003 12051,089 8531,027 S 1198,3201 20206,541 5934,0796 11194,262 7343,473 1681,7899
1,7900001 B 375,76996 4324,3706 16841,213 7880,8003 12051,089 8531,027 S 1198,3201 20206,541 5934,0796 11194,262 7343,473 1681,7899
1,7899997 B 375,76996 4324,3706 16841,213 7880,8003 12051,089 8531,027 S 1198,3201 20206,541 5934,0796 11194,262 7343,473 1681,7899
1,7900002 B 375,76996 4324,3706 16841,213 7880,8003 12051,089 8531,027 S 1198,3201 20206,541 5934,0796 11194,262 7343,473 1681,7899
1,7899997 B 375,76996 4324,3706 16841,213 7880,8003 12051,089 8531,027 S 1198,3201 20206,541 5934,0796 11194,262 7343,473 1681,7899
1,7899998 B 375,76996 4324,3706 16841,213 7880,8003 12051,089 8531,027 S 1198,3201 20206,541 5934,0796 11194,262 7343,473 1681,7899
1,7900006 B 375,76996 4324,3706 16841,213 7880,8003 12051,089 8531,027 S 1198,3201 20206,541 5934,0796 11194,262 7343,473 1681,7899
1,7900002 B 375,76996 4324,3706 16841,213 7880,8003 12051,089 8531,027 S 1198,3201 20206,541 5934,0796 11194,262 7343,473 1681,7899
1,7899997 B 375,76996 4324,3706 16841,213 7880,8003 12051,089 8531,027 S 1198,3201 20206,541 5934,0796 11194,262 7343,473 1681,7899
1,7899998 B 375,76996 4324,3706 16841,213 7880,8003 12051,089 8531,027 S 1198,3201 20206,541 5934,0796 11194,262 7343,473 1681,7899
1,7900004 B 375,76996 4324,3706 16841,213 7880,8003 12051,089 8531,027 S 1198,3201 20206,541 5934,0796 11194,262 7343,473 1681,7899
1,7899996 B 375,76996 4324,3706 16841,213 7880,8003 12051,089 8531,027 S 1198,3201 20206,541 5934,0796 11194,262 7343,473 1681,7899
1,7899998 B 375,76996 4324,3706 16841,213 7880,8003 12051,089 8531,027 S 1198,3201 20206,541 5934,0796 11194,262 7343,473 1681,7899
1,7899998 B 375,76996 4324,3706 16841,213 7880,8003 12051,089 8531,027 S 1198,3201 20206,541 5934,0796 11194,262 7343,473 1681,7899
1,7900003 B 375,76996 4324,3706 16841,213 7880,8003 12051,089 8531,027 S 1198,3201 20206,541 5934,0796 11194,262 7343,473 1681,7899
1,7900002 B 375,76996 4324,3706 16841,213 7880,8003 12051,089 8531,027 S 1198,3201 20206,541 5934,0796 11194,262 7343,473 1681,7899
1,7900002 B 375,76996 4324,3706 16841,213 7880,8003 12051,089 8531,027 S 1198,3201 20206,541 5934,0796 11194,262 7343,473 1681,7899
1,7899998 B 375,76996 4324,3706 16841,213 7880,8003 12051,089 8531,027 S 1198,3201 20206,541 5934,0796 11194,262 7343,473 1681,7899
1,7900004 B 375,76996 4324,3706 16841,213 7880,8003 12051,089 8531,027 S 1198,3201 20206,541 5934,0796 11194,262 7343,473 1681,7899
1,7899996 B 375,76996 4324,3706 16841,213 7880,8003 12051,089 8531,027 S 1198,3201 20206,541 5934,0796 11194,262 7343,473 1681,7899
1,7900002 B 375,76996 4324,3706 16841,213 7880,8003 12051,089 8531,027 S 1198,3201 20206,541 5934,0796 11194,262 7343,473 1681,7899
1,7899997 B 375,76996 4324,3706 16841,213 7880,8003 12051,089 8531,027 S 1198,3201 20206,541 5934,0796 11194,262 7343,473 1681,7899
1,7900002 B 375,76996 4324,3706 16841,213 7880,8003 12051,089 8531,027 S 1198,3201 20206,541 5934,0796 11194,262 7343,473 1681,7899
1,7900001 B 375,76996 4324,3706 16841,213 7880,8003 12051,089 8531,027 S 1198,3201 20206,541 5934,0796 11194,262 7343,473 1681,7899
1,7900003 B 375,76996 4324,3706 16841,213 7880,8003 12051,089 8531,027 S 1198,3201 20206,541 5934,0796 11194,262 7343,473 1681,7899
1,7900003 B 375,76996 4324,3706 16841,213 7880,8003 12051,089 8531,027 S 1198,3201 20206,541 5934,0796 11194,262 7343,473 1681,7899
1,7899996 B 375,76996 4324,3706 16841,213 7880,8003 12051,089 8531,027 S 1198,3201 20206,541 5934,0796 11194,262 7343,473 1681,7899
1,7900002 B 375,76996 4324,3706 16841,213 7880,8003 12051,089 8531,027 S 1198,3201 20206,541 5934,0796 11194,262 7343,473 1681,7899
1,789999 B 375,76996 4324,3706 16841,213 7880,8003 12051,089 8531,027 S 1198,3201 20206,541 5934,0796 11194,262 7343,473 1681,7899
1,7900002 B 375,76996 4324,3706 16841,213 7880,8003 12051,089 8531,027 S 1198,3201 20206,541 5934,0796 11194,262 7343,473 1681,7899
1,7900001 B 375,76996 4324,3706 16841,213 7880,8003 12051,089 8531,027 S 1198,3201 20206,541 5934,0796 11194,262 7343,473 1681,7899
1,7900001 B 375,76996 4324,3706 16841,213 7880,8003 12051,089 8531,027 S 1198,3201 20206,541 5934,0796 11194,262 7343,473 1681,7899
1,7899998 B 375,76996 4324,3706 16841,213 7880,8003 12051,089 8531,027 S 1198,3201 20206,541 5934,0796 11194,262 7343,473 1681,7899
1,7899998 B 375,76996 4324,3706 16841,213 7880,8003 12051,089 8531,027 S 1198,3201 20206,541 5934,0796 11194,262 7343,473 1681,7899
1,7900002 B 375,76996 4324,3706 16841,213 7880,8003 12051,089 8531,027 S 1198,3201 20206,541 5934,0796 11194,262 7343,473 1681,7899
1,7900006 B 375,76996 4324,3706 16841,213 7880,8003 12051,089 8531,027 S 1198,3201 20206,541 5934,0796 11194,262 7343,473 1681,7899
1,7899995 B 375,76996 4324,3706 16841,213 7880,8003 12051,089 8531,027 S 1198,3201 20206,541 5934,0796 11194,262 7343,473 1681,7899
1,7899996 B 375,76996 4324,3706 16841,213 7880,8003 12051,089 8531,027 S 1198,3201 20206,541 5934,0796 11194,262 7343,473 1681,7899
1,7899996 B 375,76996 4324,3706 16841,213 7880,8003 12051,089 8531,027 S 1198,3201 20206,541 5934,0796 11194,262 7343,473 1681,7899
1,7899997 B 375,76996 4324,3706 16841,213 7880,8003 12051,089 8531,027 S 1198,3201 20206,541 5934,0796 11194,262 7343,473 1681,7899
1,7900001 B 375,76996 4324,3706 16841,213 7880,8003 12051,089 8531,027 S 1198,3201 20206,541 5934,0796 11194,262 7343,473 1681,7899
1,7899994 B 375,76996 4324,3706 16841,213 7880,8003 12051,089 8531,027 S 1198,3201 20206,541 5934,0796 11194,262 7343,473 1681,7899
1,7900001 B 375,76996 4324,3706 16841,213 7880,8003 12051,089 8531,027 S 1198,3201 20206,541 5934,0796 11194,262 7343,473 1681,7899
1,7899997 B 375,76996 4324,3706 16841,213 7880,8003 12051,089 8531,027 S 1198,3201 20206,541 5934,0796 11194,262 7343,473 1681,7899
1,7900008 B 375,76996 4324,3706 16841,213 7880,8003 12051,089 8531,027 S 1198,3201 20206,541 5934,0796 11194,262 7343,473 1681,7899
1,7899997 B 375,76996 4324,3706 16841,213 7880,8003 12051,089 8531,027 S 1198,3201 20206,541 5934,0796 11194,262 7343,473 1681,7899
1,7899998 B 375,76996 4324,3706 16841,213 7880,8003 12051,089 8531,027 S 1198,3201 20206,541 5934,0796 11194,262 7343,473 1681,7899
1,7899997 B 375,76996 4324,3706 16841,213 7880,8003 12051,089 8531,027 S 1198,3201 20206,541 5934,0796 11194,262 7343,473 1681,7899
1,7899997 B 375,76996 4324,3706 16841,213 7880,8003 12051,089 8531,027 S 1198,3201 20206,541 5934,0796 11194,262 7343,473 1681,7899
1,7900006 B 375,76996 4324,3706 16841,213 7880,8003 12051,089 8531,027 S 1198,3201 20206,541 5934,0796 11194,262 7343,473 1681,7899
1,7899998 B 375,76996 4324,3706 16841,213 7880,8003 12051,089 8531,027 S 1198,3201 20206,541 5934,0796 11194,262 7343,473 1681,7899
1,7899998 B 375,76996 4324,3706 16841,213 7880,8003 12051,089 8531,027 S 1198,3201 20206,541 5934,0796 11194,262 7343,473 1681,7899
1,7899998 B 375,76996 4324,3706 16841,213 7880,8003 12051,089 8531,027 S 1198,3201 20206,541 5934,0796 11194,262 7343,473 1681,7899
1,7899998 B 375,76996 4324,3706 16841,213 7880,8003 12051,089 8531,027 S 1198,3201 20206,541 5934,0796 11194,262 7343,473 1681,7899
1,7899998 B 375,76996 4324,3706 16841,213 7880,8003 12051,089 8531,027 S 1198,3201 20206,541 5934,0796 11194,262 7343,473 1681,7899
1,7900002 B 375,76996 4324,3706 16841,213 7880,8003 12051,089 8531,027 S 1198,3201 20206,541 5934,0796 11194,262 7343,473 1681,7899
1,7899996 B 375,76996 4324,3706 16841,213 7880,8003 12051,089 8531,027 S 1198,3201 20206,541 5934,0796 11194,262 7343,473 1681,7899
1,7900002 B 375,76996 4324,3706 16841,213 7880,8003 12051,089 8531,027 S 1198,3201 20206,541 5934,0796 11194,262 7343,473 1681,7899
1,7900002 B 375,76996 4324,3706 16841,213 7880,8003 12051,089 8531,027 S 1198,3201 20206,541 5934,0796 11194,262 7343,473 1681,7899
1,7899997 B 375,76996 4324,3706 16841,213 7880,8003 12051,089 8531,027 S 1198,3201 20206,541 5934,0796 11194,262 7343,473 1681,7899
1,7900004 B 375,76996 4324,3706 16841,213 7880,8003 12051,089 8531,027 S 1198,3201 20206,541 5934,0796 11194,262 7343,473 1681,7899
1,7899998 B 375,76996 4324,3706 16841,213 7880,8003 12051,089 8531,027 S 1198,3201 20206,541 5934,0796 11194,262 7343,473 1681,7899
1,7899997 B 375,76996 4324,3706 16841,213 7880,8003 12051,089 8531,027 S 1198,3201 20206,541 5934,0796 11194,262 7343,473 1681,7899
1,7900006 B 375,76996 4324,3706 16841,213 7880,8003 12051,089 8531,027 S 1198,3201 20206,541 5934,0796 11194,262 7343,473 1681,7899
1,7900003 B 375,76996 4324,3706 16841,213 7880,8003 12051,089 8531,027 S 1198,3201 20206,541 5934,0796 11194,262 7343,473 1681,7899
1,7899997 B 375,76996 4324,3706 16841,213 7880,8003 12051,089 8531,027 S 1198,3201 20206,541 5934,0796 11194,262 7343,473 1681,7899
1,7900001 B 375,76996 4324,3706 16841,213 7880,8003 12051,089 8531,027 S 1198,3201 20206,541 5934,0796 11194,262 7343,473 1681,7899
1,7899996 B 375,76996 4324,3706 16841,213 7880,8003 12051,089 8531,027 S 1198,3201 20206,541 5934,0796 11194,262 7343,473 1681,7899
1,7900002 B 375,76996 4324,3706 16841,213 7880,8003 12051,089 8531,027 S 1198,3201 20206,541 5934,0796 11194,262 7343,473 1681,7899
1,7900002 B 375,76996 4324,3706 16841,213 7880,8003 12051,089 8531,027 S 1198,3201 20206,541 5934,0796 11194,262 7343,473 1681,7899
1,7900001 B 375,76996 4324,3706 16841,213 7880,8003 12051,089 8531,027 S 1198,3201 20206,541 5934,0796 11194,262 7343,473 1681,7899
1,7900001 B 375,76996 4324,3706 16841,213 7880,8003 12051,089 8531,027 S 1198,3201 20206,541 5934,0796 11194,262 7343,473 1681,7899
1,7899998 B 375,76996 4324,3706 16841,213 7880,8003 12051,089 8531,027 S 1198,3201 20206,541 5934,0796 11194,262 7343,473 1681,7899
1,7900003 B 375,76996 4324,3706 16841,213 7880,8003 12051,089 8531,027 S 1198,3201 20206,541 5934,0796 11194,262 7343,473 1681,7899
1,7900007 B 375,76996 4324,3706 16841,213 7880,8003 12051,089 8531,027 S 1198,3201 20206,541 5934,0796 11194,262 7343,473 1681,7899
1,7899998 B 375,76996 4324,3706 16841,213 7880,8003 12051,089 8531,027 S 1198,3201 20206,541 5934,0796 11194,262 7343,473 1681,7899
1,7899997 B 375,76996 4324,3706 16841,213 7880,8003 12051,089 8531,027 S 1198,3201 20206,541 5934,0796 11194,262 7343,473 1681,7899
1,7900002 B 375,76996 4324,3706 16841,213 7880,8003 12051,089 8531,027 S 1198,3201 20206,541 5934,0796 11194,262 7343,473 1681,7899
1,7899997 B 375,76996 4324,3706 16841,213 7880,8003 12051,089 8531,027 S 1198,3201 20206,541 5934,0796 11194,262 7343,473 1681,7899
1,7900003 B 375,76996 4324,3706 16841,213 7880,8003 12051,089 8531,027 S 1198,3201 20206,541 5934,0796 11194,262 7343,473 1681,7899
1,7900001 B 375,76996 4324,3706 16841,213 7880,8003 12051,089 8531,027 S 1198,3201 20206,541 5934,0796 11194,262 7343,473 1681,7899
1,7900003 B 375,76996 4324,3706 16841,213 7880,8003 12051,089 8531,027 S 1198,3201 20206,541 5934,0796 11194,262 7343,473 1681,7899
1,7900001 B 375,76996 4324,3706 16841,213 7880,8003 12051,089 8531,027 S 1198,3201 20206,541 5934,0796 11194,262 7343,473 1681,7899
1,7899994 B 375,76996 4324,3706 16841,213 7880,8003 12051,089 8531,027 S 1198,3201 20206,541 5934,0796 11194,262 7343,473 1681,7899
1,7899994 B 375,76996 4324,3706 16841,213 7880,8003 12051,089 8531,027 S 1198,3201 20206,541 5934,0796 11194,262 7343,473 1681,7899
1,7900001 B 375,76996 4324,3706 16841,213 7880,8003 12051,089 8531,027 S 1198,3201 20206,541 5934,0796 11194,262 7343,473 1681,7899
1,7899997 B 375,76996 4324,3706 16841,213 7880,8003 12051,089 8531,027 S 1198,3201 20206,541 5934,0796 11194,262 7343,473 1681,7899
1,7899998 B 375,76996 4324,3706 16841,213 7880,8003 12051,089 8531,027 S 1198,3201 20206,541 5934,0796 11194,262 7343,473 1681,7899
1,7899998 B 375,76996 4324,3706 16841,213 7880,8003 12051,089 8531,027 S 1198,3201 20206,541 5934,0796 11194,262 7343,473 1681,7899
1,7900001 B 375,76996 4324,3706 16841,213 7880,8003 12051,089 8531,027 S 1198,3201 20206,541 5934,0796 11194,262 7343,473 1681,7899
1,7899996 B 375,76996 4324,3706 16841,213 7880,8003 12051,089 8531,027 S 1198,3201 20206,541 5934,0796 11194,262 7343,473 1681,7899
1,7899998 B 375,76996 4324,3706 16841,213 7880,8003 12051,089 8531,027 S 1198,3201 20206,541 5934,0796 11194,262 7343,473 1681,7899
1,7899998 B 375,76996 4324,3706 16841,213 7880,8003 12051,089 8531,027 S 1198,3201 20206,541 5934,0796 11194,262 7343,473 1681,7899
1,7900003 B 375,76996 4324,3706 16841,213 7880,8003 12051,089 8531,027 S 1198,3201 20206,541 5934,0796 11194,262 7343,473 1681,7899
1,7900002 B 375,76996 4324,3706 16841,213 7880,8003 12051,089 8531,027 S 1198,3201 20206,541 5934,0796 11194,262 7343,473 1681,7899
1,7899998 B 375,76996 4324,3706 16841,213 7880,8003 12051,089 8531,027 S 1198,3201 20206,541 5934,0796 11194,262 7343,473 1681,7899
1,7900002 B 375,76996 4324,3706 16841,213 7880,8003 12051,089 8531,027 S 1198,3201 20206,541 5934,0796 11194,262 7343,473 1681,7899
1,7899998 B 375,76996 4324,3706 16841,213 7880,8003 12051,089 8531,027 S 1198,3201 20206,541 5934,0796 11194,262 7343,473 1681,7899
1,7900002 B 375,76996 4324,3706 16841,213 7880,8003 12051,089 8531,027 S 1198,3201 20206,541 5934,0796 11194,262 7343,473 1681,7899
1,7900002 B 375,76996 4324,3706 16841,213 7880,8003 12051,089 8531,027 S 1198,3201 20206,541 5934,0796 11194,262 7343,473 1681,7899
1,7899998 B 375,76996 4324,3706 16841,213 7880,8003 12051,089 8531,027 S 1198,3201 20206,541 5934,0796 11194,262 7343,473 1681,7899
1,7900001 B 375,76996 4324,3706 16841,213 7880,8003 12051,089 8531,027 S 1198,3201 20206,541 5934,0796 11194,262 7343,473 1681,7899
1,7899997 B 375,76996 4324,3706 16841,213 7880,8003 12051,089 8531,027 S 1198,3201 20206,541 5934,0796 11194,262 7343,473 1681,7899
1,7899998 B 375,76996 4324,3706 16841,213 7880,8003 12051,089 8531,027 S 1198,3201 20206,541 5934,0796 11194,262 7343,473 1681,7899
1,7899997 B 375,76996 4324,3706 16841,213 7880,8003 12051,089 8531,027 S 1198,3201 20206,541 5934,0796 11194,262 7343,473 1681,7899
1,7900003 B 375,76996 4324,3706 16841,213 7880,8003 12051,089 8531,027 S 1198,3201 20206,541 5934,0796 11194,262 7343,473 1681,7899
1,7900001 B 375,76996 4324,3706 16841,213 7880,8003 12051,089 8531,027 S 1198,3201 20206,541 5934,0796 11194,262 7343,473 1681,7899
1,7899997 B 375,76996 4324,3706 16841,213 7880,8003 12051,089 8531,027 S 1198,3201 20206,541 5934,0796 11194,262 7343,473 1681,7899
1,7900003 B 375,76996 4324,3706 16841,213 7880,8003 12051,089 8531,027 S 1198,3201 20206,541 5934,0796 11194,262 7343,473 1681,7899
1,7900002 B 375,76996 4324,3706 16841,213 7880,8003 12051,089 8531,027 S 1198,3201 20206,541 5934,0796 11194,262 7343,473 1681,7899
1,7899995 B 375,76996 4324,3706 16841,213 7880,8003 12051,089 8531,027 S 1198,3201 20206,541 5934,0796 11194,262 7343,473 1681,7899
1,7900003 B 375,76996 4324,3706 16841,213 7880,8003 12051,089 8531,027 S 1198,3201 20206,541 5934,0796 11194,262 7343,473 1681,7899
1,7899997 B 375,76996 4324,3706 16841,213 7880,8003 12051,089 8531,027 S 1198,3201 20206,541 5934,0796 11194,262 7343,473 1681,7899
1,7900002 B 375,76996 4324,3706 16841,213 7880,8003 12051,089 8531,027 S 1198,3201 20206,541 5934,0796 11194,262 7343,473 1681,7899
1,7899996 B 375,76996 4324,3706 16841,213 7880,8003 12051,089 8531,027 S 1198,3201 20206,541 5934,0796 11194,262 7343,473 1681,7899
1,7899997 B 375,76996 4324,3706 16841,213 7880,8003 12051,089 8531,027 S 1198,3201 20206,541 5934,0796 11194,262 7343,473 1681,7899
