1,7899258
1,7881445 B 375,77 4324,3716 16841,21 7880,8 12051,092 8531,028 S 1198,3201 20206,537 5934,08 11194,262 7343,471 1681,7904
1,7890002 B 375,77 4324,3716 16841,21 7880,8 12051,092 8531,028 S 1198,3201 20206,537 5934,08 11194,262 7343,471 1681,7904
1,7889996 B 375,77 4324,3716 16841,21 7880,8 12051,092 8531,028 S 1198,3201 20206,537 5934,08 11194,262 7343,471 1681,7904
1,7890003 B 375,77 4324,3716 16841,21 7880,8 12051,092 8531,028 S 1198,3201 20206,537 5934,08 11194,262 7343,471 1681,7904
1,7890003 B 375,77 4324,3716 16841,21 7880,8 12051,092 8531,028 S 1198,3201 20206,537 5934,08 11194,262 7343,471 1681,7904
1,7889999 B 375,77 4324,3716 16841,21 7880,8 12051,092 8531,028 S 1198,3201 20206,537 5934,08 11194,262 7343,471 1681,7904
1,7891678 B 375,77 4324,3716 16841,21 7880,8 12051,092 8531,028 S 1198,3201 20206,537 5934,08 11194,262 7343,471 1681,7904
1,7899952 B 375,77 4324,3716 16841,21 7880,8 12051,092 8531,028 S 1198,3201 20206,537 5934,08 11194,262 7343,471 1681,7904
1,7890002 B 375,77 4324,3716 16841,21 7880,8 12051,092 8531,028 S 1198,3201 20206,537 5934,08 11194,262 7343,471 1681,7904
1,7889998 B 375,77 4324,3716 16841,21 7880,8 12051,092 8531,028 S 1198,3201 20206,537 5934,08 11194,262 7343,471 1681,7904
1,789 B 375,77 4324,3716 16841,21 7880,8 12051,092 8531,028 S 1198,3201 20206,537 5934,08 11194,262 7343,471 1681,7904
1,7889997 B 375,77 4324,3716 16841,21 7880,8 12051,092 8531,028 S 1198,3201 20206,537 5934,08 11194,262 7343,471 1681,7904
1,7888035 B 375,77 4324,3716 16841,21 7880,8 12051,092 8531,028 S 1198,3201 20206,537 5934,08 11194,262 7343,471 1681,7904
1,7880001 B 375,77 4324,3716 16841,21 7880,8 12051,092 8531,028 S 1198,3201 20206,537 5934,08 11194,262 7343,471 1681,7904
1,7880003 B 375,77 4324,3716 16841,21 7880,8 12051,092 8531,028 S 1198,3201 20206,537 5934,08 11194,262 7343,471 1681,7904
1,7886808 B 375,77 4324,3716 16841,21 7880,8 12051,092 8531,028 S 1198,3201 20206,537 5934,08 11194,262 7343,471 1681,7904
1,7900002 B 375,77 4324,3716 16841,21 7880,8 12051,092 8531,028 S 1198,3201 20206,537 5934,08 11194,262 7343,471 1681,7904
1,7899997 B 375,77 4324,3716 16841,21 7880,8 12051,092 8531,028 S 1198,3201 20206,537 5934,08 11194,262 7343,471 1681,7904
1,7899998 B 375,77 4324,3716 16841,21 7880,8 12051,092 8531,028 S 1198,3201 20206,537 5934,08 11194,262 7343,471 1681,7904
1,7899996 B 375,77 4324,3716 16841,21 7880,8 12051,092 8531,028 S 1198,3201 20206,537 5934,08 11194,262 7343,471 1681,7904
1,7900004 B 375,77 4324,3716 16841,21 7880,8 12051,092 8531,028 S 1198,3201 20206,537 5934,08 11194,262 7343,471 1681,7904
1,7899997 B 375,77 4324,3716 16841,21 7880,8 12051,092 8531,028 S 1198,3201 20206,537 5934,08 11194,262 7343,471 1681,7904
1,7900155 B 375,77 4324,3716 16841,21 7880,8 12051,092 8531,028 S 1198,3201 20206,537 5934,08 11194,262 7343,471 1681,7904
1,7900004 B 375,77 4324,3716 16841,21 7880,8 12051,092 8531,028 S 1198,3201 20206,537 5934,08 11194,262 7343,471 1681,7904
1,7900001 B 375,77 4324,3716 16841,21 7880,8 12051,092 8531,028 S 1198,3201 20206,537 5934,08 11194,262 7343,471 1681,7904
1,7900002 B 375,77 4324,3716 16841,21 7880,8 12051,092 8531,028 S 1198,3201 20206,537 5934,08 11194,262 7343,471 1681,7904
1,7900001 B 375,77 4324,3716 16841,21 7880,8 12051,092 8531,028 S 1198,3201 20206,537 5934,08 11194,262 7343,471 1681,7904
1,7900003 B 375,77 4324,3716 16841,21 7880,8 12051,092 8531,028 S 1198,3201 20206,537 5934,08 11194,262 7343,471 1681,7904
1,7899998 B 375,77 4324,3716 16841,21 7880,8 12051,092 8531,028 S 1198,3201 20206,537 5934,08 11194,262 7343,471 1681,7904
1,7900003 B 375,77 4324,3716 16841,21 7880,8 12051,092 8531,028 S 1198,3201 20206,537 5934,08 11194,262 7343,471 1681,7904
1,7900002 B 375,77 4324,3716 16841,21 7880,8 12051,092 8531,028 S 1198,3201 20206,537 5934,08 11194,262 7343,471 1681,7904
1,7900002 B 375,77 4324,3716 16841,21 7880,8 12051,092 8531,028 S 1198,3201 20206,537 5934,08 11194,262 7343,471 1681,7904
1,7900002 B 375,77 4324,3716 16841,21 7880,8 12051,092 8531,028 S 1198,3201 20206,537 5934,08 11194,262 7343,471 1681,7904
1,7899997 B 375,77 4324,3716 16841,21 7880,8 12051,092 8531,028 S 1198,3201 20206,537 5934,08 11194,262 7343,471 1681,7904
1,7900001 B 375,77 4324,3716 16841,21 7880,8 12051,092 8531,028 S 1198,3201 20206,537 5934,08 11194,262 7343,471 1681,7904
1,7899997 B 375,77 4324,3716 16841,21 7880,8 12051,092 8531,028 S 1198,3201 20206,537 5934,08 11194,262 7343,471 1681,7904
1,7899996 B 375,77 4324,3716 16841,21 7880,8 12051,092 8531,028 S 1198,3201 20206,537 5934,08 11194,262 7343,471 1681,7904
1,7899995 B 375,77 4324,3716 16841,21 7880,8 12051,092 8531,028 S 1198,3201 20206,537 5934,08 11194,262 7343,471 1681,7904
1,7899997 B 375,77 4324,3716 16841,21 7880,8 12051,092 8531,028 S 1198,3201 20206,537 5934,08 11194,262 7343,471 1681,7904
1,7899998 B 375,77 4324,3716 16841,21 7880,8 12051,092 8531,028 S 1198,3201 20206,537 5934,08 11194,262 7343,471 1681,7904
1,7899996 B 375,77 4324,3716 16841,21 7880,8 12051,092 8531,028 S 1198,3201 20206,537 5934,08 11194,262 7343,471 1681,7904
1,7900003 B 375,77 4324,3716 16841,21 7880,8 12051,092 8531,028 S 1198,3201 20206,537 5934,08 11194,262 7343,471 1681,7904
1,7899998 B 375,77 4324,3716 16841,21 7880,8 12051,092 8531,028 S 1198,3201 20206,537 5934,08 11194,262 7343,471 1681,7904
1,7900002 B 375,77 4324,3716 16841,21 7880,8 12051,092 8531,028 S 1198,3201 20206,537 5934,08 11194,262 7343,471 1681,7904
1,7899997 B 375,77 4324,3716 16841,21 7880,8 12051,092 8531,028 S 1198,3201 20206,537 5934,08 11194,262 7343,471 1681,7904
1,7899998 B 375,77 4324,3716 16841,21 7880,8 12051,092 8531,028 S 1198,3201 20206,537 5934,08 11194,262 7343,471 1681,7904
1,7900002 B 375,77 4324,3716 16841,21 7880,8 12051,092 8531,028 S 1198,3201 20206,537 5934,08 11194,262 7343,471 1681,7904
1,7899995 B 375,77 4324,3716 16841,21 7880,8 12051,092 8531,028 S 1198,3201 20206,537 5934,08 11194,262 7343,471 1681,7904
1,7900001 B 375,77 4324,3716 16841,21 7880,8 12051,092 8531,028 S 1198,3201 20206,537 5934,08 11194,262 7343,471 1681,7904
1,7899997 B 375,77 4324,3716 16841,21 7880,8 12051,092 8531,028 S 1198,3201 20206,537 5934,08 11194,262 7343,471 1681,7904
1,7900003 B 375,77 4324,3716 16841,21 7880,8 12051,092 8531,028 S 1198,3201 20206,537 5934,08 11194,262 7343,471 1681,7904
1,7899995 B 375,77 4324,3716 16841,21 7880,8 12051,092 8531,028 S 1198,3201 20206,537 5934,08 11194,262 7343,471 1681,7904
1,7899998 B 375,77 4324,3716 16841,21 7880,8 12051,092 8531,028 S 1198,3201 20206,537 5934,08 11194,262 7343,471 1681,7904
1,7899998 B 375,77 4324,3716 16841,21 7880,8 12051,092 8531,028 S 1198,3201 20206,537 5934,08 11194,262 7343,471 1681,7904
1,7899998 B 375,77 4324,3716 16841,21 7880,8 12051,092 8531,028 S 1198,3201 20206,537 5934,08 11194,262 7343,471 1681,7904
1,7900004 B 375,77 4324,3716 16841,21 7880,8 12051,092 8531,028 S 1198,3201 20206,537 5934,08 11194,262 7343,471 1681,7904
1,7900002 B 375,77 4324,3716 16841,21 7880,8 12051,092 8531,028 S 1198,3201 20206,537 5934,08 11194,262 7343,471 1681,7904
1,7899998 B 375,77 4324,3716 16841,21 7880,8 12051,092 8531,028 S 1198,3201 20206,537 5934,08 11194,262 7343,471 1681,7904
1,7900003 B 375,77 4324,3716 16841,21 7880,8 12051,092 8531,028 S 1198,3201 20206,537 5934,08 11194,262 7343,471 1681,7904
1,7899997 B 375,77 4324,3716 16841,21 7880,8 12051,092 8531,028 S 1198,3201 20206,537 5934,08 11194,262 7343,471 1681,7904
1,7900001 B 375,77 4324,3716 16841,21 7880,8 12051,092 8531,028 S 1198,3201 20206,537 5934,08 11194,262 7343,471 1681,7904
1,7899998 B 375,77 4324,3716 16841,21 7880,8 12051,092 8531,028 S 1198,3201 20206,537 5934,08 11194,262 7343,471 1681,7904
1,7900001 B 375,77 4324,3716 16841,21 7880,8 12051,092 8531,028 S 1198,3201 20206,537 5934,08 11194,262 7343,471 1681,7904
1,7900002 B 375,77 4324,3716 16841,21 7880,8 12051,092 8531,028 S 1198,3201 20206,537 5934,08 11194,262 7343,471 1681,7904
1,7900002 B 375,77 4324,3716 16841,21 7880,8 12051,092 8531,028 S 1198,3201 20206,537 5934,08 11194,262 7343,471 1681,7904
1,7900002 B 375,77 4324,3716 16841,21 7880,8 12051,092 8531,028 S 1198,3201 20206,537 5934,08 11194,262 7343,471 1681,7904
1,7899995 B 375,77 4324,3716 16841,21 7880,8 12051,092 8531,028 S 1198,3201 20206,537 5934,08 11194,262 7343,471 1681,7904
1,7899998 B 375,77 4324,3716 16841,21 7880,8 12051,092 8531,028 S 1198,3201 20206,537 5934,08 11194,262 7343,471 1681,7904
1,7899996 B 375,77 4324,3716 16841,21 7880,8 12051,092 8531,028 S 1198,3201 20206,537 5934,08 11194,262 7343,471 1681,7904
1,7900001 B 375,77 4324,3716 16841,21 7880,8 12051,092 8531,028 S 1198,3201 20206,537 5934,08 11194,262 7343,471 1681,7904
1,7899996 B 375,77 4324,3716 16841,21 7880,8 12051,092 8531,028 S 1198,3201 20206,537 5934,08 11194,262 7343,471 1681,7904
1,7900001 B 375,77 4324,3716 16841,21 7880,8 12051,092 8531,028 S 1198,3201 20206,537 5934,08 11194,262 7343,471 1681,7904
1,7899995 B 375,77 4324,3716 16841,21 7880,8 12051,092 8531,028 S 1198,3201 20206,537 5934,08 11194,262 7343,471 1681,7904
1,7900003 B 375,77 4324,3716 16841,21 7880,8 12051,092 8531,028 S 1198,3201 20206,537 5934,08 11194,262 7343,471 1681,7904
1,7899997 B 375,77 4324,3716 16841,21 7880,8 12051,092 8531,028 S 1198,3201 20206,537 5934,08 11194,262 7343,471 1681,7904
1,7899997 B 375,77 4324,3716 16841,21 7880,8 12051,092 8531,028 S 1198,3201 20206,537 5934,08 11194,262 7343,471 1681,7904
1,7900002 B 375,77 4324,3716 16841,21 7880,8 12051,092 8531,028 S 1198,3201 20206,537 5934,08 11194,262 7343,471 1681,7904
1,7899997 B 375,77 4324,3716 16841,21 7880,8 12051,092 8531,028 S 1198,3201 20206,537 5934,08 11194,262 7343,471 1681,7904
1,7899996 B 375,77 4324,3716 16841,21 7880,8 12051,092 8531,028 S 1198,3201 20206,537 5934,08 11194,262 7343,471 1681,7904
1,7899997 B 375,77 4324,3716 16841,21 7880,8 12051,092 8531,028 S 1198,3201 20206,537 5934,08 11194,262 7343,471 1681,7904
1,7900003 B 375,77 4324,3716 16841,21 7880,8 12051,092 8531,028 S 1198,3201 20206,537 5934,08 11194,262 7343,471 1681,7904
1,7899998 B 375,77 4324,3716 16841,21 7880,8 12051,092 8531,028 S 1198,3201 20206,537 5934,08 11194,262 7343,471 1681,7904
1,7900003 B 375,77 4324,3716 16841,21 7880,8 12051,092 8531,028 S 1198,3201 20206,537 5934,08 11194,262 7343,471 1681,7904
1,7900002 B 375,77 4324,3716 16841,21 7880,8 12051,092 8531,028 S 1198,3201 20206,537 5934,08 11194,262 7343,471 1681,7904
1,7899994 B 375,77 4324,3716 16841,21 7880,8 12051,092 8531,028 S 1198,3201 20206,537 5934,08 11194,262 7343,471 1681,7904
1,7899997 B 375,77 4324,3716 16841,21 7880,8 12051,092 8531,028 S 1198,3201 20206,537 5934,08 11194,262 7343,471 1681,7904
1,7899996 B 375,77 4324,3716 16841,21 7880,8 12051,092 8531,028 S 1198,3201 20206,537 5934,08 11194,262 7343,471 1681,7904
1,7900002 B 375,77 4324,3716 16841,21 7880,8 12051,092 8531,028 S 1198,3201 20206,537 5934,08 11194,262 7343,471 1681,7904
1,7899998 B 375,77 4324,3716 16841,21 7880,8 12051,092 8531,028 S 1198,3201 20206,537 5934,08 11194,262 7343,471 1681,7904
1,7900004 B 375,77 4324,3716 16841,21 7880,8 12051,092 8531,028 S 1198,3201 20206,537 5934,08 11194,262 7343,471 1681,7904
1,7899995 B 375,77 4324,3716 16841,21 7880,8 12051,092 8531,028 S 1198,3201 20206,537 5934,08 11194,262 7343,471 1681,7904
1,7900001 B 375,77 4324,3716 16841,21 7880,8 12051,092 8531,028 S 1198,3201 20206,537 5934,08 11194,262 7343,471 1681,7904
1,7899998 B 375,77 4324,3716 16841,21 7880,8 12051,092 8531,028 S 1198,3201 20206,537 5934,08 11194,262 7343,471 1681,7904
1,7900003 B 375,77 4324,3716 16841,21 7880,8 12051,092 8531,028 S 1198,3201 20206,537 5934,08 11194,262 7343,471 1681,7904
1,7899998 B 375,77 4324,3716 16841,21 7880,8 12051,092 8531,028 S 1198,3201 20206,537 5934,08 11194,262 7343,471 1681,7904
1,7899998 B 375,77 4324,3716 16841,21 7880,8 12051,092 8531,028 S 1198,3201 20206,537 5934,08 11194,262 7343,471 1681,7904
1,7900002 B 375,77 4324,3716 16841,21 7880,8 12051,092 8531,028 S 1198,3201 20206,537 5934,08 11194,262 7343,471 1681,7904
1,7900003 B 375,77 4324,3716 16841,21 7880,8 12051,092 8531,028 S 1198,3201 20206,537 5934,08 11194,262 7343,471 1681,7904
1,7900006 B 375,77 4324,3716 16841,21 7880,8 12051,092 8531,028 S 1198,3201 20206,537 5934,08 11194,262 7343,471 1681,7904
1,7899998 B 375,77 4324,3716 16841,21 7880,8 12051,092 8531,028 S 1198,3201 20206,537 5934,08 11194,262 7343,471 1681,7904
1,7899997 B 375,77 4324,3716 16841,21 7880,8 12051,092 8531,028 S 1198,3201 20206,537 5934,08 11194,262 7343,471 1681,7904
1,7900002 B 375,77 4324,3716 16841,21 7880,8 12051,092 8531,028 S 1198,3201 20206,537 5934,08 11194,262 7343,471 1681,7904
1,7899996 B 375,77 4324,3716 16841,21 7880,8 12051,092 8531,028 S 1198,3201 20206,537 5934,08 11194,262 7343,471 1681,7904
1,7899994 B 375,77 4324,3716 16841,21 7880,8 12051,092 8531,028 S 1198,3201 20206,537 5934,08 11194,262 7343,471 1681,7904
1,7899997 B 375,77 4324,3716 16841,21 7880,8 12051,092 8531,028 S 1198,3201 20206,537 5934,08 11194,262 7343,471 1681,7904
1,7900001 B 375,77 4324,3716 16841,21 7880,8 12051,092 8531,028 S 1198,3201 20206,537 5934,08 11194,262 7343,471 1681,7904
1,7900001 B 375,77 4324,3716 16841,21 7880,8 12051,092 8531,028 S 1198,3201 20206,537 5934,08 11194,262 7343,471 1681,7904
1,7899997 B 375,77 4324,3716 16841,21 7880,8 12051,092 8531,028 S 1198,3201 20206,537 5934,08 11194,262 7343,471 1681,7904
1,7900003 B 375,77 4324,3716 16841,21 7880,8 12051,092 8531,028 S 1198,3201 20206,537 5934,08 11194,262 7343,471 1681,7904
1,7900003 B 375,77 4324,3716 16841,21 7880,8 12051,092 8531,028 S 1198,3201 20206,537 5934,08 11194,262 7343,471 1681,7904
1,7899998 B 375,77 4324,3716 16841,21 7880,8 12051,092 8531,028 S 1198,3201 20206,537 5934,08 11194,262 7343,471 1681,7904
1,7900002 B 375,77 4324,3716 16841,21 7880,8 12051,092 8531,028 S 1198,3201 20206,537 5934,08 11194,262 7343,471 1681,7904
1,7899995 B 375,77 4324,3716 16841,21 7880,8 12051,092 8531,028 S 1198,3201 20206,537 5934,08 11194,262 7343,471 1681,7904
1,7900006 B 375,77 4324,3716 16841,21 7880,8 12051,092 8531,028 S 1198,3201 20206,537 5934,08 11194,262 7343,471 1681,7904
1,7900001 B 375,77 4324,3716 16841,21 7880,8 12051,092 8531,028 S 1198,3201 20206,537 5934,08 11194,262 7343,471 1681,7904
1,7899997 B 375,77 4324,3716 16841,21 7880,8 12051,092 8531,028 S 1198,3201 20206,537 5934,08 11194,262 7343,471 1681,7904
1,7899998 B 375,77 4324,3716 16841,21 7880,8 12051,092 8531,028 S 1198,3201 20206,537 5934,08 11194,262 7343,471 1681,7904
1,7899995 B 375,77 4324,3716 16841,21 7880,8 12051,092 8531,028 S 1198,3201 20206,537 5934,08 11194,262 7343,471 1681,7904
1,7900002 B 375,77 4324,3716 16841,21 7880,8 12051,092 8531,028 S 1198,3201 20206,537 5934,08 11194,262 7343,471 1681,7904
1,7900001 B 375,77 4324,3716 16841,21 7880,8 12051,092 8531,028 S 1198,3201 20206,537 5934,08 11194,262 7343,471 1681,7904
1,7899998 B 375,77 4324,3716 16841,21 7880,8 12051,092 8531,028 S 1198,3201 20206,537 5934,08 11194,262 7343,471 1681,7904
1,7900001 B 375,77 4324,3716 16841,21 7880,8 12051,092 8531,028 S 1198,3201 20206,537 5934,08 11194,262 7343,471 1681,7904
1,7899997 B 375,77 4324,3716 16841,21 7880,8 12051,092 8531,028 S 1198,3201 20206,537 5934,08 11194,262 7343,471 1681,7904
1,7900003 B 375,77 4324,3716 16841,21 7880,8 12051,092 8531,028 S 1198,3201 20206,537 5934,08 11194,262 7343,471 1681,7904
1,7900003 B 375,77 4324,3716 16841,21 7880,8 12051,092 8531,028 S 1198,3201 20206,537 5934,08 11194,262 7343,471 1681,7904
1,7900002 B 375,77 4324,3716 16841,21 7880,8 12051,092 8531,028 S 1198,3201 20206,537 5934,08 11194,262 7343,471 1681,7904
1,7900001 B 375,77 4324,3716 16841,21 7880,8 12051,092 8531,028 S 1198,3201 20206,537 5934,08 11194,262 7343,471 1681,7904
1,7899997 B 375,77 4324,3716 16841,21 7880,8 12051,092 8531,028 S 1198,3201 20206,537 5934,08 11194,262 7343,471 1681,7904
1,7900003 B 375,77 4324,3716 16841,21 7880,8 12051,092 8531,028 S 1198,3201 20206,537 5934,08 11194,262 7343,471 1681,7904
1,7899997 B 375,77 4324,3716 16841,21 7880,8 12051,092 8531,028 S 1198,3201 20206,537 5934,08 11194,262 7343,471 1681,7904
1,7900001 B 375,77 4324,3716 16841,21 7880,8 12051,092 8531,028 S 1198,3201 20206,537 5934,08 11194,262 7343,471 1681,7904
1,7899998 B 375,77 4324,3716 16841,21 7880,8 12051,092 8531,028 S 1198,3201 20206,537 5934,08 11194,262 7343,471 1681,7904
1,7900001 B 375,77 4324,3716 16841,21 7880,8 12051,092 8531,028 S 1198,3201 20206,537 5934,08 11194,262 7343,471 1681,7904
1,7900002 B 375,77 4324,3716 16841,21 7880,8 12051,092 8531,028 S 1198,3201 20206,537 5934,08 11194,262 7343,471 1681,7904
1,7899998 B 375,77 4324,3716 16841,21 7880,8 12051,092 8531,028 S 1198,3201 20206,537 5934,08 11194,262 7343,471 1681,7904
1,7899997 B 375,77 4324,3716 16841,21 7880,8 12051,092 8531,028 S 1198,3201 20206,537 5934,08 11194,262 7343,471 1681,7904
1,7900001 B 375,77 4324,3716 16841,21 7880,8 12051,092 8531,028 S 1198,3201 20206,537 5934,08 11194,262 7343,471 1681,7904
1,7899998 B 375,77 4324,3716 16841,21 7880,8 12051,092 8531,028 S 1198,3201 20206,537 5934,08 11194,262 7343,471 1681,7904
1,7900001 B 375,77 4324,3716 16841,21 7880,8 12051,092 8531,028 S 1198,3201 20206,537 5934,08 11194,262 7343,471 1681,7904
1,7899995 B 375,77 4324,3716 16841,21 7880,8 12051,092 8531,028 S 1198,3201 20206,537 5934,08 11194,262 7343,471 1681,7904
1,7900003 B 375,77 4324,3716 16841,21 7880,8 12051,092 8531,028 S 1198,3201 20206,537 5934,08 11194,262 7343,471 1681,7904
1,7899998 B 375,77 4324,3716 16841,21 7880,8 12051,092 8531,028 S 1198,3201 20206,537 5934,08 11194,262 7343,471 1681,7904
1,7899997 B 375,77 4324,3716 16841,21 7880,8 12051,092 8531,028 S 1198,3201 20206,537 5934,08 11194,262 7343,471 1681,7904
1,7899998 B 375,77 4324,3716 16841,21 7880,8 12051,092 8531,028 S 1198,3201 20206,537 5934,08 11194,262 7343,471 1681,7904
1,7899998 B 375,77 4324,3716 16841,21 7880,8 12051,092 8531,028 S 1198,3201 20206,537 5934,08 11194,262 7343,471 1681,7904
1,7900003 B 375,77 4324,3716 16841,21 7880,8 12051,092 8531,028 S 1198,3201 20206,537 5934,08 11194,262 7343,471 1681,7904
1,7899998 B 375,77 4324,3716 16841,21 7880,8 12051,092 8531,028 S 1198,3201 20206,537 5934,08 11194,262 7343,471 1681,7904
1,7899997 B 375,77 4324,3716 16841,21 7880,8 12051,092 8531,028 S 1198,3201 20206,537 5934,08 11194,262 7343,471 1681,7904
1,7899998 B 375,77 4324,3716 16841,21 7880,8 12051,092 8531,028 S 1198,3201 20206,537 5934,08 11194,262 7343,471 1681,7904
1,7900003 B 375,77 4324,3716 16841,21 7880,8 12051,092 8531,028 S 1198,3201 20206,537 5934,08 11194,262 7343,471 1681,7904
1,7900002 B 375,77 4324,3716 16841,21 7880,8 12051,092 8531,028 S 1198,3201 20206,537 5934,08 11194,262 7343,471 1681,7904
1,7900001 B 375,77 4324,3716 16841,21 7880,8 12051,092 8531,028 S 1198,3201 20206,537 5934,08 11194,262 7343,471 1681,7904
1,7899997 B 375,77 4324,3716 16841,21 7880,8 12051,092 8531,028 S 1198,3201 20206,537 5934,08 11194,262 7343,471 1681,7904
1,7900003 B 375,77 4324,3716 16841,21 7880,8 12051,092 8531,028 S 1198,3201 20206,537 5934,08 11194,262 7343,471 1681,7904
1,7900002 B 375,77 4324,3716 16841,21 7880,8 12051,092 8531,028 S 1198,3201 20206,537 5934,08 11194,262 7343,471 1681,7904
1,7900001 B 375,77 4324,3716 16841,21 7880,8 12051,092 8531,028 S 1198,3201 20206,537 5934,08 11194,262 7343,471 1681,7904
1,7900002 B 375,77 4324,3716 16841,21 7880,8 12051,092 8531,028 S 1198,3201 20206,537 5934,08 11194,262 7343,471 1681,7904
1,7900002 B 375,77 4324,3716 16841,21 7880,8 12051,092 8531,028 S 1198,3201 20206,537 5934,08 11194,262 7343,471 1681,7904
1,7899998 B 375,77 4324,3716 16841,21 7880,8 12051,092 8531,028 S 1198,3201 20206,537 5934,08 11194,262 7343,471 1681,7904
1,7900003 B 375,77 4324,3716 16841,21 7880,8 12051,092 8531,028 S 1198,3201 20206,537 5934,08 11194,262 7343,471 1681,7904
1,7900002 B 375,77 4324,3716 16841,21 7880,8 12051,092 8531,028 S 1198,3201 20206,537 5934,08 11194,262 7343,471 1681,7904
1,7900003 B 375,77 4324,3716 16841,21 7880,8 12051,092 8531,028 S 1198,3201 20206,537 5934,08 11194,262 7343,471 1681,7904
1,7899997 B 375,77 4324,3716 16841,21 7880,8 12051,092 8531,028 S 1198,3201 20206,537 5934,08 11194,262 7343,471 1681,7904
1,7900001 B 375,77 4324,3716 16841,21 7880,8 12051,092 8531,028 S 1198,3201 20206,537 5934,08 11194,262 7343,471 1681,7904
1,7899996 B 375,77 4324,3716 16841,21 7880,8 12051,092 8531,028 S 1198,3201 20206,537 5934,08 11194,262 7343,471 1681,7904
1,7900002 B 375,77 4324,3716 16841,21 7880,8 12051,092 8531,028 S 1198,3201 20206,537 5934,08 11194,262 7343,471 1681,7904
1,7900003 B 375,77 4324,3716 16841,21 7880,8 12051,092 8531,028 S 1198,3201 20206,537 5934,08 11194,262 7343,471 1681,7904
1,7900002 B 375,77 4324,3716 16841,21 7880,8 12051,092 8531,028 S 1198,3201 20206,537 5934,08 11194,262 7343,471 1681,7904
1,7899997 B 375,77 4324,3716 16841,21 7880,8 12051,092 8531,028 S 1198,3201 20206,537 5934,08 11194,262 7343,471 1681,7904
1,7900002 B 375,77 4324,3716 16841,21 7880,8 12051,092 8531,028 S 1198,3201 20206,537 5934,08 11194,262 7343,471 1681,7904
1,7900001 B 375,77 4324,3716 16841,21 7880,8 12051,092 8531,028 S 1198,3201 20206,537 5934,08 11194,262 7343,471 1681,7904
1,7899997 B 375,77 4324,3716 16841,21 7880,8 12051,092 8531,028 S 1198,3201 20206,537 5934,08 11194,262 7343,471 1681,7904
1,7899997 B 375,77 4324,3716 16841,21 7880,8 12051,092 8531,028 S 1198,3201 20206,537 5934,08 11194,262 7343,471 1681,7904
1,7900001 B 375,77 4324,3716 16841,21 7880,8 12051,092 8531,028 S 1198,3201 20206,537 5934,08 11194,262 7343,471 1681,7904
1,7900001 B 375,77 4324,3716 16841,21 7880,8 12051,092 8531,028 S 1198,3201 20206,537 5934,08 11194,262 7343,471 1681,7904
1,7899997 B 375,77 4324,3716 16841,21 7880,8 12051,092 8531,028 S 1198,3201 20206,537 5934,08 11194,262 7343,471 1681,7904
1,7899997 B 375,77 4324,3716 16841,21 7880,8 12051,092 8531,028 S 1198,3201 20206,537 5934,08 11194,262 7343,471 1681,7904
1,7900001 B 375,77 4324,3716 16841,21 7880,8 12051,092 8531,028 S 1198,3201 20206,537 5934,08 11194,262 7343,471 1681,7904
1,7899998 B 375,77 4324,3716 16841,21 7880,8 12051,092 8531,028 S 1198,3201 20206,537 5934,08 11194,262 7343,471 1681,7904
1,7900004 B 375,77 4324,3716 16841,21 7880,8 12051,092 8531,028 S 1198,3201 20206,537 5934,08 11194,262 7343,471 1681,7904
1,7899995 B 375,77 4324,3716 16841,21 7880,8 12051,092 8531,028 S 1198,3201 20206,537 5934,08 11194,262 7343,471 1681,7904
1,7900004 B 375,77 4324,3716 16841,21 7880,8 12051,092 8531,028 S 1198,3201 20206,537 5934,08 11194,262 7343,471 1681,7904
1,7900001 B 375,77 4324,3716 16841,21 7880,8 12051,092 8531,028 S 1198,3201 20206,537 5934,08 11194,262 7343,471 1681,7904
1,7899997 B 375,77 4324,3716 16841,21 7880,8 12051,092 8531,028 S 1198,3201 20206,537 5934,08 11194,262 7343,471 1681,7904
1,7900004 B 375,77 4324,3716 16841,21 7880,8 12051,092 8531,028 S 1198,3201 20206,537 5934,08 11194,262 7343,471 1681,7904
1,7900001 B 375,77 4324,3716 16841,21 7880,8 12051,092 8531,028 S 1198,3201 20206,537 5934,08 11194,262 7343,471 1681,7904
1,7900002 B 375,77 4324,3716 16841,21 7880,8 12051,092 8531,028 S 1198,3201 20206,537 5934,08 11194,262 7343,471 1681,7904
1,7900002 B 375,77 4324,3716 16841,21 7880,8 12051,092 8531,028 S 1198,3201 20206,537 5934,08 11194,262 7343,471 1681,7904
1,7900001 B 375,77 4324,3716 16841,21 7880,8 12051,092 8531,028 S 1198,3201 20206,537 5934,08 11194,262 7343,471 1681,7904
1,7900002 B 375,77 4324,3716 16841,21 7880,8 12051,092 8531,028 S 1198,3201 20206,537 5934,08 11194,262 7343,471 1681,7904
1,7899996 B 375,77 4324,3716 16841,21 7880,8 12051,092 8531,028 S 1198,3201 20206,537 5934,08 11194,262 7343,471 1681,7904
1,7899996 B 375,77 4324,3716 16841,21 7880,8 12051,092 8531,028 S 1198,3201 20206,537 5934,08 11194,262 7343,471 1681,7904
1,7899995 B 375,77 4324,3716 16841,21 7880,8 12051,092 8531,028 S 1198,3201 20206,537 5934,08 11194,262 7343,471 1681,7904
1,7900002 B 375,77 4324,3716 16841,21 7880,8 12051,092 8531,028 S 1198,3201 20206,537 5934,08 11194,262 7343,471 1681,7904
1,7900001 B 375,77 4324,3716 16841,21 7880,8 12051,092 8531,028 S 1198,3201 20206,537 5934,08 11194,262 7343,471 1681,7904
1,7900004 B 375,77 4324,3716 16841,21 7880,8 12051,092 8531,028 S 1198,3201 20206,537 5934,08 11194,262 7343,471 1681,7904
1,7899997 B 375,77 4324,3716 16841,21 7880,8 12051,092 8531,028 S 1198,3201 20206,537 5934,08 11194,262 7343,471 1681,7904
1,7900001 B 375,77 4324,3716 16841,21 7880,8 12051,092 8531,028 S 1198,3201 20206,537 5934,08 11194,262 7343,471 1681,7904
1,7900003 B 375,77 4324,3716 16841,21 7880,8 12051,092 8531,028 S 1198,3201 20206,537 5934,08 11194,262 7343,471 1681,7904
1,7899996 B 375,77 4324,3716 16841,21 7880,8 12051,092 8531,028 S 1198,3201 20206,537 5934,08 11194,262 7343,471 1681,7904
1,7900002 B 375,77 4324,3716 16841,21 7880,8 12051,092 8531,028 S 1198,3201 20206,537 5934,08 11194,262 7343,471 1681,7904
1,7899996 B 375,77 4324,3716 16841,21 7880,8 12051,092 8531,028 S 1198,3201 20206,537 5934,08 11194,262 7343,471 1681,7904
1,7899998 B 375,77 4324,3716 16841,21 7880,8 12051,092 8531,028 S 1198,3201 20206,537 5934,08 11194,262 7343,471 1681,7904
1,7900001 B 375,77 4324,3716 16841,21 7880,8 12051,092 8531,028 S 1198,3201 20206,537 5934,08 11194,262 7343,471 1681,7904
1,7899996 B 375,77 4324,3716 16841,21 7880,8 12051,092 8531,028 S 1198,3201 20206,537 5934,08 11194,262 7343,471 1681,7904
1,7900001 B 375,77 4324,3716 16841,21 7880,8 12051,092 8531,028 S 1198,3201 20206,537 5934,08 11194,262 7343,471 1681,7904
1,7899994 B 375,77 4324,3716 16841,21 7880,8 12051,092 8531,028 S 1198,3201 20206,537 5934,08 11194,262 7343,471 1681,7904
1,7900002 B 375,77 4324,3716 16841,21 7880,8 12051,092 8531,028 S 1198,3201 20206,537 5934,08 11194,262 7343,471 1681,7904
1,7899998 B 375,77 4324,3716 16841,21 7880,8 12051,092 8531,028 S 1198,3201 20206,537 5934,08 11194,262 7343,471 1681,7904
1,7899996 B 375,77 4324,3716 16841,21 7880,8 12051,092 8531,028 S 1198,3201 20206,537 5934,08 11194,262 7343,471 1681,7904
1,7899998 B 375,77 4324,3716 16841,21 7880,8 12051,092 8531,028 S 1198,3201 20206,537 5934,08 11194,262 7343,471 1681,7904
1,7900004 B 375,77 4324,3716 16841,21 7880,8 12051,092 8531,028 S 1198,3201 20206,537 5934,08 11194,262 7343,471 1681,7904
1,7900001 B 375,77 4324,3716 16841,21 7880,8 12051,092 8531,028 S 1198,3201 20206,537 5934,08 11194,262 7343,471 1681,7904
1,7899995 B 375,77 4324,3716 16841,21 7880,8 12051,092 8531,028 S 1198,3201 20206,537 5934,08 11194,262 7343,471 1681,7904
1,7900001 B 375,77 4324,3716 16841,21 7880,8 12051,092 8531,028 S 1198,3201 20206,537 5934,08 11194,262 7343,471 1681,7904
1,7900003 B 375,77 4324,3716 16841,21 7880,8 12051,092 8531,028 S 1198,3201 20206,537 5934,08 11194,262 7343,471 1681,7904
1,7900001 B 375,77 4324,3716 16841,21 7880,8 12051,092 8531,028 S 1198,3201 20206,537 5934,08 11194,262 7343,471 1681,7904
1,7900001 B 375,77 4324,3716 16841,21 7880,8 12051,092 8531,028 S 1198,3201 20206,537 5934,08 11194,262 7343,471 1681,7904
1,7900002 B 375,77 4324,3716 16841,21 7880,8 12051,092 8531,028 S 1198,3201 20206,537 5934,08 11194,262 7343,471 1681,7904
1,7900004 B 375,77 4324,3716 16841,21 7880,8 12051,092 8531,028 S 1198,3201 20206,537 5934,08 11194,262 7343,471 1681,7904
1,7899998 B 375,77 4324,3716 16841,21 7880,8 12051,092 8531,028 S 1198,3201 20206,537 5934,08 11194,262 7343,471 1681,7904
1,7900003 B 375,77 4324,3716 16841,21 7880,8 12051,092 8531,028 S 1198,3201 20206,537 5934,08 11194,262 7343,471 1681,7904
1,7900001 B 375,77 4324,3716 16841,21 7880,8 12051,092 8531,028 S 1198,3201 20206,537 5934,08 11194,262 7343,471 1681,7904
1,7900002 B 375,77 4324,3716 16841,21 7880,8 12051,092 8531,028 S 1198,3201 20206,537 5934,08 11194,262 7343,471 1681,7904
1,7900004 B 375,77 4324,3716 16841,21 7880,8 12051,092 8531,028 S 1198,3201 20206,537 5934,08 11194,262 7343,471 1681,7904
1,7900002 B 375,77 4324,3716 16841,21 7880,8 12051,092 8531,028 S 1198,3201 20206,537 5934,08 11194,262 7343,471 1681,7904
1,7900001 B 375,77 4324,3716 16841,21 7880,8 12051,092 8531,028 S 1198,3201 20206,537 5934,08 11194,262 7343,471 1681,7904
1,7900002 B 375,77 4324,3716 16841,21 7880,8 12051,092 8531,028 S 1198,3201 20206,537 5934,08 11194,262 7343,471 1681,7904
1,7900001 B 375,77 4324,3716 16841,21 7880,8 12051,092 8531,028 S 1198,3201 20206,537 5934,08 11194,262 7343,471 1681,7904
1,7900002 B 375,77 4324,3716 16841,21 7880,8 12051,092 8531,028 S 1198,3201 20206,537 5934,08 11194,262 7343,471 1681,7904
1,7900004 B 375,77 4324,3716 16841,21 7880,8 12051,092 8531,028 S 1198,3201 20206,537 5934,08 11194,262 7343,471 1681,7904
1,7899997 B 375,77 4324,3716 16841,21 7880,8 12051,092 8531,028 S 1198,3201 20206,537 5934,08 11194,262 7343,471 1681,7904
1,7900006 B 375,77 4324,3716 16841,21 7880,8 12051,092 8531,028 S 1198,3201 20206,537 5934,08 11194,262 7343,471 1681,7904
1,7899998 B 375,77 4324,3716 16841,21 7880,8 12051,092 8531,028 S 1198,3201 20206,537 5934,08 11194,262 7343,471 1681,7904
1,7900004 B 375,77 4324,3716 16841,21 7880,8 12051,092 8531,028 S 1198,3201 20206,537 5934,08 11194,262 7343,471 1681,7904
1,7899996 B 375,77 4324,3716 16841,21 7880,8 12051,092 8531,028 S 1198,3201 20206,537 5934,08 11194,262 7343,471 1681,7904
1,7899994 B 375,77 4324,3716 16841,21 7880,8 12051,092 8531,028 S 1198,3201 20206,537 5934,08 11194,262 7343,471 1681,7904
1,7900001 B 375,77 4324,3716 16841,21 7880,8 12051,092 8531,028 S 1198,3201 20206,537 5934,08 11194,262 7343,471 1681,7904
1,7900002 B 375,77 4324,3716 16841,21 7880,8 12051,092 8531,028 S 1198,3201 20206,537 5934,08 11194,262 7343,471 1681,7904
1,7900004 B 375,77 4324,3716 16841,21 7880,8 12051,092 8531,028 S 1198,3201 20206,537 5934,08 11194,262 7343,471 1681,7904
