1,7974153
1,7910004 B 1514,979 6560,045 7345,0767 9989,738 9137,152 4704,466 S 1453,2865 9298,72 18676,02 7734,5034 10940,578 4589,1294
1,791 B 1514,979 6560,045 7345,0767 9989,738 9137,152 4704,466 S 1453,2865 9298,72 18676,02 7734,5034 10940,578 4589,1294
1,7910004 B 1514,979 6560,045 7345,0767 9989,738 9137,152 4704,466 S 1453,2865 9298,72 18676,02 7734,5034 10940,578 4589,1294
1,7910004 B 1514,979 6560,045 7345,0767 9989,738 9137,152 4704,466 S 1453,2865 9298,72 18676,02 7734,5034 10940,578 4589,1294
1,7910004 B 1514,979 6560,045 7345,0767 9989,738 9137,152 4704,466 S 1453,2865 9298,72 18676,02 7734,5034 10940,578 4589,1294
1,791 B 1514,979 6560,045 7345,0767 9989,738 9137,152 4704,466 S 1453,2865 9298,72 18676,02 7734,5034 10940,578 4589,1294
1,7910002 B 1514,979 6560,045 7345,0767 9989,738 9137,152 4704,466 S 1453,2865 9298,72 18676,02 7734,5034 10940,578 4589,1294
1,7910002 B 1514,979 6560,045 7345,0767 9989,738 9137,152 4704,466 S 1453,2865 9298,72 18676,02 7734,5034 10940,578 4589,1294
1,7910004 B 1514,979 6560,045 7345,0767 9989,738 9137,152 4704,466 S 1453,2865 9298,72 18676,02 7734,5034 10940,578 4589,1294
1,7916476 B 1514,979 6560,045 7345,0767 9989,738 9137,152 4704,466 S 1453,2865 9298,72 18676,02 7734,5034 10940,578 4589,1294
1,792 B 1514,979 6560,045 7345,0767 9989,738 9137,152 4704,466 S 1453,2865 9298,72 18676,02 7734,5034 10940,578 4589,1294
1,7921132 B 1514,979 6560,045 7345,0767 9989,738 9137,152 4704,466 S 1453,2865 9298,72 18676,02 7734,5034 10940,578 4589,1294
1,7929997 B 1514,979 6560,045 7345,0767 9989,738 9137,152 4704,466 S 1453,2865 9298,72 18676,02 7734,5034 10940,578 4589,1294
1,7929994 B 1514,979 6560,045 7345,0767 9989,738 9137,152 4704,466 S 1453,2865 9298,72 18676,02 7734,5034 10940,578 4589,1294
1,7920425 B 1514,979 6560,045 7345,0767 9989,738 9137,152 4704,466 S 1453,2865 9298,72 18676,02 7734,5034 10940,578 4589,1294
1,7919996 B 1514,979 6560,045 7345,0767 9989,738 9137,152 4704,466 S 1453,2865 9298,72 18676,02 7734,5034 10940,578 4589,1294
1,7920005 B 1514,979 6560,045 7345,0767 9989,738 9137,152 4704,466 S 1453,2865 9298,72 18676,02 7734,5034 10940,578 4589,1294
1,7919995 B 1514,979 6560,045 7345,0767 9989,738 9137,152 4704,466 S 1453,2865 9298,72 18676,02 7734,5034 10940,578 4589,1294
1,7920002 B 1514,979 6560,045 7345,0767 9989,738 9137,152 4704,466 S 1453,2865 9298,72 18676,02 7734,5034 10940,578 4589,1294
1,792 B 1514,979 6560,045 7345,0767 9989,738 9137,152 4704,466 S 1453,2865 9298,72 18676,02 7734,5034 10940,578 4589,1294
1,792 B 1514,979 6560,045 7345,0767 9989,738 9137,152 4704,466 S 1453,2865 9298,72 18676,02 7734,5034 10940,578 4589,1294
1,7919998 B 1514,979 6560,045 7345,0767 9989,738 9137,152 4704,466 S 1453,2865 9298,72 18676,02 7734,5034 10940,578 4589,1294
1,7919998 B 1514,979 6560,045 7345,0767 9989,738 9137,152 4704,466 S 1453,2865 9298,72 18676,02 7734,5034 10940,578 4589,1294
1,7932373 B 1514,979 6560,045 7345,0767 9989,738 9137,152 4704,466 S 1453,2865 9298,72 18676,02 7734,5034 10940,578 4589,1294
1,7947446 B 1514,979 6560,045 7345,0767 9989,738 9137,152 4704,466 S 1453,2865 9298,72 18676,02 7734,5034 10940,578 4589,1294
1,7950001 B 1514,979 6560,045 7345,0767 9989,738 9137,152 4704,466 S 1453,2865 9298,72 18676,02 7734,5034 10940,578 4589,1294
1,7949998 B 1514,979 6560,045 7345,0767 9989,738 9137,152 4704,466 S 1453,2865 9298,72 18676,02 7734,5034 10940,578 4589,1294
1,7950004 B 1514,979 6560,045 7345,0767 9989,738 9137,152 4704,466 S 1453,2865 9298,72 18676,02 7734,5034 10940,578 4589,1294
1,7949998 B 1514,979 6560,045 7345,0767 9989,738 9137,152 4704,466 S 1453,2865 9298,72 18676,02 7734,5034 10940,578 4589,1294
1,7949996 B 1514,979 6560,045 7345,0767 9989,738 9137,152 4704,466 S 1453,2865 9298,72 18676,02 7734,5034 10940,578 4589,1294
1,7950008 B 1514,979 6560,045 7345,0767 9989,738 9137,152 4704,466 S 1453,2865 9298,72 18676,02 7734,5034 10940,578 4589,1294
1,7950001 B 1514,979 6560,045 7345,0767 9989,738 9137,152 4704,466 S 1453,2865 9298,72 18676,02 7734,5034 10940,578 4589,1294
1,795 B 1514,979 6560,045 7345,0767 9989,738 9137,152 4704,466 S 1453,2865 9298,72 18676,02 7734,5034 10940,578 4589,1294
1,7949996 B 1514,979 6560,045 7345,0767 9989,738 9137,152 4704,466 S 1453,2865 9298,72 18676,02 7734,5034 10940,578 4589,1294
1,7949997 B 1514,979 6560,045 7345,0767 9989,738 9137,152 4704,466 S 1453,2865 9298,72 18676,02 7734,5034 10940,578 4589,1294
1,7950003 B 1514,979 6560,045 7345,0767 9989,738 9137,152 4704,466 S 1453,2865 9298,72 18676,02 7734,5034 10940,578 4589,1294
1,7949996 B 1514,979 6560,045 7345,0767 9989,738 9137,152 4704,466 S 1453,2865 9298,72 18676,02 7734,5034 10940,578 4589,1294
1,7949996 B 1514,979 6560,045 7345,0767 9989,738 9137,152 4704,466 S 1453,2865 9298,72 18676,02 7734,5034 10940,578 4589,1294
1,7950003 B 1514,979 6560,045 7345,0767 9989,738 9137,152 4704,466 S 1453,2865 9298,72 18676,02 7734,5034 10940,578 4589,1294
1,795 B 1514,979 6560,045 7345,0767 9989,738 9137,152 4704,466 S 1453,2865 9298,72 18676,02 7734,5034 10940,578 4589,1294
1,7950001 B 1514,979 6560,045 7345,0767 9989,738 9137,152 4704,466 S 1453,2865 9298,72 18676,02 7734,5034 10940,578 4589,1294
1,7950002 B 1514,979 6560,045 7345,0767 9989,738 9137,152 4704,466 S 1453,2865 9298,72 18676,02 7734,5034 10940,578 4589,1294
1,7950001 B 1514,979 6560,045 7345,0767 9989,738 9137,152 4704,466 S 1453,2865 9298,72 18676,02 7734,5034 10940,578 4589,1294
1,7949998 B 1514,979 6560,045 7345,0767 9989,738 9137,152 4704,466 S 1453,2865 9298,72 18676,02 7734,5034 10940,578 4589,1294
1,7949997 B 1514,979 6560,045 7345,0767 9989,738 9137,152 4704,466 S 1453,2865 9298,72 18676,02 7734,5034 10940,578 4589,1294
1,7950004 B 1514,979 6560,045 7345,0767 9989,738 9137,152 4704,466 S 1453,2865 9298,72 18676,02 7734,5034 10940,578 4589,1294
1,7950002 B 1514,979 6560,045 7345,0767 9989,738 9137,152 4704,466 S 1453,2865 9298,72 18676,02 7734,5034 10940,578 4589,1294
1,7949996 B 1514,979 6560,045 7345,0767 9989,738 9137,152 4704,466 S 1453,2865 9298,72 18676,02 7734,5034 10940,578 4589,1294
1,7950002 B 1514,979 6560,045 7345,0767 9989,738 9137,152 4704,466 S 1453,2865 9298,72 18676,02 7734,5034 10940,578 4589,1294
1,7949998 B 1514,979 6560,045 7345,0767 9989,738 9137,152 4704,466 S 1453,2865 9298,72 18676,02 7734,5034 10940,578 4589,1294
1,7950001 B 1514,979 6560,045 7345,0767 9989,738 9137,152 4704,466 S 1453,2865 9298,72 18676,02 7734,5034 10940,578 4589,1294
1,7951797 B 1514,979 6560,045 7345,0767 9989,738 9137,152 4704,466 S 1453,2865 9298,72 18676,02 7734,5034 10940,578 4589,1294
1,7960008 B 1514,979 6560,045 7345,0767 9989,738 9137,152 4704,466 S 1453,2865 9298,72 18676,02 7734,5034 10940,578 4589,1294
1,7959999 B 1514,979 6560,045 7345,0767 9989,738 9137,152 4704,466 S 1453,2865 9298,72 18676,02 7734,5034 10940,578 4589,1294
1,7959996 B 1514,979 6560,045 7345,0767 9989,738 9137,152 4704,466 S 1453,2865 9298,72 18676,02 7734,5034 10940,578 4589,1294
1,7960002 B 1514,979 6560,045 7345,0767 9989,738 9137,152 4704,466 S 1453,2865 9298,72 18676,02 7734,5034 10940,578 4589,1294
1,7959998 B 1514,979 6560,045 7345,0767 9989,738 9137,152 4704,466 S 1453,2865 9298,72 18676,02 7734,5034 10940,578 4589,1294
1,7960007 B 1514,979 6560,045 7345,0767 9989,738 9137,152 4704,466 S 1453,2865 9298,72 18676,02 7734,5034 10940,578 4589,1294
1,7959999 B 1514,979 6560,045 7345,0767 9989,738 9137,152 4704,466 S 1453,2865 9298,72 18676,02 7734,5034 10940,578 4589,1294
1,7960004 B 1514,979 6560,045 7345,0767 9989,738 9137,152 4704,466 S 1453,2865 9298,72 18676,02 7734,5034 10940,578 4589,1294
1,7960001 B 1514,979 6560,045 7345,0767 9989,738 9137,152 4704,466 S 1453,2865 9298,72 18676,02 7734,5034 10940,578 4589,1294
1,7959998 B 1514,979 6560,045 7345,0767 9989,738 9137,152 4704,466 S 1453,2865 9298,72 18676,02 7734,5034 10940,578 4589,1294
1,796 B 1514,979 6560,045 7345,0767 9989,738 9137,152 4704,466 S 1453,2865 9298,72 18676,02 7734,5034 10940,578 4589,1294
1,7960002 B 1514,979 6560,045 7345,0767 9989,738 9137,152 4704,466 S 1453,2865 9298,72 18676,02 7734,5034 10940,578 4589,1294
1,7960001 B 1514,979 6560,045 7345,0767 9989,738 9137,152 4704,466 S 1453,2865 9298,72 18676,02 7734,5034 10940,578 4589,1294
1,7960004 B 1514,979 6560,045 7345,0767 9989,738 9137,152 4704,466 S 1453,2865 9298,72 18676,02 7734,5034 10940,578 4589,1294
1,7960006 B 1514,979 6560,045 7345,0767 9989,738 9137,152 4704,466 S 1453,2865 9298,72 18676,02 7734,5034 10940,578 4589,1294
1,7959994 B 1514,979 6560,045 7345,0767 9989,738 9137,152 4704,466 S 1453,2865 9298,72 18676,02 7734,5034 10940,578 4589,1294
1,7960001 B 1514,979 6560,045 7345,0767 9989,738 9137,152 4704,466 S 1453,2865 9298,72 18676,02 7734,5034 10940,578 4589,1294
1,7959995 B 1514,979 6560,045 7345,0767 9989,738 9137,152 4704,466 S 1453,2865 9298,72 18676,02 7734,5034 10940,578 4589,1294
1,7959999 B 1514,979 6560,045 7345,0767 9989,738 9137,152 4704,466 S 1453,2865 9298,72 18676,02 7734,5034 10940,578 4589,1294
1,7959999 B 1514,979 6560,045 7345,0767 9989,738 9137,152 4704,466 S 1453,2865 9298,72 18676,02 7734,5034 10940,578 4589,1294
1,7959998 B 1514,979 6560,045 7345,0767 9989,738 9137,152 4704,466 S 1453,2865 9298,72 18676,02 7734,5034 10940,578 4589,1294
1,7960004 B 1514,979 6560,045 7345,0767 9989,738 9137,152 4704,466 S 1453,2865 9298,72 18676,02 7734,5034 10940,578 4589,1294
1,7959998 B 1514,979 6560,045 7345,0767 9989,738 9137,152 4704,466 S 1453,2865 9298,72 18676,02 7734,5034 10940,578 4589,1294
1,7959996 B 1514,979 6560,045 7345,0767 9989,738 9137,152 4704,466 S 1453,2865 9298,72 18676,02 7734,5034 10940,578 4589,1294
1,7960008 B 1514,979 6560,045 7345,0767 9989,738 9137,152 4704,466 S 1453,2865 9298,72 18676,02 7734,5034 10940,578 4589,1294
1,7960002 B 1514,979 6560,045 7345,0767 9989,738 9137,152 4704,466 S 1453,2865 9298,72 18676,02 7734,5034 10940,578 4589,1294
1,7960004 B 1514,979 6560,045 7345,0767 9989,738 9137,152 4704,466 S 1453,2865 9298,72 18676,02 7734,5034 10940,578 4589,1294
1,7959995 B 1514,979 6560,045 7345,0767 9989,738 9137,152 4704,466 S 1453,2865 9298,72 18676,02 7734,5034 10940,578 4589,1294
1,7960002 B 1514,979 6560,045 7345,0767 9989,738 9137,152 4704,466 S 1453,2865 9298,72 18676,02 7734,5034 10940,578 4589,1294
1,7960004 B 1514,979 6560,045 7345,0767 9989,738 9137,152 4704,466 S 1453,2865 9298,72 18676,02 7734,5034 10940,578 4589,1294
1,796 B 1514,979 6560,045 7345,0767 9989,738 9137,152 4704,466 S 1453,2865 9298,72 18676,02 7734,5034 10940,578 4589,1294
1,7959998 B 1514,979 6560,045 7345,0767 9989,738 9137,152 4704,466 S 1453,2865 9298,72 18676,02 7734,5034 10940,578 4589,1294
1,796 B 1514,979 6560,045 7345,0767 9989,738 9137,152 4704,466 S 1453,2865 9298,72 18676,02 7734,5034 10940,578 4589,1294
1,7956874 B 1514,979 6560,045 7345,0767 9989,738 9137,152 4704,466 S 1453,2865 9298,72 18676,02 7734,5034 10940,578 4589,1294
1,7939999 B 1514,979 6560,045 7345,0767 9989,738 9137,152 4704,466 S 1453,2865 9298,72 18676,02 7734,5034 10940,578 4589,1294
1,7939996 B 1514,979 6560,045 7345,0767 9989,738 9137,152 4704,466 S 1453,2865 9298,72 18676,02 7734,5034 10940,578 4589,1294
1,7940003 B 1514,979 6560,045 7345,0767 9989,738 9137,152 4704,466 S 1453,2865 9298,72 18676,02 7734,5034 10940,578 4589,1294
1,7939994 B 1514,979 6560,045 7345,0767 9989,738 9137,152 4704,466 S 1453,2865 9298,72 18676,02 7734,5034 10940,578 4589,1294
1,7939994 B 1514,979 6560,045 7345,0767 9989,738 9137,152 4704,466 S 1453,2865 9298,72 18676,02 7734,5034 10940,578 4589,1294
1,7939998 B 1514,979 6560,045 7345,0767 9989,738 9137,152 4704,466 S 1453,2865 9298,72 18676,02 7734,5034 10940,578 4589,1294
1,7940003 B 1514,979 6560,045 7345,0767 9989,738 9137,152 4704,466 S 1453,2865 9298,72 18676,02 7734,5034 10940,578 4589,1294
1,7939996 B 1514,979 6560,045 7345,0767 9989,738 9137,152 4704,466 S 1453,2865 9298,72 18676,02 7734,5034 10940,578 4589,1294
1,7939999 B 1514,979 6560,045 7345,0767 9989,738 9137,152 4704,466 S 1453,2865 9298,72 18676,02 7734,5034 10940,578 4589,1294
1,7940005 B 1514,979 6560,045 7345,0767 9989,738 9137,152 4704,466 S 1453,2865 9298,72 18676,02 7734,5034 10940,578 4589,1294
1,7940004 B 1514,979 6560,045 7345,0767 9989,738 9137,152 4704,466 S 1453,2865 9298,72 18676,02 7734,5034 10940,578 4589,1294
1,7940003 B 1514,979 6560,045 7345,0767 9989,738 9137,152 4704,466 S 1453,2865 9298,72 18676,02 7734,5034 10940,578 4589,1294
1,7939999 B 1514,979 6560,045 7345,0767 9989,738 9137,152 4704,466 S 1453,2865 9298,72 18676,02 7734,5034 10940,578 4589,1294
1,7939996 B 1514,979 6560,045 7345,0767 9989,738 9137,152 4704,466 S 1453,2865 9298,72 18676,02 7734,5034 10940,578 4589,1294
1,7943432 B 1514,979 6560,045 7345,0767 9989,738 9137,152 4704,466 S 1453,2865 9298,72 18676,02 7734,5034 10940,578 4589,1294
1,795 B 1514,979 6560,045 7345,0767 9989,738 9137,152 4704,466 S 1453,2865 9298,72 18676,02 7734,5034 10940,578 4589,1294
1,7950006 B 1514,979 6560,045 7345,0767 9989,738 9137,152 4704,466 S 1453,2865 9298,72 18676,02 7734,5034 10940,578 4589,1294
1,7949996 B 1514,979 6560,045 7345,0767 9989,738 9137,152 4704,466 S 1453,2865 9298,72 18676,02 7734,5034 10940,578 4589,1294
1,7950001 B 1514,979 6560,045 7345,0767 9989,738 9137,152 4704,466 S 1453,2865 9298,72 18676,02 7734,5034 10940,578 4589,1294
1,7950001 B 1514,979 6560,045 7345,0767 9989,738 9137,152 4704,466 S 1453,2865 9298,72 18676,02 7734,5034 10940,578 4589,1294
1,7950001 B 1514,979 6560,045 7345,0767 9989,738 9137,152 4704,466 S 1453,2865 9298,72 18676,02 7734,5034 10940,578 4589,1294
1,7955368 B 1514,979 6560,045 7345,0767 9989,738 9137,152 4704,466 S 1453,2865 9298,72 18676,02 7734,5034 10940,578 4589,1294
1,796 B 1514,979 6560,045 7345,0767 9989,738 9137,152 4704,466 S 1453,2865 9298,72 18676,02 7734,5034 10940,578 4589,1294
1,7960004 B 1514,979 6560,045 7345,0767 9989,738 9137,152 4704,466 S 1453,2865 9298,72 18676,02 7734,5034 10940,578 4589,1294
1,7959996 B 1514,979 6560,045 7345,0767 9989,738 9137,152 4704,466 S 1453,2865 9298,72 18676,02 7734,5034 10940,578 4589,1294
1,7959995 B 1514,979 6560,045 7345,0767 9989,738 9137,152 4704,466 S 1453,2865 9298,72 18676,02 7734,5034 10940,578 4589,1294
1,7959994 B 1514,979 6560,045 7345,0767 9989,738 9137,152 4704,466 S 1453,2865 9298,72 18676,02 7734,5034 10940,578 4589,1294
1,7960002 B 1514,979 6560,045 7345,0767 9989,738 9137,152 4704,466 S 1453,2865 9298,72 18676,02 7734,5034 10940,578 4589,1294
1,7953194 B 1514,979 6560,045 7345,0767 9989,738 9137,152 4704,466 S 1453,2865 9298,72 18676,02 7734,5034 10940,578 4589,1294
1,7950003 B 1514,979 6560,045 7345,0767 9989,738 9137,152 4704,466 S 1453,2865 9298,72 18676,02 7734,5034 10940,578 4589,1294
1,7949998 B 1514,979 6560,045 7345,0767 9989,738 9137,152 4704,466 S 1453,2865 9298,72 18676,02 7734,5034 10940,578 4589,1294
1,7950001 B 1514,979 6560,045 7345,0767 9989,738 9137,152 4704,466 S 1453,2865 9298,72 18676,02 7734,5034 10940,578 4589,1294
1,7950003 B 1514,979 6560,045 7345,0767 9989,738 9137,152 4704,466 S 1453,2865 9298,72 18676,02 7734,5034 10940,578 4589,1294
1,7949998 B 1514,979 6560,045 7345,0767 9989,738 9137,152 4704,466 S 1453,2865 9298,72 18676,02 7734,5034 10940,578 4589,1294
1,7950003 B 1514,979 6560,045 7345,0767 9989,738 9137,152 4704,466 S 1453,2865 9298,72 18676,02 7734,5034 10940,578 4589,1294
1,7949998 B 1514,979 6560,045 7345,0767 9989,738 9137,152 4704,466 S 1453,2865 9298,72 18676,02 7734,5034 10940,578 4589,1294
1,7950001 B 1514,979 6560,045 7345,0767 9989,738 9137,152 4704,466 S 1453,2865 9298,72 18676,02 7734,5034 10940,578 4589,1294
1,7949994 B 1514,979 6560,045 7345,0767 9989,738 9137,152 4704,466 S 1453,2865 9298,72 18676,02 7734,5034 10940,578 4589,1294
1,7950003 B 1514,979 6560,045 7345,0767 9989,738 9137,152 4704,466 S 1453,2865 9298,72 18676,02 7734,5034 10940,578 4589,1294
1,7950484 B 1514,979 6560,045 7345,0767 9989,738 9137,152 4704,466 S 1453,2865 9298,72 18676,02 7734,5034 10940,578 4589,1294
1,7960002 B 1514,979 6560,045 7345,0767 9989,738 9137,152 4704,466 S 1453,2865 9298,72 18676,02 7734,5034 10940,578 4589,1294
1,7969476 B 1514,979 6560,045 7345,0767 9989,738 9137,152 4704,466 S 1453,2865 9298,72 18676,02 7734,5034 10940,578 4589,1294
1,7977372 B 1514,979 6560,045 7345,0767 9989,738 9137,152 4704,466 S 1453,2865 9298,72 18676,02 7734,5034 10940,578 4589,1294
1,7980002 B 1514,979 6560,045 7345,0767 9989,738 9137,152 4704,466 S 1453,2865 9298,72 18676,02 7734,5034 10940,578 4589,1294
1,798 B 1514,979 6560,045 7345,0767 9989,738 9137,152 4704,466 S 1453,2865 9298,72 18676,02 7734,5034 10940,578 4589,1294
1,7980002 B 1514,979 6560,045 7345,0767 9989,738 9137,152 4704,466 S 1453,2865 9298,72 18676,02 7734,5034 10940,578 4589,1294
1,7979993 B 1514,979 6560,045 7345,0767 9989,738 9137,152 4704,466 S 1453,2865 9298,72 18676,02 7734,5034 10940,578 4589,1294
1,7980001 B 1514,979 6560,045 7345,0767 9989,738 9137,152 4704,466 S 1453,2865 9298,72 18676,02 7734,5034 10940,578 4589,1294
1,7979999 B 1514,979 6560,045 7345,0767 9989,738 9137,152 4704,466 S 1453,2865 9298,72 18676,02 7734,5034 10940,578 4589,1294
1,7979996 B 1514,979 6560,045 7345,0767 9989,738 9137,152 4704,466 S 1453,2865 9298,72 18676,02 7734,5034 10940,578 4589,1294
1,7980002 B 1514,979 6560,045 7345,0767 9989,738 9137,152 4704,466 S 1453,2865 9298,72 18676,02 7734,5034 10940,578 4589,1294
1,7980001 B 1514,979 6560,045 7345,0767 9989,738 9137,152 4704,466 S 1453,2865 9298,72 18676,02 7734,5034 10940,578 4589,1294
1,7983757 B 1514,979 6560,045 7345,0767 9989,738 9137,152 4704,466 S 1453,2865 9298,72 18676,02 7734,5034 10940,578 4589,1294
1,7996466 B 1514,979 6560,045 7345,0767 9989,738 9137,152 4704,466 S 1453,2865 9298,72 18676,02 7734,5034 10940,578 4589,1294
1,799627 B 1514,979 6560,045 7345,0767 9989,738 9137,152 4704,466 S 1453,2865 9298,72 18676,02 7734,5034 10940,578 4589,1294
1,7990003 B 1514,979 6560,045 7345,0767 9989,738 9137,152 4704,466 S 1453,2865 9298,72 18676,02 7734,5034 10940,578 4589,1294
1,799 B 1514,979 6560,045 7345,0767 9989,738 9137,152 4704,466 S 1453,2865 9298,72 18676,02 7734,5034 10940,578 4589,1294
1,7989995 B 1514,979 6560,045 7345,0767 9989,738 9137,152 4704,466 S 1453,2865 9298,72 18676,02 7734,5034 10940,578 4589,1294
1,7986643 B 1514,979 6560,045 7345,0767 9989,738 9137,152 4704,466 S 1453,2865 9298,72 18676,02 7734,5034 10940,578 4589,1294
1,7980001 B 1514,979 6560,045 7345,0767 9989,738 9137,152 4704,466 S 1453,2865 9298,72 18676,02 7734,5034 10940,578 4589,1294
1,7987076 B 1514,979 6560,045 7345,0767 9989,738 9137,152 4704,466 S 1453,2865 9298,72 18676,02 7734,5034 10940,578 4589,1294
1,7990006 B 1514,979 6560,045 7345,0767 9989,738 9137,152 4704,466 S 1453,2865 9298,72 18676,02 7734,5034 10940,578 4589,1294
1,7990001 B 1514,979 6560,045 7345,0767 9989,738 9137,152 4704,466 S 1453,2865 9298,72 18676,02 7734,5034 10940,578 4589,1294
1,7989998 B 1514,979 6560,045 7345,0767 9989,738 9137,152 4704,466 S 1453,2865 9298,72 18676,02 7734,5034 10940,578 4589,1294
1,7990004 B 1514,979 6560,045 7345,0767 9989,738 9137,152 4704,466 S 1453,2865 9298,72 18676,02 7734,5034 10940,578 4589,1294
1,7989999 B 1514,979 6560,045 7345,0767 9989,738 9137,152 4704,466 S 1453,2865 9298,72 18676,02 7734,5034 10940,578 4589,1294
1,7989999 B 1514,979 6560,045 7345,0767 9989,738 9137,152 4704,466 S 1453,2865 9298,72 18676,02 7734,5034 10940,578 4589,1294
1,7989998 B 1514,979 6560,045 7345,0767 9989,738 9137,152 4704,466 S 1453,2865 9298,72 18676,02 7734,5034 10940,578 4589,1294
1,7989997 B 1514,979 6560,045 7345,0767 9989,738 9137,152 4704,466 S 1453,2865 9298,72 18676,02 7734,5034 10940,578 4589,1294
1,7989995 B 1514,979 6560,045 7345,0767 9989,738 9137,152 4704,466 S 1453,2865 9298,72 18676,02 7734,5034 10940,578 4589,1294
1,7989999 B 1514,979 6560,045 7345,0767 9989,738 9137,152 4704,466 S 1453,2865 9298,72 18676,02 7734,5034 10940,578 4589,1294
1,7989997 B 1514,979 6560,045 7345,0767 9989,738 9137,152 4704,466 S 1453,2865 9298,72 18676,02 7734,5034 10940,578 4589,1294
1,7989999 B 1514,979 6560,045 7345,0767 9989,738 9137,152 4704,466 S 1453,2865 9298,72 18676,02 7734,5034 10940,578 4589,1294
1,7990003 B 1514,979 6560,045 7345,0767 9989,738 9137,152 4704,466 S 1453,2865 9298,72 18676,02 7734,5034 10940,578 4589,1294
1,799 B 1514,979 6560,045 7345,0767 9989,738 9137,152 4704,466 S 1453,2865 9298,72 18676,02 7734,5034 10940,578 4589,1294
1,799 B 1514,979 6560,045 7345,0767 9989,738 9137,152 4704,466 S 1453,2865 9298,72 18676,02 7734,5034 10940,578 4589,1294
1,7989999 B 1514,979 6560,045 7345,0767 9989,738 9137,152 4704,466 S 1453,2865 9298,72 18676,02 7734,5034 10940,578 4589,1294
1,7990001 B 1514,979 6560,045 7345,0767 9989,738 9137,152 4704,466 S 1453,2865 9298,72 18676,02 7734,5034 10940,578 4589,1294
1,7989998 B 1514,979 6560,045 7345,0767 9989,738 9137,152 4704,466 S 1453,2865 9298,72 18676,02 7734,5034 10940,578 4589,1294
1,7990001 B 1514,979 6560,045 7345,0767 9989,738 9137,152 4704,466 S 1453,2865 9298,72 18676,02 7734,5034 10940,578 4589,1294
1,799 B 1514,979 6560,045 7345,0767 9989,738 9137,152 4704,466 S 1453,2865 9298,72 18676,02 7734,5034 10940,578 4589,1294
1,7990001 B 1514,979 6560,045 7345,0767 9989,738 9137,152 4704,466 S 1453,2865 9298,72 18676,02 7734,5034 10940,578 4589,1294
1,7990009 B 1514,979 6560,045 7345,0767 9989,738 9137,152 4704,466 S 1453,2865 9298,72 18676,02 7734,5034 10940,578 4589,1294
1,7989999 B 1514,979 6560,045 7345,0767 9989,738 9137,152 4704,466 S 1453,2865 9298,72 18676,02 7734,5034 10940,578 4589,1294
1,7990003 B 1514,979 6560,045 7345,0767 9989,738 9137,152 4704,466 S 1453,2865 9298,72 18676,02 7734,5034 10940,578 4589,1294
1,7990004 B 1514,979 6560,045 7345,0767 9989,738 9137,152 4704,466 S 1453,2865 9298,72 18676,02 7734,5034 10940,578 4589,1294
1,7990006 B 1514,979 6560,045 7345,0767 9989,738 9137,152 4704,466 S 1453,2865 9298,72 18676,02 7734,5034 10940,578 4589,1294
1,7990001 B 1514,979 6560,045 7345,0767 9989,738 9137,152 4704,466 S 1453,2865 9298,72 18676,02 7734,5034 10940,578 4589,1294
1,7989995 B 1514,979 6560,045 7345,0767 9989,738 9137,152 4704,466 S 1453,2865 9298,72 18676,02 7734,5034 10940,578 4589,1294
1,799 B 1514,979 6560,045 7345,0767 9989,738 9137,152 4704,466 S 1453,2865 9298,72 18676,02 7734,5034 10940,578 4589,1294
1,7990003 B 1514,979 6560,045 7345,0767 9989,738 9137,152 4704,466 S 1453,2865 9298,72 18676,02 7734,5034 10940,578 4589,1294
1,7989999 B 1514,979 6560,045 7345,0767 9989,738 9137,152 4704,466 S 1453,2865 9298,72 18676,02 7734,5034 10940,578 4589,1294
1,7989999 B 1514,979 6560,045 7345,0767 9989,738 9137,152 4704,466 S 1453,2865 9298,72 18676,02 7734,5034 10940,578 4589,1294
1,7998292 B 1514,979 6560,045 7345,0767 9989,738 9137,152 4704,466 S 1453,2865 9298,72 18676,02 7734,5034 10940,578 4589,1294
1,8000003 B 1514,979 6560,045 7345,0767 9989,738 9137,152 4704,466 S 1453,2865 9298,72 18676,02 7734,5034 10940,578 4589,1294
1,7999995 B 1514,979 6560,045 7345,0767 9989,738 9137,152 4704,466 S 1453,2865 9298,72 18676,02 7734,5034 10940,578 4589,1294
1,7999996 B 1514,979 6560,045 7345,0767 9989,738 9137,152 4704,466 S 1453,2865 9298,72 18676,02 7734,5034 10940,578 4589,1294
1,8000004 B 1514,979 6560,045 7345,0767 9989,738 9137,152 4704,466 S 1453,2865 9298,72 18676,02 7734,5034 10940,578 4589,1294
1,7999994 B 1514,979 6560,045 7345,0767 9989,738 9137,152 4704,466 S 1453,2865 9298,72 18676,02 7734,5034 10940,578 4589,1294
1,7999995 B 1514,979 6560,045 7345,0767 9989,738 9137,152 4704,466 S 1453,2865 9298,72 18676,02 7734,5034 10940,578 4589,1294
1,7999996 B 1514,979 6560,045 7345,0767 9989,738 9137,152 4704,466 S 1453,2865 9298,72 18676,02 7734,5034 10940,578 4589,1294
1,7999998 B 1514,979 6560,045 7345,0767 9989,738 9137,152 4704,466 S 1453,2865 9298,72 18676,02 7734,5034 10940,578 4589,1294
1,8 B 1514,979 6560,045 7345,0767 9989,738 9137,152 4704,466 S 1453,2865 9298,72 18676,02 7734,5034 10940,578 4589,1294
1,8000007 B 1514,979 6560,045 7345,0767 9989,738 9137,152 4704,466 S 1453,2865 9298,72 18676,02 7734,5034 10940,578 4589,1294
1,7999998 B 1514,979 6560,045 7345,0767 9989,738 9137,152 4704,466 S 1453,2865 9298,72 18676,02 7734,5034 10940,578 4589,1294
1,8000004 B 1514,979 6560,045 7345,0767 9989,738 9137,152 4704,466 S 1453,2865 9298,72 18676,02 7734,5034 10940,578 4589,1294
1,800999 B 1514,979 6560,045 7345,0767 9989,738 9137,152 4704,466 S 1453,2865 9298,72 18676,02 7734,5034 10940,578 4589,1294
1,801 B 1514,979 6560,045 7345,0767 9989,738 9137,152 4704,466 S 1453,2865 9298,72 18676,02 7734,5034 10940,578 4589,1294
1,8009999 B 1514,979 6560,045 7345,0767 9989,738 9137,152 4704,466 S 1453,2865 9298,72 18676,02 7734,5034 10940,578 4589,1294
1,8010005 B 1514,979 6560,045 7345,0767 9989,738 9137,152 4704,466 S 1453,2865 9298,72 18676,02 7734,5034 10940,578 4589,1294
1,8009999 B 1514,979 6560,045 7345,0767 9989,738 9137,152 4704,466 S 1453,2865 9298,72 18676,02 7734,5034 10940,578 4589,1294
1,8009995 B 1514,979 6560,045 7345,0767 9989,738 9137,152 4704,466 S 1453,2865 9298,72 18676,02 7734,5034 10940,578 4589,1294
1,8010001 B 1514,979 6560,045 7345,0767 9989,738 9137,152 4704,466 S 1453,2865 9298,72 18676,02 7734,5034 10940,578 4589,1294
1,8009998 B 1514,979 6560,045 7345,0767 9989,738 9137,152 4704,466 S 1453,2865 9298,72 18676,02 7734,5034 10940,578 4589,1294
1,8012383 B 1514,979 6560,045 7345,0767 9989,738 9137,152 4704,466 S 1453,2865 9298,72 18676,02 7734,5034 10940,578 4589,1294
1,8020004 B 1514,979 6560,045 7345,0767 9989,738 9137,152 4704,466 S 1453,2865 9298,72 18676,02 7734,5034 10940,578 4589,1294
1,8019997 B 1514,979 6560,045 7345,0767 9989,738 9137,152 4704,466 S 1453,2865 9298,72 18676,02 7734,5034 10940,578 4589,1294
1,802 B 1514,979 6560,045 7345,0767 9989,738 9137,152 4704,466 S 1453,2865 9298,72 18676,02 7734,5034 10940,578 4589,1294
1,8019997 B 1514,979 6560,045 7345,0767 9989,738 9137,152 4704,466 S 1453,2865 9298,72 18676,02 7734,5034 10940,578 4589,1294
1,8019998 B 1514,979 6560,045 7345,0767 9989,738 9137,152 4704,466 S 1453,2865 9298,72 18676,02 7734,5034 10940,578 4589,1294
1,802 B 1514,979 6560,045 7345,0767 9989,738 9137,152 4704,466 S 1453,2865 9298,72 18676,02 7734,5034 10940,578 4589,1294
1,8019999 B 1514,979 6560,045 7345,0767 9989,738 9137,152 4704,466 S 1453,2865 9298,72 18676,02 7734,5034 10940,578 4589,1294
1,8020103 B 1514,979 6560,045 7345,0767 9989,738 9137,152 4704,466 S 1453,2865 9298,72 18676,02 7734,5034 10940,578 4589,1294
1,8029999 B 1514,979 6560,045 7345,0767 9989,738 9137,152 4704,466 S 1453,2865 9298,72 18676,02 7734,5034 10940,578 4589,1294
1,803 B 1514,979 6560,045 7345,0767 9989,738 9137,152 4704,466 S 1453,2865 9298,72 18676,02 7734,5034 10940,578 4589,1294
1,8030001 B 1514,979 6560,045 7345,0767 9989,738 9137,152 4704,466 S 1453,2865 9298,72 18676,02 7734,5034 10940,578 4589,1294
1,8027781 B 1514,979 6560,045 7345,0767 9989,738 9137,152 4704,466 S 1453,2865 9298,72 18676,02 7734,5034 10940,578 4589,1294
1,8019998 B 1514,979 6560,045 7345,0767 9989,738 9137,152 4704,466 S 1453,2865 9298,72 18676,02 7734,5034 10940,578 4589,1294
1,8020002 B 1514,979 6560,045 7345,0767 9989,738 9137,152 4704,466 S 1453,2865 9298,72 18676,02 7734,5034 10940,578 4589,1294
1,802 B 1514,979 6560,045 7345,0767 9989,738 9137,152 4704,466 S 1453,2865 9298,72 18676,02 7734,5034 10940,578 4589,1294
1,8019999 B 1514,979 6560,045 7345,0767 9989,738 9137,152 4704,466 S 1453,2865 9298,72 18676,02 7734,5034 10940,578 4589,1294
1,8019997 B 1514,979 6560,045 7345,0767 9989,738 9137,152 4704,466 S 1453,2865 9298,72 18676,02 7734,5034 10940,578 4589,1294
1,8020002 B 1514,979 6560,045 7345,0767 9989,738 9137,152 4704,466 S 1453,2865 9298,72 18676,02 7734,5034 10940,578 4589,1294
1,8020003 B 1514,979 6560,045 7345,0767 9989,738 9137,152 4704,466 S 1453,2865 9298,72 18676,02 7734,5034 10940,578 4589,1294
1,8019998 B 1514,979 6560,045 7345,0767 9989,738 9137,152 4704,466 S 1453,2865 9298,72 18676,02 7734,5034 10940,578 4589,1294
1,8019997 B 1514,979 6560,045 7345,0767 9989,738 9137,152 4704,466 S 1453,2865 9298,72 18676,02 7734,5034 10940,578 4589,1294
1,8019997 B 1514,979 6560,045 7345,0767 9989,738 9137,152 4704,466 S 1453,2865 9298,72 18676,02 7734,5034 10940,578 4589,1294
1,8019998 B 1514,979 6560,045 7345,0767 9989,738 9137,152 4704,466 S 1453,2865 9298,72 18676,02 7734,5034 10940,578 4589,1294
1,8020004 B 1514,979 6560,045 7345,0767 9989,738 9137,152 4704,466 S 1453,2865 9298,72 18676,02 7734,5034 10940,578 4589,1294
1,8016883 B 1514,979 6560,045 7345,0767 9989,738 9137,152 4704,466 S 1453,2865 9298,72 18676,02 7734,5034 10940,578 4589,1294
1,8010001 B 1514,979 6560,045 7345,0767 9989,738 9137,152 4704,466 S 1453,2865 9298,72 18676,02 7734,5034 10940,578 4589,1294
1,8018367 B 1514,979 6560,045 7345,0767 9989,738 9137,152 4704,466 S 1453,2865 9298,72 18676,02 7734,5034 10940,578 4589,1294
1,8029999 B 1514,979 6560,045 7345,0767 9989,738 9137,152 4704,466 S 1453,2865 9298,72 18676,02 7734,5034 10940,578 4589,1294
1,8048977 B 1514,979 6560,045 7345,0767 9989,738 9137,152 4704,466 S 1453,2865 9298,72 18676,02 7734,5034 10940,578 4589,1294
1,8053082 B 1514,979 6560,045 7345,0767 9989,738 9137,152 4704,466 S 1453,2865 9298,72 18676,02 7734,5034 10940,578 4589,1294
1,8052847 B 1514,979 6560,045 7345,0767 9989,738 9137,152 4704,466 S 1453,2865 9298,72 18676,02 7734,5034 10940,578 4589,1294
1,8060002 B 1514,979 6560,045 7345,0767 9989,738 9137,152 4704,466 S 1453,2865 9298,72 18676,02 7734,5034 10940,578 4589,1294
1,8050311 B 1514,979 6560,045 7345,0767 9989,738 9137,152 4704,466 S 1453,2865 9298,72 18676,02 7734,5034 10940,578 4589,1294
1,8049998 B 1514,979 6560,045 7345,0767 9989,738 9137,152 4704,466 S 1453,2865 9298,72 18676,02 7734,5034 10940,578 4589,1294
1,8059211 B 1514,979 6560,045 7345,0767 9989,738 9137,152 4704,466 S 1453,2865 9298,72 18676,02 7734,5034 10940,578 4589,1294
1,806125 B 1514,979 6560,045 7345,0767 9989,738 9137,152 4704,466 S 1453,2865 9298,72 18676,02 7734,5034 10940,578 4589,1294
1,8059994 B 1514,979 6560,045 7345,0767 9989,738 9137,152 4704,466 S 1453,2865 9298,72 18676,02 7734,5034 10940,578 4589,1294
1,8059998 B 1514,979 6560,045 7345,0767 9989,738 9137,152 4704,466 S 1453,2865 9298,72 18676,02 7734,5034 10940,578 4589,1294
1,8067629 B 1514,979 6560,045 7345,0767 9989,738 9137,152 4704,466 S 1453,2865 9298,72 18676,02 7734,5034 10940,578 4589,1294
