1,7871429
1,7829996 B 3417,7966 9806,278 8958,292 7151,9033 12139,343 4883,722 S 4227,7163 15344,382 6157,2007 9597,146 6141,3174 2035,4504
1,7830003 B 3417,7966 9806,278 8958,292 7151,9033 12139,343 4883,722 S 4227,7163 15344,382 6157,2007 9597,146 6141,3174 2035,4504
1,7829998 B 3417,7966 9806,278 8958,292 7151,9033 12139,343 4883,722 S 4227,7163 15344,382 6157,2007 9597,146 6141,3174 2035,4504
1,7830002 B 3417,7966 9806,278 8958,292 7151,9033 12139,343 4883,722 S 4227,7163 15344,382 6157,2007 9597,146 6141,3174 2035,4504
1,7829995 B 3417,7966 9806,278 8958,292 7151,9033 12139,343 4883,722 S 4227,7163 15344,382 6157,2007 9597,146 6141,3174 2035,4504
1,7829993 B 3417,7966 9806,278 8958,292 7151,9033 12139,343 4883,722 S 4227,7163 15344,382 6157,2007 9597,146 6141,3174 2035,4504
1,7830007 B 3417,7966 9806,278 8958,292 7151,9033 12139,343 4883,722 S 4227,7163 15344,382 6157,2007 9597,146 6141,3174 2035,4504
1,7835468 B 3417,7966 9806,278 8958,292 7151,9033 12139,343 4883,722 S 4227,7163 15344,382 6157,2007 9597,146 6141,3174 2035,4504
1,7850003 B 3417,7966 9806,278 8958,292 7151,9033 12139,343 4883,722 S 4227,7163 15344,382 6157,2007 9597,146 6141,3174 2035,4504
1,7849998 B 3417,7966 9806,278 8958,292 7151,9033 12139,343 4883,722 S 4227,7163 15344,382 6157,2007 9597,146 6141,3174 2035,4504
1,7849997 B 3417,7966 9806,278 8958,292 7151,9033 12139,343 4883,722 S 4227,7163 15344,382 6157,2007 9597,146 6141,3174 2035,4504
1,785 B 3417,7966 9806,278 8958,292 7151,9033 12139,343 4883,722 S 4227,7163 15344,382 6157,2007 9597,146 6141,3174 2035,4504
1,7850007 B 3417,7966 9806,278 8958,292 7151,9033 12139,343 4883,722 S 4227,7163 15344,382 6157,2007 9597,146 6141,3174 2035,4504
1,7849996 B 3417,7966 9806,278 8958,292 7151,9033 12139,343 4883,722 S 4227,7163 15344,382 6157,2007 9597,146 6141,3174 2035,4504
1,7849997 B 3417,7966 9806,278 8958,292 7151,9033 12139,343 4883,722 S 4227,7163 15344,382 6157,2007 9597,146 6141,3174 2035,4504
1,7849997 B 3417,7966 9806,278 8958,292 7151,9033 12139,343 4883,722 S 4227,7163 15344,382 6157,2007 9597,146 6141,3174 2035,4504
1,785 B 3417,7966 9806,278 8958,292 7151,9033 12139,343 4883,722 S 4227,7163 15344,382 6157,2007 9597,146 6141,3174 2035,4504
1,7849996 B 3417,7966 9806,278 8958,292 7151,9033 12139,343 4883,722 S 4227,7163 15344,382 6157,2007 9597,146 6141,3174 2035,4504
1,7857097 B 3417,7966 9806,278 8958,292 7151,9033 12139,343 4883,722 S 4227,7163 15344,382 6157,2007 9597,146 6141,3174 2035,4504
1,7859999 B 3417,7966 9806,278 8958,292 7151,9033 12139,343 4883,722 S 4227,7163 15344,382 6157,2007 9597,146 6141,3174 2035,4504
1,7860005 B 3417,7966 9806,278 8958,292 7151,9033 12139,343 4883,722 S 4227,7163 15344,382 6157,2007 9597,146 6141,3174 2035,4504
1,7860005 B 3417,7966 9806,278 8958,292 7151,9033 12139,343 4883,722 S 4227,7163 15344,382 6157,2007 9597,146 6141,3174 2035,4504
1,7860006 B 3417,7966 9806,278 8958,292 7151,9033 12139,343 4883,722 S 4227,7163 15344,382 6157,2007 9597,146 6141,3174 2035,4504
1,7860004 B 3417,7966 9806,278 8958,292 7151,9033 12139,343 4883,722 S 4227,7163 15344,382 6157,2007 9597,146 6141,3174 2035,4504
1,7859998 B 3417,7966 9806,278 8958,292 7151,9033 12139,343 4883,722 S 4227,7163 15344,382 6157,2007 9597,146 6141,3174 2035,4504
1,786 B 3417,7966 9806,278 8958,292 7151,9033 12139,343 4883,722 S 4227,7163 15344,382 6157,2007 9597,146 6141,3174 2035,4504
1,7860005 B 3417,7966 9806,278 8958,292 7151,9033 12139,343 4883,722 S 4227,7163 15344,382 6157,2007 9597,146 6141,3174 2035,4504
1,7860005 B 3417,7966 9806,278 8958,292 7151,9033 12139,343 4883,722 S 4227,7163 15344,382 6157,2007 9597,146 6141,3174 2035,4504
1,7859999 B 3417,7966 9806,278 8958,292 7151,9033 12139,343 4883,722 S 4227,7163 15344,382 6157,2007 9597,146 6141,3174 2035,4504
1,7859998 B 3417,7966 9806,278 8958,292 7151,9033 12139,343 4883,722 S 4227,7163 15344,382 6157,2007 9597,146 6141,3174 2035,4504
1,786 B 3417,7966 9806,278 8958,292 7151,9033 12139,343 4883,722 S 4227,7163 15344,382 6157,2007 9597,146 6141,3174 2035,4504
1,7860004 B 3417,7966 9806,278 8958,292 7151,9033 12139,343 4883,722 S 4227,7163 15344,382 6157,2007 9597,146 6141,3174 2035,4504
1,7860004 B 3417,7966 9806,278 8958,292 7151,9033 12139,343 4883,722 S 4227,7163 15344,382 6157,2007 9597,146 6141,3174 2035,4504
1,7861731 B 3417,7966 9806,278 8958,292 7151,9033 12139,343 4883,722 S 4227,7163 15344,382 6157,2007 9597,146 6141,3174 2035,4504
1,7870001 B 3417,7966 9806,278 8958,292 7151,9033 12139,343 4883,722 S 4227,7163 15344,382 6157,2007 9597,146 6141,3174 2035,4504
1,7870001 B 3417,7966 9806,278 8958,292 7151,9033 12139,343 4883,722 S 4227,7163 15344,382 6157,2007 9597,146 6141,3174 2035,4504
1,7870003 B 3417,7966 9806,278 8958,292 7151,9033 12139,343 4883,722 S 4227,7163 15344,382 6157,2007 9597,146 6141,3174 2035,4504
1,7866565 B 3417,7966 9806,278 8958,292 7151,9033 12139,343 4883,722 S 4227,7163 15344,382 6157,2007 9597,146 6141,3174 2035,4504
1,7860001 B 3417,7966 9806,278 8958,292 7151,9033 12139,343 4883,722 S 4227,7163 15344,382 6157,2007 9597,146 6141,3174 2035,4504
1,7859998 B 3417,7966 9806,278 8958,292 7151,9033 12139,343 4883,722 S 4227,7163 15344,382 6157,2007 9597,146 6141,3174 2035,4504
1,7860004 B 3417,7966 9806,278 8958,292 7151,9033 12139,343 4883,722 S 4227,7163 15344,382 6157,2007 9597,146 6141,3174 2035,4504
1,7860005 B 3417,7966 9806,278 8958,292 7151,9033 12139,343 4883,722 S 4227,7163 15344,382 6157,2007 9597,146 6141,3174 2035,4504
1,7860004 B 3417,7966 9806,278 8958,292 7151,9033 12139,343 4883,722 S 4227,7163 15344,382 6157,2007 9597,146 6141,3174 2035,4504
1,7860001 B 3417,7966 9806,278 8958,292 7151,9033 12139,343 4883,722 S 4227,7163 15344,382 6157,2007 9597,146 6141,3174 2035,4504
1,786 B 3417,7966 9806,278 8958,292 7151,9033 12139,343 4883,722 S 4227,7163 15344,382 6157,2007 9597,146 6141,3174 2035,4504
1,786 B 3417,7966 9806,278 8958,292 7151,9033 12139,343 4883,722 S 4227,7163 15344,382 6157,2007 9597,146 6141,3174 2035,4504
1,7859999 B 3417,7966 9806,278 8958,292 7151,9033 12139,343 4883,722 S 4227,7163 15344,382 6157,2007 9597,146 6141,3174 2035,4504
1,7859998 B 3417,7966 9806,278 8958,292 7151,9033 12139,343 4883,722 S 4227,7163 15344,382 6157,2007 9597,146 6141,3174 2035,4504
1,7860005 B 3417,7966 9806,278 8958,292 7151,9033 12139,343 4883,722 S 4227,7163 15344,382 6157,2007 9597,146 6141,3174 2035,4504
1,7859999 B 3417,7966 9806,278 8958,292 7151,9033 12139,343 4883,722 S 4227,7163 15344,382 6157,2007 9597,146 6141,3174 2035,4504
1,786 B 3417,7966 9806,278 8958,292 7151,9033 12139,343 4883,722 S 4227,7163 15344,382 6157,2007 9597,146 6141,3174 2035,4504
1,7859998 B 3417,7966 9806,278 8958,292 7151,9033 12139,343 4883,722 S 4227,7163 15344,382 6157,2007 9597,146 6141,3174 2035,4504
1,786 B 3417,7966 9806,278 8958,292 7151,9033 12139,343 4883,722 S 4227,7163 15344,382 6157,2007 9597,146 6141,3174 2035,4504
1,7859999 B 3417,7966 9806,278 8958,292 7151,9033 12139,343 4883,722 S 4227,7163 15344,382 6157,2007 9597,146 6141,3174 2035,4504
1,7860004 B 3417,7966 9806,278 8958,292 7151,9033 12139,343 4883,722 S 4227,7163 15344,382 6157,2007 9597,146 6141,3174 2035,4504
1,7859999 B 3417,7966 9806,278 8958,292 7151,9033 12139,343 4883,722 S 4227,7163 15344,382 6157,2007 9597,146 6141,3174 2035,4504
1,7876666 B 3417,7966 9806,278 8958,292 7151,9033 12139,343 4883,722 S 4227,7163 15344,382 6157,2007 9597,146 6141,3174 2035,4504
1,7879999 B 3417,7966 9806,278 8958,292 7151,9033 12139,343 4883,722 S 4227,7163 15344,382 6157,2007 9597,146 6141,3174 2035,4504
1,7879999 B 3417,7966 9806,278 8958,292 7151,9033 12139,343 4883,722 S 4227,7163 15344,382 6157,2007 9597,146 6141,3174 2035,4504
1,7879999 B 3417,7966 9806,278 8958,292 7151,9033 12139,343 4883,722 S 4227,7163 15344,382 6157,2007 9597,146 6141,3174 2035,4504
1,7879997 B 3417,7966 9806,278 8958,292 7151,9033 12139,343 4883,722 S 4227,7163 15344,382 6157,2007 9597,146 6141,3174 2035,4504
1,7880002 B 3417,7966 9806,278 8958,292 7151,9033 12139,343 4883,722 S 4227,7163 15344,382 6157,2007 9597,146 6141,3174 2035,4504
1,7879997 B 3417,7966 9806,278 8958,292 7151,9033 12139,343 4883,722 S 4227,7163 15344,382 6157,2007 9597,146 6141,3174 2035,4504
1,7880002 B 3417,7966 9806,278 8958,292 7151,9033 12139,343 4883,722 S 4227,7163 15344,382 6157,2007 9597,146 6141,3174 2035,4504
1,7880007 B 3417,7966 9806,278 8958,292 7151,9033 12139,343 4883,722 S 4227,7163 15344,382 6157,2007 9597,146 6141,3174 2035,4504
1,7880001 B 3417,7966 9806,278 8958,292 7151,9033 12139,343 4883,722 S 4227,7163 15344,382 6157,2007 9597,146 6141,3174 2035,4504
1,7879997 B 3417,7966 9806,278 8958,292 7151,9033 12139,343 4883,722 S 4227,7163 15344,382 6157,2007 9597,146 6141,3174 2035,4504
1,7880001 B 3417,7966 9806,278 8958,292 7151,9033 12139,343 4883,722 S 4227,7163 15344,382 6157,2007 9597,146 6141,3174 2035,4504
1,7880002 B 3417,7966 9806,278 8958,292 7151,9033 12139,343 4883,722 S 4227,7163 15344,382 6157,2007 9597,146 6141,3174 2035,4504
1,7889384 B 3417,7966 9806,278 8958,292 7151,9033 12139,343 4883,722 S 4227,7163 15344,382 6157,2007 9597,146 6141,3174 2035,4504
1,7889998 B 3417,7966 9806,278 8958,292 7151,9033 12139,343 4883,722 S 4227,7163 15344,382 6157,2007 9597,146 6141,3174 2035,4504
1,7881222 B 3417,7966 9806,278 8958,292 7151,9033 12139,343 4883,722 S 4227,7163 15344,382 6157,2007 9597,146 6141,3174 2035,4504
1,7875164 B 3417,7966 9806,278 8958,292 7151,9033 12139,343 4883,722 S 4227,7163 15344,382 6157,2007 9597,146 6141,3174 2035,4504
1,787 B 3417,7966 9806,278 8958,292 7151,9033 12139,343 4883,722 S 4227,7163 15344,382 6157,2007 9597,146 6141,3174 2035,4504
1,7870001 B 3417,7966 9806,278 8958,292 7151,9033 12139,343 4883,722 S 4227,7163 15344,382 6157,2007 9597,146 6141,3174 2035,4504
1,7868304 B 3417,7966 9806,278 8958,292 7151,9033 12139,343 4883,722 S 4227,7163 15344,382 6157,2007 9597,146 6141,3174 2035,4504
1,7860005 B 3417,7966 9806,278 8958,292 7151,9033 12139,343 4883,722 S 4227,7163 15344,382 6157,2007 9597,146 6141,3174 2035,4504
1,7866516 B 3417,7966 9806,278 8958,292 7151,9033 12139,343 4883,722 S 4227,7163 15344,382 6157,2007 9597,146 6141,3174 2035,4504
1,7870007 B 3417,7966 9806,278 8958,292 7151,9033 12139,343 4883,722 S 4227,7163 15344,382 6157,2007 9597,146 6141,3174 2035,4504
1,7870003 B 3417,7966 9806,278 8958,292 7151,9033 12139,343 4883,722 S 4227,7163 15344,382 6157,2007 9597,146 6141,3174 2035,4504
1,7869998 B 3417,7966 9806,278 8958,292 7151,9033 12139,343 4883,722 S 4227,7163 15344,382 6157,2007 9597,146 6141,3174 2035,4504
1,787 B 3417,7966 9806,278 8958,292 7151,9033 12139,343 4883,722 S 4227,7163 15344,382 6157,2007 9597,146 6141,3174 2035,4504
1,7870001 B 3417,7966 9806,278 8958,292 7151,9033 12139,343 4883,722 S 4227,7163 15344,382 6157,2007 9597,146 6141,3174 2035,4504
1,7869998 B 3417,7966 9806,278 8958,292 7151,9033 12139,343 4883,722 S 4227,7163 15344,382 6157,2007 9597,146 6141,3174 2035,4504
1,7870002 B 3417,7966 9806,278 8958,292 7151,9033 12139,343 4883,722 S 4227,7163 15344,382 6157,2007 9597,146 6141,3174 2035,4504
1,7869995 B 3417,7966 9806,278 8958,292 7151,9033 12139,343 4883,722 S 4227,7163 15344,382 6157,2007 9597,146 6141,3174 2035,4504
1,7869998 B 3417,7966 9806,278 8958,292 7151,9033 12139,343 4883,722 S 4227,7163 15344,382 6157,2007 9597,146 6141,3174 2035,4504
1,7870004 B 3417,7966 9806,278 8958,292 7151,9033 12139,343 4883,722 S 4227,7163 15344,382 6157,2007 9597,146 6141,3174 2035,4504
1,7870001 B 3417,7966 9806,278 8958,292 7151,9033 12139,343 4883,722 S 4227,7163 15344,382 6157,2007 9597,146 6141,3174 2035,4504
1,7870001 B 3417,7966 9806,278 8958,292 7151,9033 12139,343 4883,722 S 4227,7163 15344,382 6157,2007 9597,146 6141,3174 2035,4504
1,7869996 B 3417,7966 9806,278 8958,292 7151,9033 12139,343 4883,722 S 4227,7163 15344,382 6157,2007 9597,146 6141,3174 2035,4504
1,7867862 B 3417,7966 9806,278 8958,292 7151,9033 12139,343 4883,722 S 4227,7163 15344,382 6157,2007 9597,146 6141,3174 2035,4504
1,7859999 B 3417,7966 9806,278 8958,292 7151,9033 12139,343 4883,722 S 4227,7163 15344,382 6157,2007 9597,146 6141,3174 2035,4504
1,7859997 B 3417,7966 9806,278 8958,292 7151,9033 12139,343 4883,722 S 4227,7163 15344,382 6157,2007 9597,146 6141,3174 2035,4504
1,7859999 B 3417,7966 9806,278 8958,292 7151,9033 12139,343 4883,722 S 4227,7163 15344,382 6157,2007 9597,146 6141,3174 2035,4504
1,7859995 B 3417,7966 9806,278 8958,292 7151,9033 12139,343 4883,722 S 4227,7163 15344,382 6157,2007 9597,146 6141,3174 2035,4504
1,7859998 B 3417,7966 9806,278 8958,292 7151,9033 12139,343 4883,722 S 4227,7163 15344,382 6157,2007 9597,146 6141,3174 2035,4504
1,7859999 B 3417,7966 9806,278 8958,292 7151,9033 12139,343 4883,722 S 4227,7163 15344,382 6157,2007 9597,146 6141,3174 2035,4504
1,7860001 B 3417,7966 9806,278 8958,292 7151,9033 12139,343 4883,722 S 4227,7163 15344,382 6157,2007 9597,146 6141,3174 2035,4504
1,786 B 3417,7966 9806,278 8958,292 7151,9033 12139,343 4883,722 S 4227,7163 15344,382 6157,2007 9597,146 6141,3174 2035,4504
1,7858319 B 3417,7966 9806,278 8958,292 7151,9033 12139,343 4883,722 S 4227,7163 15344,382 6157,2007 9597,146 6141,3174 2035,4504
1,7849998 B 3417,7966 9806,278 8958,292 7151,9033 12139,343 4883,722 S 4227,7163 15344,382 6157,2007 9597,146 6141,3174 2035,4504
1,7849997 B 3417,7966 9806,278 8958,292 7151,9033 12139,343 4883,722 S 4227,7163 15344,382 6157,2007 9597,146 6141,3174 2035,4504
1,7849998 B 3417,7966 9806,278 8958,292 7151,9033 12139,343 4883,722 S 4227,7163 15344,382 6157,2007 9597,146 6141,3174 2035,4504
1,7850001 B 3417,7966 9806,278 8958,292 7151,9033 12139,343 4883,722 S 4227,7163 15344,382 6157,2007 9597,146 6141,3174 2035,4504
1,7850001 B 3417,7966 9806,278 8958,292 7151,9033 12139,343 4883,722 S 4227,7163 15344,382 6157,2007 9597,146 6141,3174 2035,4504
1,7849995 B 3417,7966 9806,278 8958,292 7151,9033 12139,343 4883,722 S 4227,7163 15344,382 6157,2007 9597,146 6141,3174 2035,4504
1,7850002 B 3417,7966 9806,278 8958,292 7151,9033 12139,343 4883,722 S 4227,7163 15344,382 6157,2007 9597,146 6141,3174 2035,4504
1,7850006 B 3417,7966 9806,278 8958,292 7151,9033 12139,343 4883,722 S 4227,7163 15344,382 6157,2007 9597,146 6141,3174 2035,4504
1,7849998 B 3417,7966 9806,278 8958,292 7151,9033 12139,343 4883,722 S 4227,7163 15344,382 6157,2007 9597,146 6141,3174 2035,4504
1,785767 B 3417,7966 9806,278 8958,292 7151,9033 12139,343 4883,722 S 4227,7163 15344,382 6157,2007 9597,146 6141,3174 2035,4504
1,7859999 B 3417,7966 9806,278 8958,292 7151,9033 12139,343 4883,722 S 4227,7163 15344,382 6157,2007 9597,146 6141,3174 2035,4504
1,7859995 B 3417,7966 9806,278 8958,292 7151,9033 12139,343 4883,722 S 4227,7163 15344,382 6157,2007 9597,146 6141,3174 2035,4504
1,7859999 B 3417,7966 9806,278 8958,292 7151,9033 12139,343 4883,722 S 4227,7163 15344,382 6157,2007 9597,146 6141,3174 2035,4504
1,786 B 3417,7966 9806,278 8958,292 7151,9033 12139,343 4883,722 S 4227,7163 15344,382 6157,2007 9597,146 6141,3174 2035,4504
1,7860005 B 3417,7966 9806,278 8958,292 7151,9033 12139,343 4883,722 S 4227,7163 15344,382 6157,2007 9597,146 6141,3174 2035,4504
1,7859999 B 3417,7966 9806,278 8958,292 7151,9033 12139,343 4883,722 S 4227,7163 15344,382 6157,2007 9597,146 6141,3174 2035,4504
1,7867916 B 3417,7966 9806,278 8958,292 7151,9033 12139,343 4883,722 S 4227,7163 15344,382 6157,2007 9597,146 6141,3174 2035,4504
1,7870001 B 3417,7966 9806,278 8958,292 7151,9033 12139,343 4883,722 S 4227,7163 15344,382 6157,2007 9597,146 6141,3174 2035,4504
1,7870001 B 3417,7966 9806,278 8958,292 7151,9033 12139,343 4883,722 S 4227,7163 15344,382 6157,2007 9597,146 6141,3174 2035,4504
1,7870001 B 3417,7966 9806,278 8958,292 7151,9033 12139,343 4883,722 S 4227,7163 15344,382 6157,2007 9597,146 6141,3174 2035,4504
1,7870003 B 3417,7966 9806,278 8958,292 7151,9033 12139,343 4883,722 S 4227,7163 15344,382 6157,2007 9597,146 6141,3174 2035,4504
1,7864 B 3417,7966 9806,278 8958,292 7151,9033 12139,343 4883,722 S 4227,7163 15344,382 6157,2007 9597,146 6141,3174 2035,4504
1,786 B 3417,7966 9806,278 8958,292 7151,9033 12139,343 4883,722 S 4227,7163 15344,382 6157,2007 9597,146 6141,3174 2035,4504
1,7860007 B 3417,7966 9806,278 8958,292 7151,9033 12139,343 4883,722 S 4227,7163 15344,382 6157,2007 9597,146 6141,3174 2035,4504
1,786 B 3417,7966 9806,278 8958,292 7151,9033 12139,343 4883,722 S 4227,7163 15344,382 6157,2007 9597,146 6141,3174 2035,4504
1,786 B 3417,7966 9806,278 8958,292 7151,9033 12139,343 4883,722 S 4227,7163 15344,382 6157,2007 9597,146 6141,3174 2035,4504
1,786 B 3417,7966 9806,278 8958,292 7151,9033 12139,343 4883,722 S 4227,7163 15344,382 6157,2007 9597,146 6141,3174 2035,4504
1,786 B 3417,7966 9806,278 8958,292 7151,9033 12139,343 4883,722 S 4227,7163 15344,382 6157,2007 9597,146 6141,3174 2035,4504
1,786548 B 3417,7966 9806,278 8958,292 7151,9033 12139,343 4883,722 S 4227,7163 15344,382 6157,2007 9597,146 6141,3174 2035,4504
1,7869993 B 3417,7966 9806,278 8958,292 7151,9033 12139,343 4883,722 S 4227,7163 15344,382 6157,2007 9597,146 6141,3174 2035,4504
1,7870001 B 3417,7966 9806,278 8958,292 7151,9033 12139,343 4883,722 S 4227,7163 15344,382 6157,2007 9597,146 6141,3174 2035,4504
1,7870004 B 3417,7966 9806,278 8958,292 7151,9033 12139,343 4883,722 S 4227,7163 15344,382 6157,2007 9597,146 6141,3174 2035,4504
1,7869992 B 3417,7966 9806,278 8958,292 7151,9033 12139,343 4883,722 S 4227,7163 15344,382 6157,2007 9597,146 6141,3174 2035,4504
1,7870004 B 3417,7966 9806,278 8958,292 7151,9033 12139,343 4883,722 S 4227,7163 15344,382 6157,2007 9597,146 6141,3174 2035,4504
1,7870002 B 3417,7966 9806,278 8958,292 7151,9033 12139,343 4883,722 S 4227,7163 15344,382 6157,2007 9597,146 6141,3174 2035,4504
1,7869996 B 3417,7966 9806,278 8958,292 7151,9033 12139,343 4883,722 S 4227,7163 15344,382 6157,2007 9597,146 6141,3174 2035,4504
1,7870004 B 3417,7966 9806,278 8958,292 7151,9033 12139,343 4883,722 S 4227,7163 15344,382 6157,2007 9597,146 6141,3174 2035,4504
1,7870002 B 3417,7966 9806,278 8958,292 7151,9033 12139,343 4883,722 S 4227,7163 15344,382 6157,2007 9597,146 6141,3174 2035,4504
1,7870516 B 3417,7966 9806,278 8958,292 7151,9033 12139,343 4883,722 S 4227,7163 15344,382 6157,2007 9597,146 6141,3174 2035,4504
1,7880001 B 3417,7966 9806,278 8958,292 7151,9033 12139,343 4883,722 S 4227,7163 15344,382 6157,2007 9597,146 6141,3174 2035,4504
1,7880002 B 3417,7966 9806,278 8958,292 7151,9033 12139,343 4883,722 S 4227,7163 15344,382 6157,2007 9597,146 6141,3174 2035,4504
1,7880002 B 3417,7966 9806,278 8958,292 7151,9033 12139,343 4883,722 S 4227,7163 15344,382 6157,2007 9597,146 6141,3174 2035,4504
1,7880001 B 3417,7966 9806,278 8958,292 7151,9033 12139,343 4883,722 S 4227,7163 15344,382 6157,2007 9597,146 6141,3174 2035,4504
1,7884603 B 3417,7966 9806,278 8958,292 7151,9033 12139,343 4883,722 S 4227,7163 15344,382 6157,2007 9597,146 6141,3174 2035,4504
1,7889998 B 3417,7966 9806,278 8958,292 7151,9033 12139,343 4883,722 S 4227,7163 15344,382 6157,2007 9597,146 6141,3174 2035,4504
1,7889994 B 3417,7966 9806,278 8958,292 7151,9033 12139,343 4883,722 S 4227,7163 15344,382 6157,2007 9597,146 6141,3174 2035,4504
1,7889992 B 3417,7966 9806,278 8958,292 7151,9033 12139,343 4883,722 S 4227,7163 15344,382 6157,2007 9597,146 6141,3174 2035,4504
1,7889999 B 3417,7966 9806,278 8958,292 7151,9033 12139,343 4883,722 S 4227,7163 15344,382 6157,2007 9597,146 6141,3174 2035,4504
1,7889997 B 3417,7966 9806,278 8958,292 7151,9033 12139,343 4883,722 S 4227,7163 15344,382 6157,2007 9597,146 6141,3174 2035,4504
1,7882366 B 3417,7966 9806,278 8958,292 7151,9033 12139,343 4883,722 S 4227,7163 15344,382 6157,2007 9597,146 6141,3174 2035,4504
1,7870002 B 3417,7966 9806,278 8958,292 7151,9033 12139,343 4883,722 S 4227,7163 15344,382 6157,2007 9597,146 6141,3174 2035,4504
1,7870001 B 3417,7966 9806,278 8958,292 7151,9033 12139,343 4883,722 S 4227,7163 15344,382 6157,2007 9597,146 6141,3174 2035,4504
1,7870002 B 3417,7966 9806,278 8958,292 7151,9033 12139,343 4883,722 S 4227,7163 15344,382 6157,2007 9597,146 6141,3174 2035,4504
1,7869996 B 3417,7966 9806,278 8958,292 7151,9033 12139,343 4883,722 S 4227,7163 15344,382 6157,2007 9597,146 6141,3174 2035,4504
1,7870008 B 3417,7966 9806,278 8958,292 7151,9033 12139,343 4883,722 S 4227,7163 15344,382 6157,2007 9597,146 6141,3174 2035,4504
1,7870002 B 3417,7966 9806,278 8958,292 7151,9033 12139,343 4883,722 S 4227,7163 15344,382 6157,2007 9597,146 6141,3174 2035,4504
1,7870002 B 3417,7966 9806,278 8958,292 7151,9033 12139,343 4883,722 S 4227,7163 15344,382 6157,2007 9597,146 6141,3174 2035,4504
1,7870003 B 3417,7966 9806,278 8958,292 7151,9033 12139,343 4883,722 S 4227,7163 15344,382 6157,2007 9597,146 6141,3174 2035,4504
1,7870002 B 3417,7966 9806,278 8958,292 7151,9033 12139,343 4883,722 S 4227,7163 15344,382 6157,2007 9597,146 6141,3174 2035,4504
1,7870003 B 3417,7966 9806,278 8958,292 7151,9033 12139,343 4883,722 S 4227,7163 15344,382 6157,2007 9597,146 6141,3174 2035,4504
1,7869996 B 3417,7966 9806,278 8958,292 7151,9033 12139,343 4883,722 S 4227,7163 15344,382 6157,2007 9597,146 6141,3174 2035,4504
1,7870002 B 3417,7966 9806,278 8958,292 7151,9033 12139,343 4883,722 S 4227,7163 15344,382 6157,2007 9597,146 6141,3174 2035,4504
1,7870004 B 3417,7966 9806,278 8958,292 7151,9033 12139,343 4883,722 S 4227,7163 15344,382 6157,2007 9597,146 6141,3174 2035,4504
1,7870002 B 3417,7966 9806,278 8958,292 7151,9033 12139,343 4883,722 S 4227,7163 15344,382 6157,2007 9597,146 6141,3174 2035,4504
1,7870001 B 3417,7966 9806,278 8958,292 7151,9033 12139,343 4883,722 S 4227,7163 15344,382 6157,2007 9597,146 6141,3174 2035,4504
1,7862161 B 3417,7966 9806,278 8958,292 7151,9033 12139,343 4883,722 S 4227,7163 15344,382 6157,2007 9597,146 6141,3174 2035,4504
1,7850001 B 3417,7966 9806,278 8958,292 7151,9033 12139,343 4883,722 S 4227,7163 15344,382 6157,2007 9597,146 6141,3174 2035,4504
1,7849998 B 3417,7966 9806,278 8958,292 7151,9033 12139,343 4883,722 S 4227,7163 15344,382 6157,2007 9597,146 6141,3174 2035,4504
1,7850001 B 3417,7966 9806,278 8958,292 7151,9033 12139,343 4883,722 S 4227,7163 15344,382 6157,2007 9597,146 6141,3174 2035,4504
1,7850001 B 3417,7966 9806,278 8958,292 7151,9033 12139,343 4883,722 S 4227,7163 15344,382 6157,2007 9597,146 6141,3174 2035,4504
1,7850004 B 3417,7966 9806,278 8958,292 7151,9033 12139,343 4883,722 S 4227,7163 15344,382 6157,2007 9597,146 6141,3174 2035,4504
1,7850004 B 3417,7966 9806,278 8958,292 7151,9033 12139,343 4883,722 S 4227,7163 15344,382 6157,2007 9597,146 6141,3174 2035,4504
1,7849998 B 3417,7966 9806,278 8958,292 7151,9033 12139,343 4883,722 S 4227,7163 15344,382 6157,2007 9597,146 6141,3174 2035,4504
1,7850002 B 3417,7966 9806,278 8958,292 7151,9033 12139,343 4883,722 S 4227,7163 15344,382 6157,2007 9597,146 6141,3174 2035,4504
1,785 B 3417,7966 9806,278 8958,292 7151,9033 12139,343 4883,722 S 4227,7163 15344,382 6157,2007 9597,146 6141,3174 2035,4504
1,7849995 B 3417,7966 9806,278 8958,292 7151,9033 12139,343 4883,722 S 4227,7163 15344,382 6157,2007 9597,146 6141,3174 2035,4504
1,7850002 B 3417,7966 9806,278 8958,292 7151,9033 12139,343 4883,722 S 4227,7163 15344,382 6157,2007 9597,146 6141,3174 2035,4504
1,7849997 B 3417,7966 9806,278 8958,292 7151,9033 12139,343 4883,722 S 4227,7163 15344,382 6157,2007 9597,146 6141,3174 2035,4504
1,7850001 B 3417,7966 9806,278 8958,292 7151,9033 12139,343 4883,722 S 4227,7163 15344,382 6157,2007 9597,146 6141,3174 2035,4504
1,7849997 B 3417,7966 9806,278 8958,292 7151,9033 12139,343 4883,722 S 4227,7163 15344,382 6157,2007 9597,146 6141,3174 2035,4504
1,7849998 B 3417,7966 9806,278 8958,292 7151,9033 12139,343 4883,722 S 4227,7163 15344,382 6157,2007 9597,146 6141,3174 2035,4504
1,7858394 B 3417,7966 9806,278 8958,292 7151,9033 12139,343 4883,722 S 4227,7163 15344,382 6157,2007 9597,146 6141,3174 2035,4504
1,7860006 B 3417,7966 9806,278 8958,292 7151,9033 12139,343 4883,722 S 4227,7163 15344,382 6157,2007 9597,146 6141,3174 2035,4504
1,7860001 B 3417,7966 9806,278 8958,292 7151,9033 12139,343 4883,722 S 4227,7163 15344,382 6157,2007 9597,146 6141,3174 2035,4504
1,786 B 3417,7966 9806,278 8958,292 7151,9033 12139,343 4883,722 S 4227,7163 15344,382 6157,2007 9597,146 6141,3174 2035,4504
1,7859997 B 3417,7966 9806,278 8958,292 7151,9033 12139,343 4883,722 S 4227,7163 15344,382 6157,2007 9597,146 6141,3174 2035,4504
1,786 B 3417,7966 9806,278 8958,292 7151,9033 12139,343 4883,722 S 4227,7163 15344,382 6157,2007 9597,146 6141,3174 2035,4504
1,7877766 B 3417,7966 9806,278 8958,292 7151,9033 12139,343 4883,722 S 4227,7163 15344,382 6157,2007 9597,146 6141,3174 2035,4504
1,7889997 B 3417,7966 9806,278 8958,292 7151,9033 12139,343 4883,722 S 4227,7163 15344,382 6157,2007 9597,146 6141,3174 2035,4504
1,7890002 B 3417,7966 9806,278 8958,292 7151,9033 12139,343 4883,722 S 4227,7163 15344,382 6157,2007 9597,146 6141,3174 2035,4504
1,7890956 B 3417,7966 9806,278 8958,292 7151,9033 12139,343 4883,722 S 4227,7163 15344,382 6157,2007 9597,146 6141,3174 2035,4504
1,7900002 B 3417,7966 9806,278 8958,292 7151,9033 12139,343 4883,722 S 4227,7163 15344,382 6157,2007 9597,146 6141,3174 2035,4504
1,7899996 B 3417,7966 9806,278 8958,292 7151,9033 12139,343 4883,722 S 4227,7163 15344,382 6157,2007 9597,146 6141,3174 2035,4504
1,7900002 B 3417,7966 9806,278 8958,292 7151,9033 12139,343 4883,722 S 4227,7163 15344,382 6157,2007 9597,146 6141,3174 2035,4504
1,7899998 B 3417,7966 9806,278 8958,292 7151,9033 12139,343 4883,722 S 4227,7163 15344,382 6157,2007 9597,146 6141,3174 2035,4504
1,7899998 B 3417,7966 9806,278 8958,292 7151,9033 12139,343 4883,722 S 4227,7163 15344,382 6157,2007 9597,146 6141,3174 2035,4504
1,7899996 B 3417,7966 9806,278 8958,292 7151,9033 12139,343 4883,722 S 4227,7163 15344,382 6157,2007 9597,146 6141,3174 2035,4504
1,7899996 B 3417,7966 9806,278 8958,292 7151,9033 12139,343 4883,722 S 4227,7163 15344,382 6157,2007 9597,146 6141,3174 2035,4504
1,7899998 B 3417,7966 9806,278 8958,292 7151,9033 12139,343 4883,722 S 4227,7163 15344,382 6157,2007 9597,146 6141,3174 2035,4504
1,7897123 B 3417,7966 9806,278 8958,292 7151,9033 12139,343 4883,722 S 4227,7163 15344,382 6157,2007 9597,146 6141,3174 2035,4504
1,789 B 3417,7966 9806,278 8958,292 7151,9033 12139,343 4883,722 S 4227,7163 15344,382 6157,2007 9597,146 6141,3174 2035,4504
1,7897092 B 3417,7966 9806,278 8958,292 7151,9033 12139,343 4883,722 S 4227,7163 15344,382 6157,2007 9597,146 6141,3174 2035,4504
1,7899998 B 3417,7966 9806,278 8958,292 7151,9033 12139,343 4883,722 S 4227,7163 15344,382 6157,2007 9597,146 6141,3174 2035,4504
1,7900002 B 3417,7966 9806,278 8958,292 7151,9033 12139,343 4883,722 S 4227,7163 15344,382 6157,2007 9597,146 6141,3174 2035,4504
1,7900007 B 3417,7966 9806,278 8958,292 7151,9033 12139,343 4883,722 S 4227,7163 15344,382 6157,2007 9597,146 6141,3174 2035,4504
1,7900004 B 3417,7966 9806,278 8958,292 7151,9033 12139,343 4883,722 S 4227,7163 15344,382 6157,2007 9597,146 6141,3174 2035,4504
1,7899997 B 3417,7966 9806,278 8958,292 7151,9033 12139,343 4883,722 S 4227,7163 15344,382 6157,2007 9597,146 6141,3174 2035,4504
1,7894597 B 3417,7966 9806,278 8958,292 7151,9033 12139,343 4883,722 S 4227,7163 15344,382 6157,2007 9597,146 6141,3174 2035,4504
1,7895863 B 3417,7966 9806,278 8958,292 7151,9033 12139,343 4883,722 S 4227,7163 15344,382 6157,2007 9597,146 6141,3174 2035,4504
1,7900006 B 3417,7966 9806,278 8958,292 7151,9033 12139,343 4883,722 S 4227,7163 15344,382 6157,2007 9597,146 6141,3174 2035,4504
1,7899992 B 3417,7966 9806,278 8958,292 7151,9033 12139,343 4883,722 S 4227,7163 15344,382 6157,2007 9597,146 6141,3174 2035,4504
1,7899998 B 3417,7966 9806,278 8958,292 7151,9033 12139,343 4883,722 S 4227,7163 15344,382 6157,2007 9597,146 6141,3174 2035,4504
1,7899995 B 3417,7966 9806,278 8958,292 7151,9033 12139,343 4883,722 S 4227,7163 15344,382 6157,2007 9597,146 6141,3174 2035,4504
1,7899998 B 3417,7966 9806,278 8958,292 7151,9033 12139,343 4883,722 S 4227,7163 15344,382 6157,2007 9597,146 6141,3174 2035,4504
1,7899997 B 3417,7966 9806,278 8958,292 7151,9033 12139,343 4883,722 S 4227,7163 15344,382 6157,2007 9597,146 6141,3174 2035,4504
1,7900001 B 3417,7966 9806,278 8958,292 7151,9033 12139,343 4883,722 S 4227,7163 15344,382 6157,2007 9597,146 6141,3174 2035,4504
1,7899997 B 3417,7966 9806,278 8958,292 7151,9033 12139,343 4883,722 S 4227,7163 15344,382 6157,2007 9597,146 6141,3174 2035,4504
1,7892776 B 3417,7966 9806,278 8958,292 7151,9033 12139,343 4883,722 S 4227,7163 15344,382 6157,2007 9597,146 6141,3174 2035,4504
1,7890011 B 3417,7966 9806,278 8958,292 7151,9033 12139,343 4883,722 S 4227,7163 15344,382 6157,2007 9597,146 6141,3174 2035,4504
1,7890002 B 3417,7966 9806,278 8958,292 7151,9033 12139,343 4883,722 S 4227,7163 15344,382 6157,2007 9597,146 6141,3174 2035,4504
1,7890003 B 3417,7966 9806,278 8958,292 7151,9033 12139,343 4883,722 S 4227,7163 15344,382 6157,2007 9597,146 6141,3174 2035,4504
1,7890004 B 3417,7966 9806,278 8958,292 7151,9033 12139,343 4883,722 S 4227,7163 15344,382 6157,2007 9597,146 6141,3174 2035,4504
1,7890004 B 3417,7966 9806,278 8958,292 7151,9033 12139,343 4883,722 S 4227,7163 15344,382 6157,2007 9597,146 6141,3174 2035,4504
1,7890003 B 3417,7966 9806,278 8958,292 7151,9033 12139,343 4883,722 S 4227,7163 15344,382 6157,2007 9597,146 6141,3174 2035,4504
1,7889996 B 3417,7966 9806,278 8958,292 7151,9033 12139,343 4883,722 S 4227,7163 15344,382 6157,2007 9597,146 6141,3174 2035,4504
1,7892799 B 3417,7966 9806,278 8958,292 7151,9033 12139,343 4883,722 S 4227,7163 15344,382 6157,2007 9597,146 6141,3174 2035,4504
1,7910002 B 3417,7966 9806,278 8958,292 7151,9033 12139,343 4883,722 S 4227,7163 15344,382 6157,2007 9597,146 6141,3174 2035,4504
1,7910004 B 3417,7966 9806,278 8958,292 7151,9033 12139,343 4883,722 S 4227,7163 15344,382 6157,2007 9597,146 6141,3174 2035,4504
1,7910002 B 3417,7966 9806,278 8958,292 7151,9033 12139,343 4883,722 S 4227,7163 15344,382 6157,2007 9597,146 6141,3174 2035,4504
1,791456 B 3417,7966 9806,278 8958,292 7151,9033 12139,343 4883,722 S 4227,7163 15344,382 6157,2007 9597,146 6141,3174 2035,4504
1,7920007 B 3417,7966 9806,278 8958,292 7151,9033 12139,343 4883,722 S 4227,7163 15344,382 6157,2007 9597,146 6141,3174 2035,4504
1,7920002 B 3417,7966 9806,278 8958,292 7151,9033 12139,343 4883,722 S 4227,7163 15344,382 6157,2007 9597,146 6141,3174 2035,4504
1,7920003 B 3417,7966 9806,278 8958,292 7151,9033 12139,343 4883,722 S 4227,7163 15344,382 6157,2007 9597,146 6141,3174 2035,4504
1,7920004 B 3417,7966 9806,278 8958,292 7151,9033 12139,343 4883,722 S 4227,7163 15344,382 6157,2007 9597,146 6141,3174 2035,4504
1,7920002 B 3417,7966 9806,278 8958,292 7151,9033 12139,343 4883,722 S 4227,7163 15344,382 6157,2007 9597,146 6141,3174 2035,4504
1,7920848 B 3417,7966 9806,278 8958,292 7151,9033 12139,343 4883,722 S 4227,7163 15344,382 6157,2007 9597,146 6141,3174 2035,4504
1,7929991 B 3417,7966 9806,278 8958,292 7151,9033 12139,343 4883,722 S 4227,7163 15344,382 6157,2007 9597,146 6141,3174 2035,4504
1,7929993 B 3417,7966 9806,278 8958,292 7151,9033 12139,343 4883,722 S 4227,7163 15344,382 6157,2007 9597,146 6141,3174 2035,4504
1,7929995 B 3417,7966 9806,278 8958,292 7151,9033 12139,343 4883,722 S 4227,7163 15344,382 6157,2007 9597,146 6141,3174 2035,4504
