1,7900016
1,7899997 B 375,77 4324,3696 16841,21 7880,7983 12051,088 8531,027 S 1198,3198 20206,541 5934,0796 11194,261 7343,47 1681,7897
1,7900003 B 375,77 4324,3696 16841,21 7880,7983 12051,088 8531,027 S 1198,3198 20206,541 5934,0796 11194,261 7343,47 1681,7897
1,7899998 B 375,77 4324,3696 16841,21 7880,7983 12051,088 8531,027 S 1198,3198 20206,541 5934,0796 11194,261 7343,47 1681,7897
1,7899997 B 375,77 4324,3696 16841,21 7880,7983 12051,088 8531,027 S 1198,3198 20206,541 5934,0796 11194,261 7343,47 1681,7897
1,7900002 B 375,77 4324,3696 16841,21 7880,7983 12051,088 8531,027 S 1198,3198 20206,541 5934,0796 11194,261 7343,47 1681,7897
1,7900002 B 375,77 4324,3696 16841,21 7880,7983 12051,088 8531,027 S 1198,3198 20206,541 5934,0796 11194,261 7343,47 1681,7897
1,7900003 B 375,77 4324,3696 16841,21 7880,7983 12051,088 8531,027 S 1198,3198 20206,541 5934,0796 11194,261 7343,47 1681,7897
1,7900002 B 375,77 4324,3696 16841,21 7880,7983 12051,088 8531,027 S 1198,3198 20206,541 5934,0796 11194,261 7343,47 1681,7897
1,7900004 B 375,77 4324,3696 16841,21 7880,7983 12051,088 8531,027 S 1198,3198 20206,541 5934,0796 11194,261 7343,47 1681,7897
1,7899995 B 375,77 4324,3696 16841,21 7880,7983 12051,088 8531,027 S 1198,3198 20206,541 5934,0796 11194,261 7343,47 1681,7897
1,7900003 B 375,77 4324,3696 16841,21 7880,7983 12051,088 8531,027 S 1198,3198 20206,541 5934,0796 11194,261 7343,47 1681,7897
1,7899995 B 375,77 4324,3696 16841,21 7880,7983 12051,088 8531,027 S 1198,3198 20206,541 5934,0796 11194,261 7343,47 1681,7897
1,7900002 B 375,77 4324,3696 16841,21 7880,7983 12051,088 8531,027 S 1198,3198 20206,541 5934,0796 11194,261 7343,47 1681,7897
1,7900002 B 375,77 4324,3696 16841,21 7880,7983 12051,088 8531,027 S 1198,3198 20206,541 5934,0796 11194,261 7343,47 1681,7897
1,7900002 B 375,77 4324,3696 16841,21 7880,7983 12051,088 8531,027 S 1198,3198 20206,541 5934,0796 11194,261 7343,47 1681,7897
1,7900004 B 375,77 4324,3696 16841,21 7880,7983 12051,088 8531,027 S 1198,3198 20206,541 5934,0796 11194,261 7343,47 1681,7897
1,7900004 B 375,77 4324,3696 16841,21 7880,7983 12051,088 8531,027 S 1198,3198 20206,541 5934,0796 11194,261 7343,47 1681,7897
1,7900002 B 375,77 4324,3696 16841,21 7880,7983 12051,088 8531,027 S 1198,3198 20206,541 5934,0796 11194,261 7343,47 1681,7897
1,7899997 B 375,77 4324,3696 16841,21 7880,7983 12051,088 8531,027 S 1198,3198 20206,541 5934,0796 11194,261 7343,47 1681,7897
1,7900003 B 375,77 4324,3696 16841,21 7880,7983 12051,088 8531,027 S 1198,3198 20206,541 5934,0796 11194,261 7343,47 1681,7897
1,7900002 B 375,77 4324,3696 16841,21 7880,7983 12051,088 8531,027 S 1198,3198 20206,541 5934,0796 11194,261 7343,47 1681,7897
1,7900001 B 375,77 4324,3696 16841,21 7880,7983 12051,088 8531,027 S 1198,3198 20206,541 5934,0796 11194,261 7343,47 1681,7897
1,7900002 B 375,77 4324,3696 16841,21 7880,7983 12051,088 8531,027 S 1198,3198 20206,541 5934,0796 11194,261 7343,47 1681,7897
1,7900002 B 375,77 4324,3696 16841,21 7880,7983 12051,088 8531,027 S 1198,3198 20206,541 5934,0796 11194,261 7343,47 1681,7897
1,7899997 B 375,77 4324,3696 16841,21 7880,7983 12051,088 8531,027 S 1198,3198 20206,541 5934,0796 11194,261 7343,47 1681,7897
1,7899996 B 375,77 4324,3696 16841,21 7880,7983 12051,088 8531,027 S 1198,3198 20206,541 5934,0796 11194,261 7343,47 1681,7897
1,7899996 B 375,77 4324,3696 16841,21 7880,7983 12051,088 8531,027 S 1198,3198 20206,541 5934,0796 11194,261 7343,47 1681,7897
1,7900003 B 375,77 4324,3696 16841,21 7880,7983 12051,088 8531,027 S 1198,3198 20206,541 5934,0796 11194,261 7343,47 1681,7897
1,7900001 B 375,77 4324,3696 16841,21 7880,7983 12051,088 8531,027 S 1198,3198 20206,541 5934,0796 11194,261 7343,47 1681,7897
1,7900002 B 375,77 4324,3696 16841,21 7880,7983 12051,088 8531,027 S 1198,3198 20206,541 5934,0796 11194,261 7343,47 1681,7897
1,7899995 B 375,77 4324,3696 16841,21 7880,7983 12051,088 8531,027 S 1198,3198 20206,541 5934,0796 11194,261 7343,47 1681,7897
1,7899998 B 375,77 4324,3696 16841,21 7880,7983 12051,088 8531,027 S 1198,3198 20206,541 5934,0796 11194,261 7343,47 1681,7897
1,7900001 B 375,77 4324,3696 16841,21 7880,7983 12051,088 8531,027 S 1198,3198 20206,541 5934,0796 11194,261 7343,47 1681,7897
1,7899997 B 375,77 4324,3696 16841,21 7880,7983 12051,088 8531,027 S 1198,3198 20206,541 5934,0796 11194,261 7343,47 1681,7897
1,7900002 B 375,77 4324,3696 16841,21 7880,7983 12051,088 8531,027 S 1198,3198 20206,541 5934,0796 11194,261 7343,47 1681,7897
1,7899996 B 375,77 4324,3696 16841,21 7880,7983 12051,088 8531,027 S 1198,3198 20206,541 5934,0796 11194,261 7343,47 1681,7897
1,7899996 B 375,77 4324,3696 16841,21 7880,7983 12051,088 8531,027 S 1198,3198 20206,541 5934,0796 11194,261 7343,47 1681,7897
1,7899997 B 375,77 4324,3696 16841,21 7880,7983 12051,088 8531,027 S 1198,3198 20206,541 5934,0796 11194,261 7343,47 1681,7897
1,7900003 B 375,77 4324,3696 16841,21 7880,7983 12051,088 8531,027 S 1198,3198 20206,541 5934,0796 11194,261 7343,47 1681,7897
1,7900002 B 375,77 4324,3696 16841,21 7880,7983 12051,088 8531,027 S 1198,3198 20206,541 5934,0796 11194,261 7343,47 1681,7897
1,7900001 B 375,77 4324,3696 16841,21 7880,7983 12051,088 8531,027 S 1198,3198 20206,541 5934,0796 11194,261 7343,47 1681,7897
1,7900003 B 375,77 4324,3696 16841,21 7880,7983 12051,088 8531,027 S 1198,3198 20206,541 5934,0796 11194,261 7343,47 1681,7897
1,7899998 B 375,77 4324,3696 16841,21 7880,7983 12051,088 8531,027 S 1198,3198 20206,541 5934,0796 11194,261 7343,47 1681,7897
1,7899997 B 375,77 4324,3696 16841,21 7880,7983 12051,088 8531,027 S 1198,3198 20206,541 5934,0796 11194,261 7343,47 1681,7897
1,7899997 B 375,77 4324,3696 16841,21 7880,7983 12051,088 8531,027 S 1198,3198 20206,541 5934,0796 11194,261 7343,47 1681,7897
1,7900004 B 375,77 4324,3696 16841,21 7880,7983 12051,088 8531,027 S 1198,3198 20206,541 5934,0796 11194,261 7343,47 1681,7897
1,7900004 B 375,77 4324,3696 16841,21 7880,7983 12051,088 8531,027 S 1198,3198 20206,541 5934,0796 11194,261 7343,47 1681,7897
1,7900001 B 375,77 4324,3696 16841,21 7880,7983 12051,088 8531,027 S 1198,3198 20206,541 5934,0796 11194,261 7343,47 1681,7897
1,7900002 B 375,77 4324,3696 16841,21 7880,7983 12051,088 8531,027 S 1198,3198 20206,541 5934,0796 11194,261 7343,47 1681,7897
1,7899998 B 375,77 4324,3696 16841,21 7880,7983 12051,088 8531,027 S 1198,3198 20206,541 5934,0796 11194,261 7343,47 1681,7897
1,7900001 B 375,77 4324,3696 16841,21 7880,7983 12051,088 8531,027 S 1198,3198 20206,541 5934,0796 11194,261 7343,47 1681,7897
1,7899997 B 375,77 4324,3696 16841,21 7880,7983 12051,088 8531,027 S 1198,3198 20206,541 5934,0796 11194,261 7343,47 1681,7897
1,7899996 B 375,77 4324,3696 16841,21 7880,7983 12051,088 8531,027 S 1198,3198 20206,541 5934,0796 11194,261 7343,47 1681,7897
1,7899996 B 375,77 4324,3696 16841,21 7880,7983 12051,088 8531,027 S 1198,3198 20206,541 5934,0796 11194,261 7343,47 1681,7897
1,7899997 B 375,77 4324,3696 16841,21 7880,7983 12051,088 8531,027 S 1198,3198 20206,541 5934,0796 11194,261 7343,47 1681,7897
1,7900004 B 375,77 4324,3696 16841,21 7880,7983 12051,088 8531,027 S 1198,3198 20206,541 5934,0796 11194,261 7343,47 1681,7897
1,7900002 B 375,77 4324,3696 16841,21 7880,7983 12051,088 8531,027 S 1198,3198 20206,541 5934,0796 11194,261 7343,47 1681,7897
1,7900001 B 375,77 4324,3696 16841,21 7880,7983 12051,088 8531,027 S 1198,3198 20206,541 5934,0796 11194,261 7343,47 1681,7897
1,7900006 B 375,77 4324,3696 16841,21 7880,7983 12051,088 8531,027 S 1198,3198 20206,541 5934,0796 11194,261 7343,47 1681,7897
1,7900001 B 375,77 4324,3696 16841,21 7880,7983 12051,088 8531,027 S 1198,3198 20206,541 5934,0796 11194,261 7343,47 1681,7897
1,7900001 B 375,77 4324,3696 16841,21 7880,7983 12051,088 8531,027 S 1198,3198 20206,541 5934,0796 11194,261 7343,47 1681,7897
1,7899998 B 375,77 4324,3696 16841,21 7880,7983 12051,088 8531,027 S 1198,3198 20206,541 5934,0796 11194,261 7343,47 1681,7897
1,7899998 B 375,77 4324,3696 16841,21 7880,7983 12051,088 8531,027 S 1198,3198 20206,541 5934,0796 11194,261 7343,47 1681,7897
1,7899997 B 375,77 4324,3696 16841,21 7880,7983 12051,088 8531,027 S 1198,3198 20206,541 5934,0796 11194,261 7343,47 1681,7897
1,7900003 B 375,77 4324,3696 16841,21 7880,7983 12051,088 8531,027 S 1198,3198 20206,541 5934,0796 11194,261 7343,47 1681,7897
1,7899997 B 375,77 4324,3696 16841,21 7880,7983 12051,088 8531,027 S 1198,3198 20206,541 5934,0796 11194,261 7343,47 1681,7897
1,7899996 B 375,77 4324,3696 16841,21 7880,7983 12051,088 8531,027 S 1198,3198 20206,541 5934,0796 11194,261 7343,47 1681,7897
1,7900002 B 375,77 4324,3696 16841,21 7880,7983 12051,088 8531,027 S 1198,3198 20206,541 5934,0796 11194,261 7343,47 1681,7897
1,7900004 B 375,77 4324,3696 16841,21 7880,7983 12051,088 8531,027 S 1198,3198 20206,541 5934,0796 11194,261 7343,47 1681,7897
1,7899998 B 375,77 4324,3696 16841,21 7880,7983 12051,088 8531,027 S 1198,3198 20206,541 5934,0796 11194,261 7343,47 1681,7897
1,7900001 B 375,77 4324,3696 16841,21 7880,7983 12051,088 8531,027 S 1198,3198 20206,541 5934,0796 11194,261 7343,47 1681,7897
1,7900003 B 375,77 4324,3696 16841,21 7880,7983 12051,088 8531,027 S 1198,3198 20206,541 5934,0796 11194,261 7343,47 1681,7897
1,7899992 B 375,77 4324,3696 16841,21 7880,7983 12051,088 8531,027 S 1198,3198 20206,541 5934,0796 11194,261 7343,47 1681,7897
1,7900001 B 375,77 4324,3696 16841,21 7880,7983 12051,088 8531,027 S 1198,3198 20206,541 5934,0796 11194,261 7343,47 1681,7897
1,7899994 B 375,77 4324,3696 16841,21 7880,7983 12051,088 8531,027 S 1198,3198 20206,541 5934,0796 11194,261 7343,47 1681,7897
1,7900001 B 375,77 4324,3696 16841,21 7880,7983 12051,088 8531,027 S 1198,3198 20206,541 5934,0796 11194,261 7343,47 1681,7897
1,7900002 B 375,77 4324,3696 16841,21 7880,7983 12051,088 8531,027 S 1198,3198 20206,541 5934,0796 11194,261 7343,47 1681,7897
1,7900004 B 375,77 4324,3696 16841,21 7880,7983 12051,088 8531,027 S 1198,3198 20206,541 5934,0796 11194,261 7343,47 1681,7897
1,7899996 B 375,77 4324,3696 16841,21 7880,7983 12051,088 8531,027 S 1198,3198 20206,541 5934,0796 11194,261 7343,47 1681,7897
1,7899995 B 375,77 4324,3696 16841,21 7880,7983 12051,088 8531,027 S 1198,3198 20206,541 5934,0796 11194,261 7343,47 1681,7897
1,7900001 B 375,77 4324,3696 16841,21 7880,7983 12051,088 8531,027 S 1198,3198 20206,541 5934,0796 11194,261 7343,47 1681,7897
1,7900003 B 375,77 4324,3696 16841,21 7880,7983 12051,088 8531,027 S 1198,3198 20206,541 5934,0796 11194,261 7343,47 1681,7897
1,7900001 B 375,77 4324,3696 16841,21 7880,7983 12051,088 8531,027 S 1198,3198 20206,541 5934,0796 11194,261 7343,47 1681,7897
1,7900001 B 375,77 4324,3696 16841,21 7880,7983 12051,088 8531,027 S 1198,3198 20206,541 5934,0796 11194,261 7343,47 1681,7897
1,7900003 B 375,77 4324,3696 16841,21 7880,7983 12051,088 8531,027 S 1198,3198 20206,541 5934,0796 11194,261 7343,47 1681,7897
1,7899996 B 375,77 4324,3696 16841,21 7880,7983 12051,088 8531,027 S 1198,3198 20206,541 5934,0796 11194,261 7343,47 1681,7897
1,7899998 B 375,77 4324,3696 16841,21 7880,7983 12051,088 8531,027 S 1198,3198 20206,541 5934,0796 11194,261 7343,47 1681,7897
1,7899998 B 375,77 4324,3696 16841,21 7880,7983 12051,088 8531,027 S 1198,3198 20206,541 5934,0796 11194,261 7343,47 1681,7897
1,7900004 B 375,77 4324,3696 16841,21 7880,7983 12051,088 8531,027 S 1198,3198 20206,541 5934,0796 11194,261 7343,47 1681,7897
1,7899997 B 375,77 4324,3696 16841,21 7880,7983 12051,088 8531,027 S 1198,3198 20206,541 5934,0796 11194,261 7343,47 1681,7897
1,7900002 B 375,77 4324,3696 16841,21 7880,7983 12051,088 8531,027 S 1198,3198 20206,541 5934,0796 11194,261 7343,47 1681,7897
1,7899997 B 375,77 4324,3696 16841,21 7880,7983 12051,088 8531,027 S 1198,3198 20206,541 5934,0796 11194,261 7343,47 1681,7897
1,7899998 B 375,77 4324,3696 16841,21 7880,7983 12051,088 8531,027 S 1198,3198 20206,541 5934,0796 11194,261 7343,47 1681,7897
1,7900002 B 375,77 4324,3696 16841,21 7880,7983 12051,088 8531,027 S 1198,3198 20206,541 5934,0796 11194,261 7343,47 1681,7897
1,7900003 B 375,77 4324,3696 16841,21 7880,7983 12051,088 8531,027 S 1198,3198 20206,541 5934,0796 11194,261 7343,47 1681,7897
1,7900001 B 375,77 4324,3696 16841,21 7880,7983 12051,088 8531,027 S 1198,3198 20206,541 5934,0796 11194,261 7343,47 1681,7897
1,7900003 B 375,77 4324,3696 16841,21 7880,7983 12051,088 8531,027 S 1198,3198 20206,541 5934,0796 11194,261 7343,47 1681,7897
1,7899998 B 375,77 4324,3696 16841,21 7880,7983 12051,088 8531,027 S 1198,3198 20206,541 5934,0796 11194,261 7343,47 1681,7897
1,7900008 B 375,77 4324,3696 16841,21 7880,7983 12051,088 8531,027 S 1198,3198 20206,541 5934,0796 11194,261 7343,47 1681,7897
1,7900002 B 375,77 4324,3696 16841,21 7880,7983 12051,088 8531,027 S 1198,3198 20206,541 5934,0796 11194,261 7343,47 1681,7897
1,7900006 B 375,77 4324,3696 16841,21 7880,7983 12051,088 8531,027 S 1198,3198 20206,541 5934,0796 11194,261 7343,47 1681,7897
1,7899998 B 375,77 4324,3696 16841,21 7880,7983 12051,088 8531,027 S 1198,3198 20206,541 5934,0796 11194,261 7343,47 1681,7897
1,7900004 B 375,77 4324,3696 16841,21 7880,7983 12051,088 8531,027 S 1198,3198 20206,541 5934,0796 11194,261 7343,47 1681,7897
1,7900003 B 375,77 4324,3696 16841,21 7880,7983 12051,088 8531,027 S 1198,3198 20206,541 5934,0796 11194,261 7343,47 1681,7897
1,7900001 B 375,77 4324,3696 16841,21 7880,7983 12051,088 8531,027 S 1198,3198 20206,541 5934,0796 11194,261 7343,47 1681,7897
1,7900001 B 375,77 4324,3696 16841,21 7880,7983 12051,088 8531,027 S 1198,3198 20206,541 5934,0796 11194,261 7343,47 1681,7897
1,7899997 B 375,77 4324,3696 16841,21 7880,7983 12051,088 8531,027 S 1198,3198 20206,541 5934,0796 11194,261 7343,47 1681,7897
1,7900003 B 375,77 4324,3696 16841,21 7880,7983 12051,088 8531,027 S 1198,3198 20206,541 5934,0796 11194,261 7343,47 1681,7897
1,7900003 B 375,77 4324,3696 16841,21 7880,7983 12051,088 8531,027 S 1198,3198 20206,541 5934,0796 11194,261 7343,47 1681,7897
1,7900002 B 375,77 4324,3696 16841,21 7880,7983 12051,088 8531,027 S 1198,3198 20206,541 5934,0796 11194,261 7343,47 1681,7897
1,7899997 B 375,77 4324,3696 16841,21 7880,7983 12051,088 8531,027 S 1198,3198 20206,541 5934,0796 11194,261 7343,47 1681,7897
1,7899996 B 375,77 4324,3696 16841,21 7880,7983 12051,088 8531,027 S 1198,3198 20206,541 5934,0796 11194,261 7343,47 1681,7897
1,7900002 B 375,77 4324,3696 16841,21 7880,7983 12051,088 8531,027 S 1198,3198 20206,541 5934,0796 11194,261 7343,47 1681,7897
1,7900003 B 375,77 4324,3696 16841,21 7880,7983 12051,088 8531,027 S 1198,3198 20206,541 5934,0796 11194,261 7343,47 1681,7897
1,7900001 B 375,77 4324,3696 16841,21 7880,7983 12051,088 8531,027 S 1198,3198 20206,541 5934,0796 11194,261 7343,47 1681,7897
1,7900003 B 375,77 4324,3696 16841,21 7880,7983 12051,088 8531,027 S 1198,3198 20206,541 5934,0796 11194,261 7343,47 1681,7897
1,7899995 B 375,77 4324,3696 16841,21 7880,7983 12051,088 8531,027 S 1198,3198 20206,541 5934,0796 11194,261 7343,47 1681,7897
1,7899997 B 375,77 4324,3696 16841,21 7880,7983 12051,088 8531,027 S 1198,3198 20206,541 5934,0796 11194,261 7343,47 1681,7897
1,7900004 B 375,77 4324,3696 16841,21 7880,7983 12051,088 8531,027 S 1198,3198 20206,541 5934,0796 11194,261 7343,47 1681,7897
1,7900002 B 375,77 4324,3696 16841,21 7880,7983 12051,088 8531,027 S 1198,3198 20206,541 5934,0796 11194,261 7343,47 1681,7897
1,7899997 B 375,77 4324,3696 16841,21 7880,7983 12051,088 8531,027 S 1198,3198 20206,541 5934,0796 11194,261 7343,47 1681,7897
1,7900001 B 375,77 4324,3696 16841,21 7880,7983 12051,088 8531,027 S 1198,3198 20206,541 5934,0796 11194,261 7343,47 1681,7897
1,7900001 B 375,77 4324,3696 16841,21 7880,7983 12051,088 8531,027 S 1198,3198 20206,541 5934,0796 11194,261 7343,47 1681,7897
1,7899997 B 375,77 4324,3696 16841,21 7880,7983 12051,088 8531,027 S 1198,3198 20206,541 5934,0796 11194,261 7343,47 1681,7897
1,7900001 B 375,77 4324,3696 16841,21 7880,7983 12051,088 8531,027 S 1198,3198 20206,541 5934,0796 11194,261 7343,47 1681,7897
1,7900002 B 375,77 4324,3696 16841,21 7880,7983 12051,088 8531,027 S 1198,3198 20206,541 5934,0796 11194,261 7343,47 1681,7897
1,7899998 B 375,77 4324,3696 16841,21 7880,7983 12051,088 8531,027 S 1198,3198 20206,541 5934,0796 11194,261 7343,47 1681,7897
1,7899997 B 375,77 4324,3696 16841,21 7880,7983 12051,088 8531,027 S 1198,3198 20206,541 5934,0796 11194,261 7343,47 1681,7897
1,7900008 B 375,77 4324,3696 16841,21 7880,7983 12051,088 8531,027 S 1198,3198 20206,541 5934,0796 11194,261 7343,47 1681,7897
1,7899996 B 375,77 4324,3696 16841,21 7880,7983 12051,088 8531,027 S 1198,3198 20206,541 5934,0796 11194,261 7343,47 1681,7897
1,7899998 B 375,77 4324,3696 16841,21 7880,7983 12051,088 8531,027 S 1198,3198 20206,541 5934,0796 11194,261 7343,47 1681,7897
1,7899998 B 375,77 4324,3696 16841,21 7880,7983 12051,088 8531,027 S 1198,3198 20206,541 5934,0796 11194,261 7343,47 1681,7897
1,7900006 B 375,77 4324,3696 16841,21 7880,7983 12051,088 8531,027 S 1198,3198 20206,541 5934,0796 11194,261 7343,47 1681,7897
1,7900006 B 375,77 4324,3696 16841,21 7880,7983 12051,088 8531,027 S 1198,3198 20206,541 5934,0796 11194,261 7343,47 1681,7897
1,7899998 B 375,77 4324,3696 16841,21 7880,7983 12051,088 8531,027 S 1198,3198 20206,541 5934,0796 11194,261 7343,47 1681,7897
1,7900006 B 375,77 4324,3696 16841,21 7880,7983 12051,088 8531,027 S 1198,3198 20206,541 5934,0796 11194,261 7343,47 1681,7897
1,7900004 B 375,77 4324,3696 16841,21 7880,7983 12051,088 8531,027 S 1198,3198 20206,541 5934,0796 11194,261 7343,47 1681,7897
1,7899998 B 375,77 4324,3696 16841,21 7880,7983 12051,088 8531,027 S 1198,3198 20206,541 5934,0796 11194,261 7343,47 1681,7897
1,7899998 B 375,77 4324,3696 16841,21 7880,7983 12051,088 8531,027 S 1198,3198 20206,541 5934,0796 11194,261 7343,47 1681,7897
1,7900004 B 375,77 4324,3696 16841,21 7880,7983 12051,088 8531,027 S 1198,3198 20206,541 5934,0796 11194,261 7343,47 1681,7897
1,7900006 B 375,77 4324,3696 16841,21 7880,7983 12051,088 8531,027 S 1198,3198 20206,541 5934,0796 11194,261 7343,47 1681,7897
1,7900001 B 375,77 4324,3696 16841,21 7880,7983 12051,088 8531,027 S 1198,3198 20206,541 5934,0796 11194,261 7343,47 1681,7897
1,7899997 B 375,77 4324,3696 16841,21 7880,7983 12051,088 8531,027 S 1198,3198 20206,541 5934,0796 11194,261 7343,47 1681,7897
1,7899998 B 375,77 4324,3696 16841,21 7880,7983 12051,088 8531,027 S 1198,3198 20206,541 5934,0796 11194,261 7343,47 1681,7897
1,7900003 B 375,77 4324,3696 16841,21 7880,7983 12051,088 8531,027 S 1198,3198 20206,541 5934,0796 11194,261 7343,47 1681,7897
1,7899996 B 375,77 4324,3696 16841,21 7880,7983 12051,088 8531,027 S 1198,3198 20206,541 5934,0796 11194,261 7343,47 1681,7897
1,7900002 B 375,77 4324,3696 16841,21 7880,7983 12051,088 8531,027 S 1198,3198 20206,541 5934,0796 11194,261 7343,47 1681,7897
1,7899997 B 375,77 4324,3696 16841,21 7880,7983 12051,088 8531,027 S 1198,3198 20206,541 5934,0796 11194,261 7343,47 1681,7897
1,7899998 B 375,77 4324,3696 16841,21 7880,7983 12051,088 8531,027 S 1198,3198 20206,541 5934,0796 11194,261 7343,47 1681,7897
1,7899996 B 375,77 4324,3696 16841,21 7880,7983 12051,088 8531,027 S 1198,3198 20206,541 5934,0796 11194,261 7343,47 1681,7897
1,7899992 B 375,77 4324,3696 16841,21 7880,7983 12051,088 8531,027 S 1198,3198 20206,541 5934,0796 11194,261 7343,47 1681,7897
1,7900001 B 375,77 4324,3696 16841,21 7880,7983 12051,088 8531,027 S 1198,3198 20206,541 5934,0796 11194,261 7343,47 1681,7897
1,7900002 B 375,77 4324,3696 16841,21 7880,7983 12051,088 8531,027 S 1198,3198 20206,541 5934,0796 11194,261 7343,47 1681,7897
1,7900004 B 375,77 4324,3696 16841,21 7880,7983 12051,088 8531,027 S 1198,3198 20206,541 5934,0796 11194,261 7343,47 1681,7897
1,7900003 B 375,77 4324,3696 16841,21 7880,7983 12051,088 8531,027 S 1198,3198 20206,541 5934,0796 11194,261 7343,47 1681,7897
1,7899998 B 375,77 4324,3696 16841,21 7880,7983 12051,088 8531,027 S 1198,3198 20206,541 5934,0796 11194,261 7343,47 1681,7897
1,7900002 B 375,77 4324,3696 16841,21 7880,7983 12051,088 8531,027 S 1198,3198 20206,541 5934,0796 11194,261 7343,47 1681,7897
1,7900002 B 375,77 4324,3696 16841,21 7880,7983 12051,088 8531,027 S 1198,3198 20206,541 5934,0796 11194,261 7343,47 1681,7897
1,7899998 B 375,77 4324,3696 16841,21 7880,7983 12051,088 8531,027 S 1198,3198 20206,541 5934,0796 11194,261 7343,47 1681,7897
1,7899997 B 375,77 4324,3696 16841,21 7880,7983 12051,088 8531,027 S 1198,3198 20206,541 5934,0796 11194,261 7343,47 1681,7897
1,7899997 B 375,77 4324,3696 16841,21 7880,7983 12051,088 8531,027 S 1198,3198 20206,541 5934,0796 11194,261 7343,47 1681,7897
1,7900003 B 375,77 4324,3696 16841,21 7880,7983 12051,088 8531,027 S 1198,3198 20206,541 5934,0796 11194,261 7343,47 1681,7897
1,7899995 B 375,77 4324,3696 16841,21 7880,7983 12051,088 8531,027 S 1198,3198 20206,541 5934,0796 11194,261 7343,47 1681,7897
1,7899997 B 375,77 4324,3696 16841,21 7880,7983 12051,088 8531,027 S 1198,3198 20206,541 5934,0796 11194,261 7343,47 1681,7897
1,7899995 B 375,77 4324,3696 16841,21 7880,7983 12051,088 8531,027 S 1198,3198 20206,541 5934,0796 11194,261 7343,47 1681,7897
1,7900003 B 375,77 4324,3696 16841,21 7880,7983 12051,088 8531,027 S 1198,3198 20206,541 5934,0796 11194,261 7343,47 1681,7897
1,7899998 B 375,77 4324,3696 16841,21 7880,7983 12051,088 8531,027 S 1198,3198 20206,541 5934,0796 11194,261 7343,47 1681,7897
1,7900003 B 375,77 4324,3696 16841,21 7880,7983 12051,088 8531,027 S 1198,3198 20206,541 5934,0796 11194,261 7343,47 1681,7897
1,7899997 B 375,77 4324,3696 16841,21 7880,7983 12051,088 8531,027 S 1198,3198 20206,541 5934,0796 11194,261 7343,47 1681,7897
1,7899997 B 375,77 4324,3696 16841,21 7880,7983 12051,088 8531,027 S 1198,3198 20206,541 5934,0796 11194,261 7343,47 1681,7897
1,7899998 B 375,77 4324,3696 16841,21 7880,7983 12051,088 8531,027 S 1198,3198 20206,541 5934,0796 11194,261 7343,47 1681,7897
1,7899996 B 375,77 4324,3696 16841,21 7880,7983 12051,088 8531,027 S 1198,3198 20206,541 5934,0796 11194,261 7343,47 1681,7897
1,7900001 B 375,77 4324,3696 16841,21 7880,7983 12051,088 8531,027 S 1198,3198 20206,541 5934,0796 11194,261 7343,47 1681,7897
1,7899995 B 375,77 4324,3696 16841,21 7880,7983 12051,088 8531,027 S 1198,3198 20206,541 5934,0796 11194,261 7343,47 1681,7897
1,7900006 B 375,77 4324,3696 16841,21 7880,7983 12051,088 8531,027 S 1198,3198 20206,541 5934,0796 11194,261 7343,47 1681,7897
1,7900003 B 375,77 4324,3696 16841,21 7880,7983 12051,088 8531,027 S 1198,3198 20206,541 5934,0796 11194,261 7343,47 1681,7897
1,7900003 B 375,77 4324,3696 16841,21 7880,7983 12051,088 8531,027 S 1198,3198 20206,541 5934,0796 11194,261 7343,47 1681,7897
1,7900004 B 375,77 4324,3696 16841,21 7880,7983 12051,088 8531,027 S 1198,3198 20206,541 5934,0796 11194,261 7343,47 1681,7897
1,7900002 B 375,77 4324,3696 16841,21 7880,7983 12051,088 8531,027 S 1198,3198 20206,541 5934,0796 11194,261 7343,47 1681,7897
1,7900002 B 375,77 4324,3696 16841,21 7880,7983 12051,088 8531,027 S 1198,3198 20206,541 5934,0796 11194,261 7343,47 1681,7897
1,7899996 B 375,77 4324,3696 16841,21 7880,7983 12051,088 8531,027 S 1198,3198 20206,541 5934,0796 11194,261 7343,47 1681,7897
1,7899997 B 375,77 4324,3696 16841,21 7880,7983 12051,088 8531,027 S 1198,3198 20206,541 5934,0796 11194,261 7343,47 1681,7897
1,7900003 B 375,77 4324,3696 16841,21 7880,7983 12051,088 8531,027 S 1198,3198 20206,541 5934,0796 11194,261 7343,47 1681,7897
1,7900001 B 375,77 4324,3696 16841,21 7880,7983 12051,088 8531,027 S 1198,3198 20206,541 5934,0796 11194,261 7343,47 1681,7897
1,7900004 B 375,77 4324,3696 16841,21 7880,7983 12051,088 8531,027 S 1198,3198 20206,541 5934,0796 11194,261 7343,47 1681,7897
1,7900001 B 375,77 4324,3696 16841,21 7880,7983 12051,088 8531,027 S 1198,3198 20206,541 5934,0796 11194,261 7343,47 1681,7897
1,7899998 B 375,77 4324,3696 16841,21 7880,7983 12051,088 8531,027 S 1198,3198 20206,541 5934,0796 11194,261 7343,47 1681,7897
1,7900001 B 375,77 4324,3696 16841,21 7880,7983 12051,088 8531,027 S 1198,3198 20206,541 5934,0796 11194,261 7343,47 1681,7897
1,7899997 B 375,77 4324,3696 16841,21 7880,7983 12051,088 8531,027 S 1198,3198 20206,541 5934,0796 11194,261 7343,47 1681,7897
1,7900001 B 375,77 4324,3696 16841,21 7880,7983 12051,088 8531,027 S 1198,3198 20206,541 5934,0796 11194,261 7343,47 1681,7897
1,7899995 B 375,77 4324,3696 16841,21 7880,7983 12051,088 8531,027 S 1198,3198 20206,541 5934,0796 11194,261 7343,47 1681,7897
1,7899997 B 375,77 4324,3696 16841,21 7880,7983 12051,088 8531,027 S 1198,3198 20206,541 5934,0796 11194,261 7343,47 1681,7897
1,7899997 B 375,77 4324,3696 16841,21 7880,7983 12051,088 8531,027 S 1198,3198 20206,541 5934,0796 11194,261 7343,47 1681,7897
1,7899996 B 375,77 4324,3696 16841,21 7880,7983 12051,088 8531,027 S 1198,3198 20206,541 5934,0796 11194,261 7343,47 1681,7897
1,7900003 B 375,77 4324,3696 16841,21 7880,7983 12051,088 8531,027 S 1198,3198 20206,541 5934,0796 11194,261 7343,47 1681,7897
1,7899997 B 375,77 4324,3696 16841,21 7880,7983 12051,088 8531,027 S 1198,3198 20206,541 5934,0796 11194,261 7343,47 1681,7897
1,7900001 B 375,77 4324,3696 16841,21 7880,7983 12051,088 8531,027 S 1198,3198 20206,541 5934,0796 11194,261 7343,47 1681,7897
1,7900001 B 375,77 4324,3696 16841,21 7880,7983 12051,088 8531,027 S 1198,3198 20206,541 5934,0796 11194,261 7343,47 1681,7897
1,7899998 B 375,77 4324,3696 16841,21 7880,7983 12051,088 8531,027 S 1198,3198 20206,541 5934,0796 11194,261 7343,47 1681,7897
1,7900002 B 375,77 4324,3696 16841,21 7880,7983 12051,088 8531,027 S 1198,3198 20206,541 5934,0796 11194,261 7343,47 1681,7897
1,7900002 B 375,77 4324,3696 16841,21 7880,7983 12051,088 8531,027 S 1198,3198 20206,541 5934,0796 11194,261 7343,47 1681,7897
1,7900003 B 375,77 4324,3696 16841,21 7880,7983 12051,088 8531,027 S 1198,3198 20206,541 5934,0796 11194,261 7343,47 1681,7897
1,7899995 B 375,77 4324,3696 16841,21 7880,7983 12051,088 8531,027 S 1198,3198 20206,541 5934,0796 11194,261 7343,47 1681,7897
1,7899998 B 375,77 4324,3696 16841,21 7880,7983 12051,088 8531,027 S 1198,3198 20206,541 5934,0796 11194,261 7343,47 1681,7897
1,7900002 B 375,77 4324,3696 16841,21 7880,7983 12051,088 8531,027 S 1198,3198 20206,541 5934,0796 11194,261 7343,47 1681,7897
1,7899998 B 375,77 4324,3696 16841,21 7880,7983 12051,088 8531,027 S 1198,3198 20206,541 5934,0796 11194,261 7343,47 1681,7897
1,7899997 B 375,77 4324,3696 16841,21 7880,7983 12051,088 8531,027 S 1198,3198 20206,541 5934,0796 11194,261 7343,47 1681,7897
1,7900002 B 375,77 4324,3696 16841,21 7880,7983 12051,088 8531,027 S 1198,3198 20206,541 5934,0796 11194,261 7343,47 1681,7897
1,7899995 B 375,77 4324,3696 16841,21 7880,7983 12051,088 8531,027 S 1198,3198 20206,541 5934,0796 11194,261 7343,47 1681,7897
1,7900006 B 375,77 4324,3696 16841,21 7880,7983 12051,088 8531,027 S 1198,3198 20206,541 5934,0796 11194,261 7343,47 1681,7897
1,7900001 B 375,77 4324,3696 16841,21 7880,7983 12051,088 8531,027 S 1198,3198 20206,541 5934,0796 11194,261 7343,47 1681,7897
1,7899994 B 375,77 4324,3696 16841,21 7880,7983 12051,088 8531,027 S 1198,3198 20206,541 5934,0796 11194,261 7343,47 1681,7897
1,7900004 B 375,77 4324,3696 16841,21 7880,7983 12051,088 8531,027 S 1198,3198 20206,541 5934,0796 11194,261 7343,47 1681,7897
1,7899998 B 375,77 4324,3696 16841,21 7880,7983 12051,088 8531,027 S 1198,3198 20206,541 5934,0796 11194,261 7343,47 1681,7897
1,7900003 B 375,77 4324,3696 16841,21 7880,7983 12051,088 8531,027 S 1198,3198 20206,541 5934,0796 11194,261 7343,47 1681,7897
1,7899996 B 375,77 4324,3696 16841,21 7880,7983 12051,088 8531,027 S 1198,3198 20206,541 5934,0796 11194,261 7343,47 1681,7897
1,7900001 B 375,77 4324,3696 16841,21 7880,7983 12051,088 8531,027 S 1198,3198 20206,541 5934,0796 11194,261 7343,47 1681,7897
1,7900002 B 375,77 4324,3696 16841,21 7880,7983 12051,088 8531,027 S 1198,3198 20206,541 5934,0796 11194,261 7343,47 1681,7897
1,7899994 B 375,77 4324,3696 16841,21 7880,7983 12051,088 8531,027 S 1198,3198 20206,541 5934,0796 11194,261 7343,47 1681,7897
1,7900001 B 375,77 4324,3696 16841,21 7880,7983 12051,088 8531,027 S 1198,3198 20206,541 5934,0796 11194,261 7343,47 1681,7897
1,7899995 B 375,77 4324,3696 16841,21 7880,7983 12051,088 8531,027 S 1198,3198 20206,541 5934,0796 11194,261 7343,47 1681,7897
1,7899996 B 375,77 4324,3696 16841,21 7880,7983 12051,088 8531,027 S 1198,3198 20206,541 5934,0796 11194,261 7343,47 1681,7897
1,7899998 B 375,77 4324,3696 16841,21 7880,7983 12051,088 8531,027 S 1198,3198 20206,541 5934,0796 11194,261 7343,47 1681,7897
1,7900003 B 375,77 4324,3696 16841,21 7880,7983 12051,088 8531,027 S 1198,3198 20206,541 5934,0796 11194,261 7343,47 1681,7897
1,7899998 B 375,77 4324,3696 16841,21 7880,7983 12051,088 8531,027 S 1198,3198 20206,541 5934,0796 11194,261 7343,47 1681,7897
1,7900002 B 375,77 4324,3696 16841,21 7880,7983 12051,088 8531,027 S 1198,3198 20206,541 5934,0796 11194,261 7343,47 1681,7897
1,7900001 B 375,77 4324,3696 16841,21 7880,7983 12051,088 8531,027 S 1198,3198 20206,541 5934,0796 11194,261 7343,47 1681,7897
1,7899997 B 375,77 4324,3696 16841,21 7880,7983 12051,088 8531,027 S 1198,3198 20206,541 5934,0796 11194,261 7343,47 1681,7897
1,7899997 B 375,77 4324,3696 16841,21 7880,7983 12051,088 8531,027 S 1198,3198 20206,541 5934,0796 11194,261 7343,47 1681,7897
1,7899995 B 375,77 4324,3696 16841,21 7880,7983 12051,088 8531,027 S 1198,3198 20206,541 5934,0796 11194,261 7343,47 1681,7897
1,7899996 B 375,77 4324,3696 16841,21 7880,7983 12051,088 8531,027 S 1198,3198 20206,541 5934,0796 11194,261 7343,47 1681,7897
1,7900002 B 375,77 4324,3696 16841,21 7880,7983 12051,088 8531,027 S 1198,3198 20206,541 5934,0796 11194,261 7343,47 1681,7897
1,7900007 B 375,77 4324,3696 16841,21 7880,7983 12051,088 8531,027 S 1198,3198 20206,541 5934,0796 11194,261 7343,47 1681,7897
1,7899997 B 375,77 4324,3696 16841,21 7880,7983 12051,088 8531,027 S 1198,3198 20206,541 5934,0796 11194,261 7343,47 1681,7897
1,7899997 B 375,77 4324,3696 16841,21 7880,7983 12051,088 8531,027 S 1198,3198 20206,541 5934,0796 11194,261 7343,47 1681,7897
1,7899996 B 375,77 4324,3696 16841,21 7880,7983 12051,088 8531,027 S 1198,3198 20206,541 5934,0796 11194,261 7343,47 1681,7897
1,7899992 B 375,77 4324,3696 16841,21 7880,7983 12051,088 8531,027 S 1198,3198 20206,541 5934,0796 11194,261 7343,47 1681,7897
1,7899997 B 375,77 4324,3696 16841,21 7880,7983 12051,088 8531,027 S 1198,3198 20206,541 5934,0796 11194,261 7343,47 1681,7897
1,7900004 B 375,77 4324,3696 16841,21 7880,7983 12051,088 8531,027 S 1198,3198 20206,541 5934,0796 11194,261 7343,47 1681,7897
1,7900003 B 375,77 4324,3696 16841,21 7880,7983 12051,088 8531,027 S 1198,3198 20206,541 5934,0796 11194,261 7343,47 1681,7897
